oPlatRail,864,560,002A8CEF,0,1,1,4294967295,0,1
oPlatRail,992,560,002F1531,0,1,1,4294967295,0,1
oPlatRail,992,704,00337549,0,1,1,4294967295,0,1
oPlatRail,864,704,001D70D9,0,1,1,4294967295,0,1
oPlatRail,992,144,0011E8BB,0,1,1,4294967295,0,1
oPlatRail,288,144,000243E3,0,1,1,4294967295,0,1
oPlatRail,288,304,0011A06E,0,1,1,4294967295,0,1
oPlatRail,288,464,003C3AF8,0,1,1,4294967295,0,1
oPlatRail,432,224,00326501,0,1,1,4294967295,0,1
oPlatRail,432,384,0039FFCE,0,1,1,4294967295,0,1
oPlatRail,432,544,00101F4C,0,1,1,4294967295,0,1
oPlatRail,576,624,002ED971,0,1,1,4294967295,0,1
oPlatRail,432,304,00334E57,0,1,1,4294967295,0,1
oPlatRail,432,464,00338D05,0,1,1,4294967295,0,1
oPlatRail,288,224,002A88C2,0,1,1,4294967295,0,1
oPlatRail,288,384,000C1CAA,0,1,1,4294967295,0,1
oPlatRail,288,544,0030AAF9,0,1,1,4294967295,0,1
oPlatRail,128,624,0007C410,0,1,1,4294967295,0,1
oPlatRail,128,128,0028C42E,0,1,1,4294967295,0,1
oPlatRail,432,624,003F2AA8,0,1,1,4294967295,0,1
oPlatRail,576,752,001AD239,0,1,1,4294967295,0,1
oExit,1240,800,000E57F7,0,1,1,4294967295,0,1
oSignPost,656,224,0021F3D4,0,1,1,4294967295,0,1
oSwitchRailRotate,1160,88,000F1360,0,1,1,4294967295,0,1
oSwitchRailRotate,592,288,003C31C1,0,1,1,4294967295,0,1
oPlatformRailA,1000,632,003806BC,0,1,1,4294967295,0,1
oMoneyChest,48,176,0033483F,0,1,1,4294967295,0,1
oMM_Spike,752,80,0022DD3F,0,1,1,4294967295,0,1
oMM_Spike,496,384,0019257A,0,1,1,4294967295,0,1
oMM_Spike,560,384,00138B17,0,1,1,4294967295,0,1
oMM_Spike,624,384,0037879F,0,1,1,4294967295,0,1
oMM_Spike,688,384,002E76F0,0,1,1,4294967295,0,1
oMM_Spike,32,272,002FB82D,0,1,1,4294967295,0,1
oMM_Spike,928,304,002320D9,0,1,1,4294967295,0,1
oMM_Spike,912,320,00313BD7,0,1,1,4294967295,0,1
oMM_Spike,912,400,001C310D,0,1,1,4294967295,0,1
oMM_Spike,928,416,0035B6CE,0,1,1,4294967295,0,1
oPlayer1,1216,832,0001706D,0,1,1,4294967295,0,0
oInvCollPH,1328,720,00182CBE,0,1,1,4294967295,0,0
oInvCollPH,1328,736,0023B93F,0,1,1,4294967295,0,0
oInvCollPH,1328,752,00147E77,0,1,1,4294967295,0,0
oInvCollPH,1328,768,003058F6,0,1,1,4294967295,0,0
oInvCollPH,1328,784,002EE28B,0,1,1,4294967295,0,0
oInvCollPH,1328,800,0021AA1B,0,1,1,4294967295,0,0
oInvCollPH,1328,816,0023F77E,0,1,1,4294967295,0,0
oInvCollPH,1072,832,003BA452,0,1,1,4294967295,0,0
oInvCollPH,1088,832,0013C5B9,0,1,1,4294967295,0,0
oInvCollPH,1104,832,0006E969,0,1,1,4294967295,0,0
oInvCollPH,1120,832,003AC0D6,0,1,1,4294967295,0,0
oInvCollPH,1136,832,0034904C,0,1,1,4294967295,0,0
oInvCollPH,1152,832,001E148E,0,1,1,4294967295,0,0
oInvCollPH,1168,832,00042AF9,0,1,1,4294967295,0,0
oInvCollPH,1184,832,002F129E,0,1,1,4294967295,0,0
oInvCollPH,1200,832,00209188,0,1,1,4294967295,0,0
oInvCollPH,1216,832,003B4756,0,1,1,4294967295,0,0
oInvCollPH,1232,832,0030F6C1,0,1,1,4294967295,0,0
oInvCollPH,1248,832,000F19C1,0,1,1,4294967295,0,0
oInvCollPH,1264,832,0023EB99,0,1,1,4294967295,0,0
oInvCollPH,1280,832,0007AF3C,0,1,1,4294967295,0,0
oInvCollPH,1296,832,0028FE0B,0,1,1,4294967295,0,0
oInvCollPH,1312,832,0005DD45,0,1,1,4294967295,0,0
oInvCollPH,1120,560,00180404,0,1,1,4294967295,0,0
oInvCollPH,1104,560,0027A266,0,1,1,4294967295,0,0
oInvCollPH,1088,560,00016ED0,0,1,1,4294967295,0,0
oInvCollPH,1072,560,001BC24E,0,1,1,4294967295,0,0
oInvCollPH,1200,560,00317C60,0,1,1,4294967295,0,0
oInvCollPH,1184,560,0005886C,0,1,1,4294967295,0,0
oInvCollPH,1168,560,003B5D30,0,1,1,4294967295,0,0
oInvCollPH,1152,560,001142DC,0,1,1,4294967295,0,0
oInvCollPH,1136,560,001A953D,0,1,1,4294967295,0,0
oInvCollPH,1296,560,00296600,0,1,1,4294967295,0,0
oInvCollPH,1280,560,0026A1B1,0,1,1,4294967295,0,0
oInvCollPH,1264,560,0002FBBD,0,1,1,4294967295,0,0
oInvCollPH,1248,560,00010E24,0,1,1,4294967295,0,0
oInvCollPH,1232,560,0001E399,0,1,1,4294967295,0,0
oInvCollPH,1216,560,0019CDAA,0,1,1,4294967295,0,0
oInvCollPH,1056,576,0020C241,0,1,1,4294967295,0,0
oInvCollPH,1056,592,0006886A,0,1,1,4294967295,0,0
oInvCollPH,1056,608,0027E2D5,0,1,1,4294967295,0,0
oInvCollPH,1056,624,00321142,0,1,1,4294967295,0,0
oInvCollPH,1056,640,001F7CAF,0,1,1,4294967295,0,0
oInvCollPH,1056,656,0018ADBD,0,1,1,4294967295,0,0
oInvCollPH,1056,672,00219E97,0,1,1,4294967295,0,0
oInvCollPH,1056,688,002B29C5,0,1,1,4294967295,0,0
oInvCollPH,1072,688,001EA93C,0,1,1,4294967295,0,0
oInvCollPH,1088,688,0003E80A,0,1,1,4294967295,0,0
oInvCollPH,1104,688,000DB643,0,1,1,4294967295,0,0
oInvCollPH,1120,688,002A2ECB,0,1,1,4294967295,0,0
oInvCollPH,1136,688,00053F23,0,1,1,4294967295,0,0
oInvCollPH,1152,688,0024198C,0,1,1,4294967295,0,0
oInvCollPH,1168,688,001E58A1,0,1,1,4294967295,0,0
oInvCollPH,1184,688,0023A18C,0,1,1,4294967295,0,0
oInvCollPH,1200,688,0030182A,0,1,1,4294967295,0,0
oInvCollPH,1216,688,002379AA,0,1,1,4294967295,0,0
oInvCollPH,1232,688,0026125F,0,1,1,4294967295,0,0
oInvCollPH,1248,688,001A3DF2,0,1,1,4294967295,0,0
oInvCollPH,1264,688,0015229C,0,1,1,4294967295,0,0
oInvCollPH,1280,688,000F5CA6,0,1,1,4294967295,0,0
oInvCollPH,1296,688,00062827,0,1,1,4294967295,0,0
oInvCollPH,1312,688,0000333E,0,1,1,4294967295,0,0
oInvCollPH,1168,496,00183326,0,1,1,4294967295,0,0
oInvCollPH,1248,432,0011C810,0,1,1,4294967295,0,0
oInvCollPH,1088,432,001C802E,0,1,1,4294967295,0,0
oInvCollPH,1168,368,0016B9A8,0,1,1,4294967295,0,0
oInvCollPH,1088,304,0011367D,0,1,1,4294967295,0,0
oInvCollPH,1168,240,003461AC,0,1,1,4294967295,0,0
oInvCollPH,1248,304,001E5A28,0,1,1,4294967295,0,0
oInvCollPH,1136,48,00353F3B,0,1,1,4294967295,0,0
oInvCollPH,1152,48,002105BB,0,1,1,4294967295,0,0
oInvCollPH,1168,48,001FAA39,0,1,1,4294967295,0,0
oInvCollPH,1184,48,002307B4,0,1,1,4294967295,0,0
oInvCollPH,1072,48,0035AB98,0,1,1,4294967295,0,0
oInvCollPH,1072,64,001AEDDF,0,1,1,4294967295,0,0
oInvCollPH,1072,80,002982DE,0,1,1,4294967295,0,0
oInvCollPH,1072,96,000F18BB,0,1,1,4294967295,0,0
oInvCollPH,1072,112,001C5B9C,0,1,1,4294967295,0,0
oInvCollPH,1072,128,003A42D5,0,1,1,4294967295,0,0
oInvCollPH,1088,128,003AAE7F,0,1,1,4294967295,0,0
oInvCollPH,1104,128,00204227,0,1,1,4294967295,0,0
oInvCollPH,1120,128,000FC736,0,1,1,4294967295,0,0
oInvCollPH,1120,112,00131D1E,0,1,1,4294967295,0,0
oInvCollPH,1120,96,000B0409,0,1,1,4294967295,0,0
oInvCollPH,1120,80,00260F0A,0,1,1,4294967295,0,0
oInvCollPH,1120,64,0005A093,0,1,1,4294967295,0,0
oInvCollPH,1296,128,001E27E7,0,1,1,4294967295,0,0
oInvCollPH,1280,128,003801CE,0,1,1,4294967295,0,0
oInvCollPH,1264,128,001E1046,0,1,1,4294967295,0,0
oInvCollPH,1248,128,000CDC45,0,1,1,4294967295,0,0
oInvCollPH,1232,128,003EC2B3,0,1,1,4294967295,0,0
oInvCollPH,1216,128,001FAC55,0,1,1,4294967295,0,0
oInvCollPH,1200,128,003440C1,0,1,1,4294967295,0,0
oInvCollPH,1200,112,000B2A26,0,1,1,4294967295,0,0
oInvCollPH,1200,96,00227120,0,1,1,4294967295,0,0
oInvCollPH,1200,80,0025CBD8,0,1,1,4294967295,0,0
oInvCollPH,1200,64,003730AB,0,1,1,4294967295,0,0
oInvCollPH,1312,288,0039973E,0,1,1,4294967295,0,0
oInvCollPH,1312,272,003C1141,0,1,1,4294967295,0,0
oInvCollPH,1312,256,003281AD,0,1,1,4294967295,0,0
oInvCollPH,1312,240,002580D8,0,1,1,4294967295,0,0
oInvCollPH,1312,224,003185CC,0,1,1,4294967295,0,0
oInvCollPH,1312,208,001A0546,0,1,1,4294967295,0,0
oInvCollPH,1312,192,00374E29,0,1,1,4294967295,0,0
oInvCollPH,1312,176,002F797B,0,1,1,4294967295,0,0
oInvCollPH,1312,160,0039D79E,0,1,1,4294967295,0,0
oInvCollPH,1312,448,002C4C94,0,1,1,4294967295,0,0
oInvCollPH,1312,432,00014D91,0,1,1,4294967295,0,0
oInvCollPH,1312,416,000F54FB,0,1,1,4294967295,0,0
oInvCollPH,1312,400,0026188B,0,1,1,4294967295,0,0
oInvCollPH,1312,384,000B4224,0,1,1,4294967295,0,0
oInvCollPH,1312,368,0038C5D6,0,1,1,4294967295,0,0
oInvCollPH,1312,352,00157FAE,0,1,1,4294967295,0,0
oInvCollPH,1312,336,0003D469,0,1,1,4294967295,0,0
oInvCollPH,1312,320,0036B7F2,0,1,1,4294967295,0,0
oInvCollPH,1312,304,00401F56,0,1,1,4294967295,0,0
oInvCollPH,1312,464,002D71F4,0,1,1,4294967295,0,0
oInvCollPH,1312,480,0025A533,0,1,1,4294967295,0,0
oInvCollPH,1312,496,0006133E,0,1,1,4294967295,0,0
oInvCollPH,1312,512,0030B8C0,0,1,1,4294967295,0,0
oInvCollPH,1312,528,00284F7A,0,1,1,4294967295,0,0
oInvCollPH,1312,544,003119B5,0,1,1,4294967295,0,0
oInvCollSM,544,224,003412A3,0,1,1,4294967295,0,0
oInvCollSM,560,224,0009141E,0,1,1,4294967295,0,0
oInvCollSM,624,224,003F3672,0,1,1,4294967295,0,0
oInvCollSM,640,224,003415E9,0,1,1,4294967295,0,0
oInvCollSM,656,224,002CA363,0,1,1,4294967295,0,0
oInvCollSM,672,224,001D877F,0,1,1,4294967295,0,0
oInvCollSM,592,256,000F1C77,0,1,1,4294967295,0,0
oInvCollSM,608,256,00112945,0,1,1,4294967295,0,0
oInvCollSM,624,256,001C1461,0,1,1,4294967295,0,0
oInvCollSM,640,256,0033C12E,0,1,1,4294967295,0,0
oInvCollSM,656,256,0035296D,0,1,1,4294967295,0,0
oInvCollPH,512,240,0000E9FF,0,1,1,4294967295,0,0
oInvCollPH,528,256,001E2413,0,1,1,4294967295,0,0
oInvCollPH,544,256,000F3748,0,1,1,4294967295,0,0
oInvCollPH,560,272,00135947,0,1,1,4294967295,0,0
oInvCollPH,560,288,00312415,0,1,1,4294967295,0,0
oInvCollPH,560,304,0007CB15,0,1,1,4294967295,0,0
oInvCollPH,688,240,004031AA,0,1,1,4294967295,0,0
oInvCollPH,688,256,0025C52C,0,1,1,4294967295,0,0
oInvCollPH,688,272,001D89B5,0,1,1,4294967295,0,0
oInvCollPH,656,288,001312C7,0,1,1,4294967295,0,0
oInvCollPH,672,288,0014F15C,0,1,1,4294967295,0,0
oInvCollPH,688,288,000DB3C7,0,1,1,4294967295,0,0
oInvCollPH,576,320,000F9A63,0,1,1,4294967295,0,0
oInvCollPH,592,320,00284DA0,0,1,1,4294967295,0,0
oInvCollPH,608,320,001A1E0A,0,1,1,4294967295,0,0
oInvCollPH,624,320,003BB0DB,0,1,1,4294967295,0,0
oInvCollPH,640,320,001E43F6,0,1,1,4294967295,0,0
oInvCollPH,512,416,000625D6,0,1,1,4294967295,0,0
oInvCollPH,528,416,0015B8F3,0,1,1,4294967295,0,0
oInvCollPH,544,416,000910F4,0,1,1,4294967295,0,0
oInvCollPH,560,416,001786A6,0,1,1,4294967295,0,0
oInvCollPH,576,416,0002D242,0,1,1,4294967295,0,0
oInvCollPH,592,416,003EF92B,0,1,1,4294967295,0,0
oInvCollPH,608,416,0022E088,0,1,1,4294967295,0,0
oInvCollPH,624,416,0032C9AD,0,1,1,4294967295,0,0
oInvCollPH,640,416,00209BF4,0,1,1,4294967295,0,0
oInvCollPH,656,416,00143AAA,0,1,1,4294967295,0,0
oInvCollPH,672,416,00351CAF,0,1,1,4294967295,0,0
oInvCollPH,688,416,00363E89,0,1,1,4294967295,0,0
oInvCollPH,704,416,003AEFF5,0,1,1,4294967295,0,0
oInvCollPH,720,416,0038ECD5,0,1,1,4294967295,0,0
oInvCollPH,736,416,00193402,0,1,1,4294967295,0,0
oInvCollPH,496,432,002DDE9D,0,1,1,4294967295,0,0
oInvCollPH,512,432,0038EAA5,0,1,1,4294967295,0,0
oInvCollPH,528,432,003AB4D2,0,1,1,4294967295,0,0
oInvCollPH,544,432,00388F7A,0,1,1,4294967295,0,0
oInvCollPH,752,64,00017C07,0,1,1,4294967295,0,0
oInvCollPH,768,64,001A08E5,0,1,1,4294967295,0,0
oInvCollPH,784,64,00251D56,0,1,1,4294967295,0,0
oInvCollPH,800,64,0000263B,0,1,1,4294967295,0,0
oInvCollPH,800,48,001D2CB8,0,1,1,4294967295,0,0
oInvCollPH,48,176,000CB676,0,1,1,4294967295,0,0
oInvCollPH,64,176,003719D4,0,1,1,4294967295,0,0
oInvCollPH,64,192,0029B964,0,1,1,4294967295,0,0
oInvCollPH,64,208,0013CF49,0,1,1,4294967295,0,0
oInvCollPH,64,224,001EE505,0,1,1,4294967295,0,0
oInvCollPH,64,240,00382C9C,0,1,1,4294967295,0,0
oInvCollPH,64,256,001E7B9F,0,1,1,4294967295,0,0
oInvCollPH,48,256,0032BDE9,0,1,1,4294967295,0,0
oInvCollPH,32,256,0039FB5B,0,1,1,4294967295,0,0
oInvCollPH,864,768,0024EC3E,0,1,1,4294967295,0,0
oInvCollPH,880,768,000CBE47,0,1,1,4294967295,0,0
oInvCollPH,896,768,00338399,0,1,1,4294967295,0,0
oInvCollPH,912,768,00262889,0,1,1,4294967295,0,0
oInvCollPH,928,768,001E3DEA,0,1,1,4294967295,0,0
oInvCollPH,768,176,0036AB74,0,1,1,4294967295,0,0
oInvCollPH,784,176,00043AF1,0,1,1,4294967295,0,0
oInvCollPH,800,176,0029BCD5,0,1,1,4294967295,0,0
oInvCollPH,752,192,000061BF,0,1,1,4294967295,0,0
oInvCollPH,752,208,0030B07F,0,1,1,4294967295,0,0
oInvCollPH,752,224,001E3CC0,0,1,1,4294967295,0,0
oInvCollPH,752,240,00287698,0,1,1,4294967295,0,0
oInvCollPH,752,256,002F3DC9,0,1,1,4294967295,0,0
oInvCollPH,752,272,0030665E,0,1,1,4294967295,0,0
oInvCollPH,752,288,0010186C,0,1,1,4294967295,0,0
oInvCollPH,752,304,0032D9D5,0,1,1,4294967295,0,0
oInvCollPH,752,320,00062E5E,0,1,1,4294967295,0,0
oInvCollPH,752,336,0023684B,0,1,1,4294967295,0,0
oInvCollPH,752,352,0014FAB1,0,1,1,4294967295,0,0
oInvCollPH,752,368,000FA85C,0,1,1,4294967295,0,0
oInvCollPH,752,384,003B22A8,0,1,1,4294967295,0,0
oInvCollPH,752,400,001E0E47,0,1,1,4294967295,0,0
oInvCollPH,800,192,0036F14E,0,1,1,4294967295,0,0
oInvCollPH,800,208,0018FF62,0,1,1,4294967295,0,0
oInvCollPH,800,224,0004310B,0,1,1,4294967295,0,0
oInvCollPH,800,240,00330F0E,0,1,1,4294967295,0,0
oInvCollPH,800,256,00019FDB,0,1,1,4294967295,0,0
oInvCollPH,800,272,0026587F,0,1,1,4294967295,0,0
oInvCollPH,800,288,000EF90B,0,1,1,4294967295,0,0
oInvCollPH,800,304,00036214,0,1,1,4294967295,0,0
oInvCollPH,800,320,0011D865,0,1,1,4294967295,0,0
oInvCollPH,800,336,003E9736,0,1,1,4294967295,0,0
oInvCollPH,800,352,00104E07,0,1,1,4294967295,0,0
oInvCollPH,800,368,0027C1AC,0,1,1,4294967295,0,0
oInvCollPH,800,384,00170D13,0,1,1,4294967295,0,0
oInvCollPH,800,400,0015CEC3,0,1,1,4294967295,0,0
oInvCollPH,800,416,001966B2,0,1,1,4294967295,0,0
oInvCollPH,800,432,001CD8ED,0,1,1,4294967295,0,0
oInvCollPH,800,448,00395A6A,0,1,1,4294967295,0,0
oInvCollPH,800,464,0030EE5D,0,1,1,4294967295,0,0
oInvCollPH,800,480,001F59B5,0,1,1,4294967295,0,0
oInvCollPH,800,496,003982D3,0,1,1,4294967295,0,0
oInvCollPH,800,512,0018B3E8,0,1,1,4294967295,0,0
oInvCollPH,800,528,00112DA7,0,1,1,4294967295,0,0
oInvCollPH,800,544,003AB798,0,1,1,4294967295,0,0
oInvCollPH,800,560,0035C4C9,0,1,1,4294967295,0,0
oInvCollPH,800,576,0035913E,0,1,1,4294967295,0,0
oInvCollPH,800,592,0025BEBB,0,1,1,4294967295,0,0
oInvCollPH,800,608,0030A930,0,1,1,4294967295,0,0
oInvCollPH,32,688,0028181C,0,1,1,4294967295,0,0
oInvCollPH,48,688,0017C9A4,0,1,1,4294967295,0,0
oInvCollPH,64,688,0002670B,0,1,1,4294967295,0,0
oInvCollPH,80,688,002AAF87,0,1,1,4294967295,0,0
oInvCollPH,96,688,0023BC13,0,1,1,4294967295,0,0
oInvCollPH,112,688,00265D05,0,1,1,4294967295,0,0
oInvCollPH,128,688,003A37D3,0,1,1,4294967295,0,0
oInvCollPH,144,688,000D29E2,0,1,1,4294967295,0,0
oInvCollPH,160,688,00390544,0,1,1,4294967295,0,0
oInvCollPH,176,688,003CE36C,0,1,1,4294967295,0,0
oInvCollPH,192,688,0032B9B8,0,1,1,4294967295,0,0
oInvCollPH,208,688,0025E3F0,0,1,1,4294967295,0,0
oInvCollPH,224,688,001D0AA3,0,1,1,4294967295,0,0
oInvCollPH,240,688,00369B74,0,1,1,4294967295,0,0
oInvCollPH,256,688,001BAE52,0,1,1,4294967295,0,0
oInvCollPH,272,688,00172A94,0,1,1,4294967295,0,0
oInvCollPH,288,688,002C4CB1,0,1,1,4294967295,0,0
oInvCollPH,304,688,0031F01C,0,1,1,4294967295,0,0
oInvCollPH,320,688,003A390E,0,1,1,4294967295,0,0
oInvCollPH,336,688,0026FC64,0,1,1,4294967295,0,0
oInvCollPH,352,688,002AC3D3,0,1,1,4294967295,0,0
oInvCollPH,368,688,0016B5E6,0,1,1,4294967295,0,0
oInvCollPH,384,688,0006CC14,0,1,1,4294967295,0,0
oInvCollPH,400,688,002C8E3B,0,1,1,4294967295,0,0
oInvCollPH,416,688,0028552E,0,1,1,4294967295,0,0
oInvCollPH,432,688,0024B392,0,1,1,4294967295,0,0
oInvCollPH,448,688,0022AA24,0,1,1,4294967295,0,0
oInvCollPH,464,688,0015CB38,0,1,1,4294967295,0,0
oInvCollPH,480,688,0039E4C1,0,1,1,4294967295,0,0
oInvCollPH,496,688,0028905D,0,1,1,4294967295,0,0
oInvCollPH,512,688,002C3DFA,0,1,1,4294967295,0,0
oInvCollPH,512,704,00199641,0,1,1,4294967295,0,0
oInvCollPH,512,720,003A91E6,0,1,1,4294967295,0,0
oInvCollPH,192,192,0010BB8D,0,1,1,4294967295,0,0
oInvCollPH,192,176,003DF9AD,0,1,1,4294967295,0,0
oInvCollPH,192,160,002EA160,0,1,1,4294967295,0,0
oInvCollPH,192,144,001007C1,0,1,1,4294967295,0,0
oInvCollPH,192,128,000F93FC,0,1,1,4294967295,0,0
oInvCollPH,192,112,002907C9,0,1,1,4294967295,0,0
oInvCollPH,192,96,00103788,0,1,1,4294967295,0,0
oInvCollPH,192,80,00241A38,0,1,1,4294967295,0,0
oInvCollPH,192,64,00122822,0,1,1,4294967295,0,0
oInvCollPH,192,352,002C015E,0,1,1,4294967295,0,0
oInvCollPH,192,336,003E6D88,0,1,1,4294967295,0,0
oInvCollPH,192,320,000B0E3D,0,1,1,4294967295,0,0
oInvCollPH,192,304,000D2A24,0,1,1,4294967295,0,0
oInvCollPH,192,288,002DB7F4,0,1,1,4294967295,0,0
oInvCollPH,192,272,000CB772,0,1,1,4294967295,0,0
oInvCollPH,192,256,003BE35D,0,1,1,4294967295,0,0
oInvCollPH,192,240,003EC498,0,1,1,4294967295,0,0
oInvCollPH,192,224,0011AD58,0,1,1,4294967295,0,0
oInvCollPH,192,208,003F9481,0,1,1,4294967295,0,0
oInvCollPH,192,368,000A60F1,0,1,1,4294967295,0,0
oInvCollPH,192,384,003079EA,0,1,1,4294967295,0,0
oInvCollPH,192,400,000EE709,0,1,1,4294967295,0,0
oInvCollPH,192,416,002F8F00,0,1,1,4294967295,0,0
oInvCollPH,192,432,0037CF87,0,1,1,4294967295,0,0
oInvCollPH,192,448,002A04DB,0,1,1,4294967295,0,0
oInvCollPH,192,464,00240A0D,0,1,1,4294967295,0,0
oInvCollPH,192,480,00239E93,0,1,1,4294967295,0,0
oInvCollPH,192,496,00378200,0,1,1,4294967295,0,0
oInvCollPH,192,512,00279C00,0,1,1,4294967295,0,0
oInvCollPH,192,528,0008A7A7,0,1,1,4294967295,0,0
oInvCollPH,192,544,0018D62E,0,1,1,4294967295,0,0
oInvCollPH,32,32,002764CC,0,1,1,4294967295,0,0
oInvCollPH,48,32,000BE1F8,0,1,1,4294967295,0,0
oInvCollPH,64,32,001FFB5D,0,1,1,4294967295,0,0
oInvCollPH,80,32,00364DB2,0,1,1,4294967295,0,0
oInvCollPH,96,32,0016C25D,0,1,1,4294967295,0,0
oInvCollPH,112,32,001243FA,0,1,1,4294967295,0,0
oInvCollPH,128,32,002CD39C,0,1,1,4294967295,0,0
oInvCollPH,144,32,00030786,0,1,1,4294967295,0,0
oInvCollPH,160,32,00345988,0,1,1,4294967295,0,0
oInvCollPH,176,32,003FC91E,0,1,1,4294967295,0,0
oInvCollPH,208,32,00058565,0,1,1,4294967295,0,0
oInvCollPH,224,32,0013A6D5,0,1,1,4294967295,0,0
oInvCollPH,240,32,0004AF99,0,1,1,4294967295,0,0
oInvCollPH,256,32,0002A5DC,0,1,1,4294967295,0,0
oInvCollPH,272,32,00309609,0,1,1,4294967295,0,0
oInvCollPH,288,32,00000FFD,0,1,1,4294967295,0,0
oInvCollPH,304,32,00177B2B,0,1,1,4294967295,0,0
oInvCollPH,320,32,0001D007,0,1,1,4294967295,0,0
oInvCollPH,336,32,0022901D,0,1,1,4294967295,0,0
oInvCollPH,352,32,00103DC9,0,1,1,4294967295,0,0
oInvCollPH,368,32,00387291,0,1,1,4294967295,0,0
oInvCollPH,384,32,0024EBA1,0,1,1,4294967295,0,0
oInvCollPH,400,32,002EC87A,0,1,1,4294967295,0,0
oInvCollPH,416,32,000FF996,0,1,1,4294967295,0,0
oInvCollPH,432,32,00354BA7,0,1,1,4294967295,0,0
oInvCollPH,448,32,003AB378,0,1,1,4294967295,0,0
oInvCollPH,464,32,003E5A53,0,1,1,4294967295,0,0
oInvCollPH,480,32,0015D031,0,1,1,4294967295,0,0
oInvCollPH,496,32,0018704D,0,1,1,4294967295,0,0
oInvCollPH,512,32,00296E2B,0,1,1,4294967295,0,0
oInvCollPH,528,32,003DDC8E,0,1,1,4294967295,0,0
oInvCollPH,544,32,0010B952,0,1,1,4294967295,0,0
oInvCollPH,560,32,000BA0A7,0,1,1,4294967295,0,0
oInvCollPH,576,32,0028FDEB,0,1,1,4294967295,0,0
oInvCollPH,592,32,003A8D4A,0,1,1,4294967295,0,0
oInvCollPH,608,32,0005932E,0,1,1,4294967295,0,0
oInvCollPH,624,32,0025CE2D,0,1,1,4294967295,0,0
oInvCollPH,640,32,00147D00,0,1,1,4294967295,0,0
oInvCollPH,656,32,0039FFEA,0,1,1,4294967295,0,0
oInvCollPH,672,32,003290FB,0,1,1,4294967295,0,0
oInvCollPH,688,32,003744E0,0,1,1,4294967295,0,0
oInvCollPH,704,32,00350EFC,0,1,1,4294967295,0,0
oInvCollPH,720,32,0027B38B,0,1,1,4294967295,0,0
oInvCollPH,736,32,001E857B,0,1,1,4294967295,0,0
oInvCollPH,816,32,0037D926,0,1,1,4294967295,0,0
oInvCollPH,832,32,00312F98,0,1,1,4294967295,0,0
oInvCollPH,848,32,0003C215,0,1,1,4294967295,0,0
oInvCollPH,864,32,002F0EF8,0,1,1,4294967295,0,0
oInvCollPH,880,32,0008A55C,0,1,1,4294967295,0,0
oInvCollPH,896,32,0023F92D,0,1,1,4294967295,0,0
oInvCollPH,912,32,000D5A9B,0,1,1,4294967295,0,0
oInvCollPH,928,32,000E0896,0,1,1,4294967295,0,0
oInvCollPH,944,32,00274039,0,1,1,4294967295,0,0
oInvCollPH,960,32,00333C48,0,1,1,4294967295,0,0
oInvCollPH,976,32,0005C0C3,0,1,1,4294967295,0,0
oInvCollPH,992,32,00322EF0,0,1,1,4294967295,0,0
oInvCollPH,1008,32,00319C7C,0,1,1,4294967295,0,0
oInvCollPH,1024,32,0026B698,0,1,1,4294967295,0,0
oInvCollPH,1040,32,00183666,0,1,1,4294967295,0,0
oInvCollPH,1056,32,00365F37,0,1,1,4294967295,0,0
oInvCollPH,16,48,00374CAA,0,1,1,4294967295,0,0
oInvCollPH,16,64,003C5EE8,0,1,1,4294967295,0,0
oInvCollPH,16,80,000498F6,0,1,1,4294967295,0,0
oInvCollPH,16,96,000C6425,0,1,1,4294967295,0,0
oInvCollPH,16,112,001219AB,0,1,1,4294967295,0,0
oInvCollPH,16,128,00164BAD,0,1,1,4294967295,0,0
oInvCollPH,16,144,0004862C,0,1,1,4294967295,0,0
oInvCollPH,16,160,0018725B,0,1,1,4294967295,0,0
oInvCollPH,16,272,000B1D31,0,1,1,4294967295,0,0
oInvCollPH,16,288,0020A534,0,1,1,4294967295,0,0
oInvCollPH,16,304,0037B1E6,0,1,1,4294967295,0,0
oInvCollPH,16,320,0036E336,0,1,1,4294967295,0,0
oInvCollPH,16,336,001F9ABA,0,1,1,4294967295,0,0
oInvCollPH,16,352,002208E4,0,1,1,4294967295,0,0
oInvCollPH,16,368,003C980A,0,1,1,4294967295,0,0
oInvCollPH,16,384,0011DD4E,0,1,1,4294967295,0,0
oInvCollPH,16,400,0012ED6F,0,1,1,4294967295,0,0
oInvCollPH,16,416,0012FBF4,0,1,1,4294967295,0,0
oInvCollPH,16,432,000E85F3,0,1,1,4294967295,0,0
oInvCollPH,16,448,001C054E,0,1,1,4294967295,0,0
oInvCollPH,16,464,002D0D95,0,1,1,4294967295,0,0
oInvCollPH,16,480,00358383,0,1,1,4294967295,0,0
oInvCollPH,16,496,000A7499,0,1,1,4294967295,0,0
oInvCollPH,16,512,001041D1,0,1,1,4294967295,0,0
oInvCollPH,16,528,002342E1,0,1,1,4294967295,0,0
oInvCollPH,16,544,002F11F1,0,1,1,4294967295,0,0
oInvCollPH,16,560,0036686E,0,1,1,4294967295,0,0
oInvCollPH,16,576,003F6626,0,1,1,4294967295,0,0
oInvCollPH,16,592,002F577C,0,1,1,4294967295,0,0
oInvCollPH,16,608,00012C38,0,1,1,4294967295,0,0
oInvCollPH,16,624,002DE33A,0,1,1,4294967295,0,0
oInvCollPH,16,640,0002ACD4,0,1,1,4294967295,0,0
oInvCollPH,16,656,00106195,0,1,1,4294967295,0,0
oInvCollPH,16,672,0027560D,0,1,1,4294967295,0,0
oInvCollPH,560,464,0000C185,0,1,1,4294967295,0,0
oInvCollPH,576,464,002721F6,0,1,1,4294967295,0,0
oInvCollPH,592,496,0038CFC7,0,1,1,4294967295,0,0
oInvCollPH,608,496,001D7D34,0,1,1,4294967295,0,0
oInvCollPH,624,528,001572B1,0,1,1,4294967295,0,0
oInvCollPH,640,528,003E0B19,0,1,1,4294967295,0,0
oInvCollPH,656,560,003C532C,0,1,1,4294967295,0,0
oInvCollPH,672,560,003279BA,0,1,1,4294967295,0,0
oInvCollPH,688,592,002BFC16,0,1,1,4294967295,0,0
oInvCollPH,704,592,0024A16F,0,1,1,4294967295,0,0
oInvCollPH,912,368,0021A99F,0,1,1,4294967295,0,0
oInvCollPH,912,384,00028B2A,0,1,1,4294967295,0,0
oInvCollPH,928,352,000C350B,0,1,1,4294967295,0,0
oInvCollPH,928,368,000EE8CD,0,1,1,4294967295,0,0
oInvCollPH,928,384,0014C13C,0,1,1,4294967295,0,0
oInvCollPH,928,400,002507E7,0,1,1,4294967295,0,0
oInvCollPH,480,352,0003C430,0,1,1,4294967295,0,0
oInvCollSM,16,736,003B52FB,0,1,1,4294967295,0,0
oInvCollSM,32,736,002695A3,0,1,1,4294967295,0,0
oInvCollSM,48,736,00202F94,0,1,1,4294967295,0,0
oInvCollSM,64,736,00328C56,0,1,1,4294967295,0,0
oInvCollSM,80,736,001C2848,0,1,1,4294967295,0,0
oInvCollSM,96,736,003314C2,0,1,1,4294967295,0,0
oInvCollSM,112,736,0000424B,0,1,1,4294967295,0,0
oInvCollSM,128,736,0006D2FC,0,1,1,4294967295,0,0
oInvCollSM,144,736,00311879,0,1,1,4294967295,0,0
oInvCollSM,160,736,0018F6D0,0,1,1,4294967295,0,0
oInvCollSM,176,736,001D1D4D,0,1,1,4294967295,0,0
oInvCollSM,192,736,0001DE34,0,1,1,4294967295,0,0
oInvCollSM,208,736,0009C564,0,1,1,4294967295,0,0
oInvCollSM,224,736,0006E7C8,0,1,1,4294967295,0,0
oInvCollSM,240,736,0005C000,0,1,1,4294967295,0,0
oInvCollSM,256,736,0028CDA5,0,1,1,4294967295,0,0
oInvCollSM,272,736,0009CF73,0,1,1,4294967295,0,0
oInvCollSM,288,736,0035842A,0,1,1,4294967295,0,0
oInvCollSM,304,736,00005687,0,1,1,4294967295,0,0
oInvCollSM,320,736,0006C722,0,1,1,4294967295,0,0
oInvCollSM,336,736,00399C5A,0,1,1,4294967295,0,0
oInvCollSM,352,736,000557C4,0,1,1,4294967295,0,0
oInvCollSM,368,736,00166E9A,0,1,1,4294967295,0,0
oInvCollSM,384,736,001B1EF9,0,1,1,4294967295,0,0
oInvCollSM,400,736,000BF320,0,1,1,4294967295,0,0
oInvCollSM,416,736,002A34F7,0,1,1,4294967295,0,0
oInvCollSM,432,736,000BE8A4,0,1,1,4294967295,0,0
oInvCollSM,448,736,001EE08F,0,1,1,4294967295,0,0
oInvCollSM,464,736,0023F77D,0,1,1,4294967295,0,0
oInvCollSM,480,736,002ABA6C,0,1,1,4294967295,0,0
oInvCollSM,496,736,001C50F6,0,1,1,4294967295,0,0
oInvCollSM,512,736,001592BA,0,1,1,4294967295,0,0
oInvCollPH,16,768,003EBC2B,0,1,1,4294967295,0,0
oInvCollPH,32,768,002B45B6,0,1,1,4294967295,0,0
oInvCollPH,48,768,000F92E6,0,1,1,4294967295,0,0
oInvCollPH,64,768,00323918,0,1,1,4294967295,0,0
oInvCollPH,80,768,0025BCB9,0,1,1,4294967295,0,0
oInvCollPH,96,768,0028AECA,0,1,1,4294967295,0,0
oInvCollPH,112,768,00214776,0,1,1,4294967295,0,0
oInvCollPH,128,768,0014C53F,0,1,1,4294967295,0,0
oInvCollPH,144,768,000151B9,0,1,1,4294967295,0,0
oInvCollPH,160,768,003BB723,0,1,1,4294967295,0,0
oInvCollPH,176,768,000B59D8,0,1,1,4294967295,0,0
oInvCollPH,192,768,000B9962,0,1,1,4294967295,0,0
oInvCollPH,208,768,001EA31A,0,1,1,4294967295,0,0
oInvCollPH,224,768,00354FB4,0,1,1,4294967295,0,0
oInvCollPH,240,768,0029271C,0,1,1,4294967295,0,0
oInvCollPH,256,768,0027C862,0,1,1,4294967295,0,0
oInvCollPH,272,768,00353B40,0,1,1,4294967295,0,0
oInvCollPH,288,768,000D9591,0,1,1,4294967295,0,0
oInvCollPH,304,768,001F4B97,0,1,1,4294967295,0,0
oInvCollPH,320,768,002F99B3,0,1,1,4294967295,0,0
oInvCollPH,336,768,0009A1B8,0,1,1,4294967295,0,0
oInvCollPH,352,768,003D7D28,0,1,1,4294967295,0,0
oInvCollPH,368,768,0014480D,0,1,1,4294967295,0,0
oInvCollPH,384,768,002731A7,0,1,1,4294967295,0,0
oInvCollPH,400,768,000C87A7,0,1,1,4294967295,0,0
oInvCollPH,416,768,00018401,0,1,1,4294967295,0,0
oInvCollPH,432,768,002609B3,0,1,1,4294967295,0,0
oInvCollPH,448,768,0017671D,0,1,1,4294967295,0,0
oInvCollPH,464,768,000AC253,0,1,1,4294967295,0,0
oInvCollPH,480,768,00244880,0,1,1,4294967295,0,0
oInvCollPH,496,768,000410D7,0,1,1,4294967295,0,0
oInvCollPH,512,768,001B76E7,0,1,1,4294967295,0,0
oInvCollPH,512,784,00174B25,0,1,1,4294967295,0,0
oInvCollPH,656,784,002C3446,0,1,1,4294967295,0,0
oInvCollPH,672,768,000BE7F4,0,1,1,4294967295,0,0
oInvCollPH,688,752,00190A68,0,1,1,4294967295,0,0
oInvCollPH,704,736,00035BC1,0,1,1,4294967295,0,0
oInvCollPH,544,800,00071412,0,1,1,4294967295,0,0
oInvCollPH,560,800,0004607B,0,1,1,4294967295,0,0
oInvCollPH,576,800,000BCEE2,0,1,1,4294967295,0,0
oInvCollPH,592,800,002398ED,0,1,1,4294967295,0,0
oInvCollPH,608,800,001BB666,0,1,1,4294967295,0,0
oInvCollPH,624,800,00226CC0,0,1,1,4294967295,0,0
oInvCollPH,640,800,00343C9E,0,1,1,4294967295,0,0
oInvCollPH,720,592,00037EA6,0,1,1,4294967295,0,0
oInvCollPH,736,592,000CE4F9,0,1,1,4294967295,0,0
oInvCollPH,752,608,0009CA35,0,1,1,4294967295,0,0
oInvCollSM,800,784,003B847E,0,1,1,4294967295,0,0
oInvCollSM,816,784,002BC9E9,0,1,1,4294967295,0,0
oInvCollSM,768,624,000D0A81,0,1,1,4294967295,0,0
oInvCollPH,784,640,00154685,0,1,1,4294967295,0,0
oInvCollPH,784,656,0032DFBB,0,1,1,4294967295,0,0
oInvCollPH,784,672,00233D91,0,1,1,4294967295,0,0
oInvCollPH,784,688,002862ED,0,1,1,4294967295,0,0
oInvCollPH,784,704,0038673D,0,1,1,4294967295,0,0
oInvCollPH,784,720,001D8F49,0,1,1,4294967295,0,0
oInvCollPH,784,736,003127C1,0,1,1,4294967295,0,0
oInvCollPH,800,752,00037D5D,0,1,1,4294967295,0,0
oInvCollPH,816,752,00258B51,0,1,1,4294967295,0,0
oInvCollPH,816,768,000ACBC4,0,1,1,4294967295,0,0
oInvCollPH,784,768,0029292D,0,1,1,4294967295,0,0
oInvCollPH,720,704,001A3AE5,0,1,1,4294967295,0,0
oInvCollPH,720,720,002EED0B,0,1,1,4294967295,0,0
oInvCollPH,736,688,0011E41F,0,1,1,4294967295,0,0
oInvCollPH,752,672,0024B2F3,0,1,1,4294967295,0,0
oInvCollPH,752,688,00155DF3,0,1,1,4294967295,0,0
oInvCollPH,752,704,002677B0,0,1,1,4294967295,0,0
oInvCollPH,752,720,00136A8E,0,1,1,4294967295,0,0
oInvCollPH,752,736,0015CBCD,0,1,1,4294967295,0,0
oInvCollPH,752,752,00284B65,0,1,1,4294967295,0,0
oInvCollPH,752,768,0017BDDD,0,1,1,4294967295,0,0
oInvCollPH,752,784,00337FF1,0,1,1,4294967295,0,0
oInvCollPH,752,800,003458EF,0,1,1,4294967295,0,0
oInvCollPH,784,816,002C162B,0,1,1,4294967295,0,0
oInvCollPH,800,816,004027D5,0,1,1,4294967295,0,0
oInvCollPH,816,816,000E037E,0,1,1,4294967295,0,0
oInvCollPH,832,816,0012763B,0,1,1,4294967295,0,0
oInvCollPH,848,784,0006CD83,0,1,1,4294967295,0,0
oInvCollPH,848,800,003C4F96,0,1,1,4294967295,0,0
oInvisibleSolid,1152,240,003BA7B5,0,1,1,4294967295,0,1
oInvisibleSolid,1072,304,003B33C7,0,1,1,4294967295,0,1
oInvisibleSolid,1152,368,0038C586,0,1,1,4294967295,0,1
oInvisibleSolid,1072,432,0034A721,0,1,1,4294967295,0,1
oInvisibleSolid,1152,496,00041380,0,1,1,4294967295,0,1
oInvisibleSolid,1232,432,0003A582,0,1,1,4294967295,0,1
oInvisibleSolid,1232,304,001C07C3,0,1,1,4294967295,0,1
oInvisibleSolid,1056,560,003A15CD,0,1,1,4294967295,0,1
oInvisibleLupLowSlope,944,768,0016C93F,0,1,1,4294967295,0,0
oInvisibleLupLowSlope,976,784,001C86A6,0,1,1,4294967295,0,0
oInvisibleLupLowSlope,1008,800,002AB23E,0,1,1,4294967295,0,0
oInvisibleLupLowSlope,1040,816,00389CA8,0,1,1,4294967295,0,0
oInvisibleSolid,1328,704,00006810,0,1,1,4294967295,0,1
oInvisibleSolid,1040,832,001D912D,0,1,1,4294967295,0,1
oInvisibleSolid,1008,816,0009E8EF,0,1,1,4294967295,0,1
oInvisibleSolid,976,800,001FD767,0,1,1,4294967295,0,1
oInvisibleSolid,944,784,00207234,0,1,1,4294967295,0,1
oInvisibleSolid,1136,0,000536C9,0,1,1,4294967295,0,1
oInvisibleSolid,1072,0,003B1750,0,1,1,4294967295,0,1
oInvisibleSolid,1200,0,002C6D73,0,1,1,4294967295,0,1
oInvisibleSolid,1312,144,002D1423,0,1,1,4294967295,0,1
oInvisibleSolid,752,176,003F259E,0,1,1,4294967295,0,1
oInvisibleSolid,752,48,000B2FE9,0,1,1,4294967295,0,1
oInvisibleSolid,32,0,001F174C,0,1,1,4294967295,0,1
oInvisibleSolid,0,0,0008F482,0,1,1,4294967295,0,1
oInvisibleSolid,32,176,003DA072,0,1,1,4294967295,0,1
oInvisibleSolid,192,48,00021A92,0,1,1,4294967295,0,1
oInvisibleSolid,560,320,00394B57,0,1,1,4294967295,0,1
oInvisibleSolid,560,256,00399727,0,1,1,4294967295,0,1
oInvisibleSolid,640,304,0004924F,0,1,1,4294967295,0,0
oInvisibleSolid,640,288,003BA3A4,0,1,1,4294967295,0,1
oInvisibleSolid,688,224,001DE062,0,1,1,4294967295,0,1
oInvisibleSolid,512,224,001ACA72,0,1,1,4294967295,0,1
oInvisibleSolid,512,256,0030C189,0,1,1,4294967295,0,1
oInvisibleSolid,0,688,00371D01,0,1,1,4294967295,0,1
oInvisibleSolid,496,416,003DD776,0,1,1,4294967295,0,1
oInvisibleSolid,848,768,00050C23,0,1,1,4294967295,0,1
oInvisibleSolidMorph,528,224,0025C2F8,0,1,1,4294967295,0,1
oInvisibleSolidMorph,608,224,0034CACF,0,1,1,4294967295,0,1
oInvisibleSolidMorph,576,256,002418A8,0,1,1,4294967295,0,1
oInvisibleSolid,560,448,000384C0,0,1,1,4294967295,0,1
oInvisibleSolid,592,480,001F7F85,0,1,1,4294967295,0,1
oInvisibleSolid,624,512,002532D2,0,1,1,4294967295,0,1
oInvisibleSolid,656,544,000A6953,0,1,1,4294967295,0,1
oInvisibleSolid,688,576,003B1BBC,0,1,1,4294967295,0,1
oInvisibleSolid,912,352,00381800,0,1,1,4294967295,0,1
oInvisibleSolid,928,336,0020CFBF,0,1,1,4294967295,0,1
oInvisibleSolid,464,352,00241AD1,0,1,1,4294967295,0,1
oInvisibleSolid,528,800,00203D6F,0,1,1,4294967295,0,1
oInvisibleSolid,656,768,000F4225,0,1,1,4294967295,0,1
oInvisibleSolid,688,736,0022FB65,0,1,1,4294967295,0,1
oInvisibleSolidMorph,0,736,002CAB91,0,1,1,4294967295,0,1
oInvisibleSolid,0,768,000AEE43,0,1,1,4294967295,0,1
oInvisibleSolid,784,624,00266DFD,0,1,1,4294967295,0,1
oInvisibleSolid,784,752,001E4362,0,1,1,4294967295,0,1
oInvisibleSolidMorph,784,784,0007B4C7,0,1,1,4294967295,0,1
oInvisibleSolidMorph,752,624,000706F1,0,1,1,4294967295,0,1
oInvisibleSolid,720,688,0029166B,0,1,1,4294967295,0,1
oInvisibleSolid,752,656,00312947,0,1,1,4294967295,0,1
oInvisibleSolid,768,816,0035D7BE,0,1,1,4294967295,0,1
oTempTrapSpot,1048,624,003FED13,0,1,1,4294967295,0,1
oTempTrapSpot,1176,496,0035B369,0,1,1,4294967295,0,1
oTempTrapSpot,1096,432,0002738D,0,1,1,4294967295,0,1
oTempTrapSpot,1256,432,0037C462,0,1,1,4294967295,0,1
oTempTrapSpot,1176,368,001E4963,0,1,1,4294967295,0,1
oTempTrapSpot,1096,304,003A5485,0,1,1,4294967295,0,1
oTempTrapSpot,1256,304,00071268,0,1,1,4294967295,0,1
oTempTrapSpot,1176,240,000845DB,0,1,1,4294967295,0,1
oTempTrapSpot,1144,496,00403D0F,0,1,1,4294967295,0,1
oTempTrapSpot,1064,432,000ECD0E,0,1,1,4294967295,0,1
oTempTrapSpot,1224,432,003F0270,0,1,1,4294967295,0,1
oTempTrapSpot,1144,368,003FE148,0,1,1,4294967295,0,1
oTempTrapSpot,1064,304,0003F6C2,0,1,1,4294967295,0,1
oTempTrapSpot,1224,304,0003F2DC,0,1,1,4294967295,0,1
oTempTrapSpot,1144,240,003A6D56,0,1,1,4294967295,0,1
oTempTrapSpot,936,368,00182572,0,1,1,4294967295,0,1
oTempTrapSpot,808,512,0002192A,0,1,1,4294967295,0,1
oTempTrapSpot,792,672,0004D4D1,0,1,1,4294967295,0,1
