oExit,0,240,00125B1F,0,1,1,4294967295,0,1
oExit,1520,240,00147A02,0,1,1,4294967295,0,1
oHealingPost,96,272,001A44E0,0,1,1,4294967295,0,0
oPlayer1,48,272,0004C3F2,0,1,1,4294967295,0,0
oInvCollPH,16,272,002B2B0A,0,1,1,4294967295,0,0
oInvCollPH,32,272,000F3A4D,0,1,1,4294967295,0,0
oInvCollPH,48,272,0016138F,0,1,1,4294967295,0,0
oInvCollPH,64,272,001E382A,0,1,1,4294967295,0,0
oInvCollPH,80,272,00130A86,0,1,1,4294967295,0,0
oInvCollPH,96,272,00308390,0,1,1,4294967295,0,0
oInvCollPH,112,272,0030D6F4,0,1,1,4294967295,0,0
oInvCollPH,128,272,003DBB5A,0,1,1,4294967295,0,0
oInvCollPH,144,272,0009C5E5,0,1,1,4294967295,0,0
oInvCollPH,160,272,0037D3AF,0,1,1,4294967295,0,0
oInvCollPH,176,272,0023F98C,0,1,1,4294967295,0,0
oInvCollPH,192,272,0019E5A4,0,1,1,4294967295,0,0
oInvCollPH,208,272,00015B84,0,1,1,4294967295,0,0
oInvCollPH,224,272,002CE531,0,1,1,4294967295,0,0
oInvCollPH,240,272,00092D82,0,1,1,4294967295,0,0
oInvCollPH,256,272,0022AB72,0,1,1,4294967295,0,0
oInvCollPH,272,272,0004E993,0,1,1,4294967295,0,0
oInvCollPH,288,272,000BB896,0,1,1,4294967295,0,0
oInvCollPH,304,272,0014214C,0,1,1,4294967295,0,0
oInvCollPH,320,272,002DF1EF,0,1,1,4294967295,0,0
oInvCollPH,336,272,001AD7D2,0,1,1,4294967295,0,0
oInvCollPH,352,272,001C6D55,0,1,1,4294967295,0,0
oInvCollPH,368,272,002356B2,0,1,1,4294967295,0,0
oInvCollPH,384,272,001AE42B,0,1,1,4294967295,0,0
oInvCollPH,400,272,002DD8EB,0,1,1,4294967295,0,0
oInvCollPH,416,272,002BEA89,0,1,1,4294967295,0,0
oInvCollPH,432,272,003C504C,0,1,1,4294967295,0,0
oInvCollPH,448,272,00085ED0,0,1,1,4294967295,0,0
oInvCollPH,464,272,0017E1AA,0,1,1,4294967295,0,0
oInvCollPH,480,272,002F2C0F,0,1,1,4294967295,0,0
oInvCollPH,496,272,0013FF29,0,1,1,4294967295,0,0
oInvCollPH,512,272,000D5F52,0,1,1,4294967295,0,0
oInvCollPH,528,272,003A8DF6,0,1,1,4294967295,0,0
oInvCollPH,544,272,0025C8AA,0,1,1,4294967295,0,0
oInvCollPH,560,272,00192EEC,0,1,1,4294967295,0,0
oInvCollPH,576,272,00334C8C,0,1,1,4294967295,0,0
oInvCollPH,592,272,001D2105,0,1,1,4294967295,0,0
oInvCollPH,608,272,0023B3DF,0,1,1,4294967295,0,0
oInvCollPH,624,272,003FC073,0,1,1,4294967295,0,0
oInvCollPH,640,272,0000528E,0,1,1,4294967295,0,0
oInvCollPH,656,272,0020C6DE,0,1,1,4294967295,0,0
oInvCollPH,672,272,0038E9DB,0,1,1,4294967295,0,0
oInvCollPH,688,272,0023B3EA,0,1,1,4294967295,0,0
oInvCollPH,704,272,0033C133,0,1,1,4294967295,0,0
oInvCollPH,720,272,001F354A,0,1,1,4294967295,0,0
oInvCollPH,736,272,003E0D1D,0,1,1,4294967295,0,0
oInvCollPH,752,272,00269A25,0,1,1,4294967295,0,0
oInvCollPH,768,272,001C1290,0,1,1,4294967295,0,0
oInvCollPH,784,272,00247600,0,1,1,4294967295,0,0
oInvCollPH,800,272,001D9F23,0,1,1,4294967295,0,0
oInvCollPH,816,272,0036BAB2,0,1,1,4294967295,0,0
oInvCollPH,832,272,00103C3E,0,1,1,4294967295,0,0
oInvCollPH,848,272,003B784E,0,1,1,4294967295,0,0
oInvCollPH,864,272,000028AA,0,1,1,4294967295,0,0
oInvCollPH,880,272,00072567,0,1,1,4294967295,0,0
oInvCollPH,896,272,00114795,0,1,1,4294967295,0,0
oInvCollPH,912,272,00194D8C,0,1,1,4294967295,0,0
oInvCollPH,928,272,0011FFB9,0,1,1,4294967295,0,0
oInvCollPH,944,272,000AED8E,0,1,1,4294967295,0,0
oInvCollPH,960,272,00397CA2,0,1,1,4294967295,0,0
oInvCollPH,976,272,0003951C,0,1,1,4294967295,0,0
oInvCollPH,992,272,0029FB11,0,1,1,4294967295,0,0
oInvCollPH,1008,272,001311FD,0,1,1,4294967295,0,0
oInvCollPH,1024,272,0024F84E,0,1,1,4294967295,0,0
oInvCollPH,1040,272,0019EBCA,0,1,1,4294967295,0,0
oInvCollPH,1056,272,002903BD,0,1,1,4294967295,0,0
oInvCollPH,1072,272,00070DEF,0,1,1,4294967295,0,0
oInvCollPH,1088,272,0015C11C,0,1,1,4294967295,0,0
oInvCollPH,1104,272,003FDE35,0,1,1,4294967295,0,0
oInvCollPH,1120,272,003891C2,0,1,1,4294967295,0,0
oInvCollPH,1136,272,00384910,0,1,1,4294967295,0,0
oInvCollPH,1152,272,001E37F9,0,1,1,4294967295,0,0
oInvCollPH,1168,272,0031DB2F,0,1,1,4294967295,0,0
oInvCollPH,1184,272,001E32C9,0,1,1,4294967295,0,0
oInvCollPH,1200,272,0022159B,0,1,1,4294967295,0,0
oInvCollPH,1216,272,00341C76,0,1,1,4294967295,0,0
oInvCollPH,1232,272,00208BF8,0,1,1,4294967295,0,0
oInvCollPH,1248,272,002DEF72,0,1,1,4294967295,0,0
oInvCollPH,1264,272,003E6E1D,0,1,1,4294967295,0,0
oInvCollPH,1280,272,0019F28F,0,1,1,4294967295,0,0
oInvCollPH,1296,272,003BCCBA,0,1,1,4294967295,0,0
oInvCollPH,1312,272,002E75C5,0,1,1,4294967295,0,0
oInvCollPH,1328,272,001AD4B9,0,1,1,4294967295,0,0
oInvCollPH,1344,272,001EE7B0,0,1,1,4294967295,0,0
oInvCollPH,1360,272,00295E6A,0,1,1,4294967295,0,0
oInvCollPH,1376,272,001A67CE,0,1,1,4294967295,0,0
oInvCollPH,1392,272,0038BDF2,0,1,1,4294967295,0,0
oInvCollPH,1408,272,0001332C,0,1,1,4294967295,0,0
oInvCollPH,1424,272,0034542F,0,1,1,4294967295,0,0
oInvCollPH,1440,272,0032F759,0,1,1,4294967295,0,0
oInvCollPH,1456,272,0003EDE9,0,1,1,4294967295,0,0
oInvCollPH,1472,272,00168FDD,0,1,1,4294967295,0,0
oInvCollPH,1488,272,000B97D5,0,1,1,4294967295,0,0
oInvCollPH,1504,272,002A8F06,0,1,1,4294967295,0,0
oInvCollPH,1520,272,000AE54F,0,1,1,4294967295,0,0
oInvisibleSolid,0,272,0024B18F,0,1,1,4294967295,0,1
oIVaultCir3,32,0,00000796,0,1,1,4294967295,0,0
oIVaultCir3,160,0,00016F55,0,1,1,4294967295,0,0
oIVaultCir3,288,0,002311BB,0,1,1,4294967295,0,0
oIVaultCir3,416,0,002D77B6,0,1,1,4294967295,0,0
oIVaultCir3,544,0,00381D36,0,1,1,4294967295,0,0
oIVaultCir3,672,0,00389E71,0,1,1,4294967295,0,0
oIVaultCir3,736,0,00030CB6,0,1,1,4294967295,0,0
oIVaultCir3,800,0,003A9210,0,1,1,4294967295,0,0
oIVaultCir3,928,0,0026AFF4,0,1,1,4294967295,0,0
oIVaultCir3,1056,0,0010BA41,0,1,1,4294967295,0,0
oIVaultCir3,1184,0,0023797C,0,1,1,4294967295,0,0
oIVaultCir3,1312,0,000890E6,0,1,1,4294967295,0,0
oIVaultCir3,1440,0,0021E55D,0,1,1,4294967295,0,0
oIVaultCir4,1472,0,0022B4BE,0,1,1,4294967295,0,0
oIVaultCir4,1344,0,00064C7E,0,1,1,4294967295,0,0
oIVaultCir4,1216,0,0001FC16,0,1,1,4294967295,0,0
oIVaultCir4,1088,0,003FE773,0,1,1,4294967295,0,0
oIVaultCir4,960,0,001F37E4,0,1,1,4294967295,0,0
oIVaultCir4,832,0,001E6E35,0,1,1,4294967295,0,0
oIVaultCir4,768,0,00058419,0,1,1,4294967295,0,0
oIVaultCir4,704,0,00388DDA,0,1,1,4294967295,0,0
oIVaultCir4,576,0,00251A9F,0,1,1,4294967295,0,0
oIVaultCir4,448,0,00129DBC,0,1,1,4294967295,0,0
oIVaultCir4,320,0,000AD8D9,0,1,1,4294967295,0,0
oIVaultCir4,192,0,0016BEA4,0,1,1,4294967295,0,0
oIVaultCir4,64,0,001FB37C,0,1,1,4294967295,0,0
