oVP_RoomFire,12,24,0034F632,0,1,1,4294967295,0,0
oVP_RoomFire,12,120,001D147C,0,1,1,4294967295,0,0
oVP_RoomFire,12,72,0039A8A4,0,1,1,4294967295,0,0
oVP_RoomFire,12,216,002496C1,0,1,1,4294967295,0,0
oVP_RoomFire,12,168,000421BD,0,1,1,4294967295,0,0
oVP_RoomFire,12,264,0032A529,0,1,1,4294967295,0,0
oVP_RoomFire,12,312,0032B935,0,1,1,4294967295,0,0
oVP_RoomFire,36,24,002B179F,0,1,1,4294967295,0,0
oVP_RoomFire,60,24,00201185,0,1,1,4294967295,0,0
oVP_RoomFire,84,24,000EF33A,0,1,1,4294967295,0,0
oVP_RoomFire,108,24,0020D048,0,1,1,4294967295,0,0
oVP_RoomFire,12,360,001DE480,0,1,1,4294967295,0,0
oVP_RoomFire,156,360,0039FE38,0,1,1,4294967295,0,0
oVP_RoomFire,180,360,0036FBCA,0,1,1,4294967295,0,0
oVP_RoomFire,300,360,003C2B4D,0,1,1,4294967295,0,0
oVP_RoomFire,324,360,00237DE6,0,1,1,4294967295,0,0
oVP_RoomFire,348,360,00090E76,0,1,1,4294967295,0,0
oVP_RoomFire,372,360,00065ADF,0,1,1,4294967295,0,0
oVP_RoomFire,396,360,002D2F4E,0,1,1,4294967295,0,0
oVP_RoomFire,420,360,003DDEA4,0,1,1,4294967295,0,0
oVP_RoomFire,468,360,003A54B8,0,1,1,4294967295,0,0
oVP_RoomFire,132,24,003BE08C,0,1,1,4294967295,0,0
oVP_RoomFire,156,24,00078489,0,1,1,4294967295,0,0
oVP_RoomFire,180,24,001DC493,0,1,1,4294967295,0,0
oVP_RoomFire,300,24,00003857,0,1,1,4294967295,0,0
oVP_RoomFire,324,24,0025300D,0,1,1,4294967295,0,0
oVP_RoomFire,372,24,000CC3C7,0,1,1,4294967295,0,0
oVP_RoomFire,348,24,000A206E,0,1,1,4294967295,0,0
oVP_RoomFire,468,120,000B4B74,0,1,1,4294967295,0,0
oVP_RoomFire,468,216,0012329F,0,1,1,4294967295,0,0
oVP_RoomFire,468,168,0029D895,0,1,1,4294967295,0,0
oVP_RoomFire,468,264,0028ECAC,0,1,1,4294967295,0,0
oVP_RoomFire,396,24,002058A5,0,1,1,4294967295,0,0
oVP_RoomFire,420,24,00344A5F,0,1,1,4294967295,0,0
oVP_RoomFire,444,24,003C0F61,0,1,1,4294967295,0,0
oVP_RoomFire,468,72,0002F006,0,1,1,4294967295,0,0
oVP_RoomFire,468,24,002C00B7,0,1,1,4294967295,0,0
oVP_RoomFire,468,312,0011AB8C,0,1,1,4294967295,0,0
oVP_RoomFire,444,360,0018C10D,0,1,1,4294967295,0,0
oVP_RoomFire,132,360,0037D2CA,0,1,1,4294967295,0,0
oVP_RoomFire,108,360,00399B8E,0,1,1,4294967295,0,0
oVP_RoomFire,84,360,0005A01E,0,1,1,4294967295,0,0
oVP_RoomFire,60,360,0022ECC5,0,1,1,4294967295,0,0
oVP_RoomFire,36,360,00304C0F,0,1,1,4294967295,0,0
oVirusParasite_Main,240,176,0036AF99,0,1,1,4294967295,0,0
oPlayer1,240,112,003E0E7C,0,1,1,4294967295,0,0
