oDancingFlower,34,267,00184C88,0,1,1,4294967295,0,0
oDancingFlower,17,293,0034F67F,0,1,1,4294967295,0,0
oDancingFlower,486,308,002E381A,0,1,1,4294967295,0,0
oDancingFlower,554,293,000C5D1F,0,1,1,4294967295,0,0
oDancingFlower,525,320,002E5728,0,1,1,4294967295,0,0
oExit,144,-16,00055F81,0,1,1,4294967295,0,1
oEfHeartEmitter,293,315,0037D09D,0,1,1,4294967295,0,1
oEfHeartEmitter,680,55,0030DE6F,0,1,1,4294967295,0,1
oExit,2832,176,0037E49B,0,1,1,4294967295,0,1
oSignPost,1584,288,003D42CD,0,1,1,4294967295,0,1
oReachRing,1008,224,00306416,0,1,1,4294967295,0,0
oReachRing,1088,192,00196DAB,0,1,1,4294967295,0,0
oReachRing,1168,176,002FB363,0,1,1,4294967295,0,0
oReachRing,1296,176,003D57B9,0,1,1,4294967295,0,0
oReachRing,1456,240,00300E0C,0,1,1,4294967295,0,0
oReachRing,1376,208,0012B4B4,0,1,1,4294967295,0,0
oReachRing,1440,128,002E911A,0,1,1,4294967295,0,0
oReachRing,1504,96,00388CBF,0,1,1,4294967295,0,0
oReachRing,1600,96,003888C3,0,1,1,4294967295,0,0
oReachRing,1439,208,002A3853,0,1,1,4294967295,0,0
oReachRing,1321,160,0040233A,0,1,1,4294967295,0,0
oReachRing,1728,128,00022676,0,1,1,4294967295,0,0
oReachRing,1808,96,001A5BB1,0,1,1,4294967295,0,0
oReachRing,1872,80,0019945D,0,1,1,4294967295,0,0
oReachRing,1952,112,001DEA1D,0,1,1,4294967295,0,0
oReachRing,2016,112,002C8F5C,0,1,1,4294967295,0,0
oReachRing,2096,192,00083521,0,1,1,4294967295,0,0
oReachRing,2240,192,000F352C,0,1,1,4294967295,0,0
oReachRing,2304,160,0000F5ED,0,1,1,4294967295,0,0
oReachRing,2336,144,0023FA66,0,1,1,4294967295,0,0
oReachRing,2368,128,00147DDB,0,1,1,4294967295,0,0
oReachRing,2400,144,00159B63,0,1,1,4294967295,0,0
oReachRing,2432,160,002F60C9,0,1,1,4294967295,0,0
oReachRing,2464,176,00258D3C,0,1,1,4294967295,0,0
oReachRing,2496,144,002936EB,0,1,1,4294967295,0,0
oReachRing,2528,128,0014F326,0,1,1,4294967295,0,0
oReachRing,2560,128,001DE16D,0,1,1,4294967295,0,0
oReachRing,2592,128,0024610D,0,1,1,4294967295,0,0
oReachRing,2624,128,00207897,0,1,1,4294967295,0,0
oReachRing,2656,128,00285AE4,0,1,1,4294967295,0,0
oReachRing,2688,160,003AC916,0,1,1,4294967295,0,0
oEventBarrier,1808,224,002ADE08,0,1,1,4294967295,0,1
oAPBoost,1904,272,0001E643,0,1,1,4294967295,0,1
oSparky,592,208,00088573,0,1,1,4294967295,0,0
oSparky,1584,288,0031B16D,0,1,1,4294967295,0,1
oLaserBall,2192,96,000F4884,0,1,1,4294967295,0,0
oLaserBall,1024,96,001317FA,0,1,1,4294967295,0,0
oMetalGuardian,1712,224,0029A494,0,1,1,4294967295,0,0
oPlayer1,176,80,00336DBB,0,1,1,4294967295,0,0
oInvCollPH,216,96,001BDF83,0,1,1,4294967295,0,0
oInvCollPH,176,80,0027C55A,0,1,1,4294967295,0,0
oInvCollPH,160,112,000A30CD,0,1,1,4294967295,0,0
oInvCollPH,176,112,00348A21,0,1,1,4294967295,0,0
oInvCollPH,128,304,00268C96,0,1,1,4294967295,0,0
oInvCollPH,144,304,0029DC53,0,1,1,4294967295,0,0
oInvCollPH,176,288,00167FBA,0,1,1,4294967295,0,0
oInvCollPH,192,304,0000C854,0,1,1,4294967295,0,0
oInvCollPH,208,304,000E72EB,0,1,1,4294967295,0,0
oInvCollPH,224,304,00168CE2,0,1,1,4294967295,0,0
oInvCollPH,240,304,00144BFA,0,1,1,4294967295,0,0
oInvCollPH,48,96,000A7DDD,0,1,1,4294967295,0,0
oInvCollPH,48,112,0020B2A8,0,1,1,4294967295,0,0
oInvCollPH,48,128,0040318E,0,1,1,4294967295,0,0
oInvCollPH,48,144,0027F387,0,1,1,4294967295,0,0
oInvCollPH,48,160,0029B542,0,1,1,4294967295,0,0
oInvCollPH,48,176,00360F7E,0,1,1,4294967295,0,0
oInvCollPH,48,192,0032419F,0,1,1,4294967295,0,0
oInvCollPH,48,208,0009805B,0,1,1,4294967295,0,0
oInvCollPH,48,224,00164D39,0,1,1,4294967295,0,0
oInvCollPH,48,240,002F6E80,0,1,1,4294967295,0,0
oInvCollPH,48,256,002AB501,0,1,1,4294967295,0,0
oInvCollPH,240,0,0018972C,0,1,1,4294967295,0,0
oInvCollPH,256,0,00328187,0,1,1,4294967295,0,0
oInvCollPH,272,0,000226DE,0,1,1,4294967295,0,0
oInvCollPH,368,144,00223EED,0,1,1,4294967295,0,0
oInvCollPH,352,176,000583F0,0,1,1,4294967295,0,0
oInvCollPH,368,176,0017FFF2,0,1,1,4294967295,0,0
oInvCollPH,408,160,0036A387,0,1,1,4294967295,0,0
oInvCollPH,752,112,00200A48,0,1,1,4294967295,0,0
oInvCollPH,768,112,0002596C,0,1,1,4294967295,0,0
oInvCollPH,784,112,0013B46A,0,1,1,4294967295,0,0
oInvCollPH,448,0,00137E2D,0,1,1,4294967295,0,0
oInvCollPH,464,0,0021368D,0,1,1,4294967295,0,0
oInvCollPH,480,0,003E0B7D,0,1,1,4294967295,0,0
oInvCollPH,496,0,00219CBE,0,1,1,4294967295,0,0
oInvCollPH,512,0,000B7A22,0,1,1,4294967295,0,0
oInvCollPH,528,0,00206A1F,0,1,1,4294967295,0,0
oInvCollPH,544,0,000B5527,0,1,1,4294967295,0,0
oInvCollPH,560,0,00022055,0,1,1,4294967295,0,0
oInvCollPH,576,0,001CC900,0,1,1,4294967295,0,0
oInvCollPH,592,0,002AB1A5,0,1,1,4294967295,0,0
oInvCollPH,336,16,0009CAE8,0,1,1,4294967295,0,0
oInvCollPH,352,16,0015B363,0,1,1,4294967295,0,0
oInvCollPH,368,16,00338BCD,0,1,1,4294967295,0,0
oInvCollPH,384,16,00091FC9,0,1,1,4294967295,0,0
oInvCollPH,400,16,00352391,0,1,1,4294967295,0,0
oInvCollPH,720,208,0038B41E,0,1,1,4294967295,0,0
oInvCollPH,736,208,00075B8A,0,1,1,4294967295,0,0
oInvCollPH,752,208,001221A9,0,1,1,4294967295,0,0
oInvCollPH,768,208,002394CC,0,1,1,4294967295,0,0
oInvCollPH,784,208,00163A18,0,1,1,4294967295,0,0
oInvCollPH,800,208,00048C56,0,1,1,4294967295,0,0
oInvCollPH,816,208,002DA0F2,0,1,1,4294967295,0,0
oInvCollPH,832,208,000D1FC7,0,1,1,4294967295,0,0
oInvCollPH,848,208,0023F220,0,1,1,4294967295,0,0
oInvCollPH,656,224,003CCDC7,0,1,1,4294967295,0,0
oInvCollPH,640,224,000A4A4E,0,1,1,4294967295,0,0
oInvCollPH,608,224,00402CB9,0,1,1,4294967295,0,0
oInvCollPH,624,224,00066619,0,1,1,4294967295,0,0
oInvCollPH,592,208,00314DE0,0,1,1,4294967295,0,0
oInvCollPH,560,224,000E7509,0,1,1,4294967295,0,0
oInvCollPH,336,272,003BD1B5,0,1,1,4294967295,0,0
oInvCollPH,352,272,003736DB,0,1,1,4294967295,0,0
oInvCollPH,368,272,001610A0,0,1,1,4294967295,0,0
oInvCollPH,384,272,001C6DFF,0,1,1,4294967295,0,0
oInvCollPH,400,272,00089815,0,1,1,4294967295,0,0
oInvCollPH,416,272,0039C558,0,1,1,4294967295,0,0
oInvCollPH,432,272,0019893D,0,1,1,4294967295,0,0
oInvCollPH,896,272,003A3FCC,0,1,1,4294967295,0,0
oInvCollPH,912,272,0001F5A2,0,1,1,4294967295,0,0
oInvCollPH,928,272,0012C6A4,0,1,1,4294967295,0,0
oInvCollPH,944,272,0030B741,0,1,1,4294967295,0,0
oInvCollPH,960,272,003A9A2E,0,1,1,4294967295,0,0
oInvCollPH,976,272,000F4045,0,1,1,4294967295,0,0
oInvCollPH,1008,256,0003B22E,0,1,1,4294967295,0,0
oInvCollPH,1024,272,001AD31E,0,1,1,4294967295,0,0
oInvCollPH,1040,272,000FC032,0,1,1,4294967295,0,0
oInvCollPH,1088,288,001D3F00,0,1,1,4294967295,0,0
oInvCollPH,1104,288,00304A17,0,1,1,4294967295,0,0
oInvCollPH,1600,128,000A949E,0,1,1,4294967295,0,0
oInvCollPH,1584,176,00291638,0,1,1,4294967295,0,0
oInvCollPH,1600,176,00026846,0,1,1,4294967295,0,0
oInvCollPH,1640,160,0015C04C,0,1,1,4294967295,0,0
oInvCollPH,1136,48,0023B2A3,0,1,1,4294967295,0,0
oInvCollPH,1328,48,001190F0,0,1,1,4294967295,0,0
oInvCollPH,1280,208,0028E289,0,1,1,4294967295,0,0
oInvCollPH,1296,208,0026D122,0,1,1,4294967295,0,0
oInvCollPH,1312,208,003A25EC,0,1,1,4294967295,0,0
oInvCollPH,1648,272,001B492E,0,1,1,4294967295,0,0
oInvCollPH,1664,272,00399B12,0,1,1,4294967295,0,0
oInvCollPH,1680,272,0034DC88,0,1,1,4294967295,0,0
oInvCollPH,1184,32,0024E05A,0,1,1,4294967295,0,0
oInvCollPH,1200,32,0025E537,0,1,1,4294967295,0,0
oInvCollPH,1216,32,00204AF6,0,1,1,4294967295,0,0
oInvCollPH,1232,32,000B0204,0,1,1,4294967295,0,0
oInvCollPH,1248,32,003E8782,0,1,1,4294967295,0,0
oInvCollPH,1264,32,000BE9A4,0,1,1,4294967295,0,0
oInvCollPH,2064,48,0007A5D9,0,1,1,4294967295,0,0
oInvCollPH,2080,48,0027EEEC,0,1,1,4294967295,0,0
oInvCollPH,2096,48,003D2532,0,1,1,4294967295,0,0
oInvCollPH,2144,32,00017AE9,0,1,1,4294967295,0,0
oInvCollPH,2160,32,001290DA,0,1,1,4294967295,0,0
oInvCollPH,2176,32,001FFBB0,0,1,1,4294967295,0,0
oInvCollPH,2192,32,0014919F,0,1,1,4294967295,0,0
oInvCollPH,2800,112,001EA294,0,1,1,4294967295,0,0
oInvCollPH,2816,112,001F2DF7,0,1,1,4294967295,0,0
oInvCollPH,2832,112,003B2DBE,0,1,1,4294967295,0,0
oInvCollPH,1440,0,002965E4,0,1,1,4294967295,0,0
oInvCollPH,1456,0,0008AF68,0,1,1,4294967295,0,0
oInvCollPH,1472,0,003CBE05,0,1,1,4294967295,0,0
oInvCollPH,1488,0,003C10E4,0,1,1,4294967295,0,0
oInvCollPH,1504,0,002B5484,0,1,1,4294967295,0,0
oInvCollPH,1520,0,00027F3B,0,1,1,4294967295,0,0
oInvCollPH,1536,0,003E7B64,0,1,1,4294967295,0,0
oInvCollPH,1552,0,00146ED5,0,1,1,4294967295,0,0
oInvCollPH,1568,0,001745C5,0,1,1,4294967295,0,0
oInvCollPH,1584,0,003F41B6,0,1,1,4294967295,0,0
oInvCollPH,1600,0,00049BA8,0,1,1,4294967295,0,0
oInvCollPH,1616,0,0014A5CB,0,1,1,4294967295,0,0
oInvCollPH,1632,0,000BA1A1,0,1,1,4294967295,0,0
oInvCollPH,1648,0,000FB504,0,1,1,4294967295,0,0
oInvCollPH,1664,0,0038F837,0,1,1,4294967295,0,0
oInvCollPH,1680,0,001E9F99,0,1,1,4294967295,0,0
oInvCollPH,1696,0,0017296F,0,1,1,4294967295,0,0
oInvCollPH,1712,0,00368ECE,0,1,1,4294967295,0,0
oInvCollPH,1728,0,0039B808,0,1,1,4294967295,0,0
oInvCollPH,1744,0,002FCF09,0,1,1,4294967295,0,0
oInvCollPH,1760,0,0002F70F,0,1,1,4294967295,0,0
oInvCollPH,1776,0,0022CF85,0,1,1,4294967295,0,0
oInvCollPH,1792,0,00094FCA,0,1,1,4294967295,0,0
oInvCollPH,1808,0,001F18E9,0,1,1,4294967295,0,0
oInvCollPH,1824,0,003F7416,0,1,1,4294967295,0,0
oInvCollPH,1840,0,00117707,0,1,1,4294967295,0,0
oInvCollPH,1856,0,0019E181,0,1,1,4294967295,0,0
oInvCollPH,1872,0,000C85AF,0,1,1,4294967295,0,0
oInvCollPH,1888,0,000504D6,0,1,1,4294967295,0,0
oInvCollPH,1904,0,00220787,0,1,1,4294967295,0,0
oInvCollPH,1920,0,0014F844,0,1,1,4294967295,0,0
oInvCollPH,1936,0,0005B9D9,0,1,1,4294967295,0,0
oInvCollPH,2272,0,001BE1C9,0,1,1,4294967295,0,0
oInvCollPH,2288,0,000FB000,0,1,1,4294967295,0,0
oInvCollPH,2304,0,0009E6ED,0,1,1,4294967295,0,0
oInvCollPH,2320,0,00179895,0,1,1,4294967295,0,0
oInvCollPH,2336,0,0036989B,0,1,1,4294967295,0,0
oInvCollPH,2352,0,0006C217,0,1,1,4294967295,0,0
oInvCollPH,2368,0,0029E16E,0,1,1,4294967295,0,0
oInvCollPH,2384,0,000CA39C,0,1,1,4294967295,0,0
oInvCollPH,2400,0,0027A562,0,1,1,4294967295,0,0
oInvCollPH,2416,0,0000B18F,0,1,1,4294967295,0,0
oInvCollPH,2432,0,00199AAE,0,1,1,4294967295,0,0
oInvCollPH,2448,0,00392F7F,0,1,1,4294967295,0,0
oInvCollPH,2464,0,001D8719,0,1,1,4294967295,0,0
oInvCollPH,2480,0,0028205B,0,1,1,4294967295,0,0
oInvCollPH,2496,0,002109B2,0,1,1,4294967295,0,0
oInvCollPH,2512,0,00289DC7,0,1,1,4294967295,0,0
oInvCollPH,2528,0,0036B6B6,0,1,1,4294967295,0,0
oInvCollPH,2544,0,00311DC9,0,1,1,4294967295,0,0
oInvCollPH,2560,0,0040114C,0,1,1,4294967295,0,0
oInvCollPH,2576,0,002BBE2E,0,1,1,4294967295,0,0
oInvCollPH,2592,0,00372B66,0,1,1,4294967295,0,0
oInvCollPH,2608,0,00243657,0,1,1,4294967295,0,0
oInvCollPH,2624,0,00224D13,0,1,1,4294967295,0,0
oInvCollPH,2640,0,002B81F6,0,1,1,4294967295,0,0
oInvCollPH,848,16,001C5188,0,1,1,4294967295,0,0
oInvCollPH,864,16,002C32ED,0,1,1,4294967295,0,0
oInvCollPH,880,16,001148F7,0,1,1,4294967295,0,0
oInvCollPH,896,16,000B1691,0,1,1,4294967295,0,0
oInvCollPH,912,16,0010B884,0,1,1,4294967295,0,0
oInvCollPH,928,16,002E213B,0,1,1,4294967295,0,0
oInvCollPH,944,16,000D5C15,0,1,1,4294967295,0,0
oInvCollPH,960,16,001CF5A2,0,1,1,4294967295,0,0
oInvCollPH,976,16,003130C2,0,1,1,4294967295,0,0
oInvCollPH,992,16,003409C1,0,1,1,4294967295,0,0
oInvCollPH,1008,16,001D3C72,0,1,1,4294967295,0,0
oInvCollPH,1024,16,0019E46E,0,1,1,4294967295,0,0
oInvCollPH,1040,16,0000F2AA,0,1,1,4294967295,0,0
oInvCollPH,1056,16,0000459C,0,1,1,4294967295,0,0
oInvCollPH,1072,16,002CE518,0,1,1,4294967295,0,0
oInvCollPH,1088,16,002951B8,0,1,1,4294967295,0,0
oInvCollPH,1408,272,002BA791,0,1,1,4294967295,0,0
oInvCollPH,1424,272,001B0A24,0,1,1,4294967295,0,0
oInvCollPH,1440,272,00076A2A,0,1,1,4294967295,0,0
oInvCollPH,1456,272,002DD489,0,1,1,4294967295,0,0
oInvCollPH,1472,272,002121E0,0,1,1,4294967295,0,0
oInvCollPH,1488,272,00348A58,0,1,1,4294967295,0,0
oInvCollPH,1504,272,000768B4,0,1,1,4294967295,0,0
oInvCollPH,1520,272,001FE867,0,1,1,4294967295,0,0
oInvCollPH,1568,288,00377114,0,1,1,4294967295,0,0
oInvCollPH,1584,288,00107C8A,0,1,1,4294967295,0,0
oInvCollPH,2224,224,00267557,0,1,1,4294967295,0,0
oInvCollPH,2240,224,000C5286,0,1,1,4294967295,0,0
oInvCollPH,2256,224,003D4D09,0,1,1,4294967295,0,0
oInvCollPH,2608,208,0036EE95,0,1,1,4294967295,0,0
oInvCollPH,2736,208,002998EB,0,1,1,4294967295,0,0
oInvCollPH,2720,208,001DA365,0,1,1,4294967295,0,0
oInvCollPH,2704,208,0036F439,0,1,1,4294967295,0,0
oInvCollPH,2688,208,00273B58,0,1,1,4294967295,0,0
oInvCollPH,2672,208,00401224,0,1,1,4294967295,0,0
oInvCollPH,2656,208,00207B79,0,1,1,4294967295,0,0
oInvCollPH,2640,208,00207795,0,1,1,4294967295,0,0
oInvCollPH,2624,208,003A87F4,0,1,1,4294967295,0,0
oInvCollPH,2752,208,00358831,0,1,1,4294967295,0,0
oInvCollPH,2768,208,001E9A30,0,1,1,4294967295,0,0
oInvCollPH,2784,208,00395E66,0,1,1,4294967295,0,0
oInvCollPH,2800,208,001B0F00,0,1,1,4294967295,0,0
oInvCollPH,2816,208,0032059B,0,1,1,4294967295,0,0
oInvCollPH,2832,208,00339141,0,1,1,4294967295,0,0
oInvCollPH,2160,240,002B9AB6,0,1,1,4294967295,0,0
oInvCollPH,2144,240,003B3F5F,0,1,1,4294967295,0,0
oInvCollPH,2128,240,00079F8F,0,1,1,4294967295,0,0
oInvCollPH,2112,240,00259628,0,1,1,4294967295,0,0
oInvCollPH,2064,240,001EE278,0,1,1,4294967295,0,0
oInvCollPH,2048,240,00348302,0,1,1,4294967295,0,0
oInvCollPH,2032,240,000CE044,0,1,1,4294967295,0,0
oInvCollPH,2016,240,003C150A,0,1,1,4294967295,0,0
oInvCollPH,2000,240,00204EC4,0,1,1,4294967295,0,0
oInvCollPH,1920,288,00077B03,0,1,1,4294967295,0,0
oInvCollPH,2384,256,0031F417,0,1,1,4294967295,0,0
oInvCollPH,2400,272,00398B5D,0,1,1,4294967295,0,0
oInvCollPH,2416,272,00053651,0,1,1,4294967295,0,0
oInvCollPH,2432,272,003704CA,0,1,1,4294967295,0,0
oInvCollPH,2448,272,00235331,0,1,1,4294967295,0,0
oInvCollPH,1152,304,0014E5A2,0,1,1,4294967295,0,0
oInvCollPH,1168,304,0002A15E,0,1,1,4294967295,0,0
oInvCollPH,1184,304,00245CD0,0,1,1,4294967295,0,0
oInvCollPH,1200,304,003CA36D,0,1,1,4294967295,0,0
oInvCollPH,1216,304,003EEBCE,0,1,1,4294967295,0,0
oInvCollPH,1712,304,000225D8,0,1,1,4294967295,0,0
oInvCollPH,1728,304,00297E04,0,1,1,4294967295,0,0
oInvCollPH,1744,304,001B43BD,0,1,1,4294967295,0,0
oInvCollPH,1760,304,00113106,0,1,1,4294967295,0,0
oInvCollPH,1776,304,0011CF22,0,1,1,4294967295,0,0
oInvCollPH,1792,304,003989D5,0,1,1,4294967295,0,0
oInvCollPH,1824,288,001BE466,0,1,1,4294967295,0,0
oInvCollPH,1840,304,0018043C,0,1,1,4294967295,0,0
oInvCollPH,1856,304,0025FEBA,0,1,1,4294967295,0,0
oInvCollPH,2096,224,003EA337,0,1,1,4294967295,0,0
oInvCollPH,1824,208,000CD5A0,0,1,1,4294967295,0,0
oInvCollPH,1840,208,0027B92E,0,1,1,4294967295,0,0
oInvCollPH,1856,208,002D6BE3,0,1,1,4294967295,0,0
oInvCollPH,1872,208,00073079,0,1,1,4294967295,0,0
oInvCollPH,1904,192,000EBA29,0,1,1,4294967295,0,0
oInvCollPH,1920,192,0028A55D,0,1,1,4294967295,0,0
oInvCollPH,1936,192,000B1776,0,1,1,4294967295,0,0
oInvCollPH,1952,192,003C9BB5,0,1,1,4294967295,0,0
oInvCollPH,1968,192,0028AF63,0,1,1,4294967295,0,0
oInvCollPH,1888,208,003F7A23,0,1,1,4294967295,0,0
oInvCollPH,1968,208,0005F3E4,0,1,1,4294967295,0,0
oInvCollPH,1920,240,00257CC8,0,1,1,4294967295,0,0
oInvCollPH,1920,256,002895CF,0,1,1,4294967295,0,0
oInvCollPH,1936,240,003CE91F,0,1,1,4294967295,0,0
oInvCollPH,1920,272,0029BAE1,0,1,1,4294967295,0,0
oInvisibleLCeilingLowSlope,112,0,002F1035,0,1,1,4294967295,0,0
oInvisibleLCeilingLowSlope,80,16,0008702B,0,1,1,4294967295,0,0
oInvisibleLCeilingLowSlope,192,112,00366554,0,1,1,4294967295,0,0
oInvisibleRCeilingLowSlope,192,0,00109E57,0,1,1,4294967295,0,0
oInvisibleRCeilingLowSlope,288,16,003DB469,0,1,1,4294967295,0,0
oInvisibleRCeilingLowSlope,128,112,000B77A9,0,1,1,4294967295,0,0
oInvisibleRCeilingSteepSlope,64,32,0028FEA1,0,1,1,4294967295,0,0
oInvisibleRCeilingSteepSlope,48,64,00046C58,0,1,1,4294967295,0,0
oInvisibleLupLowSlope,64,272,0029335C,0,1,1,4294967295,0,0
oInvisibleLupLowSlope,96,288,00242B46,0,1,1,4294967295,0,0
oInvisibleRupLowSlope,256,288,00273BE9,0,1,1,4294967295,0,0
oInvisibleRupLowSlope,288,272,003DFB5A,0,1,1,4294967295,0,0
oInvisibleRupLowSlope,128,80,000A6825,0,1,1,4294967295,0,0
oInvisibleLupLowSlope,192,80,003320D3,0,1,1,4294967295,0,0
oInvisibleSolid,160,80,003DB37A,0,1,1,4294967295,0,1
oInvisibleSolid,120,96,0037FC14,0,1,1,4294967295,0,1
oInvisibleSolid,64,16,002909AD,0,1,1,4294967295,0,0
oInvisibleSolid,64,0,00288556,0,1,1,4294967295,0,1
oInvisibleSolid,0,0,002A83C5,0,1,1,4294967295,0,1
oInvisibleSolid,0,64,00282DD5,0,1,1,4294967295,0,1
oInvisibleSolid,0,96,00236AEF,0,1,1,4294967295,0,1
oInvisibleSolid,64,288,002D0520,0,1,1,4294967295,0,1
oInvisibleSolid,96,304,000D2408,0,1,1,4294967295,0,1
oInvisibleSolid,288,288,0023868D,0,1,1,4294967295,0,1
oInvisibleSolid,320,272,0039851F,0,1,1,4294967295,0,1
oInvisibleSolid,224,0,000AB275,0,1,1,4294967295,0,1
oInvisibleSolid,320,16,0016FCAC,0,1,1,4294967295,0,1
oInvisibleRCeilingLowSlope,672,96,00386C30,0,1,1,4294967295,0,0
oInvisibleRCeilingLowSlope,704,112,0022956E,0,1,1,4294967295,0,0
oInvisibleRCeilingLowSlope,608,16,003CFDFC,0,1,1,4294967295,0,0
oInvisibleLCeilingLowSlope,416,16,000B73F8,0,1,1,4294967295,0,0
oInvisibleRCeilingSteepSlope,832,32,0013FB4E,0,1,1,4294967295,0,0
oInvisibleRCeilingSteepSlope,816,64,00231F85,0,1,1,4294967295,0,0
oInvisibleRCeilingSteepSlope,800,96,0002D747,0,1,1,4294967295,0,0
oInvisibleRCeilingLowSlope,320,176,002BAB2F,0,1,1,4294967295,0,0
oInvisibleLCeilingLowSlope,384,176,002470D1,0,1,1,4294967295,0,0
oInvisibleLCeilingSteepSlope,640,32,00031F38,0,1,1,4294967295,0,0
oInvisibleLCeilingSteepSlope,656,64,003CCA38,0,1,1,4294967295,0,0
oInvisibleLupLowSlope,384,144,00251A41,0,1,1,4294967295,0,0
oInvisibleLupLowSlope,1056,272,001C61DF,0,1,1,4294967295,0,0
oInvisibleLupLowSlope,1120,288,001C0DB6,0,1,1,4294967295,0,0
oInvisibleRupLowSlope,320,144,002E5E9C,0,1,1,4294967295,0,0
oInvisibleRupLowSlope,512,224,002B2A9C,0,1,1,4294967295,0,0
oInvisibleRupLowSlope,672,208,000A8E25,0,1,1,4294967295,0,0
oInvisibleRupLowSlope,480,240,000A3B77,0,1,1,4294967295,0,0
oInvisibleRupLowSlope,448,256,0009F26D,0,1,1,4294967295,0,0
oInvisibleRUpSteepSlope,864,208,001A8DB8,0,1,1,4294967295,0,0
oInvisibleRUpSteepSlope,880,240,0001AFB4,0,1,1,4294967295,0,0
oInvisibleSolid,640,0,0039499E,0,1,1,4294967295,0,1
oInvisibleSolid,656,32,001B7C7F,0,1,1,4294967295,0,1
oInvisibleSolid,672,64,001FA49B,0,1,1,4294967295,0,1
oInvisibleSolid,704,96,0026FCB9,0,1,1,4294967295,0,1
oInvisibleSolid,736,112,003164BA,0,1,1,4294967295,0,1
oInvisibleSolid,1120,304,003DC446,0,1,1,4294967295,0,1
oInvisibleSolid,704,208,001CC339,0,1,1,4294967295,0,1
oInvisibleSolid,544,224,0006523E,0,1,1,4294967295,0,1
oInvisibleSolid,512,240,00055D5D,0,1,1,4294967295,0,1
oInvisibleSolid,480,256,001CDC4B,0,1,1,4294967295,0,1
oInvisibleSolid,352,144,00318D54,0,1,1,4294967295,0,1
oInvisibleSolid,312,160,002E17A3,0,1,1,4294967295,0,1
oInvisibleRupLowSlope,2560,208,00365969,0,1,1,4294967295,0,0
oInvisibleRupLowSlope,2528,224,0009DF40,0,1,1,4294967295,0,0
oInvisibleRupLowSlope,2496,240,002A9C07,0,1,1,4294967295,0,0
oInvisibleRupLowSlope,2464,256,00205D47,0,1,1,4294967295,0,0
oInvisibleRupLowSlope,2176,224,002B5D92,0,1,1,4294967295,0,0
oInvisibleRupLowSlope,1952,240,0006E455,0,1,1,4294967295,0,0
oInvisibleRupLowSlope,1872,288,00059C96,0,1,1,4294967295,0,0
oInvisibleRupLowSlope,1600,272,003F8015,0,1,1,4294967295,0,0
oInvisibleRupLowSlope,1552,144,00141EFD,0,1,1,4294967295,0,0
oInvisibleLupLowSlope,1328,208,001A3932,0,1,1,4294967295,0,0
oInvisibleLupLowSlope,1536,272,00112706,0,1,1,4294967295,0,0
oInvisibleLupLowSlope,2272,224,003B6494,0,1,1,4294967295,0,0
oInvisibleLupLowSlope,2304,240,001EF29C,0,1,1,4294967295,0,0
oInvisibleLupLowSlope,2336,256,000AE0AC,0,1,1,4294967295,0,0
oInvisibleRUpSteepSlope,1696,272,000441E5,0,1,1,4294967295,0,0
oInvisibleRUpSteepSlope,1360,224,003826B2,0,1,1,4294967295,0,0
oInvisibleLupLowSlope,1616,144,003BB4C6,0,1,1,4294967295,0,0
oInvisibleLupLowSlope,1376,256,0025B42A,0,1,1,4294967295,0,0
oInvisibleLUpSteepSlope,1248,208,001E121C,0,1,1,4294967295,0,0
oInvisibleLUpSteepSlope,1232,240,00218454,0,1,1,4294967295,0,0
oInvisibleLUpSteepSlope,1216,272,002CB315,0,1,1,4294967295,0,0
oInvisibleLCeilingLowSlope,1152,48,002C6634,0,1,1,4294967295,0,0
oInvisibleLCeilingLowSlope,1344,48,0021B7D8,0,1,1,4294967295,0,0
oInvisibleLCeilingLowSlope,1376,32,00185261,0,1,1,4294967295,0,0
oInvisibleLCeilingLowSlope,1408,16,00143135,0,1,1,4294967295,0,0
oInvisibleLCeilingLowSlope,1616,176,0032FC72,0,1,1,4294967295,0,0
oInvisibleLCeilingLowSlope,2112,48,0031D253,0,1,1,4294967295,0,0
oInvisibleLCeilingLowSlope,2208,32,003300FB,0,1,1,4294967295,0,0
oInvisibleLCeilingLowSlope,2240,16,00240643,0,1,1,4294967295,0,0
oInvisibleRCeilingLowSlope,2752,112,002B2089,0,1,1,4294967295,0,0
oInvisibleRCeilingLowSlope,2704,64,0016CFC4,0,1,1,4294967295,0,0
oInvisibleRCeilingLowSlope,2656,16,001CCA83,0,1,1,4294967295,0,0
oInvisibleRCeilingLowSlope,2016,48,00271FA6,0,1,1,4294967295,0,0
oInvisibleRCeilingLowSlope,1984,32,00329AA2,0,1,1,4294967295,0,0
oInvisibleRCeilingLowSlope,1952,16,00128858,0,1,1,4294967295,0,0
oInvisibleRCeilingLowSlope,1552,176,002D57B3,0,1,1,4294967295,0,0
oInvisibleRCeilingLowSlope,1280,48,000626FD,0,1,1,4294967295,0,0
oInvisibleLCeilingSteepSlope,1104,32,002CB4FB,0,1,1,4294967295,0,0
oInvisibleLCeilingSteepSlope,2688,32,00349CC9,0,1,1,4294967295,0,0
oInvisibleLCeilingSteepSlope,2736,80,002E34AC,0,1,1,4294967295,0,0
oInvisibleSolid,1584,128,000E64DB,0,1,1,4294967295,0,1
oInvisibleSolid,1544,160,0039C5F7,0,1,1,4294967295,0,1
oInvisibleSolid,1632,272,003BC815,0,1,1,4294967295,0,1
oInvisibleSolid,1264,208,000B2240,0,1,1,4294967295,0,1
oInvisibleSolid,1264,224,00056721,0,1,1,4294967295,0,1
oInvisibleSolid,1248,240,002A9ADD,0,1,1,4294967295,0,1
oInvisibleSolid,1360,256,002BACAD,0,1,1,4294967295,0,0
oInvisibleSolid,1232,272,00286314,0,1,1,4294967295,0,1
oInvisibleSolid,1232,288,000D4E14,0,1,1,4294967295,0,1
oInvisibleSolid,2208,224,0003675B,0,1,1,4294967295,0,1
oInvisibleSolid,1984,240,000CBAF5,0,1,1,4294967295,0,1
oInvisibleSolid,1952,256,0020F56B,0,1,1,4294967295,0,1
oInvisibleSolid,1952,272,00164E97,0,1,1,4294967295,0,1
oInvisibleSolid,1904,288,0029890D,0,1,1,4294967295,0,1
oInvisibleSolid,2592,208,00097D29,0,1,1,4294967295,0,1
oInvisibleSolid,2560,224,00318EEF,0,1,1,4294967295,0,1
oInvisibleSolid,2528,240,0009E563,0,1,1,4294967295,0,1
oInvisibleSolid,2496,256,00050F9D,0,1,1,4294967295,0,1
oInvisibleSolid,2784,112,0019837B,0,1,1,4294967295,0,1
oInvisibleSolid,2736,64,003BF9F8,0,1,1,4294967295,0,0
oInvisibleSolid,2752,64,003DAA10,0,1,1,4294967295,0,1
oInvisibleSolid,2688,16,000AA1D5,0,1,1,4294967295,0,0
oInvisibleSolid,2704,0,001DFD72,0,1,1,4294967295,0,1
oInvisibleSolid,1312,48,003E99CD,0,1,1,4294967295,0,1
oInvisibleSolid,1120,48,0004C34B,0,1,1,4294967295,0,1
oInvisibleSolid,1120,32,0032263B,0,1,1,4294967295,0,1
oInvisibleSolid,1408,0,002170DD,0,1,1,4294967295,0,1
oInvisibleSolid,2048,48,0012AFA5,0,1,1,4294967295,0,1
oInvisibleSolid,2016,32,0023188C,0,1,1,4294967295,0,1
oInvisibleSolid,1984,16,001AE803,0,1,1,4294967295,0,1
oInvisibleSolid,160,288,0023D6F4,0,1,1,4294967295,0,1
oInvisibleSolid,576,208,00170780,0,1,1,4294967295,0,1
oInvisibleSolid,992,256,00115D0D,0,1,1,4294967295,0,1
oInvisibleSolid,1808,288,002136A0,0,1,1,4294967295,0,1
oInvisibleSolid,2080,224,000A9790,0,1,1,4294967295,0,1
oInvisibleSolid,2368,256,00282CC0,0,1,1,4294967295,0,1
oInvisibleSolid,1808,208,003FE715,0,1,1,4294967295,0,1
oInvisibleSolid,1888,192,0011AD5E,0,1,1,4294967295,0,1
oInvisibleRCeilingSlope,1904,224,00254CC9,0,1,1,4294967295,0,0
oInvisibleLCeilingSlope,1952,224,001F337C,0,1,1,4294967295,0,0
oInvisibleSolid,1920,224,0021D2FF,0,1,1,4294967295,0,1
oInvisibleSolid,736,128,002A9D21,0,1,1,4294967295,0,1
