oExit,352,-16,00043111,0,1,1,4294967295,0,1
oExit,0,144,0001410E,0,1,1,4294967295,0,1
oExit,0,304,001E9708,0,1,1,4294967295,0,1
oMorphBombUpgrade,288,128,003E2123,0,1,1,4294967295,0,1
oWeaponLevelUpgrade,352,288,0028DF3A,0,1,1,4294967295,0,1
oMetroidBlockDisappear,80,128,000B1EBF,0,1,1,4294967295,0,1
oMetroidBlockDisappear,96,128,0038028F,0,1,1,4294967295,0,1
oMetroidBlockDisappear,112,128,003D9C53,0,1,1,4294967295,0,1
oMetroidBlockDisappear,400,208,0022F6DD,0,1,1,4294967295,0,1
oMetroidBlockDisappear,416,208,00054452,0,1,1,4294967295,0,1
oPlayer1,64,336,0018A150,0,1,1,4294967295,0,0
oMetLava,0,256,003F4DF2,0,1,1,4294967295,0,1
oInvCollSM,16,144,003AF332,0,1,1,4294967295,0,0
oInvCollSM,32,144,002BC5C8,0,1,1,4294967295,0,0
oInvCollSM,48,144,002B7FFB,0,1,1,4294967295,0,0
oInvCollSM,64,144,0006AC23,0,1,1,4294967295,0,0
oInvCollSM,16,304,00243EC9,0,1,1,4294967295,0,0
oInvCollSM,32,304,0009E36B,0,1,1,4294967295,0,0
oInvCollPH,176,208,00089073,0,1,1,4294967295,0,0
oInvCollPH,192,224,0015814F,0,1,1,4294967295,0,0
oInvCollPH,288,160,00398B20,0,1,1,4294967295,0,0
oInvCollPH,288,176,0038A195,0,1,1,4294967295,0,0
oInvCollPH,288,192,00023B1E,0,1,1,4294967295,0,0
oInvCollPH,128,144,002F4470,0,1,1,4294967295,0,0
oInvCollPH,128,160,000C6D78,0,1,1,4294967295,0,0
oInvCollPH,128,176,003EE73D,0,1,1,4294967295,0,0
oInvCollPH,144,128,000F27A0,0,1,1,4294967295,0,0
oInvCollPH,144,144,002D005E,0,1,1,4294967295,0,0
oInvCollPH,144,160,003247E2,0,1,1,4294967295,0,0
oInvCollPH,144,176,0025C3CF,0,1,1,4294967295,0,0
oInvCollPH,144,192,003340F6,0,1,1,4294967295,0,0
oInvCollPH,128,192,0004266D,0,1,1,4294967295,0,0
oInvCollPH,128,208,000FCAB0,0,1,1,4294967295,0,0
oInvCollPH,128,224,0019D8B5,0,1,1,4294967295,0,0
oInvCollPH,384,224,00348099,0,1,1,4294967295,0,0
oInvCollPH,64,64,000C7767,0,1,1,4294967295,0,0
oInvCollPH,64,80,002389A1,0,1,1,4294967295,0,0
oInvCollPH,64,96,002F3945,0,1,1,4294967295,0,0
oInvCollPH,64,112,003C5178,0,1,1,4294967295,0,0
oInvCollPH,64,128,001E72F8,0,1,1,4294967295,0,0
oInvCollPH,16,176,000CDF96,0,1,1,4294967295,0,0
oInvCollPH,32,176,002AA0A9,0,1,1,4294967295,0,0
oInvCollPH,32,192,0011F297,0,1,1,4294967295,0,0
oInvCollPH,32,208,00384AA8,0,1,1,4294967295,0,0
oInvCollPH,32,224,002EE8CC,0,1,1,4294967295,0,0
oInvCollPH,32,256,0003C636,0,1,1,4294967295,0,0
oInvCollPH,32,272,00307C1E,0,1,1,4294967295,0,0
oInvCollPH,32,288,002185D7,0,1,1,4294967295,0,0
oInvCollPH,16,336,000EE82A,0,1,1,4294967295,0,0
oInvCollPH,32,336,0022B4D9,0,1,1,4294967295,0,0
oInvCollPH,48,336,00024592,0,1,1,4294967295,0,0
oInvCollPH,64,336,001AA09B,0,1,1,4294967295,0,0
oInvCollPH,80,336,002C9CFE,0,1,1,4294967295,0,0
oInvCollPH,96,336,00285F94,0,1,1,4294967295,0,0
oInvCollPH,112,336,0030F6D4,0,1,1,4294967295,0,0
oInvCollPH,128,336,0013722A,0,1,1,4294967295,0,0
oInvCollPH,144,320,0033FF49,0,1,1,4294967295,0,0
oInvCollPH,160,336,0033889F,0,1,1,4294967295,0,0
oInvCollPH,176,336,0024217B,0,1,1,4294967295,0,0
oInvCollPH,192,336,0003BF67,0,1,1,4294967295,0,0
oInvCollPH,208,336,0034D390,0,1,1,4294967295,0,0
oInvCollPH,224,336,0016D96E,0,1,1,4294967295,0,0
oInvCollPH,240,336,00180836,0,1,1,4294967295,0,0
oInvCollPH,256,336,00144821,0,1,1,4294967295,0,0
oInvCollPH,272,320,00010F1B,0,1,1,4294967295,0,0
oInvCollPH,288,336,001D585B,0,1,1,4294967295,0,0
oInvCollPH,304,336,001C760C,0,1,1,4294967295,0,0
oInvCollPH,320,336,000691BE,0,1,1,4294967295,0,0
oInvCollPH,336,336,00120CB5,0,1,1,4294967295,0,0
oInvCollPH,352,320,000225D7,0,1,1,4294967295,0,0
oInvCollPH,368,336,0026FD98,0,1,1,4294967295,0,0
oInvCollPH,384,336,001560F2,0,1,1,4294967295,0,0
oInvCollPH,400,336,00242CB6,0,1,1,4294967295,0,0
oInvCollPH,416,336,001D8B25,0,1,1,4294967295,0,0
oInvCollPH,432,80,0029CD7B,0,1,1,4294967295,0,0
oInvCollPH,432,96,00282525,0,1,1,4294967295,0,0
oInvCollPH,432,112,0020DFED,0,1,1,4294967295,0,0
oInvCollPH,432,128,000227D2,0,1,1,4294967295,0,0
oInvCollPH,432,208,0036D3E0,0,1,1,4294967295,0,0
oInvCollPH,432,192,00065105,0,1,1,4294967295,0,0
oInvCollPH,432,176,000A6004,0,1,1,4294967295,0,0
oInvCollPH,432,160,002F27E1,0,1,1,4294967295,0,0
oInvCollPH,432,144,000909F5,0,1,1,4294967295,0,0
oInvCollPH,432,288,001A0BAB,0,1,1,4294967295,0,0
oInvCollPH,432,272,0027F800,0,1,1,4294967295,0,0
oInvCollPH,432,256,0009F9FC,0,1,1,4294967295,0,0
oInvCollPH,432,240,000EF5C5,0,1,1,4294967295,0,0
oInvCollPH,432,224,002DF4B8,0,1,1,4294967295,0,0
oInvCollPH,432,304,0003D9F2,0,1,1,4294967295,0,0
oInvCollPH,432,320,0000AEAB,0,1,1,4294967295,0,0
oInvCollPH,80,48,003B4E11,0,1,1,4294967295,0,0
oInvCollPH,96,48,002B3DF6,0,1,1,4294967295,0,0
oInvCollPH,112,48,00276124,0,1,1,4294967295,0,0
oInvCollPH,128,48,002D1941,0,1,1,4294967295,0,0
oInvCollPH,144,48,0023C8F4,0,1,1,4294967295,0,0
oInvCollPH,224,48,001CDECE,0,1,1,4294967295,0,0
oInvCollPH,208,48,0004C362,0,1,1,4294967295,0,0
oInvCollPH,192,48,001323B9,0,1,1,4294967295,0,0
oInvCollPH,176,48,003067D0,0,1,1,4294967295,0,0
oInvCollPH,160,48,000DD052,0,1,1,4294967295,0,0
oInvCollPH,304,48,0026E0DA,0,1,1,4294967295,0,0
oInvCollPH,288,48,003EB420,0,1,1,4294967295,0,0
oInvCollPH,272,48,00118A45,0,1,1,4294967295,0,0
oInvCollPH,256,48,003B88B2,0,1,1,4294967295,0,0
oInvCollPH,240,48,0000217E,0,1,1,4294967295,0,0
oInvCollPH,320,48,002476BC,0,1,1,4294967295,0,0
oInvCollPH,336,48,0011304A,0,1,1,4294967295,0,0
oInvCollPH,336,32,00072189,0,1,1,4294967295,0,0
oInvCollPH,336,16,000A1D38,0,1,1,4294967295,0,0
oInvCollPH,336,0,0016DB60,0,1,1,4294967295,0,0
oInvCollPH,368,16,0022BB3A,0,1,1,4294967295,0,0
oInvCollPH,368,32,001FC760,0,1,1,4294967295,0,0
oInvCollPH,368,48,003F0766,0,1,1,4294967295,0,0
oInvCollPH,384,48,0003CB12,0,1,1,4294967295,0,0
oInvCollPH,400,48,00122F1B,0,1,1,4294967295,0,0
oInvCollPH,416,48,0031CEE0,0,1,1,4294967295,0,0
oInvCollSM,64,240,001B3317,0,1,1,4294967295,0,0
oInvCollSM,80,240,001F1922,0,1,1,4294967295,0,0
oInvCollSM,96,240,002160E6,0,1,1,4294967295,0,0
oInvCollSM,112,240,003F4C72,0,1,1,4294967295,0,0
oInvCollSM,128,240,001FACDE,0,1,1,4294967295,0,0
oInvCollSM,144,240,0008E91A,0,1,1,4294967295,0,0
oInvCollSM,160,240,0026CA81,0,1,1,4294967295,0,0
oInvCollSM,176,240,0039575F,0,1,1,4294967295,0,0
oInvCollSM,192,240,0015C384,0,1,1,4294967295,0,0
oInvCollSM,208,240,00301EA4,0,1,1,4294967295,0,0
oInvCollSM,224,240,002F1B52,0,1,1,4294967295,0,0
oInvCollSM,240,240,003417A6,0,1,1,4294967295,0,0
oInvCollSM,256,240,002A4B2D,0,1,1,4294967295,0,0
oInvCollSM,272,240,0035A32D,0,1,1,4294967295,0,0
oInvCollSM,288,240,0037410B,0,1,1,4294967295,0,0
oInvCollSM,304,240,000CA27E,0,1,1,4294967295,0,0
oInvCollSM,320,240,002B54ED,0,1,1,4294967295,0,0
oInvCollSM,336,240,003D96CD,0,1,1,4294967295,0,0
oInvCollSM,352,240,0029F5F9,0,1,1,4294967295,0,0
oInvCollSM,368,240,0019F60C,0,1,1,4294967295,0,0
oInvCollSM,384,240,003F2005,0,1,1,4294967295,0,0
oInvCollPH,208,272,001B81A1,0,1,1,4294967295,0,0
oInvCollPH,208,288,0039470A,0,1,1,4294967295,0,0
oInvCollPH,144,288,003AED97,0,1,1,4294967295,0,0
oInvCollPH,144,304,00236D51,0,1,1,4294967295,0,0
oInvCollPH,272,288,00124BC8,0,1,1,4294967295,0,0
oInvCollPH,272,304,003C9432,0,1,1,4294967295,0,0
oInvisibleSolidMorph,288,208,00147C04,0,1,1,4294967295,0,0
oInvisibleSolidMorph,0,144,0018A56C,0,1,1,4294967295,0,1
oInvisibleSolidMorph,0,304,0012E13A,0,1,1,4294967295,0,1
oInvisibleSolid,288,144,00180A35,0,1,1,4294967295,0,1
oInvisibleSolid,368,224,0029BA4F,0,1,1,4294967295,0,1
oInvisibleSolid,384,208,0032F3C1,0,1,1,4294967295,0,0
oInvisibleSolid,160,208,00260B7F,0,1,1,4294967295,0,1
oInvisibleSolid,160,224,001DC8B2,0,1,1,4294967295,0,1
oInvisibleSolid,128,128,00325A64,0,1,1,4294967295,0,1
oInvisibleSolid,0,176,0017EC25,0,1,1,4294967295,0,1
oInvisibleSolid,0,64,00191CE9,0,1,1,4294967295,0,1
oInvisibleSolid,0,0,003098B7,0,1,1,4294967295,0,1
oInvisibleSolid,0,336,002CF6E1,0,1,1,4294967295,0,1
oInvisibleSolid,432,64,000117AC,0,1,1,4294967295,0,1
oInvisibleSolid,368,0,003C0737,0,1,1,4294967295,0,1
oInvisibleSolid,144,272,0003FBE9,0,1,1,4294967295,0,1
oInvisibleSolid,208,256,0009FD2A,0,1,1,4294967295,0,1
oInvisibleSolid,272,272,0033B950,0,1,1,4294967295,0,1
oInvisibleSolidMorph,48,240,00009E46,0,1,1,4294967295,0,1
oInvisibleSolidMorph,208,304,002978A8,0,1,1,4294967295,0,0
oInvisibleSolid,352,304,002E1DF7,0,1,1,4294967295,0,1
