oExit,0,272,00216AF0,0,1,1,4294967295,0,1
oExit,1424,272,001EFABE,0,1,1,4294967295,0,1
oMissilePack,1184,224,00098CF3,0,1,1,4294967295,0,1
oMetReo,480,160,000D5B28,0,1,1,4294967295,0,1
oMetReo,712,96,002702CE,0,1,1,4294967295,0,0
oMetCacatac,368,288,002F1503,0,1,1,4294967295,0,0
oMetCacatac,448,272,00156490,0,1,1,4294967295,0,1
oMetCacatac,512,256,0038D5E0,0,1,1,4294967295,0,0
oMetSkree,1248,48,0000F8FA,0,1,1,4294967295,0,0
oMetroidBlockDisappear,608,160,00124F2D,0,1,1,4294967295,0,1
oMetroidBlockDisappear,624,160,003381D9,0,1,1,4294967295,0,1
oPlayer1,64,304,003C507F,0,1,1,4294967295,0,0
oMetroidDoorHolder,16,272,000E4C34,0,1,1,4294967295,0,1
oMetroidDoorHolder,1408,272,0000FF13,0,1,1,4294967295,0,1
oBreakableMetroidWall,1152,192,003EF16C,0,1,1,4294967295,0,1
oBreakableMetroidWall,1152,208,002E3CE0,0,1,1,4294967295,0,1
oBreakableMetroidWall,1152,224,003BA113,0,1,1,4294967295,0,1
oBreakableMetroidWall,656,176,00107984,0,1,1,4294967295,0,1
oInvCollPH,768,96,0014F48D,0,1,1,4294967295,0,0
oInvCollPH,800,96,0000E858,0,1,1,4294967295,0,0
oInvCollPH,800,112,001C3957,0,1,1,4294967295,0,0
oInvCollPH,832,96,000AC574,0,1,1,4294967295,0,0
oInvCollPH,832,112,001F5CF0,0,1,1,4294967295,0,0
oInvCollPH,832,128,0001AF99,0,1,1,4294967295,0,0
oInvCollPH,864,96,0018D5E9,0,1,1,4294967295,0,0
oInvCollPH,864,112,002D800B,0,1,1,4294967295,0,0
oInvCollPH,896,96,0003CC0C,0,1,1,4294967295,0,0
oInvCollPH,656,208,001F1A62,0,1,1,4294967295,0,0
oInvCollPH,672,208,003CF7C5,0,1,1,4294967295,0,0
oInvCollPH,672,192,000D92A0,0,1,1,4294967295,0,0
oInvCollPH,656,112,002A258A,0,1,1,4294967295,0,0
oInvCollPH,976,176,003CF44A,0,1,1,4294967295,0,0
oInvCollPH,976,192,00054FB2,0,1,1,4294967295,0,0
oInvCollPH,976,208,003E4D8E,0,1,1,4294967295,0,0
oInvCollPH,976,224,0000EF8E,0,1,1,4294967295,0,0
oInvCollPH,992,160,000FAEE8,0,1,1,4294967295,0,0
oInvCollPH,992,176,00175F8B,0,1,1,4294967295,0,0
oInvCollPH,992,192,0037A37E,0,1,1,4294967295,0,0
oInvCollPH,992,208,001688CC,0,1,1,4294967295,0,0
oInvCollPH,992,224,000BC7D2,0,1,1,4294967295,0,0
oInvCollPH,1072,96,0012D237,0,1,1,4294967295,0,0
oInvCollPH,1072,112,001700F5,0,1,1,4294967295,0,0
oInvCollPH,1072,128,001D6144,0,1,1,4294967295,0,0
oInvCollPH,1072,144,00006507,0,1,1,4294967295,0,0
oInvCollPH,1072,160,000BF8C6,0,1,1,4294967295,0,0
oInvCollPH,1072,176,0016E733,0,1,1,4294967295,0,0
oInvCollPH,1088,176,0012416F,0,1,1,4294967295,0,0
oInvCollPH,1104,176,000D625A,0,1,1,4294967295,0,0
oInvCollPH,1104,160,000015A2,0,1,1,4294967295,0,0
oInvCollPH,1104,144,003308BF,0,1,1,4294967295,0,0
oInvCollPH,1104,128,003EDC1B,0,1,1,4294967295,0,0
oInvCollPH,1104,112,002B96EA,0,1,1,4294967295,0,0
oInvCollPH,1104,96,002DB612,0,1,1,4294967295,0,0
oInvCollPH,1104,80,003C329A,0,1,1,4294967295,0,0
oInvCollPH,1408,208,0027BBC8,0,1,1,4294967295,0,0
oInvCollPH,1408,224,001454CF,0,1,1,4294967295,0,0
oInvCollPH,1424,224,00058ADC,0,1,1,4294967295,0,0
oInvCollPH,1328,304,002ECFB7,0,1,1,4294967295,0,0
oInvCollPH,1344,304,000899D2,0,1,1,4294967295,0,0
oInvCollPH,1360,304,0023D099,0,1,1,4294967295,0,0
oInvCollPH,1376,304,002E56E6,0,1,1,4294967295,0,0
oInvCollPH,1392,304,0008BA50,0,1,1,4294967295,0,0
oInvCollPH,1408,304,001DFCD9,0,1,1,4294967295,0,0
oInvCollPH,1424,304,00247648,0,1,1,4294967295,0,0
oInvCollPH,1152,144,00189496,0,1,1,4294967295,0,0
oInvCollPH,1152,160,0029A7DB,0,1,1,4294967295,0,0
oInvCollPH,1152,176,001596D1,0,1,1,4294967295,0,0
oInvCollPH,1168,176,00384133,0,1,1,4294967295,0,0
oInvCollPH,1184,176,003581EF,0,1,1,4294967295,0,0
oInvCollPH,1200,176,003E88DD,0,1,1,4294967295,0,0
oInvCollPH,1216,176,003CCCA2,0,1,1,4294967295,0,0
oInvCollPH,1216,160,003AE602,0,1,1,4294967295,0,0
oInvCollPH,1216,144,0013624B,0,1,1,4294967295,0,0
oInvCollPH,1216,128,000B3139,0,1,1,4294967295,0,0
oInvCollPH,1200,128,003B2AA2,0,1,1,4294967295,0,0
oInvCollPH,1184,128,00055007,0,1,1,4294967295,0,0
oInvCollPH,1168,128,003758A7,0,1,1,4294967295,0,0
oInvCollPH,1120,32,003AB448,0,1,1,4294967295,0,0
oInvCollPH,1136,32,00363D7D,0,1,1,4294967295,0,0
oInvCollPH,1152,32,001BACA1,0,1,1,4294967295,0,0
oInvCollPH,1168,32,000E1E99,0,1,1,4294967295,0,0
oInvCollPH,1184,32,0003F7E7,0,1,1,4294967295,0,0
oInvCollPH,1264,32,00181E3C,0,1,1,4294967295,0,0
oInvCollPH,1248,32,000FD608,0,1,1,4294967295,0,0
oInvCollPH,1232,32,0015D3D9,0,1,1,4294967295,0,0
oInvCollPH,1216,32,002AEFCC,0,1,1,4294967295,0,0
oInvCollPH,1200,32,0002FF21,0,1,1,4294967295,0,0
oInvCollPH,1280,32,0033528E,0,1,1,4294967295,0,0
oInvCollPH,1296,32,00312774,0,1,1,4294967295,0,0
oInvCollPH,1312,32,0013B17F,0,1,1,4294967295,0,0
oInvCollPH,1328,32,000C02E9,0,1,1,4294967295,0,0
oInvCollPH,1344,48,0033866A,0,1,1,4294967295,0,0
oInvCollPH,1344,64,003CC581,0,1,1,4294967295,0,0
oInvCollPH,1344,80,001401EB,0,1,1,4294967295,0,0
oInvCollPH,1344,144,0006620D,0,1,1,4294967295,0,0
oInvCollPH,1344,128,002DD460,0,1,1,4294967295,0,0
oInvCollPH,1344,112,00330E68,0,1,1,4294967295,0,0
oInvCollPH,1344,96,002FDA86,0,1,1,4294967295,0,0
oInvCollPH,1344,160,00371A6B,0,1,1,4294967295,0,0
oInvCollPH,1344,176,002CF914,0,1,1,4294967295,0,0
oInvCollPH,1360,176,0039CBA5,0,1,1,4294967295,0,0
oInvCollPH,1376,176,0003C514,0,1,1,4294967295,0,0
oInvCollPH,1392,176,0002A612,0,1,1,4294967295,0,0
oInvCollPH,192,160,00404719,0,1,1,4294967295,0,0
oInvCollPH,208,160,00389567,0,1,1,4294967295,0,0
oInvCollPH,224,160,000FED8B,0,1,1,4294967295,0,0
oInvCollPH,240,160,00358622,0,1,1,4294967295,0,0
oInvCollPH,320,160,00152FA6,0,1,1,4294967295,0,0
oInvCollPH,336,160,0006ECFC,0,1,1,4294967295,0,0
oInvCollPH,352,160,0037F89E,0,1,1,4294967295,0,0
oInvCollPH,368,160,00148B79,0,1,1,4294967295,0,0
oInvCollPH,0,224,00164DBA,0,1,1,4294967295,0,0
oInvCollPH,16,224,002E0BF4,0,1,1,4294967295,0,0
oInvCollPH,16,208,00244332,0,1,1,4294967295,0,0
oInvCollPH,16,192,000FF879,0,1,1,4294967295,0,0
oInvCollPH,16,176,001684F2,0,1,1,4294967295,0,0
oInvCollPH,16,160,003201AE,0,1,1,4294967295,0,0
oInvCollPH,16,304,0015F1E2,0,1,1,4294967295,0,0
oInvCollPH,32,304,002D6B23,0,1,1,4294967295,0,0
oInvCollPH,48,304,00285CB2,0,1,1,4294967295,0,0
oInvCollPH,64,304,002F97EB,0,1,1,4294967295,0,0
oInvCollPH,144,304,000E7289,0,1,1,4294967295,0,0
oInvCollPH,128,304,001E3507,0,1,1,4294967295,0,0
oInvCollPH,112,304,00089485,0,1,1,4294967295,0,0
oInvCollPH,96,304,001FA768,0,1,1,4294967295,0,0
oInvCollPH,80,304,000075E1,0,1,1,4294967295,0,0
oInvCollPH,224,304,0000011B,0,1,1,4294967295,0,0
oInvCollPH,208,304,001A484E,0,1,1,4294967295,0,0
oInvCollPH,192,304,002AAC13,0,1,1,4294967295,0,0
oInvCollPH,176,304,000C45D0,0,1,1,4294967295,0,0
oInvCollPH,160,304,0014E27E,0,1,1,4294967295,0,0
oInvCollPH,304,304,003B7D52,0,1,1,4294967295,0,0
oInvCollPH,288,304,0001514A,0,1,1,4294967295,0,0
oInvCollPH,272,304,0019B694,0,1,1,4294967295,0,0
oInvCollPH,256,304,00127E42,0,1,1,4294967295,0,0
oInvCollPH,240,304,001121FC,0,1,1,4294967295,0,0
oInvCollPH,320,304,0004128D,0,1,1,4294967295,0,0
oInvCollPH,352,288,0034407B,0,1,1,4294967295,0,0
oInvCollPH,368,288,0039C261,0,1,1,4294967295,0,0
oInvCollPH,384,288,0034D970,0,1,1,4294967295,0,0
oInvCollPH,416,272,000C47B7,0,1,1,4294967295,0,0
oInvCollPH,432,272,001A8572,0,1,1,4294967295,0,0
oInvCollPH,448,272,0031ADB5,0,1,1,4294967295,0,0
oInvCollPH,480,256,003B1250,0,1,1,4294967295,0,0
oInvCollPH,496,256,00024367,0,1,1,4294967295,0,0
oInvCollPH,512,256,00068347,0,1,1,4294967295,0,0
oInvCollPH,544,240,00394435,0,1,1,4294967295,0,0
oInvCollPH,560,240,0023BCF7,0,1,1,4294967295,0,0
oInvCollPH,576,240,00353C0B,0,1,1,4294967295,0,0
oInvCollPH,592,240,003EBB10,0,1,1,4294967295,0,0
oInvCollPH,608,240,000A8008,0,1,1,4294967295,0,0
oInvCollPH,624,240,000ADDDF,0,1,1,4294967295,0,0
oInvCollPH,640,240,003AA0F1,0,1,1,4294967295,0,0
oInvCollPH,656,224,00140437,0,1,1,4294967295,0,0
oInvCollPH,672,224,00227E86,0,1,1,4294967295,0,0
oInvCollPH,688,240,0006223F,0,1,1,4294967295,0,0
oInvCollPH,704,240,00302875,0,1,1,4294967295,0,0
oInvCollPH,720,240,00033002,0,1,1,4294967295,0,0
oInvCollPH,736,240,0028068D,0,1,1,4294967295,0,0
oInvCollPH,752,240,002A7142,0,1,1,4294967295,0,0
oInvCollPH,816,240,0002B88E,0,1,1,4294967295,0,0
oInvCollPH,832,240,0035F156,0,1,1,4294967295,0,0
oInvCollPH,848,240,0005A21C,0,1,1,4294967295,0,0
oInvCollPH,864,240,0003AF17,0,1,1,4294967295,0,0
oInvCollPH,880,240,00350B60,0,1,1,4294967295,0,0
oInvCollPH,896,240,003B700C,0,1,1,4294967295,0,0
oInvCollPH,912,240,00123AA0,0,1,1,4294967295,0,0
oInvCollPH,928,240,001C9CF6,0,1,1,4294967295,0,0
oInvCollPH,944,240,00289C87,0,1,1,4294967295,0,0
oInvCollPH,960,240,001BAF17,0,1,1,4294967295,0,0
oInvCollPH,1008,240,003724DF,0,1,1,4294967295,0,0
oInvCollPH,1024,240,003BDD30,0,1,1,4294967295,0,0
oInvCollPH,1040,240,0006B182,0,1,1,4294967295,0,0
oInvCollPH,1056,240,0035E9FF,0,1,1,4294967295,0,0
oInvCollPH,1072,240,0014D8EF,0,1,1,4294967295,0,0
oInvCollPH,1088,240,00178674,0,1,1,4294967295,0,0
oInvCollPH,1104,240,0029A8A1,0,1,1,4294967295,0,0
oInvCollPH,1120,240,002D34C5,0,1,1,4294967295,0,0
oInvCollPH,1136,240,003566F8,0,1,1,4294967295,0,0
oInvCollPH,1216,224,000785BB,0,1,1,4294967295,0,0
oInvCollPH,1168,240,0040099E,0,1,1,4294967295,0,0
oInvCollPH,1184,240,003A1769,0,1,1,4294967295,0,0
oInvCollPH,1200,240,002708D6,0,1,1,4294967295,0,0
oInvCollPH,1216,240,000FF754,0,1,1,4294967295,0,0
oInvCollPH,1232,240,00329D3D,0,1,1,4294967295,0,0
oInvCollPH,1248,240,003EFA2C,0,1,1,4294967295,0,0
oInvCollPH,1264,240,00354D1B,0,1,1,4294967295,0,0
oInvCollPH,1280,240,0031BBC7,0,1,1,4294967295,0,0
oInvCollPH,1296,240,00219117,0,1,1,4294967295,0,0
oInvCollPH,1296,256,00163FAE,0,1,1,4294967295,0,0
oInvCollPH,1296,272,003A4D14,0,1,1,4294967295,0,0
oInvCollPH,1296,288,002062B0,0,1,1,4294967295,0,0
oInvCollPH,688,64,001BF178,0,1,1,4294967295,0,0
oInvCollPH,704,64,000FEE9D,0,1,1,4294967295,0,0
oInvCollPH,720,64,001EFF82,0,1,1,4294967295,0,0
oInvCollPH,752,64,00281717,0,1,1,4294967295,0,0
oInvCollPH,784,64,0003D6BA,0,1,1,4294967295,0,0
oInvCollPH,816,64,0022ADC5,0,1,1,4294967295,0,0
oInvCollPH,848,64,003DF505,0,1,1,4294967295,0,0
oInvCollPH,880,64,00067F39,0,1,1,4294967295,0,0
oInvCollPH,912,64,0023977F,0,1,1,4294967295,0,0
oInvCollPH,944,64,001661A3,0,1,1,4294967295,0,0
oInvCollPH,960,64,002E456A,0,1,1,4294967295,0,0
oInvCollPH,976,64,002279C9,0,1,1,4294967295,0,0
oInvCollPH,992,64,001E43F4,0,1,1,4294967295,0,0
oInvCollPH,1008,64,003D8956,0,1,1,4294967295,0,0
oInvCollPH,1024,64,001ED092,0,1,1,4294967295,0,0
oInvCollPH,1040,64,0039020E,0,1,1,4294967295,0,0
oInvCollPH,1056,64,003A249E,0,1,1,4294967295,0,0
oInvCollPH,1104,64,0007722D,0,1,1,4294967295,0,0
oInvCollPH,1104,48,00097512,0,1,1,4294967295,0,0
oInvCollPH,512,112,000E7CA7,0,1,1,4294967295,0,0
oInvCollPH,528,112,0017BBE4,0,1,1,4294967295,0,0
oInvCollPH,544,112,00196D5B,0,1,1,4294967295,0,0
oInvCollPH,560,112,00190C7A,0,1,1,4294967295,0,0
oInvCollPH,576,112,000E3A6E,0,1,1,4294967295,0,0
oInvCollPH,592,144,002BBEF2,0,1,1,4294967295,0,0
oInvCollPH,608,112,002D7E68,0,1,1,4294967295,0,0
oInvCollPH,624,112,0038CC2C,0,1,1,4294967295,0,0
oInvCollPH,640,112,0008841C,0,1,1,4294967295,0,0
oInvCollPH,672,64,0014F2D2,0,1,1,4294967295,0,0
oInvCollPH,656,96,0032E82C,0,1,1,4294967295,0,0
oInvCollPH,656,80,00290361,0,1,1,4294967295,0,0
oInvCollPH,448,128,00337EF1,0,1,1,4294967295,0,0
oInvCollPH,464,128,001331A8,0,1,1,4294967295,0,0
oInvCollPH,480,128,0022BD98,0,1,1,4294967295,0,0
oInvCollPH,496,128,0003E24A,0,1,1,4294967295,0,0
oInvCollPH,32,144,002D6CB2,0,1,1,4294967295,0,0
oInvCollPH,48,144,003D51E3,0,1,1,4294967295,0,0
oInvCollPH,64,144,00204A3F,0,1,1,4294967295,0,0
oInvCollPH,80,144,000DAA34,0,1,1,4294967295,0,0
oInvCollPH,96,144,0039B438,0,1,1,4294967295,0,0
oInvCollPH,112,144,002D3D19,0,1,1,4294967295,0,0
oInvCollPH,128,144,001C739F,0,1,1,4294967295,0,0
oInvCollPH,144,144,003D9F95,0,1,1,4294967295,0,0
oInvCollPH,160,144,00104E95,0,1,1,4294967295,0,0
oInvCollPH,256,144,00065EE8,0,1,1,4294967295,0,0
oInvCollPH,272,144,00146D0C,0,1,1,4294967295,0,0
oInvCollPH,288,144,000BDAF3,0,1,1,4294967295,0,0
oInvCollPH,384,144,002DD5C7,0,1,1,4294967295,0,0
oInvCollPH,400,144,000E6DA6,0,1,1,4294967295,0,0
oInvCollPH,416,144,00357ECF,0,1,1,4294967295,0,0
oInvCollPH,432,144,003B30B1,0,1,1,4294967295,0,0
oInvCollPH,800,208,003636A3,0,1,1,4294967295,0,0
oInvCollPH,800,224,0010934B,0,1,1,4294967295,0,0
oInvCollPH,1216,208,0026F334,0,1,1,4294967295,0,0
oInvCollPH,1152,240,00143212,0,1,1,4294967295,0,0
oInvCollPH,592,160,0039374B,0,1,1,4294967295,0,0
oInvCollSM,656,160,000B008A,0,1,1,4294967295,0,0
oInvisibleSolid,0,160,003E8366,0,1,1,4294967295,0,1
oInvisibleSolid,176,160,0009EB41,0,1,1,4294967295,0,1
oInvisibleSolid,304,160,000A5D80,0,1,1,4294967295,0,1
oInvisibleSolid,0,0,00033C54,0,1,1,4294967295,0,1
oInvisibleSolid,0,304,00360106,0,1,1,4294967295,0,1
oInvisibleSolid,448,0,0007F0E8,0,1,1,4294967295,0,1
oInvisibleSolid,512,0,0021C45F,0,1,1,4294967295,0,1
oInvisibleSolid,656,192,0011777A,0,1,1,4294967295,0,1
oInvisibleSolid,336,288,0000A707,0,1,1,4294967295,0,1
oInvisibleSolid,400,272,0025167A,0,1,1,4294967295,0,1
oInvisibleSolid,464,256,00100DAF,0,1,1,4294967295,0,1
oInvisibleSolid,528,240,0018936B,0,1,1,4294967295,0,1
oInvisibleSolid,672,0,000108DC,0,1,1,4294967295,0,1
oInvisibleSolid,736,80,003B7947,0,1,1,4294967295,0,0
oInvisibleSolid,768,80,0036C808,0,1,1,4294967295,0,1
oInvisibleSolid,800,80,0002CCD6,0,1,1,4294967295,0,1
oInvisibleSolid,832,80,001201ED,0,1,1,4294967295,0,1
oInvisibleSolid,864,80,0026D4FB,0,1,1,4294967295,0,1
oInvisibleSolid,896,80,0029A698,0,1,1,4294967295,0,1
oInvisibleSolid,928,80,0028BD47,0,1,1,4294967295,0,0
oInvisibleSolid,976,160,0037A304,0,1,1,4294967295,0,1
oInvisibleSolid,1072,80,0035A797,0,1,1,4294967295,0,1
oInvisibleSolid,1120,0,001E14EE,0,1,1,4294967295,0,1
oInvisibleSolid,1152,128,00201DF9,0,1,1,4294967295,0,1
oInvisibleSolid,1344,0,003831C1,0,1,1,4294967295,0,1
oInvisibleSolid,1408,192,0021ECE4,0,1,1,4294967295,0,1
oInvisibleSolid,1312,304,001CB399,0,1,1,4294967295,0,1
oInvisibleSolid,768,224,001215B6,0,1,1,4294967295,0,0
oInvisibleSolid,784,208,00364458,0,1,1,4294967295,0,1
oInvisibleSolid,800,192,003144B2,0,1,1,4294967295,0,1
oInvisibleSolid,1216,192,003F86D2,0,1,1,4294967295,0,1
oInvisibleSolid,592,128,0030BC6F,0,1,1,4294967295,0,1
oInvisibleSolidMorph,640,160,00173FBF,0,1,1,4294967295,0,1
