oCh17SecDoor,800,192,001A4130,0,1,1,4294967295,0,1
oCh17SecDoor,1376,224,0029087C,0,1,1,4294967295,0,1
oCh17SecDoor,2080,544,0001CDB3,0,1,1,4294967295,0,1
oCh17SecDoor,3392,1056,003FA5E3,0,1,1,4294967295,0,1
oExit,0,128,000BB809,0,1,1,4294967295,0,1
oSignPost,1280,672,0037E578,0,1,1,4294967295,0,1
oHPF_Console,1824,672,00121B7B,0,1,1,4294967295,0,1
oExit,4048,1344,000BF9FC,0,1,1,4294967295,0,1
oZeldaBreakPot,2496,880,0000529E,0,1,1,4294967295,0,0
oZeldaBreakPot,2512,880,000D178C,0,1,1,4294967295,0,0
oLargeJumper,1060,648,0006FAEF,0,1,1,4294967295,0,0
oLargeJumper,1028,472,0017E092,0,1,1,4294967295,0,0
oControlCenterComputer,1856,288,0021DC82,0,1,1,4294967295,0,0
oLargeJumper,2820,920,0020914F,0,1,1,4294967295,0,0
oLargeJumper,2724,1080,002AAAFE,0,1,1,4294967295,0,0
oLargeJumper,3492,1352,000C9177,0,1,1,4294967295,0,0
oFacCamera,1312,208,0007C821,0,1,1,4294967295,0,1
oFacDrone,720,224,0000F374,0,1,1,4294967295,0,1
oFacDrone,720,384,0010BA39,0,1,1,4294967295,0,1
oFacCamera,592,192,000A2FD6,0,1,1,4294967295,0,1
oFacCamera,1648,96,000917C1,0,1,1,4294967295,0,1
oInjectorVirus,1792,272,003A2B40,0,1,1,4294967295,0,1
oFacLaserTurret,1696,544,000A9556,0,1,1,4294967295,0,0
oFacLaserTurret,1824,544,003B4813,0,1,1,4294967295,0,0
oFacLaserTurret,1952,544,001F9EAC,0,1,1,4294967295,0,0
oInjectorVirus,1664,560,003BE1EF,0,1,1,4294967295,0,1
oFacCleaner,2640,736,00304638,0,1,1,4294967295,0,0
oFacCamera,2784,704,0021B8BC,0,1,1,4294967295,0,1
oFacCamera,3168,1024,0038C328,0,1,1,4294967295,0,1
oFacDrone,3024,1104,003ADC11,0,1,1,4294967295,0,0
oFacDrone,3248,1136,001E5FD9,0,1,1,4294967295,0,1
oInjectorVirus,2512,848,001BE057,0,1,1,4294967295,0,1
oInjectorVirus,2416,752,001AAB14,0,1,1,4294967295,0,1
oInjectorVirus,2512,656,003A28FD,0,1,1,4294967295,0,1
oInjectorVirus,2896,1248,00038DF0,0,1,1,4294967295,0,1
oInjectorVirus,2992,1280,001E345C,0,1,1,4294967295,0,1
oInjectorVirus,3056,1264,00393F66,0,1,1,4294967295,0,1
oPlayer1,48,160,000AE6EA,0,1,1,4294967295,0,0
oBreakableMetroidWall,1728,192,00384BA5,0,1,1,4294967295,0,1
oBreakableMetroidWall,1728,208,00188929,0,1,1,4294967295,0,1
oBreakableMetroidWall,1744,192,00087FFF,0,1,1,4294967295,0,1
oBreakableMetroidWall,1744,208,003E4FDE,0,1,1,4294967295,0,1
oInvCollPH,16,160,002EAEFF,0,1,1,4294967295,0,0
oInvCollPH,32,160,00171DDC,0,1,1,4294967295,0,0
oInvCollPH,48,160,003F8C6C,0,1,1,4294967295,0,0
oInvCollPH,64,160,00321B7B,0,1,1,4294967295,0,0
oInvCollPH,80,160,00392F12,0,1,1,4294967295,0,0
oInvCollPH,96,160,00065019,0,1,1,4294967295,0,0
oInvCollPH,112,160,00055039,0,1,1,4294967295,0,0
oInvCollPH,128,160,000DD60C,0,1,1,4294967295,0,0
oInvCollPH,144,160,002CB8BD,0,1,1,4294967295,0,0
oInvCollPH,144,176,00110C54,0,1,1,4294967295,0,0
oInvCollPH,144,192,00263A55,0,1,1,4294967295,0,0
oInvCollPH,144,208,0008BFEE,0,1,1,4294967295,0,0
oInvCollPH,144,224,003F11B4,0,1,1,4294967295,0,0
oInvCollPH,144,240,001F5473,0,1,1,4294967295,0,0
oInvCollPH,480,272,00286E1B,0,1,1,4294967295,0,0
oInvCollPH,496,272,002AC646,0,1,1,4294967295,0,0
oInvCollPH,496,256,0007F73C,0,1,1,4294967295,0,0
oInvCollPH,576,336,000DA490,0,1,1,4294967295,0,0
oInvCollPH,592,336,003DB1A3,0,1,1,4294967295,0,0
oInvCollPH,592,320,00070483,0,1,1,4294967295,0,0
oInvCollPH,672,272,0024FD6C,0,1,1,4294967295,0,0
oInvCollPH,688,272,000D26B1,0,1,1,4294967295,0,0
oInvCollPH,688,256,00008D92,0,1,1,4294967295,0,0
oInvCollPH,0,80,0003F366,0,1,1,4294967295,0,0
oInvCollPH,16,80,001F8F59,0,1,1,4294967295,0,0
oInvCollPH,32,80,002E5478,0,1,1,4294967295,0,0
oInvCollPH,48,80,00342485,0,1,1,4294967295,0,0
oInvCollPH,64,80,0038286D,0,1,1,4294967295,0,0
oInvCollPH,80,80,000008E4,0,1,1,4294967295,0,0
oInvCollPH,96,80,0031A90C,0,1,1,4294967295,0,0
oInvCollPH,112,80,003B659F,0,1,1,4294967295,0,0
oInvCollPH,128,80,0001E4CC,0,1,1,4294967295,0,0
oInvCollPH,144,80,00313B59,0,1,1,4294967295,0,0
oInvCollPH,144,64,003B5DA4,0,1,1,4294967295,0,0
oInvCollPH,160,48,001F1C0A,0,1,1,4294967295,0,0
oInvCollPH,176,48,0017D441,0,1,1,4294967295,0,0
oInvCollPH,192,48,00266013,0,1,1,4294967295,0,0
oInvCollPH,208,48,0032AD68,0,1,1,4294967295,0,0
oInvCollPH,224,48,00321AFD,0,1,1,4294967295,0,0
oInvCollPH,240,48,001A832D,0,1,1,4294967295,0,0
oInvCollPH,256,48,0011CF6F,0,1,1,4294967295,0,0
oInvCollPH,272,48,001506A7,0,1,1,4294967295,0,0
oInvCollPH,288,48,00198557,0,1,1,4294967295,0,0
oInvCollPH,304,48,001CC2D9,0,1,1,4294967295,0,0
oInvCollPH,320,48,001DB8FC,0,1,1,4294967295,0,0
oInvCollPH,336,48,0039A770,0,1,1,4294967295,0,0
oInvCollPH,176,256,0036421A,0,1,1,4294967295,0,0
oInvCollPH,176,272,00256546,0,1,1,4294967295,0,0
oInvCollPH,1344,208,000B3E89,0,1,1,4294967295,0,0
oInvCollPH,1360,208,00194D03,0,1,1,4294967295,0,0
oInvCollPH,1376,208,0029766A,0,1,1,4294967295,0,0
oInvCollPH,1392,208,001A7174,0,1,1,4294967295,0,0
oInvCollPH,1408,208,0028C2D9,0,1,1,4294967295,0,0
oInvCollPH,1424,208,000B6D9F,0,1,1,4294967295,0,0
oInvCollPH,1424,192,002B142A,0,1,1,4294967295,0,0
oInvCollPH,1296,192,00180438,0,1,1,4294967295,0,0
oInvCollPH,1312,192,000D3021,0,1,1,4294967295,0,0
oInvCollPH,1328,192,002E23D9,0,1,1,4294967295,0,0
oInvCollPH,864,208,000E5277,0,1,1,4294967295,0,0
oInvCollPH,880,208,0033AA2C,0,1,1,4294967295,0,0
oInvCollPH,896,208,00223711,0,1,1,4294967295,0,0
oInvCollPH,912,208,00024A26,0,1,1,4294967295,0,0
oInvCollPH,928,208,00267A3A,0,1,1,4294967295,0,0
oInvCollPH,944,208,002F1DE1,0,1,1,4294967295,0,0
oInvCollPH,960,208,002C9243,0,1,1,4294967295,0,0
oInvCollPH,976,208,0029303E,0,1,1,4294967295,0,0
oInvCollPH,992,208,003801C2,0,1,1,4294967295,0,0
oInvCollPH,1008,208,00250EAD,0,1,1,4294967295,0,0
oInvCollPH,1024,208,00227BA2,0,1,1,4294967295,0,0
oInvCollPH,1040,208,00072C25,0,1,1,4294967295,0,0
oInvCollPH,1056,208,002E2F7A,0,1,1,4294967295,0,0
oInvCollPH,1072,208,000A6FB8,0,1,1,4294967295,0,0
oInvCollPH,1088,208,0031EB52,0,1,1,4294967295,0,0
oInvCollPH,1104,208,003B7AEC,0,1,1,4294967295,0,0
oInvCollPH,1120,208,0034C39E,0,1,1,4294967295,0,0
oInvCollPH,1136,208,00082C41,0,1,1,4294967295,0,0
oInvCollPH,1152,208,0019B6DA,0,1,1,4294967295,0,0
oInvCollPH,1168,208,002DB45C,0,1,1,4294967295,0,0
oInvCollPH,1184,208,001CADA0,0,1,1,4294967295,0,0
oInvCollPH,1200,208,0020CC5D,0,1,1,4294967295,0,0
oInvCollPH,1216,208,001D9FEE,0,1,1,4294967295,0,0
oInvCollPH,1232,208,0003703B,0,1,1,4294967295,0,0
oInvCollPH,1248,208,003A56D7,0,1,1,4294967295,0,0
oInvCollPH,1264,208,00168F2D,0,1,1,4294967295,0,0
oInvCollPH,352,64,00118552,0,1,1,4294967295,0,0
oInvCollPH,352,80,0036F2C9,0,1,1,4294967295,0,0
oInvCollPH,352,96,0008F2AC,0,1,1,4294967295,0,0
oInvCollPH,352,112,000C0CD4,0,1,1,4294967295,0,0
oInvCollPH,352,128,002792C4,0,1,1,4294967295,0,0
oInvCollPH,352,144,0018A8B7,0,1,1,4294967295,0,0
oInvCollPH,352,160,002BE2F8,0,1,1,4294967295,0,0
oInvCollPH,352,176,0033B9BD,0,1,1,4294967295,0,0
oInvCollPH,368,176,001D68C4,0,1,1,4294967295,0,0
oInvCollPH,384,176,002FD1CD,0,1,1,4294967295,0,0
oInvCollPH,400,176,0024C099,0,1,1,4294967295,0,0
oInvCollPH,416,176,00174469,0,1,1,4294967295,0,0
oInvCollPH,432,176,000B8144,0,1,1,4294967295,0,0
oInvCollPH,448,176,0039A534,0,1,1,4294967295,0,0
oInvCollPH,464,176,001AA218,0,1,1,4294967295,0,0
oInvCollPH,480,176,002E3AA5,0,1,1,4294967295,0,0
oInvCollPH,496,176,001D039A,0,1,1,4294967295,0,0
oInvCollPH,512,176,00210220,0,1,1,4294967295,0,0
oInvCollPH,528,176,003915D5,0,1,1,4294967295,0,0
oInvCollPH,544,176,0027D364,0,1,1,4294967295,0,0
oInvCollPH,560,176,00213AAA,0,1,1,4294967295,0,0
oInvCollPH,576,176,000BF512,0,1,1,4294967295,0,0
oInvCollPH,592,176,00092029,0,1,1,4294967295,0,0
oInvCollPH,608,176,003A256A,0,1,1,4294967295,0,0
oInvCollPH,624,176,002C6B53,0,1,1,4294967295,0,0
oInvCollPH,640,176,00215AF8,0,1,1,4294967295,0,0
oInvCollPH,656,176,002AFF1E,0,1,1,4294967295,0,0
oInvCollPH,672,176,0018B10C,0,1,1,4294967295,0,0
oInvCollPH,688,176,002678F5,0,1,1,4294967295,0,0
oInvCollPH,704,176,000AF50B,0,1,1,4294967295,0,0
oInvCollPH,720,176,0014DA5D,0,1,1,4294967295,0,0
oInvCollPH,736,176,003288EF,0,1,1,4294967295,0,0
oInvCollPH,752,176,003A7B65,0,1,1,4294967295,0,0
oInvCollPH,768,176,00283A4D,0,1,1,4294967295,0,0
oInvCollPH,784,176,000416A6,0,1,1,4294967295,0,0
oInvCollPH,800,176,0028B078,0,1,1,4294967295,0,0
oInvCollPH,816,176,0005F36B,0,1,1,4294967295,0,0
oInvCollPH,832,176,00105AF3,0,1,1,4294967295,0,0
oInvCollPH,848,176,003DC997,0,1,1,4294967295,0,0
oInvCollPH,1424,176,001D48B7,0,1,1,4294967295,0,0
oInvCollPH,1424,160,003EE7B9,0,1,1,4294967295,0,0
oInvCollPH,1424,144,0013962F,0,1,1,4294967295,0,0
oInvCollPH,1424,96,0000BB21,0,1,1,4294967295,0,0
oInvCollPH,1424,128,001907A6,0,1,1,4294967295,0,0
oInvCollPH,1424,112,00058300,0,1,1,4294967295,0,0
oInvCollPH,1040,672,00000946,0,1,1,4294967295,0,0
oInvCollPH,1056,672,00192936,0,1,1,4294967295,0,0
oInvCollPH,1072,672,003C45FA,0,1,1,4294967295,0,0
oInvCollPH,1088,672,001AEAE8,0,1,1,4294967295,0,0
oInvCollPH,1104,672,0031D196,0,1,1,4294967295,0,0
oInvCollPH,1120,672,0007DDC4,0,1,1,4294967295,0,0
oInvCollPH,1136,672,00323C40,0,1,1,4294967295,0,0
oInvCollPH,1040,496,0019077C,0,1,1,4294967295,0,0
oInvCollPH,1136,496,002ABBD6,0,1,1,4294967295,0,0
oInvCollPH,1744,128,00367B5D,0,1,1,4294967295,0,0
oInvCollPH,1744,144,000AA796,0,1,1,4294967295,0,0
oInvCollPH,1744,160,003A7746,0,1,1,4294967295,0,0
oInvCollPH,1744,176,00132F9F,0,1,1,4294967295,0,0
oInvCollPH,1728,176,0017CF20,0,1,1,4294967295,0,0
oInvCollPH,1728,144,003F64BC,0,1,1,4294967295,0,0
oInvCollPH,1728,160,0019DDB3,0,1,1,4294967295,0,0
oInvCollPH,1744,224,0020E460,0,1,1,4294967295,0,0
oInvCollPH,1744,240,001A7F4E,0,1,1,4294967295,0,0
oInvCollPH,1744,256,0007B7CA,0,1,1,4294967295,0,0
oInvCollPH,1744,272,00034B3F,0,1,1,4294967295,0,0
oInvCollPH,1728,240,00369733,0,1,1,4294967295,0,0
oInvCollPH,1728,256,003310ED,0,1,1,4294967295,0,0
oInvCollPH,1728,272,003156EB,0,1,1,4294967295,0,0
oInvCollPH,1584,80,00246DA3,0,1,1,4294967295,0,0
oInvCollPH,1568,80,0018D73D,0,1,1,4294967295,0,0
oInvCollPH,1552,80,0016A17A,0,1,1,4294967295,0,0
oInvCollPH,1536,80,0021DDDB,0,1,1,4294967295,0,0
oInvCollPH,1520,80,001C8CD1,0,1,1,4294967295,0,0
oInvCollPH,1504,80,0002F90D,0,1,1,4294967295,0,0
oInvCollPH,1488,80,0018724A,0,1,1,4294967295,0,0
oInvCollPH,1472,80,00095769,0,1,1,4294967295,0,0
oInvCollPH,1456,80,00050205,0,1,1,4294967295,0,0
oInvCollPH,1440,80,002CE7B9,0,1,1,4294967295,0,0
oInvCollPH,1600,80,003C871F,0,1,1,4294967295,0,0
oInvCollPH,1616,80,00373ACC,0,1,1,4294967295,0,0
oInvCollPH,1632,80,000EC422,0,1,1,4294967295,0,0
oInvCollPH,1648,80,0026839B,0,1,1,4294967295,0,0
oInvCollPH,1664,80,00134270,0,1,1,4294967295,0,0
oInvCollPH,1680,80,002A8EDA,0,1,1,4294967295,0,0
oInvCollPH,1696,80,003FF758,0,1,1,4294967295,0,0
oInvCollPH,1712,80,0027797B,0,1,1,4294967295,0,0
oInvCollPH,1728,96,001EAABD,0,1,1,4294967295,0,0
oInvCollPH,1728,112,00387A02,0,1,1,4294967295,0,0
oInvCollPH,1760,112,00337C47,0,1,1,4294967295,0,0
oInvCollPH,1776,112,00297550,0,1,1,4294967295,0,0
oInvCollPH,1792,112,00248A2B,0,1,1,4294967295,0,0
oInvCollPH,1808,112,002AB306,0,1,1,4294967295,0,0
oInvCollPH,1824,112,00260314,0,1,1,4294967295,0,0
oInvCollPH,1840,112,0040073B,0,1,1,4294967295,0,0
oInvCollPH,1856,112,00311DFF,0,1,1,4294967295,0,0
oInvCollPH,1872,112,00042745,0,1,1,4294967295,0,0
oInvCollPH,1888,112,00342A32,0,1,1,4294967295,0,0
oInvCollPH,1904,112,002F00C4,0,1,1,4294967295,0,0
oInvCollPH,1920,112,0014A424,0,1,1,4294967295,0,0
oInvCollPH,1936,112,0033CE6A,0,1,1,4294967295,0,0
oInvCollPH,800,336,00145544,0,1,1,4294967295,0,0
oInvCollPH,816,320,003DFE03,0,1,1,4294967295,0,0
oInvCollPH,816,336,000F634D,0,1,1,4294967295,0,0
oInvCollPH,1952,144,001C5133,0,1,1,4294967295,0,0
oInvCollPH,1952,160,00061FA4,0,1,1,4294967295,0,0
oInvCollPH,1952,176,001D2247,0,1,1,4294967295,0,0
oInvCollPH,1952,192,00071393,0,1,1,4294967295,0,0
oInvCollPH,1952,208,000D511A,0,1,1,4294967295,0,0
oInvCollPH,1952,224,00196CF2,0,1,1,4294967295,0,0
oInvCollPH,1952,240,00131502,0,1,1,4294967295,0,0
oInvCollPH,1952,256,003B4135,0,1,1,4294967295,0,0
oInvCollPH,1952,272,0013F815,0,1,1,4294967295,0,0
oInvCollPH,1936,288,0036E75D,0,1,1,4294967295,0,0
oInvCollPH,1920,288,00086780,0,1,1,4294967295,0,0
oInvCollPH,1904,288,001804DC,0,1,1,4294967295,0,0
oInvCollPH,1888,288,001D5260,0,1,1,4294967295,0,0
oInvCollPH,1760,288,00135C97,0,1,1,4294967295,0,0
oInvCollPH,1776,288,0019FF2C,0,1,1,4294967295,0,0
oInvCollPH,1792,288,0008BABE,0,1,1,4294967295,0,0
oInvCollPH,1808,288,000FD357,0,1,1,4294967295,0,0
oInvCollPH,1824,288,000CF857,0,1,1,4294967295,0,0
oInvCollPH,1840,288,003BA112,0,1,1,4294967295,0,0
oInvCollPH,1856,288,000CA2FA,0,1,1,4294967295,0,0
oInvCollPH,1872,288,001F55A2,0,1,1,4294967295,0,0
oInvCollPH,1520,288,002AB284,0,1,1,4294967295,0,0
oInvCollPH,1536,288,00179A3A,0,1,1,4294967295,0,0
oInvCollPH,1552,288,0010F3A3,0,1,1,4294967295,0,0
oInvCollPH,1568,288,0015AFFB,0,1,1,4294967295,0,0
oInvCollPH,1584,288,001494B1,0,1,1,4294967295,0,0
oInvCollPH,1600,288,0036D9C6,0,1,1,4294967295,0,0
oInvCollPH,1616,288,00269BB4,0,1,1,4294967295,0,0
oInvCollPH,1632,288,003B5BAB,0,1,1,4294967295,0,0
oInvCollPH,1648,288,00271C45,0,1,1,4294967295,0,0
oInvCollPH,1664,288,0015B81E,0,1,1,4294967295,0,0
oInvCollPH,1680,288,00206CEF,0,1,1,4294967295,0,0
oInvCollPH,1696,288,000AF4AF,0,1,1,4294967295,0,0
oInvCollPH,1712,288,0006628F,0,1,1,4294967295,0,0
oInvCollPH,1504,304,0009CFC4,0,1,1,4294967295,0,0
oInvCollPH,1504,320,0032749A,0,1,1,4294967295,0,0
oInvCollPH,1504,336,0028AE3C,0,1,1,4294967295,0,0
oInvCollPH,1152,368,003632EC,0,1,1,4294967295,0,0
oInvCollPH,1152,384,002C52AC,0,1,1,4294967295,0,0
oInvCollPH,1152,400,0036E1CD,0,1,1,4294967295,0,0
oInvCollPH,1152,416,00185833,0,1,1,4294967295,0,0
oInvCollPH,1152,432,003ED7C8,0,1,1,4294967295,0,0
oInvCollPH,1152,448,00181BB4,0,1,1,4294967295,0,0
oInvCollPH,1152,464,00123C3F,0,1,1,4294967295,0,0
oInvCollPH,1152,480,000E48A6,0,1,1,4294967295,0,0
oInvCollPH,1152,512,00050935,0,1,1,4294967295,0,0
oInvCollPH,1152,528,001729DE,0,1,1,4294967295,0,0
oInvCollPH,1168,528,003CD482,0,1,1,4294967295,0,0
oInvCollPH,1184,528,0036C0F3,0,1,1,4294967295,0,0
oInvCollPH,1200,528,003F6EF8,0,1,1,4294967295,0,0
oInvCollPH,1216,528,00268222,0,1,1,4294967295,0,0
oInvCollPH,1232,528,0005BABC,0,1,1,4294967295,0,0
oInvCollPH,1248,528,0029D487,0,1,1,4294967295,0,0
oInvCollPH,1264,528,0006776D,0,1,1,4294967295,0,0
oInvCollPH,1280,528,000F1634,0,1,1,4294967295,0,0
oInvCollPH,1296,528,003DAF42,0,1,1,4294967295,0,0
oInvCollPH,1168,352,001082BC,0,1,1,4294967295,0,0
oInvCollPH,1184,352,00171982,0,1,1,4294967295,0,0
oInvCollPH,1200,352,001E2D2D,0,1,1,4294967295,0,0
oInvCollPH,1216,352,0035CFA0,0,1,1,4294967295,0,0
oInvCollPH,1232,352,001A7B1A,0,1,1,4294967295,0,0
oInvCollPH,1248,352,00381944,0,1,1,4294967295,0,0
oInvCollPH,1264,352,002CE40C,0,1,1,4294967295,0,0
oInvCollPH,1280,352,000301C5,0,1,1,4294967295,0,0
oInvCollPH,1296,352,00038CA2,0,1,1,4294967295,0,0
oInvCollPH,800,368,002080B7,0,1,1,4294967295,0,0
oInvCollPH,800,384,001BB4C4,0,1,1,4294967295,0,0
oInvCollPH,800,400,0035A4E4,0,1,1,4294967295,0,0
oInvCollPH,832,352,000264C1,0,1,1,4294967295,0,0
oInvCollPH,848,352,002F5527,0,1,1,4294967295,0,0
oInvCollPH,864,352,002DA48D,0,1,1,4294967295,0,0
oInvCollPH,880,352,001E2F20,0,1,1,4294967295,0,0
oInvCollPH,896,352,001E696C,0,1,1,4294967295,0,0
oInvCollPH,912,352,0021DE5D,0,1,1,4294967295,0,0
oInvCollPH,928,352,00107EBA,0,1,1,4294967295,0,0
oInvCollPH,944,352,00376864,0,1,1,4294967295,0,0
oInvCollPH,960,352,000BED26,0,1,1,4294967295,0,0
oInvCollPH,976,352,00068AF5,0,1,1,4294967295,0,0
oInvCollPH,992,352,00200E37,0,1,1,4294967295,0,0
oInvCollPH,1008,352,001B9201,0,1,1,4294967295,0,0
oInvCollPH,1008,368,00197173,0,1,1,4294967295,0,0
oInvCollPH,1008,384,003FF6BA,0,1,1,4294967295,0,0
oInvCollPH,1008,400,003FE46E,0,1,1,4294967295,0,0
oInvCollPH,192,288,00096385,0,1,1,4294967295,0,0
oInvCollPH,208,288,002AFB25,0,1,1,4294967295,0,0
oInvCollPH,224,288,000D9B1A,0,1,1,4294967295,0,0
oInvCollPH,240,288,001B3F89,0,1,1,4294967295,0,0
oInvCollPH,256,288,001D480D,0,1,1,4294967295,0,0
oInvCollPH,272,288,0008F151,0,1,1,4294967295,0,0
oInvCollPH,272,304,0033680B,0,1,1,4294967295,0,0
oInvCollPH,288,320,001D0EEC,0,1,1,4294967295,0,0
oInvCollPH,304,320,0008700B,0,1,1,4294967295,0,0
oInvCollPH,320,320,001880D7,0,1,1,4294967295,0,0
oInvCollPH,336,320,002178BF,0,1,1,4294967295,0,0
oInvCollPH,352,320,00013FDB,0,1,1,4294967295,0,0
oInvCollPH,368,320,0021EB1D,0,1,1,4294967295,0,0
oInvCollPH,368,336,001C18BC,0,1,1,4294967295,0,0
oInvCollPH,368,352,0035EE3C,0,1,1,4294967295,0,0
oInvCollPH,368,368,00195E0D,0,1,1,4294967295,0,0
oInvCollPH,368,384,001EFA8B,0,1,1,4294967295,0,0
oInvCollPH,368,400,001C69C0,0,1,1,4294967295,0,0
oInvCollPH,384,416,001D4787,0,1,1,4294967295,0,0
oInvCollPH,400,416,00344192,0,1,1,4294967295,0,0
oInvCollPH,416,416,001B4DA8,0,1,1,4294967295,0,0
oInvCollPH,432,416,002ECC0D,0,1,1,4294967295,0,0
oInvCollPH,448,416,0014B3A2,0,1,1,4294967295,0,0
oInvCollPH,464,416,000D0D26,0,1,1,4294967295,0,0
oInvCollPH,784,416,0027E546,0,1,1,4294967295,0,0
oInvCollPH,768,416,0020B990,0,1,1,4294967295,0,0
oInvCollPH,752,416,0016FEE2,0,1,1,4294967295,0,0
oInvCollPH,736,416,003A38B5,0,1,1,4294967295,0,0
oInvCollPH,720,416,00325914,0,1,1,4294967295,0,0
oInvCollPH,704,416,000B4D93,0,1,1,4294967295,0,0
oInvCollPH,688,416,000020C1,0,1,1,4294967295,0,0
oInvCollPH,672,416,00392FB7,0,1,1,4294967295,0,0
oInvCollPH,656,416,00245EC7,0,1,1,4294967295,0,0
oInvCollPH,640,416,0029F8A6,0,1,1,4294967295,0,0
oInvCollPH,1008,416,001D35A7,0,1,1,4294967295,0,0
oInvCollPH,1008,432,002DC1DA,0,1,1,4294967295,0,0
oInvCollPH,1008,448,000872C2,0,1,1,4294967295,0,0
oInvCollPH,1008,464,001D1F62,0,1,1,4294967295,0,0
oInvCollPH,624,416,002EC1E3,0,1,1,4294967295,0,0
oInvCollPH,608,416,003040C7,0,1,1,4294967295,0,0
oInvCollPH,592,416,003ED63E,0,1,1,4294967295,0,0
oInvCollPH,576,416,000B7A75,0,1,1,4294967295,0,0
oInvCollPH,560,416,00159EAE,0,1,1,4294967295,0,0
oInvCollPH,544,416,000F3345,0,1,1,4294967295,0,0
oInvCollPH,528,416,00123166,0,1,1,4294967295,0,0
oInvCollPH,512,416,001C76FA,0,1,1,4294967295,0,0
oInvCollPH,496,416,00075AEE,0,1,1,4294967295,0,0
oInvCollPH,480,416,00119033,0,1,1,4294967295,0,0
oInvCollPH,1008,480,0020C891,0,1,1,4294967295,0,0
oInvCollPH,1008,512,00169400,0,1,1,4294967295,0,0
oInvCollPH,1008,528,0014109A,0,1,1,4294967295,0,0
oInvCollPH,1008,544,001EE043,0,1,1,4294967295,0,0
oInvCollPH,1008,560,0015DD23,0,1,1,4294967295,0,0
oInvCollPH,1008,576,001D5352,0,1,1,4294967295,0,0
oInvCollPH,1008,592,00356953,0,1,1,4294967295,0,0
oInvCollPH,1008,608,00059891,0,1,1,4294967295,0,0
oInvCollPH,1008,624,003A1E3A,0,1,1,4294967295,0,0
oInvCollPH,1008,640,000270BD,0,1,1,4294967295,0,0
oInvCollPH,1008,656,00020543,0,1,1,4294967295,0,0
oInvCollPH,1152,672,00219F9E,0,1,1,4294967295,0,0
oInvCollPH,1168,672,0012ADF0,0,1,1,4294967295,0,0
oInvCollPH,1328,672,0023D339,0,1,1,4294967295,0,0
oInvCollPH,1312,672,000ABB21,0,1,1,4294967295,0,0
oInvCollPH,1296,672,001AF200,0,1,1,4294967295,0,0
oInvCollPH,1280,672,0004BBD5,0,1,1,4294967295,0,0
oInvCollPH,1264,672,001B3B3D,0,1,1,4294967295,0,0
oInvCollPH,1248,672,0017C97D,0,1,1,4294967295,0,0
oInvCollPH,1232,672,001804B4,0,1,1,4294967295,0,0
oInvCollPH,1216,672,001CA743,0,1,1,4294967295,0,0
oInvCollPH,1200,672,00340947,0,1,1,4294967295,0,0
oInvCollPH,1184,672,0023DBDF,0,1,1,4294967295,0,0
oInvCollPH,1488,352,0031167F,0,1,1,4294967295,0,0
oInvCollPH,1472,352,001CB6AA,0,1,1,4294967295,0,0
oInvCollPH,1456,352,00031A3E,0,1,1,4294967295,0,0
oInvCollPH,1440,352,0034AA97,0,1,1,4294967295,0,0
oInvCollPH,1424,352,0039AB6F,0,1,1,4294967295,0,0
oInvCollPH,1408,352,000F7A71,0,1,1,4294967295,0,0
oInvCollPH,1392,352,0032B3EE,0,1,1,4294967295,0,0
oInvCollPH,1376,352,002F8B81,0,1,1,4294967295,0,0
oInvCollPH,1360,352,0032C916,0,1,1,4294967295,0,0
oInvCollPH,1344,352,002078BD,0,1,1,4294967295,0,0
oInvCollPH,1328,352,000AE456,0,1,1,4294967295,0,0
oInvCollPH,1312,352,00036EAE,0,1,1,4294967295,0,0
oInvCollPH,1312,528,00083713,0,1,1,4294967295,0,0
oInvCollPH,1328,528,000EFE9F,0,1,1,4294967295,0,0
oInvCollPH,1344,528,003EEB76,0,1,1,4294967295,0,0
oInvCollPH,1360,528,00339D1A,0,1,1,4294967295,0,0
oInvCollPH,1376,528,002BBDFE,0,1,1,4294967295,0,0
oInvCollPH,1392,528,001EF031,0,1,1,4294967295,0,0
oInvCollPH,1408,528,003C883C,0,1,1,4294967295,0,0
oInvCollPH,1424,528,002EE772,0,1,1,4294967295,0,0
oInvCollPH,1440,528,0017E1ED,0,1,1,4294967295,0,0
oInvCollPH,1456,528,002CEEC0,0,1,1,4294967295,0,0
oInvCollPH,1472,528,000E2E09,0,1,1,4294967295,0,0
oInvCollPH,1488,528,003E1182,0,1,1,4294967295,0,0
oEnemySpawnZone,1248,224,000D4436,0,1,1,4294967295,0,1
oEnemySpawnZone,384,384,00192117,0,1,1,4294967295,0,1
oEnemySpawnZone,576,288,001E835A,0,1,1,4294967295,0,1
oInvCollPH,1344,672,000F59D6,0,1,1,4294967295,0,0
oInvCollPH,1360,672,002F6909,0,1,1,4294967295,0,0
oInvCollPH,1376,672,00286EEC,0,1,1,4294967295,0,0
oInvCollPH,1392,672,00172A38,0,1,1,4294967295,0,0
oInvCollPH,1408,672,000424D0,0,1,1,4294967295,0,0
oInvCollPH,1424,672,001D5721,0,1,1,4294967295,0,0
oInvCollPH,1440,672,000CCBA4,0,1,1,4294967295,0,0
oInvCollPH,1456,672,0032277F,0,1,1,4294967295,0,0
oInvCollPH,1472,672,001A45AA,0,1,1,4294967295,0,0
oInvCollPH,1488,672,00379EB7,0,1,1,4294967295,0,0
oInvCollPH,1504,672,000FDD91,0,1,1,4294967295,0,0
oInvCollPH,1520,672,00227628,0,1,1,4294967295,0,0
oInvCollPH,1536,672,00254C21,0,1,1,4294967295,0,0
oInvCollPH,1552,672,001F5545,0,1,1,4294967295,0,0
oInvCollPH,1568,672,000CCC58,0,1,1,4294967295,0,0
oInvCollPH,1584,672,00266779,0,1,1,4294967295,0,0
oInvCollPH,1600,672,0036A9B4,0,1,1,4294967295,0,0
oInvCollPH,1616,672,003EAB50,0,1,1,4294967295,0,0
oInvCollPH,1632,672,003AEF81,0,1,1,4294967295,0,0
oInvCollPH,1648,672,0024B54A,0,1,1,4294967295,0,0
oInvCollPH,1664,672,0023F93F,0,1,1,4294967295,0,0
oInvCollPH,1680,672,00140F05,0,1,1,4294967295,0,0
oInvCollPH,1696,672,001EF2ED,0,1,1,4294967295,0,0
oInvCollPH,1712,672,001A9392,0,1,1,4294967295,0,0
oInvCollPH,1728,672,003F85FC,0,1,1,4294967295,0,0
oInvCollPH,1744,672,0008EF3A,0,1,1,4294967295,0,0
oInvCollPH,1760,672,00028300,0,1,1,4294967295,0,0
oInvCollPH,1776,672,0015403D,0,1,1,4294967295,0,0
oInvCollPH,1792,672,0012D389,0,1,1,4294967295,0,0
oInvCollPH,1808,672,00280AB8,0,1,1,4294967295,0,0
oInvCollPH,1824,672,0005FDDE,0,1,1,4294967295,0,0
oInvCollPH,1840,672,003BB4FA,0,1,1,4294967295,0,0
oInvCollPH,1856,672,002CE478,0,1,1,4294967295,0,0
oInvCollPH,1872,672,0026C9AE,0,1,1,4294967295,0,0
oInvCollPH,1888,672,000AE661,0,1,1,4294967295,0,0
oInvCollPH,1904,672,000E87F7,0,1,1,4294967295,0,0
oInvCollPH,1920,672,003FB328,0,1,1,4294967295,0,0
oInvCollPH,1936,672,000FDAF6,0,1,1,4294967295,0,0
oInvCollPH,1952,672,000195C1,0,1,1,4294967295,0,0
oInvCollPH,1968,672,00189568,0,1,1,4294967295,0,0
oInvCollPH,1984,672,00273A20,0,1,1,4294967295,0,0
oInvCollPH,2000,672,002C89CB,0,1,1,4294967295,0,0
oInvCollPH,2016,672,0034BAC1,0,1,1,4294967295,0,0
oInvCollPH,2032,672,0010C12B,0,1,1,4294967295,0,0
oInvCollPH,2048,672,0038FFC3,0,1,1,4294967295,0,0
oInvCollPH,2064,672,001BB8F0,0,1,1,4294967295,0,0
oInvCollPH,2080,672,003C2880,0,1,1,4294967295,0,0
oInvCollPH,2096,672,0018DE52,0,1,1,4294967295,0,0
oInvCollPH,2112,672,0015DAD7,0,1,1,4294967295,0,0
oInvCollPH,2128,672,001BE144,0,1,1,4294967295,0,0
oInvCollPH,2144,672,0010787E,0,1,1,4294967295,0,0
oInvCollPH,2160,672,003D4D5F,0,1,1,4294967295,0,0
oInvCollPH,1504,528,002C98C9,0,1,1,4294967295,0,0
oInvCollPH,1520,528,002366F9,0,1,1,4294967295,0,0
oInvCollPH,1536,528,0015003D,0,1,1,4294967295,0,0
oInvCollPH,1552,528,001D77E3,0,1,1,4294967295,0,0
oInvCollPH,1568,528,00270B6B,0,1,1,4294967295,0,0
oInvCollPH,1584,528,000D5830,0,1,1,4294967295,0,0
oInvCollPH,1600,528,00306436,0,1,1,4294967295,0,0
oInvCollPH,1616,528,0032C08D,0,1,1,4294967295,0,0
oInvCollPH,1632,528,002E653D,0,1,1,4294967295,0,0
oInvCollPH,1648,528,0016BBAE,0,1,1,4294967295,0,0
oInvCollPH,1664,528,00309629,0,1,1,4294967295,0,0
oInvCollPH,1680,528,000B4439,0,1,1,4294967295,0,0
oInvCollPH,1696,528,002289C8,0,1,1,4294967295,0,0
oInvCollPH,1712,528,00025DFB,0,1,1,4294967295,0,0
oInvCollPH,1728,528,000371BE,0,1,1,4294967295,0,0
oInvCollPH,1744,528,00163A5E,0,1,1,4294967295,0,0
oInvCollPH,1760,528,000A65F2,0,1,1,4294967295,0,0
oInvCollPH,1776,528,003555AA,0,1,1,4294967295,0,0
oInvCollPH,1792,528,001B8FF5,0,1,1,4294967295,0,0
oInvCollPH,1808,528,00243819,0,1,1,4294967295,0,0
oInvCollPH,1824,528,0019A150,0,1,1,4294967295,0,0
oInvCollPH,1840,528,003DB593,0,1,1,4294967295,0,0
oInvCollPH,1856,528,00349A1A,0,1,1,4294967295,0,0
oInvCollPH,1872,528,00106BEA,0,1,1,4294967295,0,0
oInvCollPH,1888,528,0036910D,0,1,1,4294967295,0,0
oInvCollPH,1904,528,0020682A,0,1,1,4294967295,0,0
oInvCollPH,1920,528,002E40F8,0,1,1,4294967295,0,0
oInvCollPH,1936,528,000F0422,0,1,1,4294967295,0,0
oInvCollPH,1952,528,003CCD2B,0,1,1,4294967295,0,0
oInvCollPH,1968,528,0010553A,0,1,1,4294967295,0,0
oInvCollPH,1984,528,003DC718,0,1,1,4294967295,0,0
oInvCollPH,2000,528,002F4173,0,1,1,4294967295,0,0
oInvCollPH,2016,528,000655B4,0,1,1,4294967295,0,0
oInvCollPH,2032,528,00077623,0,1,1,4294967295,0,0
oInvCollPH,2048,528,0008A3F6,0,1,1,4294967295,0,0
oInvCollPH,2064,528,00317717,0,1,1,4294967295,0,0
oInvCollPH,2080,528,00173D2C,0,1,1,4294967295,0,0
oInvCollPH,2096,528,0009B76C,0,1,1,4294967295,0,0
oInvCollPH,2112,528,000F0B4D,0,1,1,4294967295,0,0
oInvCollPH,2128,528,002074ED,0,1,1,4294967295,0,0
oInvCollPH,2144,528,0013AC34,0,1,1,4294967295,0,0
oInvCollPH,2160,528,0027A2BC,0,1,1,4294967295,0,0
oInvCollPH,2176,528,00136885,0,1,1,4294967295,0,0
oInvCollPH,2192,528,002BAC3C,0,1,1,4294967295,0,0
oInvCollPH,2208,528,0000D26D,0,1,1,4294967295,0,0
oInvCollPH,2224,528,0027B539,0,1,1,4294967295,0,0
oInvCollPH,2240,528,0007FAA9,0,1,1,4294967295,0,0
oInvCollPH,2256,528,001167AD,0,1,1,4294967295,0,0
oInvCollPH,2272,528,00170E61,0,1,1,4294967295,0,0
oInvCollPH,2288,528,000EBE96,0,1,1,4294967295,0,0
oEnemySpawnZone,1536,544,0011BAA9,0,1,1,4294967295,0,1
oInvCollPH,2832,944,003A76A1,0,1,1,4294967295,0,0
oInvCollPH,2736,1104,0001419D,0,1,1,4294967295,0,0
oInvCollPH,1952,128,000CA2A3,0,1,1,4294967295,0,0
oInvCollPH,2560,816,0003FAB2,0,1,1,4294967295,0,0
oInvCollPH,2560,832,0031763D,0,1,1,4294967295,0,0
oInvCollPH,2560,848,0024DEBB,0,1,1,4294967295,0,0
oInvCollPH,2560,864,0009A5F5,0,1,1,4294967295,0,0
oInvCollPH,2560,880,003B27CE,0,1,1,4294967295,0,0
oInvCollPH,2576,800,0028D600,0,1,1,4294967295,0,0
oInvCollPH,2592,800,003A8E2C,0,1,1,4294967295,0,0
oInvCollPH,2608,800,003C9EF5,0,1,1,4294967295,0,0
oInvCollPH,2624,800,00182CD7,0,1,1,4294967295,0,0
oInvCollPH,2640,800,000AD948,0,1,1,4294967295,0,0
oInvCollPH,2656,800,00369BCF,0,1,1,4294967295,0,0
oInvCollPH,2672,800,003F7068,0,1,1,4294967295,0,0
oInvCollPH,2688,800,0014E545,0,1,1,4294967295,0,0
oInvCollPH,2704,800,001C4FEA,0,1,1,4294967295,0,0
oInvCollPH,2704,816,000EE0FA,0,1,1,4294967295,0,0
oInvCollPH,2704,832,003DDE62,0,1,1,4294967295,0,0
oInvCollPH,2704,848,00119A07,0,1,1,4294967295,0,0
oInvCollPH,2704,864,000FBD09,0,1,1,4294967295,0,0
oInvCollPH,2704,880,00059339,0,1,1,4294967295,0,0
oInvCollPH,3968,1200,0003A52B,0,1,1,4294967295,0,0
oInvCollPH,3968,1216,0005DE97,0,1,1,4294967295,0,0
oInvCollPH,3968,1232,001663ED,0,1,1,4294967295,0,0
oInvCollPH,3968,1248,0006C61B,0,1,1,4294967295,0,0
oInvCollPH,3968,1264,0030E43B,0,1,1,4294967295,0,0
oInvCollPH,3968,1280,000BFCB6,0,1,1,4294967295,0,0
oInvCollPH,3968,1296,00143F84,0,1,1,4294967295,0,0
oInvCollPH,3984,1296,001D3470,0,1,1,4294967295,0,0
oInvCollPH,4000,1296,00192169,0,1,1,4294967295,0,0
oInvCollPH,4016,1296,00138D18,0,1,1,4294967295,0,0
oInvCollPH,4032,1296,001B36BF,0,1,1,4294967295,0,0
oInvCollPH,4048,1296,0038B9EB,0,1,1,4294967295,0,0
oInvCollPH,3504,1376,002B48B6,0,1,1,4294967295,0,0
oInvCollPH,3520,1376,001638EB,0,1,1,4294967295,0,0
oInvCollPH,3536,1376,0028C5EF,0,1,1,4294967295,0,0
oInvCollPH,3552,1376,00299DC1,0,1,1,4294967295,0,0
oInvCollPH,3568,1376,001FAB3C,0,1,1,4294967295,0,0
oInvCollPH,3584,1376,0020EA77,0,1,1,4294967295,0,0
oInvCollPH,3600,1376,00133327,0,1,1,4294967295,0,0
oInvCollPH,3616,1376,00234EF5,0,1,1,4294967295,0,0
oInvCollPH,3632,1376,003F6D24,0,1,1,4294967295,0,0
oInvCollPH,3648,1376,0010832E,0,1,1,4294967295,0,0
oInvCollPH,3664,1376,00128175,0,1,1,4294967295,0,0
oInvCollPH,3680,1376,00215451,0,1,1,4294967295,0,0
oInvCollPH,3696,1376,002C1E55,0,1,1,4294967295,0,0
oInvCollPH,3712,1376,00023528,0,1,1,4294967295,0,0
oInvCollPH,3728,1376,002FB607,0,1,1,4294967295,0,0
oInvCollPH,3744,1376,001F9A33,0,1,1,4294967295,0,0
oInvCollPH,3760,1376,0019131E,0,1,1,4294967295,0,0
oInvCollPH,3776,1376,0019A052,0,1,1,4294967295,0,0
oInvCollPH,3792,1376,00046590,0,1,1,4294967295,0,0
oInvCollPH,3808,1376,0001BD24,0,1,1,4294967295,0,0
oInvCollPH,3824,1376,00201968,0,1,1,4294967295,0,0
oInvCollPH,3840,1376,0029E8EB,0,1,1,4294967295,0,0
oInvCollPH,3856,1376,002682AC,0,1,1,4294967295,0,0
oInvCollPH,3872,1376,0029AF4D,0,1,1,4294967295,0,0
oInvCollPH,3888,1376,002BEE27,0,1,1,4294967295,0,0
oInvCollPH,3904,1376,0009339E,0,1,1,4294967295,0,0
oInvCollPH,3920,1376,00037727,0,1,1,4294967295,0,0
oInvCollPH,3936,1376,0007007A,0,1,1,4294967295,0,0
oInvCollPH,3952,1376,0007EB76,0,1,1,4294967295,0,0
oInvCollPH,3968,1376,0023DBAF,0,1,1,4294967295,0,0
oInvCollPH,3984,1376,000892D9,0,1,1,4294967295,0,0
oInvCollPH,4000,1376,000D1931,0,1,1,4294967295,0,0
oInvCollPH,4016,1376,002B501D,0,1,1,4294967295,0,0
oInvCollPH,4032,1376,0028F552,0,1,1,4294967295,0,0
oInvCollPH,4048,1376,0038C694,0,1,1,4294967295,0,0
oInvCollPH,3584,1200,00150B18,0,1,1,4294967295,0,0
oInvCollPH,3584,1216,000D2B93,0,1,1,4294967295,0,0
oInvCollPH,3584,1232,00045D30,0,1,1,4294967295,0,0
oInvCollPH,3584,1248,003DEC2F,0,1,1,4294967295,0,0
oInvCollPH,3584,1264,00272D14,0,1,1,4294967295,0,0
oInvCollPH,3584,1280,00114D1A,0,1,1,4294967295,0,0
oInvCollPH,3584,1296,0038D0D5,0,1,1,4294967295,0,0
oInvCollPH,3600,1296,002A80EC,0,1,1,4294967295,0,0
oInvCollPH,3616,1296,003D6B55,0,1,1,4294967295,0,0
oInvCollPH,3632,1296,001C9043,0,1,1,4294967295,0,0
oInvCollPH,3648,1296,000302A3,0,1,1,4294967295,0,0
oInvCollPH,3664,1296,001D1931,0,1,1,4294967295,0,0
oInvCollPH,3680,1296,002DDAAF,0,1,1,4294967295,0,0
oInvCollPH,3696,1296,002FC849,0,1,1,4294967295,0,0
oInvCollPH,3712,1296,0028243A,0,1,1,4294967295,0,0
oInvCollPH,3728,1296,001B5852,0,1,1,4294967295,0,0
oInvCollPH,3728,1280,0016BF30,0,1,1,4294967295,0,0
oInvCollPH,3728,1264,0026C1E6,0,1,1,4294967295,0,0
oInvCollPH,3728,1248,002CFECB,0,1,1,4294967295,0,0
oInvCollPH,3728,1232,0021BA7A,0,1,1,4294967295,0,0
oInvCollPH,3728,1216,000F1845,0,1,1,4294967295,0,0
oInvCollPH,3728,1200,0003BB0A,0,1,1,4294967295,0,0
oInvCollPH,3728,1184,001F57F6,0,1,1,4294967295,0,0
oInvCollPH,3584,1040,000D32E7,0,1,1,4294967295,0,0
oInvCollPH,3584,1056,003A1FA9,0,1,1,4294967295,0,0
oInvCollPH,3584,1072,00207617,0,1,1,4294967295,0,0
oInvCollPH,3584,1088,00042EA2,0,1,1,4294967295,0,0
oInvCollPH,3584,1104,00014405,0,1,1,4294967295,0,0
oInvCollPH,3584,1120,002BC3D1,0,1,1,4294967295,0,0
oInvCollPH,3584,1136,0010A587,0,1,1,4294967295,0,0
oInvCollPH,3584,1152,003B4EAB,0,1,1,4294967295,0,0
oInvCollPH,3584,1168,001A8EE4,0,1,1,4294967295,0,0
oInvCollPH,3744,1168,0020DA43,0,1,1,4294967295,0,0
oInvCollPH,3760,1168,0019AB28,0,1,1,4294967295,0,0
oInvCollPH,3776,1168,003CB278,0,1,1,4294967295,0,0
oInvCollPH,3792,1168,000629CF,0,1,1,4294967295,0,0
oInvCollPH,3808,1168,00243633,0,1,1,4294967295,0,0
oInvCollPH,3824,1168,002EDF23,0,1,1,4294967295,0,0
oInvCollPH,3840,1168,002429C2,0,1,1,4294967295,0,0
oInvCollPH,3856,1168,0013D6DF,0,1,1,4294967295,0,0
oInvCollPH,3872,1168,003E8FA1,0,1,1,4294967295,0,0
oInvCollPH,3888,1168,002CBDA7,0,1,1,4294967295,0,0
oInvCollPH,3904,1168,0008D74B,0,1,1,4294967295,0,0
oInvCollPH,3920,1168,00057CA3,0,1,1,4294967295,0,0
oInvCollPH,3936,1168,00272726,0,1,1,4294967295,0,0
oInvCollPH,3952,1168,00348895,0,1,1,4294967295,0,0
oInvCollPH,3360,1040,0018DAA4,0,1,1,4294967295,0,0
oInvCollPH,3376,1040,00021FD5,0,1,1,4294967295,0,0
oInvCollPH,3392,1040,0012F0C2,0,1,1,4294967295,0,0
oInvCollPH,3408,1040,000A7D8B,0,1,1,4294967295,0,0
oInvCollPH,3424,1040,0027DE2E,0,1,1,4294967295,0,0
oInvCollPH,3440,1040,00125DA8,0,1,1,4294967295,0,0
oInvCollPH,3440,1024,003404DE,0,1,1,4294967295,0,0
oInvCollPH,3472,1360,00083E83,0,1,1,4294967295,0,0
oInvCollPH,3472,1344,00056DEE,0,1,1,4294967295,0,0
oInvCollPH,3472,1328,000C8DF1,0,1,1,4294967295,0,0
oInvCollPH,3472,1312,001127C0,0,1,1,4294967295,0,0
oInvCollPH,2736,1184,0033A757,0,1,1,4294967295,0,0
oInvCollPH,2752,1184,00260268,0,1,1,4294967295,0,0
oInvCollPH,2768,1184,0016A824,0,1,1,4294967295,0,0
oInvCollPH,2784,1184,0001A84B,0,1,1,4294967295,0,0
oInvCollPH,2800,1184,003090E6,0,1,1,4294967295,0,0
oInvCollPH,2816,1184,00267738,0,1,1,4294967295,0,0
oInvCollPH,2832,1184,003B6722,0,1,1,4294967295,0,0
oInvCollPH,2848,1184,00041B83,0,1,1,4294967295,0,0
oInvCollPH,2864,1184,0015E1AD,0,1,1,4294967295,0,0
oInvCollPH,2880,1184,003E5710,0,1,1,4294967295,0,0
oInvCollPH,2896,1184,001959FC,0,1,1,4294967295,0,0
oInvCollPH,2912,1184,0017D750,0,1,1,4294967295,0,0
oInvCollPH,2928,1184,00068DE9,0,1,1,4294967295,0,0
oInvCollPH,2960,1168,0009C0DB,0,1,1,4294967295,0,0
oInvCollPH,2960,1152,0018782E,0,1,1,4294967295,0,0
oInvCollPH,2976,1184,002E08E2,0,1,1,4294967295,0,0
oInvCollPH,2992,1184,000326D0,0,1,1,4294967295,0,0
oInvCollPH,3008,1184,00300E1A,0,1,1,4294967295,0,0
oInvCollPH,3024,1184,001CB8CF,0,1,1,4294967295,0,0
oInvCollPH,3040,1184,0019D9FE,0,1,1,4294967295,0,0
oInvCollPH,3056,1184,002EBBAF,0,1,1,4294967295,0,0
oInvCollPH,3072,1184,00057BA9,0,1,1,4294967295,0,0
oInvCollPH,3088,1184,00377241,0,1,1,4294967295,0,0
oInvCollPH,3104,1184,0013E5D8,0,1,1,4294967295,0,0
oInvCollPH,3120,1184,0030661F,0,1,1,4294967295,0,0
oInvCollPH,3136,1184,0012A4F7,0,1,1,4294967295,0,0
oInvCollPH,3152,1184,000DC797,0,1,1,4294967295,0,0
oInvCollPH,3168,1184,001E2DAF,0,1,1,4294967295,0,0
oInvCollPH,3184,1184,001736B1,0,1,1,4294967295,0,0
oInvCollPH,3200,1184,00193590,0,1,1,4294967295,0,0
oInvCollPH,3216,1184,0007F164,0,1,1,4294967295,0,0
oInvCollPH,3232,1184,001E5909,0,1,1,4294967295,0,0
oInvCollPH,3248,1184,003ECAB1,0,1,1,4294967295,0,0
oInvCollPH,3264,1184,000526BB,0,1,1,4294967295,0,0
oInvCollPH,3280,1184,002629F1,0,1,1,4294967295,0,0
oInvCollPH,3296,1184,00394F31,0,1,1,4294967295,0,0
oInvCollPH,3312,1184,00002A98,0,1,1,4294967295,0,0
oInvCollPH,3328,1184,0031E7DA,0,1,1,4294967295,0,0
oInvCollPH,3344,1184,00227E52,0,1,1,4294967295,0,0
oInvCollPH,3360,1184,00023A3B,0,1,1,4294967295,0,0
oInvCollPH,3376,1184,001DAC60,0,1,1,4294967295,0,0
oInvCollPH,3392,1184,0032EE1C,0,1,1,4294967295,0,0
oInvCollPH,3408,1184,000F15EC,0,1,1,4294967295,0,0
oInvCollPH,3424,1184,002C5DD4,0,1,1,4294967295,0,0
oInvCollPH,3440,1184,003BE0E1,0,1,1,4294967295,0,0
oInvCollPH,3456,1184,003C014B,0,1,1,4294967295,0,0
oInvCollPH,3472,1184,00037D3B,0,1,1,4294967295,0,0
oInvCollPH,3472,1200,00305824,0,1,1,4294967295,0,0
oInvCollPH,3472,1216,001EA66C,0,1,1,4294967295,0,0
oInvCollPH,3472,1232,00013E3D,0,1,1,4294967295,0,0
oInvCollPH,3472,1248,001BA367,0,1,1,4294967295,0,0
oInvCollPH,3472,1264,002FB3CC,0,1,1,4294967295,0,0
oInvCollPH,3472,1280,002C772C,0,1,1,4294967295,0,0
oInvCollPH,3472,1296,0006BC7C,0,1,1,4294967295,0,0
oInvCollPH,2704,1168,00161CF4,0,1,1,4294967295,0,0
oInvCollPH,2704,1152,003A71E4,0,1,1,4294967295,0,0
oInvCollPH,2704,960,00150956,0,1,1,4294967295,0,0
oInvCollPH,2704,944,001714D9,0,1,1,4294967295,0,0
oInvCollPH,2704,928,0018B9E4,0,1,1,4294967295,0,0
oInvCollPH,2704,912,00390B3D,0,1,1,4294967295,0,0
oInvCollPH,2704,896,002F5937,0,1,1,4294967295,0,0
oInvCollPH,2704,1040,000DD322,0,1,1,4294967295,0,0
oInvCollPH,2704,1008,00336E54,0,1,1,4294967295,0,0
oInvCollPH,2704,992,00058D24,0,1,1,4294967295,0,0
oInvCollPH,2704,976,0024178D,0,1,1,4294967295,0,0
oInvCollPH,2704,1024,00268044,0,1,1,4294967295,0,0
oInvCollPH,2480,896,0023ECF7,0,1,1,4294967295,0,0
oInvCollPH,2496,896,0032964D,0,1,1,4294967295,0,0
oInvCollPH,2512,896,0009810E,0,1,1,4294967295,0,0
oInvCollPH,2528,896,002CC173,0,1,1,4294967295,0,0
oInvCollPH,2544,896,002AEE0C,0,1,1,4294967295,0,0
oInvCollPH,2704,1136,000762DA,0,1,1,4294967295,0,0
oInvCollPH,2704,1120,001F24B9,0,1,1,4294967295,0,0
oInvCollPH,2704,1088,00016A41,0,1,1,4294967295,0,0
oInvCollPH,2704,1072,001FEAB5,0,1,1,4294967295,0,0
oInvCollPH,2704,1056,00302A07,0,1,1,4294967295,0,0
oInvCollPH,2192,800,00192F7E,0,1,1,4294967295,0,0
oInvCollPH,2208,784,0028F206,0,1,1,4294967295,0,0
oInvCollPH,2224,768,003E5E24,0,1,1,4294967295,0,0
oInvCollPH,2240,800,00096967,0,1,1,4294967295,0,0
oInvCollPH,2256,800,002C6A17,0,1,1,4294967295,0,0
oInvCollPH,2272,800,003C7572,0,1,1,4294967295,0,0
oInvCollPH,2288,800,001166FA,0,1,1,4294967295,0,0
oInvCollPH,2304,800,001F5E46,0,1,1,4294967295,0,0
oInvCollPH,2320,800,001E87CF,0,1,1,4294967295,0,0
oInvCollPH,2336,800,002085AF,0,1,1,4294967295,0,0
oInvCollPH,2352,800,0016EDD9,0,1,1,4294967295,0,0
oInvCollPH,2368,800,001AAF43,0,1,1,4294967295,0,0
oInvCollPH,2384,800,00270DBC,0,1,1,4294967295,0,0
oInvCollPH,2400,800,002D7506,0,1,1,4294967295,0,0
oInvCollPH,2416,800,0014BDF5,0,1,1,4294967295,0,0
oInvCollPH,2432,800,0018DFE7,0,1,1,4294967295,0,0
oInvCollPH,2448,800,00393CEB,0,1,1,4294967295,0,0
oInvCollPH,2448,816,003406E7,0,1,1,4294967295,0,0
oInvCollPH,2448,832,0001E86C,0,1,1,4294967295,0,0
oInvCollPH,2448,848,0024DAB3,0,1,1,4294967295,0,0
oInvCollPH,2448,864,001A11D4,0,1,1,4294967295,0,0
oInvCollPH,2448,880,000BCAD3,0,1,1,4294967295,0,0
oInvCollPH,2848,720,00294A09,0,1,1,4294967295,0,0
oInvCollPH,2848,736,001DB14B,0,1,1,4294967295,0,0
oInvCollPH,2848,752,00351363,0,1,1,4294967295,0,0
oInvCollPH,2848,768,001B31F3,0,1,1,4294967295,0,0
oInvCollPH,2848,784,00336ABD,0,1,1,4294967295,0,0
oInvCollPH,2848,800,0025A904,0,1,1,4294967295,0,0
oInvCollPH,2848,816,0019A149,0,1,1,4294967295,0,0
oInvCollPH,2848,832,003D865A,0,1,1,4294967295,0,0
oInvCollPH,2848,848,0025234E,0,1,1,4294967295,0,0
oInvCollPH,2848,864,0037675F,0,1,1,4294967295,0,0
oInvCollPH,2848,880,00287BED,0,1,1,4294967295,0,0
oInvCollPH,2848,896,002A9DCF,0,1,1,4294967295,0,0
oInvCollPH,2848,912,0015C3C0,0,1,1,4294967295,0,0
oInvCollPH,2848,928,000E3FB9,0,1,1,4294967295,0,0
oInvCollPH,2848,960,000C7366,0,1,1,4294967295,0,0
oInvCollPH,2848,976,000FB6E6,0,1,1,4294967295,0,0
oInvCollPH,2848,992,002F7F06,0,1,1,4294967295,0,0
oInvCollPH,2848,1008,00067779,0,1,1,4294967295,0,0
oInvCollPH,2864,1008,0002A051,0,1,1,4294967295,0,0
oInvCollPH,2880,1008,00047E6E,0,1,1,4294967295,0,0
oInvCollPH,2896,1008,001CEDE4,0,1,1,4294967295,0,0
oInvCollPH,2912,1008,00308509,0,1,1,4294967295,0,0
oInvCollPH,2928,1008,002CD8B5,0,1,1,4294967295,0,0
oInvCollPH,2944,1008,00303DAD,0,1,1,4294967295,0,0
oInvCollPH,2960,1008,000B3202,0,1,1,4294967295,0,0
oInvCollPH,2976,1008,002B74EA,0,1,1,4294967295,0,0
oInvCollPH,2992,1008,0011EC87,0,1,1,4294967295,0,0
oInvCollPH,3008,1008,0039300D,0,1,1,4294967295,0,0
oInvCollPH,3024,1008,003546CA,0,1,1,4294967295,0,0
oInvCollPH,3040,1008,002D2F67,0,1,1,4294967295,0,0
oInvCollPH,3056,1008,003F122E,0,1,1,4294967295,0,0
oInvCollPH,3072,1008,000F6C68,0,1,1,4294967295,0,0
oInvCollPH,3088,1008,00315D30,0,1,1,4294967295,0,0
oInvCollPH,3104,1008,00141DCC,0,1,1,4294967295,0,0
oInvCollPH,3120,1008,001EE8CD,0,1,1,4294967295,0,0
oInvCollPH,3136,1008,00182C47,0,1,1,4294967295,0,0
oInvCollPH,3152,1008,0025A70F,0,1,1,4294967295,0,0
oInvCollPH,3168,1008,00354F43,0,1,1,4294967295,0,0
oInvCollPH,3184,1008,003A3678,0,1,1,4294967295,0,0
oInvCollPH,3200,1008,000FB3D8,0,1,1,4294967295,0,0
oInvCollPH,3216,1008,00135047,0,1,1,4294967295,0,0
oInvCollPH,3232,1008,0021E90B,0,1,1,4294967295,0,0
oInvCollPH,3248,1008,00138FAA,0,1,1,4294967295,0,0
oInvCollPH,3264,1008,000CAA25,0,1,1,4294967295,0,0
oInvCollPH,3280,1008,003E0536,0,1,1,4294967295,0,0
oInvCollPH,3296,1008,003844CA,0,1,1,4294967295,0,0
oInvCollPH,3312,1008,003279B3,0,1,1,4294967295,0,0
oInvCollPH,3328,1008,0017EBE7,0,1,1,4294967295,0,0
oInvCollPH,3344,1008,00000735,0,1,1,4294967295,0,0
oInvCollPH,3456,1008,0019274D,0,1,1,4294967295,0,0
oInvCollPH,3472,1008,002FE8A0,0,1,1,4294967295,0,0
oInvCollPH,3488,1008,0021D696,0,1,1,4294967295,0,0
oInvCollPH,3504,1008,00339028,0,1,1,4294967295,0,0
oInvCollPH,3520,1008,0036FCBD,0,1,1,4294967295,0,0
oInvCollPH,3536,1008,003767CE,0,1,1,4294967295,0,0
oInvCollPH,3552,1008,002BDDC6,0,1,1,4294967295,0,0
oInvCollPH,3568,1008,001A61B6,0,1,1,4294967295,0,0
oInvCollPH,2832,688,0037191B,0,1,1,4294967295,0,0
oInvCollPH,2816,688,003176A0,0,1,1,4294967295,0,0
oInvCollPH,2800,688,000CBF7D,0,1,1,4294967295,0,0
oInvCollPH,2784,688,00131D8C,0,1,1,4294967295,0,0
oInvCollPH,2304,560,003AC635,0,1,1,4294967295,0,0
oInvCollPH,2304,576,0026116B,0,1,1,4294967295,0,0
oInvCollPH,2304,592,0007B3C7,0,1,1,4294967295,0,0
oInvCollPH,2304,608,00244863,0,1,1,4294967295,0,0
oInvCollPH,2304,624,0029A821,0,1,1,4294967295,0,0
oInvCollPH,2304,640,00308EE5,0,1,1,4294967295,0,0
oInvCollPH,2304,656,003B61FB,0,1,1,4294967295,0,0
oInvCollPH,2304,672,00064822,0,1,1,4294967295,0,0
oInvCollPH,2304,688,00300911,0,1,1,4294967295,0,0
oInvCollPH,2320,688,00300263,0,1,1,4294967295,0,0
oInvCollPH,2336,688,0000D41E,0,1,1,4294967295,0,0
oInvCollPH,2352,688,001EBF36,0,1,1,4294967295,0,0
oInvCollPH,2368,688,002D8646,0,1,1,4294967295,0,0
oInvCollPH,2384,688,00303BEB,0,1,1,4294967295,0,0
oInvCollPH,2400,688,0024A8A8,0,1,1,4294967295,0,0
oInvCollPH,2416,688,002CA479,0,1,1,4294967295,0,0
oInvCollPH,2432,688,00256C5E,0,1,1,4294967295,0,0
oInvCollPH,2448,688,0014C46A,0,1,1,4294967295,0,0
oInvCollPH,2768,688,0028CA55,0,1,1,4294967295,0,0
oInvCollPH,2752,688,003D3766,0,1,1,4294967295,0,0
oInvCollPH,2736,688,000DEFEB,0,1,1,4294967295,0,0
oInvCollPH,2720,688,0022A256,0,1,1,4294967295,0,0
oInvCollPH,2704,688,002059DF,0,1,1,4294967295,0,0
oInvCollPH,2688,688,00087CB7,0,1,1,4294967295,0,0
oInvCollPH,2672,688,002E95C0,0,1,1,4294967295,0,0
oInvCollPH,2656,688,00114A12,0,1,1,4294967295,0,0
oInvCollPH,2640,688,00350C42,0,1,1,4294967295,0,0
oInvCollPH,2624,688,002C2099,0,1,1,4294967295,0,0
oInvCollPH,2608,688,000A8C46,0,1,1,4294967295,0,0
oInvCollPH,2592,688,0021A017,0,1,1,4294967295,0,0
oInvCollPH,2576,688,003FAE4D,0,1,1,4294967295,0,0
oInvCollPH,2560,688,0001E041,0,1,1,4294967295,0,0
oInvCollPH,2544,688,002AC96B,0,1,1,4294967295,0,0
oInvCollPH,2528,688,00015687,0,1,1,4294967295,0,0
oInvCollPH,2512,688,002B9A90,0,1,1,4294967295,0,0
oInvCollPH,2496,688,002D864F,0,1,1,4294967295,0,0
oInvCollPH,2480,688,001F8040,0,1,1,4294967295,0,0
oInvCollPH,2464,688,001ACEC1,0,1,1,4294967295,0,0
oInvCollPH,2160,688,002B0AB6,0,1,1,4294967295,0,0
oInvCollPH,2160,704,003AB53E,0,1,1,4294967295,0,0
oInvCollPH,2160,720,003041E3,0,1,1,4294967295,0,0
oInvCollPH,2160,736,001286FB,0,1,1,4294967295,0,0
oInvCollPH,2160,752,00073E82,0,1,1,4294967295,0,0
oInvCollPH,2160,768,003280BF,0,1,1,4294967295,0,0
oInvCollPH,2160,784,0004DCF7,0,1,1,4294967295,0,0
oInvCollPH,2976,1120,0037B78C,0,1,1,4294967295,0,0
oInvCollPH,2976,1136,001A913F,0,1,1,4294967295,0,0
oInvCollPH,2960,1136,000271C8,0,1,1,4294967295,0,0
oInvCollPH,2944,1168,00240E6E,0,1,1,4294967295,0,0
oInvCollPH,2224,784,00076C2F,0,1,1,4294967295,0,0
oInvisibleSolid,0,160,000C6AC7,0,1,1,4294967295,0,1
oInvisibleSolid,0,0,000F1715,0,1,1,4294967295,0,1
oInvisibleSolid,160,0,001F3C44,0,1,1,4294967295,0,1
oInvisibleSolid,352,0,003E4988,0,1,1,4294967295,0,1
oInvisibleSolid,864,192,00350E2F,0,1,1,4294967295,0,1
oInvisibleSolid,1280,192,000598D9,0,1,1,4294967295,0,1
oInvisibleSolid,1344,192,001ADAC2,0,1,1,4294967295,0,1
oInvisibleSolid,1440,0,00032481,0,1,1,4294967295,0,1
oInvisibleSolid,480,256,00146710,0,1,1,4294967295,0,1
oInvisibleSolid,576,320,0009CE1C,0,1,1,4294967295,0,1
oInvisibleSolid,672,256,003E8FE7,0,1,1,4294967295,0,1
oInvisibleSolid,160,256,000E6C26,0,1,1,4294967295,0,1
oInvisibleSolid,1344,544,0004FB00,0,1,1,4294967295,0,1
oInvisibleSolid,1024,496,0038D65E,0,1,1,4294967295,0,1
oInvisibleSolid,1120,496,00290D7E,0,1,1,4294967295,0,1
oInvisibleSolid,1152,352,0015CCFD,0,1,1,4294967295,0,1
oInvisibleSolid,1728,128,0016D9A9,0,1,1,4294967295,0,1
oInvisibleSolid,1728,0,0027B747,0,1,1,4294967295,0,1
oInvisibleSolid,1952,0,000915AB,0,1,1,4294967295,0,1
oInvisibleSolid,1728,224,0026F23B,0,1,1,4294967295,0,1
oInvisibleSolid,1504,288,0017379B,0,1,1,4294967295,0,1
oInvisibleSolid,800,320,0022437B,0,1,1,4294967295,0,1
oInvisibleSolid,800,352,00324810,0,1,1,4294967295,0,1
oInvisibleSolid,0,288,0012EF67,0,1,1,4294967295,0,1
oInvisibleSolid,0,320,000162E0,0,1,1,4294967295,0,1
oInvisibleSolid,0,416,0039CAA9,0,1,1,4294967295,0,1
oInvisibleSolid,1024,672,00356288,0,1,1,4294967295,0,1
oInvisibleSolid,2816,944,000754FD,0,1,1,4294967295,0,1
oInvisibleSolid,2720,1104,0035EBA5,0,1,1,4294967295,0,1
oInvisibleSolid,2304,544,00221713,0,1,1,4294967295,0,1
oInvisibleSolid,2848,704,000BC9FF,0,1,1,4294967295,0,1
oInvisibleSolid,3584,1024,001E41F9,0,1,1,4294967295,0,1
oInvisibleSolid,3584,1184,001F6230,0,1,1,4294967295,0,1
oInvisibleSolid,3968,1184,00057A56,0,1,1,4294967295,0,1
oInvisibleSolid,3488,1376,00394490,0,1,1,4294967295,0,1
oInvisibleSolid,2720,1184,00293D60,0,1,1,4294967295,0,1
oInvisibleSolid,2560,800,00165B7E,0,1,1,4294967295,0,1
oInvisibleSolid,2176,800,0026D672,0,1,1,4294967295,0,1
oInvisibleSolid,2464,896,00242DCD,0,1,1,4294967295,0,1
oInvisibleSolid,3360,1024,000FBBE6,0,1,1,4294967295,0,1
oInvisibleSolid,2960,1120,00382BE8,0,1,1,4294967295,0,1
oInvisibleSolid,2944,1152,000FB579,0,1,1,4294967295,0,1
oInvisibleSolid,2208,768,00074A2D,0,1,1,4294967295,0,1
