oExit,0,256,00069774,0,1,1,4294967295,0,1
oArrowQuiver,1192,240,000DCA4B,0,1,1,4294967295,0,1
oBreakRock,320,256,00340EBF,0,1,1,4294967295,0,0
oBreakRock,320,224,00314322,0,1,1,4294967295,0,0
oBreakRock,320,192,002DD9EC,0,1,1,4294967295,0,0
oBreakRock,320,160,00364599,0,1,1,4294967295,0,0
oBreakRock,480,144,0026C666,0,1,1,4294967295,0,0
oBreakRock,576,144,003212B8,0,1,1,4294967295,0,0
oBreakRock,672,176,0007D0B0,0,1,1,4294967295,0,0
oBreakRock,768,208,000C63CF,0,1,1,4294967295,0,0
oMegmet,336,112,00328706,0,1,1,4294967295,0,0
oMegmet,496,96,001B295E,0,1,1,4294967295,0,0
oMegmet,624,96,0027BE5B,0,1,1,4294967295,0,0
oMegmet,720,224,000EC600,0,1,1,4294967295,0,0
oMegmet,736,192,002264E2,0,1,1,4294967295,0,0
oMegmet,768,176,003E0A61,0,1,1,4294967295,0,0
oMegmet,752,208,000DEA6B,0,1,1,4294967295,0,0
oMegmet,784,144,00089AF1,0,1,1,4294967295,0,0
oMyu,880,192,0003AB23,0,1,1,4294967295,0,0
oMyu,896,192,003149E2,0,1,1,4294967295,0,0
oTektile,1056,272,000625ED,0,1,1,4294967295,0,0
oTektile,1168,272,001CF439,0,1,1,4294967295,0,0
oPlayer1,48,288,001E01FB,0,1,1,4294967295,0,0
oInvCollPH,16,288,001FD436,0,1,1,4294967295,0,0
oInvCollPH,32,288,00399C55,0,1,1,4294967295,0,0
oInvCollPH,48,288,001A7EA1,0,1,1,4294967295,0,0
oInvCollPH,992,288,00048DB9,0,1,1,4294967295,0,0
oInvCollPH,1008,288,00081B4D,0,1,1,4294967295,0,0
oInvCollPH,1024,288,00018249,0,1,1,4294967295,0,0
oInvCollPH,1040,288,0008ED88,0,1,1,4294967295,0,0
oInvCollPH,1056,288,002EC2EE,0,1,1,4294967295,0,0
oInvCollPH,1072,288,00148F7C,0,1,1,4294967295,0,0
oInvCollPH,1120,288,002F8B24,0,1,1,4294967295,0,0
oInvCollPH,1136,288,001B8C1A,0,1,1,4294967295,0,0
oInvCollPH,1152,288,00253076,0,1,1,4294967295,0,0
oInvCollPH,1168,288,0038A49A,0,1,1,4294967295,0,0
oInvCollPH,1216,288,00227034,0,1,1,4294967295,0,0
oInvCollPH,1232,288,002A2F50,0,1,1,4294967295,0,0
oInvCollPH,1248,288,001D0839,0,1,1,4294967295,0,0
oInvCollPH,1264,288,001AA38D,0,1,1,4294967295,0,0
oInvCollPH,64,288,00212D64,0,1,1,4294967295,0,0
oInvCollPH,80,288,00209C56,0,1,1,4294967295,0,0
oInvCollPH,96,288,0016008D,0,1,1,4294967295,0,0
oInvCollPH,112,288,001FAA5C,0,1,1,4294967295,0,0
oInvCollPH,128,288,001193CF,0,1,1,4294967295,0,0
oInvCollPH,144,288,00154FCA,0,1,1,4294967295,0,0
oInvCollPH,160,288,002BD618,0,1,1,4294967295,0,0
oInvCollPH,176,288,001BF8D0,0,1,1,4294967295,0,0
oInvCollPH,192,288,003DF535,0,1,1,4294967295,0,0
oInvCollPH,208,288,001D5782,0,1,1,4294967295,0,0
oInvCollPH,224,288,0026059A,0,1,1,4294967295,0,0
oInvCollPH,240,288,0000C54E,0,1,1,4294967295,0,0
oInvCollPH,256,288,000107B1,0,1,1,4294967295,0,0
oInvCollPH,272,288,002B086C,0,1,1,4294967295,0,0
oInvCollPH,288,288,003EF107,0,1,1,4294967295,0,0
oInvCollPH,304,288,0017E25D,0,1,1,4294967295,0,0
oInvCollPH,320,288,003D952D,0,1,1,4294967295,0,0
oInvCollPH,336,288,0012AEC4,0,1,1,4294967295,0,0
oInvCollPH,944,224,00261B83,0,1,1,4294967295,0,0
oInvCollPH,960,224,002F84F8,0,1,1,4294967295,0,0
oInvCollPH,976,224,00063F7F,0,1,1,4294967295,0,0
oInvCollPH,976,240,0020B08A,0,1,1,4294967295,0,0
oInvCollPH,976,256,0018C957,0,1,1,4294967295,0,0
oInvCollPH,976,272,002BE9FC,0,1,1,4294967295,0,0
oInvCollPH,1088,272,00025861,0,1,1,4294967295,0,0
oInvCollPH,1104,272,0039DF08,0,1,1,4294967295,0,0
oInvCollPH,1104,256,0033B495,0,1,1,4294967295,0,0
oInvCollPH,1184,272,003FE83F,0,1,1,4294967295,0,0
oInvCollPH,1200,272,0010DDB2,0,1,1,4294967295,0,0
oInvCollPH,1200,256,0013D0AD,0,1,1,4294967295,0,0
oInvCollPH,896,192,00375175,0,1,1,4294967295,0,0
oInvCollPH,912,192,001EAD87,0,1,1,4294967295,0,0
oInvCollPH,912,208,001289CF,0,1,1,4294967295,0,0
oInvCollPH,880,192,001FD20E,0,1,1,4294967295,0,0
oInvCollPH,816,128,0005F205,0,1,1,4294967295,0,0
oInvCollPH,832,128,000CE22A,0,1,1,4294967295,0,0
oInvCollPH,848,128,0005B1AD,0,1,1,4294967295,0,0
oInvCollPH,848,144,000FFA53,0,1,1,4294967295,0,0
oInvCollPH,848,160,00320BD1,0,1,1,4294967295,0,0
oInvCollPH,848,176,0040391C,0,1,1,4294967295,0,0
oInvCollPH,800,144,0033C692,0,1,1,4294967295,0,0
oInvCollPH,800,160,00373EDC,0,1,1,4294967295,0,0
oInvCollPH,800,176,0000B6B0,0,1,1,4294967295,0,0
oInvCollPH,800,192,00121DFB,0,1,1,4294967295,0,0
oInvCollPH,800,208,003E25E2,0,1,1,4294967295,0,0
oInvCollPH,800,224,000921A6,0,1,1,4294967295,0,0
oInvCollPH,720,240,001F797D,0,1,1,4294967295,0,0
oInvCollPH,736,240,001BF288,0,1,1,4294967295,0,0
oInvCollPH,752,240,002CB5EC,0,1,1,4294967295,0,0
oInvCollPH,768,240,001B18DA,0,1,1,4294967295,0,0
oInvCollPH,784,240,0009392E,0,1,1,4294967295,0,0
oInvCollPH,624,208,0017E3E7,0,1,1,4294967295,0,0
oInvCollPH,640,208,002998BD,0,1,1,4294967295,0,0
oInvCollPH,656,208,000A3169,0,1,1,4294967295,0,0
oInvCollPH,672,208,003C9774,0,1,1,4294967295,0,0
oInvCollPH,688,208,0001AFAC,0,1,1,4294967295,0,0
oInvCollPH,688,224,002A5A49,0,1,1,4294967295,0,0
oInvCollPH,352,272,00089561,0,1,1,4294967295,0,0
oInvCollPH,352,256,0020902F,0,1,1,4294967295,0,0
oInvCollPH,352,240,0035995F,0,1,1,4294967295,0,0
oInvCollPH,352,224,00163A26,0,1,1,4294967295,0,0
oInvCollPH,352,208,001749D0,0,1,1,4294967295,0,0
oInvCollPH,352,192,0017D103,0,1,1,4294967295,0,0
oInvCollPH,368,176,00201667,0,1,1,4294967295,0,0
oInvCollPH,384,176,0008241A,0,1,1,4294967295,0,0
oInvCollPH,400,176,000A9EB7,0,1,1,4294967295,0,0
oInvCollPH,416,176,0001248E,0,1,1,4294967295,0,0
oInvCollPH,432,176,002661ED,0,1,1,4294967295,0,0
oInvCollPH,448,176,001AB520,0,1,1,4294967295,0,0
oInvCollPH,464,176,0003F1D8,0,1,1,4294967295,0,0
oInvCollPH,480,176,00027BD7,0,1,1,4294967295,0,0
oInvCollPH,496,176,0033A244,0,1,1,4294967295,0,0
oInvCollPH,512,176,003DDB2C,0,1,1,4294967295,0,0
oInvCollPH,528,176,001A584C,0,1,1,4294967295,0,0
oInvCollPH,544,176,00018E55,0,1,1,4294967295,0,0
oInvCollPH,560,176,003384A4,0,1,1,4294967295,0,0
oInvCollPH,576,176,00252067,0,1,1,4294967295,0,0
oInvCollPH,592,176,003E59FD,0,1,1,4294967295,0,0
oInvCollPH,592,192,00038BA9,0,1,1,4294967295,0,0
oInvisibleSolid,0,288,0024605D,0,1,1,4294967295,0,1
oInvisibleSolid,352,176,000A97A4,0,1,1,4294967295,0,1
oInvisibleSolid,608,208,002E9BBF,0,1,1,4294967295,0,1
oInvisibleSolid,704,240,00339591,0,1,1,4294967295,0,1
oInvisibleSolid,800,128,0039806C,0,1,1,4294967295,0,1
oInvisibleSolid,864,192,0030AA67,0,1,1,4294967295,0,1
oInvisibleSolid,928,224,002E1775,0,1,1,4294967295,0,1
oInvisibleSolid,1088,256,000BC495,0,1,1,4294967295,0,1
oInvisibleSolid,1184,256,000FB0D3,0,1,1,4294967295,0,1
