oVaultLightbeam,512,0,00330772,0,1,1,4294967295,0,1
oVaultLightbeam,1376,0,0018039F,0,1,1,4294967295,0,1
oVaultLightbeam,1744,352,003ECD1D,0,1,1,4294967295,0,1
oVaultLightbeam,2096,0,0030BE38,0,1,1,4294967295,0,1
oVaultLightbeam,3104,352,003C5320,0,1,1,4294967295,0,1
oVaultLightbeam,3808,0,002E43BD,0,1,1,4294967295,0,1
oVaultBackText,2224,256,0035DB53,0,1,1,4294967295,0,1
oExit,0,256,00328B85,0,1,1,4294967295,0,1
oExit,3792,176,000418AC,0,1,1,4294967295,0,1
oSignPost,1328,112,000697BF,0,1,1,4294967295,0,1
oRBswitch,120,152,002C58E5,0,1,1,4294967295,0,0
oRedBlocker,352,192,0020F367,0,1,1,4294967295,0,0
oRedBlocker,352,208,003A4BAE,0,1,1,4294967295,0,0
oRedBlocker,352,224,00328AD1,0,1,1,4294967295,0,0
oRedBlocker,352,240,001FBB46,0,1,1,4294967295,0,0
oRedBlocker,1616,144,002C20F8,0,1,1,4294967295,0,0
oRedBlocker,1616,160,002CFCA6,0,1,1,4294967295,0,0
oRedBlocker,1616,176,0006CC8F,0,1,1,4294967295,0,0
oRedBlocker,1616,192,00236D75,0,1,1,4294967295,0,0
oRedBlocker,1616,208,002D6FD4,0,1,1,4294967295,0,0
oRBswitch,1776,176,00286E1D,0,1,1,4294967295,0,0
oRBswitch,1552,240,002D39E5,0,1,1,4294967295,0,0
oArrowQuiver,3776,64,00185628,0,1,1,4294967295,0,1
oTimedSwitch,432,176,001B201E,0,1,1,4294967295,0,0
oTimedSwitch,576,176,000172FD,0,1,1,4294967295,0,0
oTimedSwitch,832,176,001A0230,0,1,1,4294967295,0,0
oTimedSwitch,832,192,00380EBA,0,1,1,4294967295,0,0
oTimedSwitch,1040,144,00101514,0,1,1,4294967295,0,0
oMarioSpikeFloor,896,272,0029CEE2,0,1,1,4294967295,0,0
oMarioSpikeFloor,912,272,00294C2C,0,1,1,4294967295,0,0
oMarioSpikeFloor,928,272,00015651,0,1,1,4294967295,0,0
oMarioSpikeFloor,944,272,00248A44,0,1,1,4294967295,0,0
oMarioSpikeCeiling,720,176,002ABC43,0,1,1,4294967295,0,0
oMarioSpikeCeiling,832,144,00253BC8,0,1,1,4294967295,0,0
oMarioSpikeCeiling,848,144,0031B114,0,1,1,4294967295,0,0
oMarioSpikeCeiling,864,144,001986B4,0,1,1,4294967295,0,0
oMarioSpikeCeiling,880,144,0031B25E,0,1,1,4294967295,0,0
oMarioSpikeCeiling,80,208,00057DC6,0,1,1,4294967295,0,0
oMarioSpikeCeiling,160,192,0035142C,0,1,1,4294967295,0,0
oMarioSpikeCeiling,256,176,0030E323,0,1,1,4294967295,0,0
oMarioSpikeCeiling,1408,160,00231AFB,0,1,1,4294967295,0,0
oTimedSwitch,1520,176,0000A5BA,0,1,1,4294967295,0,0
oTimedSwitch,1664,144,00098AFE,0,1,1,4294967295,0,0
oTimedSwitch,1664,208,00387780,0,1,1,4294967295,0,0
oMarioSpikeFloor,2240,144,002C7431,0,1,1,4294967295,0,0
oMarioSpikeFloor,2256,144,002C3060,0,1,1,4294967295,0,0
oMarioSpikeFloor,2304,144,00090DC3,0,1,1,4294967295,0,0
oMarioSpikeFloor,2320,144,00090778,0,1,1,4294967295,0,0
oTimedSwitch,2880,224,00378E6C,0,1,1,4294967295,0,0
oTimedSwitch,2896,128,002B7035,0,1,1,4294967295,0,0
oTimedSwitch,2768,64,003116DE,0,1,1,4294967295,0,0
oTimedSwitch,3536,64,003CFD40,0,1,1,4294967295,0,0
oTimedSwitch,3536,128,003489F4,0,1,1,4294967295,0,0
oVaultPanther,1792,208,000CDB40,0,1,1,4294967295,0,0
oVaultMoth,2288,256,000C3CE1,0,1,1,4294967295,0,0
oVaultShadow,1168,144,000A834E,0,1,1,4294967295,0,0
oVaultShadow,3040,64,00245DA7,0,1,1,4294967295,0,0
oVaultPanther,3544,96,002A4EB1,0,1,1,4294967295,0,0
oPlayer1,48,288,0031E173,0,1,1,4294967295,0,0
oInvCollPH,16,288,0008AA3C,0,1,1,4294967295,0,0
oInvCollPH,32,288,001F2906,0,1,1,4294967295,0,0
oInvCollPH,48,288,00191701,0,1,1,4294967295,0,0
oInvCollPH,64,288,0023BFC0,0,1,1,4294967295,0,0
oInvCollPH,80,288,00211637,0,1,1,4294967295,0,0
oInvCollPH,96,288,001C51CB,0,1,1,4294967295,0,0
oInvCollPH,112,288,001A80D9,0,1,1,4294967295,0,0
oInvCollPH,128,288,0028187A,0,1,1,4294967295,0,0
oInvCollPH,144,288,0039798D,0,1,1,4294967295,0,0
oInvCollPH,160,288,0033FC89,0,1,1,4294967295,0,0
oInvCollPH,176,288,003BEE38,0,1,1,4294967295,0,0
oInvCollPH,0,176,000F24E9,0,1,1,4294967295,0,0
oInvCollPH,0,192,0005F861,0,1,1,4294967295,0,0
oInvCollPH,0,208,003DAC27,0,1,1,4294967295,0,0
oInvCollPH,16,144,000DD06E,0,1,1,4294967295,0,0
oInvCollPH,32,144,0037C630,0,1,1,4294967295,0,0
oInvCollPH,48,144,001E01C8,0,1,1,4294967295,0,0
oInvCollPH,64,112,002BBA6C,0,1,1,4294967295,0,0
oInvCollPH,80,16,0032F389,0,1,1,4294967295,0,0
oInvCollPH,80,32,00274BBB,0,1,1,4294967295,0,0
oInvCollPH,80,48,001979C2,0,1,1,4294967295,0,0
oInvCollPH,80,64,00044AB4,0,1,1,4294967295,0,0
oInvCollPH,80,80,00358B4B,0,1,1,4294967295,0,0
oInvCollPH,80,96,001ADBEC,0,1,1,4294967295,0,0
oInvCollPH,80,112,00322844,0,1,1,4294967295,0,0
oInvCollPH,80,128,00185F5C,0,1,1,4294967295,0,0
oInvCollPH,80,144,00227A21,0,1,1,4294967295,0,0
oInvCollPH,80,160,002268D6,0,1,1,4294967295,0,0
oInvCollPH,80,176,0035E2D1,0,1,1,4294967295,0,0
oInvCollPH,80,192,00173DAE,0,1,1,4294967295,0,0
oInvCollPH,256,112,0026DAF9,0,1,1,4294967295,0,0
oInvCollPH,256,128,00083DB0,0,1,1,4294967295,0,0
oInvCollPH,256,144,001B2E5F,0,1,1,4294967295,0,0
oInvCollPH,256,160,000B5AF7,0,1,1,4294967295,0,0
oInvCollPH,160,112,000686EB,0,1,1,4294967295,0,0
oInvCollPH,160,128,0021825B,0,1,1,4294967295,0,0
oInvCollPH,160,144,003B8751,0,1,1,4294967295,0,0
oInvCollPH,160,160,001835C0,0,1,1,4294967295,0,0
oInvCollPH,160,176,001FE601,0,1,1,4294967295,0,0
oInvCollPH,352,112,00164A85,0,1,1,4294967295,0,0
oInvCollPH,352,128,002D3060,0,1,1,4294967295,0,0
oInvCollPH,352,144,001D6122,0,1,1,4294967295,0,0
oInvCollPH,352,160,0027C4AA,0,1,1,4294967295,0,0
oInvCollPH,352,176,0011232E,0,1,1,4294967295,0,0
oInvCollPH,112,80,0017D582,0,1,1,4294967295,0,0
oInvCollPH,128,80,0032D268,0,1,1,4294967295,0,0
oInvCollPH,144,80,00213735,0,1,1,4294967295,0,0
oInvCollPH,160,80,000C5651,0,1,1,4294967295,0,0
oInvCollPH,240,80,00262417,0,1,1,4294967295,0,0
oInvCollPH,224,80,003F7E88,0,1,1,4294967295,0,0
oInvCollPH,208,80,001CB069,0,1,1,4294967295,0,0
oInvCollPH,192,80,000B0598,0,1,1,4294967295,0,0
oInvCollPH,176,80,000D8BCE,0,1,1,4294967295,0,0
oInvCollPH,352,80,003F0AD9,0,1,1,4294967295,0,0
oInvCollPH,336,80,001ED473,0,1,1,4294967295,0,0
oInvCollPH,320,80,0017D3DA,0,1,1,4294967295,0,0
oInvCollPH,304,80,0034DE38,0,1,1,4294967295,0,0
oInvCollPH,288,80,001851D3,0,1,1,4294967295,0,0
oInvCollPH,272,80,001DF514,0,1,1,4294967295,0,0
oInvCollPH,256,80,00344D9D,0,1,1,4294967295,0,0
oInvCollPH,384,96,000BDC6E,0,1,1,4294967295,0,0
oInvCollPH,400,96,003913AE,0,1,1,4294967295,0,0
oInvCollPH,432,80,00153601,0,1,1,4294967295,0,0
oInvCollPH,448,80,00340AF6,0,1,1,4294967295,0,0
oInvCollPH,464,80,0001DEA4,0,1,1,4294967295,0,0
oInvCollPH,496,96,0036C1B9,0,1,1,4294967295,0,0
oInvCollPH,512,96,003C6A2B,0,1,1,4294967295,0,0
oInvCollPH,528,96,000F2681,0,1,1,4294967295,0,0
oInvCollPH,560,112,000AB459,0,1,1,4294967295,0,0
oInvCollPH,576,112,000C83FE,0,1,1,4294967295,0,0
oInvCollPH,592,112,00021E9A,0,1,1,4294967295,0,0
oInvCollPH,624,128,0006509E,0,1,1,4294967295,0,0
oInvCollPH,640,128,003EEE19,0,1,1,4294967295,0,0
oInvCollPH,656,128,00152583,0,1,1,4294967295,0,0
oInvCollPH,656,160,003BCA2D,0,1,1,4294967295,0,0
oInvCollPH,656,176,0002D809,0,1,1,4294967295,0,0
oInvCollPH,368,256,002ABEF6,0,1,1,4294967295,0,0
oInvCollPH,384,256,003467DA,0,1,1,4294967295,0,0
oInvCollPH,400,256,00019BBD,0,1,1,4294967295,0,0
oInvCollPH,416,256,002FDFB9,0,1,1,4294967295,0,0
oInvCollPH,432,256,00364555,0,1,1,4294967295,0,0
oInvCollPH,448,256,0034FEF7,0,1,1,4294967295,0,0
oInvCollPH,464,256,001220BA,0,1,1,4294967295,0,0
oInvCollPH,480,256,0014B9C3,0,1,1,4294967295,0,0
oInvCollPH,496,256,0018973D,0,1,1,4294967295,0,0
oInvCollPH,512,256,002CE40E,0,1,1,4294967295,0,0
oInvCollPH,528,256,000E9F00,0,1,1,4294967295,0,0
oInvCollPH,544,256,000FB8D4,0,1,1,4294967295,0,0
oInvCollPH,560,256,00230AC8,0,1,1,4294967295,0,0
oInvCollPH,576,256,000A07FD,0,1,1,4294967295,0,0
oInvCollPH,592,256,0016C6F5,0,1,1,4294967295,0,0
oInvCollPH,608,256,0035F31D,0,1,1,4294967295,0,0
oInvCollPH,624,256,003C942F,0,1,1,4294967295,0,0
oInvCollPH,640,256,00280757,0,1,1,4294967295,0,0
oInvCollPH,656,256,003DC671,0,1,1,4294967295,0,0
oInvCollPH,704,64,0009E91E,0,1,1,4294967295,0,0
oInvCollPH,720,64,003E1958,0,1,1,4294967295,0,0
oInvCollPH,736,64,000CA973,0,1,1,4294967295,0,0
oInvCollPH,768,48,000A6CCF,0,1,1,4294967295,0,0
oInvCollPH,784,48,0003BED5,0,1,1,4294967295,0,0
oInvCollPH,800,48,000E5B29,0,1,1,4294967295,0,0
oInvCollPH,928,64,0019435C,0,1,1,4294967295,0,0
oInvCollPH,848,128,00175867,0,1,1,4294967295,0,0
oInvCollPH,864,128,00038E08,0,1,1,4294967295,0,0
oInvCollPH,880,128,00370378,0,1,1,4294967295,0,0
oInvCollPH,704,128,00142866,0,1,1,4294967295,0,0
oInvCollPH,960,48,00225EC0,0,1,1,4294967295,0,0
oInvCollPH,976,48,0027F2EB,0,1,1,4294967295,0,0
oInvCollPH,1008,32,00340D5D,0,1,1,4294967295,0,0
oInvCollPH,1088,32,0000CCF9,0,1,1,4294967295,0,0
oInvCollPH,1104,32,0001E634,0,1,1,4294967295,0,0
oInvCollPH,1120,32,0037FB6E,0,1,1,4294967295,0,0
oInvCollPH,1040,16,003C7C26,0,1,1,4294967295,0,0
oInvCollPH,1056,16,000F7582,0,1,1,4294967295,0,0
oInvCollPH,1168,96,0023BB50,0,1,1,4294967295,0,0
oInvCollPH,1184,96,00140455,0,1,1,4294967295,0,0
oInvCollPH,672,96,002BE099,0,1,1,4294967295,0,0
oInvCollPH,672,112,00109F04,0,1,1,4294967295,0,0
oInvCollPH,720,160,00302D0C,0,1,1,4294967295,0,0
oInvCollPH,816,80,00243FB6,0,1,1,4294967295,0,0
oInvCollPH,816,96,000D8B0F,0,1,1,4294967295,0,0
oInvCollPH,816,112,001C4F1E,0,1,1,4294967295,0,0
oInvCollPH,1200,128,001BF1DB,0,1,1,4294967295,0,0
oInvCollPH,1200,144,000DFBF9,0,1,1,4294967295,0,0
oInvCollPH,1200,160,00166B99,0,1,1,4294967295,0,0
oInvCollPH,896,96,00097D2F,0,1,1,4294967295,0,0
oInvCollPH,896,112,0019072C,0,1,1,4294967295,0,0
oInvCollPH,1136,64,0030BC0F,0,1,1,4294967295,0,0
oInvCollPH,1136,80,0010EC8B,0,1,1,4294967295,0,0
oInvCollPH,1248,64,00299E82,0,1,1,4294967295,0,0
oInvCollPH,1264,64,0038AFBA,0,1,1,4294967295,0,0
oInvCollPH,1376,96,00064656,0,1,1,4294967295,0,0
oInvCollPH,1392,96,002E5E80,0,1,1,4294967295,0,0
oInvCollPH,1536,32,00381D1E,0,1,1,4294967295,0,0
oInvCollPH,1552,32,002593B9,0,1,1,4294967295,0,0
oInvCollPH,1312,112,0032088E,0,1,1,4294967295,0,0
oInvCollPH,1328,112,003540D1,0,1,1,4294967295,0,0
oInvCollPH,1344,112,0038281F,0,1,1,4294967295,0,0
oInvCollPH,1440,96,003A4256,0,1,1,4294967295,0,0
oInvCollPH,1456,96,002173B1,0,1,1,4294967295,0,0
oInvCollPH,1472,96,000B3C67,0,1,1,4294967295,0,0
oInvCollPH,1680,48,001190CB,0,1,1,4294967295,0,0
oInvCollPH,1696,48,002BC224,0,1,1,4294967295,0,0
oInvCollPH,1712,48,001D5213,0,1,1,4294967295,0,0
oInvCollPH,1760,16,00057474,0,1,1,4294967295,0,0
oInvCollPH,1776,16,00231A94,0,1,1,4294967295,0,0
oInvCollPH,1792,16,001F27E3,0,1,1,4294967295,0,0
oInvCollPH,1872,96,003415D3,0,1,1,4294967295,0,0
oInvCollPH,1888,96,000D45C8,0,1,1,4294967295,0,0
oInvCollPH,1904,96,00136C20,0,1,1,4294967295,0,0
oInvCollPH,1616,96,003E81F1,0,1,1,4294967295,0,0
oInvCollPH,1632,96,002833A2,0,1,1,4294967295,0,0
oInvCollPH,1280,16,00170E09,0,1,1,4294967295,0,0
oInvCollPH,1280,32,001AD556,0,1,1,4294967295,0,0
oInvCollPH,1280,48,000B84FC,0,1,1,4294967295,0,0
oInvCollPH,1216,96,00069D91,0,1,1,4294967295,0,0
oInvCollPH,1280,96,001B42FC,0,1,1,4294967295,0,0
oInvCollPH,1488,80,001BE850,0,1,1,4294967295,0,0
oInvCollPH,1408,128,001EDD49,0,1,1,4294967295,0,0
oInvCollPH,1408,144,003B4AA0,0,1,1,4294967295,0,0
oInvCollPH,1568,64,0017659F,0,1,1,4294967295,0,0
oInvCollPH,1648,80,003C6C35,0,1,1,4294967295,0,0
oInvCollPH,1840,80,003FAD19,0,1,1,4294967295,0,0
oInvCollPH,1920,128,004029F4,0,1,1,4294967295,0,0
oInvCollPH,1920,144,00246E9B,0,1,1,4294967295,0,0
oInvCollPH,1920,160,0006A15C,0,1,1,4294967295,0,0
oInvCollPH,3008,16,002D3EE1,0,1,1,4294967295,0,0
oInvCollPH,3040,0,0033FF1E,0,1,1,4294967295,0,0
oInvCollPH,3088,32,00283FC4,0,1,1,4294967295,0,0
oInvCollPH,3152,16,00167FC1,0,1,1,4294967295,0,0
oInvCollPH,3184,16,0012CDBC,0,1,1,4294967295,0,0
oInvCollPH,3184,32,00231A49,0,1,1,4294967295,0,0
oInvCollPH,3184,48,001956AC,0,1,1,4294967295,0,0
oInvCollPH,3184,64,000A6F63,0,1,1,4294967295,0,0
oInvCollPH,3184,80,000170EB,0,1,1,4294967295,0,0
oInvCollPH,3184,96,0024F6A5,0,1,1,4294967295,0,0
oInvCollPH,3184,112,00284A7D,0,1,1,4294967295,0,0
oInvCollPH,2720,16,002E1587,0,1,1,4294967295,0,0
oInvCollPH,2736,16,00210566,0,1,1,4294967295,0,0
oInvCollPH,2752,16,001B7123,0,1,1,4294967295,0,0
oInvCollPH,2768,16,0038B052,0,1,1,4294967295,0,0
oInvCollPH,2784,16,00041A59,0,1,1,4294967295,0,0
oInvCollPH,2800,16,00047155,0,1,1,4294967295,0,0
oInvCollPH,2816,16,00285A99,0,1,1,4294967295,0,0
oInvCollPH,2832,16,0026B3CF,0,1,1,4294967295,0,0
oInvCollPH,2848,16,0027A10D,0,1,1,4294967295,0,0
oInvCollPH,2864,16,0026803B,0,1,1,4294967295,0,0
oInvCollPH,2880,16,00239953,0,1,1,4294967295,0,0
oInvCollPH,2896,16,0005BC64,0,1,1,4294967295,0,0
oInvCollPH,2912,16,002429CB,0,1,1,4294967295,0,0
oInvCollPH,2928,16,000742F9,0,1,1,4294967295,0,0
oInvCollPH,2944,16,0002E177,0,1,1,4294967295,0,0
oInvCollPH,2960,16,000A848D,0,1,1,4294967295,0,0
oInvCollPH,3408,176,0006B975,0,1,1,4294967295,0,0
oInvCollPH,3424,176,00028BFB,0,1,1,4294967295,0,0
oInvCollPH,3440,256,00260B03,0,1,1,4294967295,0,0
oInvCollPH,3456,256,00280809,0,1,1,4294967295,0,0
oInvCollPH,3472,256,00333A8C,0,1,1,4294967295,0,0
oInvCollPH,3456,272,00178DBD,0,1,1,4294967295,0,0
oInvCollPH,3472,272,003DBA4F,0,1,1,4294967295,0,0
oInvCollPH,3488,272,000BC71D,0,1,1,4294967295,0,0
oInvCollPH,3504,272,001AF74B,0,1,1,4294967295,0,0
oInvCollPH,3520,272,002EC8F9,0,1,1,4294967295,0,0
oInvCollPH,3600,256,00301532,0,1,1,4294967295,0,0
oInvCollPH,3616,256,002DC0F4,0,1,1,4294967295,0,0
oInvCollPH,3632,256,001C93F2,0,1,1,4294967295,0,0
oInvCollPH,3648,256,003BA11C,0,1,1,4294967295,0,0
oInvCollPH,3664,256,003C1563,0,1,1,4294967295,0,0
oInvCollPH,3712,96,002A73FC,0,1,1,4294967295,0,0
oInvCollPH,3712,112,0029BF8C,0,1,1,4294967295,0,0
oInvCollPH,3712,0,000C2585,0,1,1,4294967295,0,0
oInvCollPH,3728,0,00047224,0,1,1,4294967295,0,0
oInvCollPH,3744,0,002C5808,0,1,1,4294967295,0,0
oInvCollPH,3760,0,002B2668,0,1,1,4294967295,0,0
oInvCollPH,3776,0,000774D3,0,1,1,4294967295,0,0
oInvCollPH,3792,32,0001073C,0,1,1,4294967295,0,0
oInvCollPH,3792,48,0005D4C6,0,1,1,4294967295,0,0
oInvCollPH,3792,64,00236C1B,0,1,1,4294967295,0,0
oInvCollPH,3792,80,0026B692,0,1,1,4294967295,0,0
oInvCollPH,3792,96,001BE41E,0,1,1,4294967295,0,0
oInvCollPH,3792,112,00376D1E,0,1,1,4294967295,0,0
oInvCollPH,3792,128,00244254,0,1,1,4294967295,0,0
oInvCollPH,3520,96,000AE286,0,1,1,4294967295,0,0
oInvCollPH,3536,96,001A2BDF,0,1,1,4294967295,0,0
oInvCollPH,3552,96,0038C3B7,0,1,1,4294967295,0,0
oInvCollPH,3568,96,001E4287,0,1,1,4294967295,0,0
oInvCollPH,3680,208,003A0055,0,1,1,4294967295,0,0
oInvCollPH,3696,208,0010554C,0,1,1,4294967295,0,0
oInvCollPH,3712,208,00380435,0,1,1,4294967295,0,0
oInvCollPH,3728,208,003CC237,0,1,1,4294967295,0,0
oInvCollPH,3744,208,003E7CF3,0,1,1,4294967295,0,0
oInvCollPH,3760,208,0010CC0B,0,1,1,4294967295,0,0
oInvCollPH,3776,208,0003698F,0,1,1,4294967295,0,0
oInvCollPH,3792,208,0036E00B,0,1,1,4294967295,0,0
oInvCollPH,3696,0,003871A2,0,1,1,4294967295,0,0
oInvCollSM,3488,240,001B0C09,0,1,1,4294967295,0,0
oInvCollSM,3504,240,000399AE,0,1,1,4294967295,0,0
oInvCollSM,3536,208,00239FA3,0,1,1,4294967295,0,0
oInvCollSM,3552,208,000732B1,0,1,1,4294967295,0,0
oInvCollSM,3568,208,0004E874,0,1,1,4294967295,0,0
oInvCollSM,3584,208,000A60E2,0,1,1,4294967295,0,0
oInvCollSM,3568,176,000556AD,0,1,1,4294967295,0,0
oInvCollSM,3584,176,002A69D2,0,1,1,4294967295,0,0
oInvCollSM,3600,176,0015B748,0,1,1,4294967295,0,0
oInvCollSM,3616,176,0006DD63,0,1,1,4294967295,0,0
oInvCollSM,3632,176,00189647,0,1,1,4294967295,0,0
oInvisibleSolid,0,288,0036782C,0,1,1,4294967295,0,1
oInvisibleSolid,0,160,0020F9AA,0,1,1,4294967295,0,1
oInvisibleSolid,0,144,00162209,0,1,1,4294967295,0,1
oInvisibleSolid,48,128,00103F80,0,1,1,4294967295,0,0
oInvisibleSolid,48,112,003F208C,0,1,1,4294967295,0,1
oInvisibleSolid,80,0,003D4D67,0,1,1,4294967295,0,1
oInvisibleSolid,160,96,0028F078,0,1,1,4294967295,0,1
oInvisibleSolid,256,96,001B62E9,0,1,1,4294967295,0,1
oInvisibleSolid,352,96,002E8755,0,1,1,4294967295,0,1
oInvisibleSolid,96,80,002A2650,0,1,1,4294967295,0,1
oInvisibleSolid,352,256,000C7710,0,1,1,4294967295,0,1
oIVaultCir1,320,256,0036AC02,0,1,1,4294967295,0,0
oIVaultCir2,192,288,0004745A,0,1,1,4294967295,0,0
oIVaultCir3,320,288,00288140,0,1,1,4294967295,0,0
oIVaultCir4,192,320,003DC322,0,1,1,4294967295,0,0
oIVaultC4,352,320,001D434B,0,1,1,4294967295,0,0
oIVaultC4,384,336,001B32B3,0,1,1,4294967295,0,0
oTimeSwBarrier,656,192,001CCB65,0,1,1,4294967295,0,1
oInvisibleSolid,368,96,00120DE3,0,1,1,4294967295,0,1
oInvisibleSolid,416,80,00096C17,0,1,1,4294967295,0,1
oInvisibleSolid,480,96,00012B63,0,1,1,4294967295,0,1
oInvisibleSolid,544,112,0021F549,0,1,1,4294967295,0,1
oInvisibleSolid,608,128,001187B1,0,1,1,4294967295,0,1
oInvisibleSolid,656,144,000EDD20,0,1,1,4294967295,0,1
oIVaultCir2,672,256,003A1953,0,1,1,4294967295,0,0
oIVaultCir4,672,288,00264C6D,0,1,1,4294967295,0,0
oIVaultC3,704,272,002C97B8,0,1,1,4294967295,0,0
oIVaultC3,736,256,0025F96F,0,1,1,4294967295,0,0
oIVaultC4,672,320,0021C33B,0,1,1,4294967295,0,0
oIVaultC4,704,336,002F04E7,0,1,1,4294967295,0,0
oIVaultC4,768,256,0021B4EB,0,1,1,4294967295,0,0
oIVaultC4,800,272,0033792D,0,1,1,4294967295,0,0
oIVaultHoriz,832,288,0020A911,0,1,1,4294967295,0,1
oIVaultHoriz,1072,240,0030440D,0,1,1,4294967295,0,1
oIVaultCir2,1312,240,0009226A,0,1,1,4294967295,0,0
oIVaultCir1,1280,302,001E226F,0,1,1,4294967295,0,0
oIVaultCir4,1312,272,00280D51,0,1,1,4294967295,0,0
oIVaultCir3,1280,334,0025E62E,0,1,1,4294967295,0,0
oIVaultC1,1024,272,0026C044,0,1,1,4294967295,0,0
oIVaultC1,1040,256,0036979C,0,1,1,4294967295,0,0
oIVaultC1,1056,240,00278F40,0,1,1,4294967295,0,0
oInvisibleSolid,720,144,00222354,0,1,1,4294967295,0,1
oInvisibleSolid,688,128,0037520F,0,1,1,4294967295,0,1
oInvisibleSolid,672,80,00096CDB,0,1,1,4294967295,0,1
oInvisibleSolid,688,64,001B8F30,0,1,1,4294967295,0,1
oInvisibleSolid,752,48,0029E2BC,0,1,1,4294967295,0,1
oInvisibleSolid,816,64,0035D71A,0,1,1,4294967295,0,1
oInvisibleSolid,832,128,001A17DF,0,1,1,4294967295,0,1
oInvisibleSolid,896,80,0020EBC5,0,1,1,4294967295,0,1
oInvisibleSolid,912,64,00149E53,0,1,1,4294967295,0,1
oInvisibleSolid,944,48,00121F3C,0,1,1,4294967295,0,1
oInvisibleSolid,992,32,002556B8,0,1,1,4294967295,0,1
oInvisibleSolid,1024,16,00138F12,0,1,1,4294967295,0,1
oInvisibleSolid,1072,32,00084CF4,0,1,1,4294967295,0,1
oInvisibleSolid,1136,48,0037ADBD,0,1,1,4294967295,0,1
oInvisibleSolid,1152,96,002F1AB2,0,1,1,4294967295,0,1
oInvisibleSolid,1200,112,00340AA1,0,1,1,4294967295,0,1
oTimeSwBarrier,1200,176,001662F1,0,1,1,4294967295,0,1
oIVaultCir1,1440,272,000FA88E,0,1,1,4294967295,0,0
oIVaultCir3,1440,304,00080C9A,0,1,1,4294967295,0,0
oIVaultC2,1472,336,00324526,0,1,1,4294967295,0,0
oIVaultC1,1664,256,002BA6FD,0,1,1,4294967295,0,0
oIVaultC1,1680,240,0014F167,0,1,1,4294967295,0,0
oIVaultC1,1728,224,00068428,0,1,1,4294967295,0,0
oIVaultC1,1744,208,00275BB9,0,1,1,4294967295,0,0
oIVaultC4,1824,208,000CB853,0,1,1,4294967295,0,0
oIVaultC4,1856,224,00372947,0,1,1,4294967295,0,0
oIVaultHoriz,1760,208,003D92DB,0,1,1,4294967295,0,1
oIVaultHoriz,1888,240,0018AD80,0,1,1,4294967295,0,1
oIVaultHoriz,1696,240,0004C48E,0,1,1,4294967295,0,1
oIVaultHoriz,1472,272,000CA726,0,1,1,4294967295,0,1
oTimeSwBarrier,1920,176,00316AAA,0,1,1,4294967295,0,1
oInvisibleSolid,1216,80,002BBC85,0,1,1,4294967295,0,1
oInvisibleSolid,1232,64,0002CDCC,0,1,1,4294967295,0,1
oInvisibleSolid,1280,0,003754F5,0,1,1,4294967295,0,1
oInvisibleSolid,1280,80,000539AE,0,1,1,4294967295,0,1
oInvisibleSolid,1296,112,0030615B,0,1,1,4294967295,0,1
oInvisibleSolid,1360,96,002BE0C3,0,1,1,4294967295,0,1
oInvisibleSolid,1408,112,0005E9ED,0,1,1,4294967295,0,1
oInvisibleSolid,1424,96,002A2AC6,0,1,1,4294967295,0,1
oInvisibleSolid,1488,64,003A3D3F,0,1,1,4294967295,0,1
oInvisibleSolid,1504,48,00323B6D,0,1,1,4294967295,0,0
oInvisibleSolid,1520,32,003A71F5,0,1,1,4294967295,0,1
oInvisibleSolid,1568,48,002B38EC,0,1,1,4294967295,0,1
oInvisibleSolid,1584,80,000DED5C,0,1,1,4294967295,0,0
oInvisibleSolid,1600,96,00175875,0,1,1,4294967295,0,1
oInvisibleSolid,1920,112,0019048D,0,1,1,4294967295,0,1
oInvisibleSolid,1856,96,0004A942,0,1,1,4294967295,0,1
oInvisibleSolid,1840,64,003C2D92,0,1,1,4294967295,0,1
oInvisibleSolid,1824,48,00094B90,0,1,1,4294967295,0,0
oInvisibleSolid,1808,32,000A4404,0,1,1,4294967295,0,0
oInvisibleSolid,1744,16,003DF2F7,0,1,1,4294967295,0,1
oInvisibleSolid,1728,32,000C7CA6,0,1,1,4294967295,0,0
oInvisibleSolid,1664,48,001F4942,0,1,1,4294967295,0,1
oInvisibleSolid,1648,64,00104A42,0,1,1,4294967295,0,1
oIVaultHoriz,2496,208,00372DBD,0,1,1,4294967295,0,1
oIVaultHoriz,2304,160,00086F49,0,1,1,4294967295,0,1
oIVaultHoriz,2240,160,001A14EB,0,1,1,4294967295,0,1
oIVaultC3,2048,224,003C3492,0,1,1,4294967295,0,0
oIVaultC3,2112,192,002A73E6,0,1,1,4294967295,0,0
oIVaultC3,2176,160,00115B5C,0,1,1,4294967295,0,0
oIVaultC4,2368,160,002F34E2,0,1,1,4294967295,0,0
oIVaultC4,2432,192,002D9342,0,1,1,4294967295,0,0
oIVaultCir1,2256,176,003CFC82,0,1,1,4294967295,0,0
oIVaultCir2,2288,176,002FDDAF,0,1,1,4294967295,0,0
oInvisibleSolid,2720,0,003218AA,0,1,1,4294967295,0,1
oInvisibleSolid,3184,0,003529BF,0,1,1,4294967295,0,1
oInvisibleSolid,3024,0,002B7745,0,1,1,4294967295,0,1
oInvisibleSolid,2976,32,001B26F4,0,1,1,4294967295,0,0
oInvisibleSolid,2992,16,0009393A,0,1,1,4294967295,0,1
oInvisibleSolid,3056,16,0018DE68,0,1,1,4294967295,0,0
oInvisibleSolid,3072,32,001F01E2,0,1,1,4294967295,0,1
oInvisibleSolid,3104,48,0002F79F,0,1,1,4294967295,0,0
oInvisibleSolid,3120,32,0000EFB7,0,1,1,4294967295,0,0
oInvisibleSolid,3136,16,001C8CE6,0,1,1,4294967295,0,1
oInvisibleSolid,3168,32,003F0431,0,1,1,4294967295,0,0
oIVaultHoriz,2688,160,0006BA3A,0,1,1,4294967295,0,1
oIVaultHoriz,2880,160,002D4407,0,1,1,4294967295,0,1
oIVaultHoriz,2752,96,00298FC3,0,1,1,4294967295,0,1
oIVaultHoriz,3136,192,0026FD13,0,1,1,4294967295,0,1
oIVaultHoriz,2688,288,00217009,0,1,1,4294967295,0,1
oIVaultHoriz,2816,256,0011994F,0,1,1,4294967295,0,1
oIVaultHoriz,2944,288,001357E8,0,1,1,4294967295,0,1
oIVaultC3,2752,272,00296186,0,1,1,4294967295,0,0
oIVaultC3,2784,256,000CE3E0,0,1,1,4294967295,0,0
oIVaultC3,3008,272,001EF74D,0,1,1,4294967295,0,0
oIVaultC3,3040,256,0002FF96,0,1,1,4294967295,0,0
oIVaultC4,2624,256,0011C124,0,1,1,4294967295,0,0
oIVaultC4,2656,272,0030575C,0,1,1,4294967295,0,0
oIVaultC4,2880,256,0022797E,0,1,1,4294967295,0,0
oIVaultC4,2912,272,0023D858,0,1,1,4294967295,0,0
oIVaultC4,3232,192,00328A03,0,1,1,4294967295,0,0
oIVaultC4,3264,208,0018FA2F,0,1,1,4294967295,0,0
oIVaultC4,3296,224,003CB374,0,1,1,4294967295,0,0
oIVaultC4,3328,240,00103394,0,1,1,4294967295,0,0
oIVaultHoriz,3360,256,001AE13E,0,1,1,4294967295,0,1
oTimeSwBarrier,3184,128,00235462,0,1,1,4294967295,0,1
oInvisibleSolid,3392,176,0031FE04,0,1,1,4294967295,0,1
oInvisibleSolid,3440,160,0016DDB5,0,1,1,4294967295,0,0
oInvisibleSolid,3504,96,00268690,0,1,1,4294967295,0,1
oInvisibleSolid,3680,0,002ADCBE,0,1,1,4294967295,0,1
oInvisibleSolid,3792,16,003A569D,0,1,1,4294967295,0,1
oInvisibleSolid,3712,80,000A599D,0,1,1,4294967295,0,1
oInvisibleSolid,3664,208,0025DA42,0,1,1,4294967295,0,1
oInvisibleSolid,3504,224,00160B4A,0,1,1,4294967295,0,0
oInvisibleSolid,3424,256,001FE3AB,0,1,1,4294967295,0,1
oInvisibleSolid,3440,272,003E5D10,0,1,1,4294967295,0,1
oInvisibleSolid,3568,240,00069DFD,0,1,1,4294967295,0,0
oInvisibleSolid,3584,256,003BFB39,0,1,1,4294967295,0,1
oInvisibleSolidMorph,3472,240,003C6795,0,1,1,4294967295,0,1
oInvisibleSolidMorph,3520,208,0027D065,0,1,1,4294967295,0,1
oInvisibleSolidMorph,3552,176,0016153F,0,1,1,4294967295,0,1
oInvisibleSolid,3776,80,00138232,0,1,1,4294967295,0,0
oInvisibleSolid,3728,80,00269202,0,1,1,4294967295,0,0
oTimeSwBarrier,3712,16,0034D3F5,0,1,1,4294967295,0,1
