oPlayerGameIcon,1368,696,00291D07,0,1,1,4294967295,0,0
oInvCollPH,608,416,002D8DA1,0,1,1,4294967295,0,0
oInvCollPH,560,416,000D0988,0,1,1,4294967295,0,0
oInvCollPH,560,384,002F11DE,0,1,1,4294967295,0,0
oInvCollPH,576,384,001FE89D,0,1,1,4294967295,0,0
oInvCollPH,592,384,00114D60,0,1,1,4294967295,0,0
oInvCollPH,544,400,003F077A,0,1,1,4294967295,0,0
oInvCollPH,576,400,001D9EFC,0,1,1,4294967295,0,0
oInvCollPH,592,400,000A2B4D,0,1,1,4294967295,0,0
oInvCollPH,240,1504,0031802C,0,1,1,4294967295,0,0
oInvCollPH,256,1504,003BA751,0,1,1,4294967295,0,0
oInvCollPH,256,1488,00355953,0,1,1,4294967295,0,0
oInvCollPH,192,1456,0037286B,0,1,1,4294967295,0,0
oInvCollPH,176,1472,002D3550,0,1,1,4294967295,0,0
oInvCollPH,176,1488,002C83FE,0,1,1,4294967295,0,0
oInvCollPH,176,1504,001E729B,0,1,1,4294967295,0,0
oInvCollPH,208,1472,00146053,0,1,1,4294967295,0,0
oInvCollPH,192,1520,001C81A6,0,1,1,4294967295,0,0
oInvCollPH,208,1520,001EAADD,0,1,1,4294967295,0,0
oInvCollPH,288,512,000A4DC4,0,1,1,4294967295,0,0
oInvCollPH,288,528,003CE039,0,1,1,4294967295,0,0
oInvCollPH,272,528,003DB964,0,1,1,4294967295,0,0
oInvCollPH,304,544,003398EC,0,1,1,4294967295,0,0
oInvCollPH,304,560,0002C522,0,1,1,4294967295,0,0
oInvCollPH,304,576,00176C28,0,1,1,4294967295,0,0
oInvCollPH,304,592,0025A143,0,1,1,4294967295,0,0
oInvCollPH,288,560,0039CBDE,0,1,1,4294967295,0,0
oInvCollPH,288,576,000A898E,0,1,1,4294967295,0,0
oInvCollPH,272,608,0025ED23,0,1,1,4294967295,0,0
oInvCollPH,288,608,0025C792,0,1,1,4294967295,0,0
oInvCollPH,640,400,003CD14D,0,1,1,4294967295,0,0
oInvCollPH,656,416,0000493A,0,1,1,4294967295,0,0
oInvCollPH,720,464,003DF372,0,1,1,4294967295,0,0
oInvCollPH,672,432,0001ED14,0,1,1,4294967295,0,0
oInvCollPH,688,432,00277087,0,1,1,4294967295,0,0
oInvCollPH,704,432,002476FA,0,1,1,4294967295,0,0
oInvCollPH,1072,416,002860A0,0,1,1,4294967295,0,0
oInvCollPH,992,496,000D9775,0,1,1,4294967295,0,0
oInvCollPH,1056,448,003754F8,0,1,1,4294967295,0,0
oInvCollPH,1008,464,002DCE46,0,1,1,4294967295,0,0
oInvCollPH,1024,464,003D1499,0,1,1,4294967295,0,0
oInvCollPH,1040,464,001B27DB,0,1,1,4294967295,0,0
oInvCollPH,1056,464,0028BCBA,0,1,1,4294967295,0,0
oInvCollPH,1072,464,000FF184,0,1,1,4294967295,0,0
oInvCollPH,1088,464,0028F6CA,0,1,1,4294967295,0,0
oInvCollPH,1104,464,00153394,0,1,1,4294967295,0,0
oInvCollPH,1360,976,0005DA70,0,1,1,4294967295,0,0
oInvCollPH,1376,976,001CA6DB,0,1,1,4294967295,0,0
oInvCollPH,1216,704,003EB748,0,1,1,4294967295,0,0
oInvCollPH,1344,1008,002EC725,0,1,1,4294967295,0,0
oInvCollPH,1376,1008,00367F23,0,1,1,4294967295,0,0
oInvCollPH,304,688,0014B358,0,1,1,4294967295,0,0
oInvCollPH,368,752,002C372B,0,1,1,4294967295,0,0
oInvCollPH,336,768,0029ED01,0,1,1,4294967295,0,0
oInvCollPH,336,784,0005BC93,0,1,1,4294967295,0,0
oInvCollPH,288,864,0012DCBA,0,1,1,4294967295,0,0
oInvCollPH,288,880,00184FAF,0,1,1,4294967295,0,0
oInvCollPH,272,672,000D92B2,0,1,1,4294967295,0,0
oInvCollPH,288,672,0007D421,0,1,1,4294967295,0,0
oInvCollPH,256,704,000A1262,0,1,1,4294967295,0,0
oInvCollPH,256,720,00304280,0,1,1,4294967295,0,0
oInvCollPH,272,736,0007FAFB,0,1,1,4294967295,0,0
oInvCollPH,272,752,003229E2,0,1,1,4294967295,0,0
oInvCollPH,272,768,000876E8,0,1,1,4294967295,0,0
oInvCollPH,272,784,0006BFD4,0,1,1,4294967295,0,0
oInvCollPH,304,784,0029062D,0,1,1,4294967295,0,0
oInvCollPH,304,800,00335817,0,1,1,4294967295,0,0
oInvCollPH,304,816,00086927,0,1,1,4294967295,0,0
oInvCollPH,304,832,003E82D6,0,1,1,4294967295,0,0
oInvCollPH,304,848,00008FA1,0,1,1,4294967295,0,0
oInvCollPH,1408,112,000C45D7,0,1,1,4294967295,0,0
oInvCollPH,1408,128,002A67CF,0,1,1,4294967295,0,0
oInvCollPH,1424,144,0033E542,0,1,1,4294967295,0,0
oInvCollPH,1440,144,003922C6,0,1,1,4294967295,0,0
oInvCollPH,1456,144,0038EB8D,0,1,1,4294967295,0,0
oInvCollPH,1488,96,001B58F5,0,1,1,4294967295,0,0
oInvCollPH,1488,112,000DEC6D,0,1,1,4294967295,0,0
oInvCollPH,1488,128,001AEFA8,0,1,1,4294967295,0,0
oInvCollPH,1488,144,001CF3F7,0,1,1,4294967295,0,0
oInvCollPH,1472,144,002DF74D,0,1,1,4294967295,0,0
oInvCollPH,1472,112,003C55D4,0,1,1,4294967295,0,0
oInvCollPH,1472,128,00191A98,0,1,1,4294967295,0,0
oInvCollPH,1440,48,002F656A,0,1,1,4294967295,0,0
oInvCollPH,1456,48,000F5BDC,0,1,1,4294967295,0,0
oInvCollPH,1472,80,001F96BB,0,1,1,4294967295,0,0
oInvCollPH,1504,80,0010A361,0,1,1,4294967295,0,0
oInvCollPH,1520,80,003A022C,0,1,1,4294967295,0,0
oInvCollPH,1136,32,00232A32,0,1,1,4294967295,0,0
oInvCollPH,1152,32,000386CF,0,1,1,4294967295,0,0
oInvCollPH,1168,32,001F636A,0,1,1,4294967295,0,0
oInvCollPH,1376,32,002F12D6,0,1,1,4294967295,0,0
oInvCollPH,1392,32,002736FF,0,1,1,4294967295,0,0
oInvCollPH,1408,32,003A3521,0,1,1,4294967295,0,0
oInvCollPH,1424,32,0010A144,0,1,1,4294967295,0,0
oInvCollPH,1552,128,00290B3B,0,1,1,4294967295,0,0
oInvCollPH,1360,48,001078BE,0,1,1,4294967295,0,0
oInvCollPH,1184,64,00164634,0,1,1,4294967295,0,0
oInvCollPH,1200,64,003C0B68,0,1,1,4294967295,0,0
oInvCollPH,1328,64,001C8C53,0,1,1,4294967295,0,0
oInvCollPH,1344,128,0023EBFF,0,1,1,4294967295,0,0
oInvCollPH,1264,144,002EC16E,0,1,1,4294967295,0,0
oInvCollPH,1344,144,001FDB9B,0,1,1,4294967295,0,0
oInvCollPH,1344,112,003EBD87,0,1,1,4294967295,0,0
oInvCollPH,1344,96,0003E418,0,1,1,4294967295,0,0
oInvCollPH,1328,80,00332BD2,0,1,1,4294967295,0,0
oInvCollPH,368,64,003340EE,0,1,1,4294967295,0,0
oInvCollPH,384,64,001DB414,0,1,1,4294967295,0,0
oInvCollPH,400,64,0021FF42,0,1,1,4294967295,0,0
oInvCollPH,416,64,00057BDB,0,1,1,4294967295,0,0
oInvCollPH,1120,48,00312CC4,0,1,1,4294967295,0,0
oInvCollPH,192,48,0035414A,0,1,1,4294967295,0,0
oInvCollPH,208,48,0026F05C,0,1,1,4294967295,0,0
oInvCollPH,224,48,002E1362,0,1,1,4294967295,0,0
oInvCollPH,240,48,00115E14,0,1,1,4294967295,0,0
oInvCollPH,256,48,002A142A,0,1,1,4294967295,0,0
oInvCollPH,272,48,0002E9FB,0,1,1,4294967295,0,0
oInvCollPH,288,48,001FF62D,0,1,1,4294967295,0,0
oInvCollPH,304,48,0011BAE0,0,1,1,4294967295,0,0
oInvCollPH,320,48,0009CCCC,0,1,1,4294967295,0,0
oInvCollPH,336,48,00295D60,0,1,1,4294967295,0,0
oInvCollPH,432,64,0035C7DF,0,1,1,4294967295,0,0
oInvCollPH,448,64,002F348A,0,1,1,4294967295,0,0
oInvCollPH,464,64,002466E5,0,1,1,4294967295,0,0
oInvCollPH,480,64,0025209C,0,1,1,4294967295,0,0
oInvCollPH,496,64,002B18C2,0,1,1,4294967295,0,0
oInvCollPH,512,48,000AA8D1,0,1,1,4294967295,0,0
oInvCollPH,528,48,0012CAFD,0,1,1,4294967295,0,0
oInvCollPH,544,48,00398B54,0,1,1,4294967295,0,0
oInvCollPH,560,48,0027DB5F,0,1,1,4294967295,0,0
oInvCollPH,576,48,0016313A,0,1,1,4294967295,0,0
oInvCollPH,592,48,001DFF57,0,1,1,4294967295,0,0
oInvCollPH,160,64,00306EFF,0,1,1,4294967295,0,0
oInvCollPH,176,64,00368197,0,1,1,4294967295,0,0
oInvCollPH,128,96,000BB69E,0,1,1,4294967295,0,0
oInvCollPH,128,112,000DA4D8,0,1,1,4294967295,0,0
oInvCollPH,112,128,0029DA2D,0,1,1,4294967295,0,0
oInvCollPH,112,144,0000FD7C,0,1,1,4294967295,0,0
oInvCollPH,112,160,0024BF5B,0,1,1,4294967295,0,0
oInvCollPH,112,176,002CCA4A,0,1,1,4294967295,0,0
oInvCollPH,112,192,0029441A,0,1,1,4294967295,0,0
oInvCollPH,112,1280,00393B0A,0,1,1,4294967295,0,0
oInvCollPH,256,1568,00000F75,0,1,1,4294967295,0,0
oInvCollPH,272,1568,003791A1,0,1,1,4294967295,0,0
oInvCollPH,288,1568,0025335B,0,1,1,4294967295,0,0
oInvCollPH,80,1312,0026BC9D,0,1,1,4294967295,0,0
oInvCollPH,64,1328,00259F74,0,1,1,4294967295,0,0
oInvCollPH,64,1344,00041A4C,0,1,1,4294967295,0,0
oInvCollPH,48,1360,00320DC0,0,1,1,4294967295,0,0
oInvCollPH,48,1376,002CB83F,0,1,1,4294967295,0,0
oInvCollPH,48,1392,003A0A63,0,1,1,4294967295,0,0
oInvCollPH,48,1408,00361FB2,0,1,1,4294967295,0,0
oInvCollPH,48,1424,0010E8D7,0,1,1,4294967295,0,0
oInvCollPH,64,1440,00137846,0,1,1,4294967295,0,0
oInvCollPH,64,1456,003D569D,0,1,1,4294967295,0,0
oInvCollPH,64,1472,0027D48A,0,1,1,4294967295,0,0
oInvCollPH,80,1488,003EE648,0,1,1,4294967295,0,0
oInvCollPH,96,1488,00080977,0,1,1,4294967295,0,0
oInvCollPH,96,1504,00356B59,0,1,1,4294967295,0,0
oInvCollPH,112,1520,0022FA43,0,1,1,4294967295,0,0
oInvCollPH,128,1536,0036D97A,0,1,1,4294967295,0,0
oInvCollPH,144,1552,0020B848,0,1,1,4294967295,0,0
oInvCollPH,160,1568,00232784,0,1,1,4294967295,0,0
oInvCollPH,176,1584,003541E3,0,1,1,4294967295,0,0
oInvCollPH,192,1584,001B8DF5,0,1,1,4294967295,0,0
oInvCollPH,208,1584,0012D513,0,1,1,4294967295,0,0
oInvCollPH,224,1584,002D0449,0,1,1,4294967295,0,0
oInvCollPH,304,1584,0010676F,0,1,1,4294967295,0,0
oInvCollPH,320,1584,00144C14,0,1,1,4294967295,0,0
oInvCollPH,336,1584,0031F7CA,0,1,1,4294967295,0,0
oInvCollPH,352,1584,00315DB6,0,1,1,4294967295,0,0
oInvCollPH,1232,1552,00354E84,0,1,1,4294967295,0,0
oInvCollPH,1248,1552,0019AAEE,0,1,1,4294967295,0,0
oInvCollPH,1264,1552,001BBB79,0,1,1,4294967295,0,0
oInvCollPH,1280,1552,0004CB46,0,1,1,4294967295,0,0
oInvCollPH,1296,1552,00346E2D,0,1,1,4294967295,0,0
oInvCollPH,1312,1552,003DBBD5,0,1,1,4294967295,0,0
oInvCollPH,1328,1552,000C814D,0,1,1,4294967295,0,0
oInvCollPH,1344,1552,002F55E0,0,1,1,4294967295,0,0
oInvCollPH,1360,1552,0029673A,0,1,1,4294967295,0,0
oInvCollPH,1216,1536,0008FF7E,0,1,1,4294967295,0,0
oInvCollPH,416,1520,001EF0E7,0,1,1,4294967295,0,0
oInvCollPH,400,1536,00080EA3,0,1,1,4294967295,0,0
oInvCollPH,1184,1520,001AD092,0,1,1,4294967295,0,0
oInvCollPH,1504,1472,001AB14A,0,1,1,4294967295,0,0
oInvCollPH,1392,1536,0029CF11,0,1,1,4294967295,0,0
oInvCollPH,1408,1536,00004D02,0,1,1,4294967295,0,0
oInvCollPH,1440,1520,0000AA85,0,1,1,4294967295,0,0
oInvCollPH,1168,1504,003004A5,0,1,1,4294967295,0,0
oInvCollPH,1152,1456,003A115B,0,1,1,4294967295,0,0
oInvCollPH,1152,1488,003DB38F,0,1,1,4294967295,0,0
oInvCollPH,1200,1312,001A984F,0,1,1,4294967295,0,0
oInvCollPH,1104,1344,0031CB66,0,1,1,4294967295,0,0
oInvCollPH,1104,1360,001DEBF0,0,1,1,4294967295,0,0
oInvCollPH,1104,1376,002FA042,0,1,1,4294967295,0,0
oInvCollPH,1168,1344,001B3BBB,0,1,1,4294967295,0,0
oInvCollPH,1168,1360,00276509,0,1,1,4294967295,0,0
oInvCollPH,1168,1376,003B4D3F,0,1,1,4294967295,0,0
oInvCollPH,1072,1392,003E8362,0,1,1,4294967295,0,0
oInvCollPH,1088,1392,00195536,0,1,1,4294967295,0,0
oInvCollPH,1024,1440,003BF0DE,0,1,1,4294967295,0,0
oInvCollPH,1040,1440,0038D9B5,0,1,1,4294967295,0,0
oInvCollPH,1152,1392,002F0F2C,0,1,1,4294967295,0,0
oInvCollPH,1152,1408,0026BA7E,0,1,1,4294967295,0,0
oInvCollPH,1152,1424,0014BF08,0,1,1,4294967295,0,0
oInvCollPH,1152,1440,0003A298,0,1,1,4294967295,0,0
oInvCollPH,1488,960,000614EC,0,1,1,4294967295,0,0
oInvCollPH,1488,976,003A9967,0,1,1,4294967295,0,0
oInvCollPH,1488,992,002A6ED4,0,1,1,4294967295,0,0
oInvCollPH,1488,1008,001B08AC,0,1,1,4294967295,0,0
oInvCollPH,1488,1024,0009763E,0,1,1,4294967295,0,0
oInvCollPH,1504,928,00300ED1,0,1,1,4294967295,0,0
oInvCollPH,1504,1040,0007D09B,0,1,1,4294967295,0,0
oInvCollPH,1504,1056,00377C64,0,1,1,4294967295,0,0
oInvCollPH,1520,896,003B6839,0,1,1,4294967295,0,0
oInvCollPH,1520,1072,000D8E1F,0,1,1,4294967295,0,0
oInvCollPH,1520,1088,00391284,0,1,1,4294967295,0,0
oInvCollPH,1520,1104,001AC97F,0,1,1,4294967295,0,0
oInvCollPH,1520,1120,002A760D,0,1,1,4294967295,0,0
oInvCollPH,1520,1136,0021F45E,0,1,1,4294967295,0,0
oInvCollPH,1520,1152,00275782,0,1,1,4294967295,0,0
oInvCollPH,1488,1440,0021B589,0,1,1,4294967295,0,0
oInvCollPH,1520,1456,0028A408,0,1,1,4294967295,0,0
oInvCollPH,1376,1280,002339F0,0,1,1,4294967295,0,0
oInvCollPH,1376,1296,001FB850,0,1,1,4294967295,0,0
oInvCollPH,1376,1312,002E68F4,0,1,1,4294967295,0,0
oInvCollPH,1392,1328,003DD79E,0,1,1,4294967295,0,0
oInvCollPH,1392,1344,0036F402,0,1,1,4294967295,0,0
oInvCollPH,1408,1360,0003B73B,0,1,1,4294967295,0,0
oInvCollPH,1440,1360,0019A98C,0,1,1,4294967295,0,0
oInvCollPH,1424,1264,000A096F,0,1,1,4294967295,0,0
oInvCollPH,1440,1264,00212E4A,0,1,1,4294967295,0,0
oInvCollPH,1456,1376,001CFB94,0,1,1,4294967295,0,0
oInvCollPH,1456,1392,0010617F,0,1,1,4294967295,0,0
oInvCollPH,1472,1408,00279D26,0,1,1,4294967295,0,0
oInvCollPH,1488,1200,0038B24D,0,1,1,4294967295,0,0
oInvCollPH,1488,1216,002074BC,0,1,1,4294967295,0,0
oInvCollPH,1504,1440,00163F91,0,1,1,4294967295,0,0
oInvCollPH,1344,1312,002E0B7C,0,1,1,4294967295,0,0
oInvCollPH,1248,1344,0012B37B,0,1,1,4294967295,0,0
oInvCollPH,1248,1360,0023080F,0,1,1,4294967295,0,0
oInvCollPH,1264,1360,003272A1,0,1,1,4294967295,0,0
oInvCollPH,1296,1376,001A0E10,0,1,1,4294967295,0,0
oInvCollPH,1312,1376,002F1173,0,1,1,4294967295,0,0
oInvCollPH,1328,1376,0014E9E6,0,1,1,4294967295,0,0
oInvCollPH,1328,1360,00216928,0,1,1,4294967295,0,0
oInvCollPH,1328,1344,00042D5C,0,1,1,4294967295,0,0
oInvCollPH,1328,1328,00034F5D,0,1,1,4294967295,0,0
oInvCollPH,1488,1424,0020C9E3,0,1,1,4294967295,0,0
oInvCollPH,1536,160,00339906,0,1,1,4294967295,0,0
oInvCollPH,1536,176,001731C6,0,1,1,4294967295,0,0
oInvCollPH,1536,816,00173C19,0,1,1,4294967295,0,0
oInvCollPH,1536,832,0015B283,0,1,1,4294967295,0,0
oInvCollPH,1536,848,003CF288,0,1,1,4294967295,0,0
oInvCollPH,1536,864,000EC254,0,1,1,4294967295,0,0
oInvCollPH,1520,624,003ADE62,0,1,1,4294967295,0,0
oInvCollPH,1520,640,002B7B34,0,1,1,4294967295,0,0
oInvCollPH,1520,656,00034E99,0,1,1,4294967295,0,0
oInvCollPH,1520,672,002A3274,0,1,1,4294967295,0,0
oInvCollPH,1520,800,003BFA3D,0,1,1,4294967295,0,0
oInvCollPH,1504,544,001DAAAD,0,1,1,4294967295,0,0
oInvCollPH,1504,560,000E921C,0,1,1,4294967295,0,0
oInvCollPH,1504,576,0012CDDF,0,1,1,4294967295,0,0
oInvCollPH,1504,592,002E281C,0,1,1,4294967295,0,0
oInvCollPH,1504,608,000391FB,0,1,1,4294967295,0,0
oInvCollPH,1248,768,002C1B61,0,1,1,4294967295,0,0
oInvCollPH,1264,768,0011A1B5,0,1,1,4294967295,0,0
oInvCollPH,1280,768,000F189E,0,1,1,4294967295,0,0
oInvCollPH,1232,784,002758B5,0,1,1,4294967295,0,0
oInvCollPH,1232,800,003FF739,0,1,1,4294967295,0,0
oInvCollPH,1248,800,00312B19,0,1,1,4294967295,0,0
oInvCollPH,1264,800,003FEEDD,0,1,1,4294967295,0,0
oInvCollPH,1344,832,00355A98,0,1,1,4294967295,0,0
oInvCollPH,1360,832,002727AD,0,1,1,4294967295,0,0
oInvCollPH,1376,832,00269FEF,0,1,1,4294967295,0,0
oInvCollPH,1392,832,002E622C,0,1,1,4294967295,0,0
oInvCollPH,1408,832,0032BDB5,0,1,1,4294967295,0,0
oInvCollPH,1296,816,003E81E3,0,1,1,4294967295,0,0
oInvCollPH,1312,816,003E7595,0,1,1,4294967295,0,0
oInvCollPH,1424,816,003D6D76,0,1,1,4294967295,0,0
oInvCollPH,1440,816,0039FA32,0,1,1,4294967295,0,0
oInvCollPH,1456,816,001D6257,0,1,1,4294967295,0,0
oInvCollPH,1472,816,00037B45,0,1,1,4294967295,0,0
oInvCollPH,1504,688,003A9E0F,0,1,1,4294967295,0,0
oInvCollPH,1488,800,0029A2BC,0,1,1,4294967295,0,0
oInvCollPH,1504,800,000F00AC,0,1,1,4294967295,0,0
oInvCollPH,1424,736,00134F82,0,1,1,4294967295,0,0
oInvCollPH,1440,736,00270AD5,0,1,1,4294967295,0,0
oInvCollPH,1312,752,00296BDE,0,1,1,4294967295,0,0
oInvCollPH,1328,752,0033B644,0,1,1,4294967295,0,0
oInvCollPH,1344,752,000341DC,0,1,1,4294967295,0,0
oInvCollPH,1360,752,0027696E,0,1,1,4294967295,0,0
oInvCollPH,1376,752,00366DED,0,1,1,4294967295,0,0
oInvCollPH,1392,752,000C4B1D,0,1,1,4294967295,0,0
oInvCollPH,1488,240,001949B4,0,1,1,4294967295,0,0
oInvCollPH,1488,528,0002B50D,0,1,1,4294967295,0,0
oInvCollPH,1472,272,003B5301,0,1,1,4294967295,0,0
oInvCollPH,1472,512,000007D6,0,1,1,4294967295,0,0
oInvCollPH,1408,480,001C8ED1,0,1,1,4294967295,0,0
oInvCollPH,1424,480,00289A11,0,1,1,4294967295,0,0
oInvCollPH,1440,480,0006AF30,0,1,1,4294967295,0,0
oInvCollPH,1424,288,00375D87,0,1,1,4294967295,0,0
oInvCollPH,1440,288,001DF403,0,1,1,4294967295,0,0
oInvCollPH,1456,288,0001EBCA,0,1,1,4294967295,0,0
oInvCollPH,1392,272,0003814E,0,1,1,4294967295,0,0
oInvCollPH,1376,464,003DFC08,0,1,1,4294967295,0,0
oInvCollPH,1392,464,0020301B,0,1,1,4294967295,0,0
oInvCollPH,1312,464,002985E3,0,1,1,4294967295,0,0
oInvCollPH,1296,512,002400D1,0,1,1,4294967295,0,0
oInvCollPH,1264,512,002C2C8E,0,1,1,4294967295,0,0
oInvCollPH,1280,512,001C1DBD,0,1,1,4294967295,0,0
oInvCollPH,1280,528,002B3FD7,0,1,1,4294967295,0,0
oInvCollPH,1280,544,0005185B,0,1,1,4294967295,0,0
oInvCollPH,1200,512,0022DD82,0,1,1,4294967295,0,0
oInvCollPH,1184,496,002C06A4,0,1,1,4294967295,0,0
oInvCollPH,1168,480,00092607,0,1,1,4294967295,0,0
oInvCollPH,1152,464,001D5A9B,0,1,1,4294967295,0,0
oInvCollPH,1168,400,003BBFCA,0,1,1,4294967295,0,0
oInvCollPH,1184,400,00383196,0,1,1,4294967295,0,0
oInvCollPH,1200,384,0007D720,0,1,1,4294967295,0,0
oInvCollPH,1216,384,00161DAE,0,1,1,4294967295,0,0
oInvCollPH,1264,400,0010BA36,0,1,1,4294967295,0,0
oInvCollPH,1280,400,001A8613,0,1,1,4294967295,0,0
oInvCollPH,1296,416,00081F3F,0,1,1,4294967295,0,0
oInvCollPH,1296,432,0027A7D1,0,1,1,4294967295,0,0
oInvCollPH,1296,448,002FF4CB,0,1,1,4294967295,0,0
oInvCollPH,1328,448,0016EB00,0,1,1,4294967295,0,0
oInvCollPH,1344,448,0019AA65,0,1,1,4294967295,0,0
oInvCollPH,1360,448,0029861C,0,1,1,4294967295,0,0
oInvCollPH,1360,160,002D0E18,0,1,1,4294967295,0,0
oInvCollPH,1360,176,002789A7,0,1,1,4294967295,0,0
oInvCollPH,1360,192,001302AA,0,1,1,4294967295,0,0
oInvCollPH,1360,208,0003DA1C,0,1,1,4294967295,0,0
oInvCollPH,1360,224,003FE6EB,0,1,1,4294967295,0,0
oInvCollPH,1360,240,0001A717,0,1,1,4294967295,0,0
oInvCollPH,1152,144,000D5A2C,0,1,1,4294967295,0,0
oInvCollPH,1168,144,00261A2F,0,1,1,4294967295,0,0
oInvCollPH,1184,160,003AEAB8,0,1,1,4294967295,0,0
oInvCollPH,1200,160,0039AC4C,0,1,1,4294967295,0,0
oInvCollPH,1136,368,002D06C2,0,1,1,4294967295,0,0
oInvCollPH,1232,368,003B9681,0,1,1,4294967295,0,0
oInvCollPH,1248,368,003A9E6A,0,1,1,4294967295,0,0
oInvCollPH,1216,160,0016B095,0,1,1,4294967295,0,0
oInvCollPH,1232,160,002AD0A3,0,1,1,4294967295,0,0
oInvCollPH,1248,160,0029B394,0,1,1,4294967295,0,0
oInvCollPH,1104,128,00129761,0,1,1,4294967295,0,0
oInvCollPH,1120,128,00255F69,0,1,1,4294967295,0,0
oInvCollPH,1088,336,0000D633,0,1,1,4294967295,0,0
oInvCollPH,1104,336,0038C6D4,0,1,1,4294967295,0,0
oInvCollPH,1088,128,0015C5D8,0,1,1,4294967295,0,0
oInvCollPH,1024,336,00069D5F,0,1,1,4294967295,0,0
oInvCollPH,1040,336,001C3667,0,1,1,4294967295,0,0
oInvCollPH,1056,336,00163A75,0,1,1,4294967295,0,0
oInvCollPH,1072,336,00219ED5,0,1,1,4294967295,0,0
oInvCollPH,816,448,001A8B62,0,1,1,4294967295,0,0
oInvCollPH,832,448,0005546C,0,1,1,4294967295,0,0
oInvCollPH,848,448,0032E32B,0,1,1,4294967295,0,0
oInvCollPH,864,448,002AC403,0,1,1,4294967295,0,0
oInvCollPH,784,464,00273CA0,0,1,1,4294967295,0,0
oInvCollPH,880,464,0006C250,0,1,1,4294967295,0,0
oInvCollPH,896,464,00066F5E,0,1,1,4294967295,0,0
oInvCollPH,912,464,0013B0A4,0,1,1,4294967295,0,0
oInvCollPH,736,480,0037F681,0,1,1,4294967295,0,0
oInvCollPH,752,480,001F771D,0,1,1,4294967295,0,0
oInvCollPH,928,480,001EA227,0,1,1,4294967295,0,0
oInvCollPH,944,480,0029F02C,0,1,1,4294967295,0,0
oInvCollPH,688,496,0027AAFB,0,1,1,4294967295,0,0
oInvCollPH,960,496,002098B8,0,1,1,4294967295,0,0
oInvCollPH,624,512,003289A2,0,1,1,4294967295,0,0
oInvCollPH,640,512,0022B055,0,1,1,4294967295,0,0
oInvCollPH,656,512,001A2BEF,0,1,1,4294967295,0,0
oInvCollPH,976,512,00033809,0,1,1,4294967295,0,0
oInvCollPH,1008,512,0003F652,0,1,1,4294967295,0,0
oInvCollPH,592,528,00049F56,0,1,1,4294967295,0,0
oInvCollPH,1024,528,000CC92B,0,1,1,4294967295,0,0
oInvCollPH,1040,528,0037020D,0,1,1,4294967295,0,0
oInvCollPH,1008,320,00232FA4,0,1,1,4294967295,0,0
oInvCollPH,960,304,0032549F,0,1,1,4294967295,0,0
oInvCollPH,976,304,00337666,0,1,1,4294967295,0,0
oInvCollPH,928,336,000656FC,0,1,1,4294967295,0,0
oInvCollPH,944,336,003CF81D,0,1,1,4294967295,0,0
oInvCollPH,944,320,00332277,0,1,1,4294967295,0,0
oInvCollPH,912,352,0010FC7C,0,1,1,4294967295,0,0
oInvCollPH,864,176,00104BBF,0,1,1,4294967295,0,0
oInvCollPH,864,192,0003EFB8,0,1,1,4294967295,0,0
oInvCollPH,864,208,00352B65,0,1,1,4294967295,0,0
oInvCollPH,880,368,0029660E,0,1,1,4294967295,0,0
oInvCollPH,896,368,002B0280,0,1,1,4294967295,0,0
oInvCollPH,864,368,00316565,0,1,1,4294967295,0,0
oInvCollPH,816,256,002F82D7,0,1,1,4294967295,0,0
oInvCollPH,800,352,000ED787,0,1,1,4294967295,0,0
oInvCollPH,800,368,001E9391,0,1,1,4294967295,0,0
oInvCollPH,816,368,00369747,0,1,1,4294967295,0,0
oInvCollPH,848,224,0008D629,0,1,1,4294967295,0,0
oInvCollPH,832,240,003EC702,0,1,1,4294967295,0,0
oInvCollPH,832,368,000C1B48,0,1,1,4294967295,0,0
oInvCollPH,848,368,00273EB4,0,1,1,4294967295,0,0
oInvCollPH,624,64,00202EE0,0,1,1,4294967295,0,0
oInvCollPH,640,80,003A0F54,0,1,1,4294967295,0,0
oInvCollPH,656,80,000D2BF8,0,1,1,4294967295,0,0
oInvCollPH,672,80,00038E73,0,1,1,4294967295,0,0
oInvCollPH,688,80,0030992A,0,1,1,4294967295,0,0
oInvCollPH,704,96,001CA197,0,1,1,4294967295,0,0
oInvCollPH,720,96,00326CC9,0,1,1,4294967295,0,0
oInvCollPH,736,112,0014F91B,0,1,1,4294967295,0,0
oInvCollPH,752,112,0007FABC,0,1,1,4294967295,0,0
oInvCollPH,832,144,0003E9E8,0,1,1,4294967295,0,0
oInvCollPH,768,128,0021F17F,0,1,1,4294967295,0,0
oInvCollPH,784,128,0010D2BA,0,1,1,4294967295,0,0
oInvCollPH,800,128,0024CFD0,0,1,1,4294967295,0,0
oInvCollPH,816,128,00373010,0,1,1,4294967295,0,0
oInvCollPH,784,208,00324A63,0,1,1,4294967295,0,0
oInvCollPH,784,224,00148525,0,1,1,4294967295,0,0
oInvCollPH,768,336,0004842E,0,1,1,4294967295,0,0
oInvCollPH,784,336,00334A3E,0,1,1,4294967295,0,0
oInvCollPH,752,192,002FC747,0,1,1,4294967295,0,0
oInvCollPH,736,304,003421E7,0,1,1,4294967295,0,0
oInvCollPH,736,320,0005029A,0,1,1,4294967295,0,0
oInvCollPH,752,320,00131770,0,1,1,4294967295,0,0
oInvCollPH,720,288,00184141,0,1,1,4294967295,0,0
oInvCollPH,704,272,00315980,0,1,1,4294967295,0,0
oInvCollPH,688,256,000EEC45,0,1,1,4294967295,0,0
oInvCollPH,512,240,000D77C8,0,1,1,4294967295,0,0
oInvCollPH,656,240,0005A149,0,1,1,4294967295,0,0
oInvCollPH,672,240,0010AFC1,0,1,1,4294967295,0,0
oInvCollPH,512,336,001A0B71,0,1,1,4294967295,0,0
oInvCollPH,528,336,002CCB59,0,1,1,4294967295,0,0
oInvCollPH,544,336,003A1CF5,0,1,1,4294967295,0,0
oInvCollPH,560,336,0025829B,0,1,1,4294967295,0,0
oInvCollPH,576,336,003CDA01,0,1,1,4294967295,0,0
oInvCollPH,592,336,00256DE8,0,1,1,4294967295,0,0
oInvCollPH,608,336,00045B17,0,1,1,4294967295,0,0
oInvCollPH,624,336,00147732,0,1,1,4294967295,0,0
oInvCollPH,624,320,0017C07D,0,1,1,4294967295,0,0
oInvCollPH,480,288,0011A873,0,1,1,4294967295,0,0
oInvCollPH,480,304,00264A62,0,1,1,4294967295,0,0
oInvCollPH,624,304,000A5B96,0,1,1,4294967295,0,0
oInvCollPH,624,288,003E4BE6,0,1,1,4294967295,0,0
oInvCollPH,640,256,00036534,0,1,1,4294967295,0,0
oInvCollPH,640,272,00291186,0,1,1,4294967295,0,0
oInvCollPH,1136,528,001A08F3,0,1,1,4294967295,0,0
oInvCollPH,1216,528,0029D6D5,0,1,1,4294967295,0,0
oInvCollPH,1232,528,001905DD,0,1,1,4294967295,0,0
oInvCollPH,1264,560,0002A054,0,1,1,4294967295,0,0
oInvCollPH,1264,576,001AE537,0,1,1,4294967295,0,0
oInvCollPH,560,128,00133C32,0,1,1,4294967295,0,0
oInvCollPH,576,128,000123D7,0,1,1,4294967295,0,0
oInvCollPH,592,128,002F2FDC,0,1,1,4294967295,0,0
oInvCollPH,608,144,003EC440,0,1,1,4294967295,0,0
oInvCollPH,400,128,003CEBA7,0,1,1,4294967295,0,0
oInvCollPH,416,128,0008886A,0,1,1,4294967295,0,0
oInvCollPH,432,128,002719E8,0,1,1,4294967295,0,0
oInvCollPH,368,160,0021CE60,0,1,1,4294967295,0,0
oInvCollPH,448,144,0000035F,0,1,1,4294967295,0,0
oInvCollPH,464,144,003F6591,0,1,1,4294967295,0,0
oInvCollPH,384,176,000A3633,0,1,1,4294967295,0,0
oInvCollPH,400,176,00152E36,0,1,1,4294967295,0,0
oInvCollPH,480,160,001CF60A,0,1,1,4294967295,0,0
oInvCollPH,496,160,0012DFD1,0,1,1,4294967295,0,0
oInvCollPH,512,160,001C65E8,0,1,1,4294967295,0,0
oInvCollPH,432,208,003449A4,0,1,1,4294967295,0,0
oInvCollPH,448,208,003A90CC,0,1,1,4294967295,0,0
oInvCollPH,464,208,0011853E,0,1,1,4294967295,0,0
oInvCollPH,480,208,0004DD88,0,1,1,4294967295,0,0
oInvCollPH,496,208,001E464A,0,1,1,4294967295,0,0
oInvCollPH,624,160,00267FB3,0,1,1,4294967295,0,0
oInvCollPH,640,160,0020E94E,0,1,1,4294967295,0,0
oInvCollPH,656,160,0011949C,0,1,1,4294967295,0,0
oInvCollPH,304,96,001D75FC,0,1,1,4294967295,0,0
oInvCollPH,320,96,0020505F,0,1,1,4294967295,0,0
oInvCollPH,336,96,002FD688,0,1,1,4294967295,0,0
oInvCollPH,272,112,00191D98,0,1,1,4294967295,0,0
oInvCollPH,304,112,0031B7DA,0,1,1,4294967295,0,0
oInvCollPH,240,128,001DDFD1,0,1,1,4294967295,0,0
oInvCollPH,304,128,000C5AC6,0,1,1,4294967295,0,0
oInvCollPH,208,144,00167AA3,0,1,1,4294967295,0,0
oInvCollPH,288,144,00346359,0,1,1,4294967295,0,0
oInvCollPH,176,160,000A6FC5,0,1,1,4294967295,0,0
oInvCollPH,304,160,001A9E13,0,1,1,4294967295,0,0
oInvCollPH,320,160,0017A1ED,0,1,1,4294967295,0,0
oInvCollPH,336,160,000E55A7,0,1,1,4294967295,0,0
oInvCollPH,368,192,00347C13,0,1,1,4294967295,0,0
oInvCollPH,368,208,001404DF,0,1,1,4294967295,0,0
oInvCollPH,288,240,003D8EBF,0,1,1,4294967295,0,0
oInvCollPH,304,240,0010A1FA,0,1,1,4294967295,0,0
oInvCollPH,320,240,002854F8,0,1,1,4294967295,0,0
oInvCollPH,336,240,0026A779,0,1,1,4294967295,0,0
oInvCollPH,192,272,001CB600,0,1,1,4294967295,0,0
oInvCollPH,208,272,001AFAED,0,1,1,4294967295,0,0
oInvCollPH,224,272,00143562,0,1,1,4294967295,0,0
oInvCollPH,240,272,003DDF72,0,1,1,4294967295,0,0
oInvCollPH,256,272,00369844,0,1,1,4294967295,0,0
oInvCollPH,208,544,001F49BE,0,1,1,4294967295,0,0
oInvCollPH,208,560,00342043,0,1,1,4294967295,0,0
oInvCollPH,208,576,003DF947,0,1,1,4294967295,0,0
oInvCollPH,208,592,0038554C,0,1,1,4294967295,0,0
oInvCollPH,208,608,00361F18,0,1,1,4294967295,0,0
oInvCollPH,192,496,0013BDAF,0,1,1,4294967295,0,0
oInvCollPH,192,512,000964DE,0,1,1,4294967295,0,0
oInvCollPH,192,624,00331753,0,1,1,4294967295,0,0
oInvCollPH,128,1280,003FACC9,0,1,1,4294967295,0,0
oInvCollPH,176,752,001A0E46,0,1,1,4294967295,0,0
oInvCollPH,144,192,0011F1F2,0,1,1,4294967295,0,0
oInvCollPH,176,288,0000030E,0,1,1,4294967295,0,0
oInvCollPH,176,304,001806F9,0,1,1,4294967295,0,0
oInvCollPH,176,320,00186711,0,1,1,4294967295,0,0
oInvCollPH,176,336,0034F337,0,1,1,4294967295,0,0
oInvCollPH,176,352,004026F6,0,1,1,4294967295,0,0
oInvCollPH,176,368,00123C91,0,1,1,4294967295,0,0
oInvCollPH,176,384,002391AD,0,1,1,4294967295,0,0
oInvCollPH,176,400,001D54DA,0,1,1,4294967295,0,0
oInvCollPH,176,416,0034438D,0,1,1,4294967295,0,0
oInvCollPH,176,432,00020580,0,1,1,4294967295,0,0
oInvCollPH,176,448,002B1B0C,0,1,1,4294967295,0,0
oInvCollPH,176,464,002E8694,0,1,1,4294967295,0,0
oInvCollPH,176,640,00089C4A,0,1,1,4294967295,0,0
oInvCollPH,176,656,001C352C,0,1,1,4294967295,0,0
oInvCollPH,176,672,0009B2ED,0,1,1,4294967295,0,0
oInvCollPH,176,688,001F3B31,0,1,1,4294967295,0,0
oInvCollPH,176,704,001DE44B,0,1,1,4294967295,0,0
oInvCollPH,176,720,00126F40,0,1,1,4294967295,0,0
oInvCollPH,176,736,00132868,0,1,1,4294967295,0,0
oInvCollPH,144,1312,001EDBAB,0,1,1,4294967295,0,0
oInvCollPH,144,1328,0015A2BD,0,1,1,4294967295,0,0
oInvCollPH,160,1360,000C2E66,0,1,1,4294967295,0,0
oInvCollPH,432,1408,002FF671,0,1,1,4294967295,0,0
oInvCollPH,448,1408,001C7B0F,0,1,1,4294967295,0,0
oInvCollPH,416,1472,0000D428,0,1,1,4294967295,0,0
oInvCollPH,400,1392,001935B4,0,1,1,4294967295,0,0
oInvCollPH,384,1472,002DB42E,0,1,1,4294967295,0,0
oInvCollPH,400,1472,000BA375,0,1,1,4294967295,0,0
oInvCollPH,368,1456,00138661,0,1,1,4294967295,0,0
oInvCollPH,352,1360,003FDD7C,0,1,1,4294967295,0,0
oInvCollPH,352,1456,00094FED,0,1,1,4294967295,0,0
oInvCollPH,336,1328,0011181E,0,1,1,4294967295,0,0
oInvCollPH,336,1456,000D54FB,0,1,1,4294967295,0,0
oInvCollPH,320,1296,001AAE97,0,1,1,4294967295,0,0
oInvCollPH,320,1456,00137B5F,0,1,1,4294967295,0,0
oInvCollPH,304,1264,003F0406,0,1,1,4294967295,0,0
oInvCollPH,304,1472,0030403F,0,1,1,4294967295,0,0
oInvCollPH,288,1232,0030D939,0,1,1,4294967295,0,0
oInvCollPH,288,1488,00021F0E,0,1,1,4294967295,0,0
oInvCollPH,288,1504,003E59EE,0,1,1,4294967295,0,0
oInvCollPH,288,1472,003D815E,0,1,1,4294967295,0,0
oInvCollPH,272,1168,0037D23F,0,1,1,4294967295,0,0
oInvCollPH,272,1184,003A0F68,0,1,1,4294967295,0,0
oInvCollPH,272,1200,002A9866,0,1,1,4294967295,0,0
oInvCollPH,272,1456,003B1C0D,0,1,1,4294967295,0,0
oInvCollPH,256,1440,00098DFE,0,1,1,4294967295,0,0
oInvCollPH,256,1136,002BBF01,0,1,1,4294967295,0,0
oInvCollPH,256,1120,00399919,0,1,1,4294967295,0,0
oInvCollPH,256,1104,0007AFDB,0,1,1,4294967295,0,0
oInvCollPH,240,1024,000334EA,0,1,1,4294967295,0,0
oInvCollPH,240,1040,001B5FEB,0,1,1,4294967295,0,0
oInvCollPH,240,1056,001F2D58,0,1,1,4294967295,0,0
oInvCollPH,240,1072,002DBC24,0,1,1,4294967295,0,0
oInvCollPH,240,1424,003B1AFD,0,1,1,4294967295,0,0
oInvCollPH,224,944,002CE28E,0,1,1,4294967295,0,0
oInvCollPH,224,960,0015C884,0,1,1,4294967295,0,0
oInvCollPH,224,976,0032D099,0,1,1,4294967295,0,0
oInvCollPH,224,992,0007781C,0,1,1,4294967295,0,0
oInvCollPH,224,1408,001D3241,0,1,1,4294967295,0,0
oInvCollPH,208,912,0033AE36,0,1,1,4294967295,0,0
oInvCollPH,208,896,002A64C1,0,1,1,4294967295,0,0
oInvCollPH,208,880,0030D0F0,0,1,1,4294967295,0,0
oInvCollPH,208,864,00044F01,0,1,1,4294967295,0,0
oInvCollPH,208,848,001848C8,0,1,1,4294967295,0,0
oInvCollPH,208,832,002D8EF4,0,1,1,4294967295,0,0
oInvCollPH,208,1392,00043DCF,0,1,1,4294967295,0,0
oInvCollPH,192,800,002CD74B,0,1,1,4294967295,0,0
oInvCollPH,192,784,0040379A,0,1,1,4294967295,0,0
oInvCollPH,192,1376,000381C8,0,1,1,4294967295,0,0
oInvCollPH,656,1376,001EE3A5,0,1,1,4294967295,0,0
oInvCollPH,672,1376,0028C8C6,0,1,1,4294967295,0,0
oInvCollPH,688,1376,000BFE82,0,1,1,4294967295,0,0
oInvCollPH,704,1376,001B1156,0,1,1,4294967295,0,0
oInvCollPH,720,1376,002DDBC4,0,1,1,4294967295,0,0
oInvCollPH,736,1376,0024E44B,0,1,1,4294967295,0,0
oInvCollPH,752,1376,004041B4,0,1,1,4294967295,0,0
oInvCollPH,624,1392,002148E3,0,1,1,4294967295,0,0
oInvCollPH,752,1392,000B414C,0,1,1,4294967295,0,0
oInvCollPH,768,1408,0028DCF0,0,1,1,4294967295,0,0
oInvCollPH,784,1424,00115882,0,1,1,4294967295,0,0
oInvCollPH,464,1424,0024B21B,0,1,1,4294967295,0,0
oInvCollPH,480,1424,002A084A,0,1,1,4294967295,0,0
oInvCollPH,496,1424,00011BF1,0,1,1,4294967295,0,0
oInvCollPH,512,1424,003E1B11,0,1,1,4294967295,0,0
oInvCollPH,528,1424,002501CC,0,1,1,4294967295,0,0
oInvCollPH,544,1424,000E2202,0,1,1,4294967295,0,0
oInvCollPH,560,1424,000205AA,0,1,1,4294967295,0,0
oInvCollPH,576,1424,0015A834,0,1,1,4294967295,0,0
oInvCollPH,976,1488,0034900C,0,1,1,4294967295,0,0
oInvCollPH,960,1440,000E194E,0,1,1,4294967295,0,0
oInvCollPH,816,1440,001BA6BD,0,1,1,4294967295,0,0
oInvCollPH,848,1440,00055F99,0,1,1,4294967295,0,0
oInvCollPH,864,1424,00079088,0,1,1,4294967295,0,0
oInvCollPH,976,1440,000E8FF4,0,1,1,4294967295,0,0
oInvCollPH,1088,80,0020C15D,0,1,1,4294967295,0,0
oInvCollPH,1072,96,001047C5,0,1,1,4294967295,0,0
oInvCollPH,1072,112,00028C3A,0,1,1,4294967295,0,0
oInvCollPH,832,1296,002C18D5,0,1,1,4294967295,0,0
oInvCollPH,816,1328,0027A82E,0,1,1,4294967295,0,0
oInvCollPH,832,1328,0029A4C2,0,1,1,4294967295,0,0
oInvCollPH,848,1344,0015CEC5,0,1,1,4294967295,0,0
oInvCollPH,880,1296,0013657F,0,1,1,4294967295,0,0
oInvCollPH,864,1360,000CC176,0,1,1,4294967295,0,0
oInvCollPH,864,1376,0021FBBE,0,1,1,4294967295,0,0
oInvCollPH,1040,1376,000A0AD9,0,1,1,4294967295,0,0
oInvCollPH,1056,1376,0008DE6D,0,1,1,4294967295,0,0
oInvCollPH,1008,1360,00150BAA,0,1,1,4294967295,0,0
oInvCollPH,880,1392,000EEB53,0,1,1,4294967295,0,0
oInvCollPH,880,1408,00243077,0,1,1,4294967295,0,0
oInvCollPH,992,1424,0026CB41,0,1,1,4294967295,0,0
oInvCollPH,1008,1424,002EF7B6,0,1,1,4294967295,0,0
oInvCollPH,432,1488,000D92CE,0,1,1,4294967295,0,0
oInvCollPH,992,1504,000CA598,0,1,1,4294967295,0,0
oInvCollPH,1008,1504,0005AFA9,0,1,1,4294967295,0,0
oInvCollPH,1024,1504,00370D7E,0,1,1,4294967295,0,0
oInvCollPH,800,1280,003CCDD7,0,1,1,4294967295,0,0
oInvCollPH,800,1344,0019E4E7,0,1,1,4294967295,0,0
oInvCollPH,352,640,003318AA,0,1,1,4294967295,0,0
oInvCollPH,352,656,00361E9A,0,1,1,4294967295,0,0
oInvCollPH,368,672,002084D8,0,1,1,4294967295,0,0
oInvCollPH,368,688,000CA1D9,0,1,1,4294967295,0,0
oInvCollPH,352,896,003910EC,0,1,1,4294967295,0,0
oInvCollPH,352,912,002D4F64,0,1,1,4294967295,0,0
oInvCollPH,352,928,002CB48C,0,1,1,4294967295,0,0
oInvCollPH,368,848,003BA20E,0,1,1,4294967295,0,0
oInvCollPH,368,864,002086AD,0,1,1,4294967295,0,0
oInvCollPH,368,944,0035CD52,0,1,1,4294967295,0,0
oInvCollPH,384,704,002D8610,0,1,1,4294967295,0,0
oInvCollPH,384,720,001F792A,0,1,1,4294967295,0,0
oInvCollPH,384,736,001FB7C1,0,1,1,4294967295,0,0
oInvCollPH,384,768,00062933,0,1,1,4294967295,0,0
oInvCollPH,384,784,0031C363,0,1,1,4294967295,0,0
oInvCollPH,384,800,001FB624,0,1,1,4294967295,0,0
oInvCollPH,384,816,003DA15B,0,1,1,4294967295,0,0
oInvCollPH,384,960,0002B9F0,0,1,1,4294967295,0,0
oInvCollPH,384,976,002261E1,0,1,1,4294967295,0,0
oInvCollPH,400,992,000522B7,0,1,1,4294967295,0,0
oInvCollPH,400,1008,00018D52,0,1,1,4294967295,0,0
oInvCollPH,400,1024,0007C605,0,1,1,4294967295,0,0
oInvCollPH,416,1040,00085F30,0,1,1,4294967295,0,0
oInvCollPH,432,1056,0012C7BE,0,1,1,4294967295,0,0
oInvCollPH,432,1072,0017DE6F,0,1,1,4294967295,0,0
oInvCollPH,448,1120,003539AF,0,1,1,4294967295,0,0
oInvCollPH,464,1104,000EE29F,0,1,1,4294967295,0,0
oInvCollPH,480,1120,000B70E2,0,1,1,4294967295,0,0
oInvCollPH,480,1136,001CA0CF,0,1,1,4294967295,0,0
oInvCollPH,496,1152,00207E06,0,1,1,4294967295,0,0
oInvCollPH,496,1168,0003010E,0,1,1,4294967295,0,0
oInvCollPH,512,1184,001B4CE4,0,1,1,4294967295,0,0
oInvCollPH,512,1200,003C7B66,0,1,1,4294967295,0,0
oInvCollPH,512,1216,000F99DD,0,1,1,4294967295,0,0
oInvCollPH,512,1232,00236B93,0,1,1,4294967295,0,0
oInvCollPH,528,1248,001465F8,0,1,1,4294967295,0,0
oInvCollPH,528,1264,002A7FD3,0,1,1,4294967295,0,0
oInvCollPH,560,544,0008C3B2,0,1,1,4294967295,0,0
oInvCollPH,544,1280,0032ECC6,0,1,1,4294967295,0,0
oInvCollPH,560,1280,0009C3FF,0,1,1,4294967295,0,0
oInvCollPH,576,1296,001C896B,0,1,1,4294967295,0,0
oInvCollPH,592,1296,002C0383,0,1,1,4294967295,0,0
oInvCollPH,608,1296,00075357,0,1,1,4294967295,0,0
oInvCollPH,624,1296,000122BD,0,1,1,4294967295,0,0
oInvCollPH,640,832,003427B9,0,1,1,4294967295,0,0
oInvCollPH,640,848,002F0151,0,1,1,4294967295,0,0
oInvCollPH,640,864,000DCB86,0,1,1,4294967295,0,0
oInvCollPH,640,880,003C3C4B,0,1,1,4294967295,0,0
oInvCollPH,640,896,0030B81C,0,1,1,4294967295,0,0
oInvCollPH,640,912,00239FA4,0,1,1,4294967295,0,0
oInvCollPH,640,1312,001FC444,0,1,1,4294967295,0,0
oInvCollPH,784,768,002ED8E6,0,1,1,4294967295,0,0
oInvCollPH,800,768,002235D8,0,1,1,4294967295,0,0
oInvCollPH,720,832,002F6785,0,1,1,4294967295,0,0
oInvCollPH,736,832,0008CA34,0,1,1,4294967295,0,0
oInvCollPH,752,832,001A30F9,0,1,1,4294967295,0,0
oInvCollPH,768,832,001BA087,0,1,1,4294967295,0,0
oInvCollPH,768,816,0027E9B8,0,1,1,4294967295,0,0
oInvCollPH,768,800,0039F7ED,0,1,1,4294967295,0,0
oInvCollPH,768,784,0034DBA3,0,1,1,4294967295,0,0
oInvCollPH,816,784,002D4997,0,1,1,4294967295,0,0
oInvCollPH,816,800,0010D27C,0,1,1,4294967295,0,0
oInvCollPH,816,816,00312105,0,1,1,4294967295,0,0
oInvCollPH,816,832,0002D264,0,1,1,4294967295,0,0
oInvCollPH,832,832,001C3E57,0,1,1,4294967295,0,0
oInvCollPH,848,832,001E9386,0,1,1,4294967295,0,0
oInvCollPH,864,832,0023F16A,0,1,1,4294967295,0,0
oInvCollPH,880,816,0031D35D,0,1,1,4294967295,0,0
oInvCollPH,896,800,0022A97E,0,1,1,4294967295,0,0
oInvCollPH,704,816,001F72A7,0,1,1,4294967295,0,0
oInvCollPH,688,800,002B9390,0,1,1,4294967295,0,0
oInvCollPH,672,784,00015BCC,0,1,1,4294967295,0,0
oInvCollPH,656,800,00012404,0,1,1,4294967295,0,0
oInvCollPH,656,816,0003E8E4,0,1,1,4294967295,0,0
oInvCollPH,656,1328,00074EFD,0,1,1,4294967295,0,0
oInvCollPH,656,944,00204933,0,1,1,4294967295,0,0
oInvCollPH,672,1344,004046B9,0,1,1,4294967295,0,0
oInvCollPH,688,1344,000BABB3,0,1,1,4294967295,0,0
oInvCollPH,720,992,0019D5C6,0,1,1,4294967295,0,0
oInvCollPH,704,1344,002303A4,0,1,1,4294967295,0,0
oInvCollPH,720,1344,00073C16,0,1,1,4294967295,0,0
oInvCollPH,752,1008,002DEAB5,0,1,1,4294967295,0,0
oInvCollPH,768,1008,001046CE,0,1,1,4294967295,0,0
oInvCollPH,784,1008,001BD422,0,1,1,4294967295,0,0
oInvCollPH,784,1232,000BD1F8,0,1,1,4294967295,0,0
oInvCollPH,784,1248,00255424,0,1,1,4294967295,0,0
oInvCollPH,736,1344,003B81EB,0,1,1,4294967295,0,0
oInvCollPH,752,1344,001D77C2,0,1,1,4294967295,0,0
oInvCollPH,768,1344,001B54BD,0,1,1,4294967295,0,0
oInvCollPH,784,1344,0028BA08,0,1,1,4294967295,0,0
oInvCollPH,816,1008,0009976D,0,1,1,4294967295,0,0
oInvCollPH,800,1216,00211F1C,0,1,1,4294967295,0,0
oInvCollPH,816,1216,00182C7B,0,1,1,4294967295,0,0
oInvCollPH,816,1200,002295A8,0,1,1,4294967295,0,0
oInvCollPH,928,816,001AA09C,0,1,1,4294967295,0,0
oInvCollPH,1136,816,0010BCBA,0,1,1,4294967295,0,0
oInvCollPH,912,784,002F0A5B,0,1,1,4294967295,0,0
oInvCollPH,1120,672,0007A616,0,1,1,4294967295,0,0
oInvCollPH,1104,544,0025C069,0,1,1,4294967295,0,0
oInvCollPH,1056,544,00304821,0,1,1,4294967295,0,0
oInvCollPH,1072,544,003E8AA8,0,1,1,4294967295,0,0
oInvCollPH,1088,544,0026DEB5,0,1,1,4294967295,0,0
oInvCollPH,1152,640,000C1A83,0,1,1,4294967295,0,0
oInvCollPH,1184,608,002F0CBA,0,1,1,4294967295,0,0
oInvCollPH,1200,608,00158354,0,1,1,4294967295,0,0
oInvCollPH,1216,608,00337E7C,0,1,1,4294967295,0,0
oInvCollPH,1232,592,0018EBC8,0,1,1,4294967295,0,0
oInvCollPH,1248,592,0037E1AE,0,1,1,4294967295,0,0
oInvCollPH,1152,688,0003B81A,0,1,1,4294967295,0,0
oInvCollPH,1168,688,00215EEE,0,1,1,4294967295,0,0
oInvCollPH,1184,688,00309E94,0,1,1,4294967295,0,0
oInvCollPH,1200,688,002234F1,0,1,1,4294967295,0,0
oInvCollPH,1200,704,001289DB,0,1,1,4294967295,0,0
oInvCollPH,1200,720,00169141,0,1,1,4294967295,0,0
oInvCollPH,1200,736,00332268,0,1,1,4294967295,0,0
oInvCollPH,1200,752,0022D8A5,0,1,1,4294967295,0,0
oInvCollPH,1200,768,001FCCE2,0,1,1,4294967295,0,0
oInvCollPH,1200,784,0025F213,0,1,1,4294967295,0,0
oInvCollPH,1200,800,0009E733,0,1,1,4294967295,0,0
oInvCollPH,1184,800,00314CC0,0,1,1,4294967295,0,0
oInvCollPH,1168,800,00388AF9,0,1,1,4294967295,0,0
oInvCollPH,1152,800,0014A3FA,0,1,1,4294967295,0,0
oInvCollPH,944,848,0016BB2F,0,1,1,4294967295,0,0
oInvCollPH,944,864,00044145,0,1,1,4294967295,0,0
oInvCollPH,1120,832,0030272C,0,1,1,4294967295,0,0
oInvCollPH,1120,848,0037A9CF,0,1,1,4294967295,0,0
oInvCollPH,1120,864,0018FEFD,0,1,1,4294967295,0,0
oInvCollPH,944,896,000C2502,0,1,1,4294967295,0,0
oInvCollPH,944,912,0006DA94,0,1,1,4294967295,0,0
oInvCollPH,1104,880,002B8D64,0,1,1,4294967295,0,0
oInvCollPH,1104,896,002B452F,0,1,1,4294967295,0,0
oInvCollPH,1104,912,0036941B,0,1,1,4294967295,0,0
oInvCollPH,928,944,00108E36,0,1,1,4294967295,0,0
oInvCollPH,1120,928,00364B36,0,1,1,4294967295,0,0
oInvCollPH,1120,944,00285C11,0,1,1,4294967295,0,0
oInvCollPH,1120,960,002A0D03,0,1,1,4294967295,0,0
oInvCollPH,1136,976,003CA26E,0,1,1,4294967295,0,0
oInvCollPH,880,992,001D9250,0,1,1,4294967295,0,0
oInvCollPH,1152,992,00045207,0,1,1,4294967295,0,0
oInvCollPH,832,1184,0033D2A8,0,1,1,4294967295,0,0
oInvCollPH,848,1184,000CB6A7,0,1,1,4294967295,0,0
oInvCollPH,864,1184,0032FE22,0,1,1,4294967295,0,0
oInvCollPH,880,1184,003F1947,0,1,1,4294967295,0,0
oInvCollPH,1184,1008,0015E805,0,1,1,4294967295,0,0
oInvCollPH,848,1008,0012C230,0,1,1,4294967295,0,0
oInvCollPH,1168,1008,001A6A8D,0,1,1,4294967295,0,0
oInvCollPH,1344,1296,00011A91,0,1,1,4294967295,0,0
oInvCollPH,1328,1264,00139208,0,1,1,4294967295,0,0
oInvCollPH,1296,1232,00128F7A,0,1,1,4294967295,0,0
oInvCollPH,1296,1248,00224F06,0,1,1,4294967295,0,0
oInvCollPH,1280,1168,0023337E,0,1,1,4294967295,0,0
oInvCollPH,1280,1184,002AE549,0,1,1,4294967295,0,0
oInvCollPH,1280,1200,001303DE,0,1,1,4294967295,0,0
oInvCollPH,1264,1136,002EFCF1,0,1,1,4294967295,0,0
oInvCollPH,1248,1104,001580E7,0,1,1,4294967295,0,0
oInvCollPH,1216,1040,00241216,0,1,1,4294967295,0,0
oInvCollPH,1216,1056,0015F620,0,1,1,4294967295,0,0
oInvCollPH,1216,1072,002FE56A,0,1,1,4294967295,0,0
oInvCollPH,912,1216,0035C93F,0,1,1,4294967295,0,0
oInvCollPH,1024,1312,00312195,0,1,1,4294967295,0,0
oInvCollPH,1008,1312,001F6D84,0,1,1,4294967295,0,0
oInvCollPH,992,1328,001FAC59,0,1,1,4294967295,0,0
oInvCollPH,992,1344,0019F3A2,0,1,1,4294967295,0,0
oInvCollPH,928,1232,0026F2D9,0,1,1,4294967295,0,0
oInvCollPH,928,1248,0002B000,0,1,1,4294967295,0,0
oInvCollPH,928,1264,0022AD7D,0,1,1,4294967295,0,0
oInvCollPH,1040,1296,0035CD34,0,1,1,4294967295,0,0
oInvCollPH,1056,1296,002DAAA3,0,1,1,4294967295,0,0
oInvCollPH,1072,1296,003D8DCB,0,1,1,4294967295,0,0
oInvCollPH,1216,1296,00264390,0,1,1,4294967295,0,0
oInvCollPH,1312,1440,00037A3C,0,1,1,4294967295,0,0
oInvCollPH,1328,1440,001069C5,0,1,1,4294967295,0,0
oInvCollPH,848,1280,0034D0C2,0,1,1,4294967295,0,0
oInvCollPH,448,1264,00352959,0,1,1,4294967295,0,0
oInvCollPH,448,1280,002AA0D5,0,1,1,4294967295,0,0
oInvCollPH,400,1168,003FFB86,0,1,1,4294967295,0,0
oInvCollPH,400,1184,00024A07,0,1,1,4294967295,0,0
oInvCollPH,400,1200,003AF666,0,1,1,4294967295,0,0
oInvCollPH,400,1216,0039DA20,0,1,1,4294967295,0,0
oInvCollPH,416,1136,00332F40,0,1,1,4294967295,0,0
oInvCollPH,416,1232,003FE2D4,0,1,1,4294967295,0,0
oInvCollPH,416,1248,0035370C,0,1,1,4294967295,0,0
oInvCollPH,416,1264,00339329,0,1,1,4294967295,0,0
oInvCollPH,432,1136,0034B0C5,0,1,1,4294967295,0,0
oInvCollPH,432,1152,001FAC74,0,1,1,4294967295,0,0
oInvCollPH,432,1088,00165025,0,1,1,4294967295,0,0
oInvCollPH,432,1104,0006B1E7,0,1,1,4294967295,0,0
oInvCollPH,432,1168,0030F37E,0,1,1,4294967295,0,0
oInvCollPH,432,1184,00395A2C,0,1,1,4294967295,0,0
oInvCollPH,432,1200,001B8463,0,1,1,4294967295,0,0
oInvCollPH,432,1216,00058602,0,1,1,4294967295,0,0
oInvCollPH,432,1232,0016934D,0,1,1,4294967295,0,0
oInvCollPH,432,1264,000E6743,0,1,1,4294967295,0,0
oInvCollPH,816,1456,0039FD9D,0,1,1,4294967295,0,0
oInvCollPH,848,1472,000124D1,0,1,1,4294967295,0,0
oInvCollPH,864,1472,00105C45,0,1,1,4294967295,0,0
oInvCollPH,880,1472,00093410,0,1,1,4294967295,0,0
oInvCollPH,944,1472,001B37D7,0,1,1,4294967295,0,0
oInvCollPH,928,1472,00349AAB,0,1,1,4294967295,0,0
oInvCollPH,912,1472,000390F9,0,1,1,4294967295,0,0
oInvCollPH,896,1472,0011A3B1,0,1,1,4294967295,0,0
oInvCollPH,864,1440,00191962,0,1,1,4294967295,0,0
oInvCollPH,880,1440,002B7F04,0,1,1,4294967295,0,0
oInvCollPH,896,1440,00305517,0,1,1,4294967295,0,0
oInvCollPH,912,1440,00355AC9,0,1,1,4294967295,0,0
oInvCollPH,928,1440,00020575,0,1,1,4294967295,0,0
oInvCollPH,944,1440,003678D6,0,1,1,4294967295,0,0
oInvCollPH,960,1472,00401E73,0,1,1,4294967295,0,0
oInvCollPH,1072,1456,001EAB8A,0,1,1,4294967295,0,0
oInvCollPH,1088,1456,002A9574,0,1,1,4294967295,0,0
oInvCollPH,1104,1456,001ECEAE,0,1,1,4294967295,0,0
oInvCollPH,1120,1456,000246C3,0,1,1,4294967295,0,0
oInvCollPH,1136,1456,00226EB4,0,1,1,4294967295,0,0
oInvCollPH,1056,1488,002B901F,0,1,1,4294967295,0,0
oInvCollPH,1072,1488,0003BA05,0,1,1,4294967295,0,0
oInvCollPH,1088,1488,00393419,0,1,1,4294967295,0,0
oInvCollPH,1104,1488,0036E7BA,0,1,1,4294967295,0,0
oInvCollPH,1120,1488,002D6619,0,1,1,4294967295,0,0
oInvCollPH,1136,1488,001A73EF,0,1,1,4294967295,0,0
oInvCollPH,208,1504,0037759A,0,1,1,4294967295,0,0
oInvCollPH,80,1056,0028E5B7,0,1,1,4294967295,0,0
oInvCollPH,80,1072,001DCB07,0,1,1,4294967295,0,0
oInvCollPH,32,1024,002F6A55,0,1,1,4294967295,0,0
oInvCollPH,48,1024,003E8953,0,1,1,4294967295,0,0
oInvCollPH,64,1024,00265C68,0,1,1,4294967295,0,0
oInvCollPH,16,1040,00356C64,0,1,1,4294967295,0,0
oInvCollPH,16,1056,000D5C82,0,1,1,4294967295,0,0
oInvCollPH,16,1072,00219B64,0,1,1,4294967295,0,0
oInvCollPH,32,1088,00222312,0,1,1,4294967295,0,0
oInvCollPH,48,1088,0018436C,0,1,1,4294967295,0,0
oInvCollPH,64,1088,0004D21B,0,1,1,4294967295,0,0
oGameMapExit,1360,672,0015C89D,0,1,1,4294967295,0,1
oInvisibleSolid,608,400,00020D51,0,1,1,4294967295,0,1
oInvisibleSolid,544,416,0004F5F5,0,1,1,4294967295,0,1
oInvisibleSolid,544,384,0000EFB0,0,1,1,4294967295,0,1
oInvisibleSolid,240,1488,00241228,0,1,1,4294967295,0,1
oInvisibleSolid,224,1488,00174544,0,1,1,4294967295,0,0
oInvisibleSolid,176,1456,0033BCB8,0,1,1,4294967295,0,1
oInvisibleSolid,192,1472,003D7607,0,1,1,4294967295,0,1
oInvisibleSolid,272,512,0017BFE9,0,1,1,4294967295,0,1
oInvisibleSolid,288,544,003562CF,0,1,1,4294967295,0,1
oInvisibleSolid,272,592,003A3C30,0,1,1,4294967295,0,1
oInvisibleSolid,288,624,0018138D,0,1,1,4294967295,0,0
oInvisibleSolid,640,384,00284CFF,0,1,1,4294967295,0,1
oInvisibleSolid,640,416,003CF11A,0,1,1,4294967295,0,1
oInvisibleSolid,656,432,002A5B7B,0,1,1,4294967295,0,1
oInvisibleSolid,704,448,000282DA,0,1,1,4294967295,0,0
oInvisibleSolid,704,464,00344AEF,0,1,1,4294967295,0,1
oInvisibleSolid,1056,416,00020D3D,0,1,1,4294967295,0,1
oInvisibleSolid,1056,432,003F8F1D,0,1,1,4294967295,0,1
oInvisibleSolid,1104,448,00011FDF,0,1,1,4294967295,0,0
oInvisibleSolid,992,464,000F0741,0,1,1,4294967295,0,1
oInvisibleSolid,992,480,000BC6B4,0,1,1,4294967295,0,1
oInvisibleSolid,1344,976,00029A65,0,1,1,4294967295,0,1
oInvisibleSolid,1344,992,003F202F,0,1,1,4294967295,0,1
oInvisibleSolid,1376,992,002F2D3A,0,1,1,4294967295,0,1
oInvisibleSolid,1216,688,0033F197,0,1,1,4294967295,0,1
oInvisibleSolid,1232,704,001E613E,0,1,1,4294967295,0,0
oInvisibleSolid,288,688,00075067,0,1,1,4294967295,0,1
oInvisibleSolid,256,672,0006BC36,0,1,1,4294967295,0,1
oInvisibleSolid,288,848,002542CD,0,1,1,4294967295,0,1
oInvisibleSolid,320,784,0009CFF6,0,1,1,4294967295,0,0
oInvisibleSolid,336,752,000360E7,0,1,1,4294967295,0,1
oInvisibleSolid,352,752,000C197C,0,1,1,4294967295,0,1
oInvisibleSolid,304,768,0026C4D8,0,1,1,4294967295,0,1
oInvisibleSolid,288,768,00190E5E,0,1,1,4294967295,0,0
oInvisibleSolid,272,720,00121E6C,0,1,1,4294967295,0,1
oInvisibleSolid,256,688,0031C724,0,1,1,4294967295,0,1
oInvisibleSolid,1472,96,00360335,0,1,1,4294967295,0,1
oInvisibleSolid,1408,144,0029BBA5,0,1,1,4294967295,0,1
oInvisibleSolid,1408,96,002A460C,0,1,1,4294967295,0,1
oInvisibleSolid,1408,640,00264E41,0,1,1,4294967295,0,0
oInvisibleSolid,400,416,001A5E55,0,1,1,4294967295,0,0
oInvisibleSolid,1376,96,0023B6D5,0,1,1,4294967295,0,0
oInvisibleSolid,1136,0,000CBF27,0,1,1,4294967295,0,1
oInvisibleSolid,1440,0,003E6E11,0,1,1,4294967295,0,1
oInvisibleSolid,1472,64,00328F85,0,1,1,4294967295,0,1
oInvisibleSolid,1536,96,0028CFE5,0,1,1,4294967295,0,1
oInvisibleSolid,1552,112,0004BCE9,0,1,1,4294967295,0,1
oInvisibleSolid,1344,48,000CC522,0,1,1,4294967295,0,1
oInvisibleSolid,1184,48,001D50FE,0,1,1,4294967295,0,1
oInvisibleSolid,1216,80,0002E80E,0,1,1,4294967295,0,1
oInvisibleSolid,1232,96,001CAAD2,0,1,1,4294967295,0,1
oInvisibleSolid,1248,112,002CDC44,0,1,1,4294967295,0,1
oInvisibleSolid,1264,128,0014179B,0,1,1,4294967295,0,1
oInvisibleSolid,352,64,003F40BC,0,1,1,4294967295,0,1
oInvisibleSolid,0,0,002C9BC9,0,1,1,4294967295,0,1
oInvisibleSolid,0,64,000480AB,0,1,1,4294967295,0,1
oInvisibleSolid,144,80,002981F9,0,1,1,4294967295,0,0
oInvisibleSolid,0,80,000474AE,0,1,1,4294967295,0,1
oInvisibleSolid,0,128,00208775,0,1,1,4294967295,0,1
oInvisibleSolid,0,1584,002010DE,0,1,1,4294967295,0,1
oInvisibleSolid,240,1568,0035996C,0,1,1,4294967295,0,1
oInvisibleSolid,96,1296,000F802C,0,1,1,4294967295,0,0
oInvisibleSolid,0,1296,0024FB16,0,1,1,4294967295,0,1
oInvisibleSolid,0,1328,000A902F,0,1,1,4294967295,0,1
oInvisibleSolid,0,1360,00066F3A,0,1,1,4294967295,0,1
oInvisibleSolid,0,1440,003F06D3,0,1,1,4294967295,0,1
oInvisibleSolid,0,1488,0038AD5A,0,1,1,4294967295,0,1
oInvisibleSolid,0,1520,00260087,0,1,1,4294967295,0,1
oInvisibleSolid,0,1536,003C8972,0,1,1,4294967295,0,1
oInvisibleSolid,0,1552,00395FCA,0,1,1,4294967295,0,1
oInvisibleSolid,0,1568,003324CE,0,1,1,4294967295,0,1
oInvisibleSolid,368,1568,0006A82C,0,1,1,4294967295,0,1
oInvisibleSolid,384,1552,0005E1F0,0,1,1,4294967295,0,1
oInvisibleSolid,1200,1536,003D214E,0,1,1,4294967295,0,1
oInvisibleSolid,400,1520,001F4BDD,0,1,1,4294967295,0,1
oInvisibleSolid,432,1504,0033F160,0,1,1,4294967295,0,1
oInvisibleSolid,1376,1536,0007BD2B,0,1,1,4294967295,0,1
oInvisibleSolid,1424,1520,003D1568,0,1,1,4294967295,0,1
oInvisibleSolid,1456,1504,00180855,0,1,1,4294967295,0,1
oInvisibleSolid,1472,1488,0031F4FF,0,1,1,4294967295,0,1
oInvisibleSolid,1488,1472,0002AF9F,0,1,1,4294967295,0,1
oInvisibleSolid,1040,1488,003DE55E,0,1,1,4294967295,0,1
oInvisibleSolid,1056,1456,002664AB,0,1,1,4294967295,0,1
oInvisibleSolid,1024,1392,0016C985,0,1,1,4294967295,0,1
oInvisibleSolid,1104,1328,0021CA9B,0,1,1,4294967295,0,1
oInvisibleSolid,1184,1328,00305BC8,0,1,1,4294967295,0,0
oInvisibleSolid,1088,1312,003079A7,0,1,1,4294967295,0,1
oInvisibleSolid,1520,880,0025758B,0,1,1,4294967295,0,1
oInvisibleSolid,1504,912,000721F6,0,1,1,4294967295,0,1
oInvisibleSolid,1488,944,00176A24,0,1,1,4294967295,0,1
oInvisibleSolid,1504,1168,00182726,0,1,1,4294967295,0,0
oInvisibleSolid,1488,1184,00352EDF,0,1,1,4294967295,0,1
oInvisibleSolid,1424,1376,0029EF19,0,1,1,4294967295,0,0
oInvisibleSolid,1376,1264,003618C6,0,1,1,4294967295,0,1
oInvisibleSolid,1392,1264,00209EA6,0,1,1,4294967295,0,1
oInvisibleSolid,1408,1264,002BAA77,0,1,1,4294967295,0,1
oInvisibleSolid,1456,1248,000DFE95,0,1,1,4294967295,0,1
oInvisibleSolid,1472,1232,00394394,0,1,1,4294967295,0,1
oInvisibleSolid,1232,1312,0015BD1C,0,1,1,4294967295,0,1
oInvisibleSolid,1248,1328,00074607,0,1,1,4294967295,0,1
oInvisibleSolid,1536,144,00254929,0,1,1,4294967295,0,1
oInvisibleSolid,1520,192,00285F0D,0,1,1,4294967295,0,1
oInvisibleSolid,1488,688,001D0548,0,1,1,4294967295,0,1
oInvisibleSolid,1472,704,00346305,0,1,1,4294967295,0,0
oInvisibleSolid,1456,720,0030EFAA,0,1,1,4294967295,0,1
oInvisibleSolid,1328,832,0037F488,0,1,1,4294967295,0,1
oInvisibleSolid,1504,208,000E501E,0,1,1,4294967295,0,1
oInvisibleSolid,1232,768,0036FFCC,0,1,1,4294967295,0,1
oInvisibleSolid,1408,736,0035BEB5,0,1,1,4294967295,0,1
oInvisibleSolid,1280,816,001618F8,0,1,1,4294967295,0,1
oInvisibleSolid,1296,752,0032DCD9,0,1,1,4294967295,0,1
oInvisibleSolid,1488,224,000F6C6C,0,1,1,4294967295,0,1
oInvisibleSolid,1472,256,00076F7C,0,1,1,4294967295,0,1
oInvisibleSolid,1456,496,0032A9FE,0,1,1,4294967295,0,0
oInvisibleSolid,1408,288,00221732,0,1,1,4294967295,0,1
oInvisibleSolid,1376,256,003C8426,0,1,1,4294967295,0,0
oInvisibleSolid,1376,272,0030BD9A,0,1,1,4294967295,0,1
oInvisibleSolid,1296,464,000CC84F,0,1,1,4294967295,0,1
oInvisibleSolid,1296,496,000BE2BD,0,1,1,4294967295,0,1
oInvisibleSolid,1296,160,001219CD,0,1,1,4294967295,0,1
oInvisibleSolid,1264,384,0006A489,0,1,1,4294967295,0,1
oInvisibleSolid,1152,416,002BFA0F,0,1,1,4294967295,0,0
oInvisibleSolid,1152,448,00067F45,0,1,1,4294967295,0,1
oInvisibleSolid,1152,480,00310FB4,0,1,1,4294967295,0,1
oInvisibleSolid,1152,496,002B7B6C,0,1,1,4294967295,0,1
oInvisibleSolid,1152,512,000E0338,0,1,1,4294967295,0,1
oInvisibleSolid,1248,512,002E202F,0,1,1,4294967295,0,1
oInvisibleSolid,1152,400,0037516F,0,1,1,4294967295,0,1
oInvisibleSolid,1152,384,001EDB56,0,1,1,4294967295,0,1
oInvisibleSolid,1136,160,002FD725,0,1,1,4294967295,0,1
oInvisibleSolid,1136,144,001807B6,0,1,1,4294967295,0,1
oInvisibleSolid,1120,352,002BF373,0,1,1,4294967295,0,0
oInvisibleSolid,1024,128,001913A5,0,1,1,4294967295,0,1
oInvisibleSolid,800,448,002C6790,0,1,1,4294967295,0,1
oInvisibleSolid,768,464,000D95BA,0,1,1,4294967295,0,1
oInvisibleSolid,704,480,0000F9F7,0,1,1,4294967295,0,1
oInvisibleSolid,672,496,0037C4A1,0,1,1,4294967295,0,1
oInvisibleSolid,608,512,002BD979,0,1,1,4294967295,0,1
oInvisibleSolid,576,528,002D314C,0,1,1,4294967295,0,1
oInvisibleSolid,992,320,002E608D,0,1,1,4294967295,0,1
oInvisibleSolid,960,64,00206220,0,1,1,4294967295,0,1
oInvisibleSolid,928,64,002E24E2,0,1,1,4294967295,0,1
oInvisibleSolid,912,64,0034142A,0,1,1,4294967295,0,1
oInvisibleSolid,864,64,0030D63C,0,1,1,4294967295,0,1
oInvisibleSolid,832,224,0033CD3A,0,1,1,4294967295,0,1
oInvisibleSolid,800,240,0035CE6C,0,1,1,4294967295,0,0
oInvisibleSolid,800,256,003EA5C2,0,1,1,4294967295,0,1
oInvisibleSolid,608,64,002DE7D8,0,1,1,4294967295,0,1
oInvisibleSolid,640,64,00292538,0,1,1,4294967295,0,1
oInvisibleSolid,704,64,0020837E,0,1,1,4294967295,0,1
oInvisibleSolid,736,64,002F8412,0,1,1,4294967295,0,1
oInvisibleSolid,768,64,001391F8,0,1,1,4294967295,0,1
oInvisibleSolid,848,160,002FCBD8,0,1,1,4294967295,0,0
oInvisibleSolid,832,64,001725BF,0,1,1,4294967295,0,1
oInvisibleSolid,768,208,00371C73,0,1,1,4294967295,0,1
oInvisibleSolid,736,192,00400C44,0,1,1,4294967295,0,1
oInvisibleSolid,720,192,001D9CCD,0,1,1,4294967295,0,1
oInvisibleSolid,704,192,002FA811,0,1,1,4294967295,0,1
oInvisibleSolid,688,176,0030C752,0,1,1,4294967295,0,1
oInvisibleSolid,672,176,00105090,0,1,1,4294967295,0,1
oInvisibleSolid,512,224,002D7D73,0,1,1,4294967295,0,1
oInvisibleSolid,496,256,00351551,0,1,1,4294967295,0,1
oInvisibleSolid,480,272,002B83DB,0,1,1,4294967295,0,1
oInvisibleSolid,496,320,00249B51,0,1,1,4294967295,0,0
oInvisibleSolid,512,320,0008D1B8,0,1,1,4294967295,0,1
oInvisibleSolid,1120,528,0016F044,0,1,1,4294967295,0,1
oInvisibleSolid,544,128,00392797,0,1,1,4294967295,0,1
oInvisibleSolid,528,144,00277176,0,1,1,4294967295,0,1
oInvisibleSolid,432,160,00110794,0,1,1,4294967295,0,1
oInvisibleSolid,384,128,001F4E16,0,1,1,4294967295,0,1
oInvisibleSolid,416,192,0031FEF7,0,1,1,4294967295,0,0
oInvisibleSolid,368,144,00097973,0,1,1,4294967295,0,1
oInvisibleSolid,336,112,003972C2,0,1,1,4294967295,0,0
oInvisibleSolid,288,96,003E0216,0,1,1,4294967295,0,1
oInvisibleSolid,256,112,00207C6A,0,1,1,4294967295,0,1
oInvisibleSolid,224,128,0035C898,0,1,1,4294967295,0,1
oInvisibleSolid,192,144,0017BE1D,0,1,1,4294967295,0,1
oInvisibleSolid,160,160,00168843,0,1,1,4294967295,0,1
oInvisibleSolid,128,192,00326EDB,0,1,1,4294967295,0,1
oInvisibleSolid,160,176,0022AC87,0,1,1,4294967295,0,1
oInvisibleSolid,272,256,000D2613,0,1,1,4294967295,0,0
oInvisibleSolid,272,176,0004D323,0,1,1,4294967295,0,1
oInvisibleSolid,352,224,0036C77C,0,1,1,4294967295,0,0
oInvisibleSolid,352,176,0033C551,0,1,1,4294967295,0,1
oInvisibleSolid,192,480,00008931,0,1,1,4294967295,0,1
oInvisibleSolid,208,528,00006EFB,0,1,1,4294967295,0,1
oInvisibleSolid,192,768,00029B2B,0,1,1,4294967295,0,1
oInvisibleSolid,208,816,00124EAF,0,1,1,4294967295,0,1
oInvisibleSolid,224,928,001DDF90,0,1,1,4294967295,0,1
oInvisibleSolid,240,1008,00147ECE,0,1,1,4294967295,0,1
oInvisibleSolid,256,1088,001AE762,0,1,1,4294967295,0,1
oInvisibleSolid,272,1152,002663F6,0,1,1,4294967295,0,1
oInvisibleSolid,288,1216,0034517D,0,1,1,4294967295,0,1
oInvisibleSolid,304,1248,000703C1,0,1,1,4294967295,0,1
oInvisibleSolid,320,1280,001ECAD0,0,1,1,4294967295,0,1
oInvisibleSolid,336,1312,0007B91E,0,1,1,4294967295,0,1
oInvisibleSolid,352,1344,000A0680,0,1,1,4294967295,0,1
oInvisibleSolid,368,1376,000649B4,0,1,1,4294967295,0,1
oInvisibleSolid,384,1392,003BB4A3,0,1,1,4294967295,0,1
oInvisibleSolid,416,1408,001EF9EC,0,1,1,4294967295,0,1
oInvisibleSolid,176,1376,001BDFB0,0,1,1,4294967295,0,0
oInvisibleSolid,160,1344,0016F553,0,1,1,4294967295,0,1
oInvisibleSolid,144,1296,000DA77B,0,1,1,4294967295,0,1
oInvisibleSolid,592,1408,003FDAD4,0,1,1,4294967295,0,1
oInvisibleSolid,608,1392,0010623D,0,1,1,4294967295,0,1
oInvisibleSolid,640,1376,0030FA08,0,1,1,4294967295,0,1
oInvisibleSolid,432,1424,002841E8,0,1,1,4294967295,0,1
oInvisibleSolid,976,1472,001A8758,0,1,1,4294967295,0,1
oInvisibleSolid,800,1440,0036D49D,0,1,1,4294967295,0,1
oInvisibleSolid,832,1472,00206CFB,0,1,1,4294967295,0,1
oInvisibleSolid,848,1424,0024AC94,0,1,1,4294967295,0,1
oInvisibleSolid,1104,64,003F994C,0,1,1,4294967295,0,0
oInvisibleSolid,1088,64,00401157,0,1,1,4294967295,0,1
oInvisibleSolid,1024,64,000D0847,0,1,1,4294967295,0,1
oInvisibleSolid,880,1360,0016C9B0,0,1,1,4294967295,0,1
oInvisibleSolid,816,1296,0015D19B,0,1,1,4294967295,0,1
oInvisibleSolid,848,1296,002F58D1,0,1,1,4294967295,0,1
oInvisibleSolid,864,1296,0002E5A1,0,1,1,4294967295,0,1
oInvisibleSolid,1024,1376,00103BE3,0,1,1,4294967295,0,1
oInvisibleSolid,800,1264,0007B89A,0,1,1,4294967295,0,1
oInvisibleSolid,736,1008,0018B505,0,1,1,4294967295,0,1
oInvisibleSolid,704,992,001DF25E,0,1,1,4294967295,0,1
oInvisibleSolid,688,976,00245BAC,0,1,1,4294967295,0,1
oInvisibleSolid,672,960,000EC193,0,1,1,4294967295,0,1
oInvisibleSolid,656,928,000975C1,0,1,1,4294967295,0,1
oInvisibleSolid,640,544,003591F2,0,1,1,4294967295,0,1
oInvisibleSolid,576,544,0023435A,0,1,1,4294967295,0,1
oInvisibleSolid,656,544,0030EDDF,0,1,1,4294967295,0,1
oInvisibleSolid,688,544,0015B2AF,0,1,1,4294967295,0,1
oInvisibleSolid,704,544,002C35B6,0,1,1,4294967295,0,1
oInvisibleSolid,720,544,0022A2A9,0,1,1,4294967295,0,1
oInvisibleSolid,784,544,00157C39,0,1,1,4294967295,0,1
oInvisibleSolid,816,544,001DCD1F,0,1,1,4294967295,0,1
oInvisibleSolid,896,544,0018599C,0,1,1,4294967295,0,1
oInvisibleSolid,880,544,0005435F,0,1,1,4294967295,0,1
oInvisibleSolid,544,544,001A5523,0,1,1,4294967295,0,1
oInvisibleSolid,528,544,000FCBE8,0,1,1,4294967295,0,1
oInvisibleSolid,512,560,0015AEF5,0,1,1,4294967295,0,1
oInvisibleSolid,496,576,000E88CE,0,1,1,4294967295,0,1
oInvisibleSolid,480,576,001CF6F9,0,1,1,4294967295,0,1
oInvisibleSolid,464,592,00371757,0,1,1,4294967295,0,1
oInvisibleSolid,448,592,001DDFB0,0,1,1,4294967295,0,1
oInvisibleSolid,432,608,001A3B8E,0,1,1,4294967295,0,1
oInvisibleSolid,416,608,00026488,0,1,1,4294967295,0,1
oInvisibleSolid,400,608,003C0E34,0,1,1,4294967295,0,1
oInvisibleSolid,384,608,00269E7A,0,1,1,4294967295,0,1
oInvisibleSolid,368,832,0012F272,0,1,1,4294967295,0,1
oInvisibleSolid,352,880,000A0949,0,1,1,4294967295,0,1
oInvisibleSolid,368,608,001E8434,0,1,1,4294967295,0,1
oInvisibleSolid,352,624,002989D8,0,1,1,4294967295,0,1
oInvisibleSolid,672,544,000FB895,0,1,1,4294967295,0,1
oInvisibleSolid,800,1008,001C03E1,0,1,1,4294967295,0,1
oInvisibleSolid,928,800,00072829,0,1,1,4294967295,0,1
oInvisibleSolid,912,544,003CB7C5,0,1,1,4294967295,0,1
oInvisibleSolid,1136,656,003C415C,0,1,1,4294967295,0,0
oInvisibleSolid,1136,544,00019815,0,1,1,4294967295,0,1
oInvisibleSolid,1168,624,0012133B,0,1,1,4294967295,0,0
oInvisibleSolid,1168,544,003B4155,0,1,1,4294967295,0,1
oInvisibleSolid,1232,544,001EBC14,0,1,1,4294967295,0,1
oInvisibleSolid,1136,688,0004C831,0,1,1,4294967295,0,1
oInvisibleSolid,944,832,0028266E,0,1,1,4294967295,0,1
oInvisibleSolid,944,880,003CE30C,0,1,1,4294967295,0,1
oInvisibleSolid,912,960,001365D1,0,1,1,4294967295,0,0
oInvisibleSolid,928,928,002CC53A,0,1,1,4294967295,0,1
oInvisibleSolid,896,976,00280D41,0,1,1,4294967295,0,1
oInvisibleSolid,864,992,0013E3C4,0,1,1,4294967295,0,1
oInvisibleSolid,832,1008,00376506,0,1,1,4294967295,0,1
oInvisibleSolid,1200,1024,002FEC61,0,1,1,4294967295,0,0
oInvisibleSolid,1200,1040,0027C299,0,1,1,4294967295,0,1
oInvisibleSolid,1232,1088,002E8F46,0,1,1,4294967295,0,0
oInvisibleSolid,1232,1104,0023CB15,0,1,1,4294967295,0,1
oInvisibleSolid,1264,1120,001F48F3,0,1,1,4294967295,0,1
oInvisibleSolid,1280,1152,001E253F,0,1,1,4294967295,0,1
oInvisibleSolid,1296,1216,0031EE8E,0,1,1,4294967295,0,1
oInvisibleSolid,1312,1264,000D46F2,0,1,1,4294967295,0,1
oInvisibleSolid,1344,1280,0026A2D3,0,1,1,4294967295,0,1
oInvisibleSolid,896,1200,0000D8F0,0,1,1,4294967295,0,0
oInvisibleSolid,912,1200,00252208,0,1,1,4294967295,0,1
oInvisibleSolid,896,1296,002CEE9C,0,1,1,4294967295,0,1
oInvisibleSolid,912,1280,003CEB86,0,1,1,4294967295,0,1
oInvisibleSolid,928,1200,0019156F,0,1,1,4294967295,0,1
oGameMapExit,1232,448,0032C3BD,0,1,1,4294967295,0,1
oGameMapExit,1408,656,003C23F3,0,1,1,4294967295,0,1
oGameMapExit,400,432,002E688A,0,1,1,4294967295,0,1
oGameMapExit,320,112,003156F8,0,1,1,4294967295,0,1
oInvisibleSolid,1296,1456,003D7685,0,1,1,4294967295,0,0
oInvisibleSolid,1328,1456,003A9490,0,1,1,4294967295,0,0
oInvisibleSolid,1296,1440,0002D43D,0,1,1,4294967295,0,1
oInvisibleSolid,832,1280,000E5024,0,1,1,4294967295,0,1
oInvisibleSolid,464,1280,00264B86,0,1,1,4294967295,0,0
oInvisibleSolid,448,1248,00285ED6,0,1,1,4294967295,0,1
oInvisibleSolid,416,1120,002DD2E5,0,1,1,4294967295,0,1
oInvisibleSolid,400,1152,001CE6F0,0,1,1,4294967295,0,1
oNoLandingZone,1392,1360,001B40C4,0,1,1,4294967295,0,0
oNoLandingZone,1392,1376,0028FBE8,0,1,1,4294967295,0,1
oNoLandingZone,1408,1392,00070CA4,0,1,1,4294967295,0,1
oNoLandingZone,1424,1408,000DB227,0,1,1,4294967295,0,1
oNoLandingZone,1440,1424,0013E59B,0,1,1,4294967295,0,1
oNoLandingZone,1216,1440,0010D30B,0,1,1,4294967295,0,1
oNoLandingZone,1232,1424,001F2638,0,1,1,4294967295,0,1
oNoLandingZone,1232,1328,002E558B,0,1,1,4294967295,0,1
oNoLandingZone,1232,1392,003510F9,0,1,1,4294967295,0,1
oNoLandingZone,992,1440,00328195,0,1,1,4294967295,0,1
oNoLandingZone,1008,1456,0015B1DA,0,1,1,4294967295,0,1
oNoLandingZone,768,1360,00207396,0,1,1,4294967295,0,1
oNoLandingZone,768,1392,000B12FB,0,1,1,4294967295,0,1
oNoLandingZone,896,1216,00032716,0,1,1,4294967295,0,0
oNoLandingZone,848,1264,0013FA50,0,1,1,4294967295,0,1
oNoLandingZone,832,1200,000A3493,0,1,1,4294967295,0,1
oNoLandingZone,832,1248,0005FBE8,0,1,1,4294967295,0,0
oNoLandingZone,880,1248,001EC2F1,0,1,1,4294967295,0,0
oNoLandingZone,1040,1312,001BC896,0,1,1,4294967295,0,1
oNoLandingZone,1008,1328,0037D87F,0,1,1,4294967295,0,1
oNoLandingZone,1024,1328,0014DB77,0,1,1,4294967295,0,1
oNoLandingZone,1072,1376,00385BA1,0,1,1,4294967295,0,1
oNoLandingZone,400,1312,0033B675,0,1,1,4294967295,0,1
oNoLandingZone,400,1344,0020CF23,0,1,1,4294967295,0,1
oNoLandingZone,400,1328,0033B1A3,0,1,1,4294967295,0,0
oNoLandingZone,432,1328,001F1CEF,0,1,1,4294967295,0,0
oNoLandingZone,224,1424,0008CEA2,0,1,1,4294967295,0,0
oNoLandingZone,224,1440,003B0C33,0,1,1,4294967295,0,1
oNoLandingZone,240,1456,00399D99,0,1,1,4294967295,0,1
oNoLandingZone,224,1520,00347F5E,0,1,1,4294967295,0,1
oNoLandingZone,176,1536,000F8A0D,0,1,1,4294967295,0,1
oNoLandingZone,176,1520,00037CB8,0,1,1,4294967295,0,0
oNoLandingZone,96,1312,002A7BBB,0,1,1,4294967295,0,0
oNoLandingZone,112,1296,000D0F78,0,1,1,4294967295,0,1
oNoLandingZone,128,1344,0029D90B,0,1,1,4294967295,0,1
oNoLandingZone,144,1376,00323340,0,1,1,4294967295,0,1
oNoLandingZone,128,1456,000B47FA,0,1,1,4294967295,0,0
oNoLandingZone,144,1408,002533E9,0,1,1,4294967295,0,0
oNoLandingZone,176,1440,00220763,0,1,1,4294967295,0,0
oNoLandingZone,144,1424,00072BFF,0,1,1,4294967295,0,1
oNoLandingZone,784,816,000D30E2,0,1,1,4294967295,0,1
oNoLandingZone,752,848,0001858F,0,1,1,4294967295,0,1
oNoLandingZone,1248,704,00135BFB,0,1,1,4294967295,0,0
oNoLandingZone,1232,656,00022BDB,0,1,1,4294967295,0,0
oNoLandingZone,1200,672,003163C8,0,1,1,4294967295,0,1
oNoLandingZone,1232,688,00320D1C,0,1,1,4294967295,0,1
oNoLandingZone,1200,448,002ACD42,0,1,1,4294967295,0,0
oNoLandingZone,1200,464,0011A0B0,0,1,1,4294967295,0,1
oNoLandingZone,1216,480,00195A93,0,1,1,4294967295,0,1
oNoLandingZone,1216,112,002E6F1D,0,1,1,4294967295,0,0
oNoLandingZone,1200,128,003B541D,0,1,1,4294967295,0,1
oNoLandingZone,1184,144,00273E16,0,1,1,4294967295,0,1
oNoLandingZone,688,352,0007CD4E,0,1,1,4294967295,0,0
oNoLandingZone,704,384,00230D40,0,1,1,4294967295,0,1
oNoLandingZone,672,368,00320860,0,1,1,4294967295,0,1
oNoLandingZone,352,160,0025F033,0,1,1,4294967295,0,0
oNoLandingZone,304,144,0022007D,0,1,1,4294967295,0,0
oNoLandingZone,320,128,0006AFFC,0,1,1,4294967295,0,1
oNoLandingZone,352,112,00037702,0,1,1,4294967295,0,1
oNoLandingZone,448,128,00314B5F,0,1,1,4294967295,0,0
oNoLandingZone,464,96,0016D4EA,0,1,1,4294967295,0,0
oNoLandingZone,544,112,002C6843,0,1,1,4294967295,0,0
oNoLandingZone,464,112,003E80E5,0,1,1,4294967295,0,1
oNoLandingZone,480,128,00342BBB,0,1,1,4294967295,0,1
oNoLandingZone,512,96,001FA923,0,1,1,4294967295,0,1
oNoLandingZone,336,1040,000D042F,0,1,1,4294967295,0,0
oNoLandingZone,368,1024,003C6068,0,1,1,4294967295,0,0
oNoLandingZone,240,896,00071709,0,1,1,4294967295,0,1
oNoLandingZone,256,912,001A6C0D,0,1,1,4294967295,0,1
oNoLandingZone,288,944,001C7981,0,1,1,4294967295,0,1
oNoLandingZone,304,928,003FE234,0,1,1,4294967295,0,0
oNoLandingZone,336,960,002D5689,0,1,1,4294967295,0,1
oNoLandingZone,320,992,001399C8,0,1,1,4294967295,0,1
oNoLandingZone,400,1232,0002D927,0,1,1,4294967295,0,0
oNoLandingZone,336,1184,001688F5,0,1,1,4294967295,0,1
oNoLandingZone,304,1152,002C7491,0,1,1,4294967295,0,1
oNoLandingZone,304,1088,0020C4E5,0,1,1,4294967295,0,1
oNoLandingZone,288,1104,002F8FF3,0,1,1,4294967295,0,1
oNoLandingZone,272,1120,002D3CEC,0,1,1,4294967295,0,1
oNoLandingZone,336,1136,001B60AA,0,1,1,4294967295,0,1
oNoLandingZone,336,1120,003F7475,0,1,1,4294967295,0,0
oNoLandingZone,560,464,003EAB8F,0,1,1,4294967295,0,1
oNoLandingZone,544,480,000DE801,0,1,1,4294967295,0,1
oNoLandingZone,512,496,000A3CDC,0,1,1,4294967295,0,1
oNoLandingZone,480,512,003B5A47,0,1,1,4294967295,0,1
oNoLandingZone,448,528,0005A53B,0,1,1,4294967295,0,1
oNoLandingZone,416,544,00177B83,0,1,1,4294967295,0,1
oNoLandingZone,400,560,003D2632,0,1,1,4294967295,0,1
oNoLandingZone,384,576,002F85FB,0,1,1,4294967295,0,1
oNoLandingZone,368,592,00233135,0,1,1,4294967295,0,1
oNoLandingZone,1296,624,000435E1,0,1,1,4294967295,0,1
oNoLandingZone,1232,608,003EC2F4,0,1,1,4294967295,0,1
oNoLandingZone,1264,592,0003C659,0,1,1,4294967295,0,1
oNoLandingZone,1280,560,003F09DA,0,1,1,4294967295,0,1
oNoLandingZone,1296,528,002FC968,0,1,1,4294967295,0,1
oNoLandingZone,1312,512,0025542A,0,1,1,4294967295,0,1
oNoLandingZone,1312,496,001BAF83,0,1,1,4294967295,0,1
oNoLandingZone,1296,480,003E96E0,0,1,1,4294967295,0,1
oNoLandingZone,1328,464,00123547,0,1,1,4294967295,0,1
oNoLandingZone,1152,432,002CFB2C,0,1,1,4294967295,0,0
oNoLandingZone,416,208,0036ED1C,0,1,1,4294967295,0,0
oNoLandingZone,384,192,0038BEC0,0,1,1,4294967295,0,1
oNoLandingZone,352,240,000115A4,0,1,1,4294967295,0,0
oNoLandingZone,368,224,001FD739,0,1,1,4294967295,0,1
oNoLandingZone,288,256,0019E15C,0,1,1,4294967295,0,1
oNoLandingZone,272,272,0008DC1C,0,1,1,4294967295,0,1
oNoLandingZone,384,384,000B88D4,0,1,1,4294967295,0,1
oNoLandingZone,224,400,0014B122,0,1,1,4294967295,0,1
oNoLandingZone,208,384,001F7AAE,0,1,1,4294967295,0,1
oNoLandingZone,512,352,0031B9DE,0,1,1,4294967295,0,0
oNoLandingZone,192,336,002054ED,0,1,1,4294967295,0,1
oNoLandingZone,480,320,001881D5,0,1,1,4294967295,0,0
oNoLandingZone,192,288,0025833F,0,1,1,4294967295,0,1
oNoLandingZone,672,1360,000B1A05,0,1,1,4294967295,0,1
oGameMapExit,1456,560,0037E192,0,1,1,4294967295,0,1
oGameMapExit,1376,112,002B65FA,0,1,1,4294967295,0,1
oGameMapExit,400,480,001A11B7,0,1,1,4294967295,0,1
oOWMO,1280,480,00106765,0,1,1,4294967295,0,1
oOWMO,1360,1280,000C82FA,0,1,1,4294967295,0,1
oGameMapExit,416,272,0007651E,0,1,1,4294967295,0,1
oGameMapExit,1360,992,003AF2F6,0,1,1,4294967295,0,1
oGameMapExit,816,1392,003E2A40,0,1,1,4294967295,0,1
oGameMapExit,416,1328,0039C273,0,1,1,4294967295,0,1
oInvisibleSolid,1248,1376,00291538,0,1,1,4294967295,0,0
oInvisibleSolid,1280,1376,000E492E,0,1,1,4294967295,0,1
oGameMapExit,1264,1376,0007115F,0,1,1,4294967295,0,1
oGameMapExit,1312,1456,0020E67A,0,1,1,4294967295,0,1
oGameMapExit,1440,1376,00068A10,0,1,1,4294967295,0,1
oGameMapExit,1168,96,000182CE,0,1,1,4294967295,0,1
oGameMapExit,864,1248,0005E2A4,0,1,1,4294967295,0,1
oOWMO,832,1440,003E2C3D,0,1,1,4294967295,0,1
oGameMapExit,224,1504,001E36E6,0,1,1,4294967295,0,1
oGameMapExit,1440,112,00061057,0,1,1,4294967295,0,1
oGameMapExit,784,784,001D346D,0,1,1,4294967295,0,1
oOWMO,1216,784,0008BAF5,0,1,1,4294967295,0,1
oOWMO,1360,1008,00296814,0,1,1,4294967295,0,1
oInvisibleSolid,0,1040,001A43EA,0,1,1,4294967295,0,1
oInvisibleSolid,80,1040,000BDE0A,0,1,1,4294967295,0,1
oInvisibleSolid,0,1088,00124100,0,1,1,4294967295,0,1
oInvisibleSolid,48,1056,00186394,0,1,1,4294967295,0,0
oGameMapExit,48,1072,0027459B,0,1,1,4294967295,0,1
