oExit,0,272,00304E26,0,1,1,4294967295,0,1
oExit,1424,272,002BCC5A,0,1,1,4294967295,0,1
oEventBarrier,768,256,0013C857,0,1,1,4294967295,0,1
oMetSidehopper,528,240,0025E373,0,1,1,4294967295,0,0
oMetSmallSidehopper,720,208,0014A020,0,1,1,4294967295,0,0
oMetSmallSidehopper,864,320,002E02B9,0,1,1,4294967295,0,1
oPlayer1,64,304,000F7562,0,1,1,4294967295,0,0
oMetroidDoorHolder,16,272,000B16B0,0,1,1,4294967295,0,1
oMetroidDoorHolder,1408,272,001AA370,0,1,1,4294967295,0,1
oMetChozoStatue,640,152,003EF796,0,1,1,4294967295,0,0
oStoryObject,676,176,00044147,0,1,1,4294967295,0,1
oMeridiaExposedWires,784,112,001DFEC5,0,1,1,4294967295,0,1
oInvCollPH,0,224,000000A8,0,1,1,4294967295,0,0
oInvCollPH,16,224,0033CD9C,0,1,1,4294967295,0,0
oInvCollPH,32,224,00100A03,0,1,1,4294967295,0,0
oInvCollPH,48,224,002CB956,0,1,1,4294967295,0,0
oInvCollPH,48,208,000670CC,0,1,1,4294967295,0,0
oInvCollPH,48,192,0019C077,0,1,1,4294967295,0,0
oInvCollPH,48,176,0026F2AB,0,1,1,4294967295,0,0
oInvCollPH,16,304,003D8558,0,1,1,4294967295,0,0
oInvCollPH,32,304,002889DC,0,1,1,4294967295,0,0
oInvCollPH,48,304,0013D061,0,1,1,4294967295,0,0
oInvCollPH,64,304,00263EB7,0,1,1,4294967295,0,0
oInvCollPH,80,304,0029231A,0,1,1,4294967295,0,0
oInvCollPH,96,304,0012D1C0,0,1,1,4294967295,0,0
oInvCollPH,112,304,003A401D,0,1,1,4294967295,0,0
oInvCollPH,128,304,00016017,0,1,1,4294967295,0,0
oInvCollPH,144,304,00261B5D,0,1,1,4294967295,0,0
oInvCollPH,496,240,001D1B4A,0,1,1,4294967295,0,0
oInvCollPH,512,240,0009532B,0,1,1,4294967295,0,0
oInvCollPH,528,240,002D91F4,0,1,1,4294967295,0,0
oInvCollPH,544,240,003FFD87,0,1,1,4294967295,0,0
oInvCollPH,560,240,003289C9,0,1,1,4294967295,0,0
oInvCollPH,576,240,003915F7,0,1,1,4294967295,0,0
oInvCollPH,576,256,000BAE8C,0,1,1,4294967295,0,0
oInvCollPH,448,256,00026E7B,0,1,1,4294967295,0,0
oInvCollPH,432,256,0035D9DF,0,1,1,4294967295,0,0
oInvCollPH,416,256,0025B015,0,1,1,4294967295,0,0
oInvCollPH,400,256,00053F1C,0,1,1,4294967295,0,0
oInvCollPH,272,240,00274B38,0,1,1,4294967295,0,0
oInvCollPH,288,240,000E90D1,0,1,1,4294967295,0,0
oInvCollPH,304,240,0039870D,0,1,1,4294967295,0,0
oInvCollPH,320,240,000EDD4A,0,1,1,4294967295,0,0
oInvCollPH,336,240,00141338,0,1,1,4294967295,0,0
oInvCollPH,352,240,000677CD,0,1,1,4294967295,0,0
oInvCollPH,368,240,000880BF,0,1,1,4294967295,0,0
oInvCollPH,576,272,0037AE23,0,1,1,4294967295,0,0
oInvCollPH,576,288,0012A9B7,0,1,1,4294967295,0,0
oInvCollPH,176,304,0034586F,0,1,1,4294967295,0,0
oInvCollPH,160,304,00371192,0,1,1,4294967295,0,0
oInvCollPH,576,304,001D7111,0,1,1,4294967295,0,0
oInvCollPH,64,160,0003381B,0,1,1,4294967295,0,0
oInvCollPH,80,160,0018408A,0,1,1,4294967295,0,0
oInvCollPH,96,160,00130D60,0,1,1,4294967295,0,0
oInvCollPH,112,160,00336766,0,1,1,4294967295,0,0
oInvCollPH,112,144,0024744B,0,1,1,4294967295,0,0
oInvCollPH,112,128,001E3467,0,1,1,4294967295,0,0
oInvCollPH,112,112,00279673,0,1,1,4294967295,0,0
oInvCollPH,128,96,0011BCF3,0,1,1,4294967295,0,0
oInvCollPH,144,96,0014FBB3,0,1,1,4294967295,0,0
oInvCollPH,160,96,0004B923,0,1,1,4294967295,0,0
oInvCollPH,176,96,00104F8C,0,1,1,4294967295,0,0
oInvCollPH,176,80,001F7E10,0,1,1,4294967295,0,0
oInvCollPH,176,64,000933D8,0,1,1,4294967295,0,0
oInvCollPH,176,48,0000BD39,0,1,1,4294967295,0,0
oInvCollPH,192,32,00347911,0,1,1,4294967295,0,0
oInvCollPH,208,32,002AF183,0,1,1,4294967295,0,0
oInvCollPH,224,32,00383D5D,0,1,1,4294967295,0,0
oInvCollPH,240,32,003CFC13,0,1,1,4294967295,0,0
oInvCollPH,256,32,0010C763,0,1,1,4294967295,0,0
oInvCollPH,272,32,00212030,0,1,1,4294967295,0,0
oInvCollPH,288,32,0018C14E,0,1,1,4294967295,0,0
oInvCollPH,304,32,00297C35,0,1,1,4294967295,0,0
oInvCollPH,320,32,0016C886,0,1,1,4294967295,0,0
oInvCollPH,336,32,0017914E,0,1,1,4294967295,0,0
oInvCollPH,432,32,0020F830,0,1,1,4294967295,0,0
oInvCollPH,416,32,0029129A,0,1,1,4294967295,0,0
oInvCollPH,400,32,0015A8BB,0,1,1,4294967295,0,0
oInvCollPH,384,32,0038E76A,0,1,1,4294967295,0,0
oInvCollPH,368,32,0031664A,0,1,1,4294967295,0,0
oInvCollPH,352,32,00193F61,0,1,1,4294967295,0,0
oInvCollPH,448,48,00134FF8,0,1,1,4294967295,0,0
oInvCollPH,448,64,003057D0,0,1,1,4294967295,0,0
oInvCollPH,448,80,002F40FB,0,1,1,4294967295,0,0
oInvCollPH,464,80,0014642F,0,1,1,4294967295,0,0
oInvCollPH,480,80,00017B2F,0,1,1,4294967295,0,0
oInvCollPH,496,80,00056F62,0,1,1,4294967295,0,0
oInvCollPH,512,80,00056302,0,1,1,4294967295,0,0
oInvCollPH,528,80,003C2E34,0,1,1,4294967295,0,0
oInvCollPH,544,80,002E2370,0,1,1,4294967295,0,0
oInvCollPH,560,80,002AC471,0,1,1,4294967295,0,0
oInvCollPH,576,80,000432AC,0,1,1,4294967295,0,0
oInvCollPH,592,80,003C8ADA,0,1,1,4294967295,0,0
oInvCollPH,752,80,00328A11,0,1,1,4294967295,0,0
oInvCollPH,736,80,003D9876,0,1,1,4294967295,0,0
oInvCollPH,720,80,0001CB33,0,1,1,4294967295,0,0
oInvCollPH,704,80,003E6585,0,1,1,4294967295,0,0
oInvCollPH,688,80,0028FD22,0,1,1,4294967295,0,0
oInvCollPH,672,80,003945E8,0,1,1,4294967295,0,0
oInvCollPH,656,80,00315FF5,0,1,1,4294967295,0,0
oInvCollPH,640,80,00230B45,0,1,1,4294967295,0,0
oInvCollPH,624,80,00156990,0,1,1,4294967295,0,0
oInvCollPH,608,80,00311904,0,1,1,4294967295,0,0
oInvCollPH,656,208,0020DF4D,0,1,1,4294967295,0,0
oInvCollPH,672,208,000A8FC0,0,1,1,4294967295,0,0
oInvCollPH,688,208,003EC9DE,0,1,1,4294967295,0,0
oInvCollPH,704,208,00396D45,0,1,1,4294967295,0,0
oInvCollPH,720,208,00249B27,0,1,1,4294967295,0,0
oInvCollPH,768,192,00320682,0,1,1,4294967295,0,0
oInvCollPH,768,208,0001B0F4,0,1,1,4294967295,0,0
oInvCollPH,768,224,0036BDD2,0,1,1,4294967295,0,0
oInvCollPH,768,240,003E72CE,0,1,1,4294967295,0,0
oInvCollPH,784,240,00086BD1,0,1,1,4294967295,0,0
oInvCollPH,800,240,003CA8FD,0,1,1,4294967295,0,0
oInvCollPH,816,240,001A4012,0,1,1,4294967295,0,0
oInvCollPH,832,240,002790C6,0,1,1,4294967295,0,0
oInvCollPH,848,240,002D5D3E,0,1,1,4294967295,0,0
oInvCollPH,848,224,00373A0A,0,1,1,4294967295,0,0
oInvCollPH,848,208,002292D3,0,1,1,4294967295,0,0
oInvCollPH,848,192,002F6679,0,1,1,4294967295,0,0
oInvCollPH,848,176,001081ED,0,1,1,4294967295,0,0
oInvCollPH,992,160,000AE527,0,1,1,4294967295,0,0
oInvCollPH,1008,160,00064736,0,1,1,4294967295,0,0
oInvCollPH,1024,160,002FD488,0,1,1,4294967295,0,0
oInvCollPH,1040,160,000A806A,0,1,1,4294967295,0,0
oInvCollPH,976,176,000F9AD2,0,1,1,4294967295,0,0
oInvCollPH,976,208,0002959A,0,1,1,4294967295,0,0
oInvCollPH,1120,224,002D8093,0,1,1,4294967295,0,0
oInvCollPH,1232,224,0005AECC,0,1,1,4294967295,0,0
oInvCollPH,1216,224,0029DFA0,0,1,1,4294967295,0,0
oInvCollPH,1200,224,001112FB,0,1,1,4294967295,0,0
oInvCollPH,1184,224,00046B3A,0,1,1,4294967295,0,0
oInvCollPH,1168,224,002B9330,0,1,1,4294967295,0,0
oInvCollPH,1152,224,0026EDFD,0,1,1,4294967295,0,0
oInvCollPH,1136,224,001E9533,0,1,1,4294967295,0,0
oInvCollPH,1376,96,0015F527,0,1,1,4294967295,0,0
oInvCollPH,1376,112,001247DC,0,1,1,4294967295,0,0
oInvCollPH,1376,128,00290B39,0,1,1,4294967295,0,0
oInvCollPH,1376,144,0038420F,0,1,1,4294967295,0,0
oInvCollPH,1376,160,003D0718,0,1,1,4294967295,0,0
oInvCollPH,1376,176,0033CB45,0,1,1,4294967295,0,0
oInvCollPH,1376,192,003B3F6E,0,1,1,4294967295,0,0
oInvCollPH,1376,208,003DB2C4,0,1,1,4294967295,0,0
oInvCollPH,1376,224,00084903,0,1,1,4294967295,0,0
oInvCollPH,1392,224,00235E64,0,1,1,4294967295,0,0
oInvCollPH,1408,224,0035601E,0,1,1,4294967295,0,0
oInvCollPH,1424,224,00399E02,0,1,1,4294967295,0,0
oInvCollPH,1264,304,00229911,0,1,1,4294967295,0,0
oInvCollPH,1280,304,0017407B,0,1,1,4294967295,0,0
oInvCollPH,1296,304,00271127,0,1,1,4294967295,0,0
oInvCollPH,1312,304,002A3950,0,1,1,4294967295,0,0
oInvCollPH,1328,304,00082DD0,0,1,1,4294967295,0,0
oInvCollPH,1344,304,00206194,0,1,1,4294967295,0,0
oInvCollPH,1360,304,0010E64F,0,1,1,4294967295,0,0
oInvCollPH,1376,304,001D68E3,0,1,1,4294967295,0,0
oInvCollPH,1392,304,00307A80,0,1,1,4294967295,0,0
oInvCollPH,1408,304,00305632,0,1,1,4294967295,0,0
oInvCollPH,1424,304,00030983,0,1,1,4294967295,0,0
oInvCollPH,928,240,003E91EB,0,1,1,4294967295,0,0
oInvCollPH,944,240,002C9C1D,0,1,1,4294967295,0,0
oInvCollPH,960,240,000CF4BB,0,1,1,4294967295,0,0
oInvCollPH,912,256,0032B671,0,1,1,4294967295,0,0
oInvCollPH,912,272,00371155,0,1,1,4294967295,0,0
oInvCollPH,912,288,00211B1B,0,1,1,4294967295,0,0
oInvCollPH,912,304,003F1059,0,1,1,4294967295,0,0
oInvCollPH,1232,240,00144234,0,1,1,4294967295,0,0
oInvCollPH,1232,256,003AD161,0,1,1,4294967295,0,0
oInvCollPH,1232,272,00175FC1,0,1,1,4294967295,0,0
oInvCollPH,1232,288,0007447D,0,1,1,4294967295,0,0
oInvCollPH,1280,64,003C934B,0,1,1,4294967295,0,0
oInvCollPH,1296,64,002021BD,0,1,1,4294967295,0,0
oInvCollPH,1312,64,00262640,0,1,1,4294967295,0,0
oInvCollPH,1328,64,00064E9D,0,1,1,4294967295,0,0
oInvCollPH,1344,64,0025932A,0,1,1,4294967295,0,0
oInvCollPH,1360,64,003F5BEA,0,1,1,4294967295,0,0
oInvCollPH,1120,96,00369402,0,1,1,4294967295,0,0
oInvCollPH,1136,96,0031794A,0,1,1,4294967295,0,0
oInvCollPH,1152,96,000DC417,0,1,1,4294967295,0,0
oInvCollPH,1168,96,0000C17A,0,1,1,4294967295,0,0
oInvCollPH,1184,96,003DDEF6,0,1,1,4294967295,0,0
oInvCollPH,1200,96,000DE14C,0,1,1,4294967295,0,0
oInvCollPH,1216,96,002A6A99,0,1,1,4294967295,0,0
oInvCollPH,1232,96,001A46F4,0,1,1,4294967295,0,0
oInvCollPH,1248,96,001193CA,0,1,1,4294967295,0,0
oInvCollPH,1264,96,00347957,0,1,1,4294967295,0,0
oInvCollPH,1264,80,003EB78E,0,1,1,4294967295,0,0
oInvCollPH,1120,64,003F1A15,0,1,1,4294967295,0,0
oInvCollPH,1120,80,000ED778,0,1,1,4294967295,0,0
oInvCollPH,928,48,002C47F5,0,1,1,4294967295,0,0
oInvCollPH,944,48,0037A4FD,0,1,1,4294967295,0,0
oInvCollPH,960,48,0024AFF7,0,1,1,4294967295,0,0
oInvCollPH,976,48,0018DF09,0,1,1,4294967295,0,0
oInvCollPH,992,48,000625B3,0,1,1,4294967295,0,0
oInvCollPH,1008,48,0039C47E,0,1,1,4294967295,0,0
oInvCollPH,1024,48,0004103F,0,1,1,4294967295,0,0
oInvCollPH,1040,48,000913AC,0,1,1,4294967295,0,0
oInvCollPH,1056,48,0026C3EE,0,1,1,4294967295,0,0
oInvCollPH,1072,48,001FFE12,0,1,1,4294967295,0,0
oInvCollPH,1088,48,0011C864,0,1,1,4294967295,0,0
oInvCollPH,1104,48,00366096,0,1,1,4294967295,0,0
oInvCollPH,768,96,0002D6B1,0,1,1,4294967295,0,0
oInvCollPH,768,112,003C460D,0,1,1,4294967295,0,0
oInvCollPH,768,128,0038F9CB,0,1,1,4294967295,0,0
oInvCollPH,768,144,0008632C,0,1,1,4294967295,0,0
oInvCollPH,768,160,0025398B,0,1,1,4294967295,0,0
oInvCollPH,864,160,0035C8DF,0,1,1,4294967295,0,0
oInvCollPH,880,160,0034A0F7,0,1,1,4294967295,0,0
oInvCollPH,896,160,0023AE61,0,1,1,4294967295,0,0
oInvCollPH,912,160,0019D001,0,1,1,4294967295,0,0
oInvCollPH,912,144,00383C56,0,1,1,4294967295,0,0
oInvCollPH,912,128,003245FA,0,1,1,4294967295,0,0
oInvCollPH,912,112,003D4508,0,1,1,4294967295,0,0
oInvCollPH,912,96,002E9296,0,1,1,4294967295,0,0
oInvCollPH,912,80,00371ABA,0,1,1,4294967295,0,0
oInvCollPH,912,64,000495D0,0,1,1,4294967295,0,0
oInvCollPH,608,320,000EE9E3,0,1,1,4294967295,0,0
oInvCollPH,624,320,001B7BCD,0,1,1,4294967295,0,0
oInvCollPH,640,320,0014892F,0,1,1,4294967295,0,0
oInvCollPH,656,320,00179274,0,1,1,4294967295,0,0
oInvCollPH,672,320,00384572,0,1,1,4294967295,0,0
oInvCollPH,688,320,002D2B41,0,1,1,4294967295,0,0
oInvCollPH,704,320,00074FD2,0,1,1,4294967295,0,0
oInvCollPH,720,320,00048DD4,0,1,1,4294967295,0,0
oInvCollPH,736,320,0010987E,0,1,1,4294967295,0,0
oInvCollPH,896,320,003B04F7,0,1,1,4294967295,0,0
oInvCollPH,880,320,002A1EF1,0,1,1,4294967295,0,0
oInvCollPH,864,320,00388A3B,0,1,1,4294967295,0,0
oInvCollPH,848,320,002D9187,0,1,1,4294967295,0,0
oInvCollPH,832,320,002DE0FA,0,1,1,4294967295,0,0
oInvCollPH,816,320,00385F68,0,1,1,4294967295,0,0
oInvCollPH,800,320,0038752D,0,1,1,4294967295,0,0
oInvCollPH,784,320,0020A326,0,1,1,4294967295,0,0
oInvCollPH,768,320,00208EA0,0,1,1,4294967295,0,0
oInvCollPH,752,320,002CBE74,0,1,1,4294967295,0,0
oInvisibleSolid,592,320,00241DFB,0,1,1,4294967295,0,1
oInvisibleSolid,448,0,001B3BAE,0,1,1,4294967295,0,1
oInvisibleSolid,192,0,001772CF,0,1,1,4294967295,0,1
oInvisibleSolid,0,0,0014A705,0,1,1,4294967295,0,1
oInvisibleSolid,0,112,0003C5C1,0,1,1,4294967295,0,1
oInvisibleSolid,0,176,0011816B,0,1,1,4294967295,0,1
oInvisibleSolid,0,304,003F4CFC,0,1,1,4294967295,0,1
oInvisibleRupSlope,464,240,0004AFDD,0,1,1,4294967295,0,0
oInvisibleRupSlope,192,288,003B068A,0,1,1,4294967295,0,0
oInvisibleRupSlope,208,272,0012B836,0,1,1,4294967295,0,0
oInvisibleRupSlope,224,256,003073AC,0,1,1,4294967295,0,0
oInvisibleRupSlope,240,240,0028F8CC,0,1,1,4294967295,0,0
oInvisibleLupSlope,384,240,0004995B,0,1,1,4294967295,0,0
oInvisibleSolid,480,240,00185DF0,0,1,1,4294967295,0,1
oInvisibleSolid,256,240,0008ADC2,0,1,1,4294967295,0,1
oInvisibleSolid,240,256,003BAC5C,0,1,1,4294967295,0,1
oInvisibleSolid,224,272,0034F139,0,1,1,4294967295,0,1
oInvisibleSolid,208,288,001FEA3A,0,1,1,4294967295,0,1
oInvisibleSolid,640,208,0037277B,0,1,1,4294967295,0,1
oInvisibleLupSlope,1056,160,003EB9F0,0,1,1,4294967295,0,0
oInvisibleLupSlope,1072,176,003F7F89,0,1,1,4294967295,0,0
oInvisibleLupSlope,1088,192,0031C939,0,1,1,4294967295,0,0
oInvisibleLupSlope,1104,208,0029B7A2,0,1,1,4294967295,0,0
oInvisibleSolid,912,240,00212BA9,0,1,1,4294967295,0,1
oInvisibleSolid,768,176,00217E6C,0,1,1,4294967295,0,1
oInvisibleSolid,768,0,00083B39,0,1,1,4294967295,0,1
oInvisibleSolid,928,0,001F36AF,0,1,1,4294967295,0,1
oInvisibleSolid,1120,0,000D0841,0,1,1,4294967295,0,1
oInvisibleSolid,1280,0,00114DCB,0,1,1,4294967295,0,1
oInvisibleSolid,1376,80,001B123D,0,1,1,4294967295,0,1
oInvisibleSolid,1248,304,00273FF7,0,1,1,4294967295,0,1
oInvisibleSolid,1056,176,002766BF,0,1,1,4294967295,0,0
oInvisibleSolid,1088,208,002BDE45,0,1,1,4294967295,0,0
oInvisibleSolid,976,160,001EE7E2,0,1,1,4294967295,0,1
oInvisibleSolid,976,192,0032B31C,0,1,1,4294967295,0,1
oInvisibleSolid,976,224,001E19FA,0,1,1,4294967295,0,1
