oSignPost,240,288,002EDAF4,0,1,1,4294967295,0,1
oSignPost,352,224,001C1968,0,1,1,4294967295,0,1
oExit,9584,256,000F5C7C,0,1,1,4294967295,0,1
oExit,32,256,003C3C81,0,1,1,4294967295,0,1
oExit,32,160,001BB085,0,1,1,4294967295,0,1
oHealingPost,192,288,003E1A94,0,1,1,4294967295,0,0
oHealingPost,9472,288,001DAF62,0,1,1,4294967295,0,0
oMarioCoin,336,160,002D223B,0,1,1,4294967295,0,0
oMarioCoin,336,176,00139A01,0,1,1,4294967295,0,0
oMarioCoin,352,176,00221031,0,1,1,4294967295,0,0
oMarioCoin,352,160,003F6733,0,1,1,4294967295,0,0
oMovingTrap,3504,112,0023F409,0,1,1,4294967295,0,1
oMovingTrap,3504,240,0012DA53,0,1,1,4294967295,0,1
oMovingTrap,3632,112,0028D61F,0,1,1,4294967295,0,1
oMovingTrap,3632,240,0025CD94,0,1,1,4294967295,0,1
oMovingTrap,3872,112,000E9212,0,1,1,4294967295,0,1
oMovingTrap,3872,272,00161F8D,0,1,1,4294967295,0,1
oMovingTrap,3872,192,00244DD2,0,1,1,4294967295,0,1
oMovingTrap,4112,112,00089512,0,1,1,4294967295,0,1
oMovingTrap,4336,112,000397B7,0,1,1,4294967295,0,1
oMovingTrap,4528,112,00040434,0,1,1,4294967295,0,1
oMovingTrap,4112,272,0014E5FA,0,1,1,4294967295,0,1
oMovingTrap,4336,272,00146275,0,1,1,4294967295,0,1
oMovingTrap,4528,272,0024E5B9,0,1,1,4294967295,0,1
oMovingTrap,4112,192,0006CA4F,0,1,1,4294967295,0,1
oMovingTrap,4336,192,000423B7,0,1,1,4294967295,0,1
oMovingTrap,4528,192,0032A3B2,0,1,1,4294967295,0,1
oMarioCoin,1120,176,0019420D,0,1,1,4294967295,0,0
oMarioCoin,1120,192,0023C859,0,1,1,4294967295,0,0
oMarioCoin,1136,192,001FC6DB,0,1,1,4294967295,0,0
oMarioCoin,1136,176,000B19A0,0,1,1,4294967295,0,0
oMarioCoin,1776,144,002F6E16,0,1,1,4294967295,0,0
oMarioCoin,1792,144,0033783C,0,1,1,4294967295,0,0
oMarioCoin,1936,144,00197D1C,0,1,1,4294967295,0,0
oMarioCoin,1952,144,00214F39,0,1,1,4294967295,0,0
oMarioCoin,2384,256,0031046A,0,1,1,4294967295,0,0
oMarioCoin,2400,256,0001EDE2,0,1,1,4294967295,0,0
oMarioCoin,2416,256,000B1C19,0,1,1,4294967295,0,0
oMarioCoin,2432,256,000351A2,0,1,1,4294967295,0,0
oMarioCoin,2384,240,000D1B53,0,1,1,4294967295,0,0
oMarioCoin,2400,240,002BC1B0,0,1,1,4294967295,0,0
oMarioCoin,2416,240,0020F20A,0,1,1,4294967295,0,0
oMarioCoin,2432,240,0020E991,0,1,1,4294967295,0,0
oMarioCoin,3104,256,003E63DD,0,1,1,4294967295,0,0
oMarioCoin,3120,256,00075B97,0,1,1,4294967295,0,0
oMarioCoin,3728,192,00042370,0,1,1,4294967295,0,0
oMarioCoin,3728,208,00062C9C,0,1,1,4294967295,0,0
oMarioCoin,3728,224,000930DB,0,1,1,4294967295,0,0
oMarioCoin,3744,224,000FE2EF,0,1,1,4294967295,0,0
oMarioCoin,3744,208,001CCD4D,0,1,1,4294967295,0,0
oMarioCoin,3744,192,002CE184,0,1,1,4294967295,0,0
oMarioCoin,4960,224,0029DDF0,0,1,1,4294967295,0,0
oMarioCoin,4976,224,00238FA3,0,1,1,4294967295,0,0
oMarioCoin,5088,256,00077103,0,1,1,4294967295,0,0
oMarioCoin,5104,256,00134F58,0,1,1,4294967295,0,0
oMarioCoin,5120,256,0037B473,0,1,1,4294967295,0,0
oMarioCoin,5136,256,000521E3,0,1,1,4294967295,0,0
oMarioCoin,5296,256,000873AE,0,1,1,4294967295,0,0
oMarioCoin,5280,256,00117EE7,0,1,1,4294967295,0,0
oMarioCoin,5264,256,002EAC0D,0,1,1,4294967295,0,0
oMarioCoin,5248,256,00309380,0,1,1,4294967295,0,0
oMarioCoin,5632,256,0032F438,0,1,1,4294967295,0,0
oMarioCoin,5648,256,00073EEE,0,1,1,4294967295,0,0
oMarioCoin,5664,256,0005E458,0,1,1,4294967295,0,0
oMarioCoin,5968,256,00299701,0,1,1,4294967295,0,0
oMarioCoin,5984,256,00342621,0,1,1,4294967295,0,0
oMarioCoin,6160,256,000F8395,0,1,1,4294967295,0,0
oMarioCoin,6176,256,0002A49F,0,1,1,4294967295,0,0
oMarioCoin,6176,240,00245A54,0,1,1,4294967295,0,0
oMarioCoin,6160,240,001D7704,0,1,1,4294967295,0,0
oMarioCoin,6432,256,002F9814,0,1,1,4294967295,0,0
oMarioCoin,6448,256,00341452,0,1,1,4294967295,0,0
oMarioCoin,8576,224,0023FDAD,0,1,1,4294967295,0,0
oMarioCoin,8576,240,0004EB01,0,1,1,4294967295,0,0
oMarioCoin,8592,240,002497AD,0,1,1,4294967295,0,0
oMarioCoin,8592,224,000B8DB6,0,1,1,4294967295,0,0
oMarioCoin,8592,208,00295A11,0,1,1,4294967295,0,0
oMarioCoin,8576,208,0038BA98,0,1,1,4294967295,0,0
oLavaGuy,432,320,00004CF1,0,1,1,4294967295,0,0
oLavaGuy,656,320,0038031E,0,1,1,4294967295,0,0
oLavaGuy,912,320,002E0FBD,0,1,1,4294967295,0,0
oLavaGuy,1344,320,00258769,0,1,1,4294967295,0,0
oLavaGuy,1408,320,002515C0,0,1,1,4294967295,0,0
oLavaGuy,1440,320,00151EAE,0,1,1,4294967295,0,0
oLavaGuy,1488,320,00320B5E,0,1,1,4294967295,0,0
oLavaGuy,1568,320,0022DE5B,0,1,1,4294967295,0,0
oLavaGuy,1808,320,001D5CA2,0,1,1,4294967295,0,0
oLavaGuy,2208,320,00182523,0,1,1,4294967295,0,0
oLavaGuy,2272,320,0014B61B,0,1,1,4294967295,0,0
oLavaGuy,2048,320,000997A7,0,1,1,4294967295,0,0
oLavaGuy,2880,320,002AD43E,0,1,1,4294967295,0,0
oLavaGuy,3232,320,003E3C70,0,1,1,4294967295,0,0
oLavaGuy,3248,320,00163127,0,1,1,4294967295,0,0
oLavaGuy,3344,320,000F6BA0,0,1,1,4294967295,0,0
oLavaGuy,4864,320,0017DADD,0,1,1,4294967295,0,0
oLavaGuy,4928,320,0027D879,0,1,1,4294967295,0,0
oLavaGuy,5312,320,00260E70,0,1,1,4294967295,0,0
oLavaGuy,5376,320,000ADD3B,0,1,1,4294967295,0,0
oLavaGuy,5280,320,001083CC,0,1,1,4294967295,0,0
oLavaGuy,5408,320,0004B53F,0,1,1,4294967295,0,0
oLavaGuy,5776,320,00063684,0,1,1,4294967295,0,0
oLavaGuy,6304,320,001DB330,0,1,1,4294967295,0,0
oLavaGuy,7616,320,001EAB42,0,1,1,4294967295,0,0
oLavaGuy,8224,320,001E9719,0,1,1,4294967295,0,0
oLavaGuy,8336,320,0010137C,0,1,1,4294967295,0,0
oLavaGuy,8480,320,0005BF8B,0,1,1,4294967295,0,0
oLavaGuy,8528,320,002DB185,0,1,1,4294967295,0,0
oLavaGuy,8720,320,0006F320,0,1,1,4294967295,0,0
oLavaGuy,9008,320,002844BD,0,1,1,4294967295,0,0
oLavaGuy,9104,320,00225E50,0,1,1,4294967295,0,0
oRedParatroopa,816,240,000C43EB,0,1,1,4294967295,0,0
oRedParatroopa,992,256,003DA9A6,0,1,1,4294967295,0,0
oLakitu,1728,64,00035AA5,0,1,1,4294967295,0,0
oGoomba,1936,288,000506B5,0,1,1,4294967295,0,0
oGoomba,1968,208,00341291,0,1,1,4294967295,0,0
oHammerBro,1792,208,002CF9AB,0,1,1,4294967295,0,0
oFireBro,3392,224,0029F7A5,0,1,1,4294967295,0,0
oFireBro,3568,80,003E483C,0,1,1,4294967295,0,0
oLakitu,2752,80,002AE8A4,0,1,1,4294967295,0,0
oVolcanoLotus,3120,304,00364D25,0,1,1,4294967295,0,0
oHammerBro,2640,288,00376A10,0,1,1,4294967295,0,0
oHammerBro,2752,256,001A0F2D,0,1,1,4294967295,0,0
oRedParatroopa,4032,240,002A7C07,0,1,1,4294967295,0,0
oRedParatroopa,4256,224,000A331E,0,1,1,4294967295,0,0
oRedParatroopa,4448,256,0028403D,0,1,1,4294967295,0,0
oRedParatroopa,4624,224,002009C3,0,1,1,4294967295,0,0
oLakitu,4832,240,003F7974,0,1,1,4294967295,0,0
oLakitu,5232,64,00262C82,0,1,1,4294967295,0,0
oLakitu,5536,48,0012A7A7,0,1,1,4294967295,0,0
oHammerBro,5408,288,0028EFEB,0,1,1,4294967295,0,0
oVolcanoLotus,5216,288,002A78DB,0,1,1,4294967295,0,0
oRedParatroopa,6048,192,00142AE9,0,1,1,4294967295,0,0
oLakitu,6304,80,0039C17B,0,1,1,4294967295,0,0
oGoomba,5856,288,003BB4EF,0,1,1,4294967295,0,0
oVolcanoLotus,5600,256,0019F3C8,0,1,1,4294967295,0,0
oHammerBro,6016,288,00264270,0,1,1,4294967295,0,0
oRedParatroopa,7296,256,00398508,0,1,1,4294967295,0,0
oRedParatroopa,7568,176,00292285,0,1,1,4294967295,0,0
oRedParatroopa,7792,272,0021E449,0,1,1,4294967295,0,0
oVolcanoLotus,8400,256,002A4A0B,0,1,1,4294967295,0,0
oVolcanoLotus,8736,160,001D556F,0,1,1,4294967295,0,0
oVolcanoLotus,9056,256,00336EAD,0,1,1,4294967295,0,0
oLakitu,8240,64,0029F815,0,1,1,4294967295,0,0
oLakitu,9104,80,002E195A,0,1,1,4294967295,0,0
oFireBro,8496,176,0019D62A,0,1,1,4294967295,0,0
oFireBro,9168,176,00191819,0,1,1,4294967295,0,0
oHammerBro,8864,224,0033E75B,0,1,1,4294967295,0,0
oHammerBro,8224,224,000DD977,0,1,1,4294967295,0,0
oPlayer1,128,288,00375740,0,1,1,4294967295,0,0
oMarioLava,0,320,00151679,0,1,1,4294967295,0,1
oInvCollPH,0,80,000B21B4,0,1,1,4294967295,0,0
oInvCollPH,16,80,002A7CDC,0,1,1,4294967295,0,0
oInvCollPH,16,64,003CD7AF,0,1,1,4294967295,0,0
oInvCollPH,16,48,00119727,0,1,1,4294967295,0,0
oInvCollPH,32,32,003874A6,0,1,1,4294967295,0,0
oInvCollPH,48,32,0016E01A,0,1,1,4294967295,0,0
oInvCollPH,64,32,0014345E,0,1,1,4294967295,0,0
oInvCollPH,80,32,002CF5CC,0,1,1,4294967295,0,0
oInvCollPH,80,16,0022D3AF,0,1,1,4294967295,0,0
oInvCollPH,80,0,00167427,0,1,1,4294967295,0,0
oInvCollPH,160,16,002B6886,0,1,1,4294967295,0,0
oInvCollPH,160,32,00232098,0,1,1,4294967295,0,0
oInvCollPH,176,32,0016BECF,0,1,1,4294967295,0,0
oInvCollPH,288,32,00080A0C,0,1,1,4294967295,0,0
oInvCollPH,304,32,00127174,0,1,1,4294967295,0,0
oInvCollPH,304,16,0002E720,0,1,1,4294967295,0,0
oInvCollPH,304,0,003BE9AB,0,1,1,4294967295,0,0
oInvCollPH,192,64,0036963C,0,1,1,4294967295,0,0
oInvCollPH,192,80,0007A4F4,0,1,1,4294967295,0,0
oInvCollPH,208,80,001F93AD,0,1,1,4294967295,0,0
oInvCollPH,224,80,002F9511,0,1,1,4294967295,0,0
oInvCollPH,240,80,00212F9D,0,1,1,4294967295,0,0
oInvCollPH,256,80,0011778F,0,1,1,4294967295,0,0
oInvCollPH,272,80,0031D568,0,1,1,4294967295,0,0
oInvCollPH,272,64,003B5894,0,1,1,4294967295,0,0
oInvCollPH,272,48,000E654C,0,1,1,4294967295,0,0
oInvCollPH,320,240,0003B323,0,1,1,4294967295,0,0
oInvCollPH,336,240,0037E36A,0,1,1,4294967295,0,0
oInvCollPH,352,240,00070998,0,1,1,4294967295,0,0
oInvCollPH,368,240,00113F9F,0,1,1,4294967295,0,0
oInvCollPH,368,224,0018C9F8,0,1,1,4294967295,0,0
oInvCollPH,352,224,001F2E79,0,1,1,4294967295,0,0
oInvCollPH,336,224,00125981,0,1,1,4294967295,0,0
oInvCollPH,16,288,002FED7B,0,1,1,4294967295,0,0
oInvCollPH,32,288,001355F8,0,1,1,4294967295,0,0
oInvCollPH,64,288,001AAB28,0,1,1,4294967295,0,0
oInvCollPH,80,288,00105450,0,1,1,4294967295,0,0
oInvCollPH,96,288,003C22D6,0,1,1,4294967295,0,0
oInvCollPH,112,288,002EFB9B,0,1,1,4294967295,0,0
oInvCollPH,128,288,002C91AF,0,1,1,4294967295,0,0
oInvCollPH,144,288,003AC333,0,1,1,4294967295,0,0
oInvCollPH,160,288,002DEE7A,0,1,1,4294967295,0,0
oInvCollPH,176,288,002E0855,0,1,1,4294967295,0,0
oInvCollPH,192,288,002412EF,0,1,1,4294967295,0,0
oInvCollPH,208,288,0015D188,0,1,1,4294967295,0,0
oInvCollPH,224,288,00312626,0,1,1,4294967295,0,0
oInvCollPH,240,288,001BB45B,0,1,1,4294967295,0,0
oInvCollPH,240,304,003C508A,0,1,1,4294967295,0,0
oInvCollPH,240,320,003E1BA6,0,1,1,4294967295,0,0
oInvCollPH,240,336,0038E18E,0,1,1,4294967295,0,0
oInvCollPH,480,208,000F38A6,0,1,1,4294967295,0,0
oInvCollPH,496,208,00169709,0,1,1,4294967295,0,0
oInvCollPH,512,208,00311B6A,0,1,1,4294967295,0,0
oInvCollPH,528,208,00260CFB,0,1,1,4294967295,0,0
oInvCollPH,528,192,0029E614,0,1,1,4294967295,0,0
oInvCollPH,512,192,001112FF,0,1,1,4294967295,0,0
oInvCollPH,496,192,002F1668,0,1,1,4294967295,0,0
oInvCollPH,48,288,001BE138,0,1,1,4294967295,0,0
oInvCollPH,720,16,003A6930,0,1,1,4294967295,0,0
oInvCollPH,720,32,0003C59E,0,1,1,4294967295,0,0
oInvCollPH,720,48,002588F1,0,1,1,4294967295,0,0
oInvCollPH,720,64,0035AD8C,0,1,1,4294967295,0,0
oInvCollPH,720,80,000D48B1,0,1,1,4294967295,0,0
oInvCollPH,720,96,0036BBD9,0,1,1,4294967295,0,0
oInvCollPH,720,112,00130C7D,0,1,1,4294967295,0,0
oInvCollPH,736,112,0013AA49,0,1,1,4294967295,0,0
oInvCollPH,752,112,0025C8B5,0,1,1,4294967295,0,0
oInvCollPH,768,112,000CE4D9,0,1,1,4294967295,0,0
oInvCollPH,768,96,0013F8DD,0,1,1,4294967295,0,0
oInvCollPH,768,80,000EEAE5,0,1,1,4294967295,0,0
oInvCollPH,768,64,002949F8,0,1,1,4294967295,0,0
oInvCollPH,768,48,002D83AB,0,1,1,4294967295,0,0
oInvCollPH,768,32,001635EC,0,1,1,4294967295,0,0
oInvCollPH,768,16,0020C365,0,1,1,4294967295,0,0
oInvCollPH,768,0,00286F01,0,1,1,4294967295,0,0
oInvCollPH,1104,240,00028CA0,0,1,1,4294967295,0,0
oInvCollPH,1120,224,000685FB,0,1,1,4294967295,0,0
oInvCollPH,1136,224,00154E27,0,1,1,4294967295,0,0
oInvCollPH,1152,224,002452DE,0,1,1,4294967295,0,0
oInvCollPH,1152,240,000C73BF,0,1,1,4294967295,0,0
oInvCollPH,1136,240,003B977E,0,1,1,4294967295,0,0
oInvCollPH,1120,240,002754D9,0,1,1,4294967295,0,0
oInvCollPH,1312,288,001D2A9E,0,1,1,4294967295,0,0
oInvCollPH,1328,288,003C59C1,0,1,1,4294967295,0,0
oInvCollPH,1344,288,003B9CCC,0,1,1,4294967295,0,0
oInvCollPH,1296,304,0036DD3E,0,1,1,4294967295,0,0
oInvCollPH,1296,320,00200083,0,1,1,4294967295,0,0
oInvCollPH,1296,336,00214600,0,1,1,4294967295,0,0
oInvCollPH,1408,288,002082C9,0,1,1,4294967295,0,0
oInvCollPH,1392,288,0028E2A4,0,1,1,4294967295,0,0
oInvCollPH,1376,288,000D03E3,0,1,1,4294967295,0,0
oInvCollPH,1360,288,002CAB84,0,1,1,4294967295,0,0
oInvCollPH,1472,288,0008AA71,0,1,1,4294967295,0,0
oInvCollPH,1456,288,0036CC97,0,1,1,4294967295,0,0
oInvCollPH,1440,288,00233C56,0,1,1,4294967295,0,0
oInvCollPH,1424,288,000E700A,0,1,1,4294967295,0,0
oInvCollPH,1536,288,00392B8E,0,1,1,4294967295,0,0
oInvCollPH,1520,288,00328200,0,1,1,4294967295,0,0
oInvCollPH,1504,288,00233728,0,1,1,4294967295,0,0
oInvCollPH,1488,288,00067E53,0,1,1,4294967295,0,0
oInvCollPH,1600,288,00226E48,0,1,1,4294967295,0,0
oInvCollPH,1584,288,00051592,0,1,1,4294967295,0,0
oInvCollPH,1568,288,0002023F,0,1,1,4294967295,0,0
oInvCollPH,1552,288,00087610,0,1,1,4294967295,0,0
oInvCollPH,1616,272,001A3976,0,1,1,4294967295,0,0
oInvCollPH,1632,256,0012E5AC,0,1,1,4294967295,0,0
oInvCollPH,1632,272,002A29BD,0,1,1,4294967295,0,0
oInvCollPH,1648,288,001B74F7,0,1,1,4294967295,0,0
oInvCollPH,1664,288,0036AEA8,0,1,1,4294967295,0,0
oInvCollPH,1680,288,00370189,0,1,1,4294967295,0,0
oInvCollPH,1696,288,003490CD,0,1,1,4294967295,0,0
oInvCollPH,1712,288,000413A1,0,1,1,4294967295,0,0
oInvCollPH,1728,288,001E8C88,0,1,1,4294967295,0,0
oInvCollPH,1744,288,002F1632,0,1,1,4294967295,0,0
oInvCollPH,1760,288,002A90D8,0,1,1,4294967295,0,0
oInvCollPH,1776,288,00029099,0,1,1,4294967295,0,0
oInvCollPH,1792,288,003194ED,0,1,1,4294967295,0,0
oInvCollPH,1808,288,002D115C,0,1,1,4294967295,0,0
oInvCollPH,1824,288,00034FF8,0,1,1,4294967295,0,0
oInvCollPH,1840,288,001FF305,0,1,1,4294967295,0,0
oInvCollPH,1856,288,0017D3BB,0,1,1,4294967295,0,0
oInvCollPH,1872,288,00075926,0,1,1,4294967295,0,0
oInvCollPH,1888,288,002BEFB8,0,1,1,4294967295,0,0
oInvCollPH,1904,288,003A1A49,0,1,1,4294967295,0,0
oInvCollPH,1920,288,002E94E4,0,1,1,4294967295,0,0
oInvCollPH,1936,288,003A5368,0,1,1,4294967295,0,0
oInvCollPH,1952,288,003919D9,0,1,1,4294967295,0,0
oInvCollPH,1968,288,002FEE4A,0,1,1,4294967295,0,0
oInvCollPH,1984,288,0007E509,0,1,1,4294967295,0,0
oInvCollPH,2000,288,00165C7B,0,1,1,4294967295,0,0
oInvCollPH,2016,288,0036E902,0,1,1,4294967295,0,0
oInvCollPH,2032,288,003E106A,0,1,1,4294967295,0,0
oInvCollPH,2048,288,00028EB0,0,1,1,4294967295,0,0
oInvCollPH,2064,288,00169DC6,0,1,1,4294967295,0,0
oInvCollPH,2080,288,00282C8A,0,1,1,4294967295,0,0
oInvCollPH,2096,288,0036A698,0,1,1,4294967295,0,0
oInvCollPH,2112,288,004040C9,0,1,1,4294967295,0,0
oInvCollPH,2128,288,002FB573,0,1,1,4294967295,0,0
oInvCollPH,2144,288,00051E0E,0,1,1,4294967295,0,0
oInvCollPH,2160,288,001795DF,0,1,1,4294967295,0,0
oInvCollPH,2176,288,001CD531,0,1,1,4294967295,0,0
oInvCollPH,2176,304,00236ECB,0,1,1,4294967295,0,0
oInvCollPH,2176,320,00087E6B,0,1,1,4294967295,0,0
oInvCollPH,2176,336,0026849F,0,1,1,4294967295,0,0
oInvCollPH,1792,208,0032B3AF,0,1,1,4294967295,0,0
oInvCollPH,1952,208,0010BB98,0,1,1,4294967295,0,0
oInvCollPH,2176,272,00353C50,0,1,1,4294967295,0,0
oInvCollPH,2320,224,0028D9D2,0,1,1,4294967295,0,0
oInvCollPH,2320,240,00166215,0,1,1,4294967295,0,0
oInvCollPH,2320,256,002E7696,0,1,1,4294967295,0,0
oInvCollPH,2320,272,000399C0,0,1,1,4294967295,0,0
oInvCollPH,2336,288,0012FB6D,0,1,1,4294967295,0,0
oInvCollPH,2352,288,003E7B03,0,1,1,4294967295,0,0
oInvCollPH,2368,288,0004C851,0,1,1,4294967295,0,0
oInvCollPH,2384,288,00013807,0,1,1,4294967295,0,0
oInvCollPH,2400,288,001632FD,0,1,1,4294967295,0,0
oInvCollPH,2320,304,001CD5D7,0,1,1,4294967295,0,0
oInvCollPH,2320,320,0035DF3F,0,1,1,4294967295,0,0
oInvCollPH,2320,336,003F6668,0,1,1,4294967295,0,0
oInvCollPH,2416,288,0009CAD9,0,1,1,4294967295,0,0
oInvCollPH,2432,288,001C8CD0,0,1,1,4294967295,0,0
oInvCollPH,2448,288,00395D0F,0,1,1,4294967295,0,0
oInvCollPH,2464,288,00036472,0,1,1,4294967295,0,0
oInvCollPH,2480,288,00318CD0,0,1,1,4294967295,0,0
oInvCollPH,2496,288,00331A1B,0,1,1,4294967295,0,0
oInvCollPH,2496,304,00267950,0,1,1,4294967295,0,0
oInvCollPH,2496,320,0036A33B,0,1,1,4294967295,0,0
oInvCollPH,2496,336,002819B1,0,1,1,4294967295,0,0
oInvCollPH,2608,304,0004330D,0,1,1,4294967295,0,0
oInvCollPH,2608,320,000C8840,0,1,1,4294967295,0,0
oInvCollPH,2608,336,002719EF,0,1,1,4294967295,0,0
oInvCollPH,2624,288,00266364,0,1,1,4294967295,0,0
oInvCollPH,2640,288,00265875,0,1,1,4294967295,0,0
oInvCollPH,2688,256,00158C9D,0,1,1,4294967295,0,0
oInvCollPH,2704,256,00152530,0,1,1,4294967295,0,0
oInvCollPH,2720,256,00403742,0,1,1,4294967295,0,0
oInvCollPH,2736,256,0006FE2C,0,1,1,4294967295,0,0
oInvCollPH,2752,256,003E2011,0,1,1,4294967295,0,0
oInvCollPH,2768,256,0026CDE0,0,1,1,4294967295,0,0
oInvCollPH,2784,256,0033F074,0,1,1,4294967295,0,0
oInvCollPH,2784,272,00230577,0,1,1,4294967295,0,0
oInvCollPH,2784,288,000AFB3F,0,1,1,4294967295,0,0
oInvCollPH,2784,304,0005FA94,0,1,1,4294967295,0,0
oInvCollPH,2784,320,0014F19E,0,1,1,4294967295,0,0
oInvCollPH,2784,336,000A0E25,0,1,1,4294967295,0,0
oInvCollPH,1328,16,002B7F6C,0,1,1,4294967295,0,0
oInvCollPH,1328,32,00227867,0,1,1,4294967295,0,0
oInvCollPH,1344,32,001F3BC3,0,1,1,4294967295,0,0
oInvCollPH,1360,32,00231D8E,0,1,1,4294967295,0,0
oInvCollPH,1376,32,003B6502,0,1,1,4294967295,0,0
oInvCollPH,1392,32,0001031B,0,1,1,4294967295,0,0
oInvCollPH,1408,32,0037768C,0,1,1,4294967295,0,0
oInvCollPH,1408,16,002B0C63,0,1,1,4294967295,0,0
oInvCollPH,1408,0,003B3B10,0,1,1,4294967295,0,0
oInvCollPH,2016,16,000BBBD8,0,1,1,4294967295,0,0
oInvCollPH,2016,32,000EF128,0,1,1,4294967295,0,0
oInvCollPH,2032,32,00078E89,0,1,1,4294967295,0,0
oInvCollPH,2048,32,00228D70,0,1,1,4294967295,0,0
oInvCollPH,2064,32,003C99FD,0,1,1,4294967295,0,0
oInvCollPH,2080,32,001A7F24,0,1,1,4294967295,0,0
oInvCollPH,2096,32,0033DBBB,0,1,1,4294967295,0,0
oInvCollPH,2112,32,001B2FA7,0,1,1,4294967295,0,0
oInvCollPH,2128,32,00003838,0,1,1,4294967295,0,0
oInvCollPH,2144,32,0004414B,0,1,1,4294967295,0,0
oInvCollPH,2160,32,002FCD8D,0,1,1,4294967295,0,0
oInvCollPH,2176,32,00007F55,0,1,1,4294967295,0,0
oInvCollPH,2192,32,00107236,0,1,1,4294967295,0,0
oInvCollPH,2192,16,0006D2FE,0,1,1,4294967295,0,0
oInvCollPH,2192,0,0020DBD7,0,1,1,4294967295,0,0
oInvCollPH,2544,16,002EF9F1,0,1,1,4294967295,0,0
oInvCollPH,2544,32,003D8403,0,1,1,4294967295,0,0
oInvCollPH,2560,32,0015D9BF,0,1,1,4294967295,0,0
oInvCollPH,2576,32,00043765,0,1,1,4294967295,0,0
oInvCollPH,2592,32,0030789C,0,1,1,4294967295,0,0
oInvCollPH,2608,32,0031ABAA,0,1,1,4294967295,0,0
oInvCollPH,2624,32,001827EC,0,1,1,4294967295,0,0
oInvCollPH,2640,32,001544E9,0,1,1,4294967295,0,0
oInvCollPH,2656,32,00009A21,0,1,1,4294967295,0,0
oInvCollPH,2656,16,000C2070,0,1,1,4294967295,0,0
oInvCollPH,2656,0,00285FC6,0,1,1,4294967295,0,0
oInvCollPH,2880,256,00359481,0,1,1,4294967295,0,0
oInvCollPH,2976,288,0027B93A,0,1,1,4294967295,0,0
oInvCollPH,3072,304,000A0FD2,0,1,1,4294967295,0,0
oInvCollPH,3088,304,001564D8,0,1,1,4294967295,0,0
oInvCollPH,3104,304,00263142,0,1,1,4294967295,0,0
oInvCollPH,3120,304,002A6530,0,1,1,4294967295,0,0
oInvCollPH,3136,304,002DF9D6,0,1,1,4294967295,0,0
oInvCollPH,3152,304,001262F6,0,1,1,4294967295,0,0
oInvCollPH,3168,304,0016C31A,0,1,1,4294967295,0,0
oInvCollPH,3344,240,001891B0,0,1,1,4294967295,0,0
oInvCollPH,3360,240,002A8089,0,1,1,4294967295,0,0
oInvCollPH,3376,240,001BFB71,0,1,1,4294967295,0,0
oInvCollPH,3392,240,00371D82,0,1,1,4294967295,0,0
oInvCollPH,3392,224,001046CD,0,1,1,4294967295,0,0
oInvCollPH,3376,224,00231EC7,0,1,1,4294967295,0,0
oInvCollPH,3360,224,00118986,0,1,1,4294967295,0,0
oInvCollPH,3200,32,003A5088,0,1,1,4294967295,0,0
oInvCollPH,3216,32,0035778A,0,1,1,4294967295,0,0
oInvCollPH,3232,32,000B9AC9,0,1,1,4294967295,0,0
oInvCollPH,3248,32,00277AC4,0,1,1,4294967295,0,0
oInvCollPH,3264,32,003283BD,0,1,1,4294967295,0,0
oInvCollPH,3280,32,002BC882,0,1,1,4294967295,0,0
oInvCollPH,3296,32,002C6B66,0,1,1,4294967295,0,0
oInvCollPH,3312,32,0019DD88,0,1,1,4294967295,0,0
oInvCollPH,3312,16,001F8599,0,1,1,4294967295,0,0
oInvCollPH,3312,0,00169BF8,0,1,1,4294967295,0,0
oInvCollPH,3136,16,00206F6F,0,1,1,4294967295,0,0
oInvCollPH,3136,32,00264890,0,1,1,4294967295,0,0
oInvCollPH,3136,48,001CA72E,0,1,1,4294967295,0,0
oInvCollPH,3136,64,002F1C37,0,1,1,4294967295,0,0
oInvCollPH,3136,80,00181B5D,0,1,1,4294967295,0,0
oInvCollPH,3136,96,000DDEBE,0,1,1,4294967295,0,0
oInvCollPH,3136,112,00068E26,0,1,1,4294967295,0,0
oInvCollPH,3136,128,00076CEE,0,1,1,4294967295,0,0
oInvCollPH,3136,144,000CA3C0,0,1,1,4294967295,0,0
oInvCollPH,3136,160,001B38BC,0,1,1,4294967295,0,0
oInvCollPH,3136,176,002C059E,0,1,1,4294967295,0,0
oInvCollPH,3152,176,003F0E3F,0,1,1,4294967295,0,0
oInvCollPH,3168,176,001B6EEA,0,1,1,4294967295,0,0
oInvCollPH,3184,176,00351E71,0,1,1,4294967295,0,0
oInvCollPH,3184,160,003DA782,0,1,1,4294967295,0,0
oInvCollPH,3184,144,0015117A,0,1,1,4294967295,0,0
oInvCollPH,3184,128,000CA352,0,1,1,4294967295,0,0
oInvCollPH,3184,112,0039F582,0,1,1,4294967295,0,0
oInvCollPH,3184,96,002BE2A1,0,1,1,4294967295,0,0
oInvCollPH,3184,80,0018A33A,0,1,1,4294967295,0,0
oInvCollPH,3184,64,00073570,0,1,1,4294967295,0,0
oInvCollPH,3184,48,000AAE4F,0,1,1,4294967295,0,0
oInvCollPH,3072,288,00088490,0,1,1,4294967295,0,0
oInvCollPH,3168,288,003C0BD6,0,1,1,4294967295,0,0
oInvCollPH,3520,80,001F20E7,0,1,1,4294967295,0,0
oInvCollPH,3552,80,002A4D5C,0,1,1,4294967295,0,0
oInvCollPH,3584,80,001D7E30,0,1,1,4294967295,0,0
oInvCollPH,3536,80,001CD8AF,0,1,1,4294967295,0,0
oInvCollPH,3568,80,003AB6EB,0,1,1,4294967295,0,0
oInvCollPH,3600,80,0013277D,0,1,1,4294967295,0,0
oInvCollPH,3616,80,00057982,0,1,1,4294967295,0,0
oInvCollPH,3728,256,002FFC75,0,1,1,4294967295,0,0
oInvCollPH,3744,256,003CF266,0,1,1,4294967295,0,0
oInvCollPH,3760,256,0001464A,0,1,1,4294967295,0,0
oInvCollPH,3760,272,00394DFF,0,1,1,4294967295,0,0
oInvCollPH,3744,272,0002D06A,0,1,1,4294967295,0,0
oInvCollPH,3728,272,000A8E7F,0,1,1,4294967295,0,0
oInvCollPH,3712,272,00309794,0,1,1,4294967295,0,0
oInvCollPH,3824,16,0038DF58,0,1,1,4294967295,0,0
oInvCollPH,3824,32,002FDBFA,0,1,1,4294967295,0,0
oInvCollPH,3824,48,000C8026,0,1,1,4294967295,0,0
oInvCollPH,3824,64,00342D4F,0,1,1,4294967295,0,0
oInvCollPH,3824,80,0003218E,0,1,1,4294967295,0,0
oInvCollPH,3840,80,00338233,0,1,1,4294967295,0,0
oInvCollPH,3856,80,002E59C8,0,1,1,4294967295,0,0
oInvCollPH,3872,80,003CD7EA,0,1,1,4294967295,0,0
oInvCollPH,3872,64,002B36B3,0,1,1,4294967295,0,0
oInvCollPH,3872,48,0037D3E7,0,1,1,4294967295,0,0
oInvCollPH,3872,32,00345E46,0,1,1,4294967295,0,0
oInvCollPH,3872,16,00107E2A,0,1,1,4294967295,0,0
oInvCollPH,3872,0,002D0D48,0,1,1,4294967295,0,0
oInvCollPH,4064,16,002FF7B7,0,1,1,4294967295,0,0
oInvCollPH,4064,32,0025FABD,0,1,1,4294967295,0,0
oInvCollPH,4064,48,00296C91,0,1,1,4294967295,0,0
oInvCollPH,4064,64,00016DDB,0,1,1,4294967295,0,0
oInvCollPH,4064,80,001FF126,0,1,1,4294967295,0,0
oInvCollPH,4080,80,000ED34A,0,1,1,4294967295,0,0
oInvCollPH,4096,80,0007136E,0,1,1,4294967295,0,0
oInvCollPH,4112,80,00373229,0,1,1,4294967295,0,0
oInvCollPH,4112,64,00060E65,0,1,1,4294967295,0,0
oInvCollPH,4112,48,002A96F1,0,1,1,4294967295,0,0
oInvCollPH,4112,32,00165671,0,1,1,4294967295,0,0
oInvCollPH,4112,16,002C3495,0,1,1,4294967295,0,0
oInvCollPH,4112,0,002DDBDD,0,1,1,4294967295,0,0
oInvCollPH,4288,16,001D13A3,0,1,1,4294967295,0,0
oInvCollPH,4288,32,0017515B,0,1,1,4294967295,0,0
oInvCollPH,4288,48,002CD822,0,1,1,4294967295,0,0
oInvCollPH,4288,64,000EA81B,0,1,1,4294967295,0,0
oInvCollPH,4288,80,0016E431,0,1,1,4294967295,0,0
oInvCollPH,4304,80,000588DF,0,1,1,4294967295,0,0
oInvCollPH,4320,80,003EA46F,0,1,1,4294967295,0,0
oInvCollPH,4336,80,00346AC4,0,1,1,4294967295,0,0
oInvCollPH,4336,64,00130214,0,1,1,4294967295,0,0
oInvCollPH,4336,48,002F17BC,0,1,1,4294967295,0,0
oInvCollPH,4336,32,0028A99B,0,1,1,4294967295,0,0
oInvCollPH,4336,16,00298A9C,0,1,1,4294967295,0,0
oInvCollPH,4336,0,000DFE18,0,1,1,4294967295,0,0
oInvCollPH,4480,16,003F59D7,0,1,1,4294967295,0,0
oInvCollPH,4480,32,003C4F00,0,1,1,4294967295,0,0
oInvCollPH,4480,48,000D4A9A,0,1,1,4294967295,0,0
oInvCollPH,4480,64,00249319,0,1,1,4294967295,0,0
oInvCollPH,4480,80,000C7C9F,0,1,1,4294967295,0,0
oInvCollPH,4496,80,000E9392,0,1,1,4294967295,0,0
oInvCollPH,4512,80,001640AD,0,1,1,4294967295,0,0
oInvCollPH,4528,80,0006ED9B,0,1,1,4294967295,0,0
oInvCollPH,4528,64,00392422,0,1,1,4294967295,0,0
oInvCollPH,4528,48,002AAAC2,0,1,1,4294967295,0,0
oInvCollPH,4528,32,00099252,0,1,1,4294967295,0,0
oInvCollPH,4528,16,000D6E36,0,1,1,4294967295,0,0
oInvCollPH,4528,0,0035329B,0,1,1,4294967295,0,0
oInvCollPH,4816,208,001FF1B2,0,1,1,4294967295,0,0
oInvCollPH,4816,224,00395CD7,0,1,1,4294967295,0,0
oInvCollPH,4816,240,000D19A1,0,1,1,4294967295,0,0
oInvCollPH,4816,256,0008D46A,0,1,1,4294967295,0,0
oInvCollPH,4816,272,001DD99B,0,1,1,4294967295,0,0
oInvCollPH,4832,272,0021F6F3,0,1,1,4294967295,0,0
oInvCollPH,4848,272,003A6615,0,1,1,4294967295,0,0
oInvCollPH,4864,272,003C27F0,0,1,1,4294967295,0,0
oInvCollPH,4864,256,0005AD1B,0,1,1,4294967295,0,0
oInvCollPH,4864,240,0005C70D,0,1,1,4294967295,0,0
oInvCollPH,4864,224,00185E30,0,1,1,4294967295,0,0
oInvCollPH,4864,208,00069D43,0,1,1,4294967295,0,0
oInvCollPH,4864,192,00314CA1,0,1,1,4294967295,0,0
oInvCollPH,4848,192,003449C1,0,1,1,4294967295,0,0
oInvCollPH,4832,192,001BDA51,0,1,1,4294967295,0,0
oInvCollPH,4944,272,0004B870,0,1,1,4294967295,0,0
oInvCollPH,4944,288,0019D68D,0,1,1,4294967295,0,0
oInvCollPH,4944,304,003AF1D3,0,1,1,4294967295,0,0
oInvCollPH,4944,320,003BA21D,0,1,1,4294967295,0,0
oInvCollPH,4944,336,0031E7A2,0,1,1,4294967295,0,0
oInvCollPH,4960,256,00155B7B,0,1,1,4294967295,0,0
oInvCollPH,4976,256,00273F1B,0,1,1,4294967295,0,0
oInvCollPH,4992,256,001B5663,0,1,1,4294967295,0,0
oInvCollPH,4992,272,002DB83D,0,1,1,4294967295,0,0
oInvCollPH,4992,288,001EDB8D,0,1,1,4294967295,0,0
oInvCollPH,4992,304,002EEE8A,0,1,1,4294967295,0,0
oInvCollPH,4992,320,0024C094,0,1,1,4294967295,0,0
oInvCollPH,4992,336,00141152,0,1,1,4294967295,0,0
oInvCollPH,5072,304,00291F9E,0,1,1,4294967295,0,0
oInvCollPH,5072,320,0002A920,0,1,1,4294967295,0,0
oInvCollPH,5072,336,00138196,0,1,1,4294967295,0,0
oInvCollPH,5088,288,0013C088,0,1,1,4294967295,0,0
oInvCollPH,5104,288,000A8F26,0,1,1,4294967295,0,0
oInvCollPH,5120,288,002F9650,0,1,1,4294967295,0,0
oInvCollPH,5136,288,0035AE0E,0,1,1,4294967295,0,0
oInvCollPH,5152,288,001B7385,0,1,1,4294967295,0,0
oInvCollPH,5168,288,001D1CE6,0,1,1,4294967295,0,0
oInvCollPH,5184,288,0022CE94,0,1,1,4294967295,0,0
oInvCollPH,5200,288,000B5D9E,0,1,1,4294967295,0,0
oInvCollPH,5216,288,0022FC8D,0,1,1,4294967295,0,0
oInvCollPH,5232,288,002EE629,0,1,1,4294967295,0,0
oInvCollPH,5248,288,00278A78,0,1,1,4294967295,0,0
oInvCollPH,5264,288,000BB880,0,1,1,4294967295,0,0
oInvCollPH,5280,288,002C6A9D,0,1,1,4294967295,0,0
oInvCollPH,5296,288,002E62E1,0,1,1,4294967295,0,0
oInvCollPH,5312,288,000BC7B3,0,1,1,4294967295,0,0
oInvCollPH,5312,304,002926F3,0,1,1,4294967295,0,0
oInvCollPH,5312,320,003D34D3,0,1,1,4294967295,0,0
oInvCollPH,5312,336,00144C00,0,1,1,4294967295,0,0
oInvCollPH,5360,304,002F728A,0,1,1,4294967295,0,0
oInvCollPH,5360,320,0003701E,0,1,1,4294967295,0,0
oInvCollPH,5360,336,00338DCD,0,1,1,4294967295,0,0
oInvCollPH,5376,288,001B68B1,0,1,1,4294967295,0,0
oInvCollPH,5392,288,0014969F,0,1,1,4294967295,0,0
oInvCollPH,5408,288,002E1D11,0,1,1,4294967295,0,0
oInvCollPH,5424,288,003BB98D,0,1,1,4294967295,0,0
oInvCollPH,5440,288,0013ECD5,0,1,1,4294967295,0,0
oInvCollPH,5456,288,0001CC99,0,1,1,4294967295,0,0
oInvCollPH,5616,288,003D531B,0,1,1,4294967295,0,0
oInvCollPH,5632,288,0036853B,0,1,1,4294967295,0,0
oInvCollPH,5648,288,003410A4,0,1,1,4294967295,0,0
oInvCollPH,5664,288,000B920D,0,1,1,4294967295,0,0
oInvCollPH,5680,288,0027752A,0,1,1,4294967295,0,0
oInvCollPH,5712,288,0036458B,0,1,1,4294967295,0,0
oInvCollPH,5728,288,00112A78,0,1,1,4294967295,0,0
oInvCollPH,5728,304,0033A77A,0,1,1,4294967295,0,0
oInvCollPH,5728,320,000D0C3E,0,1,1,4294967295,0,0
oInvCollPH,5728,336,00030FB4,0,1,1,4294967295,0,0
oInvCollPH,6144,288,00050C5B,0,1,1,4294967295,0,0
oInvCollPH,6160,288,0017C09A,0,1,1,4294967295,0,0
oInvCollPH,6176,288,000FD0B9,0,1,1,4294967295,0,0
oInvCollPH,6192,288,002BFD30,0,1,1,4294967295,0,0
oInvCollPH,6208,288,00091C60,0,1,1,4294967295,0,0
oInvCollPH,6208,304,003CD0E0,0,1,1,4294967295,0,0
oInvCollPH,6208,320,002FCA7C,0,1,1,4294967295,0,0
oInvCollPH,6128,304,002AC57E,0,1,1,4294967295,0,0
oInvCollPH,6128,320,000C7890,0,1,1,4294967295,0,0
oInvCollPH,6128,336,00358FA0,0,1,1,4294967295,0,0
oInvCollPH,6208,336,0000CB81,0,1,1,4294967295,0,0
oInvCollPH,5952,288,00056102,0,1,1,4294967295,0,0
oInvCollPH,5968,288,0001034C,0,1,1,4294967295,0,0
oInvCollPH,5984,288,0003CBD7,0,1,1,4294967295,0,0
oInvCollPH,6000,288,0003AC16,0,1,1,4294967295,0,0
oInvCollPH,6016,288,00237899,0,1,1,4294967295,0,0
oInvCollPH,6016,304,000F6500,0,1,1,4294967295,0,0
oInvCollPH,6016,320,00331766,0,1,1,4294967295,0,0
oInvCollPH,6016,336,00151E0C,0,1,1,4294967295,0,0
oInvCollPH,5808,304,00396299,0,1,1,4294967295,0,0
oInvCollPH,5808,320,003FFD1C,0,1,1,4294967295,0,0
oInvCollPH,5808,336,000BB79B,0,1,1,4294967295,0,0
oInvCollPH,5824,288,0003A3E6,0,1,1,4294967295,0,0
oInvCollPH,5840,288,00103311,0,1,1,4294967295,0,0
oInvCollPH,5856,288,000D6B14,0,1,1,4294967295,0,0
oInvCollPH,5888,288,001CE261,0,1,1,4294967295,0,0
oInvCollPH,5888,304,003EC2F1,0,1,1,4294967295,0,0
oInvCollPH,5888,320,002B9611,0,1,1,4294967295,0,0
oInvCollPH,5888,336,00002125,0,1,1,4294967295,0,0
oInvCollPH,5936,304,00174DA7,0,1,1,4294967295,0,0
oInvCollPH,5936,320,001C00E7,0,1,1,4294967295,0,0
oInvCollPH,5936,336,000F4041,0,1,1,4294967295,0,0
oInvCollPH,6128,224,0034A261,0,1,1,4294967295,0,0
oInvCollPH,6128,240,000AB6A8,0,1,1,4294967295,0,0
oInvCollPH,6128,256,003F901A,0,1,1,4294967295,0,0
oInvCollPH,6128,272,001D4A1E,0,1,1,4294967295,0,0
oInvCollPH,5488,240,0006CFD7,0,1,1,4294967295,0,0
oInvCollPH,5696,256,00265F0B,0,1,1,4294967295,0,0
oInvCollPH,5696,272,0006A5F5,0,1,1,4294967295,0,0
oInvCollPH,5872,240,001ADB3C,0,1,1,4294967295,0,0
oInvCollPH,5872,256,00315A5B,0,1,1,4294967295,0,0
oInvCollPH,5872,272,0000033F,0,1,1,4294967295,0,0
oInvCollPH,5504,256,003277C8,0,1,1,4294967295,0,0
oInvCollPH,5520,256,0008093D,0,1,1,4294967295,0,0
oInvCollPH,5536,256,002A2879,0,1,1,4294967295,0,0
oInvCollPH,5552,256,001FA91B,0,1,1,4294967295,0,0
oInvCollPH,5568,256,003E24EB,0,1,1,4294967295,0,0
oInvCollPH,5584,256,003BF437,0,1,1,4294967295,0,0
oInvCollPH,5600,256,002C62C1,0,1,1,4294967295,0,0
oInvCollPH,5600,272,00092315,0,1,1,4294967295,0,0
oInvCollPH,6384,256,0004A0CE,0,1,1,4294967295,0,0
oInvCollPH,6384,272,0007E50B,0,1,1,4294967295,0,0
oInvCollPH,6384,304,0036AE58,0,1,1,4294967295,0,0
oInvCollPH,6384,320,001C3942,0,1,1,4294967295,0,0
oInvCollPH,6384,336,0011E5DB,0,1,1,4294967295,0,0
oInvCollPH,6400,288,003E5A04,0,1,1,4294967295,0,0
oInvCollPH,6416,288,000C553F,0,1,1,4294967295,0,0
oInvCollPH,6432,288,0034E407,0,1,1,4294967295,0,0
oInvCollPH,6448,288,001609D1,0,1,1,4294967295,0,0
oInvCollPH,6464,288,0033BA1E,0,1,1,4294967295,0,0
oInvCollPH,6480,288,00369C53,0,1,1,4294967295,0,0
oInvCollPH,6496,288,0008C759,0,1,1,4294967295,0,0
oInvCollPH,6496,304,0003DC6A,0,1,1,4294967295,0,0
oInvCollPH,6496,320,000FC5DA,0,1,1,4294967295,0,0
oInvCollPH,6496,336,0039099B,0,1,1,4294967295,0,0
oInvCollPH,8000,272,00139D67,0,1,1,4294967295,0,0
oInvCollPH,8016,272,0035FFB9,0,1,1,4294967295,0,0
oInvCollPH,8032,272,00065B33,0,1,1,4294967295,0,0
oInvCollPH,8048,272,00325B9F,0,1,1,4294967295,0,0
oInvCollPH,8048,256,0003BF78,0,1,1,4294967295,0,0
oInvCollPH,8032,256,0007F69D,0,1,1,4294967295,0,0
oInvCollPH,8016,256,0024C633,0,1,1,4294967295,0,0
oInvCollPH,8208,224,002E322A,0,1,1,4294967295,0,0
oInvCollPH,8224,224,00302494,0,1,1,4294967295,0,0
oInvCollPH,8240,224,00402FC9,0,1,1,4294967295,0,0
oInvCollPH,8240,240,00253AAE,0,1,1,4294967295,0,0
oInvCollPH,8224,240,001AB677,0,1,1,4294967295,0,0
oInvCollPH,8208,240,00206C06,0,1,1,4294967295,0,0
oInvCollPH,8192,240,003C1AEC,0,1,1,4294967295,0,0
oInvCollPH,8384,256,00224690,0,1,1,4294967295,0,0
oInvCollPH,8400,256,0009C2EB,0,1,1,4294967295,0,0
oInvCollPH,8416,256,000DA3BB,0,1,1,4294967295,0,0
oInvCollPH,8416,272,003CFE7D,0,1,1,4294967295,0,0
oInvCollPH,8400,272,003C8549,0,1,1,4294967295,0,0
oInvCollPH,8384,272,0017D4FD,0,1,1,4294967295,0,0
oInvCollPH,8368,272,002CDF80,0,1,1,4294967295,0,0
oInvCollPH,8480,176,002FDDC7,0,1,1,4294967295,0,0
oInvCollPH,8496,176,003346CD,0,1,1,4294967295,0,0
oInvCollPH,8512,176,00113797,0,1,1,4294967295,0,0
oInvCollPH,8512,192,001A7728,0,1,1,4294967295,0,0
oInvCollPH,8496,192,000C467C,0,1,1,4294967295,0,0
oInvCollPH,8480,192,0006D8AF,0,1,1,4294967295,0,0
oInvCollPH,8464,192,002889E0,0,1,1,4294967295,0,0
oInvCollPH,8560,288,001F092D,0,1,1,4294967295,0,0
oInvCollPH,8576,288,0029998B,0,1,1,4294967295,0,0
oInvCollPH,8592,288,003E3AE5,0,1,1,4294967295,0,0
oInvCollPH,8608,288,000E9E8E,0,1,1,4294967295,0,0
oInvCollPH,8608,272,0035F375,0,1,1,4294967295,0,0
oInvCollPH,8592,272,003C2DDD,0,1,1,4294967295,0,0
oInvCollPH,8576,272,000A8B2C,0,1,1,4294967295,0,0
oInvCollPH,8720,160,00032F05,0,1,1,4294967295,0,0
oInvCollPH,8736,160,0026FEEC,0,1,1,4294967295,0,0
oInvCollPH,8752,160,0011EDB2,0,1,1,4294967295,0,0
oInvCollPH,8752,176,00212A54,0,1,1,4294967295,0,0
oInvCollPH,8736,176,0022E7E3,0,1,1,4294967295,0,0
oInvCollPH,8720,176,001D26B0,0,1,1,4294967295,0,0
oInvCollPH,8704,176,003DB0B8,0,1,1,4294967295,0,0
oInvCollPH,8848,224,000821BD,0,1,1,4294967295,0,0
oInvCollPH,8864,224,0017A7A8,0,1,1,4294967295,0,0
oInvCollPH,8880,224,00095C95,0,1,1,4294967295,0,0
oInvCollPH,8880,240,0002765F,0,1,1,4294967295,0,0
oInvCollPH,8864,240,0022D3B3,0,1,1,4294967295,0,0
oInvCollPH,8848,240,002682FB,0,1,1,4294967295,0,0
oInvCollPH,8832,240,00221AF0,0,1,1,4294967295,0,0
oInvCollPH,9024,272,00190E4C,0,1,1,4294967295,0,0
oInvCollPH,9040,272,0035A6F1,0,1,1,4294967295,0,0
oInvCollPH,9056,272,00300BE6,0,1,1,4294967295,0,0
oInvCollPH,9072,272,002EB3A5,0,1,1,4294967295,0,0
oInvCollPH,9072,256,00343208,0,1,1,4294967295,0,0
oInvCollPH,9056,256,0000C82B,0,1,1,4294967295,0,0
oInvCollPH,9040,256,000F68C0,0,1,1,4294967295,0,0
oInvCollPH,9152,176,0024E46E,0,1,1,4294967295,0,0
oInvCollPH,9168,176,0032D690,0,1,1,4294967295,0,0
oInvCollPH,9184,176,002B4EEE,0,1,1,4294967295,0,0
oInvCollPH,9184,192,002B29E9,0,1,1,4294967295,0,0
oInvCollPH,9168,192,0032F2E0,0,1,1,4294967295,0,0
oInvCollPH,9152,192,0018C605,0,1,1,4294967295,0,0
oInvCollPH,9136,192,000A7648,0,1,1,4294967295,0,0
oInvCollPH,9312,272,00305E70,0,1,1,4294967295,0,0
oInvCollPH,9312,288,00297FF3,0,1,1,4294967295,0,0
oInvCollPH,9312,304,000F071F,0,1,1,4294967295,0,0
oInvCollPH,9312,320,0002469E,0,1,1,4294967295,0,0
oInvCollPH,9312,336,0035E7FA,0,1,1,4294967295,0,0
oInvCollPH,9328,256,00228D41,0,1,1,4294967295,0,0
oInvCollPH,9344,256,000EF57D,0,1,1,4294967295,0,0
oInvCollPH,9360,256,0039763E,0,1,1,4294967295,0,0
oInvCollPH,9376,256,00125C05,0,1,1,4294967295,0,0
oInvCollPH,9392,256,002E3B32,0,1,1,4294967295,0,0
oInvCollPH,9392,272,00301F7B,0,1,1,4294967295,0,0
oInvCollPH,9424,288,0038A073,0,1,1,4294967295,0,0
oInvCollPH,9440,288,0006F18B,0,1,1,4294967295,0,0
oInvCollPH,9456,288,00217CFE,0,1,1,4294967295,0,0
oInvCollPH,9488,288,001E4348,0,1,1,4294967295,0,0
oInvCollPH,9504,288,001889A2,0,1,1,4294967295,0,0
oInvCollPH,9520,288,002B9B10,0,1,1,4294967295,0,0
oInvCollPH,9536,288,0032821F,0,1,1,4294967295,0,0
oInvCollPH,9552,288,00110A30,0,1,1,4294967295,0,0
oInvCollPH,9568,288,002F0593,0,1,1,4294967295,0,0
oInvCollPH,9584,288,001CFA21,0,1,1,4294967295,0,0
oInvCollPH,9472,288,001B4A5D,0,1,1,4294967295,0,0
oInvCollPH,7568,304,002909CF,0,1,1,4294967295,0,0
oInvCollPH,7568,320,003EA223,0,1,1,4294967295,0,0
oInvCollPH,7568,336,003CA381,0,1,1,4294967295,0,0
oInvCollPH,7728,304,001114C7,0,1,1,4294967295,0,0
oInvCollPH,7728,320,002B3EAD,0,1,1,4294967295,0,0
oInvCollPH,7728,336,003E6907,0,1,1,4294967295,0,0
oInvCollPH,7888,272,001DCC59,0,1,1,4294967295,0,0
oInvCollPH,7888,288,0027DC1E,0,1,1,4294967295,0,0
oInvCollPH,7888,304,00229762,0,1,1,4294967295,0,0
oInvCollPH,7888,320,0019CB54,0,1,1,4294967295,0,0
oInvCollPH,7888,336,001405ED,0,1,1,4294967295,0,0
oInvCollPH,7712,16,000F06CA,0,1,1,4294967295,0,0
oInvCollPH,7712,32,003CB446,0,1,1,4294967295,0,0
oInvCollPH,7712,48,001D9E0C,0,1,1,4294967295,0,0
oInvCollPH,7712,64,001C95CF,0,1,1,4294967295,0,0
oInvCollPH,7712,80,00236368,0,1,1,4294967295,0,0
oInvCollPH,7712,96,0009075B,0,1,1,4294967295,0,0
oInvCollPH,7712,112,0012ED8B,0,1,1,4294967295,0,0
oInvCollPH,7712,128,0035F67C,0,1,1,4294967295,0,0
oInvCollPH,7712,144,001D4AF9,0,1,1,4294967295,0,0
oInvCollPH,7712,160,0014A68F,0,1,1,4294967295,0,0
oInvCollPH,7712,176,001E1953,0,1,1,4294967295,0,0
oInvCollPH,7168,304,00021DD4,0,1,1,4294967295,0,0
oInvCollPH,7168,320,003B590B,0,1,1,4294967295,0,0
oInvCollPH,7168,336,00236770,0,1,1,4294967295,0,0
oInvCollPH,7312,288,00254349,0,1,1,4294967295,0,0
oInvCollPH,7312,304,000F5037,0,1,1,4294967295,0,0
oInvCollPH,7312,320,00241687,0,1,1,4294967295,0,0
oInvCollPH,7312,336,003A4377,0,1,1,4294967295,0,0
oInvCollPH,7440,224,001A433E,0,1,1,4294967295,0,0
oInvCollPH,7440,240,002E06D5,0,1,1,4294967295,0,0
oInvCollPH,7440,256,00027B0C,0,1,1,4294967295,0,0
oInvCollPH,7440,272,0035D563,0,1,1,4294967295,0,0
oInvCollPH,7440,288,001416FC,0,1,1,4294967295,0,0
oInvCollPH,7440,304,0005D8A4,0,1,1,4294967295,0,0
oInvCollPH,7440,320,001012B9,0,1,1,4294967295,0,0
oInvCollPH,7440,336,0039009E,0,1,1,4294967295,0,0
oInvCollPH,7232,16,0003ACB4,0,1,1,4294967295,0,0
oInvCollPH,7232,32,003FF952,0,1,1,4294967295,0,0
oInvCollPH,7232,48,00085001,0,1,1,4294967295,0,0
oInvCollPH,7232,64,001567F5,0,1,1,4294967295,0,0
oInvCollPH,7232,80,003616E8,0,1,1,4294967295,0,0
oInvCollPH,7232,96,000CEC44,0,1,1,4294967295,0,0
oInvCollPH,7232,112,000B186D,0,1,1,4294967295,0,0
oInvCollPH,7232,128,00259634,0,1,1,4294967295,0,0
oInvCollPH,6960,240,0006267F,0,1,1,4294967295,0,0
oInvCollPH,6960,256,00232691,0,1,1,4294967295,0,0
oInvCollPH,6960,272,0030C32A,0,1,1,4294967295,0,0
oInvCollPH,6960,288,000DED52,0,1,1,4294967295,0,0
oInvCollPH,6960,304,0036A96A,0,1,1,4294967295,0,0
oInvCollPH,6960,320,002E4D91,0,1,1,4294967295,0,0
oInvCollPH,6976,272,001ACFF2,0,1,1,4294967295,0,0
oInvCollPH,6976,288,000A5BD4,0,1,1,4294967295,0,0
oInvCollPH,6976,304,00148CB0,0,1,1,4294967295,0,0
oInvCollPH,6976,320,001F6FF4,0,1,1,4294967295,0,0
oInvCollPH,6960,336,00194B05,0,1,1,4294967295,0,0
oInvCollPH,6976,336,0014CB1A,0,1,1,4294967295,0,0
oInvCollPH,6816,288,003798F0,0,1,1,4294967295,0,0
oInvCollPH,6816,304,00229C3D,0,1,1,4294967295,0,0
oInvCollPH,6816,320,00223B58,0,1,1,4294967295,0,0
oInvCollPH,6816,336,00376685,0,1,1,4294967295,0,0
oInvCollPH,6640,288,002BCD20,0,1,1,4294967295,0,0
oInvCollPH,6640,304,00174E7D,0,1,1,4294967295,0,0
oInvCollPH,6640,320,0021ED83,0,1,1,4294967295,0,0
oInvCollPH,6640,336,00352DC7,0,1,1,4294967295,0,0
oInvCollPH,6656,272,00328B48,0,1,1,4294967295,0,0
oInvCollPH,6656,288,00277985,0,1,1,4294967295,0,0
oInvCollPH,6656,304,0032D8F0,0,1,1,4294967295,0,0
oInvCollPH,6656,320,001F49E2,0,1,1,4294967295,0,0
oInvCollPH,6656,336,0018453F,0,1,1,4294967295,0,0
oInvCollPH,16,192,003B8793,0,1,1,4294967295,0,0
oInvCollPH,32,192,0023DF78,0,1,1,4294967295,0,0
oInvCollPH,48,192,0020330A,0,1,1,4294967295,0,0
oInvCollPH,48,208,0003EB2B,0,1,1,4294967295,0,0
oInvCollPH,32,208,003FEF2F,0,1,1,4294967295,0,0
oInvCollPH,16,208,00069E5F,0,1,1,4294967295,0,0
oInvCollPH,0,208,0027FDE5,0,1,1,4294967295,0,0
oInvisibleSolid,0,0,000D8B54,0,1,1,4294967295,0,1
oInvisibleSolid,0,48,001C8BD4,0,1,1,4294967295,0,1
oInvisibleSolid,160,0,00011DBF,0,1,1,4294967295,0,1
oInvisibleSolid,192,48,003BEE18,0,1,1,4294967295,0,1
oInvisibleSolid,320,224,00056C35,0,1,1,4294967295,0,1
oInvisibleSolid,0,288,0029E4F2,0,1,1,4294967295,0,1
oInvisibleSolid,0,336,001875AA,0,1,1,4294967295,0,1
oInvisibleSolid,480,192,0000C736,0,1,1,4294967295,0,1
oInvisibleSolid,720,0,00001A11,0,1,1,4294967295,0,1
oInvisibleSolid,1104,224,0034C1D3,0,1,1,4294967295,0,1
oInvisibleSolid,1296,288,00062A0F,0,1,1,4294967295,0,1
oInvisibleSolid,1616,256,002E5EFC,0,1,1,4294967295,0,1
oInvisibleSolid,1632,240,00072727,0,1,1,4294967295,0,1
oInvisibleSolid,1776,208,002C81CA,0,1,1,4294967295,0,1
oInvisibleSolid,1936,208,0026D793,0,1,1,4294967295,0,1
oInvisibleSolid,2320,288,002C01E2,0,1,1,4294967295,0,1
oInvisibleSolid,2176,256,0018FF99,0,1,1,4294967295,0,1
oInvisibleSolid,2320,208,000A4EA8,0,1,1,4294967295,0,1
oInvisibleSolid,2608,288,000D3783,0,1,1,4294967295,0,1
oInvisibleSolid,2672,256,0013F912,0,1,1,4294967295,0,1
oInvisibleSolid,1328,0,000B2B3B,0,1,1,4294967295,0,1
oInvisibleSolid,2016,0,00094A5D,0,1,1,4294967295,0,1
oInvisibleSolid,2544,0,00178EFB,0,1,1,4294967295,0,1
oInvisibleSolid,3136,0,00011A5F,0,1,1,4294967295,0,1
oInvisibleSolid,3200,0,002EB7F7,0,1,1,4294967295,0,1
oInvisibleSolid,3344,224,00247CED,0,1,1,4294967295,0,1
oInvisibleSolid,2864,256,0022B691,0,1,1,4294967295,0,1
oInvisibleSolid,2960,288,00012010,0,1,1,4294967295,0,1
oInvisibleSolid,3056,304,0026F13C,0,1,1,4294967295,0,1
oInvisibleSolid,3056,288,001AE7FD,0,1,1,4294967295,0,1
oInvisibleSolid,3152,288,001B06F7,0,1,1,4294967295,0,1
oInvisibleSolid,3504,80,00121D05,0,1,1,4294967295,0,1
oInvisibleSolid,2656,272,003A2A9A,0,1,1,4294967295,0,0
oInvisibleSolid,3712,256,0008D0C1,0,1,1,4294967295,0,1
oInvisibleSolid,3824,0,0033B1AE,0,1,1,4294967295,0,1
oInvisibleSolid,4064,0,002A190D,0,1,1,4294967295,0,1
oInvisibleSolid,4288,0,00174443,0,1,1,4294967295,0,1
oInvisibleSolid,4480,0,003BEC80,0,1,1,4294967295,0,1
oInvisibleSolid,4816,192,00381F8B,0,1,1,4294967295,0,1
oInvisibleSolid,4944,256,00345844,0,1,1,4294967295,0,1
oInvisibleSolid,5072,288,0039EDC4,0,1,1,4294967295,0,1
oInvisibleSolid,5360,288,001E585B,0,1,1,4294967295,0,1
oInvisibleSolid,5488,256,003E6F11,0,1,1,4294967295,0,1
oInvisibleSolid,5808,288,00222F37,0,1,1,4294967295,0,1
oInvisibleSolid,5936,288,003598CA,0,1,1,4294967295,0,1
oInvisibleSolid,6128,288,000B0D5D,0,1,1,4294967295,0,1
oInvisibleSolid,6208,272,003A7C40,0,1,1,4294967295,0,0
oInvisibleSolid,6128,208,0027BAC0,0,1,1,4294967295,0,1
oInvisibleSolid,5872,224,001AA89D,0,1,1,4294967295,0,1
oInvisibleSolid,5696,240,002F6ACA,0,1,1,4294967295,0,1
oInvisibleSolid,5488,224,00272CD1,0,1,1,4294967295,0,1
oInvisibleSolid,5472,272,001326FA,0,1,1,4294967295,0,0
oInvisibleSolid,6384,288,0037BD0E,0,1,1,4294967295,0,1
oInvisibleSolid,6384,240,000B72CD,0,1,1,4294967295,0,1
oInvisibleSolid,9312,256,002E0568,0,1,1,4294967295,0,1
oInvisibleSolid,9408,288,002A8B81,0,1,1,4294967295,0,1
oInvisibleSolid,9136,176,0028D425,0,1,1,4294967295,0,1
oInvisibleSolid,9024,256,00319224,0,1,1,4294967295,0,1
oInvisibleSolid,8832,224,00138724,0,1,1,4294967295,0,1
oInvisibleSolid,8704,160,00005CBA,0,1,1,4294967295,0,1
oInvisibleSolid,8560,272,0035C739,0,1,1,4294967295,0,1
oInvisibleSolid,8464,176,001F95BC,0,1,1,4294967295,0,1
oInvisibleSolid,8368,256,003E3F79,0,1,1,4294967295,0,1
oInvisibleSolid,8192,224,00091E0A,0,1,1,4294967295,0,1
oInvisibleSolid,8000,256,0003D1CD,0,1,1,4294967295,0,1
oInvisibleSolid,7888,256,002C7E58,0,1,1,4294967295,0,1
oInvisibleSolid,7712,0,00130C0A,0,1,1,4294967295,0,1
oInvisibleSolid,7728,288,003690D2,0,1,1,4294967295,0,1
oInvisibleSolid,7568,288,000B1C33,0,1,1,4294967295,0,1
oInvisibleSolid,7440,208,0016EA9A,0,1,1,4294967295,0,1
oInvisibleSolid,7312,272,0008A2F3,0,1,1,4294967295,0,1
oInvisibleSolid,7232,0,0031A88F,0,1,1,4294967295,0,1
oInvisibleSolid,7168,288,000DD457,0,1,1,4294967295,0,1
oInvisibleSolid,6976,256,0009FC87,0,1,1,4294967295,0,1
oInvisibleSolid,6960,224,002C880F,0,1,1,4294967295,0,1
oInvisibleSolid,6816,272,003AD0E6,0,1,1,4294967295,0,1
oInvisibleSolid,6656,256,0025189A,0,1,1,4294967295,0,1
oInvisibleSolid,6640,272,0011471F,0,1,1,4294967295,0,1
oInvisibleSolid,0,192,0000E8D5,0,1,1,4294967295,0,1
oBillBlaster,1624,256,001547B1,0,1,1,4294967295,0,0
oBillBlaster,1640,240,00397251,0,1,1,4294967295,0,0
oBillBlaster,2184,256,0001B7DF,0,1,1,4294967295,0,0
oBillBlaster,2328,208,00161E1D,0,1,1,4294967295,0,0
oBillBlaster,2664,272,002ECBDB,0,1,1,4294967295,0,0
oBillBlaster,6392,240,0006257A,0,1,1,4294967295,0,0
oBillBlaster,6216,272,002F3548,0,1,1,4294967295,0,0
oBillBlaster,6136,208,000356D1,0,1,1,4294967295,0,0
oBillBlaster,5880,224,00115C48,0,1,1,4294967295,0,0
oBillBlaster,5704,240,00131F51,0,1,1,4294967295,0,0
oBillBlaster,5496,224,00360332,0,1,1,4294967295,0,0
oBillBlaster,5480,272,001C7F61,0,1,1,4294967295,0,0
oBillBlaster,6648,272,0018D52A,0,1,1,4294967295,0,0
oBillBlaster,6664,256,00402270,0,1,1,4294967295,0,0
oBillBlaster,6824,272,00335FBE,0,1,1,4294967295,0,0
oBillBlaster,6968,224,0005B024,0,1,1,4294967295,0,0
oBillBlaster,6984,256,003FD608,0,1,1,4294967295,0,0
oBillBlaster,7240,128,00137744,0,1,1,4294967295,0,0
oBillBlaster,7176,288,0020E759,0,1,1,4294967295,0,0
oBillBlaster,7320,272,002FC302,0,1,1,4294967295,0,0
oBillBlaster,7448,208,002008E6,0,1,1,4294967295,0,0
oBillBlaster,7576,288,00382CE9,0,1,1,4294967295,0,0
oBillBlaster,7736,288,0000036D,0,1,1,4294967295,0,0
oBillBlaster,7720,176,00196406,0,1,1,4294967295,0,0
oBillBlaster,7896,256,000288AE,0,1,1,4294967295,0,0
