oExit,0,256,003DE0D1,0,1,1,4294967295,0,1
oExit,2384,208,00246654,0,1,1,4294967295,0,1
oPlatformString,640,224,000B0081,0,1,1,4294967295,0,1
oPlatformString,336,224,003483B4,0,1,1,4294967295,0,1
oCirclePlatform,544,224,003617F4,0,1,1,4294967295,0,1
oCirclePlatform,704,224,0028DB7F,0,1,1,4294967295,0,1
oCirclePlatform,240,224,002BBB8D,0,1,1,4294967295,0,1
oCirclePlatform,400,224,00076DDF,0,1,1,4294967295,0,1
oMovingTrap,320,80,00336DE8,0,1,1,4294967295,0,1
oMovingTrap,368,336,00112305,0,1,1,4294967295,0,1
oMovingTrap,624,336,0025490B,0,1,1,4294967295,0,1
oMovingTrap,672,80,0006DAA5,0,1,1,4294967295,0,1
oMovingTrap,496,192,001410DE,0,1,1,4294967295,0,1
oMovingTrap,1968,208,00259A59,0,1,1,4294967295,0,1
oMovingTrap,1536,80,00175E0C,0,1,1,4294967295,0,1
oMovingTrap,1792,256,000F68D2,0,1,1,4294967295,0,1
oZapTrap,1040,64,00162F8D,0,1,1,4294967295,0,1
oCrushingSpike,1184,80,0009BFD5,0,1,1,4294967295,0,0
oCrushingSpike,2016,80,0029D390,0,1,1,4294967295,0,0
oCrushingSpike,2144,80,0027EFDC,0,1,1,4294967295,0,0
oPlatformBreak1,880,160,0027A49D,0,1,1,4294967295,0,0
oPlatformBreak1,912,160,00187269,0,1,1,4294967295,0,0
oPlatformBreak1,1136,240,00306582,0,1,1,4294967295,0,0
oPlatformBreak1,1168,240,00303C93,0,1,1,4294967295,0,0
oLatchCrystal,1328,192,001E231B,0,1,1,4294967295,0,0
oLatchCrystal,1456,160,00105DDA,0,1,1,4294967295,0,0
oLatchCrystal,1600,192,00064FC0,0,1,1,4294967295,0,0
oLatchCrystal,1712,160,003811CB,0,1,1,4294967295,0,0
oLatchCrystal,1856,192,002C2A37,0,1,1,4294967295,0,0
oPlatformBreak1,1952,224,00235592,0,1,1,4294967295,0,0
oPlatformBreak1,1984,224,0019039D,0,1,1,4294967295,0,0
oPlatformBreak1,2016,224,0018B4B6,0,1,1,4294967295,0,0
oPlatformBreak1,2048,224,001BBBAA,0,1,1,4294967295,0,0
oPlatformBreak1,2080,224,002BA12C,0,1,1,4294967295,0,0
oPlatformBreak1,2112,224,0020953C,0,1,1,4294967295,0,0
oPlatformBreak1,2144,224,00214F50,0,1,1,4294967295,0,0
oPlatformBreak1,2176,224,002F8650,0,1,1,4294967295,0,0
oPlayer1,48,288,003ECB2A,0,1,1,4294967295,0,0
oInvCollPH,16,288,0027B8F3,0,1,1,4294967295,0,0
oInvCollPH,32,288,0014029B,0,1,1,4294967295,0,0
oInvCollPH,48,288,0024C9C7,0,1,1,4294967295,0,0
oInvCollPH,64,288,003818DE,0,1,1,4294967295,0,0
oInvCollPH,80,288,002E4208,0,1,1,4294967295,0,0
oInvCollPH,96,288,00319428,0,1,1,4294967295,0,0
oInvCollPH,112,288,003504CC,0,1,1,4294967295,0,0
oInvCollPH,48,64,0037E379,0,1,1,4294967295,0,0
oInvCollPH,48,80,000EFC84,0,1,1,4294967295,0,0
oInvCollPH,48,96,0011F790,0,1,1,4294967295,0,0
oInvCollPH,48,112,00220431,0,1,1,4294967295,0,0
oInvCollPH,48,128,0020A0F4,0,1,1,4294967295,0,0
oInvCollPH,48,144,00206775,0,1,1,4294967295,0,0
oInvCollPH,48,160,00221B40,0,1,1,4294967295,0,0
oInvCollPH,48,176,002FA868,0,1,1,4294967295,0,0
oInvCollPH,48,192,002EF8AE,0,1,1,4294967295,0,0
oInvCollPH,48,208,00148A8E,0,1,1,4294967295,0,0
oInvCollPH,32,208,0023AEFF,0,1,1,4294967295,0,0
oInvCollPH,16,208,00361B51,0,1,1,4294967295,0,0
oInvCollPH,0,208,0014FF4C,0,1,1,4294967295,0,0
oInvCollPH,64,48,00337BE9,0,1,1,4294967295,0,0
oInvCollPH,80,48,0027FEA8,0,1,1,4294967295,0,0
oInvCollPH,96,48,000F1920,0,1,1,4294967295,0,0
oInvCollPH,112,48,00177FE2,0,1,1,4294967295,0,0
oInvCollPH,128,48,001227E4,0,1,1,4294967295,0,0
oInvCollPH,144,48,00046995,0,1,1,4294967295,0,0
oInvCollPH,128,288,002BF6A8,0,1,1,4294967295,0,0
oInvCollPH,144,288,0033E3B8,0,1,1,4294967295,0,0
oInvCollPH,144,304,00023262,0,1,1,4294967295,0,0
oInvCollPH,144,320,0016A075,0,1,1,4294967295,0,0
oInvCollPH,144,336,003102A5,0,1,1,4294967295,0,0
oInvCollPH,2336,80,002CEB7A,0,1,1,4294967295,0,0
oInvCollPH,2336,96,003C5F99,0,1,1,4294967295,0,0
oInvCollPH,2336,112,00382CE7,0,1,1,4294967295,0,0
oInvCollPH,2336,128,000A3954,0,1,1,4294967295,0,0
oInvCollPH,2336,144,0028DAA0,0,1,1,4294967295,0,0
oInvCollPH,2336,160,001F2356,0,1,1,4294967295,0,0
oInvCollPH,2352,160,0017D82A,0,1,1,4294967295,0,0
oInvCollPH,2368,160,0034A547,0,1,1,4294967295,0,0
oInvCollPH,2384,160,001A199D,0,1,1,4294967295,0,0
oInvCollPH,2288,240,002B4F4A,0,1,1,4294967295,0,0
oInvCollPH,2304,240,003B1D3E,0,1,1,4294967295,0,0
oInvCollPH,2320,240,000A17D9,0,1,1,4294967295,0,0
oInvCollPH,2336,240,003FE05C,0,1,1,4294967295,0,0
oInvCollPH,2352,240,002E8E69,0,1,1,4294967295,0,0
oInvCollPH,2368,240,0036D011,0,1,1,4294967295,0,0
oInvCollPH,2384,240,00351473,0,1,1,4294967295,0,0
oInvCollPH,2272,256,0016F2BD,0,1,1,4294967295,0,0
oInvCollPH,2272,272,0029FD19,0,1,1,4294967295,0,0
oInvCollPH,2272,288,000891C1,0,1,1,4294967295,0,0
oInvCollPH,2272,304,0031C6DC,0,1,1,4294967295,0,0
oInvCollPH,2272,320,002A61E1,0,1,1,4294967295,0,0
oInvCollPH,2272,336,00077CE5,0,1,1,4294967295,0,0
oInvCollPH,160,48,003F40B6,0,1,1,4294967295,0,0
oInvCollPH,176,48,00255FF0,0,1,1,4294967295,0,0
oInvCollPH,192,48,003804DD,0,1,1,4294967295,0,0
oInvCollPH,208,48,0006E546,0,1,1,4294967295,0,0
oInvCollPH,224,48,003490DD,0,1,1,4294967295,0,0
oInvCollPH,240,48,0013122D,0,1,1,4294967295,0,0
oInvCollPH,256,48,003AFCEB,0,1,1,4294967295,0,0
oInvCollPH,272,48,0031521E,0,1,1,4294967295,0,0
oInvCollPH,288,48,0011BC95,0,1,1,4294967295,0,0
oInvCollPH,304,48,0032A0CB,0,1,1,4294967295,0,0
oInvCollPH,320,48,002B116E,0,1,1,4294967295,0,0
oInvCollPH,336,48,0017259B,0,1,1,4294967295,0,0
oInvCollPH,352,48,002FCA4A,0,1,1,4294967295,0,0
oInvCollPH,368,48,001265CB,0,1,1,4294967295,0,0
oInvCollPH,384,48,000BE751,0,1,1,4294967295,0,0
oInvCollPH,400,48,0008BC58,0,1,1,4294967295,0,0
oInvCollPH,416,48,000445DF,0,1,1,4294967295,0,0
oInvCollPH,432,48,001608A5,0,1,1,4294967295,0,0
oInvCollPH,448,48,00326766,0,1,1,4294967295,0,0
oInvCollPH,464,48,00104656,0,1,1,4294967295,0,0
oInvCollPH,480,48,003EB642,0,1,1,4294967295,0,0
oInvCollPH,496,48,00035459,0,1,1,4294967295,0,0
oInvCollPH,512,48,00398897,0,1,1,4294967295,0,0
oInvCollPH,528,48,00188DE0,0,1,1,4294967295,0,0
oInvCollPH,544,48,000DE7E5,0,1,1,4294967295,0,0
oInvCollPH,560,48,0037B9D8,0,1,1,4294967295,0,0
oInvCollPH,576,48,000AC971,0,1,1,4294967295,0,0
oInvCollPH,592,48,001B9E94,0,1,1,4294967295,0,0
oInvCollPH,608,48,0027DE44,0,1,1,4294967295,0,0
oInvCollPH,624,48,00108F53,0,1,1,4294967295,0,0
oInvCollPH,640,48,003329EC,0,1,1,4294967295,0,0
oInvCollPH,656,48,00128AFC,0,1,1,4294967295,0,0
oInvCollPH,672,48,00161C33,0,1,1,4294967295,0,0
oInvCollPH,688,48,003A6506,0,1,1,4294967295,0,0
oInvCollPH,704,48,0001D29D,0,1,1,4294967295,0,0
oInvCollPH,720,48,002B9B01,0,1,1,4294967295,0,0
oInvCollPH,736,48,000FB4D2,0,1,1,4294967295,0,0
oInvCollPH,752,48,000E4BC5,0,1,1,4294967295,0,0
oInvCollPH,768,48,001D186F,0,1,1,4294967295,0,0
oInvCollPH,784,48,000EEAAF,0,1,1,4294967295,0,0
oInvCollPH,800,48,003070EE,0,1,1,4294967295,0,0
oInvCollPH,816,48,0027D05A,0,1,1,4294967295,0,0
oInvCollPH,832,48,000AD90A,0,1,1,4294967295,0,0
oInvCollPH,848,48,003AFA83,0,1,1,4294967295,0,0
oInvCollPH,864,48,001AF001,0,1,1,4294967295,0,0
oInvCollPH,880,48,002D6DF3,0,1,1,4294967295,0,0
oInvCollPH,896,48,001037ED,0,1,1,4294967295,0,0
oInvCollPH,912,48,003393EC,0,1,1,4294967295,0,0
oInvCollPH,928,48,00163CF0,0,1,1,4294967295,0,0
oInvCollPH,944,48,002C48D4,0,1,1,4294967295,0,0
oInvCollPH,960,48,0004EE9A,0,1,1,4294967295,0,0
oInvCollPH,976,48,0017855B,0,1,1,4294967295,0,0
oInvCollPH,992,48,002F9EFB,0,1,1,4294967295,0,0
oInvCollPH,1008,48,0019BB5C,0,1,1,4294967295,0,0
oInvCollPH,1024,48,0024BAEA,0,1,1,4294967295,0,0
oInvCollPH,1040,48,0032F7E8,0,1,1,4294967295,0,0
oInvCollPH,1056,48,003E2942,0,1,1,4294967295,0,0
oInvCollPH,1072,48,0026CC08,0,1,1,4294967295,0,0
oInvCollPH,1088,48,00284B54,0,1,1,4294967295,0,0
oInvCollPH,1104,48,0025D049,0,1,1,4294967295,0,0
oInvCollPH,1120,48,00029E58,0,1,1,4294967295,0,0
oInvCollPH,1136,48,001F6688,0,1,1,4294967295,0,0
oInvCollPH,1152,48,002CB580,0,1,1,4294967295,0,0
oInvCollPH,1168,48,0001D0AB,0,1,1,4294967295,0,0
oInvCollPH,1184,48,002DB085,0,1,1,4294967295,0,0
oInvCollPH,1200,48,00081CAF,0,1,1,4294967295,0,0
oInvCollPH,1216,48,00003FA6,0,1,1,4294967295,0,0
oInvCollPH,1232,48,00256A95,0,1,1,4294967295,0,0
oInvCollPH,1248,48,0026F9D0,0,1,1,4294967295,0,0
oInvCollPH,1264,48,00242C8E,0,1,1,4294967295,0,0
oInvCollPH,1280,48,00279DC8,0,1,1,4294967295,0,0
oInvCollPH,1296,48,003E6E6D,0,1,1,4294967295,0,0
oInvCollPH,1312,48,00052BD3,0,1,1,4294967295,0,0
oInvCollPH,1328,48,0002BDC2,0,1,1,4294967295,0,0
oInvCollPH,1344,48,0039F247,0,1,1,4294967295,0,0
oInvCollPH,1360,48,00216C61,0,1,1,4294967295,0,0
oInvCollPH,1376,48,003A8513,0,1,1,4294967295,0,0
oInvCollPH,1392,48,003F250D,0,1,1,4294967295,0,0
oInvCollPH,1408,48,0015F9AB,0,1,1,4294967295,0,0
oInvCollPH,1424,48,001AC661,0,1,1,4294967295,0,0
oInvCollPH,1440,48,001032A8,0,1,1,4294967295,0,0
oInvCollPH,1456,48,00186A4F,0,1,1,4294967295,0,0
oInvCollPH,1472,48,00005A79,0,1,1,4294967295,0,0
oInvCollPH,1488,48,001F24A5,0,1,1,4294967295,0,0
oInvCollPH,1504,48,003E970A,0,1,1,4294967295,0,0
oInvCollPH,1520,48,00366757,0,1,1,4294967295,0,0
oInvCollPH,1536,48,0017B843,0,1,1,4294967295,0,0
oInvCollPH,1552,48,000A712F,0,1,1,4294967295,0,0
oInvCollPH,1568,48,000C9652,0,1,1,4294967295,0,0
oInvCollPH,1584,48,00317DB0,0,1,1,4294967295,0,0
oInvCollPH,1600,48,0013DA24,0,1,1,4294967295,0,0
oInvCollPH,1616,48,003091EA,0,1,1,4294967295,0,0
oInvCollPH,1632,48,00035F43,0,1,1,4294967295,0,0
oInvCollPH,1648,48,00275754,0,1,1,4294967295,0,0
oInvCollPH,1664,48,0035C10C,0,1,1,4294967295,0,0
oInvCollPH,1680,48,0025E4F8,0,1,1,4294967295,0,0
oInvCollPH,1696,48,001138F2,0,1,1,4294967295,0,0
oInvCollPH,1712,48,000E8BF8,0,1,1,4294967295,0,0
oInvCollPH,1728,48,00086170,0,1,1,4294967295,0,0
oInvCollPH,1744,48,00378F5E,0,1,1,4294967295,0,0
oInvCollPH,1760,48,00076625,0,1,1,4294967295,0,0
oInvCollPH,1776,48,0005AC33,0,1,1,4294967295,0,0
oInvCollPH,1792,48,00383034,0,1,1,4294967295,0,0
oInvCollPH,1808,48,000C0B5D,0,1,1,4294967295,0,0
oInvCollPH,1824,48,00261221,0,1,1,4294967295,0,0
oInvCollPH,1840,48,003B9503,0,1,1,4294967295,0,0
oInvCollPH,1856,48,00130532,0,1,1,4294967295,0,0
oInvCollPH,1872,48,0026246A,0,1,1,4294967295,0,0
oInvCollPH,1888,48,001DC275,0,1,1,4294967295,0,0
oInvCollPH,1904,48,0017EF95,0,1,1,4294967295,0,0
oInvCollPH,1920,48,001BE5F0,0,1,1,4294967295,0,0
oInvCollPH,1936,48,00252187,0,1,1,4294967295,0,0
oInvCollPH,1952,48,00337203,0,1,1,4294967295,0,0
oInvCollPH,1968,48,0014C8C1,0,1,1,4294967295,0,0
oInvCollPH,1984,48,002B2207,0,1,1,4294967295,0,0
oInvCollPH,2000,48,002FFF82,0,1,1,4294967295,0,0
oInvCollPH,2016,48,001BC4B6,0,1,1,4294967295,0,0
oInvCollPH,2032,48,002FDB75,0,1,1,4294967295,0,0
oInvCollPH,2048,48,002FFCE9,0,1,1,4294967295,0,0
oInvCollPH,2064,48,001001C7,0,1,1,4294967295,0,0
oInvCollPH,2080,48,003CFC8C,0,1,1,4294967295,0,0
oInvCollPH,2096,48,0010F02A,0,1,1,4294967295,0,0
oInvCollPH,2112,48,002431DF,0,1,1,4294967295,0,0
oInvCollPH,2128,48,000ADD77,0,1,1,4294967295,0,0
oInvCollPH,2144,48,00189D65,0,1,1,4294967295,0,0
oInvCollPH,2160,48,00362430,0,1,1,4294967295,0,0
oInvCollPH,2176,48,002BE892,0,1,1,4294967295,0,0
oInvCollPH,2192,48,0035829F,0,1,1,4294967295,0,0
oInvCollPH,2208,48,002BBA3C,0,1,1,4294967295,0,0
oInvCollPH,2224,48,00230E44,0,1,1,4294967295,0,0
oInvCollPH,2240,48,00372293,0,1,1,4294967295,0,0
oInvCollPH,2256,48,00390D5A,0,1,1,4294967295,0,0
oInvCollPH,2272,48,0012E139,0,1,1,4294967295,0,0
oInvCollPH,2288,48,001CA89D,0,1,1,4294967295,0,0
oInvCollPH,2304,48,000FB1ED,0,1,1,4294967295,0,0
oInvCollPH,2320,48,0035456D,0,1,1,4294967295,0,0
oInvisibleSolid,0,288,003F9290,0,1,1,4294967295,0,1
oInvisibleSolid,0,64,0025FAB8,0,1,1,4294967295,0,1
oInvisibleSolid,0,0,003B2C21,0,1,1,4294967295,0,1
oInvisibleSolid,2272,240,00009B20,0,1,1,4294967295,0,1
oInvisibleSolid,2336,64,0006340E,0,1,1,4294967295,0,1
