oExit,0,640,002B0079,0,1,1,4294967295,0,1
oExit,0,256,0010EDA0,0,1,1,4294967295,0,1
oExit,0,128,00310756,0,1,1,4294967295,0,1
oExit,1408,592,002D224F,0,1,1,4294967295,0,1
oExit,1408,224,0038F8F0,0,1,1,4294967295,0,1
oExit,776,272,0037AADD,0,1,1,4294967295,0,1
oABubblePile,872,608,001B555B,0,1,1,4294967295,0,0
oWaterSwitch,592,592,002706CF,0,1,1,4294967295,0,1
oWaterSwitch,1328,88,0006E6D5,0,1,1,4294967295,0,1
oWaterFloatPlatform,320,384,0007A3D3,0,1,1,4294967295,0,0
oWaterFloatPlatform,368,384,0030FF6E,0,1,1,4294967295,0,0
oWaterFloatPlatform,416,384,00154B15,0,1,1,4294967295,0,0
oWaterFloatPlatform,912,384,00131516,0,1,1,4294967295,0,0
oZeldaBreakPot,648,640,003230BE,0,1,1,4294967295,0,0
oZeldaBreakPot,1104,256,003FF5F9,0,1,1,4294967295,0,0
oSmallJumper,352,624,00377B3A,0,1,1,4294967295,0,0
oLargeJumper,420,536,002409C2,0,1,1,4294967295,0,0
oLargeJumper,1064,600,003CC3B2,0,1,1,4294967295,0,0
oLargeJumper,1184,600,000A65D9,0,1,1,4294967295,0,0
oAquaticDemon,304,592,004035FE,0,1,1,4294967295,0,0
oAquaticDemon,1136,592,002A28A6,0,1,1,4294967295,0,0
oCyclopsBat,400,112,0001D8ED,0,1,1,4294967295,0,0
oCyclopsBat,528,240,000FE7B9,0,1,1,4294967295,0,0
oCyclopsBat,736,528,003BB8E2,0,1,1,4294967295,0,0
oSkullFish,1120,208,00274F1E,0,1,1,4294967295,0,0
oSkullFish,864,576,0013F83C,0,1,1,4294967295,0,0
oGreenOrc,1056,240,0004A8F8,0,1,1,4294967295,0,0
oGreenSlime,656,656,0027C711,0,1,1,4294967295,0,0
oPlayer1,48,288,00147DB3,0,1,1,4294967295,0,0
oSpikeZone,256,656,0014BE0E,0,1,1,4294967295,0,0
oSpikeZone,272,656,001B4A8D,0,1,1,4294967295,0,0
oSpikeZone,288,656,0019FF25,0,1,1,4294967295,0,0
oSpikeZone,304,656,000CDF19,0,1,1,4294967295,0,0
oSpikeZone,400,592,0028AD1E,0,1,1,4294967295,0,0
oSpikeZone,400,624,000AC919,0,1,1,4294967295,0,0
oSpikeZone,1040,480,001EB122,0,1,1,4294967295,0,0
oSpikeZone,1056,480,00146F37,0,1,1,4294967295,0,0
oSpikeZone,1072,480,0034D8B8,0,1,1,4294967295,0,0
oSpikeZone,1088,480,00142FC4,0,1,1,4294967295,0,0
oSpikeZone,1104,480,000B76DB,0,1,1,4294967295,0,0
oSpikeZone,1120,480,0021FD55,0,1,1,4294967295,0,0
oSpikeZone,1136,480,002D0EE5,0,1,1,4294967295,0,0
oSpikeZone,1152,480,0012ABAE,0,1,1,4294967295,0,0
oSpikeZone,1168,480,00117206,0,1,1,4294967295,0,0
oSpikeZone,1184,480,0003E9A7,0,1,1,4294967295,0,0
oSpikeZone,1200,480,00390E41,0,1,1,4294967295,0,0
oSpikeZone,1216,480,002810CF,0,1,1,4294967295,0,0
oSpikeZone,1104,624,0001C7C9,0,1,1,4294967295,0,0
oSpikeZone,1120,624,0020C586,0,1,1,4294967295,0,0
oSpikeZone,1136,624,00280780,0,1,1,4294967295,0,0
oSpikeZone,1152,624,003D7EDF,0,1,1,4294967295,0,0
oSpikeZone,1152,288,0000E287,0,1,1,4294967295,0,0
oSpikeZone,1168,288,000C09B5,0,1,1,4294967295,0,0
oSpikeZone,1184,288,00204A73,0,1,1,4294967295,0,0
oSpikeZone,1200,288,00269E7B,0,1,1,4294967295,0,0
oSpikeZone,656,304,0018C6F6,0,1,1,4294967295,0,0
oSpikeZone,672,304,001A1731,0,1,1,4294967295,0,0
oSpikeZone,688,304,001AE9CE,0,1,1,4294967295,0,0
oSpikeZone,704,304,001A6D23,0,1,1,4294967295,0,0
oSpikeZone,256,32,00091A29,0,1,1,4294967295,0,0
oSpikeZone,272,32,00213BAC,0,1,1,4294967295,0,0
oSpikeZone,288,32,002AB389,0,1,1,4294967295,0,0
oSpikeZone,304,32,0011FC15,0,1,1,4294967295,0,0
oSpikeZone,320,32,00292661,0,1,1,4294967295,0,0
oSpikeZone,336,32,00232185,0,1,1,4294967295,0,0
oSpikeZone,352,32,00133AD1,0,1,1,4294967295,0,0
oSpikeZone,368,32,003A6A6F,0,1,1,4294967295,0,0
oSpikeZone,384,32,0009BB92,0,1,1,4294967295,0,0
oSpikeZone,400,32,001999AA,0,1,1,4294967295,0,0
oSpikeZone,416,32,0016CCB4,0,1,1,4294967295,0,0
oSpikeZone,432,32,00315614,0,1,1,4294967295,0,0
oSpikeZone,448,32,001576AC,0,1,1,4294967295,0,0
oSpikeZone,464,32,002B2932,0,1,1,4294967295,0,0
oSpikeZone,480,32,00070425,0,1,1,4294967295,0,0
oSpikeZone,496,32,001A2BF0,0,1,1,4294967295,0,0
oWaterVolume,0,368,001FACF4,0,1,1,4294967295,0,1
oInvCollPH,0,80,0019098F,0,1,1,4294967295,0,0
oInvCollPH,16,80,003B0B97,0,1,1,4294967295,0,0
oInvCollPH,32,80,00238A3C,0,1,1,4294967295,0,0
oInvCollPH,48,80,002EE4D9,0,1,1,4294967295,0,0
oInvCollPH,48,64,000BFFFC,0,1,1,4294967295,0,0
oInvCollPH,48,48,0015B692,0,1,1,4294967295,0,0
oInvCollPH,192,656,00299303,0,1,1,4294967295,0,0
oInvCollPH,208,640,00160A4B,0,1,1,4294967295,0,0
oInvCollPH,224,640,003030C5,0,1,1,4294967295,0,0
oInvCollPH,240,640,00212A84,0,1,1,4294967295,0,0
oInvCollPH,240,656,00310066,0,1,1,4294967295,0,0
oInvCollPH,16,672,0005C7D8,0,1,1,4294967295,0,0
oInvCollPH,32,672,00241085,0,1,1,4294967295,0,0
oInvCollPH,48,672,0006796B,0,1,1,4294967295,0,0
oInvCollPH,64,672,0004111C,0,1,1,4294967295,0,0
oInvCollPH,80,672,000ABCEA,0,1,1,4294967295,0,0
oInvCollPH,96,672,000F7E67,0,1,1,4294967295,0,0
oInvCollPH,112,672,0008B794,0,1,1,4294967295,0,0
oInvCollPH,128,672,000EA8F3,0,1,1,4294967295,0,0
oInvCollPH,144,672,0001472B,0,1,1,4294967295,0,0
oInvCollPH,160,672,00024307,0,1,1,4294967295,0,0
oInvCollPH,176,672,002C08AC,0,1,1,4294967295,0,0
oInvCollPH,256,672,0020E9D4,0,1,1,4294967295,0,0
oInvCollPH,272,672,0015F8C7,0,1,1,4294967295,0,0
oInvCollPH,288,672,000FB246,0,1,1,4294967295,0,0
oInvCollPH,304,672,000AFF34,0,1,1,4294967295,0,0
oInvCollPH,400,576,0017BAB6,0,1,1,4294967295,0,0
oInvCollPH,416,560,0037F173,0,1,1,4294967295,0,0
oInvCollPH,432,560,002954A7,0,1,1,4294967295,0,0
oInvCollPH,448,560,002A363F,0,1,1,4294967295,0,0
oInvCollPH,464,560,0033C39E,0,1,1,4294967295,0,0
oInvCollPH,480,560,003605F0,0,1,1,4294967295,0,0
oInvCollPH,496,560,000BF526,0,1,1,4294967295,0,0
oInvCollPH,512,560,0023F61C,0,1,1,4294967295,0,0
oInvCollPH,528,560,0038DE33,0,1,1,4294967295,0,0
oInvCollPH,544,560,000D2E84,0,1,1,4294967295,0,0
oInvCollPH,544,576,002311EA,0,1,1,4294967295,0,0
oInvCollPH,320,656,002218C5,0,1,1,4294967295,0,0
oInvCollPH,336,640,0003F7E3,0,1,1,4294967295,0,0
oInvCollPH,352,640,003F0E7A,0,1,1,4294967295,0,0
oInvCollPH,368,640,0011FD29,0,1,1,4294967295,0,0
oInvCollPH,384,640,001F03DA,0,1,1,4294967295,0,0
oInvCollPH,400,640,0010B1E9,0,1,1,4294967295,0,0
oInvCollPH,640,656,00153B28,0,1,1,4294967295,0,0
oInvCollPH,656,656,002B932E,0,1,1,4294967295,0,0
oInvCollPH,672,656,00002528,0,1,1,4294967295,0,0
oInvCollPH,576,608,0037D5B5,0,1,1,4294967295,0,0
oInvCollPH,592,608,000F389B,0,1,1,4294967295,0,0
oInvCollPH,608,608,002529E9,0,1,1,4294967295,0,0
oInvCollPH,608,624,00288520,0,1,1,4294967295,0,0
oInvCollPH,608,640,00055FE0,0,1,1,4294967295,0,0
oInvCollPH,416,608,0038F60B,0,1,1,4294967295,0,0
oInvCollPH,416,624,002D7AF7,0,1,1,4294967295,0,0
oInvCollPH,544,592,002FD6FF,0,1,1,4294967295,0,0
oInvCollPH,224,304,00107ACA,0,1,1,4294967295,0,0
oInvCollPH,240,304,00070CF6,0,1,1,4294967295,0,0
oInvCollPH,304,304,0015B6F9,0,1,1,4294967295,0,0
oInvCollPH,304,320,0001C83B,0,1,1,4294967295,0,0
oInvCollPH,304,336,000BA09B,0,1,1,4294967295,0,0
oInvCollPH,304,352,0013B117,0,1,1,4294967295,0,0
oInvCollPH,304,368,0030FC0B,0,1,1,4294967295,0,0
oInvCollPH,304,384,001F38CC,0,1,1,4294967295,0,0
oInvCollPH,304,400,00043333,0,1,1,4294967295,0,0
oInvCollPH,304,416,002CDBD9,0,1,1,4294967295,0,0
oInvCollPH,304,432,001B27B0,0,1,1,4294967295,0,0
oInvCollPH,304,448,0023A66B,0,1,1,4294967295,0,0
oInvCollPH,304,464,0020B614,0,1,1,4294967295,0,0
oInvCollPH,304,480,002F343A,0,1,1,4294967295,0,0
oInvCollPH,288,480,00143C97,0,1,1,4294967295,0,0
oInvCollPH,272,480,00299B21,0,1,1,4294967295,0,0
oInvCollPH,256,480,002228F4,0,1,1,4294967295,0,0
oInvCollPH,240,480,002B0C82,0,1,1,4294967295,0,0
oInvCollPH,224,480,000F389C,0,1,1,4294967295,0,0
oInvCollPH,208,480,0009243B,0,1,1,4294967295,0,0
oInvCollPH,192,480,002EC3BB,0,1,1,4294967295,0,0
oInvCollPH,144,336,002F53BA,0,1,1,4294967295,0,0
oInvCollPH,160,336,00198EAF,0,1,1,4294967295,0,0
oInvCollPH,176,336,0004BB88,0,1,1,4294967295,0,0
oInvCollPH,208,304,003D96C7,0,1,1,4294967295,0,0
oInvCollPH,176,480,001C462A,0,1,1,4294967295,0,0
oInvCollPH,160,480,000535F8,0,1,1,4294967295,0,0
oInvCollPH,144,480,0018AD62,0,1,1,4294967295,0,0
oInvCollPH,128,480,00135E68,0,1,1,4294967295,0,0
oInvCollPH,16,288,00303D5D,0,1,1,4294967295,0,0
oInvCollPH,32,288,003289FB,0,1,1,4294967295,0,0
oInvCollPH,48,288,00244197,0,1,1,4294967295,0,0
oInvCollPH,64,288,003C80A9,0,1,1,4294967295,0,0
oInvCollPH,80,288,003F53B2,0,1,1,4294967295,0,0
oInvCollPH,96,288,003556AC,0,1,1,4294967295,0,0
oInvCollPH,112,288,0026CA7F,0,1,1,4294967295,0,0
oInvCollPH,112,304,0026E623,0,1,1,4294967295,0,0
oInvCollPH,112,320,001BABA4,0,1,1,4294967295,0,0
oInvCollPH,112,496,00297346,0,1,1,4294967295,0,0
oInvCollPH,112,512,001B173C,0,1,1,4294967295,0,0
oInvCollPH,112,528,001A3354,0,1,1,4294967295,0,0
oInvCollPH,112,544,000009B2,0,1,1,4294967295,0,0
oInvCollPH,112,560,0010BC9C,0,1,1,4294967295,0,0
oInvCollPH,112,576,000CF6B3,0,1,1,4294967295,0,0
oInvCollPH,112,592,000D9308,0,1,1,4294967295,0,0
oInvCollPH,96,592,001EC947,0,1,1,4294967295,0,0
oInvCollPH,80,592,00136C1B,0,1,1,4294967295,0,0
oInvCollPH,64,592,00377DB7,0,1,1,4294967295,0,0
oInvCollPH,48,592,0008F537,0,1,1,4294967295,0,0
oInvCollPH,32,592,001058E2,0,1,1,4294967295,0,0
oInvCollPH,16,592,002A8F73,0,1,1,4294967295,0,0
oInvCollPH,0,592,003B0583,0,1,1,4294967295,0,0
oInvCollPH,304,288,00330C51,0,1,1,4294967295,0,0
oInvCollPH,304,272,003D2BFB,0,1,1,4294967295,0,0
oInvCollPH,288,272,00386DF5,0,1,1,4294967295,0,0
oInvCollPH,272,272,002D40C8,0,1,1,4294967295,0,0
oInvCollPH,256,288,00245E30,0,1,1,4294967295,0,0
oInvCollPH,192,320,00240CB9,0,1,1,4294967295,0,0
oInvCollPH,16,160,0017C10A,0,1,1,4294967295,0,0
oInvCollPH,32,160,00363713,0,1,1,4294967295,0,0
oInvCollPH,48,160,003BB70F,0,1,1,4294967295,0,0
oInvCollPH,64,160,0000B647,0,1,1,4294967295,0,0
oInvCollPH,80,160,0013F39A,0,1,1,4294967295,0,0
oInvCollPH,80,192,0025D0B6,0,1,1,4294967295,0,0
oInvCollPH,80,208,0034BC86,0,1,1,4294967295,0,0
oInvCollPH,64,208,0007E898,0,1,1,4294967295,0,0
oInvCollPH,48,208,000F7A4C,0,1,1,4294967295,0,0
oInvCollPH,32,208,00251379,0,1,1,4294967295,0,0
oInvCollPH,16,208,00376F56,0,1,1,4294967295,0,0
oInvCollPH,0,208,003AD5B0,0,1,1,4294967295,0,0
oInvCollPH,112,160,00229FA1,0,1,1,4294967295,0,0
oInvCollPH,128,160,00381D0B,0,1,1,4294967295,0,0
oInvCollPH,144,160,004024DA,0,1,1,4294967295,0,0
oInvCollPH,160,160,003E22ED,0,1,1,4294967295,0,0
oInvCollPH,176,160,000ACD94,0,1,1,4294967295,0,0
oInvCollPH,176,176,00199138,0,1,1,4294967295,0,0
oInvCollPH,160,176,00055CDC,0,1,1,4294967295,0,0
oInvCollPH,144,176,00248A00,0,1,1,4294967295,0,0
oInvCollPH,128,176,001851BD,0,1,1,4294967295,0,0
oInvCollPH,112,176,00072508,0,1,1,4294967295,0,0
oInvCollPH,96,176,000F3C46,0,1,1,4294967295,0,0
oInvCollPH,464,368,0029DAFC,0,1,1,4294967295,0,0
oInvCollPH,464,384,0011AAD6,0,1,1,4294967295,0,0
oInvCollPH,464,400,0023A592,0,1,1,4294967295,0,0
oInvCollPH,464,416,003F7CB6,0,1,1,4294967295,0,0
oInvCollPH,464,432,002E4758,0,1,1,4294967295,0,0
oInvCollPH,480,432,001BE6DD,0,1,1,4294967295,0,0
oInvCollPH,496,432,0027663F,0,1,1,4294967295,0,0
oInvCollPH,528,464,0021A8FF,0,1,1,4294967295,0,0
oInvCollPH,480,352,00123756,0,1,1,4294967295,0,0
oInvCollPH,496,352,003F447F,0,1,1,4294967295,0,0
oInvCollPH,528,352,0026F561,0,1,1,4294967295,0,0
oInvCollPH,544,352,0025AEF7,0,1,1,4294967295,0,0
oInvCollPH,512,448,0020BFC3,0,1,1,4294967295,0,0
oInvCollPH,512,464,0034F610,0,1,1,4294967295,0,0
oInvCollPH,544,464,0004640E,0,1,1,4294967295,0,0
oInvCollPH,560,464,0033CC73,0,1,1,4294967295,0,0
oInvCollPH,576,464,000608BA,0,1,1,4294967295,0,0
oInvCollPH,592,320,0039D78B,0,1,1,4294967295,0,0
oInvCollPH,576,336,003519BB,0,1,1,4294967295,0,0
oInvCollPH,608,304,0021E51F,0,1,1,4294967295,0,0
oInvCollPH,624,304,0024E9A7,0,1,1,4294967295,0,0
oInvCollPH,640,304,002E0F56,0,1,1,4294967295,0,0
oInvCollPH,592,464,000EF646,0,1,1,4294967295,0,0
oInvCollPH,608,464,001B1906,0,1,1,4294967295,0,0
oInvCollPH,624,464,0024FBB2,0,1,1,4294967295,0,0
oInvCollPH,640,464,0020144C,0,1,1,4294967295,0,0
oInvCollPH,688,496,002B1211,0,1,1,4294967295,0,0
oInvCollPH,688,512,001BA438,0,1,1,4294967295,0,0
oInvCollPH,848,512,002E38BF,0,1,1,4294967295,0,0
oInvCollPH,864,512,002BC40E,0,1,1,4294967295,0,0
oInvCollPH,880,512,002B68FA,0,1,1,4294967295,0,0
oInvCollPH,896,512,0035EED0,0,1,1,4294967295,0,0
oInvCollPH,896,480,000BD3CB,0,1,1,4294967295,0,0
oInvCollPH,896,496,0029134C,0,1,1,4294967295,0,0
oInvCollPH,832,528,001391C9,0,1,1,4294967295,0,0
oInvCollPH,832,544,00222292,0,1,1,4294967295,0,0
oInvCollPH,832,560,00098EC0,0,1,1,4294967295,0,0
oInvCollPH,832,576,00368338,0,1,1,4294967295,0,0
oInvCollPH,832,592,0025DE4B,0,1,1,4294967295,0,0
oInvCollPH,832,608,002D98F6,0,1,1,4294967295,0,0
oInvCollPH,688,544,0026C4E7,0,1,1,4294967295,0,0
oInvCollPH,688,560,00383CC0,0,1,1,4294967295,0,0
oInvCollPH,688,576,000CC300,0,1,1,4294967295,0,0
oInvCollPH,688,592,00295D20,0,1,1,4294967295,0,0
oInvCollPH,688,608,0010E3B8,0,1,1,4294967295,0,0
oInvCollPH,688,624,0038F7A2,0,1,1,4294967295,0,0
oInvCollPH,688,640,002AB4AB,0,1,1,4294967295,0,0
oInvCollPH,672,320,000EE699,0,1,1,4294967295,0,0
oInvCollPH,688,320,002498AD,0,1,1,4294967295,0,0
oInvCollPH,704,320,0025F998,0,1,1,4294967295,0,0
oInvCollPH,656,464,00320DBD,0,1,1,4294967295,0,0
oInvCollPH,672,464,001B8AEC,0,1,1,4294967295,0,0
oInvCollPH,736,304,0000D93D,0,1,1,4294967295,0,0
oInvCollPH,752,304,0032A054,0,1,1,4294967295,0,0
oInvCollPH,768,304,00018B33,0,1,1,4294967295,0,0
oInvCollPH,784,304,003573BC,0,1,1,4294967295,0,0
oInvCollPH,800,304,0010C923,0,1,1,4294967295,0,0
oInvCollPH,816,304,003C9ED2,0,1,1,4294967295,0,0
oInvCollPH,832,304,00095448,0,1,1,4294967295,0,0
oInvCollPH,848,304,003EEEAC,0,1,1,4294967295,0,0
oInvCollPH,864,304,0034FB20,0,1,1,4294967295,0,0
oInvCollPH,896,304,001E13DE,0,1,1,4294967295,0,0
oInvCollPH,896,320,000E403A,0,1,1,4294967295,0,0
oInvCollPH,896,336,0009A21F,0,1,1,4294967295,0,0
oInvCollPH,896,352,00101579,0,1,1,4294967295,0,0
oInvCollPH,896,368,00279D3A,0,1,1,4294967295,0,0
oInvCollPH,896,384,0036B927,0,1,1,4294967295,0,0
oInvCollPH,880,304,002E108D,0,1,1,4294967295,0,0
oInvCollPH,896,400,0004CC31,0,1,1,4294967295,0,0
oInvCollPH,896,416,000B7DDE,0,1,1,4294967295,0,0
oInvCollPH,896,432,00136F42,0,1,1,4294967295,0,0
oInvCollPH,896,448,00164C76,0,1,1,4294967295,0,0
oInvCollPH,896,464,0000F787,0,1,1,4294967295,0,0
oInvCollPH,544,176,001928E3,0,1,1,4294967295,0,0
oInvCollPH,560,176,002FEE93,0,1,1,4294967295,0,0
oInvCollPH,576,176,002693A6,0,1,1,4294967295,0,0
oInvCollPH,592,176,00092EA9,0,1,1,4294967295,0,0
oInvCollPH,608,176,002F0F23,0,1,1,4294967295,0,0
oInvCollPH,624,176,003B7884,0,1,1,4294967295,0,0
oInvCollPH,624,160,002E1500,0,1,1,4294967295,0,0
oInvCollPH,608,160,0021DD6B,0,1,1,4294967295,0,0
oInvCollPH,592,160,00384D1F,0,1,1,4294967295,0,0
oInvCollPH,576,160,00299C94,0,1,1,4294967295,0,0
oInvCollPH,560,160,0000EA83,0,1,1,4294967295,0,0
oInvCollPH,736,192,0022893E,0,1,1,4294967295,0,0
oInvCollPH,752,192,00234F82,0,1,1,4294967295,0,0
oInvCollPH,768,192,0027976C,0,1,1,4294967295,0,0
oInvCollPH,784,192,0015CFD8,0,1,1,4294967295,0,0
oInvCollPH,800,192,003D2BD5,0,1,1,4294967295,0,0
oInvCollPH,816,192,001D4AE8,0,1,1,4294967295,0,0
oInvCollPH,816,176,00316D48,0,1,1,4294967295,0,0
oInvCollPH,800,176,001D001D,0,1,1,4294967295,0,0
oInvCollPH,784,176,001CFA2C,0,1,1,4294967295,0,0
oInvCollPH,768,176,002BD33E,0,1,1,4294967295,0,0
oInvCollPH,752,176,002D21C0,0,1,1,4294967295,0,0
oInvCollPH,1120,640,003910C1,0,1,1,4294967295,0,0
oInvCollPH,1136,640,00117344,0,1,1,4294967295,0,0
oInvCollPH,1152,640,00397C68,0,1,1,4294967295,0,0
oInvCollPH,976,480,003ACF85,0,1,1,4294967295,0,0
oInvCollPH,992,480,002E9DF9,0,1,1,4294967295,0,0
oInvCollPH,1008,480,001C2D0F,0,1,1,4294967295,0,0
oInvCollPH,1024,480,000C1659,0,1,1,4294967295,0,0
oInvCollPH,864,624,001F64EA,0,1,1,4294967295,0,0
oInvCollPH,880,624,0009F278,0,1,1,4294967295,0,0
oInvCollPH,896,624,0025BA66,0,1,1,4294967295,0,0
oInvCollPH,912,624,003914A5,0,1,1,4294967295,0,0
oInvCollPH,928,624,00224E18,0,1,1,4294967295,0,0
oInvCollPH,944,624,003AA540,0,1,1,4294967295,0,0
oInvCollPH,960,624,00032C34,0,1,1,4294967295,0,0
oInvCollPH,976,624,002AC049,0,1,1,4294967295,0,0
oInvCollPH,992,624,000D5A74,0,1,1,4294967295,0,0
oInvCollPH,1088,624,00230D9C,0,1,1,4294967295,0,0
oInvCollPH,1072,624,0007FF2E,0,1,1,4294967295,0,0
oInvCollPH,1056,624,0024EEF5,0,1,1,4294967295,0,0
oInvCollPH,1040,624,001613D6,0,1,1,4294967295,0,0
oInvCollPH,1024,624,003037DA,0,1,1,4294967295,0,0
oInvCollPH,1008,624,002D4505,0,1,1,4294967295,0,0
oInvCollPH,1184,624,00385E6A,0,1,1,4294967295,0,0
oInvCollPH,1200,624,003FB146,0,1,1,4294967295,0,0
oInvCollPH,1216,624,001116D3,0,1,1,4294967295,0,0
oInvCollPH,1232,624,002BAC6B,0,1,1,4294967295,0,0
oInvCollPH,1248,624,003036E2,0,1,1,4294967295,0,0
oInvCollPH,1264,624,001AC240,0,1,1,4294967295,0,0
oInvCollPH,1280,624,0003B689,0,1,1,4294967295,0,0
oInvCollPH,1296,624,003308C1,0,1,1,4294967295,0,0
oInvCollPH,1312,624,00103EC8,0,1,1,4294967295,0,0
oInvCollPH,1408,624,0016EA58,0,1,1,4294967295,0,0
oInvCollPH,1392,624,0031D4E8,0,1,1,4294967295,0,0
oInvCollPH,1376,624,00381652,0,1,1,4294967295,0,0
oInvCollPH,1360,624,0009851B,0,1,1,4294967295,0,0
oInvCollPH,1344,624,0024EDF3,0,1,1,4294967295,0,0
oInvCollPH,1328,624,002E2F05,0,1,1,4294967295,0,0
oInvCollPH,1024,256,00260C9B,0,1,1,4294967295,0,0
oInvCollPH,1040,240,001CBFFC,0,1,1,4294967295,0,0
oInvCollPH,1056,240,0000E80D,0,1,1,4294967295,0,0
oInvCollPH,1072,240,003353AE,0,1,1,4294967295,0,0
oInvCollPH,1072,256,000DFE22,0,1,1,4294967295,0,0
oInvCollPH,1360,528,00323E67,0,1,1,4294967295,0,0
oInvCollPH,1376,528,000669C7,0,1,1,4294967295,0,0
oInvCollPH,1392,528,000E6D40,0,1,1,4294967295,0,0
oInvCollPH,1408,528,003EEE4F,0,1,1,4294967295,0,0
oInvCollPH,1360,512,003DF765,0,1,1,4294967295,0,0
oInvCollPH,1168,304,003EF009,0,1,1,4294967295,0,0
oInvCollPH,1184,304,003A0C0B,0,1,1,4294967295,0,0
oInvCollPH,1200,304,0000314B,0,1,1,4294967295,0,0
oInvCollPH,1152,464,0016531D,0,1,1,4294967295,0,0
oInvCollPH,1168,464,00307F6B,0,1,1,4294967295,0,0
oInvCollPH,1184,464,00326845,0,1,1,4294967295,0,0
oInvCollPH,1200,464,003F0392,0,1,1,4294967295,0,0
oInvCollPH,976,272,00360A00,0,1,1,4294967295,0,0
oInvCollPH,992,272,00000B17,0,1,1,4294967295,0,0
oInvCollPH,1008,272,0028F6D6,0,1,1,4294967295,0,0
oInvCollPH,1088,272,003F4412,0,1,1,4294967295,0,0
oInvCollPH,1104,272,002C7E1F,0,1,1,4294967295,0,0
oInvCollPH,1120,272,00077189,0,1,1,4294967295,0,0
oInvCollPH,1136,272,003FCD0F,0,1,1,4294967295,0,0
oInvCollPH,1136,288,00076283,0,1,1,4294967295,0,0
oInvCollPH,960,288,001989B6,0,1,1,4294967295,0,0
oInvCollPH,960,304,0013671F,0,1,1,4294967295,0,0
oInvCollPH,960,320,000EE6CF,0,1,1,4294967295,0,0
oInvCollPH,960,336,00393EC7,0,1,1,4294967295,0,0
oInvCollPH,960,352,00160D4A,0,1,1,4294967295,0,0
oInvCollPH,960,368,000E4799,0,1,1,4294967295,0,0
oInvCollPH,960,384,00040DF6,0,1,1,4294967295,0,0
oInvCollPH,960,400,0023DCA8,0,1,1,4294967295,0,0
oInvCollPH,960,416,00030016,0,1,1,4294967295,0,0
oInvCollPH,960,432,0028A657,0,1,1,4294967295,0,0
oInvCollPH,960,448,00377B86,0,1,1,4294967295,0,0
oInvCollPH,960,464,002FC2B2,0,1,1,4294967295,0,0
oInvCollPH,1040,464,00065251,0,1,1,4294967295,0,0
oInvCollPH,1056,464,00223524,0,1,1,4294967295,0,0
oInvCollPH,1072,464,00280B07,0,1,1,4294967295,0,0
oInvCollPH,1088,464,0007674C,0,1,1,4294967295,0,0
oInvCollPH,1104,464,000AC53F,0,1,1,4294967295,0,0
oInvCollPH,1120,464,0028BFE6,0,1,1,4294967295,0,0
oInvCollPH,1136,464,001ED620,0,1,1,4294967295,0,0
oInvCollPH,1248,480,003F54B9,0,1,1,4294967295,0,0
oInvCollPH,1264,480,002BDA96,0,1,1,4294967295,0,0
oInvCollPH,1280,480,000C9C99,0,1,1,4294967295,0,0
oInvCollPH,1296,480,00048678,0,1,1,4294967295,0,0
oInvCollPH,1312,480,0000A9C0,0,1,1,4294967295,0,0
oInvCollPH,1328,480,0002938F,0,1,1,4294967295,0,0
oInvCollPH,1344,480,002148CB,0,1,1,4294967295,0,0
oInvCollPH,1216,272,000C435A,0,1,1,4294967295,0,0
oInvCollPH,1216,288,001B71A1,0,1,1,4294967295,0,0
oInvCollPH,1216,464,001DAB7F,0,1,1,4294967295,0,0
oInvCollPH,1232,256,0029288B,0,1,1,4294967295,0,0
oInvCollPH,1248,256,001FCBC5,0,1,1,4294967295,0,0
oInvCollPH,1264,256,001F21E3,0,1,1,4294967295,0,0
oInvCollPH,1280,256,00363E8E,0,1,1,4294967295,0,0
oInvCollPH,1296,256,00038B76,0,1,1,4294967295,0,0
oInvCollPH,1312,256,000DF946,0,1,1,4294967295,0,0
oInvCollPH,1328,256,004042F9,0,1,1,4294967295,0,0
oInvCollPH,1344,256,000E790F,0,1,1,4294967295,0,0
oInvCollPH,1360,256,001DBDD4,0,1,1,4294967295,0,0
oInvCollPH,1376,256,000A2D1A,0,1,1,4294967295,0,0
oInvCollPH,1392,256,000D59FE,0,1,1,4294967295,0,0
oInvCollPH,1408,256,002E30D6,0,1,1,4294967295,0,0
oInvCollPH,960,64,00388CDE,0,1,1,4294967295,0,0
oInvCollPH,960,80,001A1C1C,0,1,1,4294967295,0,0
oInvCollPH,960,96,0014EA5D,0,1,1,4294967295,0,0
oInvCollPH,960,112,0001A382,0,1,1,4294967295,0,0
oInvCollPH,976,112,00295103,0,1,1,4294967295,0,0
oInvCollPH,992,112,0022DC59,0,1,1,4294967295,0,0
oInvCollPH,1008,112,0020779E,0,1,1,4294967295,0,0
oInvCollPH,1024,112,00390308,0,1,1,4294967295,0,0
oInvCollPH,1040,112,0006A2CB,0,1,1,4294967295,0,0
oInvCollPH,1056,112,0013A3B5,0,1,1,4294967295,0,0
oInvCollPH,1072,112,00063A43,0,1,1,4294967295,0,0
oInvCollPH,1088,112,0005581F,0,1,1,4294967295,0,0
oInvCollPH,1104,112,0004054B,0,1,1,4294967295,0,0
oInvCollPH,1136,112,003D4886,0,1,1,4294967295,0,0
oInvCollPH,1136,96,001937CE,0,1,1,4294967295,0,0
oInvCollPH,1136,80,003602A3,0,1,1,4294967295,0,0
oInvCollPH,1136,64,000F9B8A,0,1,1,4294967295,0,0
oInvCollPH,1120,112,0033B0FE,0,1,1,4294967295,0,0
oInvCollPH,1136,48,001175B4,0,1,1,4294967295,0,0
oInvCollPH,1344,64,00306ED8,0,1,1,4294967295,0,0
oInvCollPH,1344,80,0015E70D,0,1,1,4294967295,0,0
oInvCollPH,1344,96,002C9957,0,1,1,4294967295,0,0
oInvCollPH,1344,112,001B630E,0,1,1,4294967295,0,0
oInvCollPH,1344,128,0025B333,0,1,1,4294967295,0,0
oInvCollPH,1344,144,001DA9F1,0,1,1,4294967295,0,0
oInvCollPH,1360,144,00155DA8,0,1,1,4294967295,0,0
oInvCollPH,1376,144,0004F86C,0,1,1,4294967295,0,0
oInvCollPH,1392,144,0023BD03,0,1,1,4294967295,0,0
oInvCollPH,1408,144,003EEFEB,0,1,1,4294967295,0,0
oInvCollPH,64,32,00330B62,0,1,1,4294967295,0,0
oInvCollPH,80,32,001785BB,0,1,1,4294967295,0,0
oInvCollPH,96,32,003DC48F,0,1,1,4294967295,0,0
oInvCollPH,112,32,0007C415,0,1,1,4294967295,0,0
oInvCollPH,128,32,00283957,0,1,1,4294967295,0,0
oInvCollPH,144,32,003560E1,0,1,1,4294967295,0,0
oInvCollPH,160,32,00111AAF,0,1,1,4294967295,0,0
oInvCollPH,176,32,0034CF5B,0,1,1,4294967295,0,0
oInvCollPH,192,32,0013C683,0,1,1,4294967295,0,0
oInvCollPH,208,32,0029B9C3,0,1,1,4294967295,0,0
oInvCollPH,224,32,0040368A,0,1,1,4294967295,0,0
oInvCollPH,240,32,002988FB,0,1,1,4294967295,0,0
oInvCollPH,256,16,00034B30,0,1,1,4294967295,0,0
oInvCollPH,272,16,00246F60,0,1,1,4294967295,0,0
oInvCollPH,288,16,000476A2,0,1,1,4294967295,0,0
oInvCollPH,304,16,00351159,0,1,1,4294967295,0,0
oInvCollPH,320,16,000AD266,0,1,1,4294967295,0,0
oInvCollPH,336,16,002B8BDE,0,1,1,4294967295,0,0
oInvCollPH,352,16,0017E78B,0,1,1,4294967295,0,0
oInvCollPH,368,16,002D46EA,0,1,1,4294967295,0,0
oInvCollPH,384,16,001FDFB3,0,1,1,4294967295,0,0
oInvCollPH,400,16,001F33F1,0,1,1,4294967295,0,0
oInvCollPH,416,16,00320D97,0,1,1,4294967295,0,0
oInvCollPH,432,16,000965AB,0,1,1,4294967295,0,0
oInvCollPH,448,16,00273D8D,0,1,1,4294967295,0,0
oInvCollPH,464,16,003AF20C,0,1,1,4294967295,0,0
oInvCollPH,480,16,0038DFF2,0,1,1,4294967295,0,0
oInvCollPH,496,16,002C9D4C,0,1,1,4294967295,0,0
oInvCollPH,512,32,0034933E,0,1,1,4294967295,0,0
oInvCollPH,528,32,000D1A44,0,1,1,4294967295,0,0
oInvCollPH,544,32,00073F7E,0,1,1,4294967295,0,0
oInvCollPH,560,32,00223B0C,0,1,1,4294967295,0,0
oInvCollPH,576,32,0009B460,0,1,1,4294967295,0,0
oInvCollPH,592,32,003415EF,0,1,1,4294967295,0,0
oInvCollPH,608,32,00026475,0,1,1,4294967295,0,0
oInvCollPH,624,32,00233F2E,0,1,1,4294967295,0,0
oInvCollPH,640,32,003751CD,0,1,1,4294967295,0,0
oInvCollPH,656,32,003525A2,0,1,1,4294967295,0,0
oInvCollPH,672,32,00027DD5,0,1,1,4294967295,0,0
oInvCollPH,688,32,00025C31,0,1,1,4294967295,0,0
oInvCollPH,704,32,0008A6FD,0,1,1,4294967295,0,0
oInvCollPH,720,32,00203067,0,1,1,4294967295,0,0
oInvCollPH,736,32,002987FD,0,1,1,4294967295,0,0
oInvCollPH,752,32,0036A330,0,1,1,4294967295,0,0
oInvCollPH,768,32,0001D0E4,0,1,1,4294967295,0,0
oInvCollPH,784,32,003529A8,0,1,1,4294967295,0,0
oInvCollPH,800,32,000B52CC,0,1,1,4294967295,0,0
oInvCollPH,816,32,00024723,0,1,1,4294967295,0,0
oInvCollPH,832,32,0036122C,0,1,1,4294967295,0,0
oInvCollPH,848,32,0017C866,0,1,1,4294967295,0,0
oInvCollPH,864,32,0022283A,0,1,1,4294967295,0,0
oInvCollPH,880,32,0010AB1F,0,1,1,4294967295,0,0
oInvCollPH,896,32,001B5090,0,1,1,4294967295,0,0
oInvCollPH,912,32,002F7AB6,0,1,1,4294967295,0,0
oInvCollPH,928,32,0010F21E,0,1,1,4294967295,0,0
oInvCollPH,944,32,00243EC0,0,1,1,4294967295,0,0
oInvCollPH,1152,32,000A0004,0,1,1,4294967295,0,0
oInvCollPH,1168,32,0018E452,0,1,1,4294967295,0,0
oInvCollPH,1184,32,0010F912,0,1,1,4294967295,0,0
oInvCollPH,1200,32,001057C7,0,1,1,4294967295,0,0
oInvCollPH,1216,32,0023B7DD,0,1,1,4294967295,0,0
oInvCollPH,1232,32,002A9B26,0,1,1,4294967295,0,0
oInvCollPH,1248,32,002C3F06,0,1,1,4294967295,0,0
oInvCollPH,1264,32,003DD911,0,1,1,4294967295,0,0
oInvCollPH,1280,32,00336E65,0,1,1,4294967295,0,0
oInvCollPH,1296,32,0011759E,0,1,1,4294967295,0,0
oInvCollPH,1312,32,003EC7AF,0,1,1,4294967295,0,0
oInvCollPH,1328,32,000BC648,0,1,1,4294967295,0,0
oInvisibleSolid,0,0,0025EE2D,0,1,1,4294967295,0,1
oInvisibleSolid,0,48,0025B21F,0,1,1,4294967295,0,1
oInvisibleSolid,0,160,0004FF97,0,1,1,4294967295,0,1
oInvisibleSolid,0,288,0035A40F,0,1,1,4294967295,0,1
oInvisibleSolid,0,672,00085365,0,1,1,4294967295,0,1
oInvisibleSolid,192,640,001DFEAE,0,1,1,4294967295,0,1
oInvisibleSolid,320,640,000F32A1,0,1,1,4294967295,0,1
oInvisibleSolid,400,560,0028815A,0,1,1,4294967295,0,1
oInvisibleSolid,416,592,000C1F60,0,1,1,4294967295,0,1
oInvisibleSolid,560,608,0020F4F4,0,1,1,4294967295,0,1
oInvisibleSolid,624,656,003D5215,0,1,1,4294967295,0,1
oInvisibleSolid,688,480,00149914,0,1,1,4294967295,0,1
oInvisibleSolid,464,352,001F63CE,0,1,1,4294967295,0,1
oInvisibleSolid,128,336,003B9BE2,0,1,1,4294967295,0,1
oInvisibleSolid,192,304,003F0A74,0,1,1,4294967295,0,1
oInvisibleSolid,256,272,0005F31C,0,1,1,4294967295,0,1
oInvisibleSolid,96,160,00394711,0,1,1,4294967295,0,1
oInvisibleSolid,512,352,001A0316,0,1,1,4294967295,0,1
oInvisibleSolid,592,304,001CF37A,0,1,1,4294967295,0,1
oInvisibleSolid,656,320,002BA6BA,0,1,1,4294967295,0,1
oInvisibleSolid,720,304,00086834,0,1,1,4294967295,0,1
oInvisibleSolid,848,624,002E46DF,0,1,1,4294967295,0,1
oInvisibleSolid,688,528,00211CF7,0,1,1,4294967295,0,1
oInvisibleSolid,960,272,003E7288,0,1,1,4294967295,0,1
oInvisibleSolid,544,160,00045EF7,0,1,1,4294967295,0,1
oInvisibleSolid,736,176,003C7C45,0,1,1,4294967295,0,1
oInvisibleSolid,1168,624,0005DC80,0,1,1,4294967295,0,1
oInvisibleSolid,1104,640,000BEAAF,0,1,1,4294967295,0,1
oInvisibleSolid,960,480,002D3554,0,1,1,4294967295,0,1
oInvisibleSolid,1024,240,001BE381,0,1,1,4294967295,0,1
oInvisibleSolid,1152,304,0024E678,0,1,1,4294967295,0,1
oInvisibleSolid,1232,480,003833F0,0,1,1,4294967295,0,1
oInvisibleSolid,1360,496,001BE8E9,0,1,1,4294967295,0,1
oInvisibleSolid,1216,256,00056A8A,0,1,1,4294967295,0,1
oInvisibleSolid,1344,48,0028AFDE,0,1,1,4294967295,0,1
oInvisibleSolid,960,48,0015CED1,0,1,1,4294967295,0,1
oInvisibleSolid,512,0,00129983,0,1,1,4294967295,0,1
oInvisibleSolid,256,0,001A208C,0,1,1,4294967295,0,1
oInvisibleSolid,560,336,001C84C3,0,1,1,4294967295,0,1
