oPlayer1,464,288,003E7678,0,1,1,4294967295,0,0
oInvCollPH,272,256,001BCACB,0,1,1,4294967295,0,0
oInvCollPH,288,256,003AB14E,0,1,1,4294967295,0,0
oInvCollPH,304,256,00384872,0,1,1,4294967295,0,0
oInvCollPH,176,272,0005B0FE,0,1,1,4294967295,0,0
oInvCollPH,192,272,001BE1BE,0,1,1,4294967295,0,0
oInvCollPH,208,272,000D2D2A,0,1,1,4294967295,0,0
oInvCollPH,720,256,0030466B,0,1,1,4294967295,0,0
oInvCollPH,848,256,00203612,0,1,1,4294967295,0,0
oInvCollPH,864,256,001D31A5,0,1,1,4294967295,0,0
oInvCollPH,880,256,00400AB2,0,1,1,4294967295,0,0
oInvCollPH,768,272,002A76FF,0,1,1,4294967295,0,0
oInvCollPH,784,272,001669AB,0,1,1,4294967295,0,0
oInvCollPH,656,272,00374F93,0,1,1,4294967295,0,0
oInvCollPH,640,272,000E703F,0,1,1,4294967295,0,0
oInvCollPH,624,272,0023EC59,0,1,1,4294967295,0,0
oInvCollPH,608,272,001F302C,0,1,1,4294967295,0,0
oInvCollPH,592,272,00053ABA,0,1,1,4294967295,0,0
oInvCollPH,576,272,002529B9,0,1,1,4294967295,0,0
oInvCollPH,560,272,00172453,0,1,1,4294967295,0,0
oInvCollPH,16,288,0026833B,0,1,1,4294967295,0,0
oInvCollPH,32,288,00397617,0,1,1,4294967295,0,0
oInvCollPH,48,288,0017856D,0,1,1,4294967295,0,0
oInvCollPH,64,288,001EAE1B,0,1,1,4294967295,0,0
oInvCollPH,80,288,003661C8,0,1,1,4294967295,0,0
oInvCollPH,96,288,001197CF,0,1,1,4294967295,0,0
oInvCollPH,112,288,000D3673,0,1,1,4294967295,0,0
oInvCollPH,384,288,001CD6B0,0,1,1,4294967295,0,0
oInvCollPH,400,288,003AD82D,0,1,1,4294967295,0,0
oInvCollPH,416,288,001AD666,0,1,1,4294967295,0,0
oInvCollPH,432,288,0024F833,0,1,1,4294967295,0,0
oInvCollPH,448,288,0038D37C,0,1,1,4294967295,0,0
oInvCollPH,464,288,002D4B7A,0,1,1,4294967295,0,0
oInvCollPH,480,288,00335630,0,1,1,4294967295,0,0
oInvCollPH,496,288,0021D526,0,1,1,4294967295,0,0
oInvCollPH,960,288,000E088A,0,1,1,4294967295,0,0
oInvCollPH,976,288,00014F0C,0,1,1,4294967295,0,0
oInvCollPH,992,288,00175DCD,0,1,1,4294967295,0,0
oInvCollPH,1008,288,0006C75F,0,1,1,4294967295,0,0
oInvisibleRupLowSlope,128,272,000042F6,0,1,1,4294967295,0,0
oInvisibleRupLowSlope,224,256,003F0BCA,0,1,1,4294967295,0,0
oInvisibleRupLowSlope,512,272,000EBE8C,0,1,1,4294967295,0,0
oInvisibleRupLowSlope,672,256,0011F644,0,1,1,4294967295,0,0
oInvisibleRupLowSlope,800,256,002EDC16,0,1,1,4294967295,0,0
oInvisibleLupLowSlope,320,256,00028F56,0,1,1,4294967295,0,0
oInvisibleLupLowSlope,352,272,001FA699,0,1,1,4294967295,0,0
oInvisibleLupLowSlope,736,256,001A94B6,0,1,1,4294967295,0,0
oInvisibleLupLowSlope,896,256,00193263,0,1,1,4294967295,0,0
oInvisibleLupLowSlope,928,272,0033BDFA,0,1,1,4294967295,0,0
oInvisibleSolid,0,288,0000580D,0,1,1,4294967295,0,1
oInvisibleSolid,160,272,00266ADB,0,1,1,4294967295,0,1
oInvisibleSolid,256,256,0014B9AA,0,1,1,4294967295,0,1
oInvisibleSolid,544,272,0004946E,0,1,1,4294967295,0,1
oInvisibleSolid,704,256,000F146D,0,1,1,4294967295,0,1
oInvisibleSolid,832,256,0017AD7C,0,1,1,4294967295,0,1
