oExit,96,496,003D0B6B,0,1,1,4294967295,0,1
oExit,2368,336,00133E7A,0,1,1,4294967295,0,1
oPT_SwordArmor,1872,320,0013FF18,0,1,1,4294967295,0,1
oPlayer1,192,480,002418E8,0,1,1,4294967295,0,0
oPT_FireEye,1440,272,001A05D4,0,1,1,4294967295,0,1
oPT_FireEye,1584,256,003F103C,0,1,1,4294967295,0,1
oInvCollPH,112,208,00306A43,0,1,1,4294967295,0,0
oInvCollPH,128,208,00183F48,0,1,1,4294967295,0,0
oInvCollPH,144,208,002E2557,0,1,1,4294967295,0,0
oInvCollPH,160,208,00011001,0,1,1,4294967295,0,0
oInvCollPH,176,208,000CBD99,0,1,1,4294967295,0,0
oInvCollPH,192,208,00171F41,0,1,1,4294967295,0,0
oInvCollPH,208,208,002F5CDF,0,1,1,4294967295,0,0
oInvCollPH,224,208,000F6F21,0,1,1,4294967295,0,0
oInvCollPH,240,208,003CAFBA,0,1,1,4294967295,0,0
oInvCollPH,256,208,00096519,0,1,1,4294967295,0,0
oInvCollPH,256,224,0022A5BF,0,1,1,4294967295,0,0
oInvCollPH,240,224,0021C95F,0,1,1,4294967295,0,0
oInvCollPH,224,224,0017AFBF,0,1,1,4294967295,0,0
oInvCollPH,208,224,0017F1DA,0,1,1,4294967295,0,0
oInvCollPH,192,224,0032FD29,0,1,1,4294967295,0,0
oInvCollPH,176,224,001A7BE7,0,1,1,4294967295,0,0
oInvCollPH,160,224,00394E4D,0,1,1,4294967295,0,0
oInvCollPH,144,224,00212BCF,0,1,1,4294967295,0,0
oInvCollPH,128,224,002163A9,0,1,1,4294967295,0,0
oInvCollPH,112,224,003AEDB7,0,1,1,4294967295,0,0
oInvCollPH,96,224,003C5CC4,0,1,1,4294967295,0,0
oInvCollPH,112,384,00099B68,0,1,1,4294967295,0,0
oInvCollPH,128,384,0023240E,0,1,1,4294967295,0,0
oInvCollPH,144,384,00310C20,0,1,1,4294967295,0,0
oInvCollPH,144,400,003145B8,0,1,1,4294967295,0,0
oInvCollPH,128,400,001FEDC7,0,1,1,4294967295,0,0
oInvCollPH,112,400,001ED8F3,0,1,1,4294967295,0,0
oInvCollPH,96,400,0009B426,0,1,1,4294967295,0,0
oInvCollPH,176,480,000023DC,0,1,1,4294967295,0,0
oInvCollPH,192,480,0025C410,0,1,1,4294967295,0,0
oInvCollPH,208,480,002A6844,0,1,1,4294967295,0,0
oInvCollPH,160,496,001FCAA3,0,1,1,4294967295,0,0
oInvCollPH,64,208,0001430E,0,1,1,4294967295,0,0
oInvCollPH,80,208,0023D2FC,0,1,1,4294967295,0,0
oInvCollPH,48,224,00333362,0,1,1,4294967295,0,0
oInvCollPH,48,240,002010D5,0,1,1,4294967295,0,0
oInvCollPH,48,256,00392F86,0,1,1,4294967295,0,0
oInvCollPH,48,272,0028F685,0,1,1,4294967295,0,0
oInvCollPH,48,352,00256E7A,0,1,1,4294967295,0,0
oInvCollPH,48,336,003274C4,0,1,1,4294967295,0,0
oInvCollPH,48,320,0029A32D,0,1,1,4294967295,0,0
oInvCollPH,48,304,0031E0B6,0,1,1,4294967295,0,0
oInvCollPH,48,288,00246308,0,1,1,4294967295,0,0
oInvCollPH,48,432,003A2057,0,1,1,4294967295,0,0
oInvCollPH,48,416,003FCB18,0,1,1,4294967295,0,0
oInvCollPH,48,400,001E2DD4,0,1,1,4294967295,0,0
oInvCollPH,48,384,00164EA9,0,1,1,4294967295,0,0
oInvCollPH,48,368,00223DD4,0,1,1,4294967295,0,0
oInvCollPH,48,496,0032C690,0,1,1,4294967295,0,0
oInvCollPH,48,480,002AD230,0,1,1,4294967295,0,0
oInvCollPH,48,464,0013B35C,0,1,1,4294967295,0,0
oInvCollPH,48,448,00342BE8,0,1,1,4294967295,0,0
oInvCollPH,80,496,0024D1A7,0,1,1,4294967295,0,0
oInvCollPH,80,480,002B1506,0,1,1,4294967295,0,0
oInvCollPH,80,464,0002C38D,0,1,1,4294967295,0,0
oInvCollPH,80,448,002444F8,0,1,1,4294967295,0,0
oInvCollPH,80,432,00316F0B,0,1,1,4294967295,0,0
oInvCollPH,80,416,0012AD01,0,1,1,4294967295,0,0
oInvCollPH,80,240,00269D26,0,1,1,4294967295,0,0
oInvCollPH,80,256,003FA98C,0,1,1,4294967295,0,0
oInvCollPH,80,272,0000A41D,0,1,1,4294967295,0,0
oInvCollPH,80,288,00066B90,0,1,1,4294967295,0,0
oInvCollPH,80,304,003C6088,0,1,1,4294967295,0,0
oInvCollPH,80,320,001F32D0,0,1,1,4294967295,0,0
oInvCollPH,80,336,000D735C,0,1,1,4294967295,0,0
oInvCollPH,80,352,001281E8,0,1,1,4294967295,0,0
oInvCollPH,80,368,0025AFF8,0,1,1,4294967295,0,0
oInvCollPH,224,368,00130BB1,0,1,1,4294967295,0,0
oInvCollPH,224,352,00213736,0,1,1,4294967295,0,0
oInvCollPH,224,336,001D5F39,0,1,1,4294967295,0,0
oInvCollPH,224,320,0001AA70,0,1,1,4294967295,0,0
oInvCollPH,224,448,0036AB2D,0,1,1,4294967295,0,0
oInvCollPH,224,432,0014A4B3,0,1,1,4294967295,0,0
oInvCollPH,224,416,003A9101,0,1,1,4294967295,0,0
oInvCollPH,224,400,00322D01,0,1,1,4294967295,0,0
oInvCollPH,224,384,0027DFCB,0,1,1,4294967295,0,0
oInvCollPH,224,464,00062DBB,0,1,1,4294967295,0,0
oInvCollPH,240,304,000B6C27,0,1,1,4294967295,0,0
oInvCollPH,256,304,0008CB07,0,1,1,4294967295,0,0
oInvCollPH,288,336,00085A47,0,1,1,4294967295,0,0
oInvCollPH,256,352,0022DC13,0,1,1,4294967295,0,0
oInvCollPH,256,368,00185534,0,1,1,4294967295,0,0
oInvCollPH,256,384,0018F099,0,1,1,4294967295,0,0
oInvCollPH,256,400,002715D9,0,1,1,4294967295,0,0
oInvCollPH,256,416,003EFF5D,0,1,1,4294967295,0,0
oInvCollPH,256,432,001F3B8A,0,1,1,4294967295,0,0
oInvCollPH,256,448,003BD844,0,1,1,4294967295,0,0
oInvCollPH,256,464,001B01D0,0,1,1,4294967295,0,0
oInvCollPH,256,480,00232A8F,0,1,1,4294967295,0,0
oInvCollPH,256,496,0039F826,0,1,1,4294967295,0,0
oInvCollPH,288,304,001FA0D6,0,1,1,4294967295,0,0
oInvCollPH,304,304,00316D5A,0,1,1,4294967295,0,0
oInvCollPH,320,304,00100B31,0,1,1,4294967295,0,0
oInvCollPH,384,304,002E36E0,0,1,1,4294967295,0,0
oInvCollPH,368,304,0024C7FE,0,1,1,4294967295,0,0
oInvCollPH,352,304,00203057,0,1,1,4294967295,0,0
oInvCollPH,336,304,0016DDB7,0,1,1,4294967295,0,0
oInvCollPH,400,304,001C9516,0,1,1,4294967295,0,0
oInvCollPH,416,304,003EB6C7,0,1,1,4294967295,0,0
oInvCollPH,560,304,00192C42,0,1,1,4294967295,0,0
oInvCollPH,544,304,000B277A,0,1,1,4294967295,0,0
oInvCollPH,528,304,0015034F,0,1,1,4294967295,0,0
oInvCollPH,512,304,000ED973,0,1,1,4294967295,0,0
oInvCollPH,496,304,0011EE1B,0,1,1,4294967295,0,0
oInvCollPH,480,304,002740CF,0,1,1,4294967295,0,0
oInvCollPH,464,304,00107A02,0,1,1,4294967295,0,0
oInvCollPH,448,304,00137A64,0,1,1,4294967295,0,0
oInvCollPH,432,304,0012DEFB,0,1,1,4294967295,0,0
oInvCollPH,272,336,0027185E,0,1,1,4294967295,0,0
oInvCollPH,576,304,0007E227,0,1,1,4294967295,0,0
oInvCollPH,688,304,00140AE3,0,1,1,4294967295,0,0
oInvCollPH,672,304,000947CA,0,1,1,4294967295,0,0
oInvCollPH,656,304,00001337,0,1,1,4294967295,0,0
oInvCollPH,640,304,00139756,0,1,1,4294967295,0,0
oInvCollPH,624,304,003B38B3,0,1,1,4294967295,0,0
oInvCollPH,608,304,00300D0B,0,1,1,4294967295,0,0
oInvCollPH,592,304,000699B0,0,1,1,4294967295,0,0
oInvCollPH,1072,352,00349CAE,0,1,1,4294967295,0,0
oInvCollPH,1088,352,0013ED1D,0,1,1,4294967295,0,0
oInvCollPH,1104,352,0023E8EA,0,1,1,4294967295,0,0
oInvCollPH,1120,352,00255823,0,1,1,4294967295,0,0
oInvCollPH,1136,352,003D65DC,0,1,1,4294967295,0,0
oInvCollPH,1152,352,000E8DF1,0,1,1,4294967295,0,0
oInvCollPH,1168,352,001157E8,0,1,1,4294967295,0,0
oInvCollPH,1184,352,0026A424,0,1,1,4294967295,0,0
oInvCollPH,1200,352,001E806A,0,1,1,4294967295,0,0
oInvCollPH,1296,352,0019A489,0,1,1,4294967295,0,0
oInvCollPH,1280,352,001B8442,0,1,1,4294967295,0,0
oInvCollPH,1264,352,003D77EA,0,1,1,4294967295,0,0
oInvCollPH,1248,352,001FBFDE,0,1,1,4294967295,0,0
oInvCollPH,1232,352,0035EED1,0,1,1,4294967295,0,0
oInvCollPH,1216,352,003DF66D,0,1,1,4294967295,0,0
oInvCollPH,1088,368,001A8A48,0,1,1,4294967295,0,0
oInvCollPH,1104,368,000AAFB8,0,1,1,4294967295,0,0
oInvCollPH,1120,368,002A8275,0,1,1,4294967295,0,0
oInvCollPH,1136,368,003D31D7,0,1,1,4294967295,0,0
oInvCollPH,1152,368,0026B901,0,1,1,4294967295,0,0
oInvCollPH,1168,368,002C6E04,0,1,1,4294967295,0,0
oInvCollPH,1184,368,003538A7,0,1,1,4294967295,0,0
oInvCollPH,1200,368,003192BC,0,1,1,4294967295,0,0
oInvCollPH,1216,368,0000A8E0,0,1,1,4294967295,0,0
oInvCollPH,1232,368,000CC790,0,1,1,4294967295,0,0
oInvCollPH,1248,368,00104DE0,0,1,1,4294967295,0,0
oInvCollPH,1264,368,00044F15,0,1,1,4294967295,0,0
oInvCollPH,1280,368,003E9A66,0,1,1,4294967295,0,0
oInvCollPH,1744,336,002B8387,0,1,1,4294967295,0,0
oInvCollPH,1760,336,00085EE8,0,1,1,4294967295,0,0
oInvCollPH,1776,336,00343500,0,1,1,4294967295,0,0
oInvCollPH,1792,336,000B2F1C,0,1,1,4294967295,0,0
oInvCollPH,1728,336,00176D25,0,1,1,4294967295,0,0
oInvCollPH,1808,336,00254FF3,0,1,1,4294967295,0,0
oInvCollPH,1824,336,0000D2E2,0,1,1,4294967295,0,0
oInvCollPH,1840,336,0016B0AD,0,1,1,4294967295,0,0
oInvCollPH,1856,336,00000479,0,1,1,4294967295,0,0
oInvCollPH,1872,336,0037199C,0,1,1,4294967295,0,0
oInvCollPH,1888,336,000FCE05,0,1,1,4294967295,0,0
oInvCollPH,1712,320,0034ED0C,0,1,1,4294967295,0,0
oInvCollPH,1728,320,002CEA8B,0,1,1,4294967295,0,0
oInvCollPH,1744,320,0016B958,0,1,1,4294967295,0,0
oInvCollPH,1760,320,003D8381,0,1,1,4294967295,0,0
oInvCollPH,1776,320,00250451,0,1,1,4294967295,0,0
oInvCollPH,1792,320,002CB5C7,0,1,1,4294967295,0,0
oInvCollPH,1808,320,001131CE,0,1,1,4294967295,0,0
oInvCollPH,1824,320,00333D8F,0,1,1,4294967295,0,0
oInvCollPH,1840,320,003270C1,0,1,1,4294967295,0,0
oInvCollPH,1856,320,00140B16,0,1,1,4294967295,0,0
oInvCollPH,1872,320,0027187E,0,1,1,4294967295,0,0
oInvCollPH,1888,320,000DD01F,0,1,1,4294967295,0,0
oInvCollPH,1904,320,000E6F05,0,1,1,4294967295,0,0
oInvCollPH,2144,368,000ACD81,0,1,1,4294967295,0,0
oInvCollPH,2160,368,002BCC68,0,1,1,4294967295,0,0
oInvCollPH,2176,368,0004CAA2,0,1,1,4294967295,0,0
oInvCollPH,2192,368,002A9D7D,0,1,1,4294967295,0,0
oInvCollPH,2208,368,001AB347,0,1,1,4294967295,0,0
oInvCollPH,2224,368,003E215B,0,1,1,4294967295,0,0
oInvCollPH,2240,368,0026F0BB,0,1,1,4294967295,0,0
oInvCollPH,2256,368,000A1CBA,0,1,1,4294967295,0,0
oInvCollPH,2272,368,0028D599,0,1,1,4294967295,0,0
oInvCollPH,2288,368,00263909,0,1,1,4294967295,0,0
oInvCollPH,2304,368,00153462,0,1,1,4294967295,0,0
oInvCollPH,2320,368,00199DDD,0,1,1,4294967295,0,0
oInvCollPH,2336,368,001D4D53,0,1,1,4294967295,0,0
oInvCollPH,2352,368,0014D762,0,1,1,4294967295,0,0
oInvCollPH,2368,368,00388A71,0,1,1,4294967295,0,0
oInvisibleSolid,272,304,00200C34,0,1,1,4294967295,0,1
oInvisibleSolid,224,304,003B988C,0,1,1,4294967295,0,1
oInvisibleSolid,160,480,0026E6C5,0,1,1,4294967295,0,1
oInvisibleSolid,96,384,0010520E,0,1,1,4294967295,0,1
oInvisibleSolid,48,208,003D2025,0,1,1,4294967295,0,1
oInvisibleSolid,96,208,0030E005,0,1,1,4294967295,0,1
oInvisibleSolid,304,320,003DEAE2,0,1,1,4294967295,0,0
oInvisibleSolid,272,320,002BA33A,0,1,1,4294967295,0,1
oInvisibleSolid,1056,352,00280E9A,0,1,1,4294967295,0,1
oInvisibleSolid,1072,368,002ED59D,0,1,1,4294967295,0,1
oInvisibleSolid,1696,320,000C3D5E,0,1,1,4294967295,0,1
oInvisibleSolid,1712,336,0039485B,0,1,1,4294967295,0,1
oInvisibleSolid,2128,368,0031D80A,0,1,1,4294967295,0,1
