oExit,0,224,00082352,0,1,1,4294967295,0,1
oPlayer1,64,256,000AC60F,0,1,1,4294967295,0,0
oMetroidDoorHolder,16,224,002620F2,0,1,1,4294967295,0,1
oMetLava,0,288,0022E21E,0,1,1,4294967295,0,1
oInvCollPH,80,48,000FAB1D,0,1,1,4294967295,0,0
oInvCollPH,80,64,003FBD36,0,1,1,4294967295,0,0
oInvCollPH,80,80,0024770A,0,1,1,4294967295,0,0
oInvCollPH,80,96,0040445C,0,1,1,4294967295,0,0
oInvCollPH,80,112,0002847A,0,1,1,4294967295,0,0
oInvCollPH,80,128,0019EE8F,0,1,1,4294967295,0,0
oInvCollPH,80,144,000EB92A,0,1,1,4294967295,0,0
oInvCollPH,80,160,001DE5DF,0,1,1,4294967295,0,0
oInvCollPH,80,176,0037AAE3,0,1,1,4294967295,0,0
oInvCollPH,64,176,002859EA,0,1,1,4294967295,0,0
oInvCollPH,48,176,002FE897,0,1,1,4294967295,0,0
oInvCollPH,32,176,002FA7FF,0,1,1,4294967295,0,0
oInvCollPH,16,176,00153F43,0,1,1,4294967295,0,0
oInvCollPH,0,176,001A3FDC,0,1,1,4294967295,0,0
oInvCollPH,384,64,0013AF83,0,1,1,4294967295,0,0
oInvCollPH,384,80,0009C26E,0,1,1,4294967295,0,0
oInvCollPH,384,96,002FDFFE,0,1,1,4294967295,0,0
oInvCollPH,384,112,000D3E32,0,1,1,4294967295,0,0
oInvCollPH,384,128,00128710,0,1,1,4294967295,0,0
oInvCollPH,384,144,003DD22A,0,1,1,4294967295,0,0
oInvCollPH,384,160,003D7EE9,0,1,1,4294967295,0,0
oInvCollPH,384,192,002910B2,0,1,1,4294967295,0,0
oInvCollPH,384,176,002C5649,0,1,1,4294967295,0,0
oInvCollPH,384,208,003A6728,0,1,1,4294967295,0,0
oInvCollPH,384,224,00397578,0,1,1,4294967295,0,0
oInvCollPH,384,240,0038341B,0,1,1,4294967295,0,0
oInvCollPH,96,32,00125E20,0,1,1,4294967295,0,0
oInvCollPH,112,32,00158EEF,0,1,1,4294967295,0,0
oInvCollPH,128,32,00023883,0,1,1,4294967295,0,0
oInvCollPH,144,32,001E680D,0,1,1,4294967295,0,0
oInvCollPH,160,32,0004557A,0,1,1,4294967295,0,0
oInvCollPH,176,32,002FC048,0,1,1,4294967295,0,0
oInvCollPH,192,32,001C0446,0,1,1,4294967295,0,0
oInvCollPH,208,32,00181098,0,1,1,4294967295,0,0
oInvCollPH,224,32,00103C0D,0,1,1,4294967295,0,0
oInvCollPH,240,32,00155D77,0,1,1,4294967295,0,0
oInvCollPH,256,32,000ED66E,0,1,1,4294967295,0,0
oInvCollPH,272,32,002FDD51,0,1,1,4294967295,0,0
oInvCollPH,288,32,0012EF95,0,1,1,4294967295,0,0
oInvCollPH,304,32,00245CD4,0,1,1,4294967295,0,0
oInvCollPH,320,32,003748F5,0,1,1,4294967295,0,0
oInvCollPH,336,32,003C436D,0,1,1,4294967295,0,0
oInvCollPH,352,32,000A4128,0,1,1,4294967295,0,0
oInvCollPH,368,32,002ECA0B,0,1,1,4294967295,0,0
oInvCollPH,16,256,002247F1,0,1,1,4294967295,0,0
oInvCollPH,32,256,003F8F92,0,1,1,4294967295,0,0
oInvCollPH,48,256,002DBD2D,0,1,1,4294967295,0,0
oInvCollPH,64,256,00145551,0,1,1,4294967295,0,0
oInvCollPH,80,256,0017C4D9,0,1,1,4294967295,0,0
oInvCollPH,96,256,001A30B3,0,1,1,4294967295,0,0
oInvCollPH,112,256,00340898,0,1,1,4294967295,0,0
oInvCollPH,128,256,003CD03E,0,1,1,4294967295,0,0
oInvCollPH,144,256,00336F97,0,1,1,4294967295,0,0
oInvCollPH,160,256,00382073,0,1,1,4294967295,0,0
oInvCollPH,176,256,000EF5AB,0,1,1,4294967295,0,0
oInvCollPH,192,256,000AC192,0,1,1,4294967295,0,0
oInvCollPH,208,256,0025FB97,0,1,1,4294967295,0,0
oInvCollPH,224,256,0002DE40,0,1,1,4294967295,0,0
oInvCollPH,240,256,000A3938,0,1,1,4294967295,0,0
oInvCollPH,256,256,0002AB03,0,1,1,4294967295,0,0
oInvCollPH,272,256,002A8C79,0,1,1,4294967295,0,0
oInvCollPH,288,256,0015AB95,0,1,1,4294967295,0,0
oInvCollPH,304,256,001F8DF4,0,1,1,4294967295,0,0
oInvCollPH,320,256,003DBD27,0,1,1,4294967295,0,0
oInvCollPH,336,256,0007C4BD,0,1,1,4294967295,0,0
oInvCollPH,352,256,00321B3D,0,1,1,4294967295,0,0
oInvCollPH,368,256,00251B35,0,1,1,4294967295,0,0
oInvisibleSolid,0,0,001C8036,0,1,1,4294967295,0,1
oInvisibleSolid,0,48,000BD9E7,0,1,1,4294967295,0,1
oInvisibleSolid,0,256,0013E486,0,1,1,4294967295,0,1
oInvisibleSolid,384,48,00083983,0,1,1,4294967295,0,1
