oCh17SecDoor,1952,224,0013479D,0,1,1,4294967295,0,1
oHPF_Fan,168,256,003BF65E,0,1,1,4294967295,0,0
oHPF_Fan,344,256,00399477,0,1,1,4294967295,0,0
oExit,0,256,0026F8A1,0,1,1,4294967295,0,1
oHPF_Fan,232,64,001A14A8,0,1,1,4294967295,0,0
oHPF_Fan,312,64,002EB8B0,0,1,1,4294967295,0,0
oHPF_Fan,392,64,00299506,0,1,1,4294967295,0,0
oHPF_Fan,488,64,001C5C76,0,1,1,4294967295,0,0
oHPF_Fan,568,64,0023DDF1,0,1,1,4294967295,0,0
oHPF_Fan,648,64,0006C844,0,1,1,4294967295,0,0
oHPF_Fan,520,256,0021D23D,0,1,1,4294967295,0,0
oHPF_Fan,1432,256,0027A602,0,1,1,4294967295,0,0
oHPF_Fan,1568,256,0007B39C,0,1,1,4294967295,0,0
oRmHPFJ_Obj,1664,64,002CC17A,0,1,1,4294967295,0,1
oExit,2032,256,000CD08F,0,1,1,4294967295,0,1
oMissilePack,448,80,0028FD5A,0,1,1,4294967295,0,1
oZapTrap,816,32,00328E30,0,1,1,4294967295,0,1
oZapTrap,1024,32,00121D6E,0,1,1,4294967295,0,1
oHexCircle,1696,160,0025EF8D,0,1,1,4294967295,0,1
oHexCircle,1600,160,003AFDAD,0,1,1,4294967295,0,1
oStaticSpikeRed,688,272,0037F443,0,1,1,4294967295,0,1
oStaticSpikeRed,656,272,0019035F,0,1,1,4294967295,0,1
oStaticSpikeRed,624,272,003A4365,0,1,1,4294967295,0,1
oStaticSpikeRed,592,272,00072354,0,1,1,4294967295,0,1
oStaticSpikeRed,560,272,001E08CC,0,1,1,4294967295,0,1
oStaticSpikeRed,528,272,0017CD78,0,1,1,4294967295,0,1
oStaticSpikeRed,496,272,00007DC2,0,1,1,4294967295,0,1
oStaticSpikeRed,464,272,0007CA81,0,1,1,4294967295,0,1
oStaticSpikeRed,432,272,002B0DFF,0,1,1,4294967295,0,1
oStaticSpikeRed,400,272,0005CC56,0,1,1,4294967295,0,1
oStaticSpikeRed,368,272,0027DC55,0,1,1,4294967295,0,1
oStaticSpikeRed,336,272,001AC791,0,1,1,4294967295,0,1
oStaticSpikeRed,304,272,00133788,0,1,1,4294967295,0,1
oStaticSpikeRed,272,272,0039649D,0,1,1,4294967295,0,1
oStaticSpikeRed,240,272,001C1F07,0,1,1,4294967295,0,1
oStaticSpikeRed,208,272,0033836F,0,1,1,4294967295,0,1
oHexCircle,624,176,001190A8,0,1,1,4294967295,0,1
oHexCircle,464,176,0015D78E,0,1,1,4294967295,0,1
oHexCircle,304,176,001AC93D,0,1,1,4294967295,0,1
oHexFullCircle,1392,64,00344E3C,0,1,1,4294967295,0,1
oFacLaserTurret,368,128,0024759E,0,1,1,4294967295,0,0
oFacLaserTurret,448,128,003D9AD6,0,1,1,4294967295,0,0
oFacLaserTurret,528,128,000C4124,0,1,1,4294967295,0,0
oFacLaserTurret,608,128,00318ED3,0,1,1,4294967295,0,0
oFacLaserTurret,288,128,000D2570,0,1,1,4294967295,0,0
oFacCleaner,976,208,001DEE57,0,1,1,4294967295,0,0
oFacCleaner,976,160,002A4169,0,1,1,4294967295,0,0
oInjectorVirus,1120,160,00193D1B,0,1,1,4294967295,0,1
oInjectorVirus,1184,208,003BE561,0,1,1,4294967295,0,1
oInjectorVirus,1120,256,0005CE72,0,1,1,4294967295,0,1
oInjectorVirus,560,256,000C36E1,0,1,1,4294967295,0,1
oInjectorVirus,384,256,001C5305,0,1,1,4294967295,0,1
oInjectorVirus,480,256,0032C59E,0,1,1,4294967295,0,1
oFacCamera,1824,128,003C95D6,0,1,1,4294967295,0,1
oFacDrone,1520,144,0027C84A,0,1,1,4294967295,0,1
oFacCleaner,1472,208,00329EA7,0,1,1,4294967295,0,0
oInjectorVirus,1744,128,00148FB4,0,1,1,4294967295,0,1
oLatchCrystal,616,176,001CF72C,0,1,1,4294967295,0,1
oLatchCrystal,456,176,00061E46,0,1,1,4294967295,0,1
oLatchCrystal,296,176,00309721,0,1,1,4294967295,0,1
oPlayer1,48,288,003AF6F9,0,1,1,4294967295,0,0
oInvCollPH,16,288,0026D20A,0,1,1,4294967295,0,0
oInvCollPH,32,288,00292D21,0,1,1,4294967295,0,0
oInvCollPH,48,288,00079A01,0,1,1,4294967295,0,0
oInvCollPH,64,288,00275500,0,1,1,4294967295,0,0
oInvCollPH,80,288,000160D0,0,1,1,4294967295,0,0
oInvCollPH,96,288,000699D3,0,1,1,4294967295,0,0
oInvCollPH,112,288,0023E4DD,0,1,1,4294967295,0,0
oInvCollPH,304,288,002FDE47,0,1,1,4294967295,0,0
oInvCollPH,288,288,00314932,0,1,1,4294967295,0,0
oInvCollPH,272,288,0015DE7B,0,1,1,4294967295,0,0
oInvCollPH,256,288,0034F256,0,1,1,4294967295,0,0
oInvCollPH,240,288,00049BCB,0,1,1,4294967295,0,0
oInvCollPH,224,288,001DF7DF,0,1,1,4294967295,0,0
oInvCollPH,208,288,001E09CE,0,1,1,4294967295,0,0
oInvCollPH,192,288,00095E56,0,1,1,4294967295,0,0
oInvCollPH,176,288,0033C724,0,1,1,4294967295,0,0
oInvCollPH,160,288,000D2D89,0,1,1,4294967295,0,0
oInvCollPH,144,288,00318ADB,0,1,1,4294967295,0,0
oInvCollPH,128,288,0000E431,0,1,1,4294967295,0,0
oInvCollPH,320,288,001AFA00,0,1,1,4294967295,0,0
oInvCollPH,336,288,000F324F,0,1,1,4294967295,0,0
oInvCollPH,352,288,002CA39B,0,1,1,4294967295,0,0
oInvCollPH,368,288,001256C8,0,1,1,4294967295,0,0
oInvCollPH,384,288,0008D9B0,0,1,1,4294967295,0,0
oInvCollPH,400,288,00075639,0,1,1,4294967295,0,0
oInvCollPH,416,288,003C525E,0,1,1,4294967295,0,0
oInvCollPH,432,288,0037B81D,0,1,1,4294967295,0,0
oInvCollPH,448,288,0011E479,0,1,1,4294967295,0,0
oInvCollPH,464,288,0006DDA2,0,1,1,4294967295,0,0
oInvCollPH,480,288,003E424C,0,1,1,4294967295,0,0
oInvCollPH,496,288,001D0DC6,0,1,1,4294967295,0,0
oInvCollPH,0,208,0038894E,0,1,1,4294967295,0,0
oInvCollPH,16,208,00004299,0,1,1,4294967295,0,0
oInvCollPH,32,208,001F27A4,0,1,1,4294967295,0,0
oInvCollPH,48,208,00031CCF,0,1,1,4294967295,0,0
oInvCollPH,48,192,00117C8F,0,1,1,4294967295,0,0
oInvCollPH,48,176,00295A63,0,1,1,4294967295,0,0
oInvCollPH,48,160,0011F746,0,1,1,4294967295,0,0
oInvCollPH,48,144,0021C979,0,1,1,4294967295,0,0
oInvCollPH,48,128,003EE540,0,1,1,4294967295,0,0
oInvCollPH,48,112,00054C45,0,1,1,4294967295,0,0
oInvCollPH,48,96,002CA9D1,0,1,1,4294967295,0,0
oInvCollPH,48,80,003ACAC2,0,1,1,4294967295,0,0
oInvCollPH,48,64,0002DB10,0,1,1,4294967295,0,0
oInvCollPH,48,48,0024E449,0,1,1,4294967295,0,0
oInvCollPH,48,32,003FF7E0,0,1,1,4294967295,0,0
oInvCollPH,64,16,0004EE68,0,1,1,4294967295,0,0
oInvCollPH,80,16,0009543C,0,1,1,4294967295,0,0
oInvCollPH,96,16,003D8A55,0,1,1,4294967295,0,0
oInvCollPH,112,16,001D49FA,0,1,1,4294967295,0,0
oInvCollPH,128,16,00344303,0,1,1,4294967295,0,0
oInvCollPH,144,16,00259676,0,1,1,4294967295,0,0
oInvCollPH,160,16,0039351B,0,1,1,4294967295,0,0
oInvCollPH,176,16,0020F654,0,1,1,4294967295,0,0
oInvCollPH,192,16,002B95C9,0,1,1,4294967295,0,0
oInvCollPH,208,16,00368777,0,1,1,4294967295,0,0
oInvCollPH,224,16,00071307,0,1,1,4294967295,0,0
oInvCollPH,240,16,000B37BB,0,1,1,4294967295,0,0
oInvCollPH,192,112,0002B6E0,0,1,1,4294967295,0,0
oInvCollPH,208,112,000C59E0,0,1,1,4294967295,0,0
oInvCollPH,224,112,002B0AF3,0,1,1,4294967295,0,0
oInvCollPH,288,112,00136AA5,0,1,1,4294967295,0,0
oInvCollPH,272,112,003E3FCF,0,1,1,4294967295,0,0
oInvCollPH,256,112,001DCA63,0,1,1,4294967295,0,0
oInvCollPH,240,112,000E19C3,0,1,1,4294967295,0,0
oInvCollPH,320,112,003E8B2F,0,1,1,4294967295,0,0
oInvCollPH,304,112,002DE8B6,0,1,1,4294967295,0,0
oInvCollPH,704,112,000330F6,0,1,1,4294967295,0,0
oInvCollPH,688,112,003CA1E7,0,1,1,4294967295,0,0
oInvCollPH,672,112,0005DC6F,0,1,1,4294967295,0,0
oInvCollPH,656,112,001E31AD,0,1,1,4294967295,0,0
oInvCollPH,640,112,00004B09,0,1,1,4294967295,0,0
oInvCollPH,560,112,00183820,0,1,1,4294967295,0,0
oInvCollPH,576,112,000C3752,0,1,1,4294967295,0,0
oInvCollPH,592,112,0029AAC0,0,1,1,4294967295,0,0
oInvCollPH,608,112,00262513,0,1,1,4294967295,0,0
oInvCollPH,624,112,001BBB4E,0,1,1,4294967295,0,0
oInvCollPH,416,112,00289BC8,0,1,1,4294967295,0,0
oInvCollPH,432,112,000C070D,0,1,1,4294967295,0,0
oInvCollPH,448,112,001FBB7C,0,1,1,4294967295,0,0
oInvCollPH,464,112,002EEA7D,0,1,1,4294967295,0,0
oInvCollPH,336,112,003D41AE,0,1,1,4294967295,0,0
oInvCollPH,352,112,0009C47C,0,1,1,4294967295,0,0
oInvCollPH,368,112,000BA0E4,0,1,1,4294967295,0,0
oInvCollPH,384,112,001F4231,0,1,1,4294967295,0,0
oInvCollPH,400,112,002CF76F,0,1,1,4294967295,0,0
oInvCollPH,544,112,002A56E9,0,1,1,4294967295,0,0
oInvCollPH,528,112,0025F939,0,1,1,4294967295,0,0
oInvCollPH,512,112,0022F579,0,1,1,4294967295,0,0
oInvCollPH,496,112,0004E09C,0,1,1,4294967295,0,0
oInvCollPH,480,112,00156F91,0,1,1,4294967295,0,0
oInvCollPH,176,96,002BEC6C,0,1,1,4294967295,0,0
oInvCollPH,192,96,00176715,0,1,1,4294967295,0,0
oInvCollPH,208,96,00329A70,0,1,1,4294967295,0,0
oInvCollPH,224,96,0003B5C4,0,1,1,4294967295,0,0
oInvCollPH,240,96,002E7816,0,1,1,4294967295,0,0
oInvCollPH,256,96,0023F421,0,1,1,4294967295,0,0
oInvCollPH,272,96,0011BFA8,0,1,1,4294967295,0,0
oInvCollPH,288,96,002CCDF0,0,1,1,4294967295,0,0
oInvCollPH,304,96,00036902,0,1,1,4294967295,0,0
oInvCollPH,320,96,002B533B,0,1,1,4294967295,0,0
oInvCollPH,336,96,000993D1,0,1,1,4294967295,0,0
oInvCollPH,352,96,001D5555,0,1,1,4294967295,0,0
oInvCollPH,368,96,00140643,0,1,1,4294967295,0,0
oInvCollPH,384,96,002DC907,0,1,1,4294967295,0,0
oInvCollPH,400,96,00103DA0,0,1,1,4294967295,0,0
oInvCollPH,416,96,001CE046,0,1,1,4294967295,0,0
oInvCollPH,432,96,000DC649,0,1,1,4294967295,0,0
oInvCollPH,448,96,002FE300,0,1,1,4294967295,0,0
oInvCollPH,464,96,0009637D,0,1,1,4294967295,0,0
oInvCollPH,480,96,000FB9EC,0,1,1,4294967295,0,0
oInvCollPH,496,96,000E98C0,0,1,1,4294967295,0,0
oInvCollPH,512,96,003125C7,0,1,1,4294967295,0,0
oInvCollPH,528,96,0018271D,0,1,1,4294967295,0,0
oInvCollPH,544,96,002EEED7,0,1,1,4294967295,0,0
oInvCollPH,560,96,0014CC32,0,1,1,4294967295,0,0
oInvCollPH,576,96,0002E0D9,0,1,1,4294967295,0,0
oInvCollPH,592,96,000405F7,0,1,1,4294967295,0,0
oInvCollPH,608,96,002AB383,0,1,1,4294967295,0,0
oInvCollPH,624,96,0030B664,0,1,1,4294967295,0,0
oInvCollPH,640,96,0020B5FE,0,1,1,4294967295,0,0
oInvCollPH,656,96,000E73B3,0,1,1,4294967295,0,0
oInvCollPH,672,96,0024E138,0,1,1,4294967295,0,0
oInvCollPH,688,96,000FB6F4,0,1,1,4294967295,0,0
oInvCollPH,704,96,00389D3F,0,1,1,4294967295,0,0
oInvCollPH,720,96,003F3205,0,1,1,4294967295,0,0
oInvCollPH,256,16,00393CA5,0,1,1,4294967295,0,0
oInvCollPH,272,16,0026E90C,0,1,1,4294967295,0,0
oInvCollPH,288,16,001521DD,0,1,1,4294967295,0,0
oInvCollPH,304,16,000E87EB,0,1,1,4294967295,0,0
oInvCollPH,624,16,000298BC,0,1,1,4294967295,0,0
oInvCollPH,608,16,0028E53F,0,1,1,4294967295,0,0
oInvCollPH,592,16,003A8DCF,0,1,1,4294967295,0,0
oInvCollPH,576,16,0018F013,0,1,1,4294967295,0,0
oInvCollPH,560,16,002ADBCD,0,1,1,4294967295,0,0
oInvCollPH,544,16,002A6AE1,0,1,1,4294967295,0,0
oInvCollPH,528,16,0021DF85,0,1,1,4294967295,0,0
oInvCollPH,512,16,000970B3,0,1,1,4294967295,0,0
oInvCollPH,496,16,0033DE0F,0,1,1,4294967295,0,0
oInvCollPH,480,16,00369AE0,0,1,1,4294967295,0,0
oInvCollPH,464,16,002E7862,0,1,1,4294967295,0,0
oInvCollPH,448,16,0018C1D7,0,1,1,4294967295,0,0
oInvCollPH,432,16,0007AB39,0,1,1,4294967295,0,0
oInvCollPH,416,16,001563EE,0,1,1,4294967295,0,0
oInvCollPH,400,16,0015840A,0,1,1,4294967295,0,0
oInvCollPH,384,16,0027A0E1,0,1,1,4294967295,0,0
oInvCollPH,368,16,00287CF2,0,1,1,4294967295,0,0
oInvCollPH,352,16,000C48AD,0,1,1,4294967295,0,0
oInvCollPH,336,16,00050EAD,0,1,1,4294967295,0,0
oInvCollPH,320,16,000E41F6,0,1,1,4294967295,0,0
oInvCollPH,512,288,000D1F6D,0,1,1,4294967295,0,0
oInvCollPH,528,288,0019D34F,0,1,1,4294967295,0,0
oInvCollPH,544,288,00356F06,0,1,1,4294967295,0,0
oInvCollPH,560,288,001FDD40,0,1,1,4294967295,0,0
oInvCollPH,624,288,000CF7E3,0,1,1,4294967295,0,0
oInvCollPH,608,288,00399DBC,0,1,1,4294967295,0,0
oInvCollPH,592,288,002AF12B,0,1,1,4294967295,0,0
oInvCollPH,576,288,002A14CB,0,1,1,4294967295,0,0
oInvCollPH,640,16,0029A73A,0,1,1,4294967295,0,0
oInvCollPH,656,16,00112A68,0,1,1,4294967295,0,0
oInvCollPH,672,16,00286075,0,1,1,4294967295,0,0
oInvCollPH,688,16,00022931,0,1,1,4294967295,0,0
oInvCollPH,704,16,002ABBE0,0,1,1,4294967295,0,0
oInvCollPH,720,16,0006FA93,0,1,1,4294967295,0,0
oInvCollPH,736,16,00172A62,0,1,1,4294967295,0,0
oInvCollPH,752,16,00004A21,0,1,1,4294967295,0,0
oInvCollPH,768,16,00202651,0,1,1,4294967295,0,0
oInvCollPH,784,16,0016AEDB,0,1,1,4294967295,0,0
oInvCollPH,800,16,002F44D6,0,1,1,4294967295,0,0
oInvCollPH,816,16,002E8439,0,1,1,4294967295,0,0
oInvCollPH,832,16,002D30EA,0,1,1,4294967295,0,0
oInvCollPH,848,16,00155268,0,1,1,4294967295,0,0
oInvCollPH,864,16,00061C41,0,1,1,4294967295,0,0
oInvCollPH,880,16,00045BB9,0,1,1,4294967295,0,0
oInvCollPH,896,16,000F7BF9,0,1,1,4294967295,0,0
oInvCollPH,912,16,0023691B,0,1,1,4294967295,0,0
oInvCollPH,928,16,0003FF11,0,1,1,4294967295,0,0
oInvCollPH,944,16,0017A641,0,1,1,4294967295,0,0
oInvCollPH,960,16,0026F71E,0,1,1,4294967295,0,0
oInvCollPH,976,16,001A6B2B,0,1,1,4294967295,0,0
oInvCollPH,992,16,00053157,0,1,1,4294967295,0,0
oInvCollPH,1008,16,0033705D,0,1,1,4294967295,0,0
oInvCollPH,1024,16,000D7257,0,1,1,4294967295,0,0
oInvCollPH,1040,16,00170E5B,0,1,1,4294967295,0,0
oInvCollPH,1056,16,000718E7,0,1,1,4294967295,0,0
oInvCollPH,1072,16,0022F6D9,0,1,1,4294967295,0,0
oInvCollPH,1088,16,0026CF49,0,1,1,4294967295,0,0
oInvCollPH,1104,16,000D0C4B,0,1,1,4294967295,0,0
oInvCollPH,1120,16,000955E1,0,1,1,4294967295,0,0
oInvCollPH,1136,16,000429D2,0,1,1,4294967295,0,0
oInvCollPH,640,288,00160BCE,0,1,1,4294967295,0,0
oInvCollPH,656,288,00255A88,0,1,1,4294967295,0,0
oInvCollPH,672,288,001EE0C8,0,1,1,4294967295,0,0
oInvCollPH,688,288,00089D58,0,1,1,4294967295,0,0
oInvCollPH,704,288,0020E18C,0,1,1,4294967295,0,0
oInvCollPH,720,288,0033EF62,0,1,1,4294967295,0,0
oInvCollPH,736,288,0039AB1A,0,1,1,4294967295,0,0
oInvCollPH,752,288,001C6D14,0,1,1,4294967295,0,0
oInvCollPH,768,288,000EE6CC,0,1,1,4294967295,0,0
oInvCollPH,784,288,00262C16,0,1,1,4294967295,0,0
oInvCollPH,800,288,000C2856,0,1,1,4294967295,0,0
oInvCollPH,816,288,003AF1BB,0,1,1,4294967295,0,0
oInvCollPH,832,288,002C6222,0,1,1,4294967295,0,0
oInvCollPH,848,288,001772BC,0,1,1,4294967295,0,0
oInvCollPH,864,288,002D0E5A,0,1,1,4294967295,0,0
oInvCollPH,880,288,0006B409,0,1,1,4294967295,0,0
oInvCollPH,896,288,001EFFA3,0,1,1,4294967295,0,0
oInvCollPH,912,288,000AE6F3,0,1,1,4294967295,0,0
oInvCollPH,928,288,003384D5,0,1,1,4294967295,0,0
oInvCollPH,944,288,000E4E0D,0,1,1,4294967295,0,0
oInvCollPH,960,288,0014756E,0,1,1,4294967295,0,0
oInvCollPH,976,288,001A411A,0,1,1,4294967295,0,0
oInvCollPH,992,288,001DD043,0,1,1,4294967295,0,0
oInvCollPH,1008,288,00302665,0,1,1,4294967295,0,0
oInvCollPH,1024,288,00196A11,0,1,1,4294967295,0,0
oInvCollPH,1040,288,0037B80F,0,1,1,4294967295,0,0
oInvCollPH,1056,288,0017FCFF,0,1,1,4294967295,0,0
oInvCollPH,1072,288,0029A6F7,0,1,1,4294967295,0,0
oInvCollPH,1088,288,003E90EF,0,1,1,4294967295,0,0
oInvCollPH,1104,288,0032C585,0,1,1,4294967295,0,0
oInvCollPH,1120,288,000F20FB,0,1,1,4294967295,0,0
oInvCollPH,1136,288,002683B6,0,1,1,4294967295,0,0
oInvCollPH,1152,288,003D879D,0,1,1,4294967295,0,0
oInvCollPH,1168,288,003F0B6E,0,1,1,4294967295,0,0
oInvCollPH,1184,288,000D4D4C,0,1,1,4294967295,0,0
oInvCollPH,1200,288,0035D6C1,0,1,1,4294967295,0,0
oInvCollPH,1216,288,002225B3,0,1,1,4294967295,0,0
oInvCollPH,1232,288,000A2DE1,0,1,1,4294967295,0,0
oInvCollPH,1248,288,0027D567,0,1,1,4294967295,0,0
oInvCollPH,1264,288,001DB5D8,0,1,1,4294967295,0,0
oInvCollPH,1152,16,000916DC,0,1,1,4294967295,0,0
oInvCollPH,1168,16,001B0A4A,0,1,1,4294967295,0,0
oInvCollPH,1184,16,0018051E,0,1,1,4294967295,0,0
oInvCollPH,1200,16,00006CE8,0,1,1,4294967295,0,0
oInvCollPH,1216,16,00000039,0,1,1,4294967295,0,0
oInvCollPH,1232,16,0036E2BB,0,1,1,4294967295,0,0
oInvCollPH,1248,16,0021B559,0,1,1,4294967295,0,0
oInvCollPH,1264,16,003E4B15,0,1,1,4294967295,0,0
oInvCollPH,1280,16,00151BE4,0,1,1,4294967295,0,0
oInvCollPH,1296,16,001BE873,0,1,1,4294967295,0,0
oInvCollPH,1312,16,003A7FE1,0,1,1,4294967295,0,0
oInvCollPH,1328,16,0011DF43,0,1,1,4294967295,0,0
oInvCollPH,1344,16,002502B5,0,1,1,4294967295,0,0
oInvCollPH,1360,16,000BCA50,0,1,1,4294967295,0,0
oInvCollPH,1376,16,000DB538,0,1,1,4294967295,0,0
oInvCollPH,1392,16,00239C0D,0,1,1,4294967295,0,0
oInvCollPH,1408,16,0028BAA0,0,1,1,4294967295,0,0
oInvCollPH,1424,16,001043D3,0,1,1,4294967295,0,0
oInvCollPH,1440,16,001A7263,0,1,1,4294967295,0,0
oInvCollPH,1456,16,00227F6A,0,1,1,4294967295,0,0
oInvCollPH,1472,16,000DA46A,0,1,1,4294967295,0,0
oInvCollPH,1488,16,00001EBC,0,1,1,4294967295,0,0
oInvCollPH,1504,16,00058440,0,1,1,4294967295,0,0
oInvCollPH,1520,16,00347C8C,0,1,1,4294967295,0,0
oInvCollPH,1536,16,001BF8FB,0,1,1,4294967295,0,0
oInvCollPH,1552,16,002A28B7,0,1,1,4294967295,0,0
oInvCollPH,1568,16,000A15AE,0,1,1,4294967295,0,0
oInvCollPH,1584,16,002CFA24,0,1,1,4294967295,0,0
oInvCollPH,1600,16,00141433,0,1,1,4294967295,0,0
oInvCollPH,1616,16,001614B9,0,1,1,4294967295,0,0
oInvCollPH,1312,288,002C736C,0,1,1,4294967295,0,0
oInvCollPH,1328,288,0002ED76,0,1,1,4294967295,0,0
oInvCollPH,1344,288,00199E69,0,1,1,4294967295,0,0
oInvCollPH,1360,288,00396198,0,1,1,4294967295,0,0
oInvCollPH,1376,288,00155BFE,0,1,1,4294967295,0,0
oInvCollPH,1392,288,000F9930,0,1,1,4294967295,0,0
oInvCollPH,1408,288,003CA360,0,1,1,4294967295,0,0
oInvCollPH,1424,288,0017CA9A,0,1,1,4294967295,0,0
oInvCollPH,1440,288,0027F819,0,1,1,4294967295,0,0
oInvCollPH,1456,288,00117F16,0,1,1,4294967295,0,0
oInvCollPH,1472,288,0026CD04,0,1,1,4294967295,0,0
oInvCollPH,1488,288,0020766F,0,1,1,4294967295,0,0
oInvCollPH,1504,288,002E2443,0,1,1,4294967295,0,0
oInvCollPH,1520,288,003F40F0,0,1,1,4294967295,0,0
oInvCollPH,1536,288,003C8576,0,1,1,4294967295,0,0
oInvCollPH,1552,288,000C1F6A,0,1,1,4294967295,0,0
oInvCollPH,1568,288,00272383,0,1,1,4294967295,0,0
oInvCollPH,1584,288,0014904E,0,1,1,4294967295,0,0
oInvCollPH,1600,288,00266203,0,1,1,4294967295,0,0
oInvCollPH,1616,288,000DBF35,0,1,1,4294967295,0,0
oInvCollPH,1664,288,00339A4C,0,1,1,4294967295,0,0
oInvCollPH,1680,288,001228F7,0,1,1,4294967295,0,0
oInvCollPH,1696,288,0029E945,0,1,1,4294967295,0,0
oInvCollPH,1712,288,003FFDAD,0,1,1,4294967295,0,0
oInvCollPH,1728,288,00077707,0,1,1,4294967295,0,0
oInvCollPH,1744,288,0039D3D1,0,1,1,4294967295,0,0
oInvCollPH,1760,288,00174DD1,0,1,1,4294967295,0,0
oInvCollPH,1776,288,003827D9,0,1,1,4294967295,0,0
oInvCollPH,1792,288,0000671F,0,1,1,4294967295,0,0
oInvCollPH,1808,288,00323247,0,1,1,4294967295,0,0
oInvCollPH,1824,288,00189661,0,1,1,4294967295,0,0
oInvCollPH,1840,288,003E11AC,0,1,1,4294967295,0,0
oInvCollPH,1856,288,0013C3D8,0,1,1,4294967295,0,0
oInvCollPH,1872,288,0008824E,0,1,1,4294967295,0,0
oInvCollPH,1888,288,00110C42,0,1,1,4294967295,0,0
oInvCollPH,1904,288,00182910,0,1,1,4294967295,0,0
oInvCollPH,1920,288,001BE74A,0,1,1,4294967295,0,0
oInvCollPH,1936,288,003784D1,0,1,1,4294967295,0,0
oInvCollPH,1952,288,00016463,0,1,1,4294967295,0,0
oInvCollPH,1968,288,002CF00B,0,1,1,4294967295,0,0
oInvCollPH,1984,288,003E0BB7,0,1,1,4294967295,0,0
oInvCollPH,2000,288,00094578,0,1,1,4294967295,0,0
oInvCollPH,2016,288,00333F8C,0,1,1,4294967295,0,0
oInvCollPH,2032,288,002C2915,0,1,1,4294967295,0,0
oInvCollPH,1136,112,002BB152,0,1,1,4294967295,0,0
oInvCollPH,1152,112,002E3BCA,0,1,1,4294967295,0,0
oInvCollPH,1168,112,0014E4E0,0,1,1,4294967295,0,0
oInvCollPH,1184,112,0032A08E,0,1,1,4294967295,0,0
oInvCollPH,1200,112,001F0248,0,1,1,4294967295,0,0
oInvCollPH,1216,112,000C0628,0,1,1,4294967295,0,0
oInvCollPH,1232,112,002E0C72,0,1,1,4294967295,0,0
oInvCollPH,1248,112,0019CA79,0,1,1,4294967295,0,0
oInvCollPH,1264,112,003B3C1A,0,1,1,4294967295,0,0
oInvCollPH,1280,112,0030EE4A,0,1,1,4294967295,0,0
oInvCollPH,1296,112,0016694B,0,1,1,4294967295,0,0
oInvCollPH,1312,112,001E159D,0,1,1,4294967295,0,0
oInvCollPH,1328,112,001A94EB,0,1,1,4294967295,0,0
oInvCollPH,1344,112,0014C477,0,1,1,4294967295,0,0
oInvCollPH,1360,112,000E6D6A,0,1,1,4294967295,0,0
oInvCollPH,1120,96,003E3019,0,1,1,4294967295,0,0
oInvCollPH,1136,96,001D24EE,0,1,1,4294967295,0,0
oInvCollPH,1152,96,003C4CFE,0,1,1,4294967295,0,0
oInvCollPH,1168,96,00392097,0,1,1,4294967295,0,0
oInvCollPH,1184,96,0032AFD9,0,1,1,4294967295,0,0
oInvCollPH,1200,96,0035147E,0,1,1,4294967295,0,0
oInvCollPH,1216,96,003ED615,0,1,1,4294967295,0,0
oInvCollPH,1232,96,000C1342,0,1,1,4294967295,0,0
oInvCollPH,1248,96,003779C8,0,1,1,4294967295,0,0
oInvCollPH,1264,96,001C3BF8,0,1,1,4294967295,0,0
oInvCollPH,1280,96,0024F264,0,1,1,4294967295,0,0
oInvCollPH,1296,96,003B7886,0,1,1,4294967295,0,0
oInvCollPH,1312,96,000402E1,0,1,1,4294967295,0,0
oInvCollPH,1328,96,000241AC,0,1,1,4294967295,0,0
oInvCollPH,1344,96,0018B919,0,1,1,4294967295,0,0
oInvCollPH,1360,96,0004F3F5,0,1,1,4294967295,0,0
oInvCollPH,1376,96,0010BEF8,0,1,1,4294967295,0,0
oInvCollPH,1792,112,00349838,0,1,1,4294967295,0,0
oInvCollPH,1808,112,00397680,0,1,1,4294967295,0,0
oInvCollPH,1824,112,00402AC3,0,1,1,4294967295,0,0
oInvCollPH,1840,112,00364643,0,1,1,4294967295,0,0
oInvCollPH,1840,96,00037C69,0,1,1,4294967295,0,0
oInvCollPH,1648,48,001CEB39,0,1,1,4294967295,0,0
oInvCollPH,1648,32,00099D7B,0,1,1,4294967295,0,0
oInvCollPH,1664,16,000B03A2,0,1,1,4294967295,0,0
oInvCollPH,1648,64,002ECADF,0,1,1,4294967295,0,0
oInvCollPH,1728,80,000A0C7C,0,1,1,4294967295,0,0
oInvCollPH,1744,80,0033E998,0,1,1,4294967295,0,0
oInvCollPH,1760,80,00118EC3,0,1,1,4294967295,0,0
oInvCollPH,1776,80,000D685B,0,1,1,4294967295,0,0
oInvCollPH,1856,80,003F3314,0,1,1,4294967295,0,0
oInvCollPH,1872,80,00390C98,0,1,1,4294967295,0,0
oInvCollPH,1888,80,00227B58,0,1,1,4294967295,0,0
oInvCollPH,1904,80,0021942E,0,1,1,4294967295,0,0
oInvCollPH,1920,80,003BF214,0,1,1,4294967295,0,0
oInvCollPH,1936,80,00206629,0,1,1,4294967295,0,0
oInvCollPH,1952,80,0033CF92,0,1,1,4294967295,0,0
oInvCollPH,1968,80,004040F4,0,1,1,4294967295,0,0
oInvCollPH,1632,48,003C3569,0,1,1,4294967295,0,0
oInvCollPH,1632,64,001E6A53,0,1,1,4294967295,0,0
oInvCollPH,1632,80,002C2AC9,0,1,1,4294967295,0,0
oInvCollPH,1648,80,0002B247,0,1,1,4294967295,0,0
oInvCollPH,1984,96,0028AE01,0,1,1,4294967295,0,0
oInvCollPH,1984,112,0038416D,0,1,1,4294967295,0,0
oInvCollPH,1984,128,00334236,0,1,1,4294967295,0,0
oInvCollPH,1984,144,0024B256,0,1,1,4294967295,0,0
oInvCollPH,1968,160,0022D8EF,0,1,1,4294967295,0,0
oInvCollPH,1952,176,0028C0FA,0,1,1,4294967295,0,0
oInvCollPH,1952,192,000694F3,0,1,1,4294967295,0,0
oInvCollPH,1984,208,003941E1,0,1,1,4294967295,0,0
oInvCollPH,2000,208,0014BD3D,0,1,1,4294967295,0,0
oInvCollPH,2016,208,001E668B,0,1,1,4294967295,0,0
oInvCollPH,2032,208,00085D1E,0,1,1,4294967295,0,0
oInvCollPH,1280,208,003D282E,0,1,1,4294967295,0,0
oInvCollPH,1280,224,00015093,0,1,1,4294967295,0,0
oInvCollPH,1280,240,0036FB1F,0,1,1,4294967295,0,0
oInvCollPH,1280,256,00074697,0,1,1,4294967295,0,0
oInvCollPH,1280,272,000FBB3F,0,1,1,4294967295,0,0
oInvCollPH,1296,192,001F704C,0,1,1,4294967295,0,0
oInvCollPH,1296,208,00318314,0,1,1,4294967295,0,0
oInvCollPH,1296,224,0016C341,0,1,1,4294967295,0,0
oInvCollPH,1296,240,0034A6EC,0,1,1,4294967295,0,0
oInvCollPH,1296,256,0019B625,0,1,1,4294967295,0,0
oInvCollPH,1296,272,001E598F,0,1,1,4294967295,0,0
oInvCollPH,1632,208,0017385F,0,1,1,4294967295,0,0
oInvCollPH,1632,224,00096C8B,0,1,1,4294967295,0,0
oInvCollPH,1632,240,00212593,0,1,1,4294967295,0,0
oInvCollPH,1632,256,0022539A,0,1,1,4294967295,0,0
oInvCollPH,1632,272,00237BB1,0,1,1,4294967295,0,0
oInvCollPH,1648,192,0035299B,0,1,1,4294967295,0,0
oInvCollPH,1648,208,000978D1,0,1,1,4294967295,0,0
oInvCollPH,1648,224,0034EDBE,0,1,1,4294967295,0,0
oInvCollPH,1648,240,001759C6,0,1,1,4294967295,0,0
oInvCollPH,1648,256,003E4D4D,0,1,1,4294967295,0,0
oInvCollPH,1648,272,0010C1AB,0,1,1,4294967295,0,0
oInvCollPH,1952,208,0021356E,0,1,1,4294967295,0,0
oInvCollPH,1968,208,001FA2D0,0,1,1,4294967295,0,0
oEnemySpawnZone,1632,96,00274355,0,1,1,4294967295,0,1
oEnemySpawnZone,1648,96,001E22E3,0,1,1,4294967295,0,1
oInvCollPH,1680,16,00289B85,0,1,1,4294967295,0,0
oInvCollPH,1696,16,0033CA47,0,1,1,4294967295,0,0
oInvCollPH,1712,16,002CF9A0,0,1,1,4294967295,0,0
oInvCollPH,1728,16,002B5827,0,1,1,4294967295,0,0
oInvCollPH,1744,16,000F82D5,0,1,1,4294967295,0,0
oInvCollPH,1760,16,00298C67,0,1,1,4294967295,0,0
oInvCollPH,1776,16,0011C03E,0,1,1,4294967295,0,0
oInvCollPH,1792,16,001E1870,0,1,1,4294967295,0,0
oInvCollPH,1808,16,00402336,0,1,1,4294967295,0,0
oInvCollPH,1824,16,0020DFC6,0,1,1,4294967295,0,0
oInvCollPH,1840,16,0030570E,0,1,1,4294967295,0,0
oInvCollPH,1856,16,0012745F,0,1,1,4294967295,0,0
oInvCollPH,1872,16,002E732F,0,1,1,4294967295,0,0
oInvCollPH,1888,16,001CF16C,0,1,1,4294967295,0,0
oInvCollPH,1904,16,002E7BCF,0,1,1,4294967295,0,0
oInvCollPH,1920,16,00194FDE,0,1,1,4294967295,0,0
oInvCollPH,1936,16,000C2CCE,0,1,1,4294967295,0,0
oInvCollPH,1952,16,0005D9F8,0,1,1,4294967295,0,0
oInvCollPH,1968,16,0001717C,0,1,1,4294967295,0,0
oInvCollPH,1984,48,0004DC33,0,1,1,4294967295,0,0
oInvCollPH,1968,64,003E4E77,0,1,1,4294967295,0,0
oInvCollPH,1952,64,00043B29,0,1,1,4294967295,0,0
oInvCollPH,1936,64,00188562,0,1,1,4294967295,0,0
oInvCollPH,1920,64,0035DD83,0,1,1,4294967295,0,0
oInvCollPH,1904,64,0008E3DF,0,1,1,4294967295,0,0
oInvCollPH,1888,64,003DCE80,0,1,1,4294967295,0,0
oInvCollPH,1872,64,00141530,0,1,1,4294967295,0,0
oInvCollPH,1856,64,0021E081,0,1,1,4294967295,0,0
oInvCollPH,1840,64,00138954,0,1,1,4294967295,0,0
oInvCollPH,1824,64,003EBB65,0,1,1,4294967295,0,0
oInvCollPH,1808,64,00376DB9,0,1,1,4294967295,0,0
oInvCollPH,1792,64,0007D605,0,1,1,4294967295,0,0
oInvCollPH,1776,64,0032899D,0,1,1,4294967295,0,0
oInvCollPH,1760,64,0015161F,0,1,1,4294967295,0,0
oInvCollPH,1744,64,00156CB2,0,1,1,4294967295,0,0
oEnemySpawnZone,1616,96,00040D82,0,1,1,4294967295,0,1
oInvisibleSolid,0,288,00262680,0,1,1,4294967295,0,1
oInvisibleSolid,0,32,002EB913,0,1,1,4294967295,0,1
oInvisibleSolid,0,0,001A766C,0,1,1,4294967295,0,1
oEmSmokeA,200,192,000F541A,0,1,1,4294967295,0,1
oEmSmokeA,304,192,000CD7CE,0,1,1,4294967295,0,1
oInvisibleSolid,160,96,001DB2D7,0,1,1,4294967295,0,1
oInvisibleSolid,176,112,0039764F,0,1,1,4294967295,0,1
oEmSmokeA,512,216,0007E21E,0,1,1,4294967295,0,1
oEmSmokeA,840,168,000F9BC9,0,1,1,4294967295,0,1
oEmSmokeA,928,168,0004794C,0,1,1,4294967295,0,1
oEmSmokeA,1816,200,00285ABD,0,1,1,4294967295,0,1
oInvisibleSolid,1104,96,000C3550,0,1,1,4294967295,0,1
oInvisibleSolid,1120,112,0016CD31,0,1,1,4294967295,0,1
oInvisibleSolid,1280,192,002C68CF,0,1,1,4294967295,0,1
oInvisibleSolid,1632,192,0039309D,0,1,1,4294967295,0,1
oInvisibleSolid,1792,96,0020D0F9,0,1,1,4294967295,0,1
oInvisibleSolid,1984,32,000B91EB,0,1,1,4294967295,0,1
oInvisibleSolid,1632,32,00311592,0,1,1,4294967295,0,1
oInvisibleSolid,1728,64,000A4884,0,1,1,4294967295,0,1
oInvisibleSolid,1952,160,00114D2A,0,1,1,4294967295,0,1
