oMCastle_TorchA,1256,208,0034C11B,0,1,1,4294967295,0,0
oMCastle_TorchA,1384,272,00293DB7,0,1,1,4294967295,0,0
oMCastle_TorchA,408,240,003A2B61,0,1,1,4294967295,0,0
oMCastle_TorchA,552,240,003BF0F2,0,1,1,4294967295,0,0
oExit,0,352,001D4919,0,1,1,4294967295,0,1
oExit,1600,288,0019F6FC,0,1,1,4294967295,0,1
oMCastle_PlatA,480,304,0005F215,0,1,1,4294967295,0,0
oPlayer1,48,384,003BE8BF,0,1,1,4294967295,0,0
oInvCollPH,336,224,002B5F86,0,1,1,4294967295,0,0
oInvCollPH,48,384,000B25C7,0,1,1,4294967295,0,0
oInvCollPH,32,384,0008B670,0,1,1,4294967295,0,0
oInvCollPH,16,384,0010C659,0,1,1,4294967295,0,0
oInvCollPH,112,384,00247120,0,1,1,4294967295,0,0
oInvCollPH,96,384,001102F2,0,1,1,4294967295,0,0
oInvCollPH,80,384,002DB8C5,0,1,1,4294967295,0,0
oInvCollPH,64,384,002511E2,0,1,1,4294967295,0,0
oInvCollPH,176,384,0021BCAB,0,1,1,4294967295,0,0
oInvCollPH,160,384,003B4922,0,1,1,4294967295,0,0
oInvCollPH,144,384,000CBE5E,0,1,1,4294967295,0,0
oInvCollPH,128,384,0013158F,0,1,1,4294967295,0,0
oInvCollPH,192,384,0000D1F0,0,1,1,4294967295,0,0
oInvCollPH,208,384,0006304A,0,1,1,4294967295,0,0
oInvCollPH,224,384,000F5F95,0,1,1,4294967295,0,0
oInvCollPH,240,384,0036C0DC,0,1,1,4294967295,0,0
oInvCollPH,256,384,0000F035,0,1,1,4294967295,0,0
oInvCollPH,272,384,0027DB45,0,1,1,4294967295,0,0
oInvCollPH,288,384,00149A41,0,1,1,4294967295,0,0
oInvCollPH,304,384,0039AC17,0,1,1,4294967295,0,0
oInvCollPH,320,384,001DD824,0,1,1,4294967295,0,0
oInvCollPH,320,400,002ECC95,0,1,1,4294967295,0,0
oInvCollPH,320,416,00090094,0,1,1,4294967295,0,0
oInvCollPH,320,432,002B41F8,0,1,1,4294967295,0,0
oInvCollPH,320,448,003F7AA7,0,1,1,4294967295,0,0
oInvCollPH,320,464,001F5884,0,1,1,4294967295,0,0
oInvCollPH,336,144,0010A7CD,0,1,1,4294967295,0,0
oInvCollPH,336,128,00399BB3,0,1,1,4294967295,0,0
oInvCollPH,336,160,0016DF7E,0,1,1,4294967295,0,0
oInvCollPH,336,176,0009B26D,0,1,1,4294967295,0,0
oInvCollPH,336,192,001F97DA,0,1,1,4294967295,0,0
oInvCollPH,336,208,002B928C,0,1,1,4294967295,0,0
oInvCollPH,208,208,00238DDF,0,1,1,4294967295,0,0
oInvCollPH,192,208,00225DCA,0,1,1,4294967295,0,0
oInvCollPH,304,208,000A288D,0,1,1,4294967295,0,0
oInvCollPH,96,208,00238364,0,1,1,4294967295,0,0
oInvCollPH,80,208,002A1045,0,1,1,4294967295,0,0
oInvCollPH,64,208,001F69E7,0,1,1,4294967295,0,0
oInvCollPH,48,208,000BB924,0,1,1,4294967295,0,0
oInvCollPH,32,208,00123751,0,1,1,4294967295,0,0
oInvCollPH,16,208,00088B03,0,1,1,4294967295,0,0
oInvCollPH,0,208,001B6F2A,0,1,1,4294967295,0,0
oInvCollPH,352,112,00264569,0,1,1,4294967295,0,0
oInvCollPH,368,112,001B4994,0,1,1,4294967295,0,0
oInvCollPH,384,112,000D13DE,0,1,1,4294967295,0,0
oInvCollPH,400,112,0001B634,0,1,1,4294967295,0,0
oInvCollPH,416,112,00364D96,0,1,1,4294967295,0,0
oInvCollPH,432,112,00031DBE,0,1,1,4294967295,0,0
oInvCollPH,448,112,000179DD,0,1,1,4294967295,0,0
oInvCollPH,464,112,0035D79C,0,1,1,4294967295,0,0
oInvCollPH,480,112,0032ED14,0,1,1,4294967295,0,0
oInvCollPH,496,112,0004B10D,0,1,1,4294967295,0,0
oInvCollPH,576,160,0031684C,0,1,1,4294967295,0,0
oInvCollPH,576,144,0011E665,0,1,1,4294967295,0,0
oInvCollPH,560,112,0035C8D8,0,1,1,4294967295,0,0
oInvCollPH,544,112,003F80B7,0,1,1,4294967295,0,0
oInvCollPH,528,112,00210058,0,1,1,4294967295,0,0
oInvCollPH,512,112,0005B079,0,1,1,4294967295,0,0
oInvCollPH,576,176,001D0744,0,1,1,4294967295,0,0
oInvCollPH,576,192,002D100D,0,1,1,4294967295,0,0
oInvCollPH,576,208,001680D1,0,1,1,4294967295,0,0
oInvCollPH,576,224,0000D34F,0,1,1,4294967295,0,0
oInvCollPH,576,240,002D6BA1,0,1,1,4294967295,0,0
oInvCollPH,624,240,00328C91,0,1,1,4294967295,0,0
oInvCollPH,624,224,0002F6EF,0,1,1,4294967295,0,0
oInvCollPH,624,208,003BAC14,0,1,1,4294967295,0,0
oInvCollPH,624,192,003A2796,0,1,1,4294967295,0,0
oInvCollPH,624,176,00069285,0,1,1,4294967295,0,0
oInvCollPH,624,160,00172BA0,0,1,1,4294967295,0,0
oInvCollPH,624,144,002E1B9C,0,1,1,4294967295,0,0
oInvCollPH,624,128,002985A4,0,1,1,4294967295,0,0
oInvCollPH,624,112,0015DB15,0,1,1,4294967295,0,0
oInvCollPH,624,96,003D7252,0,1,1,4294967295,0,0
oInvCollPH,640,80,0002A780,0,1,1,4294967295,0,0
oInvCollPH,656,80,0001F9AD,0,1,1,4294967295,0,0
oInvCollPH,672,80,0007ABD9,0,1,1,4294967295,0,0
oInvCollPH,688,80,00228AB5,0,1,1,4294967295,0,0
oInvCollPH,704,80,0005E036,0,1,1,4294967295,0,0
oInvCollPH,720,80,0018390C,0,1,1,4294967295,0,0
oInvCollPH,736,80,00271092,0,1,1,4294967295,0,0
oInvCollPH,752,80,000AED8B,0,1,1,4294967295,0,0
oInvCollPH,768,80,000DD1F7,0,1,1,4294967295,0,0
oInvCollPH,784,80,0035694E,0,1,1,4294967295,0,0
oInvCollPH,800,80,000EC42C,0,1,1,4294967295,0,0
oInvCollPH,816,80,00395BAF,0,1,1,4294967295,0,0
oInvCollPH,832,240,000A5630,0,1,1,4294967295,0,0
oInvCollPH,832,256,0026264E,0,1,1,4294967295,0,0
oInvCollPH,832,272,000166CC,0,1,1,4294967295,0,0
oInvCollPH,832,288,0033D648,0,1,1,4294967295,0,0
oInvCollPH,832,304,0032A474,0,1,1,4294967295,0,0
oInvCollPH,832,320,001D0672,0,1,1,4294967295,0,0
oInvCollPH,832,336,000844B7,0,1,1,4294967295,0,0
oInvCollPH,832,352,001BE840,0,1,1,4294967295,0,0
oInvCollPH,832,368,001CCE2F,0,1,1,4294967295,0,0
oInvCollPH,848,224,00287BA1,0,1,1,4294967295,0,0
oInvCollPH,864,224,003000FC,0,1,1,4294967295,0,0
oInvCollPH,880,224,003D7997,0,1,1,4294967295,0,0
oInvCollPH,896,224,00250EEA,0,1,1,4294967295,0,0
oInvCollPH,912,224,002FA948,0,1,1,4294967295,0,0
oInvCollPH,928,224,001482A3,0,1,1,4294967295,0,0
oInvCollPH,944,224,00187BE2,0,1,1,4294967295,0,0
oInvCollPH,960,224,00370326,0,1,1,4294967295,0,0
oInvCollPH,976,224,00331EA1,0,1,1,4294967295,0,0
oInvCollPH,992,224,000FB6DA,0,1,1,4294967295,0,0
oInvCollPH,1008,224,00090500,0,1,1,4294967295,0,0
oInvCollPH,1024,224,00248717,0,1,1,4294967295,0,0
oInvCollPH,832,384,000CC652,0,1,1,4294967295,0,0
oInvCollPH,832,400,0032E0B5,0,1,1,4294967295,0,0
oInvCollPH,832,416,000901FB,0,1,1,4294967295,0,0
oInvCollPH,832,432,003E73F2,0,1,1,4294967295,0,0
oInvCollPH,832,448,002940B7,0,1,1,4294967295,0,0
oInvCollPH,832,464,000A9F9A,0,1,1,4294967295,0,0
oInvCollPH,1440,176,003C06DE,0,1,1,4294967295,0,0
oInvCollPH,1040,224,000E5F83,0,1,1,4294967295,0,0
oInvCollPH,1056,224,00278EEB,0,1,1,4294967295,0,0
oInvCollPH,1072,224,00052CDA,0,1,1,4294967295,0,0
oInvCollPH,1088,224,00092D14,0,1,1,4294967295,0,0
oInvCollPH,1104,224,001AEF9D,0,1,1,4294967295,0,0
oInvCollPH,1120,224,00123702,0,1,1,4294967295,0,0
oInvCollPH,1136,224,0023C98D,0,1,1,4294967295,0,0
oInvCollPH,1152,224,0027CB94,0,1,1,4294967295,0,0
oInvCollPH,1168,224,0015FD95,0,1,1,4294967295,0,0
oInvCollPH,1184,224,003BF3A4,0,1,1,4294967295,0,0
oInvCollPH,1200,224,00272318,0,1,1,4294967295,0,0
oInvCollPH,1408,320,00058F3C,0,1,1,4294967295,0,0
oInvCollPH,1424,320,002701BA,0,1,1,4294967295,0,0
oInvCollPH,1488,320,00175089,0,1,1,4294967295,0,0
oInvCollPH,1472,320,00288100,0,1,1,4294967295,0,0
oInvCollPH,1456,320,000F965C,0,1,1,4294967295,0,0
oInvCollPH,1440,320,0034DA6D,0,1,1,4294967295,0,0
oInvCollPH,1552,320,0021114B,0,1,1,4294967295,0,0
oInvCollPH,1536,320,0023D32A,0,1,1,4294967295,0,0
oInvCollPH,1520,320,003CE3BF,0,1,1,4294967295,0,0
oInvCollPH,1504,320,0016B98D,0,1,1,4294967295,0,0
oInvCollPH,1568,320,001048A5,0,1,1,4294967295,0,0
oInvCollPH,1584,320,0011E2E3,0,1,1,4294967295,0,0
oInvCollPH,1600,320,0029FC31,0,1,1,4294967295,0,0
oInvCollPH,1184,96,001F210A,0,1,1,4294967295,0,0
oInvCollPH,1200,96,000CD166,0,1,1,4294967295,0,0
oInvCollPH,1216,96,002D61A1,0,1,1,4294967295,0,0
oInvCollPH,832,80,0033FCA8,0,1,1,4294967295,0,0
oInvCollPH,928,80,00402909,0,1,1,4294967295,0,0
oInvCollPH,944,80,002D507A,0,1,1,4294967295,0,0
oInvCollPH,1040,80,000CCAB2,0,1,1,4294967295,0,0
oInvCollPH,1056,80,00217F46,0,1,1,4294967295,0,0
oInvCollPH,1152,80,0039EB1D,0,1,1,4294967295,0,0
oInvCollPH,1552,160,001CC381,0,1,1,4294967295,0,0
oInvCollPH,1568,160,002AB0F5,0,1,1,4294967295,0,0
oInvCollPH,1584,160,002B2205,0,1,1,4294967295,0,0
oInvCollPH,1600,160,0005154E,0,1,1,4294967295,0,0
oInvCollPH,1456,160,00012FE2,0,1,1,4294967295,0,0
oInvCollPH,576,256,00276CB6,0,1,1,4294967295,0,0
oInvCollPH,592,256,0015DDF9,0,1,1,4294967295,0,0
oInvCollPH,608,256,001368FE,0,1,1,4294967295,0,0
oInvCollPH,624,256,0034D2CF,0,1,1,4294967295,0,0
oInvisibleSolid,0,384,00261BEC,0,1,1,4294967295,0,1
oInvisibleRCeilingSlope,112,224,0029812D,0,1,1,4294967295,0,0
oInvisibleRCeilingSlope,128,240,00358326,0,1,1,4294967295,0,0
oInvisibleRCeilingSlope,224,224,0013DAB4,0,1,1,4294967295,0,0
oInvisibleRCeilingSlope,240,240,00131E4D,0,1,1,4294967295,0,0
oInvisibleLCeilingSlope,160,240,00401957,0,1,1,4294967295,0,0
oInvisibleLCeilingSlope,176,224,0009AAED,0,1,1,4294967295,0,0
oInvisibleLCeilingSlope,272,240,00327D8C,0,1,1,4294967295,0,0
oInvisibleLCeilingSlope,288,224,0022BD95,0,1,1,4294967295,0,0
oInvisibleSolid,144,240,0028E931,0,1,1,4294967295,0,0
oInvisibleSolid,128,224,00059D15,0,1,1,4294967295,0,1
oInvisibleSolid,256,240,001198CB,0,1,1,4294967295,0,0
oInvisibleSolid,240,224,00205347,0,1,1,4294967295,0,1
oInvisibleSolid,320,224,002489EE,0,1,1,4294967295,0,1
oInvisibleSolid,0,0,003B1F32,0,1,1,4294967295,0,1
oInvisibleSolid,352,0,000A94F7,0,1,1,4294967295,0,1
oInvisibleSolid,576,128,000FA45C,0,1,1,4294967295,0,1
oInvisibleSolid,640,0,000DF015,0,1,1,4294967295,0,1
oInvisibleSolid,832,224,00296CCB,0,1,1,4294967295,0,1
oInvisibleLupLowSlope,1248,240,000DA9D1,0,1,1,4294967295,0,0
oInvisibleLupLowSlope,1216,224,002681FD,0,1,1,4294967295,0,0
oInvisibleLupLowSlope,1280,256,001F7F2A,0,1,1,4294967295,0,0
oInvisibleLupLowSlope,1312,272,000863C0,0,1,1,4294967295,0,0
oInvisibleLupLowSlope,1344,288,001EF396,0,1,1,4294967295,0,0
oInvisibleLupLowSlope,1376,304,0014C815,0,1,1,4294967295,0,0
oInvisibleRCeilingLowSlope,1248,96,003C7FEF,0,1,1,4294967295,0,0
oInvisibleRCeilingLowSlope,1280,112,000D6E1D,0,1,1,4294967295,0,0
oInvisibleRCeilingLowSlope,1312,128,001C97CB,0,1,1,4294967295,0,0
oInvisibleRCeilingLowSlope,1344,144,002FDE09,0,1,1,4294967295,0,0
oInvisibleRCeilingLowSlope,1376,160,003AE7C3,0,1,1,4294967295,0,0
oInvisibleRCeilingLowSlope,1408,176,00276A77,0,1,1,4294967295,0,0
oInvisibleRCeilingLowSlope,1216,80,001C772F,0,1,1,4294967295,0,0
oInvisibleRCeilingSlope,1472,176,0015FA4C,0,1,1,4294967295,0,0
oInvisibleRCeilingSlope,1488,192,003D6271,0,1,1,4294967295,0,0
oInvisibleRCeilingSlope,976,112,002B79B9,0,1,1,4294967295,0,0
oInvisibleRCeilingSlope,960,96,0009C7DC,0,1,1,4294967295,0,0
oInvisibleRCeilingSlope,1088,112,00044166,0,1,1,4294967295,0,0
oInvisibleRCeilingSlope,1072,96,002115AF,0,1,1,4294967295,0,0
oInvisibleRCeilingSlope,864,112,001AB378,0,1,1,4294967295,0,0
oInvisibleRCeilingSlope,848,96,00330C3E,0,1,1,4294967295,0,0
oInvisibleLCeilingSlope,896,112,000F25E2,0,1,1,4294967295,0,0
oInvisibleLCeilingSlope,912,96,001279D2,0,1,1,4294967295,0,0
oInvisibleLCeilingSlope,1008,112,002318A7,0,1,1,4294967295,0,0
oInvisibleLCeilingSlope,1024,96,003F010A,0,1,1,4294967295,0,0
oInvisibleLCeilingSlope,1120,112,0034D306,0,1,1,4294967295,0,0
oInvisibleLCeilingSlope,1136,96,001D3A69,0,1,1,4294967295,0,0
oInvisibleLCeilingSlope,1520,192,00163A35,0,1,1,4294967295,0,0
oInvisibleLCeilingSlope,1536,176,002CD8F0,0,1,1,4294967295,0,0
oInvisibleSolid,880,112,0020B861,0,1,1,4294967295,0,0
oInvisibleSolid,864,96,003B5217,0,1,1,4294967295,0,1
oInvisibleSolid,976,96,00213D42,0,1,1,4294967295,0,1
oInvisibleSolid,992,112,0029037F,0,1,1,4294967295,0,0
oInvisibleSolid,1088,96,003ECCC8,0,1,1,4294967295,0,1
oInvisibleSolid,1104,112,00094803,0,1,1,4294967295,0,0
oInvisibleSolid,1488,176,0022A4C1,0,1,1,4294967295,0,1
oInvisibleSolid,1504,192,00213EC8,0,1,1,4294967295,0,0
oInvisibleSolid,1424,176,0031DDD7,0,1,1,4294967295,0,1
oInvisibleSolid,1216,240,00370318,0,1,1,4294967295,0,1
oInvisibleSolid,1248,256,000C79CA,0,1,1,4294967295,0,1
oInvisibleSolid,1280,272,0035C544,0,1,1,4294967295,0,1
oInvisibleSolid,1312,288,001713E9,0,1,1,4294967295,0,1
oInvisibleSolid,1344,304,00233EB3,0,1,1,4294967295,0,1
oInvisibleSolid,1376,320,00304F9E,0,1,1,4294967295,0,1
oInvisibleSolid,1408,0,000AD6BE,0,1,1,4294967295,0,1
oInvisibleSolid,1376,0,0005C39D,0,1,1,4294967295,0,1
oInvisibleSolid,1344,0,00125819,0,1,1,4294967295,0,1
oInvisibleSolid,1312,0,00219E55,0,1,1,4294967295,0,1
oInvisibleSolid,1280,0,0032D829,0,1,1,4294967295,0,1
oInvisibleSolid,1248,0,002D260B,0,1,1,4294967295,0,1
oInvisibleSolid,1232,0,000E9CE0,0,1,1,4294967295,0,1
oInvisibleSolid,1168,96,001FD31F,0,1,1,4294967295,0,1
