oPlayer1,240,192,00192BFB,0,1,1,4294967295,0,0
oInvCollPH,224,192,0026299B,0,1,1,4294967295,0,0
oInvCollPH,240,192,002A01B9,0,1,1,4294967295,0,0
oInvCollPH,256,192,0010009A,0,1,1,4294967295,0,0
oInvCollPH,176,144,0034F4D5,0,1,1,4294967295,0,0
oInvCollPH,176,48,002107C4,0,1,1,4294967295,0,0
oInvCollPH,176,32,001B8DC2,0,1,1,4294967295,0,0
oInvCollPH,176,16,0020DBD9,0,1,1,4294967295,0,0
oInvCollPH,176,0,00292C46,0,1,1,4294967295,0,0
oInvCollPH,176,128,003FB4AC,0,1,1,4294967295,0,0
oInvCollPH,176,112,00075FBB,0,1,1,4294967295,0,0
oInvCollPH,176,96,00063772,0,1,1,4294967295,0,0
oInvCollPH,176,80,0027E402,0,1,1,4294967295,0,0
oInvCollPH,176,64,002266E1,0,1,1,4294967295,0,0
oInvCollPH,176,160,003DF442,0,1,1,4294967295,0,0
oInvCollPH,176,176,00221B01,0,1,1,4294967295,0,0
oInvCollPH,176,192,001DA5BA,0,1,1,4294967295,0,0
oInvCollPH,176,208,002FB9BE,0,1,1,4294967295,0,0
oInvCollPH,176,224,00109125,0,1,1,4294967295,0,0
oInvCollPH,176,240,001E7DEA,0,1,1,4294967295,0,0
oInvCollPH,176,256,001F1929,0,1,1,4294967295,0,0
oInvCollPH,176,272,00025BC4,0,1,1,4294967295,0,0
oInvCollPH,176,288,003D23AF,0,1,1,4294967295,0,0
oInvCollPH,176,304,00287DE5,0,1,1,4294967295,0,0
oInvCollPH,176,320,0025EC45,0,1,1,4294967295,0,0
oInvCollPH,176,336,00290128,0,1,1,4294967295,0,0
oInvCollPH,288,336,001D1765,0,1,1,4294967295,0,0
oInvCollPH,288,320,001551B1,0,1,1,4294967295,0,0
oInvCollPH,288,304,002A72D3,0,1,1,4294967295,0,0
oInvCollPH,288,288,002FC247,0,1,1,4294967295,0,0
oInvCollPH,288,272,001C0F45,0,1,1,4294967295,0,0
oInvCollPH,288,256,001C715C,0,1,1,4294967295,0,0
oInvCollPH,288,240,0009CE05,0,1,1,4294967295,0,0
oInvCollPH,288,224,0017DF20,0,1,1,4294967295,0,0
oInvCollPH,288,208,000E707E,0,1,1,4294967295,0,0
oInvCollPH,288,192,003540C4,0,1,1,4294967295,0,0
oInvCollPH,288,176,00191E28,0,1,1,4294967295,0,0
oInvCollPH,288,160,001CB930,0,1,1,4294967295,0,0
oInvCollPH,288,144,0036306E,0,1,1,4294967295,0,0
oInvCollPH,288,128,00315D50,0,1,1,4294967295,0,0
oInvCollPH,288,112,00333FCB,0,1,1,4294967295,0,0
oInvCollPH,288,96,00349EB7,0,1,1,4294967295,0,0
oInvCollPH,288,80,0027C0C4,0,1,1,4294967295,0,0
oInvCollPH,288,64,0023BB97,0,1,1,4294967295,0,0
oInvCollPH,288,48,002B1E79,0,1,1,4294967295,0,0
oInvCollPH,288,32,003CE86D,0,1,1,4294967295,0,0
oInvCollPH,288,16,00322363,0,1,1,4294967295,0,0
oInvisibleSolid,288,0,0008053C,0,1,1,4294967295,0,1
oInvisibleSolid,0,0,002D4CC7,0,1,1,4294967295,0,1
oInvisibleSolid,208,192,0036D28B,0,1,1,4294967295,0,1
