oExit,864,288,003E4CE7,0,1,1,4294967295,0,1
oExit,432,288,0003C2FB,0,1,1,4294967295,0,1
oHealingPost,656,320,00137209,0,1,1,4294967295,0,0
oPlayer1,832,320,002C515D,0,1,1,4294967295,0,0
oInvCollPH,176,256,0027205C,0,1,1,4294967295,0,0
oInvCollPH,192,256,000817EB,0,1,1,4294967295,0,0
oInvCollPH,208,256,0023E8F7,0,1,1,4294967295,0,0
oInvCollPH,208,272,001A8899,0,1,1,4294967295,0,0
oInvCollPH,160,272,002B316A,0,1,1,4294967295,0,0
oInvCollPH,160,304,003623BD,0,1,1,4294967295,0,0
oInvCollPH,224,288,003EB27B,0,1,1,4294967295,0,0
oInvCollPH,240,288,0036685E,0,1,1,4294967295,0,0
oInvCollPH,240,304,001DD65B,0,1,1,4294967295,0,0
oInvCollPH,16,320,0012E1B3,0,1,1,4294967295,0,0
oInvCollPH,32,320,002267E3,0,1,1,4294967295,0,0
oInvCollPH,48,320,001A66A9,0,1,1,4294967295,0,0
oInvCollPH,64,320,00181B44,0,1,1,4294967295,0,0
oInvCollPH,80,320,0027B7CB,0,1,1,4294967295,0,0
oInvCollPH,96,320,00104CCE,0,1,1,4294967295,0,0
oInvCollPH,112,320,0002E597,0,1,1,4294967295,0,0
oInvCollPH,128,320,00118F97,0,1,1,4294967295,0,0
oInvCollPH,144,320,0023B704,0,1,1,4294967295,0,0
oInvCollPH,256,320,0037D006,0,1,1,4294967295,0,0
oInvCollPH,272,320,00092A85,0,1,1,4294967295,0,0
oInvCollPH,288,320,00172E67,0,1,1,4294967295,0,0
oInvCollPH,304,320,00190419,0,1,1,4294967295,0,0
oInvCollPH,320,320,000056B8,0,1,1,4294967295,0,0
oInvCollPH,336,320,00273845,0,1,1,4294967295,0,0
oInvCollPH,352,320,0012E1E3,0,1,1,4294967295,0,0
oInvCollPH,368,320,001C9909,0,1,1,4294967295,0,0
oInvCollPH,384,320,0013464A,0,1,1,4294967295,0,0
oInvCollPH,400,320,001F8099,0,1,1,4294967295,0,0
oInvCollPH,416,320,00176AF9,0,1,1,4294967295,0,0
oInvCollPH,432,320,001541C8,0,1,1,4294967295,0,0
oInvCollPH,448,320,00127A09,0,1,1,4294967295,0,0
oInvCollPH,464,320,002C45F0,0,1,1,4294967295,0,0
oInvCollPH,480,320,000003F9,0,1,1,4294967295,0,0
oInvCollPH,496,320,001AD58A,0,1,1,4294967295,0,0
oInvCollPH,512,320,002ED394,0,1,1,4294967295,0,0
oInvCollPH,528,320,00128A07,0,1,1,4294967295,0,0
oInvCollPH,544,320,00310A74,0,1,1,4294967295,0,0
oInvCollPH,560,320,0000D2DC,0,1,1,4294967295,0,0
oInvCollPH,576,320,001AA938,0,1,1,4294967295,0,0
oInvCollPH,592,320,00111F85,0,1,1,4294967295,0,0
oInvCollPH,608,320,00187682,0,1,1,4294967295,0,0
oInvCollPH,624,320,002DFF1B,0,1,1,4294967295,0,0
oInvCollPH,640,320,00388292,0,1,1,4294967295,0,0
oInvCollPH,656,320,002EFAD2,0,1,1,4294967295,0,0
oInvCollPH,672,320,00176FBF,0,1,1,4294967295,0,0
oInvCollPH,688,320,002C0AA3,0,1,1,4294967295,0,0
oInvCollPH,704,320,002BB9DC,0,1,1,4294967295,0,0
oInvCollPH,720,320,0002196C,0,1,1,4294967295,0,0
oInvCollPH,736,320,000061E9,0,1,1,4294967295,0,0
oInvCollPH,752,320,00341A0E,0,1,1,4294967295,0,0
oInvCollPH,768,320,000BDDB6,0,1,1,4294967295,0,0
oInvCollPH,784,320,00334CF4,0,1,1,4294967295,0,0
oInvCollPH,800,320,0000D474,0,1,1,4294967295,0,0
oInvCollPH,816,320,00011D1B,0,1,1,4294967295,0,0
oInvCollPH,832,320,002C7A1B,0,1,1,4294967295,0,0
oInvCollPH,848,320,0025846B,0,1,1,4294967295,0,0
oInvCollPH,864,320,000AB330,0,1,1,4294967295,0,0
oInvisibleSolid,0,320,0026D186,0,1,1,4294967295,0,1
oInvisibleSolid,160,256,000AFF48,0,1,1,4294967295,0,1
oInvisibleSolid,160,288,003E762A,0,1,1,4294967295,0,1
