oExit,0,256,00142C30,0,1,1,4294967295,0,1
oExit,1520,304,00241F02,0,1,1,4294967295,0,1
oSwitchHolder,600,72,0009B742,0,1,1,4294967295,0,1
oSwitchHolder,1064,136,0030DCD7,0,1,1,4294967295,0,1
oSwitchHolder,1176,200,003C5240,0,1,1,4294967295,0,1
oSwitchHolder,288,168,00267C26,0,1,1,4294967295,0,1
oSwitchBarrier,128,256,0020B877,0,1,1,4294967295,0,1
oSwitchBarrier,144,256,000B37AA,0,1,1,4294967295,0,1
oSwitchBarrier,160,256,002B0238,0,1,1,4294967295,0,1
oSwitchBarrier,176,256,000DF95D,0,1,1,4294967295,0,1
oChaosLaserGun,208,136,00325FC6,0,1,1,4294967295,0,1
oChaosLaserGun,712,152,000E89C3,0,1,1,4294967295,0,1
oChaosLaserGun,728,152,000BB4C6,0,1,1,4294967295,0,1
oChaosLaserGun,208,104,0017A2E5,0,1,1,4294967295,0,1
oChaosLaserGun,656,168,000133D3,0,1,1,4294967295,0,1
oChaosLaserGun,1232,200,00036322,0,1,1,4294967295,0,1
oChaosLaserGun,1008,168,002C6DB2,0,1,1,4294967295,0,1
oChaosLaserGun,816,104,00249979,0,1,1,4294967295,0,1
oChaosLaserGun,1232,136,0028DA85,0,1,1,4294967295,0,1
oChaosLaserGun,1232,104,0037B979,0,1,1,4294967295,0,1
oChaosLaserGun,696,232,0019A807,0,1,1,4294967295,0,1
oChaosLaserGun,696,232,0023A0C6,0,1,1,4294967295,0,1
oPlayer1,48,272,00087C98,0,1,1,4294967295,0,0
oInvCollPH,16,272,003C9AF3,0,1,1,4294967295,0,0
oInvCollPH,32,272,001A9714,0,1,1,4294967295,0,0
oInvCollPH,48,272,0008C225,0,1,1,4294967295,0,0
oInvCollPH,64,272,0010F12F,0,1,1,4294967295,0,0
oInvCollPH,80,272,00054D7D,0,1,1,4294967295,0,0
oInvCollPH,96,272,001930B6,0,1,1,4294967295,0,0
oInvCollPH,112,272,0031FAA5,0,1,1,4294967295,0,0
oInvCollPH,128,272,003E9576,0,1,1,4294967295,0,0
oInvCollPH,144,272,003ADFCB,0,1,1,4294967295,0,0
oInvCollPH,80,224,00334CFB,0,1,1,4294967295,0,0
oInvCollPH,176,192,0007BF13,0,1,1,4294967295,0,0
oInvCollPH,176,176,003553C7,0,1,1,4294967295,0,0
oInvCollPH,176,160,0035546A,0,1,1,4294967295,0,0
oInvCollPH,176,144,0033C311,0,1,1,4294967295,0,0
oInvCollPH,176,128,00030770,0,1,1,4294967295,0,0
oInvCollPH,176,112,002A586A,0,1,1,4294967295,0,0
oInvCollPH,176,96,003984AB,0,1,1,4294967295,0,0
oInvCollSM,16,240,0002ECD0,0,1,1,4294967295,0,0
oInvCollSM,32,240,0013CAAC,0,1,1,4294967295,0,0
oInvCollSM,48,240,002CCB43,0,1,1,4294967295,0,0
oInvCollSM,64,240,003C5B87,0,1,1,4294967295,0,0
oInvCollSM,80,240,001CCBAE,0,1,1,4294967295,0,0
oInvCollSM,96,208,0033054D,0,1,1,4294967295,0,0
oInvCollSM,112,208,00149BFB,0,1,1,4294967295,0,0
oInvCollSM,128,208,000AB5F9,0,1,1,4294967295,0,0
oInvCollSM,144,208,00340373,0,1,1,4294967295,0,0
oInvCollSM,160,208,0006F182,0,1,1,4294967295,0,0
oInvCollSM,176,208,0019CC80,0,1,1,4294967295,0,0
oInvCollSM,240,176,003D6BCA,0,1,1,4294967295,0,0
oInvCollSM,256,176,00383076,0,1,1,4294967295,0,0
oInvCollSM,272,176,00007249,0,1,1,4294967295,0,0
oInvCollSM,288,176,00282BD4,0,1,1,4294967295,0,0
oInvCollSM,304,176,0000A85F,0,1,1,4294967295,0,0
oInvCollSM,320,176,0012BBB7,0,1,1,4294967295,0,0
oInvCollSM,336,176,0007336D,0,1,1,4294967295,0,0
oInvCollSM,240,144,002FB6B1,0,1,1,4294967295,0,0
oInvCollSM,256,144,000353BA,0,1,1,4294967295,0,0
oInvCollSM,272,144,000FFF19,0,1,1,4294967295,0,0
oInvCollSM,288,144,0001AC2E,0,1,1,4294967295,0,0
oInvCollSM,304,144,0035C1B2,0,1,1,4294967295,0,0
oInvCollSM,320,144,0025EFFF,0,1,1,4294967295,0,0
oInvCollSM,336,144,0021B0FE,0,1,1,4294967295,0,0
oInvCollSM,352,144,0021AFA7,0,1,1,4294967295,0,0
oInvCollSM,368,144,003E06B4,0,1,1,4294967295,0,0
oInvCollSM,384,144,00251A9C,0,1,1,4294967295,0,0
oInvCollSM,400,144,003C1B33,0,1,1,4294967295,0,0
oInvCollSM,416,144,002FAE3F,0,1,1,4294967295,0,0
oInvCollSM,432,144,0032C138,0,1,1,4294967295,0,0
oInvCollSM,448,144,001B384D,0,1,1,4294967295,0,0
oInvCollSM,464,144,00223999,0,1,1,4294967295,0,0
oInvCollSM,208,112,0003174A,0,1,1,4294967295,0,0
oInvCollSM,224,112,00274A98,0,1,1,4294967295,0,0
oInvCollSM,240,112,0010882D,0,1,1,4294967295,0,0
oInvCollSM,256,112,001AABE5,0,1,1,4294967295,0,0
oInvCollSM,272,112,0029ABF7,0,1,1,4294967295,0,0
oInvCollSM,288,112,00057433,0,1,1,4294967295,0,0
oInvCollSM,304,112,00326A3F,0,1,1,4294967295,0,0
oInvCollSM,496,112,0004F2EA,0,1,1,4294967295,0,0
oInvCollSM,480,112,00353CDE,0,1,1,4294967295,0,0
oInvCollSM,464,112,00352D80,0,1,1,4294967295,0,0
oInvCollSM,448,112,0013BCA9,0,1,1,4294967295,0,0
oInvCollSM,432,112,002EB9D2,0,1,1,4294967295,0,0
oInvCollSM,416,112,000B4D89,0,1,1,4294967295,0,0
oInvCollSM,400,112,00292A92,0,1,1,4294967295,0,0
oInvCollSM,384,112,002B3DAE,0,1,1,4294967295,0,0
oInvCollSM,368,112,002BA4D3,0,1,1,4294967295,0,0
oInvCollSM,512,112,002B67A5,0,1,1,4294967295,0,0
oInvCollSM,528,112,001BE1DA,0,1,1,4294967295,0,0
oInvCollSM,544,112,0007F58A,0,1,1,4294967295,0,0
oInvCollSM,560,112,0017DE7D,0,1,1,4294967295,0,0
oInvCollSM,576,112,0019546F,0,1,1,4294967295,0,0
oInvCollSM,592,112,002BA3F5,0,1,1,4294967295,0,0
oInvCollSM,608,112,001C0997,0,1,1,4294967295,0,0
oInvCollSM,624,112,00218475,0,1,1,4294967295,0,0
oInvCollSM,640,112,003770AD,0,1,1,4294967295,0,0
oInvCollSM,656,112,001FA8F1,0,1,1,4294967295,0,0
oInvCollSM,528,144,00116AB5,0,1,1,4294967295,0,0
oInvCollSM,544,144,0024EF3F,0,1,1,4294967295,0,0
oInvCollSM,560,144,00307AAC,0,1,1,4294967295,0,0
oInvCollSM,576,144,000EA913,0,1,1,4294967295,0,0
oInvCollSM,592,144,00048F4D,0,1,1,4294967295,0,0
oInvCollSM,608,144,003814B1,0,1,1,4294967295,0,0
oInvCollSM,624,144,000AA80C,0,1,1,4294967295,0,0
oInvCollSM,640,144,0003E667,0,1,1,4294967295,0,0
oInvCollSM,656,144,003B4CBC,0,1,1,4294967295,0,0
oInvCollSM,528,176,0029CF60,0,1,1,4294967295,0,0
oInvCollSM,512,176,0002AF86,0,1,1,4294967295,0,0
oInvCollSM,496,176,00134229,0,1,1,4294967295,0,0
oInvCollSM,480,176,000E625E,0,1,1,4294967295,0,0
oInvCollSM,464,176,0022D6E2,0,1,1,4294967295,0,0
oInvCollSM,448,176,001A85D0,0,1,1,4294967295,0,0
oInvCollSM,432,176,0039F85E,0,1,1,4294967295,0,0
oInvCollSM,416,176,003E6F09,0,1,1,4294967295,0,0
oInvCollSM,400,176,001997D8,0,1,1,4294967295,0,0
oInvCollSM,544,176,00400F54,0,1,1,4294967295,0,0
oInvCollSM,560,176,00390A14,0,1,1,4294967295,0,0
oInvCollSM,576,176,003EC395,0,1,1,4294967295,0,0
oInvCollSM,592,176,000B7E35,0,1,1,4294967295,0,0
oInvCollSM,608,176,00181796,0,1,1,4294967295,0,0
oInvCollSM,624,176,001BF5B0,0,1,1,4294967295,0,0
oInvCollSM,640,176,002A102D,0,1,1,4294967295,0,0
oInvCollSM,656,176,001BDE16,0,1,1,4294967295,0,0
oInvCollSM,672,176,000C206A,0,1,1,4294967295,0,0
oInvCollSM,688,176,0007FCB3,0,1,1,4294967295,0,0
oInvCollSM,752,176,0003031A,0,1,1,4294967295,0,0
oInvCollSM,720,240,0016DE34,0,1,1,4294967295,0,0
oInvCollSM,736,240,003FE6C7,0,1,1,4294967295,0,0
oInvCollSM,752,240,003ED9DC,0,1,1,4294967295,0,0
oInvCollSM,768,240,002E275F,0,1,1,4294967295,0,0
oInvCollSM,784,240,0005E588,0,1,1,4294967295,0,0
oInvCollSM,800,240,0018D9EE,0,1,1,4294967295,0,0
oInvCollSM,816,240,00240E97,0,1,1,4294967295,0,0
oInvCollSM,832,240,0001A053,0,1,1,4294967295,0,0
oInvCollSM,848,240,0001A99C,0,1,1,4294967295,0,0
oInvCollSM,880,272,000FEEAA,0,1,1,4294967295,0,0
oInvCollSM,896,272,003568B5,0,1,1,4294967295,0,0
oInvCollSM,912,272,000FE4DE,0,1,1,4294967295,0,0
oInvCollSM,928,272,001C1BDF,0,1,1,4294967295,0,0
oInvCollSM,944,272,003D0CFA,0,1,1,4294967295,0,0
oInvCollSM,960,272,0011553E,0,1,1,4294967295,0,0
oInvCollSM,976,272,003788EB,0,1,1,4294967295,0,0
oInvCollSM,240,208,00062F05,0,1,1,4294967295,0,0
oInvCollSM,256,208,000F9E2B,0,1,1,4294967295,0,0
oInvCollSM,272,208,00243EED,0,1,1,4294967295,0,0
oInvCollSM,288,208,0029D718,0,1,1,4294967295,0,0
oInvCollSM,304,208,001F1E7E,0,1,1,4294967295,0,0
oInvCollSM,528,208,00349BD8,0,1,1,4294967295,0,0
oInvCollSM,512,208,001E48F1,0,1,1,4294967295,0,0
oInvCollSM,496,208,0025EAC2,0,1,1,4294967295,0,0
oInvCollSM,480,208,001D5C68,0,1,1,4294967295,0,0
oInvCollSM,464,208,0019532A,0,1,1,4294967295,0,0
oInvCollSM,448,208,0021D975,0,1,1,4294967295,0,0
oInvCollSM,432,208,0035CA23,0,1,1,4294967295,0,0
oInvCollSM,416,208,003CBEB7,0,1,1,4294967295,0,0
oInvCollSM,400,208,0008535A,0,1,1,4294967295,0,0
oInvCollSM,384,208,0033EE68,0,1,1,4294967295,0,0
oInvCollSM,688,208,003B294C,0,1,1,4294967295,0,0
oInvCollSM,672,208,0002D626,0,1,1,4294967295,0,0
oInvCollSM,656,208,0020D9A3,0,1,1,4294967295,0,0
oInvCollSM,640,208,0022E05B,0,1,1,4294967295,0,0
oInvCollSM,624,208,002E0AFF,0,1,1,4294967295,0,0
oInvCollSM,608,208,0024D31E,0,1,1,4294967295,0,0
oInvCollSM,592,208,00257D3B,0,1,1,4294967295,0,0
oInvCollSM,576,208,001D79FB,0,1,1,4294967295,0,0
oInvCollSM,560,208,0008D577,0,1,1,4294967295,0,0
oInvCollSM,544,208,000D99BA,0,1,1,4294967295,0,0
oInvCollSM,272,240,0004FAE5,0,1,1,4294967295,0,0
oInvCollSM,256,240,00253379,0,1,1,4294967295,0,0
oInvCollSM,240,240,000EF2C0,0,1,1,4294967295,0,0
oInvCollSM,224,240,002B9DE0,0,1,1,4294967295,0,0
oInvCollSM,208,240,001E2816,0,1,1,4294967295,0,0
oInvCollSM,192,240,0016C4AB,0,1,1,4294967295,0,0
oInvCollSM,176,240,003C39AE,0,1,1,4294967295,0,0
oInvCollSM,160,240,00342784,0,1,1,4294967295,0,0
oInvCollSM,144,240,00348756,0,1,1,4294967295,0,0
oInvCollSM,352,240,001A6D5A,0,1,1,4294967295,0,0
oInvCollSM,368,240,001C3187,0,1,1,4294967295,0,0
oInvCollSM,384,240,000DBE7B,0,1,1,4294967295,0,0
oInvCollSM,400,240,0005AE96,0,1,1,4294967295,0,0
oInvCollSM,416,240,001AFBD6,0,1,1,4294967295,0,0
oInvCollSM,432,240,000237CA,0,1,1,4294967295,0,0
oInvCollSM,448,240,003E9173,0,1,1,4294967295,0,0
oInvCollSM,464,240,00283EC4,0,1,1,4294967295,0,0
oInvCollSM,480,240,002F5341,0,1,1,4294967295,0,0
oInvCollSM,496,240,001272E5,0,1,1,4294967295,0,0
oInvCollSM,288,240,002FAC95,0,1,1,4294967295,0,0
oInvCollSM,304,240,00013BAB,0,1,1,4294967295,0,0
oInvCollSM,320,240,000B847E,0,1,1,4294967295,0,0
oInvCollSM,336,240,00367608,0,1,1,4294967295,0,0
oInvCollPH,304,272,0033F9CF,0,1,1,4294967295,0,0
oInvCollPH,288,272,0017F6E7,0,1,1,4294967295,0,0
oInvCollPH,272,272,001FCB32,0,1,1,4294967295,0,0
oInvCollPH,256,272,001B1956,0,1,1,4294967295,0,0
oInvCollPH,240,272,003E553F,0,1,1,4294967295,0,0
oInvCollPH,224,272,000947F0,0,1,1,4294967295,0,0
oInvCollPH,208,272,0031D045,0,1,1,4294967295,0,0
oInvCollPH,192,272,0039D214,0,1,1,4294967295,0,0
oInvCollPH,176,272,00240057,0,1,1,4294967295,0,0
oInvCollPH,160,272,000C9E33,0,1,1,4294967295,0,0
oInvCollPH,464,272,00012FEC,0,1,1,4294967295,0,0
oInvCollPH,448,272,001D2D6C,0,1,1,4294967295,0,0
oInvCollPH,432,272,00067D26,0,1,1,4294967295,0,0
oInvCollPH,416,272,000AEB66,0,1,1,4294967295,0,0
oInvCollPH,400,272,0016E808,0,1,1,4294967295,0,0
oInvCollPH,384,272,00074A8C,0,1,1,4294967295,0,0
oInvCollPH,368,272,00167934,0,1,1,4294967295,0,0
oInvCollPH,352,272,002B25A4,0,1,1,4294967295,0,0
oInvCollPH,336,272,0012D4F8,0,1,1,4294967295,0,0
oInvCollPH,320,272,0008F1A8,0,1,1,4294967295,0,0
oInvCollPH,528,272,001A5124,0,1,1,4294967295,0,0
oInvCollPH,512,272,003E253C,0,1,1,4294967295,0,0
oInvCollPH,496,272,00051444,0,1,1,4294967295,0,0
oInvCollPH,480,272,000CF29B,0,1,1,4294967295,0,0
oInvCollPH,784,272,000646FB,0,1,1,4294967295,0,0
oInvCollPH,768,272,002FF13A,0,1,1,4294967295,0,0
oInvCollPH,752,272,0001CEE8,0,1,1,4294967295,0,0
oInvCollPH,736,272,0033270B,0,1,1,4294967295,0,0
oInvCollPH,720,272,002AB055,0,1,1,4294967295,0,0
oInvCollPH,704,272,002366EC,0,1,1,4294967295,0,0
oInvCollPH,688,272,00245AFB,0,1,1,4294967295,0,0
oInvCollPH,672,272,00053A4B,0,1,1,4294967295,0,0
oInvCollPH,800,272,00327A27,0,1,1,4294967295,0,0
oInvCollPH,816,272,0031501B,0,1,1,4294967295,0,0
oInvCollPH,816,288,001AE4B3,0,1,1,4294967295,0,0
oInvCollPH,544,256,0032A5ED,0,1,1,4294967295,0,0
oInvCollPH,560,240,001E92E4,0,1,1,4294967295,0,0
oInvCollPH,576,240,002EC227,0,1,1,4294967295,0,0
oInvCollPH,592,240,0017CCE7,0,1,1,4294967295,0,0
oInvCollPH,608,240,00160019,0,1,1,4294967295,0,0
oInvCollPH,624,240,001BC1A8,0,1,1,4294967295,0,0
oInvCollPH,640,240,001EE682,0,1,1,4294967295,0,0
oInvCollPH,656,240,000FF0C3,0,1,1,4294967295,0,0
oInvCollPH,656,256,002234EE,0,1,1,4294967295,0,0
oInvCollPH,752,160,00276B4D,0,1,1,4294967295,0,0
oInvCollPH,672,160,00135BD1,0,1,1,4294967295,0,0
oInvCollPH,688,144,0018FB37,0,1,1,4294967295,0,0
oInvCollPH,688,160,0035FC37,0,1,1,4294967295,0,0
oInvCollSM,208,80,001F391D,0,1,1,4294967295,0,0
oInvCollSM,224,80,000CB70B,0,1,1,4294967295,0,0
oInvCollSM,240,80,00028160,0,1,1,4294967295,0,0
oInvCollSM,256,80,00324272,0,1,1,4294967295,0,0
oInvCollSM,272,80,000B01C6,0,1,1,4294967295,0,0
oInvCollSM,288,80,00182F78,0,1,1,4294967295,0,0
oInvCollSM,304,80,002E8957,0,1,1,4294967295,0,0
oInvCollSM,320,80,001E51F5,0,1,1,4294967295,0,0
oInvCollSM,336,80,002CF9AF,0,1,1,4294967295,0,0
oInvCollSM,352,80,00307FD4,0,1,1,4294967295,0,0
oInvCollSM,368,80,000C693F,0,1,1,4294967295,0,0
oInvCollSM,384,80,001A45F2,0,1,1,4294967295,0,0
oInvCollSM,400,80,0036D48B,0,1,1,4294967295,0,0
oInvCollSM,416,80,001AB1A6,0,1,1,4294967295,0,0
oInvCollSM,432,80,002F58E4,0,1,1,4294967295,0,0
oInvCollSM,448,80,000ABDF3,0,1,1,4294967295,0,0
oInvCollSM,464,80,00041025,0,1,1,4294967295,0,0
oInvCollSM,480,80,00285200,0,1,1,4294967295,0,0
oInvCollSM,496,80,002DBC25,0,1,1,4294967295,0,0
oInvCollSM,528,48,0039B1AB,0,1,1,4294967295,0,0
oInvCollSM,544,48,002CBCC7,0,1,1,4294967295,0,0
oInvCollSM,560,48,001D022D,0,1,1,4294967295,0,0
oInvCollSM,576,48,0019F937,0,1,1,4294967295,0,0
oInvCollSM,592,48,0006924D,0,1,1,4294967295,0,0
oInvCollPH,496,64,00321589,0,1,1,4294967295,0,0
oInvCollPH,544,96,003B0E64,0,1,1,4294967295,0,0
oInvCollPH,560,80,0035BF44,0,1,1,4294967295,0,0
oInvCollPH,576,80,000F9095,0,1,1,4294967295,0,0
oInvCollPH,592,80,0032434D,0,1,1,4294967295,0,0
oInvCollPH,608,64,002EB206,0,1,1,4294967295,0,0
oInvCollPH,672,128,001A4DC9,0,1,1,4294967295,0,0
oInvCollPH,320,224,00229071,0,1,1,4294967295,0,0
oInvCollPH,336,208,0024A6B4,0,1,1,4294967295,0,0
oInvCollPH,352,208,0000FE24,0,1,1,4294967295,0,0
oInvCollPH,368,208,0024CFCA,0,1,1,4294967295,0,0
oInvCollPH,368,224,00364C2D,0,1,1,4294967295,0,0
oInvCollSM,816,112,00029CDC,0,1,1,4294967295,0,0
oInvCollSM,832,112,001EF996,0,1,1,4294967295,0,0
oInvCollSM,848,112,002A4B0C,0,1,1,4294967295,0,0
oInvCollSM,912,112,003D0CFC,0,1,1,4294967295,0,0
oInvCollSM,928,112,0021BBB3,0,1,1,4294967295,0,0
oInvCollSM,944,112,0021ADEF,0,1,1,4294967295,0,0
oInvCollSM,960,112,000721DB,0,1,1,4294967295,0,0
oInvCollSM,976,112,0006DB70,0,1,1,4294967295,0,0
oInvCollSM,1056,112,000A7028,0,1,1,4294967295,0,0
oInvCollSM,1072,112,003CBC3A,0,1,1,4294967295,0,0
oInvCollSM,976,144,000E11CE,0,1,1,4294967295,0,0
oInvCollSM,992,144,00372065,0,1,1,4294967295,0,0
oInvCollSM,1008,144,003CC221,0,1,1,4294967295,0,0
oInvCollSM,1136,112,00372E79,0,1,1,4294967295,0,0
oInvCollSM,1152,112,0004E5A0,0,1,1,4294967295,0,0
oInvCollSM,1168,112,00034014,0,1,1,4294967295,0,0
oInvCollSM,1184,112,002FB3C1,0,1,1,4294967295,0,0
oInvCollSM,1200,112,00204847,0,1,1,4294967295,0,0
oInvCollSM,1216,112,00059336,0,1,1,4294967295,0,0
oInvCollSM,1232,112,00228FB3,0,1,1,4294967295,0,0
oInvCollSM,784,144,002EC0F1,0,1,1,4294967295,0,0
oInvCollSM,800,144,000449F6,0,1,1,4294967295,0,0
oInvCollSM,816,144,00234939,0,1,1,4294967295,0,0
oInvCollSM,832,144,001287FF,0,1,1,4294967295,0,0
oInvCollSM,848,144,0038D80C,0,1,1,4294967295,0,0
oInvCollSM,864,144,0039EDF6,0,1,1,4294967295,0,0
oInvCollSM,880,144,0007C406,0,1,1,4294967295,0,0
oInvCollSM,896,144,0039F67D,0,1,1,4294967295,0,0
oInvCollSM,912,144,002088BF,0,1,1,4294967295,0,0
oInvCollSM,816,176,002D4714,0,1,1,4294967295,0,0
oInvCollSM,832,176,000D9B8A,0,1,1,4294967295,0,0
oInvCollSM,848,176,00307129,0,1,1,4294967295,0,0
oInvCollSM,864,176,00379E6E,0,1,1,4294967295,0,0
oInvCollSM,880,176,0023FFDA,0,1,1,4294967295,0,0
oInvCollSM,896,176,00266BEA,0,1,1,4294967295,0,0
oInvCollSM,912,176,0010BEE0,0,1,1,4294967295,0,0
oInvCollSM,928,176,001E776D,0,1,1,4294967295,0,0
oInvCollSM,944,176,003B920D,0,1,1,4294967295,0,0
oInvCollSM,1088,176,0033EBE4,0,1,1,4294967295,0,0
oInvCollSM,1104,176,00401711,0,1,1,4294967295,0,0
oInvCollSM,1120,176,00270BF2,0,1,1,4294967295,0,0
oInvCollSM,1136,176,003C7BBD,0,1,1,4294967295,0,0
oInvCollSM,1152,176,0004EC6F,0,1,1,4294967295,0,0
oInvCollSM,1168,176,0029C707,0,1,1,4294967295,0,0
oInvCollSM,1184,176,0000BDAF,0,1,1,4294967295,0,0
oInvCollSM,1200,176,002955D7,0,1,1,4294967295,0,0
oInvCollSM,1216,176,003AAB83,0,1,1,4294967295,0,0
oInvCollSM,1232,176,0002C885,0,1,1,4294967295,0,0
oInvCollSM,960,176,003E258C,0,1,1,4294967295,0,0
oInvCollSM,976,176,003F5BBB,0,1,1,4294967295,0,0
oInvCollSM,992,176,00251432,0,1,1,4294967295,0,0
oInvCollSM,1008,176,002E435F,0,1,1,4294967295,0,0
oInvCollSM,1024,176,00086E2D,0,1,1,4294967295,0,0
oInvCollSM,1040,176,002F2400,0,1,1,4294967295,0,0
oInvCollSM,1056,176,00013254,0,1,1,4294967295,0,0
oInvCollSM,1072,176,0034247B,0,1,1,4294967295,0,0
oInvCollSM,944,80,0035802D,0,1,1,4294967295,0,0
oInvCollSM,928,80,00277104,0,1,1,4294967295,0,0
oInvCollSM,912,80,00046482,0,1,1,4294967295,0,0
oInvCollSM,896,80,000BDDAC,0,1,1,4294967295,0,0
oInvCollSM,880,80,002F18D3,0,1,1,4294967295,0,0
oInvCollSM,864,80,001511A6,0,1,1,4294967295,0,0
oInvCollSM,848,80,003BCAC0,0,1,1,4294967295,0,0
oInvCollSM,832,80,00062BED,0,1,1,4294967295,0,0
oInvCollSM,816,80,0002718A,0,1,1,4294967295,0,0
oInvCollSM,1104,80,0011A0BD,0,1,1,4294967295,0,0
oInvCollSM,1088,80,0035DDB7,0,1,1,4294967295,0,0
oInvCollSM,1072,80,002B2FB1,0,1,1,4294967295,0,0
oInvCollSM,1056,80,000986FF,0,1,1,4294967295,0,0
oInvCollSM,1040,80,001E77A0,0,1,1,4294967295,0,0
oInvCollSM,1024,80,00075D80,0,1,1,4294967295,0,0
oInvCollSM,1008,80,0005A407,0,1,1,4294967295,0,0
oInvCollSM,992,80,00273B18,0,1,1,4294967295,0,0
oInvCollSM,976,80,00328875,0,1,1,4294967295,0,0
oInvCollSM,960,80,00083CC9,0,1,1,4294967295,0,0
oInvCollSM,1120,80,00293581,0,1,1,4294967295,0,0
oInvCollSM,1136,80,003AAD00,0,1,1,4294967295,0,0
oInvCollSM,1152,80,00216A58,0,1,1,4294967295,0,0
oInvCollSM,1168,80,00275FAE,0,1,1,4294967295,0,0
oInvCollSM,1184,80,002C7E7F,0,1,1,4294967295,0,0
oInvCollSM,1200,80,0004112B,0,1,1,4294967295,0,0
oInvCollSM,1216,80,001F9DC8,0,1,1,4294967295,0,0
oInvCollSM,1232,80,001314D1,0,1,1,4294967295,0,0
oInvCollSM,1008,304,00377851,0,1,1,4294967295,0,0
oInvCollSM,1024,304,003397BB,0,1,1,4294967295,0,0
oInvCollSM,1040,304,00143D45,0,1,1,4294967295,0,0
oInvCollSM,1056,304,00225885,0,1,1,4294967295,0,0
oInvCollSM,1072,304,00079D51,0,1,1,4294967295,0,0
oInvCollSM,1088,304,002D153F,0,1,1,4294967295,0,0
oInvCollSM,1104,304,001449CE,0,1,1,4294967295,0,0
oInvCollSM,1120,304,00052D72,0,1,1,4294967295,0,0
oInvCollSM,1136,304,00264E10,0,1,1,4294967295,0,0
oInvCollSM,1152,304,003FB2C5,0,1,1,4294967295,0,0
oInvCollSM,1168,304,00106DAA,0,1,1,4294967295,0,0
oInvCollSM,1184,304,0016A46E,0,1,1,4294967295,0,0
oInvCollSM,1200,304,003FA54E,0,1,1,4294967295,0,0
oInvCollSM,1216,304,00116956,0,1,1,4294967295,0,0
oInvCollSM,1232,304,003E9D0D,0,1,1,4294967295,0,0
oInvCollSM,1248,304,001D1AC4,0,1,1,4294967295,0,0
oInvCollSM,1264,304,000E0A8D,0,1,1,4294967295,0,0
oInvCollSM,1280,304,00184DF9,0,1,1,4294967295,0,0
oInvCollSM,1296,304,0004A7B8,0,1,1,4294967295,0,0
oInvCollPH,736,160,002B4BF3,0,1,1,4294967295,0,0
oInvCollPH,752,144,00350EC2,0,1,1,4294967295,0,0
oInvCollPH,784,128,0003A679,0,1,1,4294967295,0,0
oInvCollPH,704,128,00222A8B,0,1,1,4294967295,0,0
oInvCollPH,720,128,00222077,0,1,1,4294967295,0,0
oInvCollPH,784,96,0005AD7B,0,1,1,4294967295,0,0
oInvCollPH,1504,256,001C29E0,0,1,1,4294967295,0,0
oInvCollPH,1520,256,002D9BD2,0,1,1,4294967295,0,0
oInvCollPH,1472,224,00253B8D,0,1,1,4294967295,0,0
oInvCollPH,1488,224,001881C5,0,1,1,4294967295,0,0
oInvCollPH,1440,192,00170D8B,0,1,1,4294967295,0,0
oInvCollPH,1456,192,00354AE9,0,1,1,4294967295,0,0
oInvCollPH,1408,160,00057F1C,0,1,1,4294967295,0,0
oInvCollPH,1424,160,00049E25,0,1,1,4294967295,0,0
oInvCollPH,1312,128,002C40F2,0,1,1,4294967295,0,0
oInvCollPH,1328,128,00113861,0,1,1,4294967295,0,0
oInvCollPH,1344,128,00105E55,0,1,1,4294967295,0,0
oInvCollPH,1360,128,003B6BD0,0,1,1,4294967295,0,0
oInvCollPH,1376,128,002975D3,0,1,1,4294967295,0,0
oInvCollPH,1392,128,003461BF,0,1,1,4294967295,0,0
oInvCollPH,1024,160,0012AE8D,0,1,1,4294967295,0,0
oInvCollPH,1056,144,00006C81,0,1,1,4294967295,0,0
oInvCollPH,1072,144,0023A33D,0,1,1,4294967295,0,0
oInvCollPH,1088,144,0032D8FD,0,1,1,4294967295,0,0
oInvCollPH,1104,144,00403937,0,1,1,4294967295,0,0
oInvCollPH,1120,144,00068233,0,1,1,4294967295,0,0
oInvCollPH,1136,144,0036E907,0,1,1,4294967295,0,0
oInvCollPH,1152,144,00303431,0,1,1,4294967295,0,0
oInvCollPH,1168,144,002ECBE6,0,1,1,4294967295,0,0
oInvCollPH,1184,144,00266125,0,1,1,4294967295,0,0
oInvCollPH,1200,144,001F1771,0,1,1,4294967295,0,0
oInvCollPH,1216,144,000783A1,0,1,1,4294967295,0,0
oInvCollPH,1232,144,0000076F,0,1,1,4294967295,0,0
oInvCollPH,848,304,00360F23,0,1,1,4294967295,0,0
oInvCollPH,864,304,0025835F,0,1,1,4294967295,0,0
oInvCollPH,880,304,00182D39,0,1,1,4294967295,0,0
oInvCollPH,896,304,003905E5,0,1,1,4294967295,0,0
oInvCollPH,912,304,000C060E,0,1,1,4294967295,0,0
oInvCollPH,928,304,002B8F97,0,1,1,4294967295,0,0
oInvCollPH,944,304,002AB7B0,0,1,1,4294967295,0,0
oInvCollPH,944,320,001AA513,0,1,1,4294967295,0,0
oInvCollPH,1104,336,000E82AA,0,1,1,4294967295,0,0
oInvCollPH,1088,336,0030AD35,0,1,1,4294967295,0,0
oInvCollPH,1072,336,0038C090,0,1,1,4294967295,0,0
oInvCollPH,1056,336,0023C5BB,0,1,1,4294967295,0,0
oInvCollPH,1040,336,003BAF39,0,1,1,4294967295,0,0
oInvCollPH,1024,336,003C7E46,0,1,1,4294967295,0,0
oInvCollPH,1008,336,002BDA8D,0,1,1,4294967295,0,0
oInvCollPH,992,336,0026EBB6,0,1,1,4294967295,0,0
oInvCollPH,976,336,002C75A5,0,1,1,4294967295,0,0
oInvCollPH,1264,336,0028A45C,0,1,1,4294967295,0,0
oInvCollPH,1248,336,003C2E0F,0,1,1,4294967295,0,0
oInvCollPH,1232,336,003E613A,0,1,1,4294967295,0,0
oInvCollPH,1216,336,002109F4,0,1,1,4294967295,0,0
oInvCollPH,1200,336,00161E6E,0,1,1,4294967295,0,0
oInvCollPH,1184,336,0023DC00,0,1,1,4294967295,0,0
oInvCollPH,1168,336,002CE82B,0,1,1,4294967295,0,0
oInvCollPH,1152,336,0032F3A1,0,1,1,4294967295,0,0
oInvCollPH,1136,336,0027A631,0,1,1,4294967295,0,0
oInvCollPH,1120,336,003186F9,0,1,1,4294967295,0,0
oInvCollPH,1424,336,0011354C,0,1,1,4294967295,0,0
oInvCollPH,1408,336,001E4F82,0,1,1,4294967295,0,0
oInvCollPH,1392,336,002CCC6D,0,1,1,4294967295,0,0
oInvCollPH,1376,336,000C59E1,0,1,1,4294967295,0,0
oInvCollPH,1360,336,0021D8AE,0,1,1,4294967295,0,0
oInvCollPH,1344,336,0039ED70,0,1,1,4294967295,0,0
oInvCollPH,1328,336,001609B5,0,1,1,4294967295,0,0
oInvCollPH,1312,336,0010EB67,0,1,1,4294967295,0,0
oInvCollPH,1296,336,00016CC2,0,1,1,4294967295,0,0
oInvCollPH,1280,336,0035CC81,0,1,1,4294967295,0,0
oInvCollPH,1440,336,001BE706,0,1,1,4294967295,0,0
oInvCollPH,1456,336,0019CD4C,0,1,1,4294967295,0,0
oInvCollPH,1472,336,000E61B4,0,1,1,4294967295,0,0
oInvCollPH,1488,336,0039EA4C,0,1,1,4294967295,0,0
oInvCollPH,1504,336,00235901,0,1,1,4294967295,0,0
oInvCollPH,1520,336,00223168,0,1,1,4294967295,0,0
oInvCollPH,1248,96,00201F0B,0,1,1,4294967295,0,0
oInvCollPH,1248,128,002ED0B1,0,1,1,4294967295,0,0
oInvCollPH,1296,144,002537E3,0,1,1,4294967295,0,0
oInvCollPH,1296,224,001AC3B6,0,1,1,4294967295,0,0
oInvCollPH,1296,208,0020FC79,0,1,1,4294967295,0,0
oInvCollPH,1296,192,002098ED,0,1,1,4294967295,0,0
oInvCollPH,1296,176,0033C56A,0,1,1,4294967295,0,0
oInvCollPH,1296,160,00156C79,0,1,1,4294967295,0,0
oInvCollPH,1248,192,00180ACC,0,1,1,4294967295,0,0
oInvCollPH,1296,240,003BBA1B,0,1,1,4294967295,0,0
oInvCollPH,1296,256,001C18BF,0,1,1,4294967295,0,0
oInvCollPH,1296,272,0030FB6F,0,1,1,4294967295,0,0
oInvCollPH,1296,288,000BD813,0,1,1,4294967295,0,0
oInvCollPH,704,224,00393E66,0,1,1,4294967295,0,0
oInvCollPH,720,208,002BC0E1,0,1,1,4294967295,0,0
oInvCollPH,736,208,0026116A,0,1,1,4294967295,0,0
oInvCollPH,752,208,0022C05E,0,1,1,4294967295,0,0
oInvCollPH,768,208,001ACA1A,0,1,1,4294967295,0,0
oInvCollPH,784,208,002804A5,0,1,1,4294967295,0,0
oInvCollPH,800,208,003369FF,0,1,1,4294967295,0,0
oInvCollPH,816,208,0032DD10,0,1,1,4294967295,0,0
oInvCollPH,832,208,0015ED79,0,1,1,4294967295,0,0
oInvCollPH,848,208,002941DA,0,1,1,4294967295,0,0
oInvCollPH,864,256,000601C9,0,1,1,4294967295,0,0
oInvCollPH,880,208,0012FA1E,0,1,1,4294967295,0,0
oInvCollPH,896,208,00129B48,0,1,1,4294967295,0,0
oInvCollPH,912,208,00319AD5,0,1,1,4294967295,0,0
oInvCollPH,928,208,003A732C,0,1,1,4294967295,0,0
oInvCollPH,944,208,00158A38,0,1,1,4294967295,0,0
oInvCollPH,960,208,003BE131,0,1,1,4294967295,0,0
oInvCollPH,976,208,00195388,0,1,1,4294967295,0,0
oInvCollPH,992,288,000497CB,0,1,1,4294967295,0,0
oInvCollPH,1008,208,0016D411,0,1,1,4294967295,0,0
oInvCollPH,1024,208,0004174F,0,1,1,4294967295,0,0
oInvCollPH,1040,208,00068245,0,1,1,4294967295,0,0
oInvCollPH,1056,208,001CAF88,0,1,1,4294967295,0,0
oInvCollPH,1072,208,002CB412,0,1,1,4294967295,0,0
oInvCollPH,1088,208,001A65E1,0,1,1,4294967295,0,0
oInvCollPH,1104,208,00101216,0,1,1,4294967295,0,0
oInvCollPH,1120,208,0013DEEA,0,1,1,4294967295,0,0
oInvCollPH,1136,208,0007197C,0,1,1,4294967295,0,0
oInvCollPH,1152,208,003784DE,0,1,1,4294967295,0,0
oInvCollPH,1168,208,002D36E2,0,1,1,4294967295,0,0
oInvCollPH,1184,208,000E189E,0,1,1,4294967295,0,0
oInvCollPH,1200,208,0018F377,0,1,1,4294967295,0,0
oInvCollPH,1216,208,00130D76,0,1,1,4294967295,0,0
oInvCollPH,1232,208,0024E2BE,0,1,1,4294967295,0,0
oInvCollPH,992,128,003F80D8,0,1,1,4294967295,0,0
oInvCollPH,1008,112,00311CD1,0,1,1,4294967295,0,0
oInvCollPH,1024,112,0013112F,0,1,1,4294967295,0,0
oInvCollPH,1040,112,0021D3F4,0,1,1,4294967295,0,0
oInvCollPH,1040,128,0012CB5A,0,1,1,4294967295,0,0
oInvisibleSolid,0,224,0018BDF3,0,1,1,4294967295,0,1
oInvisibleSolid,0,272,0011351C,0,1,1,4294967295,0,1
oInvisibleSolid,0,0,0025A04A,0,1,1,4294967295,0,1
oInvisibleSolid,192,0,003D8610,0,1,1,4294967295,0,1
oInvisibleSolidMorph,192,80,0013CC79,0,1,1,4294967295,0,1
oInvisibleSolidMorph,0,240,002973FC,0,1,1,4294967295,0,1
oInvisibleSolidMorph,0,208,00069F44,0,1,1,4294967295,0,1
oInvisibleSolidMorph,192,112,0034BBD3,0,1,1,4294967295,0,1
oInvisibleSolidMorph,128,240,002C21DE,0,1,1,4294967295,0,1
oInvisibleSolidMorph,224,144,0039B3CD,0,1,1,4294967295,0,1
oInvisibleSolidMorph,352,112,0032FD76,0,1,1,4294967295,0,1
oInvisibleSolidMorph,224,176,002C02F5,0,1,1,4294967295,0,1
oInvisibleSolidMorph,384,176,00384CBC,0,1,1,4294967295,0,1
oInvisibleSolidMorph,512,144,0022225C,0,1,1,4294967295,0,1
oInvisibleSolidMorph,224,208,0037C3F7,0,1,1,4294967295,0,1
oInvisibleSolidMorph,704,240,001C7448,0,1,1,4294967295,0,1
oInvisibleSolidMorph,864,272,0005F5E2,0,1,1,4294967295,0,1
oInvisibleSolidMorph,736,176,00018E7D,0,1,1,4294967295,0,1
oInvisibleSolid,320,208,0018881B,0,1,1,4294967295,0,1
oInvisibleSolid,544,240,00190AB2,0,1,1,4294967295,0,1
oInvisibleSolid,704,208,0018F2F7,0,1,1,4294967295,0,1
oInvisibleSolid,544,80,002DC54E,0,1,1,4294967295,0,1
oInvisibleSolid,608,0,002AA17B,0,1,1,4294967295,0,1
oInvisibleSolid,672,144,0003C138,0,1,1,4294967295,0,1
oInvisibleSolid,736,144,00223E24,0,1,1,4294967295,0,1
oInvisibleSolidMorph,512,48,0009AEA2,0,1,1,4294967295,0,1
oInvisibleSolid,512,0,00200162,0,1,1,4294967295,0,1
oInvisibleSolid,672,112,0039EBAF,0,1,1,4294967295,0,1
oInvisibleSolidMorph,992,304,00192AC8,0,1,1,4294967295,0,1
oInvisibleSolidMorph,800,176,000B045C,0,1,1,4294967295,0,1
oInvisibleSolidMorph,768,144,002EF356,0,1,1,4294967295,0,1
oInvisibleSolidMorph,800,112,000BBB23,0,1,1,4294967295,0,1
oInvisibleSolidMorph,896,112,00319394,0,1,1,4294967295,0,1
oInvisibleSolidMorph,960,144,0034E096,0,1,1,4294967295,0,1
oInvisibleSolidMorph,1120,112,000CB135,0,1,1,4294967295,0,1
oInvisibleSolidMorph,800,80,00344E94,0,1,1,4294967295,0,1
oInvisibleSolid,800,0,001FCDA7,0,1,1,4294967295,0,1
oInvisibleSolid,1024,144,0000DB75,0,1,1,4294967295,0,1
oInvisibleSolid,864,208,003B7EE0,0,1,1,4294967295,0,1
oInvisibleSolid,992,208,0007A562,0,1,1,4294967295,0,1
oInvisibleSolid,832,304,002B51DD,0,1,1,4294967295,0,1
oInvisibleSolid,960,336,0031C3B3,0,1,1,4294967295,0,1
oInvisibleSolid,1504,240,0004FAE3,0,1,1,4294967295,0,1
oInvisibleSolid,1472,208,002EDEA5,0,1,1,4294967295,0,1
oInvisibleSolid,1440,176,0022B342,0,1,1,4294967295,0,1
oInvisibleSolid,1408,144,003F5F08,0,1,1,4294967295,0,1
oInvisibleSolid,1312,0,00259593,0,1,1,4294967295,0,1
oInvisibleSolid,1248,80,002CFBEB,0,1,1,4294967295,0,1
oInvisibleSolid,992,112,00214D41,0,1,1,4294967295,0,1
