oHFight_LightChange,192,288,001A6007,0,1,1,4294967295,0,1
oHFight_LightChange,192,0,001A2B2B,0,1,1,4294967295,0,1
oExit,0,208,00366D4E,0,1,1,4294967295,0,1
oControlCenterComputer,1360,288,00064991,0,1,1,4294967295,0,1
oMisc,448,160,002FADBA,0,1,1,4294967295,0,1
oPlayerIdle,80,240,00317EEE,0,1,1,4294967295,0,1
oPlayer1,48,240,00228411,0,1,1,4294967295,0,0
oInvCollPH,16,240,002A7FF8,0,1,1,4294967295,0,0
oInvCollPH,32,240,003288D7,0,1,1,4294967295,0,0
oInvCollPH,48,240,001DEA09,0,1,1,4294967295,0,0
oInvCollPH,64,240,000384B4,0,1,1,4294967295,0,0
oInvCollPH,192,240,0035446D,0,1,1,4294967295,0,0
oInvCollPH,176,240,0028EEB6,0,1,1,4294967295,0,0
oInvCollPH,160,240,00202B54,0,1,1,4294967295,0,0
oInvCollPH,144,240,003130EC,0,1,1,4294967295,0,0
oInvCollPH,128,240,001BD778,0,1,1,4294967295,0,0
oInvCollPH,80,240,00336404,0,1,1,4294967295,0,0
oInvCollPH,96,240,0009EBFA,0,1,1,4294967295,0,0
oInvCollPH,112,240,001E5B1E,0,1,1,4294967295,0,0
oInvCollPH,192,256,00061ECB,0,1,1,4294967295,0,0
oInvCollPH,192,272,002C9FF5,0,1,1,4294967295,0,0
oInvCollPH,224,288,003CA478,0,1,1,4294967295,0,0
oInvCollPH,240,288,00385295,0,1,1,4294967295,0,0
oInvCollPH,256,288,0013A8B6,0,1,1,4294967295,0,0
oInvCollPH,272,288,0003CE70,0,1,1,4294967295,0,0
oInvCollPH,288,288,0036F2EA,0,1,1,4294967295,0,0
oInvCollPH,304,288,0007138D,0,1,1,4294967295,0,0
oInvCollPH,320,288,00154599,0,1,1,4294967295,0,0
oInvCollPH,336,288,000CFFDD,0,1,1,4294967295,0,0
oInvCollPH,352,288,00379EE7,0,1,1,4294967295,0,0
oInvCollPH,368,288,00146F6F,0,1,1,4294967295,0,0
oInvCollPH,384,288,0022CD99,0,1,1,4294967295,0,0
oInvCollPH,400,288,00051B87,0,1,1,4294967295,0,0
oInvCollPH,416,288,000DBE21,0,1,1,4294967295,0,0
oInvCollPH,432,288,00044924,0,1,1,4294967295,0,0
oInvCollPH,448,288,00128442,0,1,1,4294967295,0,0
oInvCollPH,464,288,002C0A3A,0,1,1,4294967295,0,0
oInvCollPH,480,288,0039A35A,0,1,1,4294967295,0,0
oInvCollPH,496,288,003F61F2,0,1,1,4294967295,0,0
oInvCollPH,512,288,001F68D4,0,1,1,4294967295,0,0
oInvCollPH,528,288,003ED4B1,0,1,1,4294967295,0,0
oInvCollPH,544,288,001A50A4,0,1,1,4294967295,0,0
oInvCollPH,560,288,00135F14,0,1,1,4294967295,0,0
oInvCollPH,576,288,0029145C,0,1,1,4294967295,0,0
oInvCollPH,592,288,00030617,0,1,1,4294967295,0,0
oInvCollPH,608,288,0025A389,0,1,1,4294967295,0,0
oInvCollPH,624,288,002207BF,0,1,1,4294967295,0,0
oInvCollPH,640,288,00231431,0,1,1,4294967295,0,0
oInvCollPH,656,288,00243C57,0,1,1,4294967295,0,0
oInvCollPH,672,288,00362F19,0,1,1,4294967295,0,0
oInvCollPH,208,16,003E6428,0,1,1,4294967295,0,0
oInvCollPH,224,16,001C88F7,0,1,1,4294967295,0,0
oInvCollPH,240,16,0007B5BE,0,1,1,4294967295,0,0
oInvCollPH,256,16,003E86C9,0,1,1,4294967295,0,0
oInvCollPH,272,16,001E8A0A,0,1,1,4294967295,0,0
oInvCollPH,288,16,0033C95B,0,1,1,4294967295,0,0
oInvCollPH,304,16,003BF570,0,1,1,4294967295,0,0
oInvCollPH,320,16,00252870,0,1,1,4294967295,0,0
oInvCollPH,336,16,002D43D7,0,1,1,4294967295,0,0
oInvCollPH,352,16,0006BC38,0,1,1,4294967295,0,0
oInvCollPH,368,16,000A0A65,0,1,1,4294967295,0,0
oInvCollPH,384,16,0039B8CA,0,1,1,4294967295,0,0
oInvCollPH,400,16,001FA5AB,0,1,1,4294967295,0,0
oInvCollPH,416,16,001D13D0,0,1,1,4294967295,0,0
oInvCollPH,432,16,000FEA62,0,1,1,4294967295,0,0
oInvCollPH,448,16,002E3B67,0,1,1,4294967295,0,0
oInvCollPH,464,16,0019ED96,0,1,1,4294967295,0,0
oInvCollPH,480,16,003CF4B8,0,1,1,4294967295,0,0
oInvCollPH,496,16,000109DE,0,1,1,4294967295,0,0
oInvCollPH,512,16,003BDD75,0,1,1,4294967295,0,0
oInvCollPH,528,16,003C0E53,0,1,1,4294967295,0,0
oInvCollPH,544,16,0004D9A1,0,1,1,4294967295,0,0
oInvCollPH,560,16,00278CC5,0,1,1,4294967295,0,0
oInvCollPH,576,16,002FF8B3,0,1,1,4294967295,0,0
oInvCollPH,592,16,0007C233,0,1,1,4294967295,0,0
oInvCollPH,608,16,00290B5D,0,1,1,4294967295,0,0
oInvCollPH,624,16,003D2F8B,0,1,1,4294967295,0,0
oInvCollPH,640,16,0037B184,0,1,1,4294967295,0,0
oInvCollPH,656,16,000405FB,0,1,1,4294967295,0,0
oInvCollPH,672,16,00356376,0,1,1,4294967295,0,0
oInvCollPH,688,256,000D4AD6,0,1,1,4294967295,0,0
oInvCollPH,688,272,0013F5B7,0,1,1,4294967295,0,0
oInvCollPH,704,240,0026A7B6,0,1,1,4294967295,0,0
oInvCollPH,720,240,00378BA8,0,1,1,4294967295,0,0
oInvCollPH,736,240,000428C8,0,1,1,4294967295,0,0
oInvCollPH,752,240,003E726C,0,1,1,4294967295,0,0
oInvCollPH,768,240,00282318,0,1,1,4294967295,0,0
oInvCollPH,784,240,002F267C,0,1,1,4294967295,0,0
oInvCollPH,800,240,0040225A,0,1,1,4294967295,0,0
oInvCollPH,816,240,00296508,0,1,1,4294967295,0,0
oInvCollPH,832,240,002D01D5,0,1,1,4294967295,0,0
oInvCollPH,848,240,002BDC6B,0,1,1,4294967295,0,0
oInvCollPH,864,240,0022CCFD,0,1,1,4294967295,0,0
oInvCollPH,880,240,0016F5E6,0,1,1,4294967295,0,0
oInvCollPH,896,240,000BFFEE,0,1,1,4294967295,0,0
oInvCollPH,912,240,0004D1A8,0,1,1,4294967295,0,0
oInvCollPH,928,240,001A92E2,0,1,1,4294967295,0,0
oInvCollPH,944,240,0033A919,0,1,1,4294967295,0,0
oInvCollPH,960,240,00241209,0,1,1,4294967295,0,0
oInvCollPH,976,240,000D53F2,0,1,1,4294967295,0,0
oInvCollPH,992,240,00080095,0,1,1,4294967295,0,0
oInvCollPH,1008,240,001684C3,0,1,1,4294967295,0,0
oInvCollPH,1024,240,003EBD24,0,1,1,4294967295,0,0
oInvCollPH,1040,240,0014716D,0,1,1,4294967295,0,0
oInvCollPH,1056,240,004038AF,0,1,1,4294967295,0,0
oInvCollPH,688,32,0001C100,0,1,1,4294967295,0,0
oInvCollPH,688,48,0017E89B,0,1,1,4294967295,0,0
oInvCollPH,688,64,00340379,0,1,1,4294967295,0,0
oInvCollPH,688,80,0012D12B,0,1,1,4294967295,0,0
oInvCollPH,688,96,00059174,0,1,1,4294967295,0,0
oInvCollPH,688,112,00288F3A,0,1,1,4294967295,0,0
oInvCollPH,688,128,003D1513,0,1,1,4294967295,0,0
oInvCollPH,688,144,00199E5C,0,1,1,4294967295,0,0
oInvCollPH,688,160,001E59FC,0,1,1,4294967295,0,0
oInvCollPH,704,160,00074EE8,0,1,1,4294967295,0,0
oInvCollPH,720,160,0020322A,0,1,1,4294967295,0,0
oInvCollPH,736,160,0029AE35,0,1,1,4294967295,0,0
oInvCollPH,752,160,0010E9C9,0,1,1,4294967295,0,0
oInvCollPH,768,160,000422D8,0,1,1,4294967295,0,0
oInvCollPH,784,160,002902D9,0,1,1,4294967295,0,0
oInvCollPH,800,160,0027C452,0,1,1,4294967295,0,0
oInvCollPH,816,160,00074E31,0,1,1,4294967295,0,0
oInvCollPH,832,160,002CD13C,0,1,1,4294967295,0,0
oInvCollPH,848,160,000A0ABA,0,1,1,4294967295,0,0
oInvCollPH,864,160,00199CAA,0,1,1,4294967295,0,0
oInvCollPH,880,160,00339C7C,0,1,1,4294967295,0,0
oInvCollPH,896,160,00151C61,0,1,1,4294967295,0,0
oInvCollPH,912,160,0019F23F,0,1,1,4294967295,0,0
oInvCollPH,928,160,003BA0CD,0,1,1,4294967295,0,0
oInvCollPH,944,160,00056671,0,1,1,4294967295,0,0
oInvCollPH,960,160,003260EB,0,1,1,4294967295,0,0
oInvCollPH,976,160,0013405F,0,1,1,4294967295,0,0
oInvCollPH,992,160,0016BE30,0,1,1,4294967295,0,0
oInvCollPH,1008,160,000D0447,0,1,1,4294967295,0,0
oInvCollPH,1024,160,00253496,0,1,1,4294967295,0,0
oInvCollPH,1040,160,002748E3,0,1,1,4294967295,0,0
oInvCollPH,1056,160,000D7E85,0,1,1,4294967295,0,0
oInvCollPH,0,176,00036DCF,0,1,1,4294967295,0,0
oInvCollPH,16,176,0005C18E,0,1,1,4294967295,0,0
oInvCollPH,32,176,001E75DD,0,1,1,4294967295,0,0
oInvCollPH,48,176,000CE0FB,0,1,1,4294967295,0,0
oInvCollPH,64,176,00032272,0,1,1,4294967295,0,0
oInvCollPH,80,176,002537A4,0,1,1,4294967295,0,0
oInvCollPH,96,176,003DDABB,0,1,1,4294967295,0,0
oInvCollPH,112,176,000FCBD0,0,1,1,4294967295,0,0
oInvCollPH,128,176,00120066,0,1,1,4294967295,0,0
oInvCollPH,144,176,002C982A,0,1,1,4294967295,0,0
oInvCollPH,160,176,0000AB16,0,1,1,4294967295,0,0
oInvCollPH,176,176,00116C22,0,1,1,4294967295,0,0
oInvCollPH,192,176,001966EB,0,1,1,4294967295,0,0
oInvCollPH,192,160,0022B11E,0,1,1,4294967295,0,0
oInvCollPH,192,144,000E9DFB,0,1,1,4294967295,0,0
oInvCollPH,192,128,001E47F7,0,1,1,4294967295,0,0
oInvCollPH,192,112,00378BFC,0,1,1,4294967295,0,0
oInvCollPH,192,96,002CBD7C,0,1,1,4294967295,0,0
oInvCollPH,192,80,001A1028,0,1,1,4294967295,0,0
oInvCollPH,192,64,00027206,0,1,1,4294967295,0,0
oInvCollPH,192,48,00239979,0,1,1,4294967295,0,0
oInvCollPH,192,32,0031F528,0,1,1,4294967295,0,0
oInvCollPH,1056,256,00314F34,0,1,1,4294967295,0,0
oInvCollPH,1056,272,00259E24,0,1,1,4294967295,0,0
oInvCollPH,1072,144,00326AF1,0,1,1,4294967295,0,0
oInvCollPH,1088,144,0019D967,0,1,1,4294967295,0,0
oInvCollPH,1104,144,000FF9CE,0,1,1,4294967295,0,0
oInvCollPH,1120,144,00304D7C,0,1,1,4294967295,0,0
oInvCollPH,1136,144,00128F4B,0,1,1,4294967295,0,0
oInvCollPH,1152,144,002BB664,0,1,1,4294967295,0,0
oInvCollPH,1168,144,001787ED,0,1,1,4294967295,0,0
oInvCollPH,1168,128,002E518C,0,1,1,4294967295,0,0
oInvCollPH,1168,112,0030108E,0,1,1,4294967295,0,0
oInvCollPH,1088,288,0024C55E,0,1,1,4294967295,0,0
oInvCollPH,1104,288,0034D30F,0,1,1,4294967295,0,0
oInvCollPH,1120,288,002F776F,0,1,1,4294967295,0,0
oInvCollPH,1136,288,001866A7,0,1,1,4294967295,0,0
oInvCollPH,1152,288,000B4295,0,1,1,4294967295,0,0
oInvCollPH,1184,96,0036C169,0,1,1,4294967295,0,0
oInvCollPH,1200,96,002EF344,0,1,1,4294967295,0,0
oInvCollPH,1216,96,003703F2,0,1,1,4294967295,0,0
oInvCollPH,1216,80,002B7FD4,0,1,1,4294967295,0,0
oInvCollPH,1216,64,0029D932,0,1,1,4294967295,0,0
oInvCollPH,1168,288,0028E214,0,1,1,4294967295,0,0
oInvCollPH,1184,288,000C61A3,0,1,1,4294967295,0,0
oInvCollPH,1200,288,002D7B08,0,1,1,4294967295,0,0
oInvCollPH,1216,288,0003CDB9,0,1,1,4294967295,0,0
oInvCollPH,1232,288,0022AFE0,0,1,1,4294967295,0,0
oInvCollPH,1248,288,003F93E3,0,1,1,4294967295,0,0
oInvCollPH,1344,288,000BABD6,0,1,1,4294967295,0,0
oInvCollPH,1328,288,0019FA08,0,1,1,4294967295,0,0
oInvCollPH,1312,288,003FB53D,0,1,1,4294967295,0,0
oInvCollPH,1296,288,001955B7,0,1,1,4294967295,0,0
oInvCollPH,1280,288,001F24B1,0,1,1,4294967295,0,0
oInvCollPH,1264,288,000F220F,0,1,1,4294967295,0,0
oInvCollPH,1360,288,00169212,0,1,1,4294967295,0,0
oInvCollPH,1376,288,001413F1,0,1,1,4294967295,0,0
oInvCollPH,1392,288,000ADB3D,0,1,1,4294967295,0,0
oInvCollPH,1408,288,00290C7C,0,1,1,4294967295,0,0
oInvCollPH,1424,288,00366386,0,1,1,4294967295,0,0
oInvCollPH,1440,288,00032ABB,0,1,1,4294967295,0,0
oInvCollPH,1456,288,001FC5CF,0,1,1,4294967295,0,0
oInvCollPH,1472,288,000806CB,0,1,1,4294967295,0,0
oInvCollPH,1488,288,0036AA24,0,1,1,4294967295,0,0
oInvCollPH,1504,288,00146285,0,1,1,4294967295,0,0
oInvCollPH,1520,288,003EA86D,0,1,1,4294967295,0,0
oInvCollPH,1536,288,003214BB,0,1,1,4294967295,0,0
oInvCollPH,1552,288,0007171E,0,1,1,4294967295,0,0
oInvCollPH,1568,288,000D571F,0,1,1,4294967295,0,0
oInvCollPH,1584,288,0027C8AF,0,1,1,4294967295,0,0
oInvCollPH,1600,288,0027ADEB,0,1,1,4294967295,0,0
oInvCollPH,1616,288,002FE57C,0,1,1,4294967295,0,0
oInvCollPH,1632,288,0028DABA,0,1,1,4294967295,0,0
oInvCollPH,1232,48,001CFC61,0,1,1,4294967295,0,0
oInvCollPH,1248,48,000826A5,0,1,1,4294967295,0,0
oInvCollPH,1264,48,002AFC41,0,1,1,4294967295,0,0
oInvCollPH,1280,48,0011D241,0,1,1,4294967295,0,0
oInvCollPH,1296,48,001FD995,0,1,1,4294967295,0,0
oInvCollPH,1312,48,0007ABC2,0,1,1,4294967295,0,0
oInvCollPH,1328,48,002FC559,0,1,1,4294967295,0,0
oInvCollPH,1344,48,0037E003,0,1,1,4294967295,0,0
oInvCollPH,1360,48,00101F3A,0,1,1,4294967295,0,0
oInvCollPH,1376,48,0026E783,0,1,1,4294967295,0,0
oInvCollPH,1392,48,00142AA7,0,1,1,4294967295,0,0
oInvCollPH,1408,48,00139A6B,0,1,1,4294967295,0,0
oInvCollPH,1424,48,0025DDDE,0,1,1,4294967295,0,0
oInvCollPH,1440,48,00149B9B,0,1,1,4294967295,0,0
oInvCollPH,1456,48,0008E348,0,1,1,4294967295,0,0
oInvCollPH,1472,48,0013AA36,0,1,1,4294967295,0,0
oInvCollPH,1488,64,000BCBCA,0,1,1,4294967295,0,0
oInvCollPH,1488,80,000EEA08,0,1,1,4294967295,0,0
oInvCollPH,1488,96,00165F33,0,1,1,4294967295,0,0
oInvCollPH,1504,96,00199A26,0,1,1,4294967295,0,0
oInvCollPH,1520,96,0031209A,0,1,1,4294967295,0,0
oInvCollPH,1536,112,000F4159,0,1,1,4294967295,0,0
oInvCollPH,1536,128,001AC1FE,0,1,1,4294967295,0,0
oInvCollPH,1536,144,0027C7A3,0,1,1,4294967295,0,0
oInvCollPH,1552,144,0027C367,0,1,1,4294967295,0,0
oInvCollPH,1568,144,003C3D6D,0,1,1,4294967295,0,0
oInvCollPH,1584,144,00064424,0,1,1,4294967295,0,0
oInvCollPH,1600,144,003C74FE,0,1,1,4294967295,0,0
oInvCollPH,1616,144,00052EBD,0,1,1,4294967295,0,0
oInvCollPH,1632,144,000FCA1D,0,1,1,4294967295,0,0
oInvCollPH,1648,160,00363B9F,0,1,1,4294967295,0,0
oInvCollPH,1648,176,000CEF49,0,1,1,4294967295,0,0
oInvCollPH,1648,192,0025AA37,0,1,1,4294967295,0,0
oInvCollPH,1648,208,00235A28,0,1,1,4294967295,0,0
oInvCollPH,1648,224,00063721,0,1,1,4294967295,0,0
oInvCollPH,1648,240,0015A3E3,0,1,1,4294967295,0,0
oInvCollPH,1648,256,002C03CF,0,1,1,4294967295,0,0
oInvCollPH,1648,272,00200F48,0,1,1,4294967295,0,0
oInvisibleSolid,688,0,00368628,0,1,1,4294967295,0,1
oInvisibleSolid,688,240,003364B3,0,1,1,4294967295,0,1
oInvisibleSolid,208,288,003747D5,0,1,1,4294967295,0,1
oInvisibleSolid,0,240,0016C8B9,0,1,1,4294967295,0,1
oInvisibleSolid,0,0,00199135,0,1,1,4294967295,0,1
oInvisibleSolid,208,0,0031A593,0,1,1,4294967295,0,1
oInvisibleSolid,1072,0,000CE93C,0,1,1,4294967295,0,1
oInvisibleSolid,1184,0,000C8D50,0,1,1,4294967295,0,1
oInvisibleSolid,1072,288,000327E5,0,1,1,4294967295,0,1
oInvisibleSolid,1232,0,0005B153,0,1,1,4294967295,0,1
oInvisibleSolid,1488,0,000C9081,0,1,1,4294967295,0,1
oInvisibleSolid,1536,0,00348729,0,1,1,4294967295,0,1
oInvisibleSolid,1648,0,0013CFB5,0,1,1,4294967295,0,1
oWarship_PowerSource,1360,180,002A52FA,0,1,1,4294967295,0,0
