oExit,696,144,003368FA,0,1,1,4294967295,0,1
oExit,792,480,00008975,0,1,1,4294967295,0,1
oABubblePile,848,352,0035875F,0,1,1,4294967295,0,0
oExit,1392,448,002EC98A,0,1,1,4294967295,0,1
oABubblePile,840,496,00299237,0,1,1,4294967295,0,0
oWaterSwitch,72,344,0026313F,0,1,1,4294967295,0,1
oWaterSwitch,72,616,00020E9D,0,1,1,4294967295,0,1
oWaterSwitch,72,104,0029B174,0,1,1,4294967295,0,1
oWaterSwitch,320,272,002F809B,0,1,1,4294967295,0,1
oWaterSwitch,704,384,00354BF6,0,1,1,4294967295,0,1
oLockedDoor,560,112,002EF0F0,0,1,1,4294967295,0,1
oWaterFloatPlatform,48,144,00022143,0,1,1,4294967295,0,0
oWaterFloatPlatform,224,640,0020C0DF,0,1,1,4294967295,0,0
oWaterFloatPlatform,336,576,003568E2,0,1,1,4294967295,0,0
oWaterFloatPlatform,272,384,0001ECE4,0,1,1,4294967295,0,0
oWaterFloatPlatform,608,336,002DFFD8,0,1,1,4294967295,0,0
oZeldaBreakPot,1072,160,001F7603,0,1,1,4294967295,0,0
oZeldaBreakPot,1240,192,0033C371,0,1,1,4294967295,0,0
oZeldaBreakPot,1032,640,001DC355,0,1,1,4294967295,0,0
oZeldaBreakPot,1008,464,0027CD03,0,1,1,4294967295,0,0
oSmallJumper,224,448,00173CC9,0,1,1,4294967295,0,0
oSmallJumper,192,384,00103543,0,1,1,4294967295,0,0
oLargeJumper,660,536,002D74DD,0,1,1,4294967295,0,0
oSmallJumper,800,352,0031CBAD,0,1,1,4294967295,0,0
oSmallJumper,1296,272,000F868F,0,1,1,4294967295,0,0
sStoryBreakable,1120,288,0013D92A,0,1,1,4294967295,0,1
oSkullFish,1088,448,003FAC50,0,1,1,4294967295,0,0
oSkullFish,1120,592,00323F74,0,1,1,4294967295,0,0
oAquaticDemon,352,464,000B03F2,0,1,1,4294967295,0,0
oAquaticDemon,592,352,0009D44F,0,1,1,4294967295,0,0
oAquaticDemon,1248,624,00331104,0,1,1,4294967295,0,0
oCyclopsBat,1040,272,0030CB80,0,1,1,4294967295,0,0
oCyclopsBat,624,496,0003BF7C,0,1,1,4294967295,0,0
oCyclopsBat,1152,144,0028F5BD,0,1,1,4294967295,0,0
oCyclopsBat,272,96,002DD327,0,1,1,4294967295,0,0
oOctorok,1368,256,00053AEE,0,1,1,4294967295,0,0
oPlayer1,736,176,00230B02,0,1,1,4294967295,0,0
oSpikeZone,416,336,00251742,0,1,1,4294967295,0,0
oSpikeZone,432,336,00253C6D,0,1,1,4294967295,0,0
oSpikeZone,448,336,001CCFDA,0,1,1,4294967295,0,0
oSpikeZone,464,336,00230DEC,0,1,1,4294967295,0,0
oSpikeZone,480,336,00175B72,0,1,1,4294967295,0,0
oSpikeZone,496,336,000E0D02,0,1,1,4294967295,0,0
oSpikeZone,1264,336,0005668C,0,1,1,4294967295,0,0
oSpikeZone,1280,336,001B7886,0,1,1,4294967295,0,0
oSpikeZone,1328,336,0034E6EC,0,1,1,4294967295,0,0
oSpikeZone,1344,336,001BF956,0,1,1,4294967295,0,0
oSpikeZone,1360,336,0007518E,0,1,1,4294967295,0,0
oWaterVolume,0,368,0005587F,0,1,1,4294967295,0,1
oInvCollPH,560,96,001FF84B,0,1,1,4294967295,0,0
oInvCollPH,576,96,00061FFA,0,1,1,4294967295,0,0
oInvCollPH,592,96,001A932B,0,1,1,4294967295,0,0
oInvCollPH,608,96,00176EE6,0,1,1,4294967295,0,0
oInvCollPH,624,96,0031022F,0,1,1,4294967295,0,0
oInvCollPH,640,96,001A93E6,0,1,1,4294967295,0,0
oInvCollPH,640,80,001ECECD,0,1,1,4294967295,0,0
oInvCollPH,768,80,0027FEBE,0,1,1,4294967295,0,0
oInvCollPH,784,80,001DA571,0,1,1,4294967295,0,0
oInvCollPH,800,80,003399FC,0,1,1,4294967295,0,0
oInvCollPH,816,80,00077D51,0,1,1,4294967295,0,0
oInvCollPH,832,80,0015508C,0,1,1,4294967295,0,0
oInvCollPH,432,32,003E6766,0,1,1,4294967295,0,0
oInvCollPH,432,48,0039B10F,0,1,1,4294967295,0,0
oInvCollPH,432,64,003FAF3E,0,1,1,4294967295,0,0
oInvCollPH,448,64,0002953E,0,1,1,4294967295,0,0
oInvCollPH,464,64,00384F02,0,1,1,4294967295,0,0
oInvCollPH,480,64,00271CCE,0,1,1,4294967295,0,0
oInvCollPH,496,64,0015ED1F,0,1,1,4294967295,0,0
oInvCollPH,512,64,0007BBC4,0,1,1,4294967295,0,0
oInvCollPH,528,64,002B20F0,0,1,1,4294967295,0,0
oInvCollPH,544,64,00148AE7,0,1,1,4294967295,0,0
oInvCollPH,656,64,0019CDD7,0,1,1,4294967295,0,0
oInvCollPH,672,64,0003FD5F,0,1,1,4294967295,0,0
oInvCollPH,688,64,000A604C,0,1,1,4294967295,0,0
oInvCollPH,704,64,0025A456,0,1,1,4294967295,0,0
oInvCollPH,720,64,0014F6DD,0,1,1,4294967295,0,0
oInvCollPH,736,64,0012AEE9,0,1,1,4294967295,0,0
oInvCollPH,48,16,001F6AC5,0,1,1,4294967295,0,0
oInvCollPH,64,16,003C6EF2,0,1,1,4294967295,0,0
oInvCollPH,80,16,002AF034,0,1,1,4294967295,0,0
oInvCollPH,96,16,002FB9C3,0,1,1,4294967295,0,0
oInvCollPH,112,16,003CEF7A,0,1,1,4294967295,0,0
oInvCollPH,128,16,002B4C34,0,1,1,4294967295,0,0
oInvCollPH,144,16,002D47C2,0,1,1,4294967295,0,0
oInvCollPH,416,16,002BFDDC,0,1,1,4294967295,0,0
oInvCollPH,400,16,00016420,0,1,1,4294967295,0,0
oInvCollPH,384,16,002C554D,0,1,1,4294967295,0,0
oInvCollPH,368,16,000A3FC2,0,1,1,4294967295,0,0
oInvCollPH,352,16,0020D186,0,1,1,4294967295,0,0
oInvCollPH,336,16,001360CC,0,1,1,4294967295,0,0
oInvCollPH,320,16,00338046,0,1,1,4294967295,0,0
oInvCollPH,304,16,00079349,0,1,1,4294967295,0,0
oInvCollPH,288,16,00203776,0,1,1,4294967295,0,0
oInvCollPH,272,16,000E1A30,0,1,1,4294967295,0,0
oInvCollPH,160,16,0004AF9C,0,1,1,4294967295,0,0
oInvCollPH,176,16,000B7D3F,0,1,1,4294967295,0,0
oInvCollPH,192,16,0031FA8C,0,1,1,4294967295,0,0
oInvCollPH,208,16,0030DDD1,0,1,1,4294967295,0,0
oInvCollPH,224,16,0004A242,0,1,1,4294967295,0,0
oInvCollPH,240,16,00095478,0,1,1,4294967295,0,0
oInvCollPH,256,16,003C42B3,0,1,1,4294967295,0,0
oInvCollPH,288,320,00251EE2,0,1,1,4294967295,0,0
oInvCollPH,304,320,0008B752,0,1,1,4294967295,0,0
oInvCollPH,304,304,00333619,0,1,1,4294967295,0,0
oInvCollPH,320,304,0006D788,0,1,1,4294967295,0,0
oInvCollPH,336,304,000BDDBE,0,1,1,4294967295,0,0
oInvCollPH,336,320,0000D28E,0,1,1,4294967295,0,0
oInvCollPH,352,336,0022D8A3,0,1,1,4294967295,0,0
oInvCollPH,368,336,0018E6AC,0,1,1,4294967295,0,0
oInvCollPH,384,336,000930FE,0,1,1,4294967295,0,0
oInvCollPH,400,336,001FC063,0,1,1,4294967295,0,0
oInvCollPH,400,352,00402EE6,0,1,1,4294967295,0,0
oInvCollPH,384,352,003CBAA7,0,1,1,4294967295,0,0
oInvCollPH,368,352,001AF268,0,1,1,4294967295,0,0
oInvCollPH,352,352,0038C7C7,0,1,1,4294967295,0,0
oInvCollPH,336,352,00330EC3,0,1,1,4294967295,0,0
oInvCollPH,320,352,000D47C9,0,1,1,4294967295,0,0
oInvCollPH,640,224,00156630,0,1,1,4294967295,0,0
oInvCollPH,688,176,001B6789,0,1,1,4294967295,0,0
oInvCollPH,704,176,003B157E,0,1,1,4294967295,0,0
oInvCollPH,720,176,00315475,0,1,1,4294967295,0,0
oInvCollPH,736,176,00033A1A,0,1,1,4294967295,0,0
oInvCollPH,752,176,003F2577,0,1,1,4294967295,0,0
oInvCollPH,768,176,000278B0,0,1,1,4294967295,0,0
oInvCollPH,784,176,002451D4,0,1,1,4294967295,0,0
oInvCollPH,672,192,0001C50B,0,1,1,4294967295,0,0
oInvCollPH,688,192,002F1840,0,1,1,4294967295,0,0
oInvCollPH,704,192,002C8C53,0,1,1,4294967295,0,0
oInvCollPH,720,192,0011E758,0,1,1,4294967295,0,0
oInvCollPH,736,192,001B2002,0,1,1,4294967295,0,0
oInvCollPH,752,192,003DB015,0,1,1,4294967295,0,0
oInvCollPH,768,192,002D295B,0,1,1,4294967295,0,0
oInvCollPH,784,192,002D141C,0,1,1,4294967295,0,0
oInvCollPH,240,144,001B5C3D,0,1,1,4294967295,0,0
oInvCollPH,256,144,00202D5E,0,1,1,4294967295,0,0
oInvCollPH,272,144,0018D578,0,1,1,4294967295,0,0
oInvCollPH,288,144,0036777C,0,1,1,4294967295,0,0
oInvCollPH,304,144,003CE519,0,1,1,4294967295,0,0
oInvCollPH,320,144,003629CC,0,1,1,4294967295,0,0
oInvCollPH,336,144,002988B0,0,1,1,4294967295,0,0
oInvCollPH,336,160,001384B9,0,1,1,4294967295,0,0
oInvCollPH,224,192,0003F0D0,0,1,1,4294967295,0,0
oInvCollPH,240,192,0033AE0A,0,1,1,4294967295,0,0
oInvCollPH,256,192,0023DFB7,0,1,1,4294967295,0,0
oInvCollPH,272,192,00081E31,0,1,1,4294967295,0,0
oInvCollPH,288,192,000B4958,0,1,1,4294967295,0,0
oInvCollPH,304,192,00344783,0,1,1,4294967295,0,0
oInvCollPH,320,192,003D8BEE,0,1,1,4294967295,0,0
oInvCollPH,336,192,002D2721,0,1,1,4294967295,0,0
oInvCollPH,96,160,0001E5B9,0,1,1,4294967295,0,0
oInvCollPH,96,176,001582D1,0,1,1,4294967295,0,0
oInvCollPH,96,192,00304A06,0,1,1,4294967295,0,0
oInvCollPH,96,208,00101315,0,1,1,4294967295,0,0
oInvCollPH,96,224,00388C80,0,1,1,4294967295,0,0
oInvCollPH,160,224,000F1869,0,1,1,4294967295,0,0
oInvCollPH,176,224,003C9184,0,1,1,4294967295,0,0
oInvCollPH,192,224,00386346,0,1,1,4294967295,0,0
oInvCollPH,208,224,001F1B76,0,1,1,4294967295,0,0
oInvCollPH,208,208,00090225,0,1,1,4294967295,0,0
oInvCollPH,208,144,002692E4,0,1,1,4294967295,0,0
oInvCollPH,192,144,0017F51B,0,1,1,4294967295,0,0
oInvCollPH,176,144,002FB263,0,1,1,4294967295,0,0
oInvCollPH,160,144,00051400,0,1,1,4294967295,0,0
oInvCollPH,144,144,0010DA6B,0,1,1,4294967295,0,0
oInvCollPH,128,144,0009A6A7,0,1,1,4294967295,0,0
oInvCollPH,112,144,0006A9CC,0,1,1,4294967295,0,0
oInvCollPH,288,496,003D9139,0,1,1,4294967295,0,0
oInvCollPH,304,496,00202866,0,1,1,4294967295,0,0
oInvCollPH,320,496,00011AA9,0,1,1,4294967295,0,0
oInvCollPH,320,512,00068E50,0,1,1,4294967295,0,0
oInvCollPH,320,560,002AD81F,0,1,1,4294967295,0,0
oInvCollPH,320,576,0028E415,0,1,1,4294967295,0,0
oInvCollPH,320,592,002C77F7,0,1,1,4294967295,0,0
oInvCollPH,320,608,00280481,0,1,1,4294967295,0,0
oInvCollPH,304,608,00375B4C,0,1,1,4294967295,0,0
oInvCollPH,288,608,0036112E,0,1,1,4294967295,0,0
oInvCollPH,272,608,000F44E8,0,1,1,4294967295,0,0
oInvCollPH,336,544,00314DCF,0,1,1,4294967295,0,0
oInvCollPH,352,544,002E4507,0,1,1,4294967295,0,0
oInvCollPH,352,528,0006AD31,0,1,1,4294967295,0,0
oInvCollPH,160,608,0035F81E,0,1,1,4294967295,0,0
oInvCollPH,176,608,001B0FF0,0,1,1,4294967295,0,0
oInvCollPH,192,608,000E1526,0,1,1,4294967295,0,0
oInvCollPH,208,608,00337605,0,1,1,4294967295,0,0
oInvCollPH,224,464,002626DE,0,1,1,4294967295,0,0
oInvCollPH,240,464,0038E91A,0,1,1,4294967295,0,0
oInvCollPH,256,464,002ECEA3,0,1,1,4294967295,0,0
oInvCollPH,256,480,0036C6BC,0,1,1,4294967295,0,0
oInvCollPH,256,592,000EB20B,0,1,1,4294967295,0,0
oInvCollPH,240,592,000B9668,0,1,1,4294967295,0,0
oInvCollPH,224,592,003E28DE,0,1,1,4294967295,0,0
oInvCollPH,144,240,002D2ADD,0,1,1,4294967295,0,0
oInvCollPH,144,256,003C4592,0,1,1,4294967295,0,0
oInvCollPH,144,272,0038AC9A,0,1,1,4294967295,0,0
oInvCollPH,144,288,00283610,0,1,1,4294967295,0,0
oInvCollPH,144,304,0026CAAA,0,1,1,4294967295,0,0
oInvCollPH,144,320,002F3E55,0,1,1,4294967295,0,0
oInvCollPH,144,336,0026847B,0,1,1,4294967295,0,0
oInvCollPH,144,352,000C49EC,0,1,1,4294967295,0,0
oInvCollPH,144,368,003C4163,0,1,1,4294967295,0,0
oInvCollPH,144,384,0000F3A2,0,1,1,4294967295,0,0
oInvCollPH,96,256,001D41B5,0,1,1,4294967295,0,0
oInvCollPH,96,272,00323097,0,1,1,4294967295,0,0
oInvCollPH,96,288,002475E3,0,1,1,4294967295,0,0
oInvCollPH,96,304,000EE398,0,1,1,4294967295,0,0
oInvCollPH,96,320,000B29CC,0,1,1,4294967295,0,0
oInvCollPH,96,336,00019A96,0,1,1,4294967295,0,0
oInvCollPH,96,352,001C7C36,0,1,1,4294967295,0,0
oInvCollPH,96,368,00383541,0,1,1,4294967295,0,0
oInvCollPH,96,384,00292288,0,1,1,4294967295,0,0
oInvCollPH,96,416,00134E00,0,1,1,4294967295,0,0
oInvCollPH,96,432,003D46AE,0,1,1,4294967295,0,0
oInvCollPH,96,448,00027428,0,1,1,4294967295,0,0
oInvCollPH,96,464,00372523,0,1,1,4294967295,0,0
oInvCollPH,96,480,003050DC,0,1,1,4294967295,0,0
oInvCollPH,96,496,00061BC0,0,1,1,4294967295,0,0
oInvCollPH,96,512,003BABA4,0,1,1,4294967295,0,0
oInvCollPH,96,528,00295BC0,0,1,1,4294967295,0,0
oInvCollPH,96,544,00031A6D,0,1,1,4294967295,0,0
oInvCollPH,160,400,00398749,0,1,1,4294967295,0,0
oInvCollPH,176,400,0037F19A,0,1,1,4294967295,0,0
oInvCollPH,192,400,00371986,0,1,1,4294967295,0,0
oInvCollPH,192,416,0026452E,0,1,1,4294967295,0,0
oInvCollPH,192,432,0034CC27,0,1,1,4294967295,0,0
oInvCollPH,192,448,001D510F,0,1,1,4294967295,0,0
oInvCollPH,96,560,00235959,0,1,1,4294967295,0,0
oInvCollPH,112,560,0036E98F,0,1,1,4294967295,0,0
oInvCollPH,128,560,003E56A0,0,1,1,4294967295,0,0
oInvCollPH,144,560,00371EAB,0,1,1,4294967295,0,0
oInvCollPH,64,672,003387EB,0,1,1,4294967295,0,0
oInvCollPH,80,672,0004FA49,0,1,1,4294967295,0,0
oInvCollPH,96,672,0027782F,0,1,1,4294967295,0,0
oInvCollPH,112,672,00101F68,0,1,1,4294967295,0,0
oInvCollPH,128,672,00120854,0,1,1,4294967295,0,0
oInvCollPH,144,672,0012A165,0,1,1,4294967295,0,0
oInvCollPH,160,672,00033E6E,0,1,1,4294967295,0,0
oInvCollPH,176,672,002EAEE6,0,1,1,4294967295,0,0
oInvCollPH,192,672,000EAC7B,0,1,1,4294967295,0,0
oInvCollPH,352,672,0019F95E,0,1,1,4294967295,0,0
oInvCollPH,336,672,00072B35,0,1,1,4294967295,0,0
oInvCollPH,320,672,0022DB21,0,1,1,4294967295,0,0
oInvCollPH,304,672,000AE47D,0,1,1,4294967295,0,0
oInvCollPH,288,672,003D4F74,0,1,1,4294967295,0,0
oInvCollPH,272,672,00317B88,0,1,1,4294967295,0,0
oInvCollPH,256,672,00359C63,0,1,1,4294967295,0,0
oInvCollPH,240,672,0039474A,0,1,1,4294967295,0,0
oInvCollPH,224,672,000B8A15,0,1,1,4294967295,0,0
oInvCollPH,208,672,00207535,0,1,1,4294967295,0,0
oInvCollPH,32,32,0008B387,0,1,1,4294967295,0,0
oInvCollPH,32,48,001F7A3F,0,1,1,4294967295,0,0
oInvCollPH,32,64,001D0449,0,1,1,4294967295,0,0
oInvCollPH,32,80,0016D443,0,1,1,4294967295,0,0
oInvCollPH,32,96,0014CB26,0,1,1,4294967295,0,0
oInvCollPH,32,112,00223DDD,0,1,1,4294967295,0,0
oInvCollPH,32,128,00350849,0,1,1,4294967295,0,0
oInvCollPH,32,144,003660BD,0,1,1,4294967295,0,0
oInvCollPH,32,160,00288BAE,0,1,1,4294967295,0,0
oInvCollPH,32,176,001230A9,0,1,1,4294967295,0,0
oInvCollPH,32,192,00049D6A,0,1,1,4294967295,0,0
oInvCollPH,32,208,0015CFB5,0,1,1,4294967295,0,0
oInvCollPH,32,224,003E3EAE,0,1,1,4294967295,0,0
oInvCollPH,32,240,000C43D9,0,1,1,4294967295,0,0
oInvCollPH,32,256,0002AF35,0,1,1,4294967295,0,0
oInvCollPH,32,272,004031A1,0,1,1,4294967295,0,0
oInvCollPH,32,288,0025DB5E,0,1,1,4294967295,0,0
oInvCollPH,32,304,0012F7CD,0,1,1,4294967295,0,0
oInvCollPH,32,320,001EC629,0,1,1,4294967295,0,0
oInvCollPH,32,336,0013C462,0,1,1,4294967295,0,0
oInvCollPH,32,352,001F0015,0,1,1,4294967295,0,0
oInvCollPH,32,368,0009EDD1,0,1,1,4294967295,0,0
oInvCollPH,32,384,003EC5D1,0,1,1,4294967295,0,0
oInvCollPH,32,400,003F7A6A,0,1,1,4294967295,0,0
oInvCollPH,32,416,00317E3D,0,1,1,4294967295,0,0
oInvCollPH,32,432,002C9FB9,0,1,1,4294967295,0,0
oInvCollPH,32,448,001FF541,0,1,1,4294967295,0,0
oInvCollPH,32,464,0011D12A,0,1,1,4294967295,0,0
oInvCollPH,32,480,0022813E,0,1,1,4294967295,0,0
oInvCollPH,32,496,002358C4,0,1,1,4294967295,0,0
oInvCollPH,32,512,0001B873,0,1,1,4294967295,0,0
oInvCollPH,32,528,0039CA44,0,1,1,4294967295,0,0
oInvCollPH,32,544,0006B477,0,1,1,4294967295,0,0
oInvCollPH,32,560,00280B2F,0,1,1,4294967295,0,0
oInvCollPH,32,576,0012B78D,0,1,1,4294967295,0,0
oInvCollPH,32,592,0014E101,0,1,1,4294967295,0,0
oInvCollPH,32,608,00330543,0,1,1,4294967295,0,0
oInvCollPH,32,624,0005509D,0,1,1,4294967295,0,0
oInvCollPH,32,640,002D2E5B,0,1,1,4294967295,0,0
oInvCollPH,32,656,000CB4C3,0,1,1,4294967295,0,0
oInvCollPH,368,176,001E86DF,0,1,1,4294967295,0,0
oInvCollPH,384,176,001332FC,0,1,1,4294967295,0,0
oInvCollPH,400,176,003DCA0B,0,1,1,4294967295,0,0
oInvCollPH,416,176,00015B99,0,1,1,4294967295,0,0
oInvCollPH,432,176,001CD2CC,0,1,1,4294967295,0,0
oInvCollPH,448,176,001C2FEE,0,1,1,4294967295,0,0
oInvCollPH,464,176,003EDED4,0,1,1,4294967295,0,0
oInvCollPH,480,176,001E76E4,0,1,1,4294967295,0,0
oInvCollPH,496,176,001D6632,0,1,1,4294967295,0,0
oInvCollPH,672,176,002DF08D,0,1,1,4294967295,0,0
oInvCollPH,640,176,000337A8,0,1,1,4294967295,0,0
oInvCollPH,624,176,003DBAB3,0,1,1,4294967295,0,0
oInvCollPH,608,176,003851CA,0,1,1,4294967295,0,0
oInvCollPH,592,176,0021226E,0,1,1,4294967295,0,0
oInvCollPH,576,176,001CF2A5,0,1,1,4294967295,0,0
oInvCollPH,560,176,00106307,0,1,1,4294967295,0,0
oInvCollPH,544,176,0017F54A,0,1,1,4294967295,0,0
oInvCollPH,528,176,003A19C5,0,1,1,4294967295,0,0
oInvCollPH,512,176,0037554A,0,1,1,4294967295,0,0
oInvCollPH,640,208,00169EBB,0,1,1,4294967295,0,0
oInvCollPH,656,192,00260214,0,1,1,4294967295,0,0
oInvCollPH,352,208,000E1512,0,1,1,4294967295,0,0
oInvCollPH,352,224,0014623E,0,1,1,4294967295,0,0
oInvCollPH,368,224,003865FA,0,1,1,4294967295,0,0
oInvCollPH,384,224,0029F3F3,0,1,1,4294967295,0,0
oInvCollPH,400,224,00312B9B,0,1,1,4294967295,0,0
oInvCollPH,416,224,0025CEEC,0,1,1,4294967295,0,0
oInvCollPH,432,224,002B62E2,0,1,1,4294967295,0,0
oInvCollPH,448,224,0021554C,0,1,1,4294967295,0,0
oInvCollPH,464,224,0034AFA0,0,1,1,4294967295,0,0
oInvCollPH,480,224,000A6F62,0,1,1,4294967295,0,0
oInvCollPH,496,224,001B3432,0,1,1,4294967295,0,0
oInvCollPH,512,224,0021401A,0,1,1,4294967295,0,0
oInvCollPH,528,224,001CFE3F,0,1,1,4294967295,0,0
oInvCollPH,544,224,0010D074,0,1,1,4294967295,0,0
oInvCollPH,560,224,0019639E,0,1,1,4294967295,0,0
oInvCollPH,576,224,002519FF,0,1,1,4294967295,0,0
oInvCollPH,592,224,0038103B,0,1,1,4294967295,0,0
oInvCollPH,608,224,0023BF89,0,1,1,4294967295,0,0
oInvCollPH,624,224,002E1F7F,0,1,1,4294967295,0,0
oInvCollPH,528,336,003E0C31,0,1,1,4294967295,0,0
oInvCollPH,544,336,0014A1A3,0,1,1,4294967295,0,0
oInvCollPH,560,336,0020356B,0,1,1,4294967295,0,0
oInvCollPH,432,352,002FC4AA,0,1,1,4294967295,0,0
oInvCollPH,448,352,00251BEB,0,1,1,4294967295,0,0
oInvCollPH,464,352,002CECB5,0,1,1,4294967295,0,0
oInvCollPH,480,352,001E0255,0,1,1,4294967295,0,0
oInvCollPH,496,352,0019058E,0,1,1,4294967295,0,0
oInvCollPH,416,368,0004EE6D,0,1,1,4294967295,0,0
oInvCollPH,416,384,001D1A98,0,1,1,4294967295,0,0
oInvCollPH,432,384,00058265,0,1,1,4294967295,0,0
oInvCollPH,448,384,0023DF3D,0,1,1,4294967295,0,0
oInvCollPH,464,384,001B92F3,0,1,1,4294967295,0,0
oInvCollPH,560,352,001BE664,0,1,1,4294967295,0,0
oInvCollPH,560,368,001F38C2,0,1,1,4294967295,0,0
oInvCollPH,560,384,003FE6DE,0,1,1,4294967295,0,0
oInvCollPH,368,656,002862B4,0,1,1,4294967295,0,0
oInvCollPH,384,640,002E4844,0,1,1,4294967295,0,0
oInvCollPH,400,640,00157F04,0,1,1,4294967295,0,0
oInvCollPH,416,640,000C39ED,0,1,1,4294967295,0,0
oInvCollPH,432,624,002AA889,0,1,1,4294967295,0,0
oInvCollPH,448,608,002895B3,0,1,1,4294967295,0,0
oInvCollPH,464,592,00378869,0,1,1,4294967295,0,0
oInvCollPH,480,576,000CDE3C,0,1,1,4294967295,0,0
oInvCollPH,496,416,0001588B,0,1,1,4294967295,0,0
oInvCollPH,496,432,001BAA3F,0,1,1,4294967295,0,0
oInvCollPH,496,448,00133D6E,0,1,1,4294967295,0,0
oInvCollPH,496,464,001E1EA1,0,1,1,4294967295,0,0
oInvCollPH,496,480,00113C64,0,1,1,4294967295,0,0
oInvCollPH,496,496,001BE6EF,0,1,1,4294967295,0,0
oInvCollPH,496,512,0017490B,0,1,1,4294967295,0,0
oInvCollPH,496,528,0002500B,0,1,1,4294967295,0,0
oInvCollPH,496,544,00217135,0,1,1,4294967295,0,0
oInvCollPH,560,560,0021DE5A,0,1,1,4294967295,0,0
oInvCollPH,560,576,00319973,0,1,1,4294967295,0,0
oInvCollPH,560,592,00356DBF,0,1,1,4294967295,0,0
oInvCollPH,560,608,0013BE24,0,1,1,4294967295,0,0
oInvCollPH,560,624,003AB2C9,0,1,1,4294967295,0,0
oInvCollPH,496,560,000CEAB8,0,1,1,4294967295,0,0
oInvCollPH,560,400,0034021D,0,1,1,4294967295,0,0
oInvCollPH,560,416,001698A2,0,1,1,4294967295,0,0
oInvCollPH,560,432,00066CCA,0,1,1,4294967295,0,0
oInvCollPH,560,448,003A91CB,0,1,1,4294967295,0,0
oInvCollPH,560,464,00002673,0,1,1,4294967295,0,0
oInvCollPH,560,480,00155CE7,0,1,1,4294967295,0,0
oInvCollPH,560,496,000622AA,0,1,1,4294967295,0,0
oInvCollPH,560,512,001C30D5,0,1,1,4294967295,0,0
oInvCollPH,560,528,0036D1A1,0,1,1,4294967295,0,0
oInvCollPH,560,544,003E71D0,0,1,1,4294967295,0,0
oInvCollPH,560,640,0034CA67,0,1,1,4294967295,0,0
oInvCollPH,560,656,002D2775,0,1,1,4294967295,0,0
oInvCollPH,560,672,0010EFC4,0,1,1,4294967295,0,0
oInvCollPH,560,688,0004381B,0,1,1,4294967295,0,0
oInvCollPH,704,400,001B145C,0,1,1,4294967295,0,0
oInvCollPH,736,416,003E7859,0,1,1,4294967295,0,0
oInvCollPH,736,432,0004F46B,0,1,1,4294967295,0,0
oInvCollPH,736,448,000458DC,0,1,1,4294967295,0,0
oInvCollPH,736,464,0006B169,0,1,1,4294967295,0,0
oInvCollPH,736,480,00313025,0,1,1,4294967295,0,0
oInvCollPH,736,496,0000D336,0,1,1,4294967295,0,0
oInvCollPH,688,432,003D856C,0,1,1,4294967295,0,0
oInvCollPH,688,448,001C042E,0,1,1,4294967295,0,0
oInvCollPH,688,464,0000173D,0,1,1,4294967295,0,0
oInvCollPH,688,480,003727AA,0,1,1,4294967295,0,0
oInvCollPH,688,496,0018D0D9,0,1,1,4294967295,0,0
oInvCollPH,688,512,00004C4E,0,1,1,4294967295,0,0
oInvCollPH,688,528,0000B148,0,1,1,4294967295,0,0
oInvCollPH,688,544,003DCCCA,0,1,1,4294967295,0,0
oInvCollPH,656,576,00156BEB,0,1,1,4294967295,0,0
oInvCollPH,672,560,002876DD,0,1,1,4294967295,0,0
oInvCollPH,656,592,001119D0,0,1,1,4294967295,0,0
oInvCollPH,656,608,0014E56E,0,1,1,4294967295,0,0
oInvCollPH,656,624,00304CBD,0,1,1,4294967295,0,0
oInvCollPH,656,640,00226009,0,1,1,4294967295,0,0
oInvCollPH,656,656,0036204F,0,1,1,4294967295,0,0
oInvCollPH,656,672,003C9050,0,1,1,4294967295,0,0
oInvCollPH,656,688,000A6ECB,0,1,1,4294967295,0,0
oInvCollPH,736,272,002ACA2C,0,1,1,4294967295,0,0
oInvCollPH,720,304,001E99C7,0,1,1,4294967295,0,0
oInvCollPH,720,320,00295771,0,1,1,4294967295,0,0
oInvCollPH,720,336,0022EB29,0,1,1,4294967295,0,0
oInvCollPH,720,352,0003CF2C,0,1,1,4294967295,0,0
oInvCollPH,720,368,001BB0C1,0,1,1,4294967295,0,0
oInvCollPH,720,384,0003E81C,0,1,1,4294967295,0,0
oInvCollPH,688,416,0019C98E,0,1,1,4294967295,0,0
oInvCollPH,720,288,003CE021,0,1,1,4294967295,0,0
oInvCollPH,752,272,0026E3F1,0,1,1,4294967295,0,0
oInvCollPH,768,272,00157DBD,0,1,1,4294967295,0,0
oInvCollPH,768,288,001A46EE,0,1,1,4294967295,0,0
oInvCollPH,768,304,0014D145,0,1,1,4294967295,0,0
oInvCollPH,768,320,0038A126,0,1,1,4294967295,0,0
oInvCollPH,768,336,000A9682,0,1,1,4294967295,0,0
oInvCollPH,768,352,00115291,0,1,1,4294967295,0,0
oInvCollPH,768,400,001D0774,0,1,1,4294967295,0,0
oInvCollPH,752,400,0002BAC5,0,1,1,4294967295,0,0
oInvCollPH,736,560,002618E5,0,1,1,4294967295,0,0
oInvCollPH,736,576,00231C2C,0,1,1,4294967295,0,0
oInvCollPH,736,592,002C659B,0,1,1,4294967295,0,0
oInvCollPH,736,608,0017C428,0,1,1,4294967295,0,0
oInvCollPH,736,624,000A57DC,0,1,1,4294967295,0,0
oInvCollPH,736,544,001A4D6F,0,1,1,4294967295,0,0
oInvCollPH,736,640,003B8954,0,1,1,4294967295,0,0
oInvCollPH,736,656,000D5FE2,0,1,1,4294967295,0,0
oInvCollPH,736,672,003CB225,0,1,1,4294967295,0,0
oInvCollPH,736,688,002E926B,0,1,1,4294967295,0,0
oInvCollPH,816,560,002CE391,0,1,1,4294967295,0,0
oInvCollPH,832,560,0003A743,0,1,1,4294967295,0,0
oInvCollPH,832,544,000BB96D,0,1,1,4294967295,0,0
oInvCollPH,992,48,0009FD16,0,1,1,4294967295,0,0
oInvCollPH,1008,48,0019752A,0,1,1,4294967295,0,0
oInvCollPH,1008,32,003EBB18,0,1,1,4294967295,0,0
oInvCollPH,848,64,00201DF5,0,1,1,4294967295,0,0
oInvCollPH,864,64,000CB94D,0,1,1,4294967295,0,0
oInvCollPH,880,64,0007F4A3,0,1,1,4294967295,0,0
oInvCollPH,896,64,003CCB4C,0,1,1,4294967295,0,0
oInvCollPH,912,64,0014CB94,0,1,1,4294967295,0,0
oInvCollPH,928,64,000671C1,0,1,1,4294967295,0,0
oInvCollPH,944,64,0016A352,0,1,1,4294967295,0,0
oInvCollPH,960,64,0016073D,0,1,1,4294967295,0,0
oInvCollPH,960,48,0029BB8C,0,1,1,4294967295,0,0
oInvCollPH,960,32,002CEF73,0,1,1,4294967295,0,0
oInvCollPH,976,16,00217395,0,1,1,4294967295,0,0
oInvCollPH,1024,16,002B2396,0,1,1,4294967295,0,0
oInvCollPH,1232,224,0033FDFF,0,1,1,4294967295,0,0
oInvCollPH,1248,224,001F7E68,0,1,1,4294967295,0,0
oInvCollPH,1248,208,001DEBFF,0,1,1,4294967295,0,0
oInvCollPH,1200,336,001EF4CE,0,1,1,4294967295,0,0
oInvCollPH,1216,320,003CC70A,0,1,1,4294967295,0,0
oInvCollPH,1232,320,0039418B,0,1,1,4294967295,0,0
oInvCollPH,1248,320,002273F0,0,1,1,4294967295,0,0
oInvCollPH,1248,336,00244779,0,1,1,4294967295,0,0
oInvCollPH,1184,176,00403202,0,1,1,4294967295,0,0
oInvCollPH,1184,192,00128F97,0,1,1,4294967295,0,0
oInvCollPH,1344,144,0037E4F9,0,1,1,4294967295,0,0
oInvCollPH,1360,128,00174E2B,0,1,1,4294967295,0,0
oInvCollPH,1328,608,002D6C9F,0,1,1,4294967295,0,0
oInvCollPH,1344,592,002FAA74,0,1,1,4294967295,0,0
oInvCollPH,784,672,001571EC,0,1,1,4294967295,0,0
oInvCollPH,784,688,00376FA6,0,1,1,4294967295,0,0
oInvCollPH,800,656,004015A9,0,1,1,4294967295,0,0
oInvCollPH,816,656,00279683,0,1,1,4294967295,0,0
oInvCollPH,832,656,000A2E4D,0,1,1,4294967295,0,0
oInvCollPH,848,656,003CD067,0,1,1,4294967295,0,0
oInvCollPH,864,656,002C1B66,0,1,1,4294967295,0,0
oInvCollPH,880,656,0031CD29,0,1,1,4294967295,0,0
oInvCollPH,896,656,0013DD41,0,1,1,4294967295,0,0
oInvCollPH,896,672,001C4C30,0,1,1,4294967295,0,0
oInvCollPH,896,688,002A8257,0,1,1,4294967295,0,0
oInvCollPH,976,672,000B07F6,0,1,1,4294967295,0,0
oInvCollPH,976,688,00397981,0,1,1,4294967295,0,0
oInvCollPH,992,656,0016357C,0,1,1,4294967295,0,0
oInvCollPH,1008,656,003DFF3C,0,1,1,4294967295,0,0
oInvCollPH,1024,656,003DC606,0,1,1,4294967295,0,0
oInvCollPH,1040,656,000A1864,0,1,1,4294967295,0,0
oInvCollPH,1056,656,003F0F79,0,1,1,4294967295,0,0
oInvCollPH,1072,656,001D19AF,0,1,1,4294967295,0,0
oInvCollPH,1088,656,001F348E,0,1,1,4294967295,0,0
oInvCollPH,1088,672,00367597,0,1,1,4294967295,0,0
oInvCollPH,1088,688,0001D0D2,0,1,1,4294967295,0,0
oInvCollPH,1184,624,003D6129,0,1,1,4294967295,0,0
oInvCollPH,1200,624,00300CE4,0,1,1,4294967295,0,0
oInvCollPH,1216,624,00012AC1,0,1,1,4294967295,0,0
oInvCollPH,1232,624,002D8CE5,0,1,1,4294967295,0,0
oInvCollPH,1248,624,000645AE,0,1,1,4294967295,0,0
oInvCollPH,1264,624,00234C80,0,1,1,4294967295,0,0
oInvCollPH,1280,624,00253F94,0,1,1,4294967295,0,0
oInvCollPH,1168,640,000E420C,0,1,1,4294967295,0,0
oInvCollPH,1168,656,003C419B,0,1,1,4294967295,0,0
oInvCollPH,1168,672,002BDC1B,0,1,1,4294967295,0,0
oInvCollPH,1168,688,0004025B,0,1,1,4294967295,0,0
oInvCollPH,1280,640,00251693,0,1,1,4294967295,0,0
oInvCollPH,1280,656,000A2265,0,1,1,4294967295,0,0
oInvCollPH,1280,672,0001D0B1,0,1,1,4294967295,0,0
oInvCollPH,1280,688,00072F85,0,1,1,4294967295,0,0
oInvCollPH,1328,640,003A477C,0,1,1,4294967295,0,0
oInvCollPH,1328,656,0028E0EB,0,1,1,4294967295,0,0
oInvCollPH,1328,672,002A1010,0,1,1,4294967295,0,0
oInvCollPH,1328,688,00360AB2,0,1,1,4294967295,0,0
oInvCollPH,1360,528,002ADD52,0,1,1,4294967295,0,0
oInvCollPH,1360,544,0028CA0F,0,1,1,4294967295,0,0
oInvCollPH,1360,560,002F52AD,0,1,1,4294967295,0,0
oInvCollPH,1360,576,000CA4FB,0,1,1,4294967295,0,0
oInvCollPH,1088,480,002CB54E,0,1,1,4294967295,0,0
oInvCollPH,1104,480,00263F39,0,1,1,4294967295,0,0
oInvCollPH,1120,480,001F7CD2,0,1,1,4294967295,0,0
oInvCollPH,1136,480,000368B5,0,1,1,4294967295,0,0
oInvCollPH,1152,480,0004ADB5,0,1,1,4294967295,0,0
oInvCollPH,1168,480,000F2951,0,1,1,4294967295,0,0
oInvCollPH,1184,480,00368ECB,0,1,1,4294967295,0,0
oInvCollPH,1200,480,00220D55,0,1,1,4294967295,0,0
oInvCollPH,1216,480,001A908E,0,1,1,4294967295,0,0
oInvCollPH,1392,480,001D13E7,0,1,1,4294967295,0,0
oInvCollPH,1376,480,00099641,0,1,1,4294967295,0,0
oInvCollPH,1360,480,00170C9D,0,1,1,4294967295,0,0
oInvCollPH,1344,480,0018513A,0,1,1,4294967295,0,0
oInvCollPH,1328,480,00143903,0,1,1,4294967295,0,0
oInvCollPH,1312,480,0013D82C,0,1,1,4294967295,0,0
oInvCollPH,1296,480,002DE033,0,1,1,4294967295,0,0
oInvCollPH,1280,480,00213E7E,0,1,1,4294967295,0,0
oInvCollPH,1264,480,002DB960,0,1,1,4294967295,0,0
oInvCollPH,1248,480,000EF722,0,1,1,4294967295,0,0
oInvCollPH,1232,480,000B93F2,0,1,1,4294967295,0,0
oInvCollPH,1072,496,00333875,0,1,1,4294967295,0,0
oInvCollPH,1088,496,001C06D1,0,1,1,4294967295,0,0
oInvCollPH,1104,496,001BCD66,0,1,1,4294967295,0,0
oInvCollPH,1120,496,0032410E,0,1,1,4294967295,0,0
oInvCollPH,1136,496,001B9B2A,0,1,1,4294967295,0,0
oInvCollPH,1152,496,0030FF48,0,1,1,4294967295,0,0
oInvCollPH,1168,496,0005B974,0,1,1,4294967295,0,0
oInvCollPH,1184,496,000F7E28,0,1,1,4294967295,0,0
oInvCollPH,1200,496,00371B99,0,1,1,4294967295,0,0
oInvCollPH,1216,496,0033C349,0,1,1,4294967295,0,0
oInvCollPH,1232,496,000323B9,0,1,1,4294967295,0,0
oInvCollPH,1248,496,00394942,0,1,1,4294967295,0,0
oInvCollPH,1264,496,00004290,0,1,1,4294967295,0,0
oInvCollPH,1280,496,000DEA1A,0,1,1,4294967295,0,0
oInvCollPH,1296,496,001F15D3,0,1,1,4294967295,0,0
oInvCollPH,1312,496,003ACE9D,0,1,1,4294967295,0,0
oInvCollPH,1328,496,0009C867,0,1,1,4294967295,0,0
oInvCollPH,1344,496,00007FDA,0,1,1,4294967295,0,0
oInvCollPH,880,352,000CD812,0,1,1,4294967295,0,0
oInvCollPH,896,336,0035449E,0,1,1,4294967295,0,0
oInvCollPH,880,496,00039694,0,1,1,4294967295,0,0
oInvCollPH,880,528,00238933,0,1,1,4294967295,0,0
oInvCollPH,896,528,00357D13,0,1,1,4294967295,0,0
oInvCollPH,912,528,0018E8DD,0,1,1,4294967295,0,0
oInvCollPH,928,528,000983F9,0,1,1,4294967295,0,0
oInvCollPH,944,528,0003F90B,0,1,1,4294967295,0,0
oInvCollPH,960,528,001A0332,0,1,1,4294967295,0,0
oInvCollPH,976,528,00152839,0,1,1,4294967295,0,0
oInvCollPH,992,528,003D3A09,0,1,1,4294967295,0,0
oInvCollPH,1008,528,0004ED6E,0,1,1,4294967295,0,0
oInvCollPH,1024,528,003FF8EF,0,1,1,4294967295,0,0
oInvCollPH,896,480,00289CEE,0,1,1,4294967295,0,0
oInvCollPH,912,480,0003C2E9,0,1,1,4294967295,0,0
oInvCollPH,928,480,0032628D,0,1,1,4294967295,0,0
oInvCollPH,944,480,001F3C98,0,1,1,4294967295,0,0
oInvCollPH,960,480,000D4382,0,1,1,4294967295,0,0
oInvCollPH,976,480,0011488E,0,1,1,4294967295,0,0
oInvCollPH,992,480,000C4ABB,0,1,1,4294967295,0,0
oInvCollPH,1008,480,0028DDF3,0,1,1,4294967295,0,0
oInvCollPH,1024,480,000C823B,0,1,1,4294967295,0,0
oInvCollPH,1040,480,00322371,0,1,1,4294967295,0,0
oInvCollPH,1056,480,001DF7CC,0,1,1,4294967295,0,0
oInvCollPH,1040,528,003D965E,0,1,1,4294967295,0,0
oInvCollPH,1056,528,00130CCF,0,1,1,4294967295,0,0
oInvCollPH,1056,512,00205FB8,0,1,1,4294967295,0,0
oInvCollPH,768,512,003F1B8F,0,1,1,4294967295,0,0
oInvCollPH,784,512,0008ED74,0,1,1,4294967295,0,0
oInvCollPH,800,512,003330B2,0,1,1,4294967295,0,0
oInvCollPH,816,512,00392E88,0,1,1,4294967295,0,0
oInvCollPH,832,512,0037C1B0,0,1,1,4294967295,0,0
oInvCollPH,848,512,003EEA59,0,1,1,4294967295,0,0
oInvCollPH,864,512,000DB791,0,1,1,4294967295,0,0
oInvCollPH,864,528,003731CA,0,1,1,4294967295,0,0
oInvCollPH,848,528,000731C5,0,1,1,4294967295,0,0
oInvCollPH,800,528,00061070,0,1,1,4294967295,0,0
oInvCollPH,784,528,002FC881,0,1,1,4294967295,0,0
oInvCollPH,768,528,002D5AF7,0,1,1,4294967295,0,0
oInvCollPH,752,528,0021167F,0,1,1,4294967295,0,0
oInvCollPH,800,176,00376E4A,0,1,1,4294967295,0,0
oInvCollPH,816,176,003B04BE,0,1,1,4294967295,0,0
oInvCollPH,832,176,00053166,0,1,1,4294967295,0,0
oInvCollPH,848,176,00021B6B,0,1,1,4294967295,0,0
oInvCollPH,848,192,0015F31B,0,1,1,4294967295,0,0
oInvCollPH,832,192,0009C89A,0,1,1,4294967295,0,0
oInvCollPH,816,192,001A66D0,0,1,1,4294967295,0,0
oInvCollPH,800,192,00148C67,0,1,1,4294967295,0,0
oInvCollPH,864,176,000A09F6,0,1,1,4294967295,0,0
oInvCollPH,880,176,000657B2,0,1,1,4294967295,0,0
oInvCollPH,896,176,00178972,0,1,1,4294967295,0,0
oInvCollPH,912,176,00206AA4,0,1,1,4294967295,0,0
oInvCollPH,976,176,00251068,0,1,1,4294967295,0,0
oInvCollPH,960,176,003F7164,0,1,1,4294967295,0,0
oInvCollPH,944,176,000F44B5,0,1,1,4294967295,0,0
oInvCollPH,928,176,00207D41,0,1,1,4294967295,0,0
oInvCollPH,1040,176,0011F450,0,1,1,4294967295,0,0
oInvCollPH,1024,176,00176189,0,1,1,4294967295,0,0
oInvCollPH,1008,176,001504EA,0,1,1,4294967295,0,0
oInvCollPH,992,176,001B9921,0,1,1,4294967295,0,0
oInvCollPH,864,192,00219E38,0,1,1,4294967295,0,0
oInvCollPH,880,192,003A6BCB,0,1,1,4294967295,0,0
oInvCollPH,896,192,002E0DA7,0,1,1,4294967295,0,0
oInvCollPH,1040,192,003677CA,0,1,1,4294967295,0,0
oInvCollPH,1024,192,002E8322,0,1,1,4294967295,0,0
oInvCollPH,976,192,000FFC5B,0,1,1,4294967295,0,0
oInvCollPH,992,224,00015768,0,1,1,4294967295,0,0
oInvCollPH,1008,224,00000202,0,1,1,4294967295,0,0
oInvCollPH,1008,208,002AA1DC,0,1,1,4294967295,0,0
oInvCollPH,1360,272,003C4E8D,0,1,1,4294967295,0,0
oInvCollPH,1328,160,003F67E2,0,1,1,4294967295,0,0
oInvCollPH,1312,176,000E7F93,0,1,1,4294967295,0,0
oInvCollPH,1328,176,0034897C,0,1,1,4294967295,0,0
oInvCollPH,1344,176,00022C58,0,1,1,4294967295,0,0
oInvCollPH,1360,176,0002BC06,0,1,1,4294967295,0,0
oInvCollPH,800,368,000A1B0C,0,1,1,4294967295,0,0
oInvCollPH,816,368,002255D8,0,1,1,4294967295,0,0
oInvCollPH,832,368,003BB9CF,0,1,1,4294967295,0,0
oInvCollPH,848,368,000AC950,0,1,1,4294967295,0,0
oInvCollPH,864,368,001F8214,0,1,1,4294967295,0,0
oInvCollPH,784,400,00034F1A,0,1,1,4294967295,0,0
oInvCollPH,800,400,00181DA1,0,1,1,4294967295,0,0
oInvCollPH,816,400,002B98C0,0,1,1,4294967295,0,0
oInvCollPH,832,400,001734E9,0,1,1,4294967295,0,0
oInvCollPH,848,400,00258F0B,0,1,1,4294967295,0,0
oInvCollPH,864,400,0037135E,0,1,1,4294967295,0,0
oInvCollPH,896,400,00334DD1,0,1,1,4294967295,0,0
oInvCollPH,880,400,00291550,0,1,1,4294967295,0,0
oInvCollPH,960,400,003E3F74,0,1,1,4294967295,0,0
oInvCollPH,944,400,003014AE,0,1,1,4294967295,0,0
oInvCollPH,928,400,0007DEA0,0,1,1,4294967295,0,0
oInvCollPH,912,400,002B708B,0,1,1,4294967295,0,0
oInvCollPH,912,224,00262B6B,0,1,1,4294967295,0,0
oInvCollPH,912,240,003AEDD8,0,1,1,4294967295,0,0
oInvCollPH,912,256,001535BF,0,1,1,4294967295,0,0
oInvCollPH,912,272,0013D205,0,1,1,4294967295,0,0
oInvCollPH,912,288,002764E9,0,1,1,4294967295,0,0
oInvCollPH,912,304,002D285A,0,1,1,4294967295,0,0
oInvCollPH,912,320,0030ABE2,0,1,1,4294967295,0,0
oInvCollPH,960,208,000AAC3B,0,1,1,4294967295,0,0
oInvCollPH,960,224,002A386F,0,1,1,4294967295,0,0
oInvCollPH,960,240,001C1AAD,0,1,1,4294967295,0,0
oInvCollPH,960,256,002C734C,0,1,1,4294967295,0,0
oInvCollPH,960,272,0024ED39,0,1,1,4294967295,0,0
oInvCollPH,960,288,00231697,0,1,1,4294967295,0,0
oInvCollPH,960,304,003BEE76,0,1,1,4294967295,0,0
oInvCollPH,960,320,001FBF43,0,1,1,4294967295,0,0
oInvCollPH,960,336,0026ED7B,0,1,1,4294967295,0,0
oInvCollPH,1072,176,002EB273,0,1,1,4294967295,0,0
oInvCollPH,1088,176,0026CD6F,0,1,1,4294967295,0,0
oInvCollPH,1104,176,003A79AE,0,1,1,4294967295,0,0
oInvCollPH,1056,208,000481C0,0,1,1,4294967295,0,0
oInvCollPH,1056,224,001B0BDD,0,1,1,4294967295,0,0
oInvCollPH,1072,224,0009FC2F,0,1,1,4294967295,0,0
oInvCollPH,1088,224,000B6AD0,0,1,1,4294967295,0,0
oInvCollPH,1104,224,0020146D,0,1,1,4294967295,0,0
oInvCollPH,1120,224,002E6C69,0,1,1,4294967295,0,0
oInvCollPH,1136,224,00400399,0,1,1,4294967295,0,0
oInvCollPH,1152,224,00332553,0,1,1,4294967295,0,0
oInvCollPH,1168,224,001A754E,0,1,1,4294967295,0,0
oInvCollPH,1168,208,0007D5A8,0,1,1,4294967295,0,0
oInvCollPH,1040,32,0033DE35,0,1,1,4294967295,0,0
oInvCollPH,1040,48,0003769A,0,1,1,4294967295,0,0
oInvCollPH,1040,64,001ABA3C,0,1,1,4294967295,0,0
oInvCollPH,1056,64,000CD830,0,1,1,4294967295,0,0
oInvCollPH,1072,64,003C4547,0,1,1,4294967295,0,0
oInvCollPH,1088,64,002C89D3,0,1,1,4294967295,0,0
oInvCollPH,1104,64,003C5F71,0,1,1,4294967295,0,0
oInvCollPH,1168,64,001DF0BA,0,1,1,4294967295,0,0
oInvCollPH,1168,48,002317CB,0,1,1,4294967295,0,0
oInvCollPH,1296,304,001326AB,0,1,1,4294967295,0,0
oInvCollPH,1296,320,0028E85C,0,1,1,4294967295,0,0
oInvCollPH,1296,336,0025869F,0,1,1,4294967295,0,0
oInvCollPH,1312,336,002A588C,0,1,1,4294967295,0,0
oInvCollPH,1312,320,00127CA8,0,1,1,4294967295,0,0
oInvCollPH,1312,304,00317CB3,0,1,1,4294967295,0,0
oInvCollPH,1312,288,001DE17D,0,1,1,4294967295,0,0
oInvCollPH,1184,32,0024D71D,0,1,1,4294967295,0,0
oInvCollPH,1200,32,0026FDBD,0,1,1,4294967295,0,0
oInvCollPH,1216,32,00072DF0,0,1,1,4294967295,0,0
oInvCollPH,1232,32,003DDA0F,0,1,1,4294967295,0,0
oInvCollPH,1248,32,001157EB,0,1,1,4294967295,0,0
oInvCollPH,1264,32,001EFB77,0,1,1,4294967295,0,0
oInvCollPH,1280,32,000A707A,0,1,1,4294967295,0,0
oInvCollPH,1296,32,0009DEA3,0,1,1,4294967295,0,0
oInvCollPH,1312,32,0030F82E,0,1,1,4294967295,0,0
oInvCollPH,1328,32,0036CC28,0,1,1,4294967295,0,0
oInvCollPH,1344,32,002F31FB,0,1,1,4294967295,0,0
oInvCollPH,1360,32,001C8F5B,0,1,1,4294967295,0,0
oInvCollPH,1120,96,0015305E,0,1,1,4294967295,0,0
oInvCollPH,1120,112,000C8DEE,0,1,1,4294967295,0,0
oInvCollPH,1120,128,0026A87B,0,1,1,4294967295,0,0
oInvCollPH,1120,144,00337B90,0,1,1,4294967295,0,0
oInvCollPH,1120,160,003B4771,0,1,1,4294967295,0,0
oInvCollPH,1168,80,00052784,0,1,1,4294967295,0,0
oInvCollPH,1168,96,0022D951,0,1,1,4294967295,0,0
oInvCollPH,1168,112,000228E5,0,1,1,4294967295,0,0
oInvCollPH,1168,128,0030A7E6,0,1,1,4294967295,0,0
oInvCollPH,1168,144,002FB58A,0,1,1,4294967295,0,0
oInvCollPH,1376,64,003D44DB,0,1,1,4294967295,0,0
oInvCollPH,1376,80,003926C5,0,1,1,4294967295,0,0
oInvCollPH,1376,96,00212C39,0,1,1,4294967295,0,0
oInvCollPH,1376,112,00161334,0,1,1,4294967295,0,0
oInvCollPH,1376,192,003EA11C,0,1,1,4294967295,0,0
oInvCollPH,1376,336,000072A0,0,1,1,4294967295,0,0
oInvCollPH,1376,320,0036869D,0,1,1,4294967295,0,0
oInvCollPH,1376,304,00087875,0,1,1,4294967295,0,0
oInvCollPH,1376,288,0027C37B,0,1,1,4294967295,0,0
oInvCollPH,1376,240,00045F0B,0,1,1,4294967295,0,0
oInvCollPH,1376,224,003F7829,0,1,1,4294967295,0,0
oInvCollPH,1376,208,000B4E49,0,1,1,4294967295,0,0
oInvCollPH,976,400,001E867C,0,1,1,4294967295,0,0
oInvCollPH,992,400,00400404,0,1,1,4294967295,0,0
oInvCollPH,1008,400,000CBB79,0,1,1,4294967295,0,0
oInvCollPH,1024,400,0032231D,0,1,1,4294967295,0,0
oInvCollPH,1040,400,002E4DEE,0,1,1,4294967295,0,0
oInvCollPH,1120,400,002D6BAE,0,1,1,4294967295,0,0
oInvCollPH,1104,400,003DBBF9,0,1,1,4294967295,0,0
oInvCollPH,1088,400,0026426E,0,1,1,4294967295,0,0
oInvCollPH,1072,400,00277DA2,0,1,1,4294967295,0,0
oInvCollPH,1056,400,00110AF6,0,1,1,4294967295,0,0
oInvCollPH,1328,400,000C4390,0,1,1,4294967295,0,0
oInvCollPH,1344,400,003A9775,0,1,1,4294967295,0,0
oInvCollPH,1360,400,00399047,0,1,1,4294967295,0,0
oInvCollPH,1376,400,0023EA1F,0,1,1,4294967295,0,0
oInvCollPH,1392,400,0002F41C,0,1,1,4294967295,0,0
oInvCollPH,1248,400,0037948B,0,1,1,4294967295,0,0
oInvCollPH,1264,400,0030795B,0,1,1,4294967295,0,0
oInvCollPH,1280,400,003663BD,0,1,1,4294967295,0,0
oInvCollPH,1296,400,0006DA21,0,1,1,4294967295,0,0
oInvCollPH,1312,400,0022E0DF,0,1,1,4294967295,0,0
oInvCollPH,1184,400,00136137,0,1,1,4294967295,0,0
oInvCollPH,1200,400,0032ED91,0,1,1,4294967295,0,0
oInvCollPH,1168,400,003F829F,0,1,1,4294967295,0,0
oInvCollPH,1216,400,000E80F6,0,1,1,4294967295,0,0
oInvCollPH,1232,400,002D89F1,0,1,1,4294967295,0,0
oInvCollPH,1136,400,00367ABB,0,1,1,4294967295,0,0
oInvCollPH,1152,400,002B5743,0,1,1,4294967295,0,0
oInvCollPH,1264,352,000FBB8B,0,1,1,4294967295,0,0
oInvCollPH,1280,352,001BEC16,0,1,1,4294967295,0,0
oInvCollPH,1328,352,0005376A,0,1,1,4294967295,0,0
oInvCollPH,1344,352,0007E332,0,1,1,4294967295,0,0
oInvCollPH,1360,352,000C5FF7,0,1,1,4294967295,0,0
oInvCollPH,992,352,000E177B,0,1,1,4294967295,0,0
oInvCollPH,1008,352,00353CFA,0,1,1,4294967295,0,0
oInvCollPH,1024,352,003C2F29,0,1,1,4294967295,0,0
oInvCollPH,1040,352,001E442A,0,1,1,4294967295,0,0
oInvCollPH,1056,352,0030D7AF,0,1,1,4294967295,0,0
oInvCollPH,1072,352,0030D075,0,1,1,4294967295,0,0
oInvCollPH,1088,352,00099EB5,0,1,1,4294967295,0,0
oInvCollPH,1104,352,001A5CD0,0,1,1,4294967295,0,0
oInvCollPH,1120,352,000F9E21,0,1,1,4294967295,0,0
oInvCollPH,1136,352,000EF8A2,0,1,1,4294967295,0,0
oInvCollPH,1152,352,001B6E44,0,1,1,4294967295,0,0
oInvCollPH,1168,352,001C883D,0,1,1,4294967295,0,0
oInvCollPH,1184,352,000A0DB4,0,1,1,4294967295,0,0
oInvCollPH,160,592,0002733D,0,1,1,4294967295,0,0
oInvisibleSolid,0,0,000DE45F,0,1,1,4294967295,0,1
oInvisibleSolid,0,32,0004BB86,0,1,1,4294967295,0,1
oInvisibleSolid,432,0,00033E36,0,1,1,4294967295,0,1
oInvisibleSolid,752,80,003937C1,0,1,1,4294967295,0,1
oInvisibleSolid,560,80,002A8416,0,1,1,4294967295,0,1
oInvisibleSolid,48,672,002715D8,0,1,1,4294967295,0,1
oInvisibleSolid,656,560,000B0429,0,1,1,4294967295,0,1
oInvisibleSolid,688,400,00124CEF,0,1,1,4294967295,0,1
oInvisibleSolid,720,272,001424E7,0,1,1,4294967295,0,1
oInvisibleSolid,288,304,003A8EB0,0,1,1,4294967295,0,1
oInvisibleSolid,320,336,0008ECF5,0,1,1,4294967295,0,1
oInvisibleSolid,416,352,0024D2A8,0,1,1,4294967295,0,1
oInvisibleSolid,480,400,003C764E,0,1,1,4294967295,0,0
oInvisibleSolid,512,336,00294D30,0,1,1,4294967295,0,1
oInvisibleSolid,496,400,0005BBDB,0,1,1,4294967295,0,1
oInvisibleSolid,464,576,001770AF,0,1,1,4294967295,0,1
oInvisibleSolid,432,608,003F5DAB,0,1,1,4294967295,0,1
oInvisibleSolid,368,640,002EC8B8,0,1,1,4294967295,0,1
oInvisibleSolid,336,528,003D7918,0,1,1,4294967295,0,1
oInvisibleSolid,272,496,0027F266,0,1,1,4294967295,0,1
oInvisibleSolid,656,176,001DD86B,0,1,1,4294967295,0,1
oInvisibleSolid,352,176,000269F3,0,1,1,4294967295,0,1
oInvisibleSolid,224,144,00343692,0,1,1,4294967295,0,1
oInvisibleSolid,96,144,0002F352,0,1,1,4294967295,0,1
oInvisibleSolid,96,240,0016A329,0,1,1,4294967295,0,1
oInvisibleSolid,96,400,0021195D,0,1,1,4294967295,0,1
oInvisibleSolid,208,464,001C3A44,0,1,1,4294967295,0,1
oInvisibleSolid,160,576,002873CC,0,1,1,4294967295,0,1
oMapDoor,888,304,0030D9C4,0,1,1,4294967295,0,1
oMapDoor,1336,560,000EFC95,0,1,1,4294967295,0,1
oMapDoor,1352,96,0023A259,0,1,1,4294967295,0,1
oInvisibleSolid,784,656,001DECD5,0,1,1,4294967295,0,1
oInvisibleSolid,816,544,001C470E,0,1,1,4294967295,0,1
oInvisibleSolid,1328,592,00079749,0,1,1,4294967295,0,1
oInvisibleSolid,976,656,0017383D,0,1,1,4294967295,0,1
oInvisibleSolid,1168,624,000C44C0,0,1,1,4294967295,0,1
oInvisibleSolid,1328,624,001B2C7C,0,1,1,4294967295,0,1
oInvisibleSolid,1360,512,00149622,0,1,1,4294967295,0,1
oInvisibleSolid,1072,480,00164430,0,1,1,4294967295,0,1
oInvisibleSolid,880,480,002A5F8D,0,1,1,4294967295,0,1
oInvisibleSolid,752,512,003570C2,0,1,1,4294967295,0,1
oInvisibleSolid,784,368,001E401B,0,1,1,4294967295,0,1
oInvisibleSolid,912,208,001FE864,0,1,1,4294967295,0,1
oInvisibleSolid,976,352,002DC605,0,1,1,4294967295,0,1
oInvisibleSolid,1200,320,000ACFB6,0,1,1,4294967295,0,1
oInvisibleSolid,1296,288,00139239,0,1,1,4294967295,0,1
oInvisibleSolid,1360,256,0016D01F,0,1,1,4294967295,0,1
oInvisibleSolid,1312,160,0009D1F4,0,1,1,4294967295,0,1
oInvisibleSolid,1344,128,002809D5,0,1,1,4294967295,0,1
oInvisibleSolid,1232,208,0018F2A3,0,1,1,4294967295,0,1
oInvisibleSolid,1376,48,00261B43,0,1,1,4294967295,0,1
oInvisibleSolid,976,0,00123BB1,0,1,1,4294967295,0,1
oInvisibleSolid,1056,176,000CB2B8,0,1,1,4294967295,0,1
oInvisibleSolid,1184,160,003BEA92,0,1,1,4294967295,0,1
oInvisibleSolid,1120,80,0000D296,0,1,1,4294967295,0,1
oInvisibleSolid,1040,0,0027A546,0,1,1,4294967295,0,1
oInvisibleSolid,1184,0,002CC0D6,0,1,1,4294967295,0,1
oInvisibleSolid,992,32,003B8745,0,1,1,4294967295,0,1
oInvisibleSolid,880,336,000A4D4E,0,1,1,4294967295,0,1
oInvisibleSolid,992,208,00279E62,0,1,1,4294967295,0,1
