oExit,1904,160,002E998E,0,1,1,4294967295,0,1
oMovingPlatform,496,128,0014DB7E,0,1,1,4294967295,0,1
oMovingPlatform,1376,208,0039B528,0,1,1,4294967295,0,1
oStrikeChainPoint,1024,184,00190C3C,0,1,1,4294967295,0,0
oStrikeChainPoint,1024,248,003DEE2A,0,1,1,4294967295,0,0
oStrikeChainPoint,1024,312,0025AFA1,0,1,1,4294967295,0,0
oStrikeChainPoint,1152,184,0028C819,0,1,1,4294967295,0,0
oStrikeChainPoint,1152,248,0027A485,0,1,1,4294967295,0,0
oStrikeChainPoint,1152,312,00363436,0,1,1,4294967295,0,0
oGWPlatform,432,160,0035FC2B,0,1,1,4294967295,0,1
oGWPlatform,432,224,00359F7B,0,1,1,4294967295,0,1
oGWPlatform,880,192,0024B8BB,0,1,1,4294967295,0,1
oGWPlatform,1264,320,00382E9E,0,1,1,4294967295,0,1
oWeaponLevelUpgrade,64,96,002BC816,0,1,1,4294967295,0,1
oStaticSpike,1320,192,001DE0F8,0,1,1,4294967295,0,0
oStaticSpike,1320,208,00324920,0,1,1,4294967295,0,0
oStaticSpike,1320,224,0039F205,0,1,1,4294967295,0,0
oStaticSpike,1320,240,0005FCA9,0,1,1,4294967295,0,0
oStaticSpike,1320,256,003E042B,0,1,1,4294967295,0,0
oStaticSpike,1320,272,0033F473,0,1,1,4294967295,0,0
oStaticSpike,1320,288,0013256F,0,1,1,4294967295,0,0
oStaticSpike,1320,304,0025B641,0,1,1,4294967295,0,0
oMM_Spike,320,464,0038CD65,0,1,1,4294967295,0,1
oMM_Spike,400,464,003653EC,0,1,1,4294967295,0,1
oMM_Spike,480,464,0033980E,0,1,1,4294967295,0,1
oMM_Spike,560,464,00357B85,0,1,1,4294967295,0,1
oMM_Spike,640,464,002496C3,0,1,1,4294967295,0,1
oMM_Spike,720,464,0016F668,0,1,1,4294967295,0,1
oMM_Spike,800,464,00341F41,0,1,1,4294967295,0,1
oMM_Spike,880,464,003AAAD7,0,1,1,4294967295,0,1
oMM_Spike,960,464,000AE435,0,1,1,4294967295,0,1
oMM_Spike,1040,464,0015BBA8,0,1,1,4294967295,0,1
oMM_Spike,1120,464,0025E509,0,1,1,4294967295,0,1
oMM_Spike,1200,464,0003905C,0,1,1,4294967295,0,1
oMM_Spike,1280,464,00216DE1,0,1,1,4294967295,0,1
oMM_Spike,1360,464,000E5E7B,0,1,1,4294967295,0,1
oMM_Spike,1440,464,001AF9DA,0,1,1,4294967295,0,1
oMM_Spike,1520,464,003B94C9,0,1,1,4294967295,0,1
oMM_Spike,1600,464,0000BC1A,0,1,1,4294967295,0,1
oMM_Spike,1680,464,000024A6,0,1,1,4294967295,0,1
oWallCancer,1712,256,000B81D0,0,1,1,4294967295,0,1
oPlayer1,48,448,0015AFCF,0,1,1,4294967295,0,0
oInvCollPH,16,448,0023918F,0,1,1,4294967295,0,0
oInvCollPH,32,448,0010F551,0,1,1,4294967295,0,0
oInvCollPH,48,448,00317A04,0,1,1,4294967295,0,0
oInvCollPH,48,256,00145D20,0,1,1,4294967295,0,0
oInvCollPH,48,272,00294147,0,1,1,4294967295,0,0
oInvCollPH,48,288,003E63FA,0,1,1,4294967295,0,0
oInvCollPH,48,304,000A8C1C,0,1,1,4294967295,0,0
oInvCollPH,48,320,001215DC,0,1,1,4294967295,0,0
oInvCollPH,48,336,00389166,0,1,1,4294967295,0,0
oInvCollPH,48,352,00201ECD,0,1,1,4294967295,0,0
oInvCollPH,48,368,00339FA2,0,1,1,4294967295,0,0
oInvCollPH,32,368,003DE545,0,1,1,4294967295,0,0
oInvCollPH,16,368,00141B6A,0,1,1,4294967295,0,0
oInvCollPH,0,368,00305FED,0,1,1,4294967295,0,0
oInvCollPH,64,448,001550DF,0,1,1,4294967295,0,0
oInvCollPH,80,448,00017951,0,1,1,4294967295,0,0
oInvCollPH,96,448,000BD081,0,1,1,4294967295,0,0
oInvCollPH,112,448,00185AB0,0,1,1,4294967295,0,0
oInvCollPH,128,448,003A2B06,0,1,1,4294967295,0,0
oInvCollPH,144,448,00219CE5,0,1,1,4294967295,0,0
oInvCollPH,160,448,003EAC50,0,1,1,4294967295,0,0
oInvCollPH,176,448,001A7293,0,1,1,4294967295,0,0
oInvCollPH,192,448,00236BF6,0,1,1,4294967295,0,0
oInvCollPH,208,448,002B43EC,0,1,1,4294967295,0,0
oInvCollPH,224,448,0035DB79,0,1,1,4294967295,0,0
oInvCollPH,240,448,003739FC,0,1,1,4294967295,0,0
oInvCollPH,48,64,0014C3FC,0,1,1,4294967295,0,0
oInvCollPH,48,80,00222698,0,1,1,4294967295,0,0
oInvCollPH,48,96,0031D619,0,1,1,4294967295,0,0
oInvCollPH,80,112,0003867A,0,1,1,4294967295,0,0
oInvCollPH,48,128,000E80CF,0,1,1,4294967295,0,0
oInvCollPH,48,144,0024E5ED,0,1,1,4294967295,0,0
oInvCollPH,48,160,000BD73A,0,1,1,4294967295,0,0
oInvCollPH,48,176,0033BC9F,0,1,1,4294967295,0,0
oInvCollPH,48,192,0009AF9C,0,1,1,4294967295,0,0
oInvCollPH,48,208,00140375,0,1,1,4294967295,0,0
oInvCollPH,48,224,0027B187,0,1,1,4294967295,0,0
oInvCollPH,48,240,0028F7E9,0,1,1,4294967295,0,0
oInvCollPH,256,432,0013AAC9,0,1,1,4294967295,0,0
oInvCollPH,256,416,0017A16F,0,1,1,4294967295,0,0
oInvCollPH,256,400,00384665,0,1,1,4294967295,0,0
oInvCollPH,256,384,002CBB57,0,1,1,4294967295,0,0
oInvCollPH,256,368,00380045,0,1,1,4294967295,0,0
oInvCollPH,256,352,002CFE11,0,1,1,4294967295,0,0
oInvCollPH,256,336,00327BE9,0,1,1,4294967295,0,0
oInvCollPH,272,320,0004DE60,0,1,1,4294967295,0,0
oInvCollPH,288,320,0037AF6E,0,1,1,4294967295,0,0
oInvCollPH,304,320,0038527D,0,1,1,4294967295,0,0
oInvCollPH,304,336,0011F1BA,0,1,1,4294967295,0,0
oInvCollPH,304,352,0029B9DF,0,1,1,4294967295,0,0
oInvCollPH,304,368,001DEDF2,0,1,1,4294967295,0,0
oInvCollPH,304,384,00286092,0,1,1,4294967295,0,0
oInvCollPH,304,400,002B8116,0,1,1,4294967295,0,0
oInvCollPH,304,416,000FA0B5,0,1,1,4294967295,0,0
oInvCollPH,304,432,003329B9,0,1,1,4294967295,0,0
oInvCollPH,304,448,003CB672,0,1,1,4294967295,0,0
oInvCollPH,304,464,00305EDB,0,1,1,4294967295,0,0
oInvCollPH,320,80,00054CB0,0,1,1,4294967295,0,0
oInvCollPH,368,112,00103D3F,0,1,1,4294967295,0,0
oInvCollPH,384,112,003866D5,0,1,1,4294967295,0,0
oInvCollPH,400,112,002F55B8,0,1,1,4294967295,0,0
oInvCollPH,416,112,000D07A9,0,1,1,4294967295,0,0
oInvCollPH,432,112,0008779C,0,1,1,4294967295,0,0
oInvCollPH,448,80,002DBA84,0,1,1,4294967295,0,0
oInvCollPH,464,80,00115E8A,0,1,1,4294967295,0,0
oInvCollPH,480,80,0023A18D,0,1,1,4294967295,0,0
oInvCollPH,496,80,00277100,0,1,1,4294967295,0,0
oInvCollPH,496,64,00132034,0,1,1,4294967295,0,0
oInvCollPH,1312,80,00382016,0,1,1,4294967295,0,0
oInvCollPH,1312,96,0037F392,0,1,1,4294967295,0,0
oInvCollPH,1312,112,0019F56B,0,1,1,4294967295,0,0
oInvCollPH,1312,128,0033EB69,0,1,1,4294967295,0,0
oInvCollPH,1312,144,0031A4D3,0,1,1,4294967295,0,0
oInvCollPH,1312,160,003855D2,0,1,1,4294967295,0,0
oInvCollPH,1312,176,00352ACA,0,1,1,4294967295,0,0
oInvCollPH,1328,176,0006C1C8,0,1,1,4294967295,0,0
oInvCollPH,1328,160,000F05F2,0,1,1,4294967295,0,0
oInvCollPH,1328,144,0019D6B3,0,1,1,4294967295,0,0
oInvCollPH,1328,128,00120F42,0,1,1,4294967295,0,0
oInvCollPH,1328,112,000B0280,0,1,1,4294967295,0,0
oInvCollPH,1328,96,0038D9C6,0,1,1,4294967295,0,0
oInvCollPH,1328,80,003BC4EB,0,1,1,4294967295,0,0
oInvCollPH,1328,64,002ACD2A,0,1,1,4294967295,0,0
oInvCollPH,1856,80,002C9DA5,0,1,1,4294967295,0,0
oInvCollPH,1856,96,0036057D,0,1,1,4294967295,0,0
oInvCollPH,1856,128,000B15B8,0,1,1,4294967295,0,0
oInvCollPH,1872,128,003D8531,0,1,1,4294967295,0,0
oInvCollPH,1888,128,00176417,0,1,1,4294967295,0,0
oInvCollPH,1904,128,00181277,0,1,1,4294967295,0,0
oInvCollPH,1744,192,0011D1A9,0,1,1,4294967295,0,0
oInvCollPH,1760,192,002B5AFF,0,1,1,4294967295,0,0
oInvCollPH,1776,192,0006FBA7,0,1,1,4294967295,0,0
oInvCollPH,1792,192,000578CA,0,1,1,4294967295,0,0
oInvCollPH,1808,192,00051A04,0,1,1,4294967295,0,0
oInvCollPH,1824,192,0011B9F7,0,1,1,4294967295,0,0
oInvCollPH,1840,192,003E091B,0,1,1,4294967295,0,0
oInvCollPH,1856,192,0006B9F2,0,1,1,4294967295,0,0
oInvCollPH,1872,192,00134608,0,1,1,4294967295,0,0
oInvCollPH,1888,192,000B42EA,0,1,1,4294967295,0,0
oInvCollPH,1904,192,00172E21,0,1,1,4294967295,0,0
oInvCollPH,1728,208,0008FBFC,0,1,1,4294967295,0,0
oInvCollPH,1728,224,0025ED1E,0,1,1,4294967295,0,0
oInvCollPH,1728,240,00158120,0,1,1,4294967295,0,0
oInvCollPH,1728,256,0018521F,0,1,1,4294967295,0,0
oInvCollPH,1728,272,002EBBAA,0,1,1,4294967295,0,0
oInvCollPH,1728,288,003F6D62,0,1,1,4294967295,0,0
oInvCollPH,1728,304,001D84CB,0,1,1,4294967295,0,0
oInvCollPH,1728,320,0039F354,0,1,1,4294967295,0,0
oInvCollPH,1728,336,00344A9C,0,1,1,4294967295,0,0
oInvCollPH,1728,352,002886BB,0,1,1,4294967295,0,0
oInvCollPH,1728,368,0001B81A,0,1,1,4294967295,0,0
oInvCollPH,1728,384,003CA533,0,1,1,4294967295,0,0
oInvCollPH,1728,400,001623CF,0,1,1,4294967295,0,0
oInvCollPH,1728,416,00191E18,0,1,1,4294967295,0,0
oInvCollPH,1728,432,0036BA11,0,1,1,4294967295,0,0
oInvCollPH,1728,448,002A4F89,0,1,1,4294967295,0,0
oInvCollPH,1728,464,001055F9,0,1,1,4294967295,0,0
oInvCollPH,64,48,0020AB60,0,1,1,4294967295,0,0
oInvCollPH,80,48,002F0A22,0,1,1,4294967295,0,0
oInvCollPH,96,48,0031444B,0,1,1,4294967295,0,0
oInvCollPH,112,48,002233E3,0,1,1,4294967295,0,0
oInvCollPH,128,48,002761BD,0,1,1,4294967295,0,0
oInvCollPH,144,48,003EE6D5,0,1,1,4294967295,0,0
oInvCollPH,160,48,001872B5,0,1,1,4294967295,0,0
oInvCollPH,176,48,001263F5,0,1,1,4294967295,0,0
oInvCollPH,192,48,002EAE90,0,1,1,4294967295,0,0
oInvCollPH,208,48,0037D335,0,1,1,4294967295,0,0
oInvCollPH,224,48,001DBE3B,0,1,1,4294967295,0,0
oInvCollPH,240,48,003EA2E1,0,1,1,4294967295,0,0
oInvCollPH,256,48,00072DD4,0,1,1,4294967295,0,0
oInvCollPH,272,48,0014B9C8,0,1,1,4294967295,0,0
oInvCollPH,288,48,0019F82A,0,1,1,4294967295,0,0
oInvCollPH,304,48,000EB3DD,0,1,1,4294967295,0,0
oInvCollPH,320,96,0004CA07,0,1,1,4294967295,0,0
oInvCollPH,320,112,0016BFB9,0,1,1,4294967295,0,0
oInvCollPH,336,112,001D0CD2,0,1,1,4294967295,0,0
oInvCollPH,352,112,003C66EB,0,1,1,4294967295,0,0
oInvCollPH,336,480,00050CB1,0,1,1,4294967295,0,0
oInvCollPH,352,480,000571E6,0,1,1,4294967295,0,0
oInvCollPH,368,480,003EDDF5,0,1,1,4294967295,0,0
oInvCollPH,384,480,0021E2B1,0,1,1,4294967295,0,0
oInvCollPH,400,480,00326F37,0,1,1,4294967295,0,0
oInvCollPH,416,480,00181C1E,0,1,1,4294967295,0,0
oInvCollPH,432,480,00346A9C,0,1,1,4294967295,0,0
oInvCollPH,448,480,00247191,0,1,1,4294967295,0,0
oInvCollPH,464,480,0037FDF3,0,1,1,4294967295,0,0
oInvCollPH,480,480,0017742A,0,1,1,4294967295,0,0
oInvCollPH,496,480,0009CD86,0,1,1,4294967295,0,0
oInvCollPH,512,480,000C93E1,0,1,1,4294967295,0,0
oInvCollPH,528,480,002FF951,0,1,1,4294967295,0,0
oInvCollPH,544,480,001E63D1,0,1,1,4294967295,0,0
oInvCollPH,560,480,002E0950,0,1,1,4294967295,0,0
oInvCollPH,576,480,003E16F9,0,1,1,4294967295,0,0
oInvCollPH,592,480,0020EAD4,0,1,1,4294967295,0,0
oInvCollPH,608,480,0029CEAD,0,1,1,4294967295,0,0
oInvCollPH,624,480,000ECA27,0,1,1,4294967295,0,0
oInvCollPH,640,480,0004BAAF,0,1,1,4294967295,0,0
oInvCollPH,656,480,0032971D,0,1,1,4294967295,0,0
oInvCollPH,672,480,003C4D07,0,1,1,4294967295,0,0
oInvCollPH,688,480,00187FEB,0,1,1,4294967295,0,0
oInvCollPH,512,48,000848CD,0,1,1,4294967295,0,0
oInvCollPH,528,48,001014CF,0,1,1,4294967295,0,0
oInvCollPH,544,48,0027D237,0,1,1,4294967295,0,0
oInvCollPH,560,48,00321C27,0,1,1,4294967295,0,0
oInvCollPH,576,48,00396FB9,0,1,1,4294967295,0,0
oInvCollPH,592,48,0000DD08,0,1,1,4294967295,0,0
oInvCollPH,608,48,00218485,0,1,1,4294967295,0,0
oInvCollPH,624,48,00298A11,0,1,1,4294967295,0,0
oInvCollPH,640,48,002A1FFF,0,1,1,4294967295,0,0
oInvCollPH,656,48,000BBBD4,0,1,1,4294967295,0,0
oInvCollPH,672,48,00107A7C,0,1,1,4294967295,0,0
oInvCollPH,688,48,000DA1D6,0,1,1,4294967295,0,0
oInvCollPH,704,48,000A715D,0,1,1,4294967295,0,0
oInvCollPH,720,48,000DE0E5,0,1,1,4294967295,0,0
oInvCollPH,736,48,000418B3,0,1,1,4294967295,0,0
oInvCollPH,752,48,003C771F,0,1,1,4294967295,0,0
oInvCollPH,768,48,0011ECCD,0,1,1,4294967295,0,0
oInvCollPH,784,48,003B1FEB,0,1,1,4294967295,0,0
oInvCollPH,800,48,0036F2F0,0,1,1,4294967295,0,0
oInvCollPH,816,48,00158D3D,0,1,1,4294967295,0,0
oInvCollPH,832,48,00323CC7,0,1,1,4294967295,0,0
oInvCollPH,848,48,0024C881,0,1,1,4294967295,0,0
oInvCollPH,864,48,00113D65,0,1,1,4294967295,0,0
oInvCollPH,880,48,001C2C1A,0,1,1,4294967295,0,0
oInvCollPH,896,48,00387DC0,0,1,1,4294967295,0,0
oInvCollPH,912,48,003ECE90,0,1,1,4294967295,0,0
oInvCollPH,928,48,003B0C6E,0,1,1,4294967295,0,0
oInvCollPH,944,48,0000BB81,0,1,1,4294967295,0,0
oInvCollPH,960,48,002EDCC7,0,1,1,4294967295,0,0
oInvCollPH,976,48,001F42EA,0,1,1,4294967295,0,0
oInvCollPH,992,48,002BD695,0,1,1,4294967295,0,0
oInvCollPH,1008,48,0031CD50,0,1,1,4294967295,0,0
oInvCollPH,1024,48,0019FA72,0,1,1,4294967295,0,0
oInvCollPH,1040,48,0026271F,0,1,1,4294967295,0,0
oInvCollPH,1056,48,00050C99,0,1,1,4294967295,0,0
oInvCollPH,1072,48,00048E97,0,1,1,4294967295,0,0
oInvCollPH,1088,48,00207728,0,1,1,4294967295,0,0
oInvCollPH,1120,48,001E177E,0,1,1,4294967295,0,0
oInvCollPH,1136,48,002969E0,0,1,1,4294967295,0,0
oInvCollPH,1152,48,00251817,0,1,1,4294967295,0,0
oInvCollPH,1168,48,003FD844,0,1,1,4294967295,0,0
oInvCollPH,1184,48,0022D798,0,1,1,4294967295,0,0
oInvCollPH,1200,48,001A8475,0,1,1,4294967295,0,0
oInvCollPH,1104,48,00253A10,0,1,1,4294967295,0,0
oInvCollPH,704,480,0029498B,0,1,1,4294967295,0,0
oInvCollPH,720,480,000A0695,0,1,1,4294967295,0,0
oInvCollPH,736,480,000CCAE8,0,1,1,4294967295,0,0
oInvCollPH,752,480,001DF0D5,0,1,1,4294967295,0,0
oInvCollPH,768,480,002CD27E,0,1,1,4294967295,0,0
oInvCollPH,784,480,0032F1FA,0,1,1,4294967295,0,0
oInvCollPH,800,480,001D39B4,0,1,1,4294967295,0,0
oInvCollPH,816,480,001BB30C,0,1,1,4294967295,0,0
oInvCollPH,832,480,0024E104,0,1,1,4294967295,0,0
oInvCollPH,848,480,0020C197,0,1,1,4294967295,0,0
oInvCollPH,864,480,0007B016,0,1,1,4294967295,0,0
oInvCollPH,880,480,000B9FBD,0,1,1,4294967295,0,0
oInvCollPH,896,480,00255BAE,0,1,1,4294967295,0,0
oInvCollPH,912,480,001FD876,0,1,1,4294967295,0,0
oInvCollPH,928,480,00059F64,0,1,1,4294967295,0,0
oInvCollPH,944,480,002C8F5F,0,1,1,4294967295,0,0
oInvCollPH,960,480,003A37C2,0,1,1,4294967295,0,0
oInvCollPH,976,480,003B0652,0,1,1,4294967295,0,0
oInvCollPH,992,480,0008F646,0,1,1,4294967295,0,0
oInvCollPH,1008,480,0014DFD8,0,1,1,4294967295,0,0
oInvCollPH,1024,480,00158CDB,0,1,1,4294967295,0,0
oInvCollPH,1040,480,001F9365,0,1,1,4294967295,0,0
oInvCollPH,1056,480,001D6429,0,1,1,4294967295,0,0
oInvCollPH,1072,480,003455D1,0,1,1,4294967295,0,0
oInvCollPH,1088,480,001DC13B,0,1,1,4294967295,0,0
oInvCollPH,1104,480,001B56CA,0,1,1,4294967295,0,0
oInvCollPH,1120,480,0004D146,0,1,1,4294967295,0,0
oInvCollPH,1136,480,003EDBC3,0,1,1,4294967295,0,0
oInvCollPH,1152,480,00169A57,0,1,1,4294967295,0,0
oInvCollPH,1168,480,002C758A,0,1,1,4294967295,0,0
oInvCollPH,1184,480,00387453,0,1,1,4294967295,0,0
oInvCollPH,1200,480,00094B30,0,1,1,4294967295,0,0
oInvCollPH,1216,48,00399479,0,1,1,4294967295,0,0
oInvCollPH,1232,48,003132F0,0,1,1,4294967295,0,0
oInvCollPH,1248,48,0000B92A,0,1,1,4294967295,0,0
oInvCollPH,1264,48,002840CA,0,1,1,4294967295,0,0
oInvCollPH,1280,48,0017522E,0,1,1,4294967295,0,0
oInvCollPH,1296,48,001189EE,0,1,1,4294967295,0,0
oInvCollPH,1344,48,003366DC,0,1,1,4294967295,0,0
oInvCollPH,1360,48,00319D79,0,1,1,4294967295,0,0
oInvCollPH,1376,48,0036AA25,0,1,1,4294967295,0,0
oInvCollPH,1392,48,000DBFBC,0,1,1,4294967295,0,0
oInvCollPH,1408,48,00235C0B,0,1,1,4294967295,0,0
oInvCollPH,1424,48,0019CEE8,0,1,1,4294967295,0,0
oInvCollPH,1440,48,0029523D,0,1,1,4294967295,0,0
oInvCollPH,1456,48,002BCB5C,0,1,1,4294967295,0,0
oInvCollPH,1216,480,0035A732,0,1,1,4294967295,0,0
oInvCollPH,1232,480,002AD886,0,1,1,4294967295,0,0
oInvCollPH,1248,480,002D0FCA,0,1,1,4294967295,0,0
oInvCollPH,1264,480,001004C0,0,1,1,4294967295,0,0
oInvCollPH,1280,480,0007BD42,0,1,1,4294967295,0,0
oInvCollPH,1296,480,0028C1A4,0,1,1,4294967295,0,0
oInvCollPH,1312,464,00318F94,0,1,1,4294967295,0,0
oInvCollPH,1328,464,001D10E8,0,1,1,4294967295,0,0
oInvCollPH,1344,480,0036CC6D,0,1,1,4294967295,0,0
oInvCollPH,1360,480,00364D99,0,1,1,4294967295,0,0
oInvCollPH,1376,480,00169692,0,1,1,4294967295,0,0
oInvCollPH,1392,480,002E2665,0,1,1,4294967295,0,0
oInvCollPH,1408,480,003D9586,0,1,1,4294967295,0,0
oInvCollPH,1424,480,0036019C,0,1,1,4294967295,0,0
oInvCollPH,1440,480,0008845C,0,1,1,4294967295,0,0
oInvCollPH,1456,480,002800CB,0,1,1,4294967295,0,0
oInvCollPH,1472,48,0023F481,0,1,1,4294967295,0,0
oInvCollPH,1488,48,002AF99F,0,1,1,4294967295,0,0
oInvCollPH,1504,48,0020A943,0,1,1,4294967295,0,0
oInvCollPH,1520,48,001290E4,0,1,1,4294967295,0,0
oInvCollPH,1536,48,003C15FD,0,1,1,4294967295,0,0
oInvCollPH,1552,48,0010E621,0,1,1,4294967295,0,0
oInvCollPH,1568,48,00255A20,0,1,1,4294967295,0,0
oInvCollPH,1584,48,002F2548,0,1,1,4294967295,0,0
oInvCollPH,1600,48,001B2BAB,0,1,1,4294967295,0,0
oInvCollPH,1616,48,001703DE,0,1,1,4294967295,0,0
oInvCollPH,1632,48,003F98E5,0,1,1,4294967295,0,0
oInvCollPH,1648,48,002DE5FF,0,1,1,4294967295,0,0
oInvCollPH,1664,48,0019E9D6,0,1,1,4294967295,0,0
oInvCollPH,1680,48,0023C934,0,1,1,4294967295,0,0
oInvCollPH,1696,48,0000B466,0,1,1,4294967295,0,0
oInvCollPH,1712,48,002C8387,0,1,1,4294967295,0,0
oInvCollPH,1728,48,0012FFD1,0,1,1,4294967295,0,0
oInvCollPH,1744,48,001083A7,0,1,1,4294967295,0,0
oInvCollPH,1760,48,00391C6F,0,1,1,4294967295,0,0
oInvCollPH,1776,48,00398ED4,0,1,1,4294967295,0,0
oInvCollPH,1792,48,00033988,0,1,1,4294967295,0,0
oInvCollPH,1808,48,0002E6BD,0,1,1,4294967295,0,0
oInvCollPH,1824,48,001F0B61,0,1,1,4294967295,0,0
oInvCollPH,1840,48,00014F89,0,1,1,4294967295,0,0
oInvCollPH,1472,480,0037B208,0,1,1,4294967295,0,0
oInvCollPH,1488,480,000E9DB1,0,1,1,4294967295,0,0
oInvCollPH,1504,480,00279A4A,0,1,1,4294967295,0,0
oInvCollPH,1520,480,0018B817,0,1,1,4294967295,0,0
oInvCollPH,1536,480,0007F713,0,1,1,4294967295,0,0
oInvCollPH,1552,480,001AF917,0,1,1,4294967295,0,0
oInvCollPH,1568,480,002DA84A,0,1,1,4294967295,0,0
oInvCollPH,1584,480,0030C85A,0,1,1,4294967295,0,0
oInvCollPH,1600,480,0017C4C6,0,1,1,4294967295,0,0
oInvCollPH,1616,480,0025AA17,0,1,1,4294967295,0,0
oInvCollPH,1632,480,00341866,0,1,1,4294967295,0,0
oInvCollPH,1648,480,0024C7F2,0,1,1,4294967295,0,0
oInvCollPH,1664,480,001BD4F0,0,1,1,4294967295,0,0
oInvCollPH,1680,480,0021C596,0,1,1,4294967295,0,0
oInvCollPH,1696,480,0034E4D5,0,1,1,4294967295,0,0
oInvCollPH,1712,480,000CF4E4,0,1,1,4294967295,0,0
oInvCollPH,1328,320,0017EB20,0,1,1,4294967295,0,0
oInvCollPH,1328,448,003DE29D,0,1,1,4294967295,0,0
oInvCollPH,1328,432,0027D73F,0,1,1,4294967295,0,0
oInvCollPH,1328,416,002FCFAE,0,1,1,4294967295,0,0
oInvCollPH,1328,400,001A0C53,0,1,1,4294967295,0,0
oInvCollPH,1328,384,001A4D37,0,1,1,4294967295,0,0
oInvCollPH,1328,368,00273ADC,0,1,1,4294967295,0,0
oInvCollPH,1328,352,0010BECA,0,1,1,4294967295,0,0
oInvCollPH,1328,336,002B35BA,0,1,1,4294967295,0,0
oInvCollPH,1312,448,001E6484,0,1,1,4294967295,0,0
oInvCollPH,1312,432,00085738,0,1,1,4294967295,0,0
oInvCollPH,1312,416,0029EA73,0,1,1,4294967295,0,0
oInvCollPH,1312,400,0022D612,0,1,1,4294967295,0,0
oInvCollPH,1312,384,000553A9,0,1,1,4294967295,0,0
oInvCollPH,1312,368,00402247,0,1,1,4294967295,0,0
oInvCollPH,1312,352,0028C427,0,1,1,4294967295,0,0
oInvCollPH,1312,336,001BCB1E,0,1,1,4294967295,0,0
oEnemySpawnZone,768,64,0011D000,0,1,1,4294967295,0,1
oEnemySpawnZone,1072,128,00396878,0,1,1,4294967295,0,1
oInvCollPH,432,96,0033809F,0,1,1,4294967295,0,0
oInvCollPH,1856,112,00042F82,0,1,1,4294967295,0,0
oInvisibleSolid,0,0,000A6E88,0,1,1,4294967295,0,1
oInvisibleSolid,0,448,002626AC,0,1,1,4294967295,0,1
oInvisibleSolid,1856,64,0000B3A9,0,1,1,4294967295,0,1
oInvisibleSolid,1728,192,0014FB31,0,1,1,4294967295,0,1
oInvisibleSolid,1312,64,003A491A,0,1,1,4294967295,0,1
oInvisibleSolid,320,480,00182B32,0,1,1,4294967295,0,1
oInvisibleSolid,256,320,0024F339,0,1,1,4294967295,0,1
oInvisibleSolid,320,64,000A0F70,0,1,1,4294967295,0,1
oInvisibleSolid,64,0,00383897,0,1,1,4294967295,0,1
oInvisibleSolid,1312,320,0008108E,0,1,1,4294967295,0,1
oInvisibleSolid,448,64,003F8D48,0,1,1,4294967295,0,1
oInvisibleSolid,64,112,0008F322,0,1,1,4294967295,0,1
