oExit,0,480,00087922,0,1,1,4294967295,0,1
oExit,960,-16,002E6E4E,0,1,1,4294967295,0,1
oExit,1424,608,002E7B6D,0,1,1,4294967295,0,1
oBlueBlocker,1296,192,002861AB,0,1,1,4294967295,0,0
oBlueBlocker,1280,192,002A862D,0,1,1,4294967295,0,0
oBlueBlocker,1264,192,0035D5DE,0,1,1,4294967295,0,0
oBlueBlocker,1248,192,001761A4,0,1,1,4294967295,0,0
oRedBlocker,736,288,001E9A33,0,1,1,4294967295,0,0
oRedBlocker,736,304,00205539,0,1,1,4294967295,0,0
oRedBlocker,736,320,001C6748,0,1,1,4294967295,0,0
oRedBlocker,736,336,00170C51,0,1,1,4294967295,0,0
oRedBlocker,752,336,00057FDC,0,1,1,4294967295,0,0
oRedBlocker,752,320,00396E13,0,1,1,4294967295,0,0
oRedBlocker,752,304,003CBEF7,0,1,1,4294967295,0,0
oRedBlocker,752,288,001039BD,0,1,1,4294967295,0,0
oBlueBlocker,128,192,000EBE7C,0,1,1,4294967295,0,0
oBlueBlocker,144,192,0021E141,0,1,1,4294967295,0,0
oDoorKey,528,629,0019721C,0,1,1,4294967295,0,1
oZeldaBreakPot,648,208,001E325E,0,1,1,4294967295,0,0
oLinkBombUpgrade,216,112,0038A0DB,0,1,1,4294967295,0,1
oLargeJumper,1316,488,0020568D,0,1,1,4294967295,0,0
oLargeJumper,100,488,0028C5D5,0,1,1,4294967295,0,0
oMarioSpikeFloor,832,624,00306985,0,1,1,4294967295,0,0
oMarioSpikeFloor,848,624,00303A26,0,1,1,4294967295,0,0
oMarioSpikeFloor,864,624,000CFB35,0,1,1,4294967295,0,0
oMarioSpikeFloor,880,624,0010C0A9,0,1,1,4294967295,0,0
oMarioSpikeFloor,896,624,00292D97,0,1,1,4294967295,0,0
oMarioSpikeFloor,912,624,002CC740,0,1,1,4294967295,0,0
oMarioSpikeCeiling,832,368,0027F425,0,1,1,4294967295,0,0
oMarioSpikeCeiling,848,368,0002C839,0,1,1,4294967295,0,0
oMarioSpikeCeiling,864,368,0003AADC,0,1,1,4294967295,0,0
oMarioSpikeCeiling,880,368,0015E290,0,1,1,4294967295,0,0
oMarioSpikeCeiling,896,368,0027FAFD,0,1,1,4294967295,0,0
oMarioSpikeCeiling,912,368,00145EEF,0,1,1,4294967295,0,0
oMarioSpikeCeiling,800,96,001389FA,0,1,1,4294967295,0,0
oMarioSpikeCeiling,816,96,001B894E,0,1,1,4294967295,0,0
oMarioSpikeFloor,288,656,00188EC8,0,1,1,4294967295,0,0
oMarioSpikeFloor,304,656,003F85FF,0,1,1,4294967295,0,0
oMarioSpikeFloor,320,656,0017067A,0,1,1,4294967295,0,0
oMarioSpikeFloor,336,656,0039F3E5,0,1,1,4294967295,0,0
oMarioSpikeFloor,352,656,00150A3D,0,1,1,4294967295,0,0
oMarioSpikeFloor,368,656,001D711F,0,1,1,4294967295,0,0
oMarioSpikeFloor,416,656,002A46C8,0,1,1,4294967295,0,0
oMarioSpikeFloor,432,656,00147A21,0,1,1,4294967295,0,0
oMarioSpikeFloor,480,656,003650CD,0,1,1,4294967295,0,0
oMarioSpikeFloor,496,656,0018B99B,0,1,1,4294967295,0,0
oMarioSpikeFloor,544,656,00370A29,0,1,1,4294967295,0,0
oMarioSpikeFloor,560,656,0020B39C,0,1,1,4294967295,0,0
oMarioSpikeFloor,576,656,0028B767,0,1,1,4294967295,0,0
oMarioSpikeFloor,592,656,003156A4,0,1,1,4294967295,0,0
oMarioSpikeFloor,608,656,000F5D87,0,1,1,4294967295,0,0
oMarioSpikeFloor,624,656,000599CE,0,1,1,4294967295,0,0
oBreakableExplodeWall,1280,576,001DD125,0,1,1,4294967295,0,1
oBreakableExplodeWall,1280,608,002C8DC8,0,1,1,4294967295,0,1
oMarioSpikeCeiling,320,64,003E1F92,0,1,1,4294967295,0,0
oMarioSpikeCeiling,336,64,000D03D3,0,1,1,4294967295,0,0
oMarioSpikeCeiling,352,64,003DF305,0,1,1,4294967295,0,0
oMarioSpikeCeiling,368,64,003E2A10,0,1,1,4294967295,0,0
oMarioSpikeCeiling,608,240,002B6584,0,1,1,4294967295,0,0
oMarioSpikeCeiling,624,240,001D236E,0,1,1,4294967295,0,0
oMarioSpikeCeiling,672,240,002C7914,0,1,1,4294967295,0,0
oMarioSpikeCeiling,688,240,002A6EE6,0,1,1,4294967295,0,0
oChuchu,688,224,00346D58,0,1,1,4294967295,0,0
oChuchu,448,288,00266848,0,1,1,4294967295,0,0
oChuchu,1136,608,003CFCBE,0,1,1,4294967295,0,0
oOctorok,880,640,0010B7CF,0,1,1,4294967295,0,0
oOctorok,400,640,0024B48D,0,1,1,4294967295,0,0
oSkullBall,1216,432,0002FC7A,0,1,1,4294967295,0,0
oOctorok,624,672,0001549F,0,1,1,4294967295,0,0
oPlayer1,1040,96,00060F96,0,1,1,4294967295,0,0
oInvCollPH,1024,16,003405FC,0,1,1,4294967295,0,0
oInvCollPH,1040,16,0002F46D,0,1,1,4294967295,0,0
oInvCollPH,1056,16,001AC81B,0,1,1,4294967295,0,0
oInvCollPH,1072,16,003725B2,0,1,1,4294967295,0,0
oInvCollPH,1088,16,00209876,0,1,1,4294967295,0,0
oInvCollPH,1104,16,002F16D7,0,1,1,4294967295,0,0
oInvCollPH,896,48,0035D6AA,0,1,1,4294967295,0,0
oInvCollPH,912,48,0039AE8D,0,1,1,4294967295,0,0
oInvCollPH,928,48,0016C029,0,1,1,4294967295,0,0
oInvCollPH,944,48,0005FD22,0,1,1,4294967295,0,0
oInvCollPH,944,32,002A9068,0,1,1,4294967295,0,0
oInvCollPH,944,16,0004EBA7,0,1,1,4294967295,0,0
oInvCollPH,944,0,00117BD0,0,1,1,4294967295,0,0
oInvCollPH,976,128,002022E7,0,1,1,4294967295,0,0
oInvCollPH,992,128,0013D708,0,1,1,4294967295,0,0
oInvCollPH,1008,128,0035A966,0,1,1,4294967295,0,0
oInvCollPH,1040,96,002FB5B7,0,1,1,4294967295,0,0
oInvCollPH,1040,112,00054229,0,1,1,4294967295,0,0
oInvCollPH,1024,112,003395F4,0,1,1,4294967295,0,0
oInvCollPH,1024,144,0034B5BB,0,1,1,4294967295,0,0
oInvCollPH,1040,144,002EC118,0,1,1,4294967295,0,0
oInvCollPH,1120,32,0017741C,0,1,1,4294967295,0,0
oInvCollPH,1120,48,00141437,0,1,1,4294967295,0,0
oInvCollPH,1136,48,00186EBC,0,1,1,4294967295,0,0
oInvCollPH,1152,48,00110FCF,0,1,1,4294967295,0,0
oInvCollPH,1168,48,003D318F,0,1,1,4294967295,0,0
oInvCollPH,1184,48,0024604C,0,1,1,4294967295,0,0
oInvCollPH,1200,48,002A55CE,0,1,1,4294967295,0,0
oInvCollPH,1216,64,0004D01B,0,1,1,4294967295,0,0
oInvCollPH,1216,80,0016DE38,0,1,1,4294967295,0,0
oInvCollPH,1232,80,0037EE8F,0,1,1,4294967295,0,0
oInvCollPH,1248,80,0009AEA8,0,1,1,4294967295,0,0
oInvCollPH,1264,80,000F9189,0,1,1,4294967295,0,0
oInvCollPH,1280,96,00052F02,0,1,1,4294967295,0,0
oInvCollPH,1280,112,002B5171,0,1,1,4294967295,0,0
oInvCollPH,1344,144,001A5415,0,1,1,4294967295,0,0
oInvCollPH,1344,160,0004A228,0,1,1,4294967295,0,0
oInvCollPH,1344,176,000F652B,0,1,1,4294967295,0,0
oInvCollPH,1344,192,0011B51A,0,1,1,4294967295,0,0
oInvCollPH,1344,208,00149291,0,1,1,4294967295,0,0
oInvCollPH,1360,208,001E1A0E,0,1,1,4294967295,0,0
oInvCollPH,1296,128,0006233C,0,1,1,4294967295,0,0
oInvCollPH,1312,112,000D44B5,0,1,1,4294967295,0,0
oInvCollPH,1328,112,00275351,0,1,1,4294967295,0,0
oInvCollPH,912,192,00015E6F,0,1,1,4294967295,0,0
oInvCollPH,928,192,00386F9D,0,1,1,4294967295,0,0
oInvCollPH,944,192,003C2545,0,1,1,4294967295,0,0
oInvCollPH,960,192,003F9E1D,0,1,1,4294967295,0,0
oInvCollPH,976,192,0033D0B6,0,1,1,4294967295,0,0
oInvCollPH,976,208,001DDD80,0,1,1,4294967295,0,0
oInvCollPH,960,208,00076323,0,1,1,4294967295,0,0
oInvCollPH,944,208,00321619,0,1,1,4294967295,0,0
oInvCollPH,928,208,00226A67,0,1,1,4294967295,0,0
oInvCollPH,896,208,00266930,0,1,1,4294967295,0,0
oInvCollPH,896,240,00064002,0,1,1,4294967295,0,0
oInvCollPH,896,256,002D7872,0,1,1,4294967295,0,0
oInvCollPH,896,272,0019EA64,0,1,1,4294967295,0,0
oInvCollPH,912,272,0032AA1C,0,1,1,4294967295,0,0
oInvCollPH,912,256,0039BD55,0,1,1,4294967295,0,0
oInvCollPH,912,240,00399B86,0,1,1,4294967295,0,0
oInvCollPH,912,224,003F7A3A,0,1,1,4294967295,0,0
oInvCollPH,832,112,002167C0,0,1,1,4294967295,0,0
oInvCollPH,832,128,00298F95,0,1,1,4294967295,0,0
oInvCollPH,832,144,001365AE,0,1,1,4294967295,0,0
oInvCollPH,832,160,0018C363,0,1,1,4294967295,0,0
oInvCollPH,832,176,0027021B,0,1,1,4294967295,0,0
oInvCollPH,832,192,0034B8AB,0,1,1,4294967295,0,0
oInvCollPH,832,208,00056DD9,0,1,1,4294967295,0,0
oInvCollPH,832,224,004040E3,0,1,1,4294967295,0,0
oInvCollPH,832,240,0034DE8A,0,1,1,4294967295,0,0
oInvCollPH,832,256,0034759F,0,1,1,4294967295,0,0
oInvCollPH,832,272,002965FE,0,1,1,4294967295,0,0
oInvCollPH,848,272,0029FD30,0,1,1,4294967295,0,0
oInvCollPH,848,256,0009A0E1,0,1,1,4294967295,0,0
oInvCollPH,848,240,0029C31F,0,1,1,4294967295,0,0
oInvCollPH,848,224,00138BCE,0,1,1,4294967295,0,0
oInvCollPH,848,208,003CF47D,0,1,1,4294967295,0,0
oInvCollPH,848,192,00115C6E,0,1,1,4294967295,0,0
oInvCollPH,848,176,00356799,0,1,1,4294967295,0,0
oInvCollPH,848,160,003896E3,0,1,1,4294967295,0,0
oInvCollPH,848,144,0002EA1A,0,1,1,4294967295,0,0
oInvCollPH,848,128,0009569D,0,1,1,4294967295,0,0
oInvCollPH,848,112,002DDFF7,0,1,1,4294967295,0,0
oInvCollPH,848,96,0027AD62,0,1,1,4294967295,0,0
oInvCollPH,800,80,001235AC,0,1,1,4294967295,0,0
oInvCollPH,816,80,0033B51A,0,1,1,4294967295,0,0
oInvCollPH,864,80,0037BC80,0,1,1,4294967295,0,0
oInvCollPH,880,80,000E93E3,0,1,1,4294967295,0,0
oInvCollPH,880,64,00140A31,0,1,1,4294967295,0,0
oInvCollPH,1328,512,002C9779,0,1,1,4294967295,0,0
oInvCollPH,1312,528,0010DA48,0,1,1,4294967295,0,0
oInvCollPH,1344,512,0000EE6F,0,1,1,4294967295,0,0
oInvCollPH,1360,512,002A5014,0,1,1,4294967295,0,0
oInvCollPH,1312,544,0014D89E,0,1,1,4294967295,0,0
oInvCollPH,1312,560,0014FF85,0,1,1,4294967295,0,0
oInvCollPH,1328,560,0039F58F,0,1,1,4294967295,0,0
oInvCollPH,1344,560,000D0F4E,0,1,1,4294967295,0,0
oInvCollPH,1360,560,000964EB,0,1,1,4294967295,0,0
oInvCollPH,1376,560,0033A196,0,1,1,4294967295,0,0
oInvCollPH,1392,560,00382FD6,0,1,1,4294967295,0,0
oInvCollPH,1408,560,00320575,0,1,1,4294967295,0,0
oInvCollPH,1424,560,001A46C4,0,1,1,4294967295,0,0
oInvCollPH,1232,192,000AF724,0,1,1,4294967295,0,0
oInvCollPH,1328,192,00242F0A,0,1,1,4294967295,0,0
oInvCollPH,1264,256,0018E7EF,0,1,1,4294967295,0,0
oInvCollPH,1280,256,0033EA68,0,1,1,4294967295,0,0
oInvCollPH,1296,256,0023EF44,0,1,1,4294967295,0,0
oInvCollPH,1200,544,0028CED4,0,1,1,4294967295,0,0
oInvCollPH,1216,544,000C5137,0,1,1,4294967295,0,0
oInvCollPH,1232,544,0001F223,0,1,1,4294967295,0,0
oInvCollPH,1360,320,00253445,0,1,1,4294967295,0,0
oInvCollPH,848,352,003078CA,0,1,1,4294967295,0,0
oInvCollPH,864,352,0014FF63,0,1,1,4294967295,0,0
oInvCollPH,880,352,002917FF,0,1,1,4294967295,0,0
oInvCollPH,896,352,0010C4BD,0,1,1,4294967295,0,0
oInvCollPH,912,352,0000B402,0,1,1,4294967295,0,0
oInvCollPH,928,496,000FD10E,0,1,1,4294967295,0,0
oInvCollPH,944,496,0037DDF4,0,1,1,4294967295,0,0
oInvCollPH,944,480,0025EF73,0,1,1,4294967295,0,0
oInvCollPH,800,496,00145105,0,1,1,4294967295,0,0
oInvCollPH,816,496,0010ABBE,0,1,1,4294967295,0,0
oInvCollPH,816,480,00163753,0,1,1,4294967295,0,0
oInvCollPH,704,496,0038A5FE,0,1,1,4294967295,0,0
oInvCollPH,720,496,00270216,0,1,1,4294967295,0,0
oInvCollPH,720,480,00167295,0,1,1,4294967295,0,0
oInvCollPH,608,496,0011A4B4,0,1,1,4294967295,0,0
oInvCollPH,624,496,001B23E9,0,1,1,4294967295,0,0
oInvCollPH,624,480,0012A19D,0,1,1,4294967295,0,0
oInvCollPH,880,512,00086EC4,0,1,1,4294967295,0,0
oInvCollPH,512,496,0019874B,0,1,1,4294967295,0,0
oInvCollPH,512,512,003F9733,0,1,1,4294967295,0,0
oInvCollPH,512,528,0015FAE5,0,1,1,4294967295,0,0
oInvCollPH,512,544,002E164B,0,1,1,4294967295,0,0
oInvCollPH,512,560,000A32D8,0,1,1,4294967295,0,0
oInvCollPH,528,560,003FA36A,0,1,1,4294967295,0,0
oInvCollPH,528,544,001DC0FB,0,1,1,4294967295,0,0
oInvCollPH,528,528,002AB8AA,0,1,1,4294967295,0,0
oInvCollPH,528,512,001971B4,0,1,1,4294967295,0,0
oInvCollPH,528,496,00260852,0,1,1,4294967295,0,0
oInvCollPH,528,480,0009EF0C,0,1,1,4294967295,0,0
oInvCollPH,384,656,0024267C,0,1,1,4294967295,0,0
oInvCollPH,400,640,000C7E7F,0,1,1,4294967295,0,0
oInvCollPH,400,656,002C9F46,0,1,1,4294967295,0,0
oInvCollPH,272,640,000188CE,0,1,1,4294967295,0,0
oInvCollPH,272,656,002EFBBD,0,1,1,4294967295,0,0
oInvCollPH,256,496,0015A64D,0,1,1,4294967295,0,0
oInvCollPH,272,496,00371D9F,0,1,1,4294967295,0,0
oInvCollPH,272,480,00370B12,0,1,1,4294967295,0,0
oInvCollPH,384,80,0031FEDA,0,1,1,4294967295,0,0
oInvCollPH,400,80,0000D7D8,0,1,1,4294967295,0,0
oInvCollPH,400,64,0022D4A7,0,1,1,4294967295,0,0
oInvCollPH,288,80,00107DF6,0,1,1,4294967295,0,0
oInvCollPH,304,80,003F9373,0,1,1,4294967295,0,0
oInvCollPH,304,64,002E05BC,0,1,1,4294967295,0,0
oInvCollPH,672,64,00117BFF,0,1,1,4294967295,0,0
oInvCollPH,672,80,003A17A9,0,1,1,4294967295,0,0
oInvCollPH,672,96,0032EB2C,0,1,1,4294967295,0,0
oInvCollPH,672,112,001FA561,0,1,1,4294967295,0,0
oInvCollPH,688,112,00256D0D,0,1,1,4294967295,0,0
oInvCollPH,704,112,002E1E7E,0,1,1,4294967295,0,0
oInvCollPH,720,112,0031C55D,0,1,1,4294967295,0,0
oInvCollPH,736,112,0036E6A2,0,1,1,4294967295,0,0
oInvCollPH,752,112,001EFE73,0,1,1,4294967295,0,0
oInvCollPH,768,112,003FB4D0,0,1,1,4294967295,0,0
oInvCollPH,784,112,0036F3FD,0,1,1,4294967295,0,0
oInvCollPH,784,96,001A01FF,0,1,1,4294967295,0,0
oInvCollPH,512,656,002EAC78,0,1,1,4294967295,0,0
oInvCollPH,528,656,002350DF,0,1,1,4294967295,0,0
oInvCollPH,528,640,0030283F,0,1,1,4294967295,0,0
oInvCollPH,640,656,001BF587,0,1,1,4294967295,0,0
oInvCollPH,656,640,0039FEBB,0,1,1,4294967295,0,0
oInvCollPH,208,560,002CF213,0,1,1,4294967295,0,0
oInvCollPH,224,576,00256008,0,1,1,4294967295,0,0
oInvCollPH,240,576,002CECEA,0,1,1,4294967295,0,0
oInvCollPH,240,592,000AC781,0,1,1,4294967295,0,0
oInvCollPH,240,608,003B087E,0,1,1,4294967295,0,0
oInvCollPH,240,624,003D2DD7,0,1,1,4294967295,0,0
oInvCollPH,144,384,000003CE,0,1,1,4294967295,0,0
oInvCollPH,144,400,0013D9DD,0,1,1,4294967295,0,0
oInvCollPH,128,400,002E9CA5,0,1,1,4294967295,0,0
oInvCollPH,80,256,0008A946,0,1,1,4294967295,0,0
oInvCollPH,128,432,00387CBD,0,1,1,4294967295,0,0
oInvCollPH,144,432,00271CB8,0,1,1,4294967295,0,0
oInvCollPH,160,432,000D041A,0,1,1,4294967295,0,0
oInvCollPH,176,432,00291045,0,1,1,4294967295,0,0
oInvCollPH,176,416,00060DF3,0,1,1,4294967295,0,0
oInvCollPH,160,416,002D2A9E,0,1,1,4294967295,0,0
oInvCollPH,208,128,001E2238,0,1,1,4294967295,0,0
oInvCollPH,224,128,001FF1B9,0,1,1,4294967295,0,0
oInvCollPH,240,128,00314EBD,0,1,1,4294967295,0,0
oInvCollPH,96,80,002E7EF7,0,1,1,4294967295,0,0
oInvCollPH,112,80,00253901,0,1,1,4294967295,0,0
oInvCollPH,128,80,002DAE2B,0,1,1,4294967295,0,0
oInvCollPH,144,80,00126B97,0,1,1,4294967295,0,0
oInvCollPH,144,64,00119F9D,0,1,1,4294967295,0,0
oInvCollPH,240,320,002603ED,0,1,1,4294967295,0,0
oInvCollPH,240,336,00215F9C,0,1,1,4294967295,0,0
oInvCollPH,224,336,00161C77,0,1,1,4294967295,0,0
oInvCollPH,208,320,000252F5,0,1,1,4294967295,0,0
oInvCollPH,256,304,00324EB3,0,1,1,4294967295,0,0
oInvCollPH,256,352,001ABCC6,0,1,1,4294967295,0,0
oInvCollPH,256,368,002D1D1E,0,1,1,4294967295,0,0
oInvCollPH,272,368,000337CC,0,1,1,4294967295,0,0
oInvCollPH,288,368,000FEFE6,0,1,1,4294967295,0,0
oInvCollPH,304,368,00056015,0,1,1,4294967295,0,0
oInvCollPH,304,352,0023D5D8,0,1,1,4294967295,0,0
oInvCollPH,304,336,003E8269,0,1,1,4294967295,0,0
oInvCollPH,304,320,0017B088,0,1,1,4294967295,0,0
oInvCollPH,304,304,002B15D1,0,1,1,4294967295,0,0
oInvCollPH,304,288,0036C870,0,1,1,4294967295,0,0
oInvCollPH,288,288,00050561,0,1,1,4294967295,0,0
oInvCollPH,272,288,000CA106,0,1,1,4294967295,0,0
oInvCollPH,400,288,000E7111,0,1,1,4294967295,0,0
oInvCollPH,416,288,0022A8EB,0,1,1,4294967295,0,0
oInvCollPH,432,288,000C0222,0,1,1,4294967295,0,0
oInvCollPH,384,304,00249983,0,1,1,4294967295,0,0
oInvCollPH,384,320,00257C09,0,1,1,4294967295,0,0
oInvCollPH,384,336,000BC834,0,1,1,4294967295,0,0
oInvCollPH,384,352,00351C2E,0,1,1,4294967295,0,0
oInvCollPH,384,368,001BA1CF,0,1,1,4294967295,0,0
oInvCollPH,416,368,00223E75,0,1,1,4294967295,0,0
oInvCollPH,432,368,002E0A8D,0,1,1,4294967295,0,0
oInvCollPH,432,352,002F9DB8,0,1,1,4294967295,0,0
oInvCollPH,432,336,000074B1,0,1,1,4294967295,0,0
oInvCollPH,432,320,001E5A62,0,1,1,4294967295,0,0
oInvCollPH,384,400,00328F45,0,1,1,4294967295,0,0
oInvCollPH,384,416,000A491C,0,1,1,4294967295,0,0
oInvCollPH,384,432,0024E780,0,1,1,4294967295,0,0
oInvCollPH,400,432,0014978B,0,1,1,4294967295,0,0
oInvCollPH,400,416,0018F51C,0,1,1,4294967295,0,0
oInvCollPH,400,400,001D1CEA,0,1,1,4294967295,0,0
oInvCollPH,400,384,0037242F,0,1,1,4294967295,0,0
oInvCollPH,656,240,001036CC,0,1,1,4294967295,0,0
oInvCollPH,624,224,000E70D9,0,1,1,4294967295,0,0
oInvCollPH,640,224,0018FF97,0,1,1,4294967295,0,0
oInvCollPH,656,224,003A297D,0,1,1,4294967295,0,0
oInvCollPH,672,224,00082CB7,0,1,1,4294967295,0,0
oInvCollPH,688,224,002341DB,0,1,1,4294967295,0,0
oInvCollPH,1056,176,003BF455,0,1,1,4294967295,0,0
oInvCollPH,1072,128,0016E4EF,0,1,1,4294967295,0,0
oInvCollPH,1088,128,001265AA,0,1,1,4294967295,0,0
oInvCollPH,1104,128,0011F49C,0,1,1,4294967295,0,0
oInvCollPH,1104,144,0028DCC9,0,1,1,4294967295,0,0
oInvCollPH,1120,160,000013BB,0,1,1,4294967295,0,0
oInvCollPH,1136,160,000980D2,0,1,1,4294967295,0,0
oInvCollPH,1136,176,002EE98F,0,1,1,4294967295,0,0
oInvCollPH,464,288,0019AB9C,0,1,1,4294967295,0,0
oInvCollPH,480,288,001817C9,0,1,1,4294967295,0,0
oInvCollPH,496,288,00310CE3,0,1,1,4294967295,0,0
oInvCollPH,512,288,0005AE36,0,1,1,4294967295,0,0
oInvCollPH,528,288,001F0A78,0,1,1,4294967295,0,0
oInvCollPH,544,288,0027B805,0,1,1,4294967295,0,0
oInvCollPH,560,288,001F5A17,0,1,1,4294967295,0,0
oInvCollPH,448,304,003EC239,0,1,1,4294967295,0,0
oInvCollPH,464,304,000C640F,0,1,1,4294967295,0,0
oInvCollPH,480,304,0031C63E,0,1,1,4294967295,0,0
oInvCollPH,496,304,0025E7AC,0,1,1,4294967295,0,0
oInvCollPH,512,304,00208407,0,1,1,4294967295,0,0
oInvCollPH,528,304,0002CFE6,0,1,1,4294967295,0,0
oInvCollPH,544,304,0024906B,0,1,1,4294967295,0,0
oInvCollPH,560,304,00222362,0,1,1,4294967295,0,0
oInvCollPH,576,304,0022A440,0,1,1,4294967295,0,0
oInvCollPH,592,304,001B7C19,0,1,1,4294967295,0,0
oInvCollPH,592,288,00318F74,0,1,1,4294967295,0,0
oInvCollPH,576,240,00203FBE,0,1,1,4294967295,0,0
oInvCollPH,576,256,00026A00,0,1,1,4294967295,0,0
oInvCollPH,576,272,001D1524,0,1,1,4294967295,0,0
oInvCollPH,592,224,0004A3A4,0,1,1,4294967295,0,0
oInvCollPH,592,240,001F27E0,0,1,1,4294967295,0,0
oInvCollPH,592,256,00136D55,0,1,1,4294967295,0,0
oInvCollPH,592,272,0016172E,0,1,1,4294967295,0,0
oInvCollPH,704,240,001DD92D,0,1,1,4294967295,0,0
oInvCollPH,704,256,00272910,0,1,1,4294967295,0,0
oInvCollPH,704,272,000A4A4D,0,1,1,4294967295,0,0
oInvCollPH,704,288,003977BB,0,1,1,4294967295,0,0
oInvCollPH,704,304,003CD3B1,0,1,1,4294967295,0,0
oInvCollPH,704,320,00330289,0,1,1,4294967295,0,0
oInvCollPH,704,336,0024FB7B,0,1,1,4294967295,0,0
oInvCollPH,704,352,00229DD9,0,1,1,4294967295,0,0
oInvCollPH,704,368,0020FB63,0,1,1,4294967295,0,0
oInvCollPH,720,368,003784FB,0,1,1,4294967295,0,0
oInvCollPH,720,336,002BB062,0,1,1,4294967295,0,0
oInvCollPH,720,320,002C9FED,0,1,1,4294967295,0,0
oInvCollPH,720,304,0032F501,0,1,1,4294967295,0,0
oInvCollPH,720,288,001B302A,0,1,1,4294967295,0,0
oInvCollPH,720,272,0023D826,0,1,1,4294967295,0,0
oInvCollPH,720,256,00383472,0,1,1,4294967295,0,0
oInvCollPH,720,240,0023A32B,0,1,1,4294967295,0,0
oInvCollPH,720,224,00054222,0,1,1,4294967295,0,0
oInvCollPH,752,352,003596EC,0,1,1,4294967295,0,0
oInvCollPH,768,352,00342928,0,1,1,4294967295,0,0
oInvCollPH,784,352,0010C7BC,0,1,1,4294967295,0,0
oInvCollPH,800,352,001702FB,0,1,1,4294967295,0,0
oInvCollPH,816,352,0004B695,0,1,1,4294967295,0,0
oInvCollPH,816,368,0005A0B9,0,1,1,4294967295,0,0
oInvCollPH,800,368,000D100B,0,1,1,4294967295,0,0
oInvCollPH,784,368,00228E32,0,1,1,4294967295,0,0
oInvCollPH,768,368,003A4AD9,0,1,1,4294967295,0,0
oInvCollPH,752,368,0004EE7E,0,1,1,4294967295,0,0
oInvCollPH,736,368,003EA3FB,0,1,1,4294967295,0,0
oInvCollPH,928,368,00071266,0,1,1,4294967295,0,0
oInvCollPH,944,368,0012DF31,0,1,1,4294967295,0,0
oInvCollPH,960,368,0016CE32,0,1,1,4294967295,0,0
oInvCollPH,976,368,001A1DA2,0,1,1,4294967295,0,0
oInvCollPH,976,352,00252D24,0,1,1,4294967295,0,0
oInvCollPH,960,352,000EB58D,0,1,1,4294967295,0,0
oInvCollPH,944,352,0019B242,0,1,1,4294967295,0,0
oInvCollPH,1024,464,00113CAA,0,1,1,4294967295,0,0
oInvCollPH,1024,480,00023AF5,0,1,1,4294967295,0,0
oInvCollPH,1024,496,0001341B,0,1,1,4294967295,0,0
oInvCollPH,1024,512,0005AC61,0,1,1,4294967295,0,0
oInvCollPH,1024,528,001985F3,0,1,1,4294967295,0,0
oInvCollPH,1024,544,0004527F,0,1,1,4294967295,0,0
oInvCollPH,1024,560,0039F65C,0,1,1,4294967295,0,0
oInvCollPH,1040,560,000061DC,0,1,1,4294967295,0,0
oInvCollPH,1040,544,000A382F,0,1,1,4294967295,0,0
oInvCollPH,1040,528,003A9F01,0,1,1,4294967295,0,0
oInvCollPH,1040,512,001A27E4,0,1,1,4294967295,0,0
oInvCollPH,1040,496,003E5213,0,1,1,4294967295,0,0
oInvCollPH,1040,480,002A7B2F,0,1,1,4294967295,0,0
oInvCollPH,1040,464,003D3E25,0,1,1,4294967295,0,0
oInvCollPH,1040,448,00039152,0,1,1,4294967295,0,0
oInvCollPH,672,624,00183064,0,1,1,4294967295,0,0
oInvCollPH,688,608,000DE22B,0,1,1,4294967295,0,0
oInvCollPH,928,592,00364E27,0,1,1,4294967295,0,0
oInvCollPH,928,608,00341D17,0,1,1,4294967295,0,0
oInvCollPH,928,624,001F170E,0,1,1,4294967295,0,0
oInvCollPH,944,576,00383E69,0,1,1,4294967295,0,0
oInvCollPH,960,576,0015491F,0,1,1,4294967295,0,0
oInvCollPH,976,576,000C599E,0,1,1,4294967295,0,0
oInvCollPH,992,576,0003D230,0,1,1,4294967295,0,0
oInvCollPH,1008,576,00312817,0,1,1,4294967295,0,0
oInvCollPH,1040,576,000ADEBC,0,1,1,4294967295,0,0
oInvCollPH,1040,592,000030AB,0,1,1,4294967295,0,0
oInvCollPH,1072,608,002617E5,0,1,1,4294967295,0,0
oInvCollPH,1088,592,002CBAAE,0,1,1,4294967295,0,0
oInvCollPH,1104,592,00203EBD,0,1,1,4294967295,0,0
oInvCollPH,1120,608,00339F9C,0,1,1,4294967295,0,0
oInvCollPH,1136,608,0002EC3E,0,1,1,4294967295,0,0
oInvCollPH,1136,624,0002D42C,0,1,1,4294967295,0,0
oInvCollPH,704,592,0032037A,0,1,1,4294967295,0,0
oInvCollPH,720,576,001C917D,0,1,1,4294967295,0,0
oInvCollPH,736,576,0027AC43,0,1,1,4294967295,0,0
oInvCollPH,752,576,003C833B,0,1,1,4294967295,0,0
oInvCollPH,768,576,003A5423,0,1,1,4294967295,0,0
oInvCollPH,784,576,00332860,0,1,1,4294967295,0,0
oInvCollPH,800,576,001CAA26,0,1,1,4294967295,0,0
oInvCollPH,816,576,0024717D,0,1,1,4294967295,0,0
oInvCollPH,816,592,003BE2DD,0,1,1,4294967295,0,0
oInvCollPH,816,608,0035B99F,0,1,1,4294967295,0,0
oInvCollPH,816,624,001B2378,0,1,1,4294967295,0,0
oInvCollPH,832,640,000FB100,0,1,1,4294967295,0,0
oInvCollPH,848,640,00029045,0,1,1,4294967295,0,0
oInvCollPH,864,640,00157304,0,1,1,4294967295,0,0
oInvCollPH,880,640,003C24D8,0,1,1,4294967295,0,0
oInvCollPH,896,640,0018ADEC,0,1,1,4294967295,0,0
oInvCollPH,912,640,003C2900,0,1,1,4294967295,0,0
oInvCollPH,1152,640,0005D3AF,0,1,1,4294967295,0,0
oInvCollPH,1168,640,001337B3,0,1,1,4294967295,0,0
oInvCollPH,1184,640,000427C3,0,1,1,4294967295,0,0
oInvCollPH,1200,640,002155E6,0,1,1,4294967295,0,0
oInvCollPH,1216,640,000C54DD,0,1,1,4294967295,0,0
oInvCollPH,1232,640,000D15C6,0,1,1,4294967295,0,0
oInvCollPH,1248,640,00389B51,0,1,1,4294967295,0,0
oInvCollPH,1264,640,002428C4,0,1,1,4294967295,0,0
oInvCollPH,1280,640,002EB5E9,0,1,1,4294967295,0,0
oInvCollPH,1296,640,003BBBE0,0,1,1,4294967295,0,0
oInvCollPH,1312,640,00094FB1,0,1,1,4294967295,0,0
oInvCollPH,1328,640,003D2BF0,0,1,1,4294967295,0,0
oInvCollPH,1344,640,001D9791,0,1,1,4294967295,0,0
oInvCollPH,1360,640,00321AAF,0,1,1,4294967295,0,0
oInvCollPH,1376,640,0020D2A4,0,1,1,4294967295,0,0
oInvCollPH,1392,640,0018BBDB,0,1,1,4294967295,0,0
oInvCollPH,1408,640,0006056A,0,1,1,4294967295,0,0
oInvCollPH,1424,640,003E7E6B,0,1,1,4294967295,0,0
oInvCollPH,464,448,000446A4,0,1,1,4294967295,0,0
oInvCollPH,464,464,002BC7A2,0,1,1,4294967295,0,0
oInvCollPH,464,480,00397774,0,1,1,4294967295,0,0
oInvCollPH,464,496,00023802,0,1,1,4294967295,0,0
oInvCollPH,464,512,000F9AC5,0,1,1,4294967295,0,0
oInvCollPH,464,528,002C9319,0,1,1,4294967295,0,0
oInvCollPH,464,544,0029C462,0,1,1,4294967295,0,0
oInvCollPH,464,560,001E6F67,0,1,1,4294967295,0,0
oInvCollPH,464,576,002C6126,0,1,1,4294967295,0,0
oInvCollPH,464,592,003D7EC3,0,1,1,4294967295,0,0
oInvCollPH,464,608,003980B3,0,1,1,4294967295,0,0
oInvCollPH,464,624,00171709,0,1,1,4294967295,0,0
oInvCollPH,464,640,00253280,0,1,1,4294967295,0,0
oInvCollPH,464,656,002BBB90,0,1,1,4294967295,0,0
oInvCollPH,448,656,0010F385,0,1,1,4294967295,0,0
oInvCollPH,448,640,003A235E,0,1,1,4294967295,0,0
oInvCollPH,448,624,002E6BCC,0,1,1,4294967295,0,0
oInvCollPH,448,608,00069A82,0,1,1,4294967295,0,0
oInvCollPH,448,592,00350803,0,1,1,4294967295,0,0
oInvCollPH,448,576,002565F1,0,1,1,4294967295,0,0
oInvCollPH,448,560,0025807D,0,1,1,4294967295,0,0
oInvCollPH,448,544,00188E44,0,1,1,4294967295,0,0
oInvCollPH,448,528,0005C2B5,0,1,1,4294967295,0,0
oInvCollPH,448,512,0010BFA5,0,1,1,4294967295,0,0
oInvCollPH,448,496,0035481D,0,1,1,4294967295,0,0
oInvCollPH,448,480,000F0D97,0,1,1,4294967295,0,0
oInvCollPH,448,464,00139EC6,0,1,1,4294967295,0,0
oInvCollPH,16,512,00113623,0,1,1,4294967295,0,0
oInvCollPH,32,512,001271BF,0,1,1,4294967295,0,0
oInvCollPH,48,512,0021314F,0,1,1,4294967295,0,0
oInvCollPH,64,512,00057DAF,0,1,1,4294967295,0,0
oInvCollPH,80,512,0003E6CA,0,1,1,4294967295,0,0
oInvCollPH,96,512,003C7CF9,0,1,1,4294967295,0,0
oInvCollPH,112,512,00187F98,0,1,1,4294967295,0,0
oInvCollPH,128,512,00079B6E,0,1,1,4294967295,0,0
oInvCollPH,144,512,001D6D9D,0,1,1,4294967295,0,0
oInvCollPH,160,512,002189CD,0,1,1,4294967295,0,0
oInvCollPH,176,512,001B3C9E,0,1,1,4294967295,0,0
oInvCollPH,176,528,003612D7,0,1,1,4294967295,0,0
oInvCollPH,208,544,002CE980,0,1,1,4294967295,0,0
oInvCollPH,48,64,000FB65E,0,1,1,4294967295,0,0
oInvCollPH,48,80,0023D135,0,1,1,4294967295,0,0
oInvCollPH,48,96,00305F91,0,1,1,4294967295,0,0
oInvCollPH,48,112,002C8467,0,1,1,4294967295,0,0
oInvCollPH,48,176,001F6C37,0,1,1,4294967295,0,0
oInvCollPH,48,160,002683E8,0,1,1,4294967295,0,0
oInvCollPH,48,144,00123EA7,0,1,1,4294967295,0,0
oInvCollPH,48,128,000425FB,0,1,1,4294967295,0,0
oInvCollPH,48,240,001E1B99,0,1,1,4294967295,0,0
oInvCollPH,48,224,0033BE33,0,1,1,4294967295,0,0
oInvCollPH,48,208,0019E563,0,1,1,4294967295,0,0
oInvCollPH,48,192,00373C65,0,1,1,4294967295,0,0
oInvCollPH,48,272,000BEAA2,0,1,1,4294967295,0,0
oInvCollPH,48,288,0035713D,0,1,1,4294967295,0,0
oInvCollPH,48,304,0017CB80,0,1,1,4294967295,0,0
oInvCollPH,48,320,0000B788,0,1,1,4294967295,0,0
oInvCollPH,48,336,000E191D,0,1,1,4294967295,0,0
oInvCollPH,48,352,0037A5C0,0,1,1,4294967295,0,0
oInvCollPH,48,368,00149F35,0,1,1,4294967295,0,0
oInvCollPH,48,384,003C6F48,0,1,1,4294967295,0,0
oInvCollPH,48,400,00095225,0,1,1,4294967295,0,0
oInvCollPH,48,416,003A174F,0,1,1,4294967295,0,0
oInvCollPH,48,432,0026201F,0,1,1,4294967295,0,0
oInvCollPH,32,432,0038CE5F,0,1,1,4294967295,0,0
oInvCollPH,16,432,00285548,0,1,1,4294967295,0,0
oInvCollPH,0,432,003EC44F,0,1,1,4294967295,0,0
oInvCollPH,64,48,0034E0F6,0,1,1,4294967295,0,0
oInvCollPH,80,48,001F8767,0,1,1,4294967295,0,0
oInvCollPH,160,48,00372452,0,1,1,4294967295,0,0
oInvCollPH,176,48,001345CF,0,1,1,4294967295,0,0
oInvCollPH,192,48,00072AAD,0,1,1,4294967295,0,0
oInvCollPH,208,48,0013A701,0,1,1,4294967295,0,0
oInvCollPH,224,48,0036263C,0,1,1,4294967295,0,0
oInvCollPH,240,48,00021FC7,0,1,1,4294967295,0,0
oInvCollPH,256,48,000B1671,0,1,1,4294967295,0,0
oInvCollPH,272,48,00133919,0,1,1,4294967295,0,0
oInvCollPH,320,48,0034B58A,0,1,1,4294967295,0,0
oInvCollPH,336,48,0034E12C,0,1,1,4294967295,0,0
oInvCollPH,352,48,003768FD,0,1,1,4294967295,0,0
oInvCollPH,368,48,0027EFA2,0,1,1,4294967295,0,0
oInvCollPH,416,48,00089EB6,0,1,1,4294967295,0,0
oInvCollPH,432,48,0017C09C,0,1,1,4294967295,0,0
oInvCollPH,448,48,0011FFEC,0,1,1,4294967295,0,0
oInvCollPH,464,48,00190B79,0,1,1,4294967295,0,0
oInvCollPH,480,48,001B27A0,0,1,1,4294967295,0,0
oInvCollPH,496,48,0030B95A,0,1,1,4294967295,0,0
oInvCollPH,512,48,0011F6B5,0,1,1,4294967295,0,0
oInvCollPH,528,48,00128621,0,1,1,4294967295,0,0
oInvCollPH,544,48,00205609,0,1,1,4294967295,0,0
oInvCollPH,560,48,00207D52,0,1,1,4294967295,0,0
oInvCollPH,576,48,00312E80,0,1,1,4294967295,0,0
oInvCollPH,592,48,0025F5BB,0,1,1,4294967295,0,0
oInvCollPH,608,48,0002DC09,0,1,1,4294967295,0,0
oInvCollPH,624,48,002A34B0,0,1,1,4294967295,0,0
oInvCollPH,640,48,0016D719,0,1,1,4294967295,0,0
oInvCollPH,656,48,001C92D0,0,1,1,4294967295,0,0
oInvCollPH,304,672,0000B7B6,0,1,1,4294967295,0,0
oInvCollPH,320,672,0018B91E,0,1,1,4294967295,0,0
oInvCollPH,336,672,001F92AF,0,1,1,4294967295,0,0
oInvCollPH,352,672,00353039,0,1,1,4294967295,0,0
oInvCollPH,368,672,0023F86F,0,1,1,4294967295,0,0
oInvCollPH,416,672,0007E777,0,1,1,4294967295,0,0
oInvCollPH,432,672,003CD886,0,1,1,4294967295,0,0
oInvCollPH,480,672,003468EC,0,1,1,4294967295,0,0
oInvCollPH,496,672,003013D1,0,1,1,4294967295,0,0
oInvCollPH,544,672,000B4AA4,0,1,1,4294967295,0,0
oInvCollPH,560,672,0014E6AF,0,1,1,4294967295,0,0
oInvCollPH,576,672,001F9BE5,0,1,1,4294967295,0,0
oInvCollPH,592,672,0036CD54,0,1,1,4294967295,0,0
oInvCollPH,608,672,001C77EE,0,1,1,4294967295,0,0
oInvCollPH,624,672,0013E4C5,0,1,1,4294967295,0,0
oInvCollPH,1376,240,0018C70F,0,1,1,4294967295,0,0
oInvCollPH,1376,256,00006898,0,1,1,4294967295,0,0
oInvCollPH,1376,272,00156066,0,1,1,4294967295,0,0
oInvCollPH,1376,288,0037C10E,0,1,1,4294967295,0,0
oInvCollPH,1376,304,00238081,0,1,1,4294967295,0,0
oInvCollPH,1376,336,000C550C,0,1,1,4294967295,0,0
oInvCollPH,1376,368,00212937,0,1,1,4294967295,0,0
oInvCollPH,1376,352,0011D5FE,0,1,1,4294967295,0,0
oInvCollPH,1376,384,002617D1,0,1,1,4294967295,0,0
oInvCollPH,1376,400,003D5B53,0,1,1,4294967295,0,0
oInvCollPH,1376,416,000C9FC0,0,1,1,4294967295,0,0
oInvCollPH,1376,432,0014C997,0,1,1,4294967295,0,0
oInvCollPH,1376,448,002519C8,0,1,1,4294967295,0,0
oInvCollPH,1376,464,0016068C,0,1,1,4294967295,0,0
oInvCollPH,1376,480,0004CBA7,0,1,1,4294967295,0,0
oInvCollPH,1376,496,001A47FE,0,1,1,4294967295,0,0
oInvCollPH,1056,208,001123A2,0,1,1,4294967295,0,0
oInvCollPH,1056,224,001B9006,0,1,1,4294967295,0,0
oInvCollPH,1056,240,0010DF69,0,1,1,4294967295,0,0
oInvCollPH,1152,192,0039D86E,0,1,1,4294967295,0,0
oInvCollPH,1168,192,0013580D,0,1,1,4294967295,0,0
oInvCollPH,1184,192,003E8AA5,0,1,1,4294967295,0,0
oInvCollPH,1200,192,0039F9CC,0,1,1,4294967295,0,0
oInvCollPH,1200,208,0034556F,0,1,1,4294967295,0,0
oInvCollPH,1200,224,0004FDE9,0,1,1,4294967295,0,0
oInvCollPH,1200,240,003F4756,0,1,1,4294967295,0,0
oInvCollPH,1200,256,0006847C,0,1,1,4294967295,0,0
oInvCollPH,1200,272,00025DC3,0,1,1,4294967295,0,0
oInvCollPH,1200,288,003942D4,0,1,1,4294967295,0,0
oInvCollPH,1200,304,001AB77E,0,1,1,4294967295,0,0
oInvCollPH,1184,304,001ABAAC,0,1,1,4294967295,0,0
oInvCollPH,1168,304,00039C52,0,1,1,4294967295,0,0
oInvCollPH,1152,304,00202346,0,1,1,4294967295,0,0
oInvCollPH,1136,304,003FADF6,0,1,1,4294967295,0,0
oInvCollPH,1120,304,002774DD,0,1,1,4294967295,0,0
oInvCollPH,992,304,001BF850,0,1,1,4294967295,0,0
oInvCollPH,992,320,001DC0FD,0,1,1,4294967295,0,0
oInvCollPH,992,336,001B6EB6,0,1,1,4294967295,0,0
oInvCollPH,1008,288,002E138C,0,1,1,4294967295,0,0
oInvCollPH,992,368,001FD036,0,1,1,4294967295,0,0
oInvCollPH,1008,368,0009981C,0,1,1,4294967295,0,0
oInvCollPH,1024,272,000725D8,0,1,1,4294967295,0,0
oInvCollPH,1040,256,003EEBC5,0,1,1,4294967295,0,0
oInvCollPH,1024,368,00393B1B,0,1,1,4294967295,0,0
oInvCollPH,1040,368,003F0D41,0,1,1,4294967295,0,0
oInvCollPH,1056,368,002C12A6,0,1,1,4294967295,0,0
oInvCollPH,1072,368,0029CA3E,0,1,1,4294967295,0,0
oInvCollPH,1088,368,003568A6,0,1,1,4294967295,0,0
oInvCollPH,1104,368,0023495D,0,1,1,4294967295,0,0
oInvCollPH,1104,352,0024EC46,0,1,1,4294967295,0,0
oInvCollPH,1104,336,003CBA88,0,1,1,4294967295,0,0
oInvCollPH,1104,320,00268FCA,0,1,1,4294967295,0,0
oInvCollPH,976,432,00055DCC,0,1,1,4294967295,0,0
oInvCollPH,1104,576,002FD1EB,0,1,1,4294967295,0,0
oInvisibleSolid,896,0,0021CA61,0,1,1,4294967295,0,1
oInvisibleSolid,1024,96,001AC02A,0,1,1,4294967295,0,1
oInvisibleSolid,960,128,003CF815,0,1,1,4294967295,0,1
oInvisibleSolid,1056,128,00076CFD,0,1,1,4294967295,0,1
oInvisibleSolid,1024,0,0010754E,0,1,1,4294967295,0,1
oInvisibleSolid,1120,0,00286306,0,1,1,4294967295,0,1
oInvisibleSolid,1216,0,00338DA4,0,1,1,4294967295,0,1
oInvisibleSolid,1280,0,00137FBC,0,1,1,4294967295,0,1
oInvisibleSolid,1344,128,00250FA1,0,1,1,4294967295,0,1
oInvisibleSolid,832,96,00028622,0,1,1,4294967295,0,1
oInvisibleSolid,896,224,001A12F1,0,1,1,4294967295,0,1
oInvisibleSolid,896,192,002688C6,0,1,1,4294967295,0,1
oInvisibleSolid,800,0,001A316E,0,1,1,4294967295,0,1
oInvisibleSolid,1312,512,00146D72,0,1,1,4294967295,0,1
oInvisibleSolid,1376,224,00184A62,0,1,1,4294967295,0,1
oInvisibleSolid,1216,192,001A59CE,0,1,1,4294967295,0,1
oInvisibleSolid,1312,192,001B1A1D,0,1,1,4294967295,0,1
oInvisibleSolid,1248,256,003D6708,0,1,1,4294967295,0,1
oInvisibleSolid,1344,320,0015CEC9,0,1,1,4294967295,0,1
oInvisibleSolid,640,640,0032C38C,0,1,1,4294967295,0,1
oInvisibleSolid,928,576,002CBBB9,0,1,1,4294967295,0,1
oInvisibleSolid,1056,608,0030A95A,0,1,1,4294967295,0,1
oInvisibleSolid,672,608,00114258,0,1,1,4294967295,0,1
oInvisibleSolid,704,576,0038931E,0,1,1,4294967295,0,1
oInvisibleSolid,864,512,002576AA,0,1,1,4294967295,0,1
oInvisibleSolid,928,480,001BFD98,0,1,1,4294967295,0,1
oInvisibleSolid,1024,448,000E940F,0,1,1,4294967295,0,1
oInvisibleSolid,1184,544,000F299E,0,1,1,4294967295,0,1
oInvisibleSolid,800,480,0036A31B,0,1,1,4294967295,0,1
oInvisibleSolid,704,480,00233D6B,0,1,1,4294967295,0,1
oInvisibleSolid,608,480,00168218,0,1,1,4294967295,0,1
oInvisibleSolid,512,640,00018CCF,0,1,1,4294967295,0,1
oInvisibleSolid,384,640,0021514E,0,1,1,4294967295,0,1
oInvisibleSolid,512,480,00385560,0,1,1,4294967295,0,1
oInvisibleSolid,448,448,002B7861,0,1,1,4294967295,0,1
oInvisibleSolid,384,384,003661F2,0,1,1,4294967295,0,1
oInvisibleSolid,256,640,001A3AD4,0,1,1,4294967295,0,1
oInvisibleSolid,192,576,0015FE04,0,1,1,4294967295,0,1
oInvisibleSolid,0,512,002B29B5,0,1,1,4294967295,0,1
oInvisibleSolid,256,480,0003D4D6,0,1,1,4294967295,0,1
oInvisibleSolid,256,288,000C3221,0,1,1,4294967295,0,1
oInvisibleSolid,192,320,001D01A6,0,1,1,4294967295,0,1
oInvisibleSolid,384,288,000DAB69,0,1,1,4294967295,0,1
oInvisibleSolid,448,288,003F7024,0,1,1,4294967295,0,1
oInvisibleSolid,640,240,001FC357,0,1,1,4294967295,0,1
oInvisibleSolid,608,224,001794B9,0,1,1,4294967295,0,1
oInvisibleSolid,576,224,001CA461,0,1,1,4294967295,0,1
oInvisibleSolid,704,224,00353131,0,1,1,4294967295,0,1
oInvisibleSolid,736,352,003FA4D0,0,1,1,4294967295,0,1
oInvisibleSolid,832,352,00385C9E,0,1,1,4294967295,0,1
oInvisibleSolid,928,352,003E8F8E,0,1,1,4294967295,0,1
oInvisibleSolid,128,416,001F8B25,0,1,1,4294967295,0,1
oInvisibleSolid,128,384,000704F2,0,1,1,4294967295,0,1
oInvisibleSolid,64,256,0038A14F,0,1,1,4294967295,0,1
oInvisibleSolid,192,128,0000580E,0,1,1,4294967295,0,1
oInvisibleSolid,288,64,00231C2A,0,1,1,4294967295,0,1
oInvisibleSolid,384,64,00039864,0,1,1,4294967295,0,1
oInvisibleSolid,96,64,003BF796,0,1,1,4294967295,0,1
oInvisibleSolid,0,64,002DEEDA,0,1,1,4294967295,0,1
oInvisibleSolid,0,0,0028A9FC,0,1,1,4294967295,0,1
oInvisibleSolid,672,0,0029BC5C,0,1,1,4294967295,0,1
oInvisibleSolid,1056,160,000064C9,0,1,1,4294967295,0,1
oInvisibleSolid,1056,192,00073445,0,1,1,4294967295,0,1
oInvisibleSolid,992,288,00117F4F,0,1,1,4294967295,0,1
oInvisibleSolid,1024,256,00257FFA,0,1,1,4294967295,0,1
oInvisibleSolid,288,672,002F417F,0,1,1,4294967295,0,1
oInvisibleSolid,1280,128,003C6381,0,1,1,4294967295,0,1
oInvisibleSolid,960,432,003166D8,0,1,1,4294967295,0,1
oInvisibleSolid,224,320,0006A31F,0,1,1,4294967295,0,1
oInvisibleSolid,736,496,002F060B,0,1,1,4294967295,0,0
oInvisibleSolid,784,496,003C3842,0,1,1,4294967295,0,0
oInvisibleSolid,192,544,003F3F9B,0,1,1,4294967295,0,1
oInvisibleSolid,1088,576,0005231B,0,1,1,4294967295,0,1
oMapDoor,200,512,0002D1CB,0,1,1,4294967295,0,1
oMapDoor,1096,544,002E3D20,0,1,1,4294967295,0,1
