oExit,1008,768,003EC4C5,0,1,1,4294967295,0,1
oExit,1008,64,00170D7B,0,1,1,4294967295,0,1
oExit,64,144,000AE2BC,0,1,1,4294967295,0,1
oExit,0,768,00061090,0,1,1,4294967295,0,1
oSignPost,832,800,000BC45C,0,1,1,4294967295,0,1
oMetSkree,736,384,002ED5B4,0,1,1,4294967295,0,0
oMetSkree,560,544,0008957A,0,1,1,4294967295,0,0
oMetSkree,304,288,00288585,0,1,1,4294967295,0,0
oMetSkree,368,32,000A0F06,0,1,1,4294967295,0,0
oMetSkree,864,176,0029D293,0,1,1,4294967295,0,0
oMetRipper,808,504,003DDF42,0,1,1,4294967295,0,1
oMetRipper,392,568,002604BC,0,1,1,4294967295,0,1
oMetRipper,344,216,0026F138,0,1,1,4294967295,0,1
oPlayer1,960,800,00181DBC,0,1,1,4294967295,0,0
oMetroidDoorHolder,16,768,00391161,0,1,1,4294967295,0,1
oMetroidDoorHolder,992,768,00232BA6,0,1,1,4294967295,0,1
oMetroidDoorHolder,992,64,001A4C52,0,1,1,4294967295,0,1
oBreakableMetroidWall,48,160,000DE8E9,0,1,1,4294967295,0,1
oPlatTempFade,544,704,00163607,0,1,1,4294967295,0,1
oPlatTempFade,752,336,002F284F,0,1,1,4294967295,0,1
oPlatTempFade,464,288,0001D9DE,0,1,1,4294967295,0,1
oPlatTempFade,592,32,002FB876,0,1,1,4294967295,0,1
oPlatTempFade,320,464,0004786F,0,1,1,4294967295,0,1
oPlatTempFade,432,320,00227235,0,1,1,4294967295,0,1
oBreakableMetroidWall,720,784,0023AE07,0,1,1,4294967295,0,1
oBreakableMetroidWall,496,784,00037181,0,1,1,4294967295,0,1
oBreakableMetroidWall,704,784,0033500E,0,1,1,4294967295,0,1
oBreakableMetroidWall,480,784,000ECD5B,0,1,1,4294967295,0,1
oInvCollPH,928,96,001B05F5,0,1,1,4294967295,0,0
oInvCollPH,944,96,000D7210,0,1,1,4294967295,0,0
oInvCollPH,960,96,0002179B,0,1,1,4294967295,0,0
oInvCollPH,976,96,000F776C,0,1,1,4294967295,0,0
oInvCollPH,992,96,001D3C98,0,1,1,4294967295,0,0
oInvCollPH,1008,96,000F2488,0,1,1,4294967295,0,0
oInvCollPH,912,112,0008DCB5,0,1,1,4294967295,0,0
oInvCollPH,880,160,000949A2,0,1,1,4294967295,0,0
oInvCollPH,864,160,001AA200,0,1,1,4294967295,0,0
oInvCollPH,896,160,00002356,0,1,1,4294967295,0,0
oInvCollPH,912,176,002A5DB1,0,1,1,4294967295,0,0
oInvCollPH,912,192,001A1C1A,0,1,1,4294967295,0,0
oInvCollPH,912,208,000483E9,0,1,1,4294967295,0,0
oInvCollPH,912,224,00177E7E,0,1,1,4294967295,0,0
oInvCollPH,912,240,00285E2E,0,1,1,4294967295,0,0
oInvCollPH,928,240,002B9F13,0,1,1,4294967295,0,0
oInvCollPH,944,240,003A4663,0,1,1,4294967295,0,0
oInvCollPH,16,800,00261DE5,0,1,1,4294967295,0,0
oInvCollPH,32,800,0017AF7B,0,1,1,4294967295,0,0
oInvCollPH,48,800,00111F28,0,1,1,4294967295,0,0
oInvCollPH,64,800,002808C3,0,1,1,4294967295,0,0
oInvCollPH,80,800,00345C18,0,1,1,4294967295,0,0
oInvCollPH,96,800,001C7C13,0,1,1,4294967295,0,0
oInvCollPH,112,800,001313EC,0,1,1,4294967295,0,0
oInvCollPH,128,800,000B5D81,0,1,1,4294967295,0,0
oInvCollPH,144,800,000B3CCF,0,1,1,4294967295,0,0
oInvCollPH,160,800,00067F5B,0,1,1,4294967295,0,0
oInvCollPH,176,800,001974A5,0,1,1,4294967295,0,0
oInvCollPH,192,800,0016A32B,0,1,1,4294967295,0,0
oInvCollPH,208,800,0027067E,0,1,1,4294967295,0,0
oInvCollPH,224,800,0035BBAA,0,1,1,4294967295,0,0
oInvCollPH,240,800,003AEAFB,0,1,1,4294967295,0,0
oInvCollPH,256,800,00056B5D,0,1,1,4294967295,0,0
oInvCollPH,272,800,0019D03C,0,1,1,4294967295,0,0
oInvCollPH,288,800,003AB909,0,1,1,4294967295,0,0
oInvCollPH,304,800,0000E466,0,1,1,4294967295,0,0
oInvCollPH,320,800,0001E9A8,0,1,1,4294967295,0,0
oInvCollPH,336,800,003F9316,0,1,1,4294967295,0,0
oInvCollPH,352,800,003EEE1B,0,1,1,4294967295,0,0
oInvCollPH,368,800,0007951D,0,1,1,4294967295,0,0
oInvCollPH,384,800,000742AF,0,1,1,4294967295,0,0
oInvCollPH,400,800,00068BA4,0,1,1,4294967295,0,0
oInvCollPH,416,800,00266D37,0,1,1,4294967295,0,0
oInvCollPH,432,800,00023FA3,0,1,1,4294967295,0,0
oInvCollPH,448,800,0033F869,0,1,1,4294967295,0,0
oInvCollPH,464,800,0037E0A5,0,1,1,4294967295,0,0
oInvCollPH,480,800,002ABBCD,0,1,1,4294967295,0,0
oInvCollPH,496,800,003EE77F,0,1,1,4294967295,0,0
oInvCollPH,512,800,0037E251,0,1,1,4294967295,0,0
oInvCollPH,528,800,0018DC31,0,1,1,4294967295,0,0
oInvCollPH,544,800,00343933,0,1,1,4294967295,0,0
oInvCollPH,560,800,003FE337,0,1,1,4294967295,0,0
oInvCollPH,576,800,002D9AB5,0,1,1,4294967295,0,0
oInvCollPH,592,800,0012F28D,0,1,1,4294967295,0,0
oInvCollPH,608,800,0015C85C,0,1,1,4294967295,0,0
oInvCollPH,624,800,00335C98,0,1,1,4294967295,0,0
oInvCollPH,640,800,0033CF57,0,1,1,4294967295,0,0
oInvCollPH,656,800,000A6A82,0,1,1,4294967295,0,0
oInvCollPH,672,800,00302DC6,0,1,1,4294967295,0,0
oInvCollPH,688,800,003F0487,0,1,1,4294967295,0,0
oInvCollPH,704,800,0008D555,0,1,1,4294967295,0,0
oInvCollPH,720,800,00378697,0,1,1,4294967295,0,0
oInvCollPH,736,800,00058BF7,0,1,1,4294967295,0,0
oInvCollPH,752,800,00351E74,0,1,1,4294967295,0,0
oInvCollPH,768,800,0012AA98,0,1,1,4294967295,0,0
oInvCollPH,784,800,0033BD49,0,1,1,4294967295,0,0
oInvCollPH,800,800,001EE3EA,0,1,1,4294967295,0,0
oInvCollPH,816,800,0011FB40,0,1,1,4294967295,0,0
oInvCollPH,832,800,000A24BF,0,1,1,4294967295,0,0
oInvCollPH,848,800,00063B7E,0,1,1,4294967295,0,0
oInvCollPH,864,800,001EA1C8,0,1,1,4294967295,0,0
oInvCollPH,880,800,002FB1F4,0,1,1,4294967295,0,0
oInvCollPH,896,800,0039CFB8,0,1,1,4294967295,0,0
oInvCollPH,912,800,00032706,0,1,1,4294967295,0,0
oInvCollPH,928,800,003B462B,0,1,1,4294967295,0,0
oInvCollPH,944,800,002DF649,0,1,1,4294967295,0,0
oInvCollPH,960,800,00059509,0,1,1,4294967295,0,0
oInvCollPH,976,800,00255C2D,0,1,1,4294967295,0,0
oInvCollPH,992,800,001E76E9,0,1,1,4294967295,0,0
oInvCollPH,1008,800,00210986,0,1,1,4294967295,0,0
oInvCollPH,960,272,001B02C3,0,1,1,4294967295,0,0
oInvCollPH,960,288,0000DEA7,0,1,1,4294967295,0,0
oInvCollPH,960,304,00226D5B,0,1,1,4294967295,0,0
oInvCollPH,960,320,003C18B8,0,1,1,4294967295,0,0
oInvCollPH,960,336,000C0270,0,1,1,4294967295,0,0
oInvCollPH,960,352,00218775,0,1,1,4294967295,0,0
oInvCollPH,960,368,0034833F,0,1,1,4294967295,0,0
oInvCollPH,960,384,00386833,0,1,1,4294967295,0,0
oInvCollPH,960,400,002F3294,0,1,1,4294967295,0,0
oInvCollPH,1008,720,000D5002,0,1,1,4294967295,0,0
oInvCollPH,992,720,0037CF75,0,1,1,4294967295,0,0
oInvCollPH,976,720,002A94AE,0,1,1,4294967295,0,0
oInvCollPH,960,720,00164875,0,1,1,4294967295,0,0
oInvCollPH,960,704,003C4B9A,0,1,1,4294967295,0,0
oInvCollPH,960,688,0000F08B,0,1,1,4294967295,0,0
oInvCollPH,960,672,002A4688,0,1,1,4294967295,0,0
oInvCollPH,960,656,001169C6,0,1,1,4294967295,0,0
oInvCollPH,960,640,002EFD6B,0,1,1,4294967295,0,0
oInvCollPH,960,624,000FF32D,0,1,1,4294967295,0,0
oInvCollPH,960,608,00199332,0,1,1,4294967295,0,0
oInvCollPH,960,592,00283B06,0,1,1,4294967295,0,0
oInvCollPH,960,576,002D4B58,0,1,1,4294967295,0,0
oInvCollPH,944,464,0030727C,0,1,1,4294967295,0,0
oInvCollPH,960,480,001541A5,0,1,1,4294967295,0,0
oInvCollPH,960,496,0019F70D,0,1,1,4294967295,0,0
oInvCollPH,960,512,00272A3E,0,1,1,4294967295,0,0
oInvCollPH,944,416,0024A43D,0,1,1,4294967295,0,0
oInvCollPH,928,416,003F666A,0,1,1,4294967295,0,0
oInvCollPH,928,464,00060585,0,1,1,4294967295,0,0
oInvCollPH,960,528,0035189F,0,1,1,4294967295,0,0
oInvCollPH,960,544,0002CD30,0,1,1,4294967295,0,0
oInvCollPH,960,560,0003635A,0,1,1,4294967295,0,0
oInvCollPH,464,736,002AADD4,0,1,1,4294967295,0,0
oInvCollPH,480,752,002635B6,0,1,1,4294967295,0,0
oInvCollPH,496,752,00065854,0,1,1,4294967295,0,0
oInvCollPH,496,736,0022476A,0,1,1,4294967295,0,0
oInvCollPH,496,720,0032C341,0,1,1,4294967295,0,0
oInvCollPH,704,736,00152689,0,1,1,4294967295,0,0
oInvCollPH,704,752,0030A7BE,0,1,1,4294967295,0,0
oInvCollPH,720,752,0001F570,0,1,1,4294967295,0,0
oInvCollPH,720,736,002D7C56,0,1,1,4294967295,0,0
oInvCollPH,720,720,000576EB,0,1,1,4294967295,0,0
oInvCollPH,592,560,0019EB04,0,1,1,4294967295,0,0
oInvCollPH,592,576,00312964,0,1,1,4294967295,0,0
oInvCollPH,592,592,00301CAD,0,1,1,4294967295,0,0
oInvCollPH,592,608,001A3565,0,1,1,4294967295,0,0
oInvCollPH,592,624,000C1E78,0,1,1,4294967295,0,0
oInvCollPH,608,624,00363485,0,1,1,4294967295,0,0
oInvCollPH,608,608,00033E96,0,1,1,4294967295,0,0
oInvCollPH,608,592,001E2BB0,0,1,1,4294967295,0,0
oInvCollPH,608,576,00138214,0,1,1,4294967295,0,0
oInvCollPH,608,560,002355AE,0,1,1,4294967295,0,0
oInvCollPH,608,544,0012F1EA,0,1,1,4294967295,0,0
oInvCollPH,64,480,0021665E,0,1,1,4294967295,0,0
oInvCollPH,80,480,0002B8AC,0,1,1,4294967295,0,0
oInvCollPH,96,480,00371B33,0,1,1,4294967295,0,0
oInvCollPH,112,480,003565B2,0,1,1,4294967295,0,0
oInvCollPH,112,464,0014BF10,0,1,1,4294967295,0,0
oInvCollPH,96,464,0025EA09,0,1,1,4294967295,0,0
oInvCollPH,80,464,0027C5E2,0,1,1,4294967295,0,0
oInvCollPH,192,560,0032034E,0,1,1,4294967295,0,0
oInvCollPH,208,560,0028BCB5,0,1,1,4294967295,0,0
oInvCollPH,224,560,0018D24B,0,1,1,4294967295,0,0
oInvCollPH,368,640,002A4584,0,1,1,4294967295,0,0
oInvCollPH,368,656,0020E532,0,1,1,4294967295,0,0
oInvCollPH,384,656,0010F2BE,0,1,1,4294967295,0,0
oInvCollPH,384,640,002ACF8B,0,1,1,4294967295,0,0
oInvCollPH,384,624,0014DB5C,0,1,1,4294967295,0,0
oInvCollPH,272,432,0011071D,0,1,1,4294967295,0,0
oInvCollPH,272,448,00214C85,0,1,1,4294967295,0,0
oInvCollPH,288,448,0015E37C,0,1,1,4294967295,0,0
oInvCollPH,304,448,0032646E,0,1,1,4294967295,0,0
oInvCollPH,320,448,00277B92,0,1,1,4294967295,0,0
oInvCollPH,336,448,0038164F,0,1,1,4294967295,0,0
oInvCollPH,336,432,0009F657,0,1,1,4294967295,0,0
oInvCollPH,336,416,0003684B,0,1,1,4294967295,0,0
oInvCollPH,320,416,00388D5B,0,1,1,4294967295,0,0
oInvCollPH,304,416,001F1F53,0,1,1,4294967295,0,0
oInvCollPH,288,416,0002EE55,0,1,1,4294967295,0,0
oInvCollPH,272,672,002F2E04,0,1,1,4294967295,0,0
oInvCollPH,288,672,00304956,0,1,1,4294967295,0,0
oInvCollPH,304,672,00341008,0,1,1,4294967295,0,0
oInvCollPH,320,672,002CC894,0,1,1,4294967295,0,0
oInvCollPH,256,688,003FEA85,0,1,1,4294967295,0,0
oInvCollPH,256,704,00230BAF,0,1,1,4294967295,0,0
oInvCollPH,272,704,002544B5,0,1,1,4294967295,0,0
oInvCollPH,288,704,000F5FB6,0,1,1,4294967295,0,0
oInvCollPH,304,704,00296F53,0,1,1,4294967295,0,0
oInvCollPH,320,704,003645AE,0,1,1,4294967295,0,0
oInvCollPH,336,704,0006D567,0,1,1,4294967295,0,0
oInvCollPH,352,704,003F6DC5,0,1,1,4294967295,0,0
oInvCollPH,368,704,0030AA38,0,1,1,4294967295,0,0
oInvCollPH,384,704,0011E5B3,0,1,1,4294967295,0,0
oInvCollPH,384,688,00288A08,0,1,1,4294967295,0,0
oInvCollPH,384,672,0016B018,0,1,1,4294967295,0,0
oInvCollPH,336,672,000C16F3,0,1,1,4294967295,0,0
oInvCollPH,352,672,0034EA06,0,1,1,4294967295,0,0
oInvCollPH,688,704,0010298F,0,1,1,4294967295,0,0
oInvCollPH,704,704,002BE71B,0,1,1,4294967295,0,0
oInvCollPH,720,704,002B67A0,0,1,1,4294967295,0,0
oInvCollPH,736,704,003E9E84,0,1,1,4294967295,0,0
oInvCollSM,496,768,000F0139,0,1,1,4294967295,0,0
oInvCollSM,720,768,003F5498,0,1,1,4294967295,0,0
oInvCollPH,496,688,001BC485,0,1,1,4294967295,0,0
oInvCollPH,512,688,001A21AB,0,1,1,4294967295,0,0
oInvCollPH,528,688,002FC5DA,0,1,1,4294967295,0,0
oInvCollPH,576,528,00332FC5,0,1,1,4294967295,0,0
oInvCollPH,624,528,001A6817,0,1,1,4294967295,0,0
oInvCollPH,608,512,003EF398,0,1,1,4294967295,0,0
oInvCollPH,560,528,0013D015,0,1,1,4294967295,0,0
oInvCollPH,544,528,002AB6F0,0,1,1,4294967295,0,0
oInvCollPH,560,512,002A4499,0,1,1,4294967295,0,0
oInvCollPH,576,512,000C7812,0,1,1,4294967295,0,0
oInvCollPH,592,512,0023226D,0,1,1,4294967295,0,0
oInvCollPH,624,512,003F5B08,0,1,1,4294967295,0,0
oInvCollPH,640,512,001B8783,0,1,1,4294967295,0,0
oInvCollPH,656,512,001DF63E,0,1,1,4294967295,0,0
oInvCollPH,656,528,003DF745,0,1,1,4294967295,0,0
oInvCollPH,640,528,000B4B9F,0,1,1,4294967295,0,0
oInvCollPH,384,288,003FAD4E,0,1,1,4294967295,0,0
oInvCollPH,384,304,0034BC36,0,1,1,4294967295,0,0
oInvCollPH,400,304,00379CE8,0,1,1,4294967295,0,0
oInvCollPH,416,304,001AB1B4,0,1,1,4294967295,0,0
oInvCollPH,432,304,00121D86,0,1,1,4294967295,0,0
oInvCollPH,448,304,0037C329,0,1,1,4294967295,0,0
oInvCollPH,448,288,002B7755,0,1,1,4294967295,0,0
oInvCollPH,448,272,001CDA87,0,1,1,4294967295,0,0
oInvCollPH,432,272,00364EB2,0,1,1,4294967295,0,0
oInvCollPH,416,272,000B1913,0,1,1,4294967295,0,0
oInvCollPH,400,272,000E77FB,0,1,1,4294967295,0,0
oInvCollPH,528,512,000B3F9F,0,1,1,4294967295,0,0
oInvCollPH,544,512,002DF403,0,1,1,4294967295,0,0
oInvCollPH,528,528,00181FB2,0,1,1,4294967295,0,0
oInvCollPH,512,528,0031F29F,0,1,1,4294967295,0,0
oInvCollPH,912,416,0000A83A,0,1,1,4294967295,0,0
oInvCollPH,896,416,000B6CD2,0,1,1,4294967295,0,0
oInvCollPH,880,416,0010DB54,0,1,1,4294967295,0,0
oInvCollPH,864,416,0024C9C4,0,1,1,4294967295,0,0
oInvCollPH,848,416,00203026,0,1,1,4294967295,0,0
oInvCollPH,832,416,001098B2,0,1,1,4294967295,0,0
oInvCollPH,816,432,00400514,0,1,1,4294967295,0,0
oInvCollPH,816,448,0023EC4A,0,1,1,4294967295,0,0
oInvCollPH,816,464,00269968,0,1,1,4294967295,0,0
oInvCollPH,832,464,00082D1F,0,1,1,4294967295,0,0
oInvCollPH,848,464,0021BD76,0,1,1,4294967295,0,0
oInvCollPH,864,464,002CD653,0,1,1,4294967295,0,0
oInvCollPH,880,464,0038F507,0,1,1,4294967295,0,0
oInvCollPH,896,464,002ED156,0,1,1,4294967295,0,0
oInvCollPH,912,464,0003434E,0,1,1,4294967295,0,0
oInvCollPH,672,512,000AB502,0,1,1,4294967295,0,0
oInvCollPH,688,512,00322627,0,1,1,4294967295,0,0
oInvCollPH,688,528,0026FD20,0,1,1,4294967295,0,0
oInvCollPH,672,528,00030A5D,0,1,1,4294967295,0,0
oInvCollPH,688,288,002877DB,0,1,1,4294967295,0,0
oInvCollPH,688,304,0036EC4C,0,1,1,4294967295,0,0
oInvCollPH,688,320,003A012F,0,1,1,4294967295,0,0
oInvCollPH,688,336,0032AF6D,0,1,1,4294967295,0,0
oInvCollPH,688,352,00364340,0,1,1,4294967295,0,0
oInvCollPH,688,368,001DA9FC,0,1,1,4294967295,0,0
oInvCollPH,704,368,00243F30,0,1,1,4294967295,0,0
oInvCollPH,720,368,00007FBA,0,1,1,4294967295,0,0
oInvCollPH,736,368,0019B95E,0,1,1,4294967295,0,0
oInvCollPH,736,352,0003090D,0,1,1,4294967295,0,0
oInvCollPH,736,336,000385BC,0,1,1,4294967295,0,0
oInvCollPH,736,320,003CB23D,0,1,1,4294967295,0,0
oInvCollPH,736,304,00366F25,0,1,1,4294967295,0,0
oInvCollPH,736,288,00382D6A,0,1,1,4294967295,0,0
oInvCollPH,736,272,00012E1B,0,1,1,4294967295,0,0
oInvCollPH,720,272,000E58E2,0,1,1,4294967295,0,0
oInvCollPH,704,272,0006BEBD,0,1,1,4294967295,0,0
oInvCollPH,48,32,00114F81,0,1,1,4294967295,0,0
oInvCollPH,48,48,001D8CA5,0,1,1,4294967295,0,0
oInvCollPH,48,64,001D3EB0,0,1,1,4294967295,0,0
oInvCollPH,48,80,0039D707,0,1,1,4294967295,0,0
oInvCollPH,48,96,003ED99E,0,1,1,4294967295,0,0
oInvCollPH,48,112,001C55E9,0,1,1,4294967295,0,0
oInvCollPH,48,128,00198D94,0,1,1,4294967295,0,0
oInvCollPH,48,192,0000BC00,0,1,1,4294967295,0,0
oInvCollPH,80,208,002681CF,0,1,1,4294967295,0,0
oInvCollPH,80,240,000D8250,0,1,1,4294967295,0,0
oInvCollPH,64,240,0012C3DE,0,1,1,4294967295,0,0
oInvCollPH,48,256,0018FE34,0,1,1,4294967295,0,0
oInvCollPH,48,272,00165CD8,0,1,1,4294967295,0,0
oInvCollPH,48,288,003C5636,0,1,1,4294967295,0,0
oInvCollPH,48,304,000EC636,0,1,1,4294967295,0,0
oInvCollPH,48,320,001B5CEE,0,1,1,4294967295,0,0
oInvCollPH,48,336,0027CF48,0,1,1,4294967295,0,0
oInvCollPH,48,352,001F1D44,0,1,1,4294967295,0,0
oInvCollPH,48,368,002A9B23,0,1,1,4294967295,0,0
oInvCollPH,48,384,003CADE0,0,1,1,4294967295,0,0
oInvCollPH,48,400,00060C5D,0,1,1,4294967295,0,0
oInvCollPH,48,416,0036FC8A,0,1,1,4294967295,0,0
oInvCollPH,48,432,001A8361,0,1,1,4294967295,0,0
oInvCollPH,48,496,002BDCAE,0,1,1,4294967295,0,0
oInvCollPH,48,512,0017B0E6,0,1,1,4294967295,0,0
oInvCollPH,48,528,0013463C,0,1,1,4294967295,0,0
oInvCollPH,48,544,0032D84A,0,1,1,4294967295,0,0
oInvCollPH,48,560,00159F9A,0,1,1,4294967295,0,0
oInvCollPH,48,576,00160FFF,0,1,1,4294967295,0,0
oInvCollPH,48,592,000BC1E8,0,1,1,4294967295,0,0
oInvCollPH,48,608,002C72D9,0,1,1,4294967295,0,0
oInvCollPH,48,624,001CC326,0,1,1,4294967295,0,0
oInvCollPH,48,640,0036EE1E,0,1,1,4294967295,0,0
oInvCollPH,48,656,000577F6,0,1,1,4294967295,0,0
oInvCollPH,48,672,0030AD96,0,1,1,4294967295,0,0
oInvCollPH,48,688,002C29C8,0,1,1,4294967295,0,0
oInvCollPH,48,704,00124550,0,1,1,4294967295,0,0
oInvCollPH,48,720,00328292,0,1,1,4294967295,0,0
oInvCollPH,32,720,003FA010,0,1,1,4294967295,0,0
oInvCollPH,16,720,00157118,0,1,1,4294967295,0,0
oInvCollPH,0,720,0008639A,0,1,1,4294967295,0,0
oInvCollPH,64,16,0003AB1F,0,1,1,4294967295,0,0
oInvCollPH,80,16,0019FD37,0,1,1,4294967295,0,0
oInvCollPH,96,16,003F8785,0,1,1,4294967295,0,0
oInvCollPH,112,16,0031DA93,0,1,1,4294967295,0,0
oInvCollPH,128,16,001C3299,0,1,1,4294967295,0,0
oInvCollPH,144,16,002619C1,0,1,1,4294967295,0,0
oInvCollPH,160,16,00353344,0,1,1,4294967295,0,0
oInvCollPH,176,16,003C06CF,0,1,1,4294967295,0,0
oInvCollPH,192,16,001AC430,0,1,1,4294967295,0,0
oInvCollPH,208,16,00137E98,0,1,1,4294967295,0,0
oInvCollPH,224,16,003C4B7E,0,1,1,4294967295,0,0
oInvCollPH,240,16,00211C26,0,1,1,4294967295,0,0
oInvCollPH,256,16,002B7092,0,1,1,4294967295,0,0
oInvCollPH,272,16,0019731A,0,1,1,4294967295,0,0
oInvCollPH,288,16,00222442,0,1,1,4294967295,0,0
oInvCollPH,304,16,00390787,0,1,1,4294967295,0,0
oInvCollPH,320,16,0016AC28,0,1,1,4294967295,0,0
oInvCollPH,336,16,003258C8,0,1,1,4294967295,0,0
oInvCollPH,352,16,000582C3,0,1,1,4294967295,0,0
oInvCollPH,368,16,0031A7C9,0,1,1,4294967295,0,0
oInvCollPH,384,16,001D1F3A,0,1,1,4294967295,0,0
oInvCollPH,400,16,000DE2ED,0,1,1,4294967295,0,0
oInvCollPH,416,16,002DD2DD,0,1,1,4294967295,0,0
oInvCollPH,432,16,0010DC76,0,1,1,4294967295,0,0
oInvCollPH,448,16,00377A9C,0,1,1,4294967295,0,0
oInvCollPH,464,16,000179AF,0,1,1,4294967295,0,0
oInvCollPH,480,16,0012C50C,0,1,1,4294967295,0,0
oInvCollPH,496,16,002BFB49,0,1,1,4294967295,0,0
oInvCollPH,512,16,00280642,0,1,1,4294967295,0,0
oInvCollPH,528,16,000A8622,0,1,1,4294967295,0,0
oInvCollPH,544,16,000B31FF,0,1,1,4294967295,0,0
oInvCollPH,560,16,00189C77,0,1,1,4294967295,0,0
oInvCollPH,576,16,000D2F3F,0,1,1,4294967295,0,0
oInvCollPH,592,16,00201DE7,0,1,1,4294967295,0,0
oInvCollPH,608,16,00072163,0,1,1,4294967295,0,0
oInvCollPH,624,16,000E2820,0,1,1,4294967295,0,0
oInvCollPH,640,16,0005173C,0,1,1,4294967295,0,0
oInvCollPH,656,16,001B6BDE,0,1,1,4294967295,0,0
oInvCollPH,672,16,0008493A,0,1,1,4294967295,0,0
oInvCollPH,688,16,000EBA3C,0,1,1,4294967295,0,0
oInvCollPH,704,16,002F212A,0,1,1,4294967295,0,0
oInvCollPH,720,16,00349180,0,1,1,4294967295,0,0
oInvCollPH,736,16,0003AFD5,0,1,1,4294967295,0,0
oInvCollPH,752,16,002447F2,0,1,1,4294967295,0,0
oInvCollPH,768,16,0001F210,0,1,1,4294967295,0,0
oInvCollPH,784,16,000BB6FD,0,1,1,4294967295,0,0
oInvCollPH,800,16,000A1342,0,1,1,4294967295,0,0
oInvCollPH,816,16,00370B9A,0,1,1,4294967295,0,0
oInvCollPH,832,16,0020D450,0,1,1,4294967295,0,0
oInvCollPH,848,16,003B09AA,0,1,1,4294967295,0,0
oInvCollPH,864,16,002A16C1,0,1,1,4294967295,0,0
oInvCollPH,880,16,000ADCC6,0,1,1,4294967295,0,0
oInvCollPH,896,16,00381BF1,0,1,1,4294967295,0,0
oInvCollPH,912,16,000A0E7C,0,1,1,4294967295,0,0
oInvCollPH,928,16,00093EE8,0,1,1,4294967295,0,0
oInvCollPH,944,16,003B749E,0,1,1,4294967295,0,0
oInvCollPH,960,16,00123298,0,1,1,4294967295,0,0
oInvCollPH,976,16,002FE8B5,0,1,1,4294967295,0,0
oInvCollPH,992,16,002D6009,0,1,1,4294967295,0,0
oInvCollPH,1008,16,001E0BF8,0,1,1,4294967295,0,0
oInvCollPH,800,160,003831A0,0,1,1,4294967295,0,0
oInvCollPH,816,160,000BC349,0,1,1,4294967295,0,0
oInvCollPH,832,160,00302BA7,0,1,1,4294967295,0,0
oInvCollPH,848,160,000BB442,0,1,1,4294967295,0,0
oInvCollPH,496,144,0002B0DE,0,1,1,4294967295,0,0
oInvCollPH,512,144,00226AF7,0,1,1,4294967295,0,0
oInvCollPH,528,144,0032EE16,0,1,1,4294967295,0,0
oInvCollPH,640,144,00168193,0,1,1,4294967295,0,0
oInvCollPH,656,144,00199729,0,1,1,4294967295,0,0
oInvCollPH,672,144,0029427A,0,1,1,4294967295,0,0
oInvCollPH,16,176,002B75B6,0,1,1,4294967295,0,0
oInvCollPH,32,176,0009F619,0,1,1,4294967295,0,0
oInvCollPH,48,176,001F981B,0,1,1,4294967295,0,0
oInvCollSM,16,144,0009D70D,0,1,1,4294967295,0,0
oInvCollSM,32,144,003CB4D0,0,1,1,4294967295,0,0
oInvCollSM,48,144,00210823,0,1,1,4294967295,0,0
oInvCollPH,96,208,0029FE2A,0,1,1,4294967295,0,0
oInvCollPH,112,208,000CD34C,0,1,1,4294967295,0,0
oInvCollPH,128,208,0017DF61,0,1,1,4294967295,0,0
oInvCollPH,128,224,002A37D6,0,1,1,4294967295,0,0
oInvCollPH,128,240,00253446,0,1,1,4294967295,0,0
oInvCollPH,112,240,002F53E4,0,1,1,4294967295,0,0
oInvCollPH,96,240,00382A40,0,1,1,4294967295,0,0
oInvCollPH,240,240,00281D43,0,1,1,4294967295,0,0
oInvCollPH,256,240,0020612C,0,1,1,4294967295,0,0
oInvCollPH,272,240,00376160,0,1,1,4294967295,0,0
oInvCollPH,288,240,0012B48A,0,1,1,4294967295,0,0
oInvCollPH,304,240,0006C01F,0,1,1,4294967295,0,0
oInvCollPH,304,256,00056E20,0,1,1,4294967295,0,0
oInvCollPH,304,272,002A2707,0,1,1,4294967295,0,0
oInvCollPH,288,272,00315F93,0,1,1,4294967295,0,0
oInvCollPH,272,272,0012977B,0,1,1,4294967295,0,0
oInvCollPH,256,272,0015B962,0,1,1,4294967295,0,0
oInvCollPH,240,272,002E9E3A,0,1,1,4294967295,0,0
oInvCollPH,224,272,0029EE5D,0,1,1,4294967295,0,0
oInvCollPH,224,256,00328E89,0,1,1,4294967295,0,0
oInvCollPH,48,448,0029B309,0,1,1,4294967295,0,0
oInvCollPH,336,144,0036865F,0,1,1,4294967295,0,0
oInvCollPH,352,144,00018A2A,0,1,1,4294967295,0,0
oInvCollPH,368,144,002E5726,0,1,1,4294967295,0,0
oInvCollPH,512,704,000C0F18,0,1,1,4294967295,0,0
oInvCollPH,528,704,0008592E,0,1,1,4294967295,0,0
oInvCollPH,784,160,0028AD04,0,1,1,4294967295,0,0
oInvCollPH,784,144,0005E46E,0,1,1,4294967295,0,0
oInvCollPH,800,128,0012AA34,0,1,1,4294967295,0,0
oInvCollPH,816,128,003E5716,0,1,1,4294967295,0,0
oInvCollPH,832,128,0037D149,0,1,1,4294967295,0,0
oInvCollPH,848,128,001E8771,0,1,1,4294967295,0,0
oInvCollPH,864,128,0017865D,0,1,1,4294967295,0,0
oInvCollPH,880,128,0033A215,0,1,1,4294967295,0,0
oInvCollPH,896,128,00271B7E,0,1,1,4294967295,0,0
oInvisibleSolid,912,96,00215DAE,0,1,1,4294967295,0,1
oInvisibleSolid,0,800,002D3C3F,0,1,1,4294967295,0,1
oInvisibleSolid,960,256,000428FB,0,1,1,4294967295,0,1
oInvisibleSolid,672,704,002E03D6,0,1,1,4294967295,0,1
oInvisibleSolid,704,720,002F8BCE,0,1,1,4294967295,0,1
oInvisibleSolid,480,688,0028E683,0,1,1,4294967295,0,1
oInvisibleSolid,480,720,003C7904,0,1,1,4294967295,0,1
oInvisibleSolid,592,544,001F7673,0,1,1,4294967295,0,1
oInvisibleSolid,368,624,000D8369,0,1,1,4294967295,0,1
oInvisibleSolid,256,672,000B9669,0,1,1,4294967295,0,1
oInvisibleSolid,64,464,0020CD12,0,1,1,4294967295,0,1
oInvisibleSolid,272,416,000365A7,0,1,1,4294967295,0,1
oInvisibleSolid,176,560,003CC038,0,1,1,4294967295,0,1
oInvisibleSolidMorph,480,768,0008EA1F,0,1,1,4294967295,0,1
oInvisibleSolidMorph,704,768,000C7E21,0,1,1,4294967295,0,1
oInvisibleSolid,512,512,0012BC74,0,1,1,4294967295,0,1
oInvisibleSolid,384,272,0001665E,0,1,1,4294967295,0,1
oInvisibleSolid,816,416,0039D5AA,0,1,1,4294967295,0,1
oInvisibleSolid,688,272,002C32E6,0,1,1,4294967295,0,1
oInvisibleSolid,64,0,002F854C,0,1,1,4294967295,0,1
oInvisibleSolid,0,0,001AC106,0,1,1,4294967295,0,1
oInvisibleSolid,784,128,0032F74B,0,1,1,4294967295,0,1
oInvisibleSolid,480,144,002EBF15,0,1,1,4294967295,0,1
oInvisibleSolid,624,144,00171BFD,0,1,1,4294967295,0,1
oInvisibleSolidMorph,0,144,00066DBA,0,1,1,4294967295,0,1
oInvisibleSolid,0,176,00356BDC,0,1,1,4294967295,0,1
oInvisibleSolid,64,208,0023000A,0,1,1,4294967295,0,1
oInvisibleSolid,224,240,000EB182,0,1,1,4294967295,0,1
oInvisibleSolid,320,144,0027984D,0,1,1,4294967295,0,1
oInvisibleSolid,448,736,00233ABC,0,1,1,4294967295,0,1
oInvisibleSolid,464,688,000F2DEC,0,1,1,4294967295,0,0
oInvisibleSolidMorph,464,704,0014E132,0,1,1,4294967295,0,0
