oPlatRail,416,208,0025191E,0,1,1,4294967295,0,1
oPlatRail,416,288,00321566,0,1,1,4294967295,0,1
oPlatRail,544,288,001624AE,0,1,1,4294967295,0,1
oPlatRail,544,112,0000D83F,0,1,1,4294967295,0,1
oPlatRail,944,112,00094DEF,0,1,1,4294967295,0,1
oPlatRail,944,176,0038F690,0,1,1,4294967295,0,1
oPlatRail,768,176,003E5109,0,1,1,4294967295,0,1
oPlatRail,768,256,00141C0C,0,1,1,4294967295,0,1
oPlatRail,1104,256,0009584A,0,1,1,4294967295,0,1
oPlatRail,1104,352,0022AEF3,0,1,1,4294967295,0,1
oPlatRail,1216,352,000BF367,0,1,1,4294967295,0,1
oPlatRail,1216,112,0028BD88,0,1,1,4294967295,0,1
oPlatRail,1328,112,0019ABDA,0,1,1,4294967295,0,1
oPlatRail,1328,288,0015980C,0,1,1,4294967295,0,1
oPlatRail,1424,288,000CEF97,0,1,1,4294967295,0,1
oPlatRail,1424,144,0038DE05,0,1,1,4294967295,0,1
oPlatRail,1616,144,0023F312,0,1,1,4294967295,0,1
oPlatRail,1616,256,003596AA,0,1,1,4294967295,0,1
oPlatRail,1552,256,00024B42,0,1,1,4294967295,0,1
oPlatRail,1552,208,0003BCBC,0,1,1,4294967295,0,1
oPlatRail,1488,208,00331B4A,0,1,1,4294967295,0,1
oPlatRail,1488,336,002ADAB5,0,1,1,4294967295,0,1
oPlatRail,1744,336,0021F7C2,0,1,1,4294967295,0,1
oPlatRail,1744,176,001CD424,0,1,1,4294967295,0,1
oPlatRail,2096,176,0034B9F6,0,1,1,4294967295,0,1
oPlatRail,2096,240,001747DF,0,1,1,4294967295,0,1
oPlatRail,2176,240,001E5645,0,1,1,4294967295,0,1
oPlatRail,2176,176,003BD214,0,1,1,4294967295,0,1
oPlatRail,2272,176,000E44C3,0,1,1,4294967295,0,1
oPlatRail,2272,240,001ACC66,0,1,1,4294967295,0,1
oPlatRail,2368,240,0004BF50,0,1,1,4294967295,0,1
oPlatRail,2368,176,003ED596,0,1,1,4294967295,0,1
oPlatRail,256,208,0038599B,0,1,1,4294967295,0,1
oPlatRail,2496,176,003D9AA3,0,1,1,4294967295,0,1
oExit,0,288,003D8508,0,1,1,4294967295,0,1
oExit,2944,320,0017E664,0,1,1,4294967295,0,1
oRailChainDevice,312,216,0021E2B5,0,1,1,4294967295,0,1
oMovingTrap,848,80,00077638,0,1,1,4294967295,0,1
oMovingTrap,1168,288,0004933A,0,1,1,4294967295,0,1
oMovingTrap,1296,240,00399C2D,0,1,1,4294967295,0,1
oMovingTrap,1600,368,00208883,0,1,1,4294967295,0,1
oStaticSpike,1872,176,001A6FBB,0,1,1,4294967295,0,0
oStaticSpike,1872,192,00288008,0,1,1,4294967295,0,0
oStaticSpike,1872,208,0020D327,0,1,1,4294967295,0,0
oStaticSpike,1872,224,002D4A73,0,1,1,4294967295,0,0
oStaticSpike,1968,96,000AC1D8,0,1,1,4294967295,0,0
oStaticSpike,1968,112,003919C7,0,1,1,4294967295,0,0
oStaticSpike,1968,128,001F4FCB,0,1,1,4294967295,0,0
oStaticSpike,1968,144,001FA5BB,0,1,1,4294967295,0,0
oStaticSpike,1968,160,0001FAD6,0,1,1,4294967295,0,0
oStaticSpike,1872,240,00347A03,0,1,1,4294967295,0,0
oStaticSpike,1728,96,000795B5,0,1,1,4294967295,0,0
oStaticSpike,1744,96,001223A6,0,1,1,4294967295,0,0
oStaticSpike,1760,96,0024A9FA,0,1,1,4294967295,0,0
oStaticSpike,2136,200,00222599,0,1,1,4294967295,0,0
oStaticSpike,2224,112,0006B189,0,1,1,4294967295,0,0
oStaticSpike,2224,96,003A6000,0,1,1,4294967295,0,0
oStaticSpike,2320,304,0016D4BF,0,1,1,4294967295,0,0
oStaticSpike,2528,128,00281F3A,0,1,1,4294967295,0,0
oStaticSpike,2528,112,0038A7FF,0,1,1,4294967295,0,0
oStaticSpike,2528,96,002CBA15,0,1,1,4294967295,0,0
oStaticSpike,2528,80,001FCB4C,0,1,1,4294967295,0,0
oStaticSpike,2528,64,003350B6,0,1,1,4294967295,0,0
oStaticSpike,2528,48,001FD47D,0,1,1,4294967295,0,0
oStaticSpike,2528,32,0011807A,0,1,1,4294967295,0,0
oMarioChainBall,720,120,003839A3,0,1,1,4294967295,0,1
oMarioChainBall,904,184,003F7637,0,1,1,4294967295,0,1
oMarioChainBall,552,248,0038B26F,0,1,1,4294967295,0,1
oMarioChainBall,1168,360,001A79A7,0,1,1,4294967295,0,1
oMarioChainBall,1224,184,0024F487,0,1,1,4294967295,0,1
oMarioChainBall,1488,80,00184324,0,1,1,4294967295,0,1
oMarioChainBall,2232,216,002AEFFC,0,1,1,4294967295,0,1
oMarioChainBall,2232,216,001DE64F,0,1,1,4294967295,0,1
oMarioChainBall,2232,216,000CDFA6,0,1,1,4294967295,0,1
oPlayer1,48,320,00005757,0,1,1,4294967295,0,0
oInvCollPH,64,48,00362BCE,0,1,1,4294967295,0,0
oInvCollPH,80,48,00073DD0,0,1,1,4294967295,0,0
oInvCollPH,48,64,0036C17C,0,1,1,4294967295,0,0
oInvCollPH,48,80,003B18C5,0,1,1,4294967295,0,0
oInvCollPH,48,96,003842FF,0,1,1,4294967295,0,0
oInvCollPH,48,112,00332A25,0,1,1,4294967295,0,0
oInvCollPH,48,128,0026F211,0,1,1,4294967295,0,0
oInvCollPH,48,144,001C30C9,0,1,1,4294967295,0,0
oInvCollPH,48,160,0021AB57,0,1,1,4294967295,0,0
oInvCollPH,48,176,0035F682,0,1,1,4294967295,0,0
oInvCollPH,48,192,002151BD,0,1,1,4294967295,0,0
oInvCollPH,48,208,003B9837,0,1,1,4294967295,0,0
oInvCollPH,48,224,00372AB2,0,1,1,4294967295,0,0
oInvCollPH,48,240,001199A7,0,1,1,4294967295,0,0
oInvCollPH,32,240,00013A6C,0,1,1,4294967295,0,0
oInvCollPH,16,240,002B0E0E,0,1,1,4294967295,0,0
oInvCollPH,0,240,002EEC8C,0,1,1,4294967295,0,0
oInvCollPH,16,320,000FA6C0,0,1,1,4294967295,0,0
oInvCollPH,32,320,00012EFA,0,1,1,4294967295,0,0
oInvCollPH,48,320,003A1F0E,0,1,1,4294967295,0,0
oInvCollPH,64,320,0020AB80,0,1,1,4294967295,0,0
oInvCollPH,80,320,001026D8,0,1,1,4294967295,0,0
oInvCollPH,96,320,00042A75,0,1,1,4294967295,0,0
oInvCollPH,112,320,001320C4,0,1,1,4294967295,0,0
oInvCollPH,128,320,0039FFD8,0,1,1,4294967295,0,0
oInvCollPH,144,320,001D6CB0,0,1,1,4294967295,0,0
oInvCollPH,144,336,003239C3,0,1,1,4294967295,0,0
oInvCollPH,144,352,00346D41,0,1,1,4294967295,0,0
oInvCollPH,144,368,00319283,0,1,1,4294967295,0,0
oInvCollPH,144,384,00103393,0,1,1,4294967295,0,0
oInvCollPH,144,400,0015F902,0,1,1,4294967295,0,0
oInvCollPH,80,32,00210249,0,1,1,4294967295,0,0
oInvCollPH,96,16,00120409,0,1,1,4294967295,0,0
oInvCollPH,112,16,002A4603,0,1,1,4294967295,0,0
oInvCollPH,128,16,002CB602,0,1,1,4294967295,0,0
oInvCollPH,144,16,0012444D,0,1,1,4294967295,0,0
oInvCollPH,160,16,002C6F49,0,1,1,4294967295,0,0
oInvCollPH,176,16,0029433B,0,1,1,4294967295,0,0
oInvCollPH,192,16,000C990A,0,1,1,4294967295,0,0
oInvCollPH,208,16,00162668,0,1,1,4294967295,0,0
oInvCollPH,224,16,00067389,0,1,1,4294967295,0,0
oInvCollPH,240,16,00336847,0,1,1,4294967295,0,0
oInvCollPH,256,16,001BCE08,0,1,1,4294967295,0,0
oInvCollPH,272,16,000C7087,0,1,1,4294967295,0,0
oInvCollPH,288,16,0034A3C8,0,1,1,4294967295,0,0
oInvCollPH,304,16,001ED4EB,0,1,1,4294967295,0,0
oInvCollPH,320,16,003711FA,0,1,1,4294967295,0,0
oInvCollPH,336,16,00188BC6,0,1,1,4294967295,0,0
oInvCollPH,352,16,0034B2CE,0,1,1,4294967295,0,0
oInvCollPH,368,16,0018FC5D,0,1,1,4294967295,0,0
oInvCollPH,384,16,003E1F87,0,1,1,4294967295,0,0
oInvCollPH,400,16,003DE122,0,1,1,4294967295,0,0
oInvCollPH,416,16,003C1221,0,1,1,4294967295,0,0
oInvCollPH,432,16,0011056A,0,1,1,4294967295,0,0
oInvCollPH,448,16,0006C392,0,1,1,4294967295,0,0
oInvCollPH,464,16,002B4DDD,0,1,1,4294967295,0,0
oInvCollPH,480,16,002D3386,0,1,1,4294967295,0,0
oInvCollPH,496,16,00346C74,0,1,1,4294967295,0,0
oInvCollPH,512,16,002630C1,0,1,1,4294967295,0,0
oInvCollPH,528,16,00327654,0,1,1,4294967295,0,0
oInvCollPH,544,16,00235FF5,0,1,1,4294967295,0,0
oInvCollPH,560,16,0012342E,0,1,1,4294967295,0,0
oInvCollPH,576,16,003FDF77,0,1,1,4294967295,0,0
oInvCollPH,592,16,0026522D,0,1,1,4294967295,0,0
oInvCollPH,608,16,000D5187,0,1,1,4294967295,0,0
oInvCollPH,2800,352,000FBC6F,0,1,1,4294967295,0,0
oInvCollPH,2816,352,00347DB4,0,1,1,4294967295,0,0
oInvCollPH,2832,352,00239274,0,1,1,4294967295,0,0
oInvCollPH,2848,352,00209B35,0,1,1,4294967295,0,0
oInvCollPH,2784,288,00047A03,0,1,1,4294967295,0,0
oInvCollPH,2784,304,00133A41,0,1,1,4294967295,0,0
oInvCollPH,2784,320,000D4272,0,1,1,4294967295,0,0
oInvCollPH,2784,336,003B9CEF,0,1,1,4294967295,0,0
oInvCollPH,2864,352,003E64C2,0,1,1,4294967295,0,0
oInvCollPH,2880,352,000B9578,0,1,1,4294967295,0,0
oInvCollPH,2896,352,001E25EA,0,1,1,4294967295,0,0
oInvCollPH,2912,352,002FA862,0,1,1,4294967295,0,0
oInvCollPH,2928,352,002752FF,0,1,1,4294967295,0,0
oInvCollPH,2944,352,0025C6BE,0,1,1,4294967295,0,0
oInvCollPH,2832,144,001007A7,0,1,1,4294967295,0,0
oInvCollPH,2848,128,00019E50,0,1,1,4294967295,0,0
oInvCollPH,2864,112,0011B28A,0,1,1,4294967295,0,0
oInvCollPH,2864,96,000C9439,0,1,1,4294967295,0,0
oInvCollPH,2864,80,003D6D3A,0,1,1,4294967295,0,0
oInvCollPH,2864,64,001181EF,0,1,1,4294967295,0,0
oInvCollPH,2864,48,00111F47,0,1,1,4294967295,0,0
oInvCollPH,2864,32,0037100A,0,1,1,4294967295,0,0
oInvCollPH,2832,160,003300A6,0,1,1,4294967295,0,0
oInvCollPH,2832,176,00224831,0,1,1,4294967295,0,0
oInvCollPH,2864,192,000D5A6A,0,1,1,4294967295,0,0
oInvCollPH,2864,208,000C0DC3,0,1,1,4294967295,0,0
oInvCollPH,2864,224,00027801,0,1,1,4294967295,0,0
oInvCollPH,2864,240,0037E0EC,0,1,1,4294967295,0,0
oInvCollPH,2864,256,000F6213,0,1,1,4294967295,0,0
oInvCollPH,2864,272,00055C25,0,1,1,4294967295,0,0
oInvCollPH,2880,272,0006C051,0,1,1,4294967295,0,0
oInvCollPH,2896,272,002840AD,0,1,1,4294967295,0,0
oInvCollPH,2912,272,00253DC6,0,1,1,4294967295,0,0
oInvCollPH,2928,272,002FCF32,0,1,1,4294967295,0,0
oInvCollPH,2944,272,0007C38A,0,1,1,4294967295,0,0
oInvCollPH,2848,16,0035F82B,0,1,1,4294967295,0,0
oInvCollPH,2832,16,00096C65,0,1,1,4294967295,0,0
oInvCollPH,2816,16,000DF506,0,1,1,4294967295,0,0
oInvCollPH,2800,16,0016A2D4,0,1,1,4294967295,0,0
oInvCollPH,2784,16,002DD093,0,1,1,4294967295,0,0
oInvCollPH,2768,16,0003F5BC,0,1,1,4294967295,0,0
oInvCollPH,2752,16,0018454E,0,1,1,4294967295,0,0
oInvCollPH,2736,16,0011BB4C,0,1,1,4294967295,0,0
oInvCollPH,2720,16,003A82A6,0,1,1,4294967295,0,0
oInvCollPH,2704,16,00339599,0,1,1,4294967295,0,0
oInvCollPH,2688,16,00090DF2,0,1,1,4294967295,0,0
oInvCollPH,2672,16,0036678C,0,1,1,4294967295,0,0
oInvCollPH,2656,16,00358E5F,0,1,1,4294967295,0,0
oInvCollPH,2640,16,000DEAC3,0,1,1,4294967295,0,0
oInvCollPH,2624,16,001C8C3A,0,1,1,4294967295,0,0
oInvCollPH,2608,16,00131E46,0,1,1,4294967295,0,0
oInvCollPH,2592,16,00370B54,0,1,1,4294967295,0,0
oInvCollPH,2576,16,003C9D47,0,1,1,4294967295,0,0
oInvCollPH,2560,16,000F577C,0,1,1,4294967295,0,0
oInvCollPH,2640,192,00127877,0,1,1,4294967295,0,0
oInvCollPH,2656,192,003B4386,0,1,1,4294967295,0,0
oInvCollPH,2672,192,00002BED,0,1,1,4294967295,0,0
oInvCollPH,2688,192,003D27E8,0,1,1,4294967295,0,0
oInvCollPH,2704,192,002D6861,0,1,1,4294967295,0,0
oInvCollPH,2720,192,000DD667,0,1,1,4294967295,0,0
oInvCollPH,2736,192,000418DE,0,1,1,4294967295,0,0
oInvCollPH,2752,192,001030DC,0,1,1,4294967295,0,0
oInvCollPH,2752,208,00131405,0,1,1,4294967295,0,0
oInvCollPH,2752,224,000AD77E,0,1,1,4294967295,0,0
oInvCollPH,2752,240,00297DD6,0,1,1,4294967295,0,0
oInvCollPH,2752,256,00118437,0,1,1,4294967295,0,0
oInvCollPH,2752,272,0009A299,0,1,1,4294967295,0,0
oInvCollPH,2624,208,003EB5D2,0,1,1,4294967295,0,0
oInvCollPH,2624,224,001ED03B,0,1,1,4294967295,0,0
oInvCollPH,2624,240,003CDB7B,0,1,1,4294967295,0,0
oInvCollPH,2624,256,000595CB,0,1,1,4294967295,0,0
oInvCollPH,2624,272,0016F92A,0,1,1,4294967295,0,0
oInvCollPH,2624,288,002535E2,0,1,1,4294967295,0,0
oInvCollPH,2624,304,00186C9D,0,1,1,4294967295,0,0
oInvCollPH,2624,320,0036830F,0,1,1,4294967295,0,0
oInvCollPH,2624,336,002E8234,0,1,1,4294967295,0,0
oInvCollPH,2624,352,0008C299,0,1,1,4294967295,0,0
oInvCollPH,2624,368,001B4A75,0,1,1,4294967295,0,0
oInvCollPH,2624,384,001ECBEF,0,1,1,4294967295,0,0
oInvCollPH,2624,400,00216AC7,0,1,1,4294967295,0,0
oInvCollPH,2544,16,0014F4CD,0,1,1,4294967295,0,0
oInvCollPH,2528,16,001B8562,0,1,1,4294967295,0,0
oInvCollPH,2512,16,00364DDD,0,1,1,4294967295,0,0
oInvCollPH,2496,16,001D2863,0,1,1,4294967295,0,0
oInvCollPH,2480,16,00169D73,0,1,1,4294967295,0,0
oInvCollPH,2464,16,0020034E,0,1,1,4294967295,0,0
oInvCollPH,2448,16,002B60DB,0,1,1,4294967295,0,0
oInvCollPH,2432,16,00392081,0,1,1,4294967295,0,0
oInvCollPH,2416,16,00173BFD,0,1,1,4294967295,0,0
oInvCollPH,2400,16,003101B1,0,1,1,4294967295,0,0
oInvCollPH,2384,16,0013BE86,0,1,1,4294967295,0,0
oInvCollPH,2368,16,003038FE,0,1,1,4294967295,0,0
oInvCollPH,2352,16,003A328E,0,1,1,4294967295,0,0
oInvCollPH,2336,16,00169382,0,1,1,4294967295,0,0
oInvCollPH,2320,16,0001EE3A,0,1,1,4294967295,0,0
oInvCollPH,2304,16,001B16D5,0,1,1,4294967295,0,0
oInvCollPH,2288,16,00173853,0,1,1,4294967295,0,0
oInvCollPH,2272,16,000D41AB,0,1,1,4294967295,0,0
oInvCollPH,2256,16,00249B08,0,1,1,4294967295,0,0
oInvCollPH,2240,16,0017BA8A,0,1,1,4294967295,0,0
oInvCollPH,2224,16,0040071B,0,1,1,4294967295,0,0
oInvCollPH,2208,16,00051ADC,0,1,1,4294967295,0,0
oInvCollPH,2192,16,00215E70,0,1,1,4294967295,0,0
oInvCollPH,2176,16,001EDFA3,0,1,1,4294967295,0,0
oInvCollPH,2160,16,0025CDBC,0,1,1,4294967295,0,0
oInvCollPH,2144,16,00152B4F,0,1,1,4294967295,0,0
oInvCollPH,2128,16,0030D033,0,1,1,4294967295,0,0
oInvCollPH,2112,16,00162FEE,0,1,1,4294967295,0,0
oInvCollPH,624,16,003221E0,0,1,1,4294967295,0,0
oInvCollPH,640,16,001814F0,0,1,1,4294967295,0,0
oInvCollPH,656,16,000A756E,0,1,1,4294967295,0,0
oInvCollPH,672,16,003E6D64,0,1,1,4294967295,0,0
oInvCollPH,688,16,0025998A,0,1,1,4294967295,0,0
oInvCollPH,704,16,003AC580,0,1,1,4294967295,0,0
oInvCollPH,720,16,000878F4,0,1,1,4294967295,0,0
oInvCollPH,736,16,002A89B3,0,1,1,4294967295,0,0
oInvCollPH,752,16,002E3C9B,0,1,1,4294967295,0,0
oInvCollPH,768,16,001197AA,0,1,1,4294967295,0,0
oInvCollPH,784,16,00315B98,0,1,1,4294967295,0,0
oInvCollPH,800,16,0002DDB9,0,1,1,4294967295,0,0
oInvCollPH,816,16,002BBE68,0,1,1,4294967295,0,0
oInvCollPH,832,16,001F3DF6,0,1,1,4294967295,0,0
oInvCollPH,848,16,002DFC12,0,1,1,4294967295,0,0
oInvCollPH,864,16,001F16AE,0,1,1,4294967295,0,0
oInvCollPH,880,16,002FE7F1,0,1,1,4294967295,0,0
oInvCollPH,896,16,003E4477,0,1,1,4294967295,0,0
oInvCollPH,912,16,003F0BBA,0,1,1,4294967295,0,0
oInvCollPH,928,16,00171A78,0,1,1,4294967295,0,0
oInvCollPH,944,16,0013CBC9,0,1,1,4294967295,0,0
oInvCollPH,960,16,003A126C,0,1,1,4294967295,0,0
oInvCollPH,976,16,00117369,0,1,1,4294967295,0,0
oInvCollPH,992,16,003D2C62,0,1,1,4294967295,0,0
oInvCollPH,1008,16,000EE99F,0,1,1,4294967295,0,0
oInvCollPH,1024,16,002BB8BF,0,1,1,4294967295,0,0
oInvCollPH,1040,16,0029EBF6,0,1,1,4294967295,0,0
oInvCollPH,1056,16,003A6FAE,0,1,1,4294967295,0,0
oInvCollPH,1072,16,0008B6AF,0,1,1,4294967295,0,0
oInvCollPH,1088,16,0000E206,0,1,1,4294967295,0,0
oInvCollPH,1104,16,00245CE3,0,1,1,4294967295,0,0
oInvCollPH,1120,16,0022BA29,0,1,1,4294967295,0,0
oInvCollPH,1136,16,00326441,0,1,1,4294967295,0,0
oInvCollPH,1152,16,00261763,0,1,1,4294967295,0,0
oInvCollPH,1168,16,002116AC,0,1,1,4294967295,0,0
oInvCollPH,1184,16,001A5E94,0,1,1,4294967295,0,0
oInvCollPH,1200,16,0000A636,0,1,1,4294967295,0,0
oInvCollPH,1216,16,0017BE37,0,1,1,4294967295,0,0
oInvCollPH,1232,16,003D2E85,0,1,1,4294967295,0,0
oInvCollPH,1248,16,003ED198,0,1,1,4294967295,0,0
oInvCollPH,1264,16,0035B433,0,1,1,4294967295,0,0
oInvCollPH,1280,16,0036C9DA,0,1,1,4294967295,0,0
oInvCollPH,1296,16,000B2A67,0,1,1,4294967295,0,0
oInvCollPH,1312,16,00105119,0,1,1,4294967295,0,0
oInvCollPH,1328,16,002DD176,0,1,1,4294967295,0,0
oInvCollPH,1344,16,000075BB,0,1,1,4294967295,0,0
oInvCollPH,1360,16,00113E61,0,1,1,4294967295,0,0
oInvCollPH,1376,16,002EB348,0,1,1,4294967295,0,0
oInvCollPH,1392,16,00040BD8,0,1,1,4294967295,0,0
oInvCollPH,1408,16,00286487,0,1,1,4294967295,0,0
oInvCollPH,1424,16,001A4EED,0,1,1,4294967295,0,0
oInvCollPH,1440,16,00013848,0,1,1,4294967295,0,0
oInvCollPH,1456,16,0021E983,0,1,1,4294967295,0,0
oInvCollPH,1472,16,0012A6BF,0,1,1,4294967295,0,0
oInvCollPH,1488,16,000308A7,0,1,1,4294967295,0,0
oInvCollPH,1504,16,00021879,0,1,1,4294967295,0,0
oInvCollPH,1520,16,00272B6B,0,1,1,4294967295,0,0
oInvCollPH,1536,16,000F1EF0,0,1,1,4294967295,0,0
oInvCollPH,1552,16,0032EA4E,0,1,1,4294967295,0,0
oInvCollPH,1568,16,002348CE,0,1,1,4294967295,0,0
oInvCollPH,1584,16,0027FB27,0,1,1,4294967295,0,0
oInvCollPH,1600,16,0034319B,0,1,1,4294967295,0,0
oInvCollPH,1616,16,00024E8F,0,1,1,4294967295,0,0
oInvCollPH,1632,16,0021F6F1,0,1,1,4294967295,0,0
oInvCollPH,1648,16,00147955,0,1,1,4294967295,0,0
oInvCollPH,1664,16,00274365,0,1,1,4294967295,0,0
oInvCollPH,1680,16,0025E9FF,0,1,1,4294967295,0,0
oInvCollPH,1696,16,000F7651,0,1,1,4294967295,0,0
oInvCollPH,1712,16,00175E18,0,1,1,4294967295,0,0
oInvCollPH,1728,16,0001F9D9,0,1,1,4294967295,0,0
oInvCollPH,1744,16,001A06BB,0,1,1,4294967295,0,0
oInvCollPH,1760,16,002682F9,0,1,1,4294967295,0,0
oInvCollPH,1776,16,00069F1A,0,1,1,4294967295,0,0
oInvCollPH,1792,16,00073ABD,0,1,1,4294967295,0,0
oInvCollPH,1808,16,003FC306,0,1,1,4294967295,0,0
oInvCollPH,1824,16,002DAD41,0,1,1,4294967295,0,0
oInvCollPH,1840,16,003DDC51,0,1,1,4294967295,0,0
oInvCollPH,1856,16,0001874C,0,1,1,4294967295,0,0
oInvCollPH,1872,16,00093D14,0,1,1,4294967295,0,0
oInvCollPH,1888,16,0003BA43,0,1,1,4294967295,0,0
oInvCollPH,1904,16,00038A88,0,1,1,4294967295,0,0
oInvCollPH,1920,16,001E6B36,0,1,1,4294967295,0,0
oInvCollPH,1936,16,0010C110,0,1,1,4294967295,0,0
oInvCollPH,1952,16,003CB575,0,1,1,4294967295,0,0
oInvCollPH,1968,16,00343236,0,1,1,4294967295,0,0
oInvCollPH,1984,16,00003A2F,0,1,1,4294967295,0,0
oInvCollPH,2000,16,001FE904,0,1,1,4294967295,0,0
oInvCollPH,2016,16,0024D53E,0,1,1,4294967295,0,0
oInvCollPH,2032,16,003CC7D3,0,1,1,4294967295,0,0
oInvCollPH,2048,16,0029DD0D,0,1,1,4294967295,0,0
oInvCollPH,2064,16,00079D42,0,1,1,4294967295,0,0
oInvCollPH,2080,16,000117EF,0,1,1,4294967295,0,0
oInvCollPH,2096,16,003B2007,0,1,1,4294967295,0,0
oInvCollPH,2848,176,002E2E99,0,1,1,4294967295,0,0
oInvisibleSolid,64,0,0023E0DE,0,1,1,4294967295,0,1
oInvisibleSolid,0,0,0016CAAF,0,1,1,4294967295,0,1
oInvisibleSolid,0,320,0019EE50,0,1,1,4294967295,0,1
oInvisibleSolid,2864,0,0027C0B1,0,1,1,4294967295,0,1
oInvisibleSolid,2624,192,003F2949,0,1,1,4294967295,0,1
oInvisibleSolid,2768,288,002B3DCE,0,1,1,4294967295,0,1
oInvisibleSolid,2768,352,0035FEFC,0,1,1,4294967295,0,1
oInvisibleSolid,2832,128,00174829,0,1,1,4294967295,0,1
oInvisibleSolid,64,32,000A4E73,0,1,1,4294967295,0,1
oMapDoor,2840,96,00088239,0,1,1,4294967295,0,1
