oExit,0,448,00341CD7,0,1,1,4294967295,0,1
oLevelDecal,800,432,003A22F7,0,1,1,4294967295,0,1
oLevelDecal,752,464,000E4737,0,1,1,4294967295,0,1
oLevelDecal,848,464,001ED032,0,1,1,4294967295,0,1
oABubblePile,192,464,001E842F,0,1,1,4294967295,0,0
oExit,696,144,0004D330,0,1,1,4294967295,0,1
oExit,792,480,003565FB,0,1,1,4294967295,0,1
oExit,1392,272,0034538E,0,1,1,4294967295,0,1
oWaterSwitch,800,384,000B923F,0,1,1,4294967295,0,1
oMovingPlatform,448,448,00284E81,0,1,1,4294967295,0,1
oMovingPlatform,1104,208,000333B6,0,1,1,4294967295,0,1
oWaterFloatPlatform,1056,368,00375261,0,1,1,4294967295,0,0
oAirUpgrade,928,160,001C9943,0,1,1,4294967295,0,1
oZeldaBreakPot,1248,656,001FAE11,0,1,1,4294967295,0,0
oZeldaBreakPot,1264,656,003FEE95,0,1,1,4294967295,0,0
oLargeJumper,100,456,000D7592,0,1,1,4294967295,0,0
oLargeJumper,1284,472,0002BCAB,0,1,1,4294967295,0,0
oAquaticDemon,352,608,00199AD7,0,1,1,4294967295,0,0
oAquaticDemon,624,416,00162D41,0,1,1,4294967295,0,1
oAquaticDemon,496,192,0010E504,0,1,1,4294967295,0,0
oAquaticDemon,1088,464,00302880,0,1,1,4294967295,0,0
oGreenSlime,912,176,0032E071,0,1,1,4294967295,0,0
oGreenSlime,960,176,003B8FC3,0,1,1,4294967295,0,0
oMyu,1296,672,00352A37,0,1,1,4294967295,0,0
oPlayer1,48,480,00402FA0,0,1,1,4294967295,0,0
oSpikeZone,240,192,001B91C5,0,1,1,4294967295,0,0
oSpikeZone,288,192,00192B58,0,1,1,4294967295,0,0
oSpikeZone,352,160,001A98EE,0,1,1,4294967295,0,0
oSpikeZone,352,208,00260F60,0,1,1,4294967295,0,0
oSpikeZone,400,160,000BCAD6,0,1,1,4294967295,0,0
oSpikeZone,400,208,002D6A67,0,1,1,4294967295,0,0
oSpikeZone,240,208,002FAAB1,0,1,1,4294967295,0,0
oSpikeZone,288,208,000D3647,0,1,1,4294967295,0,0
oSpikeZone,464,192,000B23AA,0,1,1,4294967295,0,0
oSpikeZone,464,208,00214B16,0,1,1,4294967295,0,0
oSpikeZone,512,192,0016CE13,0,1,1,4294967295,0,0
oSpikeZone,512,208,0011DF90,0,1,1,4294967295,0,0
oSpikeZone,1040,176,002CB84B,0,1,1,4294967295,0,0
oSpikeZone,1040,288,0024904E,0,1,1,4294967295,0,0
oSpikeZone,1168,288,000018F7,0,1,1,4294967295,0,0
oSpikeZone,1168,176,001DDFD2,0,1,1,4294967295,0,0
oSpikeZone,1168,448,001682DF,0,1,1,4294967295,0,0
oSpikeZone,1184,672,000E916E,0,1,1,4294967295,0,0
oSpikeZone,1168,560,00079E3F,0,1,1,4294967295,0,0
oSpikeZone,1184,688,002CBFF0,0,1,1,4294967295,0,0
oSpikeZone,1040,448,00119640,0,1,1,4294967295,0,0
oSpikeZone,1040,688,00163E83,0,1,1,4294967295,0,0
oSpikeZone,1168,480,00256EF6,0,1,1,4294967295,0,0
oSpikeZone,1168,512,0007D05C,0,1,1,4294967295,0,0
oSpikeZone,1040,496,0033091D,0,1,1,4294967295,0,0
oSpikeZone,1040,544,000E8D28,0,1,1,4294967295,0,0
oSpikeZone,1040,592,003C0D6B,0,1,1,4294967295,0,0
oSpikeZone,1040,640,001B057B,0,1,1,4294967295,0,0
oSpikeZone,1040,240,003B7CC6,0,1,1,4294967295,0,0
oSpikeZone,1040,208,0031B22E,0,1,1,4294967295,0,0
oSpikeZone,1168,208,002831C8,0,1,1,4294967295,0,0
oSpikeZone,1168,240,000DE630,0,1,1,4294967295,0,0
oWaterVolume,0,368,00182811,0,1,1,4294967295,0,1
oInvCollPH,16,480,000E5626,0,1,1,4294967295,0,0
oInvCollPH,32,480,00051941,0,1,1,4294967295,0,0
oInvCollPH,48,480,00252538,0,1,1,4294967295,0,0
oInvCollPH,64,480,003F89C0,0,1,1,4294967295,0,0
oInvCollPH,80,480,0002B32B,0,1,1,4294967295,0,0
oInvCollPH,96,480,0027D3D6,0,1,1,4294967295,0,0
oInvCollPH,112,480,003614A9,0,1,1,4294967295,0,0
oInvCollPH,112,64,0032D8D9,0,1,1,4294967295,0,0
oInvCollPH,112,80,0036F826,0,1,1,4294967295,0,0
oInvCollPH,112,96,0023CEE4,0,1,1,4294967295,0,0
oInvCollPH,112,112,000F49A5,0,1,1,4294967295,0,0
oInvCollPH,112,128,0004A349,0,1,1,4294967295,0,0
oInvCollPH,96,128,0021558B,0,1,1,4294967295,0,0
oInvCollPH,80,128,003F67A9,0,1,1,4294967295,0,0
oInvCollPH,64,128,0003F6C4,0,1,1,4294967295,0,0
oInvCollPH,144,288,000A3136,0,1,1,4294967295,0,0
oInvCollPH,160,288,002C7B8F,0,1,1,4294967295,0,0
oInvCollPH,176,288,000595B1,0,1,1,4294967295,0,0
oInvCollPH,128,304,00174DF5,0,1,1,4294967295,0,0
oInvCollPH,144,304,0034558F,0,1,1,4294967295,0,0
oInvCollPH,160,304,00218C47,0,1,1,4294967295,0,0
oInvCollPH,176,304,003EB0CE,0,1,1,4294967295,0,0
oInvCollPH,256,208,00197FD6,0,1,1,4294967295,0,0
oInvCollPH,272,192,001BD6E0,0,1,1,4294967295,0,0
oInvCollPH,272,208,0012E889,0,1,1,4294967295,0,0
oInvCollPH,368,176,001A2A1B,0,1,1,4294967295,0,0
oInvCollPH,368,192,0014A426,0,1,1,4294967295,0,0
oInvCollPH,368,208,001CD663,0,1,1,4294967295,0,0
oInvCollPH,384,208,000AAC03,0,1,1,4294967295,0,0
oInvCollPH,384,192,00382230,0,1,1,4294967295,0,0
oInvCollPH,384,176,0037A144,0,1,1,4294967295,0,0
oInvCollPH,384,160,002879D2,0,1,1,4294967295,0,0
oInvCollPH,480,208,0015A06D,0,1,1,4294967295,0,0
oInvCollPH,496,208,003933FD,0,1,1,4294967295,0,0
oInvCollPH,496,192,003E1185,0,1,1,4294967295,0,0
oInvCollPH,208,224,000C05B5,0,1,1,4294967295,0,0
oInvCollPH,192,240,0010FC85,0,1,1,4294967295,0,0
oInvCollPH,192,256,0021D41C,0,1,1,4294967295,0,0
oInvCollPH,192,272,00262D1E,0,1,1,4294967295,0,0
oInvCollPH,192,304,003755B6,0,1,1,4294967295,0,0
oInvCollPH,208,304,00330364,0,1,1,4294967295,0,0
oInvCollPH,224,304,001E30C6,0,1,1,4294967295,0,0
oInvCollPH,240,304,00115608,0,1,1,4294967295,0,0
oInvCollPH,256,304,001A7504,0,1,1,4294967295,0,0
oInvCollPH,272,304,001306F3,0,1,1,4294967295,0,0
oInvCollPH,288,304,000B2007,0,1,1,4294967295,0,0
oInvCollPH,304,304,003F51B1,0,1,1,4294967295,0,0
oInvCollPH,320,304,000BF7B9,0,1,1,4294967295,0,0
oInvCollPH,336,304,000C1A7B,0,1,1,4294967295,0,0
oInvCollPH,352,304,0038BBC6,0,1,1,4294967295,0,0
oInvCollPH,368,304,00221089,0,1,1,4294967295,0,0
oInvCollPH,224,224,002BC7C8,0,1,1,4294967295,0,0
oInvCollPH,240,224,001C074C,0,1,1,4294967295,0,0
oInvCollPH,288,224,00260B12,0,1,1,4294967295,0,0
oInvCollPH,304,224,001CFFE1,0,1,1,4294967295,0,0
oInvCollPH,320,224,0011A516,0,1,1,4294967295,0,0
oInvCollPH,336,224,0039F45F,0,1,1,4294967295,0,0
oInvCollPH,352,224,000E1FFD,0,1,1,4294967295,0,0
oInvCollPH,128,48,00085053,0,1,1,4294967295,0,0
oInvCollPH,144,48,00234E19,0,1,1,4294967295,0,0
oInvCollPH,160,48,00298B4F,0,1,1,4294967295,0,0
oInvCollPH,176,48,0023EFE0,0,1,1,4294967295,0,0
oInvCollPH,192,48,002D8E75,0,1,1,4294967295,0,0
oInvCollPH,208,48,003876A8,0,1,1,4294967295,0,0
oInvCollPH,224,48,00231AE0,0,1,1,4294967295,0,0
oInvCollPH,240,48,0032EBF0,0,1,1,4294967295,0,0
oInvCollPH,256,48,0037825B,0,1,1,4294967295,0,0
oInvCollPH,272,48,000C91EE,0,1,1,4294967295,0,0
oInvCollPH,288,48,00355D86,0,1,1,4294967295,0,0
oInvCollPH,304,48,0027ECF3,0,1,1,4294967295,0,0
oInvCollPH,320,32,0028E1B9,0,1,1,4294967295,0,0
oInvCollPH,336,32,0007CD82,0,1,1,4294967295,0,0
oInvCollPH,352,32,0019CFB4,0,1,1,4294967295,0,0
oInvCollPH,368,32,0013D936,0,1,1,4294967295,0,0
oInvCollPH,384,32,0035536A,0,1,1,4294967295,0,0
oInvCollPH,400,32,0037D6E2,0,1,1,4294967295,0,0
oInvCollPH,416,32,00032D25,0,1,1,4294967295,0,0
oInvCollPH,432,32,000B73A4,0,1,1,4294967295,0,0
oInvCollPH,48,144,002C885D,0,1,1,4294967295,0,0
oInvCollPH,48,160,00266832,0,1,1,4294967295,0,0
oInvCollPH,48,176,003AA9B5,0,1,1,4294967295,0,0
oInvCollPH,48,192,00178D23,0,1,1,4294967295,0,0
oInvCollPH,48,208,00385EA1,0,1,1,4294967295,0,0
oInvCollPH,48,224,0009261F,0,1,1,4294967295,0,0
oInvCollPH,48,240,0033A0CF,0,1,1,4294967295,0,0
oInvCollPH,48,256,00389B9B,0,1,1,4294967295,0,0
oInvCollPH,48,272,003A0ACD,0,1,1,4294967295,0,0
oInvCollPH,48,288,00123742,0,1,1,4294967295,0,0
oInvCollPH,0,400,00100DB1,0,1,1,4294967295,0,0
oInvCollPH,16,400,00103C7B,0,1,1,4294967295,0,0
oInvCollPH,32,400,0027EFA8,0,1,1,4294967295,0,0
oInvCollPH,48,400,003F386E,0,1,1,4294967295,0,0
oInvCollPH,48,384,0017C9E4,0,1,1,4294967295,0,0
oInvCollPH,48,368,0015BFD7,0,1,1,4294967295,0,0
oInvCollPH,48,352,0019AA97,0,1,1,4294967295,0,0
oInvCollPH,48,336,0010E700,0,1,1,4294967295,0,0
oInvCollPH,48,320,003BE939,0,1,1,4294967295,0,0
oInvCollPH,48,304,000153B7,0,1,1,4294967295,0,0
oInvCollPH,176,480,0028B924,0,1,1,4294967295,0,0
oInvCollPH,160,480,000DA6AE,0,1,1,4294967295,0,0
oInvCollPH,144,480,00091DB6,0,1,1,4294967295,0,0
oInvCollPH,128,480,0022212C,0,1,1,4294967295,0,0
oInvCollPH,192,480,0010FF87,0,1,1,4294967295,0,0
oInvCollPH,208,480,0020F6DE,0,1,1,4294967295,0,0
oInvCollPH,224,480,0007A164,0,1,1,4294967295,0,0
oInvCollPH,240,480,00210B2E,0,1,1,4294967295,0,0
oInvCollPH,240,528,00135D02,0,1,1,4294967295,0,0
oInvCollPH,240,512,001C75BC,0,1,1,4294967295,0,0
oInvCollPH,240,496,000C9EC5,0,1,1,4294967295,0,0
oInvCollPH,240,592,00224973,0,1,1,4294967295,0,0
oInvCollPH,240,576,0000A585,0,1,1,4294967295,0,0
oInvCollPH,240,560,00151158,0,1,1,4294967295,0,0
oInvCollPH,240,544,002EBCB1,0,1,1,4294967295,0,0
oInvCollPH,240,624,002E756F,0,1,1,4294967295,0,0
oInvCollPH,240,608,002B000A,0,1,1,4294967295,0,0
oInvCollPH,240,640,0016BBCA,0,1,1,4294967295,0,0
oInvCollPH,240,656,0017AECC,0,1,1,4294967295,0,0
oInvCollPH,240,672,0030E788,0,1,1,4294967295,0,0
oInvCollPH,240,688,00184D89,0,1,1,4294967295,0,0
oInvCollPH,400,224,00139F7E,0,1,1,4294967295,0,0
oInvCollPH,416,224,000DC0AE,0,1,1,4294967295,0,0
oInvCollPH,432,224,002DE27F,0,1,1,4294967295,0,0
oInvCollPH,448,224,000D8CF1,0,1,1,4294967295,0,0
oInvCollPH,464,224,000095E9,0,1,1,4294967295,0,0
oInvCollPH,512,224,001C98D8,0,1,1,4294967295,0,0
oInvCollPH,528,224,001EEAA8,0,1,1,4294967295,0,0
oInvCollPH,384,288,0018431F,0,1,1,4294967295,0,0
oInvCollPH,400,288,0035FA8D,0,1,1,4294967295,0,0
oInvCollPH,416,288,0013397B,0,1,1,4294967295,0,0
oInvCollPH,432,288,00351EE8,0,1,1,4294967295,0,0
oInvCollPH,448,288,0014CCF1,0,1,1,4294967295,0,0
oInvCollPH,464,288,0039C85D,0,1,1,4294967295,0,0
oInvCollPH,480,288,0019FAB7,0,1,1,4294967295,0,0
oInvCollPH,496,288,000EF629,0,1,1,4294967295,0,0
oInvCollPH,512,288,003C184E,0,1,1,4294967295,0,0
oInvCollPH,528,288,002EBA2A,0,1,1,4294967295,0,0
oInvCollPH,544,288,00319DD8,0,1,1,4294967295,0,0
oInvCollPH,560,288,0003E02E,0,1,1,4294967295,0,0
oInvCollPH,544,224,00115D49,0,1,1,4294967295,0,0
oInvCollPH,560,224,002A23E5,0,1,1,4294967295,0,0
oInvCollPH,576,224,00000722,0,1,1,4294967295,0,0
oInvCollPH,592,224,002FF418,0,1,1,4294967295,0,0
oInvCollPH,608,224,001FCA25,0,1,1,4294967295,0,0
oInvCollPH,624,224,000A6B4C,0,1,1,4294967295,0,0
oInvCollPH,608,288,001EF61F,0,1,1,4294967295,0,0
oInvCollPH,624,288,0001C012,0,1,1,4294967295,0,0
oInvCollPH,576,320,003C1C7E,0,1,1,4294967295,0,0
oInvCollPH,592,320,00359369,0,1,1,4294967295,0,0
oInvCollPH,592,304,002A6DB0,0,1,1,4294967295,0,0
oInvCollPH,720,512,001B40B3,0,1,1,4294967295,0,0
oInvCollPH,736,512,001BA4B4,0,1,1,4294967295,0,0
oInvCollPH,752,512,00337493,0,1,1,4294967295,0,0
oInvCollPH,768,512,0029290A,0,1,1,4294967295,0,0
oInvCollPH,784,512,001DDAF8,0,1,1,4294967295,0,0
oInvCollPH,800,512,00194CA7,0,1,1,4294967295,0,0
oInvCollPH,816,512,0030427E,0,1,1,4294967295,0,0
oInvCollPH,832,512,002C6366,0,1,1,4294967295,0,0
oInvCollPH,848,512,0018F41A,0,1,1,4294967295,0,0
oInvCollPH,864,512,00114CB9,0,1,1,4294967295,0,0
oInvCollPH,880,512,003898AF,0,1,1,4294967295,0,0
oInvCollPH,688,480,001C215A,0,1,1,4294967295,0,0
oInvCollPH,688,496,0013FD06,0,1,1,4294967295,0,0
oInvCollPH,896,496,0012BCDC,0,1,1,4294967295,0,0
oInvCollPH,912,480,00194D9F,0,1,1,4294967295,0,0
oInvCollPH,656,448,00338E84,0,1,1,4294967295,0,0
oInvCollPH,656,464,00058767,0,1,1,4294967295,0,0
oInvCollPH,928,464,002EF957,0,1,1,4294967295,0,0
oInvCollPH,944,448,001A4A17,0,1,1,4294967295,0,0
oInvCollPH,592,416,003E476C,0,1,1,4294967295,0,0
oInvCollPH,608,416,00163F55,0,1,1,4294967295,0,0
oInvCollPH,624,416,000288F5,0,1,1,4294967295,0,0
oInvCollPH,624,432,00189FC9,0,1,1,4294967295,0,0
oInvCollPH,576,432,003C8393,0,1,1,4294967295,0,0
oInvCollPH,576,448,001D97E9,0,1,1,4294967295,0,0
oInvCollPH,576,464,0024F23D,0,1,1,4294967295,0,0
oInvCollPH,576,480,001A5524,0,1,1,4294967295,0,0
oInvCollPH,576,496,001E8C03,0,1,1,4294967295,0,0
oInvCollPH,576,512,00191F47,0,1,1,4294967295,0,0
oInvCollPH,576,528,003498AF,0,1,1,4294967295,0,0
oInvCollPH,576,544,00004533,0,1,1,4294967295,0,0
oInvCollPH,576,560,001C2FDF,0,1,1,4294967295,0,0
oInvCollPH,576,576,002BDCEE,0,1,1,4294967295,0,0
oInvCollPH,576,592,0010F630,0,1,1,4294967295,0,0
oInvCollPH,576,608,000EFF44,0,1,1,4294967295,0,0
oInvCollPH,576,624,00399E04,0,1,1,4294967295,0,0
oInvCollPH,576,640,00049545,0,1,1,4294967295,0,0
oInvCollPH,576,656,00198C3D,0,1,1,4294967295,0,0
oInvCollPH,576,672,001328F8,0,1,1,4294967295,0,0
oInvCollPH,576,688,001DE9C8,0,1,1,4294967295,0,0
oInvCollPH,960,432,001CAC3D,0,1,1,4294967295,0,0
oInvCollPH,976,416,001C2DAD,0,1,1,4294967295,0,0
oInvCollPH,992,416,003BD8CA,0,1,1,4294967295,0,0
oInvCollPH,1008,416,002F4AFD,0,1,1,4294967295,0,0
oInvCollPH,1024,432,000953D8,0,1,1,4294967295,0,0
oInvCollPH,1024,448,00313F50,0,1,1,4294967295,0,0
oInvCollPH,1024,464,000DE161,0,1,1,4294967295,0,0
oInvCollPH,1024,480,0033E945,0,1,1,4294967295,0,0
oInvCollPH,1024,496,00351798,0,1,1,4294967295,0,0
oInvCollPH,1024,512,000D1025,0,1,1,4294967295,0,0
oInvCollPH,1024,528,002C55B2,0,1,1,4294967295,0,0
oInvCollPH,1024,544,000F5257,0,1,1,4294967295,0,0
oInvCollPH,1024,560,00191048,0,1,1,4294967295,0,0
oInvCollPH,1024,576,00250B5B,0,1,1,4294967295,0,0
oInvCollPH,1024,592,0035BE32,0,1,1,4294967295,0,0
oInvCollPH,1024,608,003CF5A2,0,1,1,4294967295,0,0
oInvCollPH,1024,624,002CCC0D,0,1,1,4294967295,0,0
oInvCollPH,1024,640,000EA227,0,1,1,4294967295,0,0
oInvCollPH,1024,656,001537CC,0,1,1,4294967295,0,0
oInvCollPH,1024,672,0038A0C8,0,1,1,4294967295,0,0
oInvCollPH,1024,688,000382F4,0,1,1,4294967295,0,0
oInvCollPH,784,320,0019A062,0,1,1,4294967295,0,0
oInvCollPH,784,336,00295641,0,1,1,4294967295,0,0
oInvCollPH,800,336,001DE1E8,0,1,1,4294967295,0,0
oInvCollPH,800,320,002E0F79,0,1,1,4294967295,0,0
oInvCollPH,800,304,002A3FBC,0,1,1,4294967295,0,0
oInvCollPH,1328,656,0037BFD4,0,1,1,4294967295,0,0
oInvCollPH,1344,640,000B3BBC,0,1,1,4294967295,0,0
oInvCollPH,1200,688,00381F60,0,1,1,4294967295,0,0
oInvCollPH,1216,672,0032DA7A,0,1,1,4294967295,0,0
oInvCollPH,1232,672,0037E663,0,1,1,4294967295,0,0
oInvCollPH,1248,672,002F6763,0,1,1,4294967295,0,0
oInvCollPH,1264,672,0037F087,0,1,1,4294967295,0,0
oInvCollPH,1280,672,0035E8A6,0,1,1,4294967295,0,0
oInvCollPH,1296,672,00089B63,0,1,1,4294967295,0,0
oInvCollPH,1312,672,00322ECE,0,1,1,4294967295,0,0
oInvCollPH,1024,416,002927B1,0,1,1,4294967295,0,0
oInvCollPH,992,320,000B89E2,0,1,1,4294967295,0,0
oInvCollPH,1008,320,0039E7FD,0,1,1,4294967295,0,0
oInvCollPH,1008,304,003E6868,0,1,1,4294967295,0,0
oInvCollPH,1184,320,00252E64,0,1,1,4294967295,0,0
oInvCollPH,1200,320,00370E8D,0,1,1,4294967295,0,0
oInvCollPH,1200,304,001DEBDF,0,1,1,4294967295,0,0
oInvCollPH,832,80,003C3D8D,0,1,1,4294967295,0,0
oInvCollPH,832,96,00168C6D,0,1,1,4294967295,0,0
oInvCollPH,832,112,00236B28,0,1,1,4294967295,0,0
oInvCollPH,832,128,002FA1D5,0,1,1,4294967295,0,0
oInvCollPH,832,144,0021F7AB,0,1,1,4294967295,0,0
oInvCollPH,832,160,00179072,0,1,1,4294967295,0,0
oInvCollPH,880,160,0038C666,0,1,1,4294967295,0,0
oInvCollPH,880,144,001CD6EC,0,1,1,4294967295,0,0
oInvCollPH,880,128,000CDEFE,0,1,1,4294967295,0,0
oInvCollPH,880,112,0039E001,0,1,1,4294967295,0,0
oInvCollPH,880,96,003DB59A,0,1,1,4294967295,0,0
oInvCollPH,880,80,0022E658,0,1,1,4294967295,0,0
oInvCollPH,880,64,00252E45,0,1,1,4294967295,0,0
oInvCollPH,1184,256,00064798,0,1,1,4294967295,0,0
oInvCollPH,1184,272,0015EC5E,0,1,1,4294967295,0,0
oInvCollPH,1184,288,002F06FC,0,1,1,4294967295,0,0
oInvCollPH,1216,288,001FE913,0,1,1,4294967295,0,0
oInvCollPH,1232,288,00167297,0,1,1,4294967295,0,0
oInvCollPH,1248,288,00366929,0,1,1,4294967295,0,0
oInvCollPH,1264,288,000CD653,0,1,1,4294967295,0,0
oInvCollPH,1264,272,00036A02,0,1,1,4294967295,0,0
oInvCollPH,1264,256,00314EE7,0,1,1,4294967295,0,0
oInvCollPH,1264,240,00385918,0,1,1,4294967295,0,0
oInvCollPH,1280,224,0039AB1D,0,1,1,4294967295,0,0
oInvCollPH,1296,224,001F5CBE,0,1,1,4294967295,0,0
oInvCollPH,1312,224,000AB7CD,0,1,1,4294967295,0,0
oInvCollPH,1328,224,0040378E,0,1,1,4294967295,0,0
oInvCollPH,1184,192,003B274A,0,1,1,4294967295,0,0
oInvCollPH,1184,208,00374680,0,1,1,4294967295,0,0
oInvCollPH,1184,224,0009844A,0,1,1,4294967295,0,0
oInvCollPH,1344,224,00199A11,0,1,1,4294967295,0,0
oInvCollPH,1360,224,00101540,0,1,1,4294967295,0,0
oInvCollPH,1376,224,0021F73F,0,1,1,4294967295,0,0
oInvCollPH,1392,224,0015A922,0,1,1,4294967295,0,0
oInvCollPH,1168,96,0015DA0D,0,1,1,4294967295,0,0
oInvCollPH,1168,112,00314D7D,0,1,1,4294967295,0,0
oInvCollPH,1168,128,00116C90,0,1,1,4294967295,0,0
oInvCollPH,1168,144,001B4D3C,0,1,1,4294967295,0,0
oInvCollPH,1168,160,0023C187,0,1,1,4294967295,0,0
oInvCollPH,1360,592,0010DFCB,0,1,1,4294967295,0,0
oInvCollPH,1360,608,001CF2CE,0,1,1,4294967295,0,0
oInvCollPH,1360,624,003F91DC,0,1,1,4294967295,0,0
oInvCollPH,640,192,0020ED6E,0,1,1,4294967295,0,0
oInvCollPH,640,208,002CC508,0,1,1,4294967295,0,0
oInvCollPH,656,176,00329FED,0,1,1,4294967295,0,0
oInvCollPH,672,176,00403ACE,0,1,1,4294967295,0,0
oInvCollPH,688,176,0027EBB4,0,1,1,4294967295,0,0
oInvCollPH,704,176,002DA985,0,1,1,4294967295,0,0
oInvCollPH,720,176,0007B10B,0,1,1,4294967295,0,0
oInvCollPH,736,176,00229C80,0,1,1,4294967295,0,0
oInvCollPH,752,176,00229810,0,1,1,4294967295,0,0
oInvCollPH,816,176,00227FEE,0,1,1,4294967295,0,0
oInvCollPH,800,176,00089525,0,1,1,4294967295,0,0
oInvCollPH,784,176,001A7AF7,0,1,1,4294967295,0,0
oInvCollPH,768,176,00397F32,0,1,1,4294967295,0,0
oInvCollPH,944,176,00067C3F,0,1,1,4294967295,0,0
oInvCollPH,928,176,0003FFE1,0,1,1,4294967295,0,0
oInvCollPH,912,176,00246376,0,1,1,4294967295,0,0
oInvCollPH,896,176,0004EEFB,0,1,1,4294967295,0,0
oInvCollPH,1024,176,001746DE,0,1,1,4294967295,0,0
oInvCollPH,1024,160,00251F94,0,1,1,4294967295,0,0
oInvCollPH,976,144,001F642B,0,1,1,4294967295,0,0
oInvCollPH,976,160,003ADCF0,0,1,1,4294967295,0,0
oInvCollPH,960,176,000C3FBE,0,1,1,4294967295,0,0
oInvCollPH,640,288,001756A0,0,1,1,4294967295,0,0
oInvCollPH,656,288,0000B0C5,0,1,1,4294967295,0,0
oInvCollPH,672,288,00191B2A,0,1,1,4294967295,0,0
oInvCollPH,688,288,00150D48,0,1,1,4294967295,0,0
oInvCollPH,704,288,00069858,0,1,1,4294967295,0,0
oInvCollPH,720,288,000C1C73,0,1,1,4294967295,0,0
oInvCollPH,736,288,002D99AA,0,1,1,4294967295,0,0
oInvCollPH,752,288,000E7CCC,0,1,1,4294967295,0,0
oInvCollPH,768,288,0037C46B,0,1,1,4294967295,0,0
oInvCollPH,816,288,000B44EA,0,1,1,4294967295,0,0
oInvCollPH,832,288,00181CE6,0,1,1,4294967295,0,0
oInvCollPH,848,288,00345BE0,0,1,1,4294967295,0,0
oInvCollPH,864,288,0008E8AB,0,1,1,4294967295,0,0
oInvCollPH,880,288,001147A7,0,1,1,4294967295,0,0
oInvCollPH,896,288,00062C7B,0,1,1,4294967295,0,0
oInvCollPH,912,288,001FBBEB,0,1,1,4294967295,0,0
oInvCollPH,928,288,003CBF43,0,1,1,4294967295,0,0
oInvCollPH,944,288,00230B1B,0,1,1,4294967295,0,0
oInvCollPH,960,288,0029D11C,0,1,1,4294967295,0,0
oInvCollPH,976,288,00394226,0,1,1,4294967295,0,0
oInvCollPH,1024,288,00371892,0,1,1,4294967295,0,0
oInvCollPH,1024,272,0030B260,0,1,1,4294967295,0,0
oInvCollPH,1024,256,0004314A,0,1,1,4294967295,0,0
oInvCollPH,1024,240,000C4C4F,0,1,1,4294967295,0,0
oInvCollPH,1024,224,0034631D,0,1,1,4294967295,0,0
oInvCollPH,1024,208,001AEE26,0,1,1,4294967295,0,0
oInvCollPH,1024,192,002E055D,0,1,1,4294967295,0,0
oInvCollPH,1328,304,00053562,0,1,1,4294967295,0,0
oInvCollPH,1344,304,0001DCF7,0,1,1,4294967295,0,0
oInvCollPH,1360,304,000F7EE0,0,1,1,4294967295,0,0
oInvCollPH,1376,304,000D90F8,0,1,1,4294967295,0,0
oInvCollPH,1392,304,002687A7,0,1,1,4294967295,0,0
oInvCollPH,1312,320,001C0234,0,1,1,4294967295,0,0
oInvCollPH,1312,336,00169FF4,0,1,1,4294967295,0,0
oInvCollPH,1312,352,000AAF14,0,1,1,4294967295,0,0
oInvCollPH,1312,368,001D060B,0,1,1,4294967295,0,0
oInvCollPH,1312,384,001C8B92,0,1,1,4294967295,0,0
oInvCollPH,1312,400,003DF2A4,0,1,1,4294967295,0,0
oInvCollPH,1200,416,000ECCBD,0,1,1,4294967295,0,0
oInvCollPH,1216,416,0024EED2,0,1,1,4294967295,0,0
oInvCollPH,1232,416,003D6D12,0,1,1,4294967295,0,0
oInvCollPH,1248,416,001A7C79,0,1,1,4294967295,0,0
oInvCollPH,1264,416,003E6EF4,0,1,1,4294967295,0,0
oInvCollPH,1264,432,00006662,0,1,1,4294967295,0,0
oInvCollPH,1264,448,00397477,0,1,1,4294967295,0,0
oInvCollPH,1184,432,002F9299,0,1,1,4294967295,0,0
oInvCollPH,1184,448,001F065F,0,1,1,4294967295,0,0
oInvCollPH,1184,464,00169A80,0,1,1,4294967295,0,0
oInvCollPH,1184,480,002EB4CB,0,1,1,4294967295,0,0
oInvCollPH,1184,496,000FEE9E,0,1,1,4294967295,0,0
oInvCollPH,1184,512,0034939E,0,1,1,4294967295,0,0
oInvCollPH,1184,528,00197316,0,1,1,4294967295,0,0
oInvCollPH,1184,544,002E07E7,0,1,1,4294967295,0,0
oInvCollPH,1184,560,002BACDC,0,1,1,4294967295,0,0
oInvCollPH,1200,560,00277D76,0,1,1,4294967295,0,0
oInvCollPH,1216,560,002A5BBE,0,1,1,4294967295,0,0
oInvCollPH,1232,560,00389ABB,0,1,1,4294967295,0,0
oInvCollPH,1248,560,003E5715,0,1,1,4294967295,0,0
oInvCollPH,1264,560,00210C78,0,1,1,4294967295,0,0
oInvCollPH,1280,560,003C66AF,0,1,1,4294967295,0,0
oInvCollPH,1296,560,003A05B3,0,1,1,4294967295,0,0
oInvCollPH,1312,560,002E78CE,0,1,1,4294967295,0,0
oInvCollPH,1328,560,000FA094,0,1,1,4294967295,0,0
oInvCollPH,1344,560,00096394,0,1,1,4294967295,0,0
oInvCollPH,448,48,001E1405,0,1,1,4294967295,0,0
oInvCollPH,464,48,0036379E,0,1,1,4294967295,0,0
oInvCollPH,480,48,001D4C5B,0,1,1,4294967295,0,0
oInvCollPH,496,48,003DA0DC,0,1,1,4294967295,0,0
oInvCollPH,512,48,00316E80,0,1,1,4294967295,0,0
oInvCollPH,528,48,003FD7D1,0,1,1,4294967295,0,0
oInvCollPH,544,48,002D6A93,0,1,1,4294967295,0,0
oInvCollPH,560,48,0007F6D6,0,1,1,4294967295,0,0
oInvCollPH,576,48,000A32EC,0,1,1,4294967295,0,0
oInvCollPH,592,48,00331DBC,0,1,1,4294967295,0,0
oInvCollPH,608,48,000A07D8,0,1,1,4294967295,0,0
oInvCollPH,624,48,001B34D0,0,1,1,4294967295,0,0
oInvCollPH,640,48,000C03D6,0,1,1,4294967295,0,0
oInvCollPH,656,48,003D7936,0,1,1,4294967295,0,0
oInvCollPH,672,48,00381644,0,1,1,4294967295,0,0
oInvCollPH,688,48,0027B328,0,1,1,4294967295,0,0
oInvCollPH,704,48,00208A53,0,1,1,4294967295,0,0
oInvCollPH,720,48,002EFAC6,0,1,1,4294967295,0,0
oInvCollPH,736,48,0035CF04,0,1,1,4294967295,0,0
oInvCollPH,752,48,003A8E00,0,1,1,4294967295,0,0
oInvCollPH,768,48,00186117,0,1,1,4294967295,0,0
oInvCollPH,784,48,00198021,0,1,1,4294967295,0,0
oInvCollPH,800,48,0000CC62,0,1,1,4294967295,0,0
oInvCollPH,816,48,002F0932,0,1,1,4294967295,0,0
oInvCollPH,896,48,0031B99C,0,1,1,4294967295,0,0
oInvCollPH,912,48,002AD4F8,0,1,1,4294967295,0,0
oInvCollPH,928,48,00056E42,0,1,1,4294967295,0,0
oInvCollPH,944,48,00387D25,0,1,1,4294967295,0,0
oInvCollPH,960,48,0011D660,0,1,1,4294967295,0,0
oInvCollPH,976,48,000D1BF0,0,1,1,4294967295,0,0
oInvCollPH,992,48,002F5604,0,1,1,4294967295,0,0
oInvCollPH,1008,48,0014B033,0,1,1,4294967295,0,0
oInvCollPH,1024,48,002B2364,0,1,1,4294967295,0,0
oInvCollPH,1040,48,00243F23,0,1,1,4294967295,0,0
oInvCollPH,1056,48,000FE0DE,0,1,1,4294967295,0,0
oInvCollPH,1072,48,001C618E,0,1,1,4294967295,0,0
oInvCollPH,1088,48,003E83DA,0,1,1,4294967295,0,0
oInvCollPH,1104,48,003FBEF8,0,1,1,4294967295,0,0
oInvCollPH,1120,48,0000FCB4,0,1,1,4294967295,0,0
oInvCollPH,1136,48,0024196F,0,1,1,4294967295,0,0
oInvCollPH,1152,80,00281C75,0,1,1,4294967295,0,0
oInvCollPH,1024,144,00337362,0,1,1,4294967295,0,0
oInvCollPH,1024,128,0012FE44,0,1,1,4294967295,0,0
oInvCollPH,1008,128,0022D9BE,0,1,1,4294967295,0,0
oInvCollPH,992,128,001A9D67,0,1,1,4294967295,0,0
oInvCollPH,1296,496,0007E83E,0,1,1,4294967295,0,0
oInvCollPH,1312,416,001D1FC8,0,1,1,4294967295,0,0
oInvCollPH,1312,432,001DFAF1,0,1,1,4294967295,0,0
oInvCollPH,1312,448,00323EA5,0,1,1,4294967295,0,0
oInvCollPH,1264,464,00015002,0,1,1,4294967295,0,0
oInvCollPH,1264,480,003818D4,0,1,1,4294967295,0,0
oInvCollPH,1312,464,001A1A3C,0,1,1,4294967295,0,0
oInvCollPH,1312,480,00256260,0,1,1,4294967295,0,0
oInvisibleSolid,0,480,00400035,0,1,1,4294967295,0,1
oInvisibleSolid,128,288,003E1287,0,1,1,4294967295,0,1
oInvisibleSolid,192,224,0029B8E1,0,1,1,4294967295,0,1
oInvisibleSolid,384,224,000A3C76,0,1,1,4294967295,0,1
oInvisibleSolid,256,192,000395CE,0,1,1,4294967295,0,1
oInvisibleSolid,368,160,003AF7CF,0,1,1,4294967295,0,1
oInvisibleSolid,480,192,00280E09,0,1,1,4294967295,0,1
oInvisibleSolid,448,0,003A4DA2,0,1,1,4294967295,0,1
oInvisibleSolid,320,0,000BA30B,0,1,1,4294967295,0,1
oInvisibleSolid,128,0,001E4130,0,1,1,4294967295,0,1
oInvisibleSolid,0,144,000004F1,0,1,1,4294967295,0,1
oInvisibleSolid,0,0,002E8904,0,1,1,4294967295,0,1
oInvisibleSolid,576,416,0013F888,0,1,1,4294967295,0,1
oInvisibleSolid,640,448,0012C9B9,0,1,1,4294967295,0,1
oInvisibleSolid,672,480,002E0CAD,0,1,1,4294967295,0,1
oInvisibleSolid,704,512,00033FB9,0,1,1,4294967295,0,1
oInvisibleSolid,896,480,000D28C6,0,1,1,4294967295,0,1
oInvisibleSolid,928,448,002E3821,0,1,1,4294967295,0,1
oInvisibleSolid,960,416,0039333B,0,1,1,4294967295,0,1
oInvisibleSolid,576,304,0019C2A6,0,1,1,4294967295,0,1
oInvisibleSolid,992,304,0032D812,0,1,1,4294967295,0,1
oInvisibleSolid,640,176,003BD682,0,1,1,4294967295,0,1
oInvisibleSolid,784,304,00383665,0,1,1,4294967295,0,1
oInvisibleSolid,1184,304,00242D16,0,1,1,4294967295,0,1
oInvisibleSolid,1184,416,00371656,0,1,1,4294967295,0,1
oInvisibleSolid,1200,672,00367D51,0,1,1,4294967295,0,1
oInvisibleSolid,1328,640,003BCBCE,0,1,1,4294967295,0,1
oMapDoor,1336,608,00394369,0,1,1,4294967295,0,1
oInvisibleSolid,832,64,000C97A5,0,1,1,4294967295,0,1
oInvisibleSolid,1168,64,00130AA6,0,1,1,4294967295,0,1
oInvisibleSolid,1184,176,000FD9EB,0,1,1,4294967295,0,1
oInvisibleSolid,1184,240,00171AE6,0,1,1,4294967295,0,1
oInvisibleSolid,1312,304,00246000,0,1,1,4294967295,0,1
oInvisibleSolid,1360,576,000FBDC0,0,1,1,4294967295,0,1
oInvisibleSolid,976,128,001377E5,0,1,1,4294967295,0,1
oInvisibleSolid,1152,64,0004A79F,0,1,1,4294967295,0,1
oInvisibleSolid,1280,496,0009CBF4,0,1,1,4294967295,0,1
