oExit,120,256,0026C718,0,1,1,4294967295,0,1
oPlayer1,160,288,003EBBE0,0,1,1,4294967295,0,0
oInvisibleSolid,64,288,0034C3DA,0,1,1,4294967295,0,1
oInvisibleSolid,64,0,000A9C26,0,1,1,4294967295,0,1
oInvisibleSolid,0,0,00331918,0,1,1,4294967295,0,1
oInvisibleSolid,640,32,0012D039,0,1,1,4294967295,0,1
oInvisibleSolid,320,208,0032FCBF,0,1,1,4294967295,0,0
oInvisibleSolid,512,176,003D4C3E,0,1,1,4294967295,0,0
oInvisibleSolid,992,32,0012907E,0,1,1,4294967295,0,1
oInvisibleSolid,640,224,00069A52,0,1,1,4294967295,0,1
oInvisibleSolid,864,160,001E4EBD,0,1,1,4294967295,0,0
