oExit,3664,192,003A41E0,0,1,1,4294967295,0,1
oHeartPiece,80,592,001D8BFD,0,1,1,4294967295,0,1
oMMEaglePlat,1440,576,003A6B0B,0,1,1,4294967295,0,1
oMMEaglePlat,1536,480,0035C113,0,1,1,4294967295,0,1
oMMEaglePlat,1664,544,001EE890,0,1,1,4294967295,0,1
oMMEaglePlat,1776,416,0018B1C5,0,1,1,4294967295,0,1
oMMEaglePlat,1904,480,00187090,0,1,1,4294967295,0,1
oPlatformScale,336,608,002A72BF,0,1,1,4294967295,0,1
oZeldaBreakPot,3320,528,002A7F98,0,1,1,4294967295,0,0
oWeaponLevelUpgrade,2304,656,000F8937,0,1,1,4294967295,0,1
oMoneyChest,2912,240,00177E33,0,1,1,4294967295,0,1
oStaticSpike,3216,384,00392090,0,1,1,4294967295,0,0
oStaticSpike,3216,400,00117A1A,0,1,1,4294967295,0,0
oStaticSpike,3216,416,002016B6,0,1,1,4294967295,0,0
oStaticSpike,3216,432,00352D64,0,1,1,4294967295,0,0
oStaticSpike,3216,448,0036567C,0,1,1,4294967295,0,0
oStaticSpike,3216,464,000178E7,0,1,1,4294967295,0,0
oMMFlameCanister,912,288,0022745D,0,1,1,4294967295,0,0
oMMFlameCanister,896,288,00047902,0,1,1,4294967295,0,0
oMMFlameCanister,880,288,00366A7B,0,1,1,4294967295,0,0
oMMFlameCanister,864,288,0037F9FF,0,1,1,4294967295,0,0
oMMFlameCanister,1008,416,003A761A,0,1,1,4294967295,0,0
oMMFlameCanister,992,416,000280BE,0,1,1,4294967295,0,0
oMMFlameCanister,976,416,00178D44,0,1,1,4294967295,0,0
oMMFlameCanister,960,416,0029D5FC,0,1,1,4294967295,0,0
oMMFlameCanister,3232,480,0032D10E,0,1,1,4294967295,0,0
oMMFlameCanister,3248,480,000EBBF0,0,1,1,4294967295,0,0
oMMFlameCanister,3264,480,00217324,0,1,1,4294967295,0,0
oMMFlameCanister,3280,480,00088E60,0,1,1,4294967295,0,0
oMMFlameCanister,3360,320,0020D934,0,1,1,4294967295,0,0
oMMFlameCanister,3376,320,0037E544,0,1,1,4294967295,0,0
oMMFlameCanister,3392,320,002FEEA6,0,1,1,4294967295,0,0
oMMFlameCanister,3408,320,001F3BA0,0,1,1,4294967295,0,0
oMMFlameCanister,2816,144,003CF431,0,1,1,4294967295,0,0
oMMFlameCanister,2832,144,000881F2,0,1,1,4294967295,0,0
oMMFlameCanister,2848,144,003FCC78,0,1,1,4294967295,0,0
oMMFlameCanister,2864,144,0008956A,0,1,1,4294967295,0,0
oMMFlameCanister,3296,480,00403732,0,1,1,4294967295,0,0
oMMFlameCanister,3312,480,000B3253,0,1,1,4294967295,0,0
oMMFlameCanister,3328,480,00318228,0,1,1,4294967295,0,0
oMMFlameCanister,3344,480,000045F2,0,1,1,4294967295,0,0
oMMFlameCanister,944,416,003DD9E8,0,1,1,4294967295,0,0
oMMFlameCanister,928,416,00220C58,0,1,1,4294967295,0,0
oMMFlameCanister,912,416,002D0CDA,0,1,1,4294967295,0,0
oMMFlameCanister,896,416,002D3753,0,1,1,4294967295,0,0
oEnemyBulletCatcher,3440,192,0005BC3A,0,1,1,4294967295,0,1
oMMFlamer,1456,576,00150966,0,1,1,4294967295,0,1
oMMFlamer,1552,480,00122AA8,0,1,1,4294967295,0,1
oMMFlamer,1680,544,0037AC44,0,1,1,4294967295,0,1
oMMFlamer,1792,416,00391FAD,0,1,1,4294967295,0,1
oMMFlamer,1920,480,0005C9C3,0,1,1,4294967295,0,1
oMMFlamer,3152,544,0026C738,0,1,1,4294967295,0,1
oBallDeVouxMain,2240,240,00115681,0,1,1,4294967295,0,0
oMetalWing,2720,160,000CA48E,0,1,1,4294967295,0,0
oMetalWing,2672,208,00216CC3,0,1,1,4294967295,0,0
oWallCancer,2976,352,001A0087,0,1,1,4294967295,0,0
oNotorBanger,832,352,0022FD55,0,1,1,4294967295,0,0
oNotorBanger,3456,384,003E0E2B,0,1,1,4294967295,0,0
oMetalWing,1008,128,00273DC3,0,1,1,4294967295,0,0
oMetalWing,1072,192,001BED2D,0,1,1,4294967295,0,0
oMetalWing,1232,304,0012FD9C,0,1,1,4294967295,0,0
oMetalWing,2000,464,00131CEC,0,1,1,4294967295,0,0
oMetalWing,2080,336,00403713,0,1,1,4294967295,0,0
oTurnCannon,3552,208,001058BD,0,1,1,4294967295,0,1
oPlayer1,80,192,003CF0A0,0,1,1,4294967295,0,0
oInvCollPH,48,416,000A69B0,0,1,1,4294967295,0,0
oInvCollPH,48,432,00207A81,0,1,1,4294967295,0,0
oInvCollPH,32,432,0037A98A,0,1,1,4294967295,0,0
oInvCollPH,16,192,000B8F81,0,1,1,4294967295,0,0
oInvCollPH,32,192,003F98A0,0,1,1,4294967295,0,0
oInvCollPH,48,192,000F0A92,0,1,1,4294967295,0,0
oInvCollPH,64,192,002BA643,0,1,1,4294967295,0,0
oInvCollPH,80,192,001CB50A,0,1,1,4294967295,0,0
oInvCollPH,96,192,001A5A24,0,1,1,4294967295,0,0
oInvCollPH,112,192,000B58A2,0,1,1,4294967295,0,0
oInvCollPH,128,192,0018890D,0,1,1,4294967295,0,0
oInvCollPH,144,192,00004DA2,0,1,1,4294967295,0,0
oInvCollPH,160,192,0002BBEB,0,1,1,4294967295,0,0
oInvCollPH,176,192,0038F9F5,0,1,1,4294967295,0,0
oInvCollPH,192,192,003125CF,0,1,1,4294967295,0,0
oInvCollPH,208,192,000E9714,0,1,1,4294967295,0,0
oInvCollPH,224,192,001AC915,0,1,1,4294967295,0,0
oInvCollPH,240,192,003C7B81,0,1,1,4294967295,0,0
oInvCollPH,256,192,00281B11,0,1,1,4294967295,0,0
oInvCollPH,272,192,0021454C,0,1,1,4294967295,0,0
oInvCollPH,288,192,001E8B92,0,1,1,4294967295,0,0
oInvCollPH,304,192,001C3BCC,0,1,1,4294967295,0,0
oInvCollPH,304,208,0002765D,0,1,1,4294967295,0,0
oInvCollPH,176,288,002B2AA2,0,1,1,4294967295,0,0
oInvCollPH,176,304,003FE3DF,0,1,1,4294967295,0,0
oInvCollPH,112,352,00380C70,0,1,1,4294967295,0,0
oInvCollPH,112,368,0022B3F0,0,1,1,4294967295,0,0
oInvCollPH,16,448,0028633B,0,1,1,4294967295,0,0
oInvCollPH,16,464,000459F0,0,1,1,4294967295,0,0
oInvCollPH,16,480,00314526,0,1,1,4294967295,0,0
oInvCollPH,16,496,002683F7,0,1,1,4294967295,0,0
oInvCollPH,16,512,0036D24F,0,1,1,4294967295,0,0
oInvCollPH,16,528,0033CE4E,0,1,1,4294967295,0,0
oInvCollPH,16,544,001A8FC8,0,1,1,4294967295,0,0
oInvCollPH,16,560,00404626,0,1,1,4294967295,0,0
oInvCollPH,16,576,002926B6,0,1,1,4294967295,0,0
oInvCollPH,16,592,0019DD6A,0,1,1,4294967295,0,0
oInvCollPH,32,608,0019BC0C,0,1,1,4294967295,0,0
oInvCollPH,48,608,001F887E,0,1,1,4294967295,0,0
oInvCollPH,64,608,002168F8,0,1,1,4294967295,0,0
oInvCollPH,80,608,000C1F99,0,1,1,4294967295,0,0
oInvCollPH,96,608,0023D615,0,1,1,4294967295,0,0
oInvCollPH,112,608,00352EAB,0,1,1,4294967295,0,0
oInvCollPH,128,608,00041347,0,1,1,4294967295,0,0
oInvCollPH,144,608,002EC5A6,0,1,1,4294967295,0,0
oInvCollPH,144,624,003E4A1C,0,1,1,4294967295,0,0
oInvCollPH,144,640,0021F94B,0,1,1,4294967295,0,0
oInvCollPH,144,656,000612DB,0,1,1,4294967295,0,0
oInvCollPH,144,672,0003092D,0,1,1,4294967295,0,0
oInvCollPH,144,688,00050783,0,1,1,4294967295,0,0
oInvCollPH,144,704,0005524F,0,1,1,4294967295,0,0
oInvCollPH,912,352,000AC64B,0,1,1,4294967295,0,0
oInvCollPH,928,352,000E83BD,0,1,1,4294967295,0,0
oInvCollPH,944,352,0023A06B,0,1,1,4294967295,0,0
oInvCollPH,960,352,003E6DD8,0,1,1,4294967295,0,0
oInvCollPH,976,352,00076F6D,0,1,1,4294967295,0,0
oInvCollPH,992,352,0014427B,0,1,1,4294967295,0,0
oInvCollPH,1008,352,00363711,0,1,1,4294967295,0,0
oInvCollPH,896,400,00073303,0,1,1,4294967295,0,0
oInvCollPH,912,400,002DB5C6,0,1,1,4294967295,0,0
oInvCollPH,928,400,0035A752,0,1,1,4294967295,0,0
oInvCollPH,944,400,00251C76,0,1,1,4294967295,0,0
oInvCollPH,960,400,0025C3DC,0,1,1,4294967295,0,0
oInvCollPH,976,400,002F77A5,0,1,1,4294967295,0,0
oInvCollPH,992,400,0014A097,0,1,1,4294967295,0,0
oInvCollPH,1008,400,0010A4E2,0,1,1,4294967295,0,0
oInvCollPH,1008,384,00310857,0,1,1,4294967295,0,0
oInvCollPH,1008,368,00019666,0,1,1,4294967295,0,0
oInvCollPH,800,272,002AE6D9,0,1,1,4294967295,0,0
oInvCollPH,816,272,0039C8D6,0,1,1,4294967295,0,0
oInvCollPH,832,272,0009FA10,0,1,1,4294967295,0,0
oInvCollPH,848,272,000F5E3F,0,1,1,4294967295,0,0
oInvCollPH,864,272,0021B5BD,0,1,1,4294967295,0,0
oInvCollPH,880,272,002AB37C,0,1,1,4294967295,0,0
oInvCollPH,896,272,001A3E65,0,1,1,4294967295,0,0
oInvCollPH,912,272,003FF427,0,1,1,4294967295,0,0
oInvCollPH,912,256,002EFEA7,0,1,1,4294967295,0,0
oInvCollPH,912,240,0001614F,0,1,1,4294967295,0,0
oInvCollPH,912,224,002FF140,0,1,1,4294967295,0,0
oInvCollPH,896,224,0006B526,0,1,1,4294967295,0,0
oInvCollPH,880,224,002D1A78,0,1,1,4294967295,0,0
oInvCollPH,864,224,00248ED7,0,1,1,4294967295,0,0
oInvCollPH,848,224,0035FAD4,0,1,1,4294967295,0,0
oInvCollPH,832,224,0032D55F,0,1,1,4294967295,0,0
oInvCollPH,816,224,00174125,0,1,1,4294967295,0,0
oInvCollPH,800,224,002EA941,0,1,1,4294967295,0,0
oInvCollPH,784,224,002001AD,0,1,1,4294967295,0,0
oInvCollPH,768,224,0018E743,0,1,1,4294967295,0,0
oInvCollPH,752,224,0026462B,0,1,1,4294967295,0,0
oInvCollPH,736,224,003093EB,0,1,1,4294967295,0,0
oInvCollPH,720,224,00400FEC,0,1,1,4294967295,0,0
oInvCollPH,704,224,0035EB68,0,1,1,4294967295,0,0
oInvCollPH,688,224,002C7C83,0,1,1,4294967295,0,0
oInvCollPH,672,224,002C1A6D,0,1,1,4294967295,0,0
oInvCollPH,656,224,0008535B,0,1,1,4294967295,0,0
oInvCollPH,640,224,00089960,0,1,1,4294967295,0,0
oInvCollPH,624,224,001CB837,0,1,1,4294967295,0,0
oInvCollPH,608,224,00201523,0,1,1,4294967295,0,0
oInvCollPH,592,224,0025E94D,0,1,1,4294967295,0,0
oInvCollPH,576,224,0019E333,0,1,1,4294967295,0,0
oInvCollPH,560,224,0025A7E3,0,1,1,4294967295,0,0
oInvCollPH,480,240,003CCA9C,0,1,1,4294967295,0,0
oInvCollPH,496,224,001EF972,0,1,1,4294967295,0,0
oInvCollPH,528,224,002ABC70,0,1,1,4294967295,0,0
oInvCollPH,784,288,001C38D9,0,1,1,4294967295,0,0
oInvCollPH,608,320,0000A855,0,1,1,4294967295,0,0
oInvCollPH,608,336,001D7D74,0,1,1,4294967295,0,0
oInvCollPH,784,304,0002080F,0,1,1,4294967295,0,0
oInvCollPH,784,320,003F5083,0,1,1,4294967295,0,0
oInvCollPH,784,336,00293E4F,0,1,1,4294967295,0,0
oInvCollPH,800,352,00361A06,0,1,1,4294967295,0,0
oInvCollPH,816,352,00010849,0,1,1,4294967295,0,0
oInvCollPH,832,352,003DB013,0,1,1,4294967295,0,0
oInvCollPH,848,352,00128132,0,1,1,4294967295,0,0
oInvCollPH,864,352,001F88DE,0,1,1,4294967295,0,0
oInvCollPH,880,352,00078D9D,0,1,1,4294967295,0,0
oInvCollPH,880,416,00262A0A,0,1,1,4294967295,0,0
oInvCollPH,880,432,0013AD19,0,1,1,4294967295,0,0
oInvCollPH,880,448,0039469B,0,1,1,4294967295,0,0
oInvCollPH,880,464,0000D780,0,1,1,4294967295,0,0
oInvCollPH,608,464,00117700,0,1,1,4294967295,0,0
oInvCollPH,608,448,00175745,0,1,1,4294967295,0,0
oInvCollPH,608,432,00366B25,0,1,1,4294967295,0,0
oInvCollPH,608,416,00349653,0,1,1,4294967295,0,0
oInvCollPH,608,400,0033DF5B,0,1,1,4294967295,0,0
oInvCollPH,608,384,001DA250,0,1,1,4294967295,0,0
oInvCollPH,608,368,00330E10,0,1,1,4294967295,0,0
oInvCollPH,896,480,002694C8,0,1,1,4294967295,0,0
oInvCollPH,912,480,002B1E13,0,1,1,4294967295,0,0
oInvCollPH,928,480,002A6BDB,0,1,1,4294967295,0,0
oInvCollPH,944,480,00263070,0,1,1,4294967295,0,0
oInvCollPH,960,480,003A0BB1,0,1,1,4294967295,0,0
oInvCollPH,976,480,0017D410,0,1,1,4294967295,0,0
oInvCollPH,992,480,000F502B,0,1,1,4294967295,0,0
oInvCollPH,1008,480,00027289,0,1,1,4294967295,0,0
oInvCollPH,1024,480,002BCFC7,0,1,1,4294967295,0,0
oInvCollPH,1040,480,00025AC6,0,1,1,4294967295,0,0
oInvCollPH,1056,480,0015466B,0,1,1,4294967295,0,0
oInvCollPH,1072,480,0033B6F8,0,1,1,4294967295,0,0
oInvCollPH,1088,480,001DD10D,0,1,1,4294967295,0,0
oInvCollPH,1104,480,00389ED1,0,1,1,4294967295,0,0
oInvCollPH,1104,496,00084D1A,0,1,1,4294967295,0,0
oInvCollPH,1104,512,000FD677,0,1,1,4294967295,0,0
oInvCollPH,1104,528,0030902A,0,1,1,4294967295,0,0
oInvCollPH,1104,544,0038F99B,0,1,1,4294967295,0,0
oInvCollPH,1104,560,0024C59F,0,1,1,4294967295,0,0
oInvCollPH,1104,576,003BDB5F,0,1,1,4294967295,0,0
oInvCollPH,1104,592,002008BA,0,1,1,4294967295,0,0
oInvCollPH,608,496,00022B12,0,1,1,4294967295,0,0
oInvCollPH,608,512,002AFB8C,0,1,1,4294967295,0,0
oInvCollPH,608,528,000BDF16,0,1,1,4294967295,0,0
oInvCollPH,608,544,001E9C74,0,1,1,4294967295,0,0
oInvCollPH,608,560,00314E10,0,1,1,4294967295,0,0
oInvCollPH,608,576,0000F81B,0,1,1,4294967295,0,0
oInvCollPH,608,592,0027978F,0,1,1,4294967295,0,0
oInvCollPH,608,608,00285988,0,1,1,4294967295,0,0
oInvCollPH,608,624,004005AF,0,1,1,4294967295,0,0
oInvCollPH,608,640,003FCEC3,0,1,1,4294967295,0,0
oInvCollPH,608,656,0002F04E,0,1,1,4294967295,0,0
oInvCollPH,608,672,00182942,0,1,1,4294967295,0,0
oInvCollPH,608,688,000BA485,0,1,1,4294967295,0,0
oInvCollPH,608,704,001882FD,0,1,1,4294967295,0,0
oInvCollPH,1136,608,0020CAD3,0,1,1,4294967295,0,0
oInvCollPH,1152,608,00157147,0,1,1,4294967295,0,0
oInvCollPH,1168,608,001334D3,0,1,1,4294967295,0,0
oInvCollPH,1184,608,0017ECB9,0,1,1,4294967295,0,0
oInvCollPH,1200,608,0010CC2C,0,1,1,4294967295,0,0
oInvCollPH,1216,608,003FECC2,0,1,1,4294967295,0,0
oInvCollPH,1232,608,002F1D52,0,1,1,4294967295,0,0
oInvCollPH,1248,608,000DC08B,0,1,1,4294967295,0,0
oInvCollPH,1264,608,003C39EC,0,1,1,4294967295,0,0
oInvCollPH,1280,608,001142B6,0,1,1,4294967295,0,0
oInvCollPH,1296,608,00191BDB,0,1,1,4294967295,0,0
oInvCollPH,1312,608,003ED437,0,1,1,4294967295,0,0
oInvCollPH,1328,608,00149E2C,0,1,1,4294967295,0,0
oInvCollPH,1344,608,003E75E8,0,1,1,4294967295,0,0
oInvCollPH,1360,608,0025C748,0,1,1,4294967295,0,0
oInvCollPH,1360,624,000B1BCD,0,1,1,4294967295,0,0
oInvCollPH,1360,640,001781B8,0,1,1,4294967295,0,0
oInvCollPH,1360,656,002870E5,0,1,1,4294967295,0,0
oInvCollPH,1360,672,00204C81,0,1,1,4294967295,0,0
oInvCollPH,1360,688,000D16BB,0,1,1,4294967295,0,0
oInvCollPH,1360,704,0019D01F,0,1,1,4294967295,0,0
oInvCollPH,2048,288,000CEE8B,0,1,1,4294967295,0,0
oInvCollPH,2048,304,000F9D69,0,1,1,4294967295,0,0
oInvCollPH,2048,320,003956EF,0,1,1,4294967295,0,0
oInvCollPH,2048,336,002CF237,0,1,1,4294967295,0,0
oInvCollPH,2048,352,002606BD,0,1,1,4294967295,0,0
oInvCollPH,2064,272,00351252,0,1,1,4294967295,0,0
oInvCollPH,2080,272,0023FD5C,0,1,1,4294967295,0,0
oInvCollPH,2096,272,00344249,0,1,1,4294967295,0,0
oInvCollPH,2112,272,00030AF4,0,1,1,4294967295,0,0
oInvCollPH,2128,272,00275D8F,0,1,1,4294967295,0,0
oInvCollPH,2144,272,0019B24E,0,1,1,4294967295,0,0
oInvCollPH,2064,352,0017FFE1,0,1,1,4294967295,0,0
oInvCollPH,2080,352,00340A13,0,1,1,4294967295,0,0
oInvCollPH,2160,272,00001EC8,0,1,1,4294967295,0,0
oInvCollPH,2176,272,0007BC43,0,1,1,4294967295,0,0
oInvCollPH,2192,272,00102E53,0,1,1,4294967295,0,0
oInvCollPH,2208,272,002826D0,0,1,1,4294967295,0,0
oInvCollPH,2224,272,001B2DCB,0,1,1,4294967295,0,0
oInvCollPH,2240,272,00067956,0,1,1,4294967295,0,0
oInvCollPH,2256,272,00114B74,0,1,1,4294967295,0,0
oInvCollPH,2256,288,003EACC9,0,1,1,4294967295,0,0
oInvCollPH,2256,304,003B8944,0,1,1,4294967295,0,0
oInvCollPH,2256,320,00229123,0,1,1,4294967295,0,0
oInvCollPH,2256,336,0008F600,0,1,1,4294967295,0,0
oInvCollPH,2256,352,003B4DF3,0,1,1,4294967295,0,0
oInvCollPH,2240,352,0014A31F,0,1,1,4294967295,0,0
oInvCollPH,2224,352,001C172A,0,1,1,4294967295,0,0
oInvCollPH,2096,384,001C5977,0,1,1,4294967295,0,0
oInvCollPH,2096,400,00376A71,0,1,1,4294967295,0,0
oInvCollPH,2096,416,0027D6BA,0,1,1,4294967295,0,0
oInvCollPH,2096,432,000A2C5E,0,1,1,4294967295,0,0
oInvCollPH,2096,448,0012E808,0,1,1,4294967295,0,0
oInvCollPH,2096,464,003A12C2,0,1,1,4294967295,0,0
oInvCollPH,2096,480,001ABA25,0,1,1,4294967295,0,0
oInvCollPH,2096,496,0028CD3B,0,1,1,4294967295,0,0
oInvCollPH,2096,512,003A53F0,0,1,1,4294967295,0,0
oInvCollPH,2096,704,0037E020,0,1,1,4294967295,0,0
oInvCollPH,2096,688,001E0D80,0,1,1,4294967295,0,0
oInvCollPH,2096,672,0028CE30,0,1,1,4294967295,0,0
oInvCollPH,2096,656,00307B65,0,1,1,4294967295,0,0
oInvCollPH,2096,640,000234D2,0,1,1,4294967295,0,0
oInvCollPH,2096,624,001C33FD,0,1,1,4294967295,0,0
oInvCollPH,2096,608,002B78E8,0,1,1,4294967295,0,0
oInvCollPH,2096,592,000AD913,0,1,1,4294967295,0,0
oInvCollPH,2096,576,0022F433,0,1,1,4294967295,0,0
oInvCollPH,2096,560,000B5E8C,0,1,1,4294967295,0,0
oInvCollPH,2096,544,0016D7CB,0,1,1,4294967295,0,0
oInvCollPH,2096,528,002B8B2D,0,1,1,4294967295,0,0
oInvCollPH,2208,368,0020A6AE,0,1,1,4294967295,0,0
oInvCollPH,2208,384,00181A4B,0,1,1,4294967295,0,0
oInvCollPH,2208,400,00263220,0,1,1,4294967295,0,0
oInvCollPH,2208,416,003B7665,0,1,1,4294967295,0,0
oInvCollPH,2208,432,00048FCC,0,1,1,4294967295,0,0
oInvCollPH,2208,448,00068E7A,0,1,1,4294967295,0,0
oInvCollPH,2208,464,000EC27E,0,1,1,4294967295,0,0
oInvCollPH,2208,480,0013A12B,0,1,1,4294967295,0,0
oInvCollPH,2208,496,004043B9,0,1,1,4294967295,0,0
oInvCollPH,2208,512,003C23C2,0,1,1,4294967295,0,0
oInvCollPH,2208,528,00277BA9,0,1,1,4294967295,0,0
oInvCollPH,2208,544,002A1419,0,1,1,4294967295,0,0
oInvCollPH,2208,560,0025F576,0,1,1,4294967295,0,0
oInvCollPH,2208,576,002BD0F7,0,1,1,4294967295,0,0
oInvCollPH,2208,592,0009CBD7,0,1,1,4294967295,0,0
oInvCollPH,2208,608,0027BD1B,0,1,1,4294967295,0,0
oInvCollPH,2208,624,003C6268,0,1,1,4294967295,0,0
oInvCollPH,2208,640,003AD6B4,0,1,1,4294967295,0,0
oInvCollPH,2208,656,003C93E0,0,1,1,4294967295,0,0
oInvCollPH,2208,672,0023559F,0,1,1,4294967295,0,0
oInvCollPH,2208,688,003832FE,0,1,1,4294967295,0,0
oInvCollPH,2208,704,00353539,0,1,1,4294967295,0,0
oInvCollPH,2416,240,003CE0F5,0,1,1,4294967295,0,0
oInvCollPH,2432,240,00034946,0,1,1,4294967295,0,0
oInvCollPH,2448,240,0006166E,0,1,1,4294967295,0,0
oInvCollPH,2464,240,00073A60,0,1,1,4294967295,0,0
oInvCollPH,2400,256,00177055,0,1,1,4294967295,0,0
oInvCollPH,2400,272,00211311,0,1,1,4294967295,0,0
oInvCollPH,2400,288,001457CE,0,1,1,4294967295,0,0
oInvCollPH,2400,304,00385996,0,1,1,4294967295,0,0
oInvCollPH,2400,320,0007CE45,0,1,1,4294967295,0,0
oInvCollPH,2400,336,001198D6,0,1,1,4294967295,0,0
oInvCollPH,2400,352,001E18B2,0,1,1,4294967295,0,0
oInvCollPH,2480,240,0034213D,0,1,1,4294967295,0,0
oInvCollPH,2496,240,002A5A14,0,1,1,4294967295,0,0
oInvCollPH,2512,240,000E853C,0,1,1,4294967295,0,0
oInvCollPH,2528,240,000F3253,0,1,1,4294967295,0,0
oInvCollPH,2544,240,0006993F,0,1,1,4294967295,0,0
oInvCollPH,2544,256,001C05C4,0,1,1,4294967295,0,0
oInvCollPH,2544,272,00020E5C,0,1,1,4294967295,0,0
oInvCollPH,2544,288,00208828,0,1,1,4294967295,0,0
oInvCollPH,2544,304,0035165E,0,1,1,4294967295,0,0
oInvCollPH,2544,320,0034AFA1,0,1,1,4294967295,0,0
oInvCollPH,2544,336,0010761E,0,1,1,4294967295,0,0
oInvCollPH,2544,352,001FBD56,0,1,1,4294967295,0,0
oInvCollPH,2400,368,0033107E,0,1,1,4294967295,0,0
oInvCollPH,2400,384,00124D6C,0,1,1,4294967295,0,0
oInvCollPH,2400,400,00035B63,0,1,1,4294967295,0,0
oInvCollPH,2400,416,0027D5A4,0,1,1,4294967295,0,0
oInvCollPH,2400,432,00061EB0,0,1,1,4294967295,0,0
oInvCollPH,2400,448,00109ED8,0,1,1,4294967295,0,0
oInvCollPH,2400,464,001AC27E,0,1,1,4294967295,0,0
oInvCollPH,2400,480,00396CF8,0,1,1,4294967295,0,0
oInvCollPH,2400,496,003922DE,0,1,1,4294967295,0,0
oInvCollPH,2400,512,000086FE,0,1,1,4294967295,0,0
oInvCollPH,2400,528,000140E6,0,1,1,4294967295,0,0
oInvCollPH,2400,544,003B7F56,0,1,1,4294967295,0,0
oInvCollPH,2400,560,0035D06D,0,1,1,4294967295,0,0
oInvCollPH,2400,576,000DE121,0,1,1,4294967295,0,0
oInvCollPH,2400,592,00029338,0,1,1,4294967295,0,0
oInvCollPH,2400,608,000C8A3E,0,1,1,4294967295,0,0
oInvCollPH,2400,624,00136DAE,0,1,1,4294967295,0,0
oInvCollPH,2400,640,00235F46,0,1,1,4294967295,0,0
oInvCollPH,2400,656,003761D6,0,1,1,4294967295,0,0
oInvCollPH,2400,672,0024E04E,0,1,1,4294967295,0,0
oInvCollPH,2400,688,000A73C5,0,1,1,4294967295,0,0
oInvCollPH,2400,704,00303D90,0,1,1,4294967295,0,0
oInvCollPH,2544,368,002A9058,0,1,1,4294967295,0,0
oInvCollPH,2544,384,000740D7,0,1,1,4294967295,0,0
oInvCollPH,2544,400,000EC830,0,1,1,4294967295,0,0
oInvCollPH,2544,416,001988D9,0,1,1,4294967295,0,0
oInvCollPH,2544,432,002D6BED,0,1,1,4294967295,0,0
oInvCollPH,2544,448,002C7B22,0,1,1,4294967295,0,0
oInvCollPH,2544,464,001B8C4A,0,1,1,4294967295,0,0
oInvCollPH,2544,480,001FF743,0,1,1,4294967295,0,0
oInvCollPH,2544,496,002D61B2,0,1,1,4294967295,0,0
oInvCollPH,2544,512,00003EE7,0,1,1,4294967295,0,0
oInvCollPH,2544,528,002A5E90,0,1,1,4294967295,0,0
oInvCollPH,2544,544,001F88AE,0,1,1,4294967295,0,0
oInvCollPH,2544,560,0012BB56,0,1,1,4294967295,0,0
oInvCollPH,2544,576,000720B0,0,1,1,4294967295,0,0
oInvCollPH,2544,592,00216196,0,1,1,4294967295,0,0
oInvCollPH,2544,608,0022B1DB,0,1,1,4294967295,0,0
oInvCollPH,2544,624,0039C941,0,1,1,4294967295,0,0
oInvCollPH,2576,640,0003B741,0,1,1,4294967295,0,0
oInvCollPH,2592,640,00136E9B,0,1,1,4294967295,0,0
oInvCollPH,2608,640,000D94DD,0,1,1,4294967295,0,0
oInvCollPH,2624,640,002763DE,0,1,1,4294967295,0,0
oInvCollPH,2640,640,00119628,0,1,1,4294967295,0,0
oInvCollPH,2800,208,003CCCE4,0,1,1,4294967295,0,0
oInvCollPH,2784,224,003A5673,0,1,1,4294967295,0,0
oInvCollPH,2800,224,00310795,0,1,1,4294967295,0,0
oInvCollPH,2816,16,00301A0E,0,1,1,4294967295,0,0
oInvCollPH,2816,32,0036D8D4,0,1,1,4294967295,0,0
oInvCollPH,2816,48,002A5FB6,0,1,1,4294967295,0,0
oInvCollPH,2816,64,0014D654,0,1,1,4294967295,0,0
oInvCollPH,2816,80,000E0D52,0,1,1,4294967295,0,0
oInvCollPH,2816,96,0030BBB0,0,1,1,4294967295,0,0
oInvCollPH,2816,112,0008D41A,0,1,1,4294967295,0,0
oInvCollPH,2832,128,001ABD05,0,1,1,4294967295,0,0
oInvCollPH,2848,128,0036666C,0,1,1,4294967295,0,0
oInvCollPH,2864,128,00038F90,0,1,1,4294967295,0,0
oInvCollPH,2880,128,003FF181,0,1,1,4294967295,0,0
oInvCollPH,2896,128,001C921C,0,1,1,4294967295,0,0
oInvCollPH,2912,128,000802B7,0,1,1,4294967295,0,0
oInvCollPH,2928,128,00115309,0,1,1,4294967295,0,0
oInvCollPH,2960,128,002C51FB,0,1,1,4294967295,0,0
oInvCollPH,2960,0,00400AC7,0,1,1,4294967295,0,0
oInvCollPH,2960,16,00257395,0,1,1,4294967295,0,0
oInvCollPH,2960,32,003634DA,0,1,1,4294967295,0,0
oInvCollPH,2960,48,001867F9,0,1,1,4294967295,0,0
oInvCollPH,2960,64,001ADD9E,0,1,1,4294967295,0,0
oInvCollPH,2960,80,00262E63,0,1,1,4294967295,0,0
oInvCollPH,2960,96,002AB86E,0,1,1,4294967295,0,0
oInvCollPH,2960,112,00239E86,0,1,1,4294967295,0,0
oInvCollPH,2960,144,0036F7BC,0,1,1,4294967295,0,0
oInvCollPH,2960,224,002F18F3,0,1,1,4294967295,0,0
oInvCollPH,2960,208,0030F828,0,1,1,4294967295,0,0
oInvCollPH,2960,192,0010815C,0,1,1,4294967295,0,0
oInvCollPH,2960,176,001C70B6,0,1,1,4294967295,0,0
oInvCollPH,2960,160,00400197,0,1,1,4294967295,0,0
oInvCollPH,2864,224,001F7A7F,0,1,1,4294967295,0,0
oInvCollPH,2880,240,00375680,0,1,1,4294967295,0,0
oInvCollPH,2896,240,0032FA0F,0,1,1,4294967295,0,0
oInvCollPH,2912,240,003BF967,0,1,1,4294967295,0,0
oInvCollPH,2928,240,0031642E,0,1,1,4294967295,0,0
oInvCollPH,2960,240,0024A710,0,1,1,4294967295,0,0
oInvCollPH,2960,256,002C7A1D,0,1,1,4294967295,0,0
oInvCollPH,2960,272,00034C31,0,1,1,4294967295,0,0
oInvCollPH,2960,288,0032D331,0,1,1,4294967295,0,0
oInvCollPH,2960,304,00194E94,0,1,1,4294967295,0,0
oInvCollPH,2960,320,000A1E2E,0,1,1,4294967295,0,0
oInvCollPH,2960,336,0003CC6B,0,1,1,4294967295,0,0
oInvCollPH,2960,352,003C0678,0,1,1,4294967295,0,0
oInvCollPH,2816,272,00090EE7,0,1,1,4294967295,0,0
oInvCollPH,2816,288,0026E54E,0,1,1,4294967295,0,0
oInvCollPH,2816,304,00281E0E,0,1,1,4294967295,0,0
oInvCollPH,2816,320,000F0FEA,0,1,1,4294967295,0,0
oInvCollPH,2816,336,000F152C,0,1,1,4294967295,0,0
oInvCollPH,2816,352,00065ACE,0,1,1,4294967295,0,0
oInvCollPH,2816,368,0024570C,0,1,1,4294967295,0,0
oInvCollPH,2816,384,000250E2,0,1,1,4294967295,0,0
oInvCollPH,2960,368,0018EDF1,0,1,1,4294967295,0,0
oInvCollPH,2960,384,003B5420,0,1,1,4294967295,0,0
oInvCollPH,2816,400,0029E2EC,0,1,1,4294967295,0,0
oInvCollPH,2816,416,002B1337,0,1,1,4294967295,0,0
oInvCollPH,2960,400,001C6448,0,1,1,4294967295,0,0
oInvCollPH,2960,416,003DB5B7,0,1,1,4294967295,0,0
oInvCollPH,2656,640,001B8A55,0,1,1,4294967295,0,0
oInvCollPH,2672,640,0011CBBC,0,1,1,4294967295,0,0
oInvCollPH,2688,640,003A9BE9,0,1,1,4294967295,0,0
oInvCollPH,2704,640,002721FA,0,1,1,4294967295,0,0
oInvCollPH,2720,640,002FE331,0,1,1,4294967295,0,0
oInvCollPH,2736,640,00083EDA,0,1,1,4294967295,0,0
oInvCollPH,2816,432,000280CA,0,1,1,4294967295,0,0
oInvCollPH,2960,432,000E90E3,0,1,1,4294967295,0,0
oInvCollPH,2816,448,003A0F53,0,1,1,4294967295,0,0
oInvCollPH,2816,464,0003F026,0,1,1,4294967295,0,0
oInvCollPH,2832,464,00193378,0,1,1,4294967295,0,0
oInvCollPH,2848,464,00153D73,0,1,1,4294967295,0,0
oInvCollPH,2864,464,0026A2BB,0,1,1,4294967295,0,0
oInvCollPH,2880,464,003895A3,0,1,1,4294967295,0,0
oInvCollPH,2896,464,0014873B,0,1,1,4294967295,0,0
oInvCollPH,2912,464,0002A521,0,1,1,4294967295,0,0
oInvCollPH,2928,464,0005DA01,0,1,1,4294967295,0,0
oInvCollPH,2944,464,0035F28B,0,1,1,4294967295,0,0
oInvCollPH,2960,464,00331FF3,0,1,1,4294967295,0,0
oInvCollPH,2960,448,00207C31,0,1,1,4294967295,0,0
oInvCollPH,2800,640,000E98A6,0,1,1,4294967295,0,0
oInvCollPH,2784,640,00241F0D,0,1,1,4294967295,0,0
oInvCollPH,2768,640,001D9174,0,1,1,4294967295,0,0
oInvCollPH,2752,640,0011F1BD,0,1,1,4294967295,0,0
oInvCollPH,2864,640,00149A68,0,1,1,4294967295,0,0
oInvCollPH,2848,640,0000A5F1,0,1,1,4294967295,0,0
oInvCollPH,2832,640,0039ACED,0,1,1,4294967295,0,0
oInvCollPH,2816,640,003A5EC1,0,1,1,4294967295,0,0
oInvCollPH,3120,640,003ED9A8,0,1,1,4294967295,0,0
oInvCollPH,3104,640,0017120F,0,1,1,4294967295,0,0
oInvCollPH,3088,640,001CE881,0,1,1,4294967295,0,0
oInvCollPH,3072,640,000C11F6,0,1,1,4294967295,0,0
oInvCollPH,3056,640,0015ECF7,0,1,1,4294967295,0,0
oInvCollPH,3040,640,0039267C,0,1,1,4294967295,0,0
oInvCollPH,3024,640,0007790D,0,1,1,4294967295,0,0
oInvCollPH,3008,640,0035FCC6,0,1,1,4294967295,0,0
oInvCollPH,2992,640,001A06D8,0,1,1,4294967295,0,0
oInvCollPH,2976,640,00106074,0,1,1,4294967295,0,0
oInvCollPH,2928,640,00152E29,0,1,1,4294967295,0,0
oInvCollPH,2912,640,0025BACC,0,1,1,4294967295,0,0
oInvCollPH,2960,640,00152166,0,1,1,4294967295,0,0
oInvCollPH,2944,640,002F5F44,0,1,1,4294967295,0,0
oInvCollPH,2896,640,002A6FF1,0,1,1,4294967295,0,0
oInvCollPH,2880,640,0037612A,0,1,1,4294967295,0,0
oInvCollPH,3376,224,003B1AA4,0,1,1,4294967295,0,0
oInvCollPH,3392,224,0015F4CE,0,1,1,4294967295,0,0
oInvCollPH,3408,224,002FE48F,0,1,1,4294967295,0,0
oInvCollPH,3424,224,0028B2FE,0,1,1,4294967295,0,0
oInvCollPH,3440,224,002D45F8,0,1,1,4294967295,0,0
oInvCollPH,3456,224,0036BDCC,0,1,1,4294967295,0,0
oInvCollPH,3472,224,003F5547,0,1,1,4294967295,0,0
oInvCollPH,3360,240,0005A833,0,1,1,4294967295,0,0
oInvCollPH,3360,256,00111DF8,0,1,1,4294967295,0,0
oInvCollPH,3360,272,000C6582,0,1,1,4294967295,0,0
oInvCollPH,3360,288,00343528,0,1,1,4294967295,0,0
oInvCollPH,3360,304,000959CD,0,1,1,4294967295,0,0
oInvCollPH,3376,304,00312559,0,1,1,4294967295,0,0
oInvCollPH,3392,304,002E6EF0,0,1,1,4294967295,0,0
oInvCollPH,3408,304,00247AD4,0,1,1,4294967295,0,0
oInvCollPH,3424,304,0002F40A,0,1,1,4294967295,0,0
oInvCollPH,3440,304,00342204,0,1,1,4294967295,0,0
oInvCollPH,3456,304,00133BB3,0,1,1,4294967295,0,0
oInvCollPH,3472,304,0012ECD8,0,1,1,4294967295,0,0
oInvCollPH,3248,384,001FC6AF,0,1,1,4294967295,0,0
oInvCollPH,3264,384,00080E19,0,1,1,4294967295,0,0
oInvCollPH,3280,384,000FDDD1,0,1,1,4294967295,0,0
oInvCollPH,3296,384,003F6E35,0,1,1,4294967295,0,0
oInvCollPH,3312,384,00060465,0,1,1,4294967295,0,0
oInvCollPH,3328,384,0029222D,0,1,1,4294967295,0,0
oInvCollPH,3344,384,00246797,0,1,1,4294967295,0,0
oInvCollPH,3232,400,0005FF18,0,1,1,4294967295,0,0
oInvCollPH,3232,416,00036337,0,1,1,4294967295,0,0
oInvCollPH,3232,432,003ED45E,0,1,1,4294967295,0,0
oInvCollPH,3232,448,0000A7DB,0,1,1,4294967295,0,0
oInvCollPH,3232,464,0014C71E,0,1,1,4294967295,0,0
oInvCollPH,3248,464,0019EC58,0,1,1,4294967295,0,0
oInvCollPH,3264,464,001E5395,0,1,1,4294967295,0,0
oInvCollPH,3280,464,003848A4,0,1,1,4294967295,0,0
oInvCollPH,3296,464,00034872,0,1,1,4294967295,0,0
oInvCollPH,3312,464,000D7A33,0,1,1,4294967295,0,0
oInvCollPH,3328,464,0009F94D,0,1,1,4294967295,0,0
oInvCollPH,3344,464,00284D93,0,1,1,4294967295,0,0
oInvCollPH,3136,560,0037B00A,0,1,1,4294967295,0,0
oInvCollPH,3136,576,002089FF,0,1,1,4294967295,0,0
oInvCollPH,3136,592,00189A47,0,1,1,4294967295,0,0
oInvCollPH,3136,608,002D728C,0,1,1,4294967295,0,0
oInvCollPH,3136,624,00043E73,0,1,1,4294967295,0,0
oInvCollPH,3152,544,003CDA87,0,1,1,4294967295,0,0
oInvCollPH,3168,544,00011712,0,1,1,4294967295,0,0
oInvCollPH,3184,544,00095886,0,1,1,4294967295,0,0
oInvCollPH,3200,544,0008C289,0,1,1,4294967295,0,0
oInvCollPH,3216,544,0019B5E5,0,1,1,4294967295,0,0
oInvCollPH,3232,544,00160FBD,0,1,1,4294967295,0,0
oInvCollPH,3248,544,00350612,0,1,1,4294967295,0,0
oInvCollPH,3264,544,00216E53,0,1,1,4294967295,0,0
oInvCollPH,3280,544,003EC11E,0,1,1,4294967295,0,0
oInvCollPH,3296,544,0008ED60,0,1,1,4294967295,0,0
oInvCollPH,3312,544,00210ADD,0,1,1,4294967295,0,0
oInvCollPH,3328,544,000E046D,0,1,1,4294967295,0,0
oInvCollPH,3344,544,000E0B5C,0,1,1,4294967295,0,0
oInvCollPH,3376,384,00247BEE,0,1,1,4294967295,0,0
oInvCollPH,3392,384,0001A7E6,0,1,1,4294967295,0,0
oInvCollPH,3408,384,00013AFA,0,1,1,4294967295,0,0
oInvCollPH,3424,384,001C7A8E,0,1,1,4294967295,0,0
oInvCollPH,3440,384,0034BCC7,0,1,1,4294967295,0,0
oInvCollPH,3456,384,000727D0,0,1,1,4294967295,0,0
oInvCollPH,3472,384,001A3899,0,1,1,4294967295,0,0
oInvCollPH,3504,224,001DD925,0,1,1,4294967295,0,0
oInvCollPH,3520,224,002B793C,0,1,1,4294967295,0,0
oInvCollPH,3552,208,003D0139,0,1,1,4294967295,0,0
oInvCollPH,3568,224,001CA735,0,1,1,4294967295,0,0
oInvCollPH,3584,224,000C0E52,0,1,1,4294967295,0,0
oInvCollPH,3600,224,0019E678,0,1,1,4294967295,0,0
oInvCollPH,3616,224,0015AC32,0,1,1,4294967295,0,0
oInvCollPH,3632,224,000B1326,0,1,1,4294967295,0,0
oInvCollPH,3648,224,0033AB09,0,1,1,4294967295,0,0
oInvCollPH,3664,224,002B1A53,0,1,1,4294967295,0,0
oInvCollPH,3360,480,003D116A,0,1,1,4294967295,0,0
oInvCollPH,3360,496,0014DA14,0,1,1,4294967295,0,0
oInvCollPH,3360,512,0024CA9F,0,1,1,4294967295,0,0
oInvCollPH,3360,528,0019BC12,0,1,1,4294967295,0,0
oInvCollPH,3488,320,00112F3B,0,1,1,4294967295,0,0
oInvCollPH,3488,336,001AF487,0,1,1,4294967295,0,0
oInvCollPH,3488,352,001B437F,0,1,1,4294967295,0,0
oInvCollPH,3488,368,002E3AE9,0,1,1,4294967295,0,0
oInvCollPH,2816,256,000246ED,0,1,1,4294967295,0,0
oInvCollPH,2816,208,002015F4,0,1,1,4294967295,0,0
oInvCollPH,2832,208,0037F894,0,1,1,4294967295,0,0
oInvCollPH,2848,208,001C7529,0,1,1,4294967295,0,0
oInvCollPH,2864,208,0017CCF7,0,1,1,4294967295,0,0
oEnemySpawnZone,1616,368,000554A5,0,1,1,4294967295,0,1
oEnemySpawnZone,1616,384,003D4CF7,0,1,1,4294967295,0,1
oEnemySpawnZone,800,96,0030C303,0,1,1,4294967295,0,1
oEnemySpawnZone,1840,352,00375F23,0,1,1,4294967295,0,1
oEnemySpawnZone,2944,480,0007F905,0,1,1,4294967295,0,1
oInvisibleLCeilingLowSlope,288,224,000E0069,0,1,1,4294967295,0,0
oInvisibleLCeilingLowSlope,256,240,00020D1F,0,1,1,4294967295,0,0
oInvisibleLCeilingLowSlope,224,256,00126714,0,1,1,4294967295,0,0
oInvisibleLCeilingLowSlope,192,272,00013A37,0,1,1,4294967295,0,0
oInvisibleLCeilingLowSlope,160,320,003CAE58,0,1,1,4294967295,0,0
oInvisibleLCeilingLowSlope,128,336,003A2489,0,1,1,4294967295,0,0
oInvisibleLCeilingLowSlope,96,384,00330D35,0,1,1,4294967295,0,0
oInvisibleLCeilingLowSlope,64,400,003E11C4,0,1,1,4294967295,0,0
oInvisibleSolid,0,192,0007FDA2,0,1,1,4294967295,0,1
oInvisibleSolid,0,224,00071395,0,1,1,4294967295,0,1
oInvisibleSolid,0,240,002B08EF,0,1,1,4294967295,0,1
oInvisibleSolid,0,256,000DD2A9,0,1,1,4294967295,0,1
oInvisibleSolid,0,272,003AD49F,0,1,1,4294967295,0,1
oInvisibleSolid,0,320,002B83A7,0,1,1,4294967295,0,1
oInvisibleSolid,0,336,00022065,0,1,1,4294967295,0,1
oInvisibleSolid,0,384,00012D94,0,1,1,4294967295,0,1
oInvisibleSolid,0,400,002385C6,0,1,1,4294967295,0,1
oInvisibleSolid,0,448,001C50AC,0,1,1,4294967295,0,1
oInvisibleSolid,0,608,0005E9A4,0,1,1,4294967295,0,1
oInvisibleRCeilingLowSlope,480,256,0013F783,0,1,1,4294967295,0,0
oInvisibleRCeilingLowSlope,512,272,003DE763,0,1,1,4294967295,0,0
oInvisibleRCeilingLowSlope,544,288,003329A9,0,1,1,4294967295,0,0
oInvisibleRCeilingLowSlope,576,304,001BC81C,0,1,1,4294967295,0,0
oInvisibleSolid,544,224,0023B626,0,1,1,4294967295,0,1
oInvisibleSolid,896,352,00337A8B,0,1,1,4294967295,0,1
oInvisibleSolid,1120,608,0000B01C,0,1,1,4294967295,0,1
oInvisibleSolid,608,480,001BCA2D,0,1,1,4294967295,0,1
oInvisibleSolid,608,352,003BB4FC,0,1,1,4294967295,0,1
oInvisibleSolid,480,224,000F3772,0,1,1,4294967295,0,1
oInvisibleSolid,512,224,002477A6,0,1,1,4294967295,0,1
oInvisibleSolid,576,288,003067F7,0,1,1,4294967295,0,1
oInvisibleSolid,608,304,001EB1AA,0,1,1,4294967295,0,1
oInvisibleSolid,2048,272,003F95D1,0,1,1,4294967295,0,1
oInvisibleSolid,2096,368,00333668,0,1,1,4294967295,0,1
oInvisibleSolid,2816,0,0015D6C4,0,1,1,4294967295,0,1
oInvisibleSolid,2816,128,00087F5A,0,1,1,4294967295,0,1
oInvisibleSolid,2944,0,001EEB11,0,1,1,4294967295,0,1
oInvisibleSolid,2784,208,001A4A71,0,1,1,4294967295,0,1
oInvisibleSolid,2816,240,001E8CBD,0,1,1,4294967295,0,1
oInvisibleSolid,2400,240,002E2830,0,1,1,4294967295,0,1
oInvisibleSolid,2560,640,0029488B,0,1,1,4294967295,0,1
oInvisibleSolid,3360,224,003528A8,0,1,1,4294967295,0,1
oInvisibleSolid,3136,544,002AC837,0,1,1,4294967295,0,1
oInvisibleSolid,3232,384,0019DC49,0,1,1,4294967295,0,1
oInvisibleSolid,3360,384,001567E0,0,1,1,4294967295,0,1
oInvisibleSolid,3488,224,003A4D0D,0,1,1,4294967295,0,1
oInvisibleSolid,3536,208,0003BE8B,0,1,1,4294967295,0,1
