oExit,0,224,0006D0DF,0,1,1,4294967295,0,1
oExit,5792,192,00101406,0,1,1,4294967295,0,1
oPlayer1,48,256,000DF2DB,0,1,1,4294967295,0,0
oInvCollPH,0,176,001912B3,0,1,1,4294967295,0,0
oInvCollPH,16,176,002F1379,0,1,1,4294967295,0,0
oInvCollPH,32,176,004006CF,0,1,1,4294967295,0,0
oInvCollPH,48,176,000A656C,0,1,1,4294967295,0,0
oInvCollPH,48,160,003A4C53,0,1,1,4294967295,0,0
oInvCollPH,48,144,003807EC,0,1,1,4294967295,0,0
oInvCollPH,48,128,001A7342,0,1,1,4294967295,0,0
oInvCollPH,48,112,0023AB9E,0,1,1,4294967295,0,0
oInvCollPH,48,96,0003F4EB,0,1,1,4294967295,0,0
oInvCollPH,48,80,00288076,0,1,1,4294967295,0,0
oInvCollPH,48,64,0015DEBB,0,1,1,4294967295,0,0
oInvCollPH,48,48,003BE609,0,1,1,4294967295,0,0
oInvCollPH,48,32,003759A7,0,1,1,4294967295,0,0
oInvCollPH,48,16,001CC493,0,1,1,4294967295,0,0
oInvCollPH,48,0,00305AD3,0,1,1,4294967295,0,0
oInvCollPH,16,256,002FCC10,0,1,1,4294967295,0,0
oInvCollPH,32,256,001469FB,0,1,1,4294967295,0,0
oInvCollPH,48,256,003AF710,0,1,1,4294967295,0,0
oInvCollPH,64,256,0001D8CD,0,1,1,4294967295,0,0
oInvCollPH,80,256,002E4891,0,1,1,4294967295,0,0
oInvCollPH,96,256,003D1739,0,1,1,4294967295,0,0
oInvCollPH,112,256,002F4603,0,1,1,4294967295,0,0
oInvCollPH,128,256,0039A203,0,1,1,4294967295,0,0
oInvCollPH,144,256,001ED991,0,1,1,4294967295,0,0
oInvCollPH,144,272,0021ABE2,0,1,1,4294967295,0,0
oInvCollPH,144,288,0035259F,0,1,1,4294967295,0,0
oInvCollPH,144,304,000FDD03,0,1,1,4294967295,0,0
oInvCollPH,144,320,0023FCB3,0,1,1,4294967295,0,0
oInvCollPH,144,336,003CBF6C,0,1,1,4294967295,0,0
oInvCollPH,352,16,00149E7C,0,1,1,4294967295,0,0
oInvCollPH,352,32,00124180,0,1,1,4294967295,0,0
oInvCollPH,352,48,003E9821,0,1,1,4294967295,0,0
oInvCollPH,352,64,0012D1C4,0,1,1,4294967295,0,0
oInvCollPH,352,80,00403F73,0,1,1,4294967295,0,0
oInvCollPH,352,96,001E9810,0,1,1,4294967295,0,0
oInvCollPH,352,112,003DA940,0,1,1,4294967295,0,0
oInvCollPH,352,128,000B873B,0,1,1,4294967295,0,0
oInvCollPH,352,144,00287AEF,0,1,1,4294967295,0,0
oInvCollPH,368,144,0022E796,0,1,1,4294967295,0,0
oInvCollPH,384,144,000E4BDF,0,1,1,4294967295,0,0
oInvCollPH,400,144,001E2A8A,0,1,1,4294967295,0,0
oInvCollPH,400,128,002831B7,0,1,1,4294967295,0,0
oInvCollPH,400,112,00281949,0,1,1,4294967295,0,0
oInvCollPH,400,96,0000C268,0,1,1,4294967295,0,0
oInvCollPH,400,80,002C995A,0,1,1,4294967295,0,0
oInvCollPH,400,64,00391AE3,0,1,1,4294967295,0,0
oInvCollPH,256,304,001A18EA,0,1,1,4294967295,0,0
oInvCollPH,256,320,000521DE,0,1,1,4294967295,0,0
oInvCollPH,256,336,003C276B,0,1,1,4294967295,0,0
oInvCollPH,272,288,000C1F4C,0,1,1,4294967295,0,0
oInvCollPH,288,288,0010F282,0,1,1,4294967295,0,0
oInvCollPH,304,288,002B8E54,0,1,1,4294967295,0,0
oInvCollPH,320,288,0006ACDE,0,1,1,4294967295,0,0
oInvCollPH,336,288,00056A82,0,1,1,4294967295,0,0
oInvCollPH,352,288,003469B2,0,1,1,4294967295,0,0
oInvCollPH,368,288,00324EE1,0,1,1,4294967295,0,0
oInvCollPH,384,288,00109B57,0,1,1,4294967295,0,0
oInvCollPH,400,288,001F881C,0,1,1,4294967295,0,0
oInvCollPH,400,304,001D0F74,0,1,1,4294967295,0,0
oInvCollPH,480,304,000B457A,0,1,1,4294967295,0,0
oInvCollPH,480,320,000B9FFD,0,1,1,4294967295,0,0
oInvCollPH,400,320,001DC6E5,0,1,1,4294967295,0,0
oInvCollPH,400,336,003CAB15,0,1,1,4294967295,0,0
oInvCollPH,480,336,003A8B73,0,1,1,4294967295,0,0
oInvCollPH,496,288,003B3018,0,1,1,4294967295,0,0
oInvCollPH,512,288,0037F362,0,1,1,4294967295,0,0
oInvCollPH,528,288,001F2E9E,0,1,1,4294967295,0,0
oInvCollPH,544,288,003F2E52,0,1,1,4294967295,0,0
oInvCollPH,560,288,00138E71,0,1,1,4294967295,0,0
oInvCollPH,656,192,00382692,0,1,1,4294967295,0,0
oInvCollPH,672,192,0032AA55,0,1,1,4294967295,0,0
oInvCollPH,688,192,000EA9FF,0,1,1,4294967295,0,0
oInvCollPH,704,192,002912A6,0,1,1,4294967295,0,0
oInvCollPH,720,192,00191173,0,1,1,4294967295,0,0
oInvCollPH,416,48,00055DF4,0,1,1,4294967295,0,0
oInvCollPH,432,48,00312B4B,0,1,1,4294967295,0,0
oInvCollPH,448,48,00066EA4,0,1,1,4294967295,0,0
oInvCollPH,464,48,003DA61A,0,1,1,4294967295,0,0
oInvCollPH,480,48,0008C6B5,0,1,1,4294967295,0,0
oInvCollPH,496,48,00213297,0,1,1,4294967295,0,0
oInvCollPH,512,48,00221CDB,0,1,1,4294967295,0,0
oInvCollPH,528,48,002BE806,0,1,1,4294967295,0,0
oInvCollPH,544,48,00293458,0,1,1,4294967295,0,0
oInvCollPH,560,48,00276980,0,1,1,4294967295,0,0
oInvCollPH,576,48,002947C9,0,1,1,4294967295,0,0
oInvCollPH,592,48,000AA0D5,0,1,1,4294967295,0,0
oInvCollPH,608,48,002662FA,0,1,1,4294967295,0,0
oInvCollPH,624,48,002E6707,0,1,1,4294967295,0,0
oInvCollPH,640,48,00368382,0,1,1,4294967295,0,0
oInvCollPH,656,48,0027B38E,0,1,1,4294967295,0,0
oInvCollPH,672,48,0022616D,0,1,1,4294967295,0,0
oInvCollPH,688,48,002681E9,0,1,1,4294967295,0,0
oInvCollPH,704,48,000DE22E,0,1,1,4294967295,0,0
oInvCollPH,720,48,0023DAEC,0,1,1,4294967295,0,0
oInvCollPH,592,192,002C658E,0,1,1,4294967295,0,0
oInvCollPH,608,192,001A9ACA,0,1,1,4294967295,0,0
oInvCollPH,624,192,003187FC,0,1,1,4294967295,0,0
oInvCollPH,576,208,00200EC2,0,1,1,4294967295,0,0
oInvCollPH,576,224,00296CBA,0,1,1,4294967295,0,0
oInvCollPH,576,240,001D18C3,0,1,1,4294967295,0,0
oInvCollPH,576,256,0000424D,0,1,1,4294967295,0,0
oInvCollPH,576,272,0023CA59,0,1,1,4294967295,0,0
oInvCollPH,720,208,00319F85,0,1,1,4294967295,0,0
oInvCollPH,720,224,002DEE47,0,1,1,4294967295,0,0
oInvCollPH,720,240,0003C052,0,1,1,4294967295,0,0
oInvCollPH,800,80,002B436E,0,1,1,4294967295,0,0
oInvCollPH,816,80,000B5F25,0,1,1,4294967295,0,0
oInvCollPH,832,80,00374CDF,0,1,1,4294967295,0,0
oInvCollPH,848,80,00262A21,0,1,1,4294967295,0,0
oInvCollPH,864,80,0007933E,0,1,1,4294967295,0,0
oInvCollPH,880,80,0001E790,0,1,1,4294967295,0,0
oInvCollPH,960,112,0009D19D,0,1,1,4294967295,0,0
oInvCollPH,976,112,002FA3D3,0,1,1,4294967295,0,0
oInvCollPH,992,112,0015770C,0,1,1,4294967295,0,0
oInvCollPH,1008,112,0036324D,0,1,1,4294967295,0,0
oInvCollPH,1024,112,0018AE85,0,1,1,4294967295,0,0
oInvCollPH,1040,112,002A309E,0,1,1,4294967295,0,0
oInvCollPH,736,64,0005148D,0,1,1,4294967295,0,0
oInvCollPH,736,80,00366888,0,1,1,4294967295,0,0
oInvCollPH,752,80,003D38CA,0,1,1,4294967295,0,0
oInvCollPH,768,80,0004C02F,0,1,1,4294967295,0,0
oInvCollPH,784,80,0007BED0,0,1,1,4294967295,0,0
oInvCollPH,896,96,000D5A8D,0,1,1,4294967295,0,0
oInvCollPH,896,112,001D6D25,0,1,1,4294967295,0,0
oInvCollPH,912,112,002F72DF,0,1,1,4294967295,0,0
oInvCollPH,928,112,00164A4C,0,1,1,4294967295,0,0
oInvCollPH,944,112,003D43EC,0,1,1,4294967295,0,0
oInvCollPH,1056,128,002CEC2A,0,1,1,4294967295,0,0
oInvCollPH,1056,144,002F59AF,0,1,1,4294967295,0,0
oInvCollPH,1072,144,001A8CD2,0,1,1,4294967295,0,0
oInvCollPH,1088,144,000C9A5C,0,1,1,4294967295,0,0
oInvCollPH,1104,144,000BADEF,0,1,1,4294967295,0,0
oInvCollPH,1120,144,00029E7C,0,1,1,4294967295,0,0
oInvCollPH,1136,144,0008808E,0,1,1,4294967295,0,0
oInvCollPH,1152,144,002219C3,0,1,1,4294967295,0,0
oInvCollPH,1168,144,00116A05,0,1,1,4294967295,0,0
oInvCollPH,1184,144,000CD914,0,1,1,4294967295,0,0
oInvCollPH,1200,144,00107A85,0,1,1,4294967295,0,0
oInvCollPH,1216,144,002086B9,0,1,1,4294967295,0,0
oInvCollPH,1232,144,003750AC,0,1,1,4294967295,0,0
oInvCollPH,1232,128,002948CC,0,1,1,4294967295,0,0
oInvCollPH,1232,112,000F1FFA,0,1,1,4294967295,0,0
oInvCollPH,1232,96,000219F4,0,1,1,4294967295,0,0
oInvCollPH,1232,80,00208656,0,1,1,4294967295,0,0
oInvCollPH,1232,64,001B32DA,0,1,1,4294967295,0,0
oInvCollPH,1248,48,00282874,0,1,1,4294967295,0,0
oInvCollPH,1264,48,0011AD84,0,1,1,4294967295,0,0
oInvCollPH,1280,48,003381E5,0,1,1,4294967295,0,0
oInvCollPH,1296,48,00182883,0,1,1,4294967295,0,0
oInvCollPH,1312,64,0003AA8E,0,1,1,4294967295,0,0
oInvCollPH,1312,80,000E3361,0,1,1,4294967295,0,0
oInvCollPH,1312,96,002A1AC7,0,1,1,4294967295,0,0
oInvCollPH,1312,112,0011BF91,0,1,1,4294967295,0,0
oInvCollPH,1328,112,00318786,0,1,1,4294967295,0,0
oInvCollPH,1344,112,00078B08,0,1,1,4294967295,0,0
oInvCollPH,1360,112,00080616,0,1,1,4294967295,0,0
oInvCollPH,1376,112,0011D3D6,0,1,1,4294967295,0,0
oInvCollPH,1392,112,002704C2,0,1,1,4294967295,0,0
oInvCollPH,1408,112,00132903,0,1,1,4294967295,0,0
oInvCollPH,1424,112,00104997,0,1,1,4294967295,0,0
oInvCollPH,1440,112,000D9C6F,0,1,1,4294967295,0,0
oInvCollPH,1456,112,0024C609,0,1,1,4294967295,0,0
oInvCollPH,1472,112,003113C3,0,1,1,4294967295,0,0
oInvCollPH,1488,112,002A15B5,0,1,1,4294967295,0,0
oInvCollPH,1504,112,003DB0EA,0,1,1,4294967295,0,0
oInvCollPH,1520,112,00128EB4,0,1,1,4294967295,0,0
oInvCollPH,1536,112,002FB48B,0,1,1,4294967295,0,0
oInvCollPH,1552,112,0001BF3F,0,1,1,4294967295,0,0
oInvCollPH,1568,112,003E9D6E,0,1,1,4294967295,0,0
oInvCollPH,1584,112,002F0A15,0,1,1,4294967295,0,0
oInvCollPH,1600,112,003D88F6,0,1,1,4294967295,0,0
oInvCollPH,1616,112,0008360B,0,1,1,4294967295,0,0
oInvCollPH,1632,112,002F1B1C,0,1,1,4294967295,0,0
oInvCollPH,1648,112,001DD702,0,1,1,4294967295,0,0
oInvCollPH,1664,112,00347FCE,0,1,1,4294967295,0,0
oInvCollPH,1680,112,002E4252,0,1,1,4294967295,0,0
oInvCollPH,1696,112,00061CD0,0,1,1,4294967295,0,0
oInvCollPH,1712,112,000BD2F9,0,1,1,4294967295,0,0
oInvCollPH,1728,112,001E7414,0,1,1,4294967295,0,0
oInvCollPH,1744,112,0015AEBF,0,1,1,4294967295,0,0
oInvCollPH,1760,112,003A943B,0,1,1,4294967295,0,0
oInvCollPH,1776,112,000EE397,0,1,1,4294967295,0,0
oInvCollPH,1792,112,00196676,0,1,1,4294967295,0,0
oInvCollPH,1808,112,002D574E,0,1,1,4294967295,0,0
oInvCollPH,1824,112,000C7A03,0,1,1,4294967295,0,0
oInvCollPH,1840,112,000994C0,0,1,1,4294967295,0,0
oInvCollPH,1840,96,003AAC0C,0,1,1,4294967295,0,0
oInvCollPH,1840,80,0032107D,0,1,1,4294967295,0,0
oInvCollPH,1840,64,003010E2,0,1,1,4294967295,0,0
oInvCollPH,2160,128,00026D3D,0,1,1,4294967295,0,0
oInvCollPH,2176,128,000ED5FE,0,1,1,4294967295,0,0
oInvCollPH,2192,128,002F9E59,0,1,1,4294967295,0,0
oInvCollPH,2192,144,001A6FCE,0,1,1,4294967295,0,0
oInvCollPH,2192,160,00268D49,0,1,1,4294967295,0,0
oInvCollPH,2192,176,00090D10,0,1,1,4294967295,0,0
oInvCollPH,2176,176,000B9B75,0,1,1,4294967295,0,0
oInvCollPH,2160,176,0000758B,0,1,1,4294967295,0,0
oInvCollPH,2144,176,00139F87,0,1,1,4294967295,0,0
oInvCollPH,2096,160,0000591B,0,1,1,4294967295,0,0
oInvCollPH,2112,160,002E33B5,0,1,1,4294967295,0,0
oInvCollPH,2128,160,001B5477,0,1,1,4294967295,0,0
oInvCollPH,2128,192,002A9E95,0,1,1,4294967295,0,0
oInvCollPH,2128,208,0009FF2D,0,1,1,4294967295,0,0
oInvCollPH,2128,224,001D5ED4,0,1,1,4294967295,0,0
oInvCollPH,2128,240,000D6924,0,1,1,4294967295,0,0
oInvCollPH,2128,256,002C6DB0,0,1,1,4294967295,0,0
oInvCollPH,2128,272,001E86EE,0,1,1,4294967295,0,0
oInvCollPH,2032,128,001061C1,0,1,1,4294967295,0,0
oInvCollPH,2048,128,002FA7F3,0,1,1,4294967295,0,0
oInvCollPH,2064,128,0030E57E,0,1,1,4294967295,0,0
oInvCollPH,2064,144,00137F69,0,1,1,4294967295,0,0
oInvCollPH,2016,144,0003FD31,0,1,1,4294967295,0,0
oInvCollPH,2000,160,001A2508,0,1,1,4294967295,0,0
oInvCollPH,1984,160,00306042,0,1,1,4294967295,0,0
oInvCollPH,1968,160,000BA955,0,1,1,4294967295,0,0
oInvCollPH,1952,160,00009853,0,1,1,4294967295,0,0
oInvCollPH,1936,160,002FEFFC,0,1,1,4294967295,0,0
oInvCollPH,1920,160,0023F7E7,0,1,1,4294967295,0,0
oInvCollPH,1904,160,0010A375,0,1,1,4294967295,0,0
oInvCollPH,1632,240,0001AE42,0,1,1,4294967295,0,0
oInvCollPH,1648,224,00041C04,0,1,1,4294967295,0,0
oInvCollPH,1664,224,002FD024,0,1,1,4294967295,0,0
oInvCollPH,1680,224,00116FEB,0,1,1,4294967295,0,0
oInvCollPH,1680,240,000ED665,0,1,1,4294967295,0,0
oInvCollPH,1712,256,001E6D90,0,1,1,4294967295,0,0
oInvCollPH,1728,256,003A6D5C,0,1,1,4294967295,0,0
oInvCollPH,1744,256,00384418,0,1,1,4294967295,0,0
oInvCollPH,1760,240,001159EE,0,1,1,4294967295,0,0
oInvCollPH,1776,224,001A3F89,0,1,1,4294967295,0,0
oInvCollPH,1792,224,003C2F6A,0,1,1,4294967295,0,0
oInvCollPH,1808,224,0003440F,0,1,1,4294967295,0,0
oInvCollPH,1824,224,002E76D0,0,1,1,4294967295,0,0
oInvCollPH,1840,224,001D8A86,0,1,1,4294967295,0,0
oInvCollPH,1856,224,002B2F31,0,1,1,4294967295,0,0
oInvCollPH,1872,224,00016D9F,0,1,1,4294967295,0,0
oInvCollPH,1888,176,0025FC9A,0,1,1,4294967295,0,0
oInvCollPH,1888,192,002A8B22,0,1,1,4294967295,0,0
oInvCollPH,1888,208,001702D8,0,1,1,4294967295,0,0
oInvCollPH,736,256,0005A404,0,1,1,4294967295,0,0
oInvCollPH,752,256,0035E9FD,0,1,1,4294967295,0,0
oInvCollPH,768,256,0028FF50,0,1,1,4294967295,0,0
oInvCollPH,784,256,00318EC6,0,1,1,4294967295,0,0
oInvCollPH,800,256,003DDE55,0,1,1,4294967295,0,0
oInvCollPH,816,256,003EF205,0,1,1,4294967295,0,0
oInvCollPH,832,256,003111BB,0,1,1,4294967295,0,0
oInvCollPH,848,256,001D797F,0,1,1,4294967295,0,0
oInvCollPH,976,256,001B074F,0,1,1,4294967295,0,0
oInvCollPH,960,256,003EE44D,0,1,1,4294967295,0,0
oInvCollPH,944,256,00164F73,0,1,1,4294967295,0,0
oInvCollPH,928,256,0021D777,0,1,1,4294967295,0,0
oInvCollPH,912,256,0023CB10,0,1,1,4294967295,0,0
oInvCollPH,896,256,00395E73,0,1,1,4294967295,0,0
oInvCollPH,880,256,0014D777,0,1,1,4294967295,0,0
oInvCollPH,864,256,002B2AB0,0,1,1,4294967295,0,0
oInvCollPH,992,240,002D6CA7,0,1,1,4294967295,0,0
oInvCollPH,1008,224,0019F358,0,1,1,4294967295,0,0
oInvCollPH,1024,224,003923F6,0,1,1,4294967295,0,0
oInvCollPH,1040,224,00220255,0,1,1,4294967295,0,0
oInvCollPH,1296,224,0007C0E9,0,1,1,4294967295,0,0
oInvCollPH,1312,224,0038E620,0,1,1,4294967295,0,0
oInvCollPH,1328,224,00107487,0,1,1,4294967295,0,0
oInvCollPH,1328,240,002B1132,0,1,1,4294967295,0,0
oInvCollPH,1072,224,00390AEC,0,1,1,4294967295,0,0
oInvCollPH,1088,224,002D104E,0,1,1,4294967295,0,0
oInvCollPH,1104,224,00268AEC,0,1,1,4294967295,0,0
oInvCollPH,1120,224,001EF4CA,0,1,1,4294967295,0,0
oInvCollPH,1136,224,0011B206,0,1,1,4294967295,0,0
oInvCollPH,1264,224,001DEE18,0,1,1,4294967295,0,0
oInvCollPH,1248,224,001AC58E,0,1,1,4294967295,0,0
oInvCollPH,1232,224,003AC6BE,0,1,1,4294967295,0,0
oInvCollPH,1216,224,0014B4AA,0,1,1,4294967295,0,0
oInvCollPH,1200,224,000D22AC,0,1,1,4294967295,0,0
oInvCollPH,1184,224,00161FB3,0,1,1,4294967295,0,0
oInvCollPH,1168,224,001F9B0F,0,1,1,4294967295,0,0
oInvCollPH,1152,224,002FEE09,0,1,1,4294967295,0,0
oInvCollPH,1360,256,000E3081,0,1,1,4294967295,0,0
oInvCollPH,1376,256,003F994B,0,1,1,4294967295,0,0
oInvCollPH,1392,256,00389BE1,0,1,1,4294967295,0,0
oInvCollPH,1408,256,000F4F84,0,1,1,4294967295,0,0
oInvCollPH,1424,256,0005B633,0,1,1,4294967295,0,0
oInvCollPH,1440,256,002C7900,0,1,1,4294967295,0,0
oInvCollPH,1456,256,0038634F,0,1,1,4294967295,0,0
oInvCollPH,1472,256,00010E6A,0,1,1,4294967295,0,0
oInvCollPH,1488,256,00352F3B,0,1,1,4294967295,0,0
oInvCollPH,1616,256,0038C706,0,1,1,4294967295,0,0
oInvCollPH,1600,256,0031D84E,0,1,1,4294967295,0,0
oInvCollPH,1584,256,0006D4EE,0,1,1,4294967295,0,0
oInvCollPH,1568,256,0027DDBA,0,1,1,4294967295,0,0
oInvCollPH,1552,256,0019CEC2,0,1,1,4294967295,0,0
oInvCollPH,1536,256,000BC760,0,1,1,4294967295,0,0
oInvCollPH,1520,256,0033888E,0,1,1,4294967295,0,0
oInvCollPH,1504,256,00170EB4,0,1,1,4294967295,0,0
oInvCollPH,2464,240,0013304A,0,1,1,4294967295,0,0
oInvCollPH,2464,256,000B7310,0,1,1,4294967295,0,0
oInvCollPH,2464,272,0030EF5A,0,1,1,4294967295,0,0
oInvCollPH,2480,224,00110B95,0,1,1,4294967295,0,0
oInvCollPH,2496,224,001270EC,0,1,1,4294967295,0,0
oInvCollPH,2512,224,003E1094,0,1,1,4294967295,0,0
oInvCollPH,2512,240,00306CCE,0,1,1,4294967295,0,0
oInvCollPH,2512,256,0028E3A1,0,1,1,4294967295,0,0
oInvCollPH,2512,272,0038230B,0,1,1,4294967295,0,0
oInvCollPH,2592,208,003A2170,0,1,1,4294967295,0,0
oInvCollPH,2592,224,0018198F,0,1,1,4294967295,0,0
oInvCollPH,2592,240,002BC691,0,1,1,4294967295,0,0
oInvCollPH,2608,240,0021F668,0,1,1,4294967295,0,0
oInvCollPH,2624,240,0016C925,0,1,1,4294967295,0,0
oInvCollPH,2640,240,002D80EA,0,1,1,4294967295,0,0
oInvCollPH,2640,224,000DF60B,0,1,1,4294967295,0,0
oInvCollPH,2640,208,0037A2B3,0,1,1,4294967295,0,0
oInvCollPH,2640,192,0034C199,0,1,1,4294967295,0,0
oInvCollPH,2720,240,001C0CB8,0,1,1,4294967295,0,0
oInvCollPH,2720,256,0014A665,0,1,1,4294967295,0,0
oInvCollPH,2720,272,0004A504,0,1,1,4294967295,0,0
oInvCollPH,2736,224,000B54FE,0,1,1,4294967295,0,0
oInvCollPH,2752,224,0011793C,0,1,1,4294967295,0,0
oInvCollPH,2768,224,001D8289,0,1,1,4294967295,0,0
oInvCollPH,2768,240,001A1B56,0,1,1,4294967295,0,0
oInvCollPH,2768,256,00034756,0,1,1,4294967295,0,0
oInvCollPH,2768,272,00355EF3,0,1,1,4294967295,0,0
oInvCollPH,2848,208,003294C8,0,1,1,4294967295,0,0
oInvCollPH,2848,224,00233769,0,1,1,4294967295,0,0
oInvCollPH,2848,240,00386907,0,1,1,4294967295,0,0
oInvCollPH,2864,240,0024FD28,0,1,1,4294967295,0,0
oInvCollPH,2880,240,002C2177,0,1,1,4294967295,0,0
oInvCollPH,2896,240,001EAD27,0,1,1,4294967295,0,0
oInvCollPH,2896,224,001F5837,0,1,1,4294967295,0,0
oInvCollPH,2896,208,001ED78D,0,1,1,4294967295,0,0
oInvCollPH,2896,192,002B0638,0,1,1,4294967295,0,0
oInvCollPH,3200,80,0029A5FD,0,1,1,4294967295,0,0
oInvCollPH,3200,96,0018C942,0,1,1,4294967295,0,0
oInvCollPH,3200,112,00400522,0,1,1,4294967295,0,0
oInvCollPH,3200,128,0019B7CE,0,1,1,4294967295,0,0
oInvCollPH,3200,144,00094C44,0,1,1,4294967295,0,0
oInvCollPH,3200,160,00233243,0,1,1,4294967295,0,0
oInvCollPH,3200,176,002135CE,0,1,1,4294967295,0,0
oInvCollPH,3216,176,0009F5A0,0,1,1,4294967295,0,0
oInvCollPH,3232,176,002A5F4C,0,1,1,4294967295,0,0
oInvCollPH,3248,176,002F7C8B,0,1,1,4294967295,0,0
oInvCollPH,3248,160,0009A7B4,0,1,1,4294967295,0,0
oInvCollPH,2240,144,0028D762,0,1,1,4294967295,0,0
oInvCollPH,2240,160,000FFAE1,0,1,1,4294967295,0,0
oInvCollPH,2240,176,002FB801,0,1,1,4294967295,0,0
oInvCollPH,2256,128,00034F2D,0,1,1,4294967295,0,0
oInvCollPH,2272,128,00240B82,0,1,1,4294967295,0,0
oInvCollPH,2288,128,003F52BA,0,1,1,4294967295,0,0
oInvCollPH,2304,128,0002F7AF,0,1,1,4294967295,0,0
oInvCollPH,2320,128,0002C24C,0,1,1,4294967295,0,0
oInvCollPH,2336,128,002DB3F4,0,1,1,4294967295,0,0
oInvCollPH,2352,128,003714D2,0,1,1,4294967295,0,0
oInvCollPH,2368,128,003267A3,0,1,1,4294967295,0,0
oInvCollPH,2384,128,0020C814,0,1,1,4294967295,0,0
oInvCollPH,2400,128,0015F02D,0,1,1,4294967295,0,0
oInvCollPH,2416,128,00220524,0,1,1,4294967295,0,0
oInvCollPH,2736,112,003EFB90,0,1,1,4294967295,0,0
oInvCollPH,2448,112,0033C50D,0,1,1,4294967295,0,0
oInvCollPH,2464,112,00090C40,0,1,1,4294967295,0,0
oInvCollPH,2480,112,0035100C,0,1,1,4294967295,0,0
oInvCollPH,2496,128,00298E71,0,1,1,4294967295,0,0
oInvCollPH,2512,128,000A1711,0,1,1,4294967295,0,0
oInvCollPH,2528,128,00026073,0,1,1,4294967295,0,0
oInvCollPH,2544,128,001F136F,0,1,1,4294967295,0,0
oInvCollPH,3056,176,000F7228,0,1,1,4294967295,0,0
oInvCollPH,3056,160,001705A2,0,1,1,4294967295,0,0
oInvCollPH,3056,144,001B18AC,0,1,1,4294967295,0,0
oInvCollPH,3056,128,0018F783,0,1,1,4294967295,0,0
oInvCollPH,3040,128,0007BA0D,0,1,1,4294967295,0,0
oInvCollPH,3024,128,003086D3,0,1,1,4294967295,0,0
oInvCollPH,3008,128,00202132,0,1,1,4294967295,0,0
oInvCollPH,2992,128,00330B01,0,1,1,4294967295,0,0
oInvCollPH,2976,128,003BBB67,0,1,1,4294967295,0,0
oInvCollPH,2960,128,00104C26,0,1,1,4294967295,0,0
oInvCollPH,2944,128,000A95C4,0,1,1,4294967295,0,0
oInvCollPH,2928,128,0028BE2F,0,1,1,4294967295,0,0
oInvCollPH,2912,128,002A93F9,0,1,1,4294967295,0,0
oInvCollPH,2896,128,002800FC,0,1,1,4294967295,0,0
oInvCollPH,2880,128,0031E134,0,1,1,4294967295,0,0
oInvCollPH,2864,128,003A0551,0,1,1,4294967295,0,0
oInvCollPH,2848,128,0021AA57,0,1,1,4294967295,0,0
oInvCollPH,2832,128,00332FEB,0,1,1,4294967295,0,0
oInvCollPH,2816,128,0018A5FC,0,1,1,4294967295,0,0
oInvCollPH,2752,128,0028CDC2,0,1,1,4294967295,0,0
oInvCollPH,2768,128,00169376,0,1,1,4294967295,0,0
oInvCollPH,2784,128,00247544,0,1,1,4294967295,0,0
oInvCollPH,2800,128,00380DA0,0,1,1,4294967295,0,0
oInvCollPH,2736,96,00359DD2,0,1,1,4294967295,0,0
oInvCollPH,2720,96,00033CB9,0,1,1,4294967295,0,0
oInvCollPH,2704,96,002534AC,0,1,1,4294967295,0,0
oInvCollPH,2688,112,0010E4EF,0,1,1,4294967295,0,0
oInvCollPH,2672,128,001E0911,0,1,1,4294967295,0,0
oInvCollPH,2656,128,00229C1E,0,1,1,4294967295,0,0
oInvCollPH,2640,128,00019DD1,0,1,1,4294967295,0,0
oInvCollPH,2624,128,0032FD1D,0,1,1,4294967295,0,0
oInvCollPH,2608,128,003D6CC8,0,1,1,4294967295,0,0
oInvCollPH,2592,128,00384569,0,1,1,4294967295,0,0
oInvCollPH,2576,128,0021CECE,0,1,1,4294967295,0,0
oInvCollPH,2560,128,000F66E2,0,1,1,4294967295,0,0
oInvCollPH,2256,176,00244C22,0,1,1,4294967295,0,0
oInvCollPH,2272,176,003D1D20,0,1,1,4294967295,0,0
oInvCollPH,2288,176,002BBDEE,0,1,1,4294967295,0,0
oInvCollPH,2304,176,00141FD0,0,1,1,4294967295,0,0
oInvCollPH,2320,176,0009295E,0,1,1,4294967295,0,0
oInvCollPH,2336,176,00272705,0,1,1,4294967295,0,0
oInvCollPH,2352,176,002E5C98,0,1,1,4294967295,0,0
oInvCollPH,2368,176,00160BA6,0,1,1,4294967295,0,0
oInvCollPH,2384,176,003535E1,0,1,1,4294967295,0,0
oInvCollPH,2400,176,002FA002,0,1,1,4294967295,0,0
oInvCollPH,2416,176,00028A76,0,1,1,4294967295,0,0
oInvCollPH,2432,176,003931C8,0,1,1,4294967295,0,0
oInvCollPH,2448,176,0028CCE2,0,1,1,4294967295,0,0
oInvCollPH,2464,176,0027D261,0,1,1,4294967295,0,0
oInvCollPH,2480,176,000330DC,0,1,1,4294967295,0,0
oInvCollPH,2496,176,0000D6C7,0,1,1,4294967295,0,0
oInvCollPH,2512,176,00236F8A,0,1,1,4294967295,0,0
oInvCollPH,2528,176,0018C7EB,0,1,1,4294967295,0,0
oInvCollPH,2544,176,000D7366,0,1,1,4294967295,0,0
oInvCollPH,2560,176,0021B4AA,0,1,1,4294967295,0,0
oInvCollPH,2576,176,000012F1,0,1,1,4294967295,0,0
oInvCollPH,2656,176,002F66B4,0,1,1,4294967295,0,0
oInvCollPH,2672,176,002A6C4C,0,1,1,4294967295,0,0
oInvCollPH,2688,176,00083323,0,1,1,4294967295,0,0
oInvCollPH,2704,176,000EFA11,0,1,1,4294967295,0,0
oInvCollPH,2720,176,00143885,0,1,1,4294967295,0,0
oInvCollPH,2736,176,00153353,0,1,1,4294967295,0,0
oInvCollPH,2752,176,0037D7F9,0,1,1,4294967295,0,0
oInvCollPH,2768,176,00108981,0,1,1,4294967295,0,0
oInvCollPH,2784,176,0034AD0D,0,1,1,4294967295,0,0
oInvCollPH,2800,176,002F0D23,0,1,1,4294967295,0,0
oInvCollPH,2816,176,000457F3,0,1,1,4294967295,0,0
oInvCollPH,2832,176,000C3E31,0,1,1,4294967295,0,0
oInvCollPH,3040,176,000B526D,0,1,1,4294967295,0,0
oInvCollPH,3024,176,003CB261,0,1,1,4294967295,0,0
oInvCollPH,3008,176,0009C2D7,0,1,1,4294967295,0,0
oInvCollPH,2992,176,000772C1,0,1,1,4294967295,0,0
oInvCollPH,2976,176,0011732D,0,1,1,4294967295,0,0
oInvCollPH,2960,176,00205E27,0,1,1,4294967295,0,0
oInvCollPH,2944,176,0004569F,0,1,1,4294967295,0,0
oInvCollPH,2928,176,0034BB51,0,1,1,4294967295,0,0
oInvCollPH,2912,176,0004EC1D,0,1,1,4294967295,0,0
oInvCollPH,1856,48,000CD5F5,0,1,1,4294967295,0,0
oInvCollPH,1872,48,000BEA3C,0,1,1,4294967295,0,0
oInvCollPH,1888,48,00010DAB,0,1,1,4294967295,0,0
oInvCollPH,1904,48,000C8560,0,1,1,4294967295,0,0
oInvCollPH,1920,48,0000341B,0,1,1,4294967295,0,0
oInvCollPH,1936,48,0038627E,0,1,1,4294967295,0,0
oInvCollPH,1952,48,003A6E69,0,1,1,4294967295,0,0
oInvCollPH,1968,48,000891D6,0,1,1,4294967295,0,0
oInvCollPH,1984,48,0027458F,0,1,1,4294967295,0,0
oInvCollPH,2000,48,000BB5D2,0,1,1,4294967295,0,0
oInvCollPH,2016,48,000DED32,0,1,1,4294967295,0,0
oInvCollPH,2032,48,00365858,0,1,1,4294967295,0,0
oInvCollPH,2048,48,000F3424,0,1,1,4294967295,0,0
oInvCollPH,2064,48,00005C1E,0,1,1,4294967295,0,0
oInvCollPH,2080,48,0015DBFD,0,1,1,4294967295,0,0
oInvCollPH,2096,48,0018DCFE,0,1,1,4294967295,0,0
oInvCollPH,2112,48,0018E441,0,1,1,4294967295,0,0
oInvCollPH,2128,48,003CE356,0,1,1,4294967295,0,0
oInvCollPH,2144,48,001A111B,0,1,1,4294967295,0,0
oInvCollPH,2160,48,0025A2A9,0,1,1,4294967295,0,0
oInvCollPH,2176,48,000A73C2,0,1,1,4294967295,0,0
oInvCollPH,2192,48,00371F5E,0,1,1,4294967295,0,0
oInvCollPH,2208,48,002FDBD6,0,1,1,4294967295,0,0
oInvCollPH,2224,48,00147A35,0,1,1,4294967295,0,0
oInvCollPH,2240,48,00217B95,0,1,1,4294967295,0,0
oInvCollPH,2256,48,0028614B,0,1,1,4294967295,0,0
oInvCollPH,2272,48,00045178,0,1,1,4294967295,0,0
oInvCollPH,2288,48,00095081,0,1,1,4294967295,0,0
oInvCollPH,2304,48,00032A7C,0,1,1,4294967295,0,0
oInvCollPH,2320,48,003A67E1,0,1,1,4294967295,0,0
oInvCollPH,2336,48,003C56F9,0,1,1,4294967295,0,0
oInvCollPH,2352,48,000EDEE2,0,1,1,4294967295,0,0
oInvCollPH,2368,48,00023B96,0,1,1,4294967295,0,0
oInvCollPH,2384,48,00098A43,0,1,1,4294967295,0,0
oInvCollPH,2400,48,001B95B1,0,1,1,4294967295,0,0
oInvCollPH,2416,48,0032A959,0,1,1,4294967295,0,0
oInvCollPH,2432,48,00253ADB,0,1,1,4294967295,0,0
oInvCollPH,2448,48,00373FDA,0,1,1,4294967295,0,0
oInvCollPH,2464,48,003760DD,0,1,1,4294967295,0,0
oInvCollPH,2480,48,004020C8,0,1,1,4294967295,0,0
oInvCollPH,2496,48,000B920E,0,1,1,4294967295,0,0
oInvCollPH,2512,48,000D54DA,0,1,1,4294967295,0,0
oInvCollPH,2528,48,000D37F4,0,1,1,4294967295,0,0
oInvCollPH,2544,48,000AF4D3,0,1,1,4294967295,0,0
oInvCollPH,2560,48,001CD5FE,0,1,1,4294967295,0,0
oInvCollPH,2576,48,0012B230,0,1,1,4294967295,0,0
oInvCollPH,2592,48,003AC31D,0,1,1,4294967295,0,0
oInvCollPH,2608,48,00074CA1,0,1,1,4294967295,0,0
oInvCollPH,2624,32,00391B2F,0,1,1,4294967295,0,0
oInvCollPH,2640,32,002E4066,0,1,1,4294967295,0,0
oInvCollPH,2656,32,003CB9D4,0,1,1,4294967295,0,0
oInvCollPH,2672,32,003A20E1,0,1,1,4294967295,0,0
oInvCollPH,2688,48,00166B05,0,1,1,4294967295,0,0
oInvCollPH,2704,48,0018ECC0,0,1,1,4294967295,0,0
oInvCollPH,2720,48,0035D53B,0,1,1,4294967295,0,0
oInvCollPH,2736,48,001DEB9A,0,1,1,4294967295,0,0
oInvCollPH,2752,48,00120EBA,0,1,1,4294967295,0,0
oInvCollPH,2768,48,00387724,0,1,1,4294967295,0,0
oInvCollPH,2784,48,001BB9FD,0,1,1,4294967295,0,0
oInvCollPH,2800,48,0005FF45,0,1,1,4294967295,0,0
oInvCollPH,2816,48,001FAE94,0,1,1,4294967295,0,0
oInvCollPH,2832,48,000D16A9,0,1,1,4294967295,0,0
oInvCollPH,2848,48,0039497B,0,1,1,4294967295,0,0
oInvCollPH,2864,48,0006335D,0,1,1,4294967295,0,0
oInvCollPH,2880,48,002CE8DA,0,1,1,4294967295,0,0
oInvCollPH,2896,48,00228102,0,1,1,4294967295,0,0
oInvCollPH,2912,48,0036AF32,0,1,1,4294967295,0,0
oInvCollPH,2928,48,000E7522,0,1,1,4294967295,0,0
oInvCollPH,2944,48,0013BAFF,0,1,1,4294967295,0,0
oInvCollPH,2960,48,002E84C9,0,1,1,4294967295,0,0
oInvCollPH,2976,48,000A960C,0,1,1,4294967295,0,0
oInvCollPH,2992,48,00257396,0,1,1,4294967295,0,0
oInvCollPH,3008,48,002F8543,0,1,1,4294967295,0,0
oInvCollPH,3024,48,0017E6E1,0,1,1,4294967295,0,0
oInvCollPH,3040,48,00150957,0,1,1,4294967295,0,0
oInvCollPH,3056,48,0015AB86,0,1,1,4294967295,0,0
oInvCollPH,3072,48,0018941D,0,1,1,4294967295,0,0
oInvCollPH,3088,48,004044E5,0,1,1,4294967295,0,0
oInvCollPH,3104,48,000CED54,0,1,1,4294967295,0,0
oInvCollPH,3120,48,000809EC,0,1,1,4294967295,0,0
oInvCollPH,3136,48,000CED52,0,1,1,4294967295,0,0
oInvCollPH,3152,48,002ACAFE,0,1,1,4294967295,0,0
oInvCollPH,3168,48,002B6E98,0,1,1,4294967295,0,0
oInvCollPH,3184,48,002F2E8C,0,1,1,4294967295,0,0
oInvCollPH,2160,288,000C4922,0,1,1,4294967295,0,0
oInvCollPH,2176,288,000AA421,0,1,1,4294967295,0,0
oInvCollPH,2192,288,000289BD,0,1,1,4294967295,0,0
oInvCollPH,2208,288,001D6D7A,0,1,1,4294967295,0,0
oInvCollPH,2224,288,000F5D26,0,1,1,4294967295,0,0
oInvCollPH,2240,288,0004DF35,0,1,1,4294967295,0,0
oInvCollPH,2256,288,002510DE,0,1,1,4294967295,0,0
oInvCollPH,2272,288,000EEDA8,0,1,1,4294967295,0,0
oInvCollPH,2288,288,0016890F,0,1,1,4294967295,0,0
oInvCollPH,2304,288,00341246,0,1,1,4294967295,0,0
oInvCollPH,2320,288,0001C7F2,0,1,1,4294967295,0,0
oInvCollPH,2336,288,003B358B,0,1,1,4294967295,0,0
oInvCollPH,2352,288,001F40E4,0,1,1,4294967295,0,0
oInvCollPH,2368,288,001E08AB,0,1,1,4294967295,0,0
oInvCollPH,2384,288,003CCAB2,0,1,1,4294967295,0,0
oInvCollPH,2400,288,0003D813,0,1,1,4294967295,0,0
oInvCollPH,2416,288,0030F619,0,1,1,4294967295,0,0
oInvCollPH,2432,288,00333F86,0,1,1,4294967295,0,0
oInvCollPH,2448,288,000CB8B1,0,1,1,4294967295,0,0
oInvCollPH,2528,288,0021C182,0,1,1,4294967295,0,0
oInvCollPH,2544,288,00054C05,0,1,1,4294967295,0,0
oInvCollPH,2560,288,000EBF15,0,1,1,4294967295,0,0
oInvCollPH,2576,288,00330093,0,1,1,4294967295,0,0
oInvCollPH,2592,288,0008CAE9,0,1,1,4294967295,0,0
oInvCollPH,2608,288,00273C92,0,1,1,4294967295,0,0
oInvCollPH,2624,288,002E19F9,0,1,1,4294967295,0,0
oInvCollPH,2640,288,003E20B4,0,1,1,4294967295,0,0
oInvCollPH,2656,288,00098AE7,0,1,1,4294967295,0,0
oInvCollPH,2672,288,00320319,0,1,1,4294967295,0,0
oInvCollPH,2688,288,003FBBDF,0,1,1,4294967295,0,0
oInvCollPH,2704,288,003E2840,0,1,1,4294967295,0,0
oInvCollPH,2784,288,00227E1B,0,1,1,4294967295,0,0
oInvCollPH,2800,288,0036E66B,0,1,1,4294967295,0,0
oInvCollPH,2816,288,00050CAD,0,1,1,4294967295,0,0
oInvCollPH,2832,288,0005A51C,0,1,1,4294967295,0,0
oInvCollPH,2848,288,0014ED72,0,1,1,4294967295,0,0
oInvCollPH,2864,288,0033A2B0,0,1,1,4294967295,0,0
oInvCollPH,2880,288,0027D25E,0,1,1,4294967295,0,0
oInvCollPH,2896,288,00227CAF,0,1,1,4294967295,0,0
oInvCollPH,2912,288,0008D5A7,0,1,1,4294967295,0,0
oInvCollPH,2928,288,0001CA8C,0,1,1,4294967295,0,0
oInvCollPH,2944,288,00143729,0,1,1,4294967295,0,0
oInvCollPH,2960,288,000CB4B5,0,1,1,4294967295,0,0
oInvCollPH,2976,288,00204001,0,1,1,4294967295,0,0
oInvCollPH,2992,288,003A03CF,0,1,1,4294967295,0,0
oInvCollPH,3008,288,0030BA8F,0,1,1,4294967295,0,0
oInvCollPH,3024,288,00327ACC,0,1,1,4294967295,0,0
oInvCollPH,3040,288,00188522,0,1,1,4294967295,0,0
oInvCollPH,3056,288,001E6359,0,1,1,4294967295,0,0
oInvCollPH,3072,288,00328459,0,1,1,4294967295,0,0
oInvCollPH,3088,288,001A06C0,0,1,1,4294967295,0,0
oInvCollPH,3104,288,00379D18,0,1,1,4294967295,0,0
oInvCollPH,3120,288,002F6699,0,1,1,4294967295,0,0
oInvCollPH,3136,288,003B6CF7,0,1,1,4294967295,0,0
oInvCollPH,3152,288,00065CB7,0,1,1,4294967295,0,0
oInvCollPH,3168,288,003E0C2D,0,1,1,4294967295,0,0
oInvCollPH,3184,288,00208BB0,0,1,1,4294967295,0,0
oInvCollPH,3200,288,002DC088,0,1,1,4294967295,0,0
oInvCollPH,3216,288,00305A59,0,1,1,4294967295,0,0
oInvCollPH,3232,288,00356031,0,1,1,4294967295,0,0
oInvCollPH,3248,288,0039CEA6,0,1,1,4294967295,0,0
oInvCollPH,3264,288,0018768B,0,1,1,4294967295,0,0
oInvCollPH,3280,288,001CB430,0,1,1,4294967295,0,0
oInvCollPH,3296,288,000D694D,0,1,1,4294967295,0,0
oInvCollPH,3312,288,00067462,0,1,1,4294967295,0,0
oInvCollPH,3328,288,00347DDD,0,1,1,4294967295,0,0
oInvCollPH,3344,288,000C1B3B,0,1,1,4294967295,0,0
oInvCollPH,3360,288,0031979A,0,1,1,4294967295,0,0
oInvCollPH,3376,288,001A9771,0,1,1,4294967295,0,0
oInvCollPH,3392,288,00019E70,0,1,1,4294967295,0,0
oInvCollPH,3408,288,000B8CA3,0,1,1,4294967295,0,0
oInvCollPH,5616,144,000A171B,0,1,1,4294967295,0,0
oInvCollPH,5632,144,003AFC79,0,1,1,4294967295,0,0
oInvCollPH,5648,144,0025FF0E,0,1,1,4294967295,0,0
oInvCollPH,5664,144,00038DB3,0,1,1,4294967295,0,0
oInvCollPH,5680,144,003622CC,0,1,1,4294967295,0,0
oInvCollPH,5696,144,0037AC9F,0,1,1,4294967295,0,0
oInvCollPH,5712,144,0030AD3F,0,1,1,4294967295,0,0
oInvCollPH,5728,144,000D231F,0,1,1,4294967295,0,0
oInvCollPH,5744,144,001B6B52,0,1,1,4294967295,0,0
oInvCollPH,5760,144,0037D00B,0,1,1,4294967295,0,0
oInvCollPH,5776,144,003E4F07,0,1,1,4294967295,0,0
oInvCollPH,5792,144,001867BD,0,1,1,4294967295,0,0
oInvCollPH,5600,160,001AFAF2,0,1,1,4294967295,0,0
oInvCollPH,5600,176,000832D0,0,1,1,4294967295,0,0
oInvCollPH,5152,224,001229A3,0,1,1,4294967295,0,0
oInvCollPH,5168,224,00321606,0,1,1,4294967295,0,0
oInvCollPH,5184,224,00152CCF,0,1,1,4294967295,0,0
oInvCollPH,5200,224,003DD8DE,0,1,1,4294967295,0,0
oInvCollPH,5216,224,00211019,0,1,1,4294967295,0,0
oInvCollPH,5232,224,0017E3B3,0,1,1,4294967295,0,0
oInvCollPH,5248,224,000A1B48,0,1,1,4294967295,0,0
oInvCollPH,5568,224,003B21B8,0,1,1,4294967295,0,0
oInvCollPH,5552,224,0036D0BF,0,1,1,4294967295,0,0
oInvCollPH,5536,224,0005EA82,0,1,1,4294967295,0,0
oInvCollPH,5520,224,00137090,0,1,1,4294967295,0,0
oInvCollPH,5504,224,0017B7A2,0,1,1,4294967295,0,0
oInvCollPH,5488,224,00300F7F,0,1,1,4294967295,0,0
oInvCollPH,5472,224,003F5A27,0,1,1,4294967295,0,0
oInvCollPH,5456,224,002E3D44,0,1,1,4294967295,0,0
oInvCollPH,5440,224,001E5D6B,0,1,1,4294967295,0,0
oInvCollPH,5424,224,002E5AF1,0,1,1,4294967295,0,0
oInvCollPH,5408,224,003CD584,0,1,1,4294967295,0,0
oInvCollPH,5392,224,00031D20,0,1,1,4294967295,0,0
oInvCollPH,5376,224,0001FB19,0,1,1,4294967295,0,0
oInvCollPH,5360,224,002152CE,0,1,1,4294967295,0,0
oInvCollPH,5344,224,000A4FD2,0,1,1,4294967295,0,0
oInvCollPH,5328,224,0011765A,0,1,1,4294967295,0,0
oInvCollPH,5312,224,00275042,0,1,1,4294967295,0,0
oInvCollPH,5296,224,002A91D4,0,1,1,4294967295,0,0
oInvCollPH,5280,224,000A66D4,0,1,1,4294967295,0,0
oInvCollPH,5584,224,00267673,0,1,1,4294967295,0,0
oInvCollPH,5600,224,0010C7B3,0,1,1,4294967295,0,0
oInvCollPH,5616,224,000A0A41,0,1,1,4294967295,0,0
oInvCollPH,5632,224,002CFE37,0,1,1,4294967295,0,0
oInvCollPH,5648,224,0033CFE1,0,1,1,4294967295,0,0
oInvCollPH,5664,224,0030C07C,0,1,1,4294967295,0,0
oInvCollPH,5680,224,0013D0EC,0,1,1,4294967295,0,0
oInvCollPH,5696,224,0028EF12,0,1,1,4294967295,0,0
oInvCollPH,5712,224,00283290,0,1,1,4294967295,0,0
oInvCollPH,5728,224,003318F3,0,1,1,4294967295,0,0
oInvCollPH,5744,224,0021033B,0,1,1,4294967295,0,0
oInvCollPH,5760,224,00194F67,0,1,1,4294967295,0,0
oInvCollPH,5776,224,000937C9,0,1,1,4294967295,0,0
oInvCollPH,5792,224,001D6283,0,1,1,4294967295,0,0
oInvCollPH,5040,64,000D8D05,0,1,1,4294967295,0,0
oInvCollPH,5056,64,003738DA,0,1,1,4294967295,0,0
oInvCollPH,5072,64,000C4E73,0,1,1,4294967295,0,0
oInvCollPH,5088,64,000915D1,0,1,1,4294967295,0,0
oInvCollPH,5104,80,00127979,0,1,1,4294967295,0,0
oInvCollPH,5120,80,00021502,0,1,1,4294967295,0,0
oInvCollPH,5136,80,000F4C51,0,1,1,4294967295,0,0
oInvCollPH,5152,80,003D8009,0,1,1,4294967295,0,0
oInvCollPH,5168,96,002C6CC7,0,1,1,4294967295,0,0
oInvCollPH,5184,96,00302DFB,0,1,1,4294967295,0,0
oInvCollPH,5200,96,002961E3,0,1,1,4294967295,0,0
oInvCollPH,5216,96,002E68F8,0,1,1,4294967295,0,0
oInvCollPH,5232,112,001843E6,0,1,1,4294967295,0,0
oInvCollPH,5248,112,0018272E,0,1,1,4294967295,0,0
oInvCollPH,5264,112,000DC6FE,0,1,1,4294967295,0,0
oInvCollPH,5280,112,0007203D,0,1,1,4294967295,0,0
oInvCollPH,5296,128,002CC83D,0,1,1,4294967295,0,0
oInvCollPH,5312,128,00146C8E,0,1,1,4294967295,0,0
oInvCollPH,5328,128,0000D767,0,1,1,4294967295,0,0
oInvCollPH,5344,128,0015E6C2,0,1,1,4294967295,0,0
oInvCollPH,5360,144,003F6681,0,1,1,4294967295,0,0
oInvCollPH,5376,144,001130F0,0,1,1,4294967295,0,0
oInvCollPH,5392,144,00113C0E,0,1,1,4294967295,0,0
oInvCollPH,5408,144,00093890,0,1,1,4294967295,0,0
oInvCollPH,5424,160,00277011,0,1,1,4294967295,0,0
oInvCollPH,5440,160,001672FA,0,1,1,4294967295,0,0
oInvCollPH,5456,160,00332067,0,1,1,4294967295,0,0
oInvCollPH,5472,160,0014864A,0,1,1,4294967295,0,0
oInvCollPH,5488,176,003BE646,0,1,1,4294967295,0,0
oInvCollPH,5504,176,0036243A,0,1,1,4294967295,0,0
oInvCollPH,5520,176,00132732,0,1,1,4294967295,0,0
oInvCollPH,5536,176,002B1C56,0,1,1,4294967295,0,0
oInvCollSM,5568,192,0008D8B0,0,1,1,4294967295,0,0
oInvCollSM,5584,192,0019B481,0,1,1,4294967295,0,0
oInvCollSM,5600,192,0009B0C5,0,1,1,4294967295,0,0
oInvCollPH,4912,48,00174FBF,0,1,1,4294967295,0,0
oInvCollPH,4928,48,0010B939,0,1,1,4294967295,0,0
oInvCollPH,4944,48,003C4B53,0,1,1,4294967295,0,0
oInvCollPH,4960,48,00220C93,0,1,1,4294967295,0,0
oInvCollPH,4976,48,00007696,0,1,1,4294967295,0,0
oInvCollPH,4992,48,003180EE,0,1,1,4294967295,0,0
oInvCollPH,5008,48,00277B98,0,1,1,4294967295,0,0
oInvCollPH,5024,48,003FFA03,0,1,1,4294967295,0,0
oInvCollPH,5088,240,00012502,0,1,1,4294967295,0,0
oInvCollPH,5104,240,0022BB8F,0,1,1,4294967295,0,0
oInvCollPH,5120,240,0024A1EB,0,1,1,4294967295,0,0
oInvCollSM,4064,48,00392BDE,0,1,1,4294967295,0,0
oInvCollPH,4848,64,000206D2,0,1,1,4294967295,0,0
oInvCollPH,4848,80,00093B4D,0,1,1,4294967295,0,0
oInvCollPH,4864,80,0016E7BF,0,1,1,4294967295,0,0
oInvCollPH,4880,80,0009FA16,0,1,1,4294967295,0,0
oInvCollPH,4896,80,001CA09D,0,1,1,4294967295,0,0
oInvCollPH,4896,64,002E66B2,0,1,1,4294967295,0,0
oInvCollPH,3264,144,000E0202,0,1,1,4294967295,0,0
oInvCollPH,3280,144,001C37C9,0,1,1,4294967295,0,0
oInvCollPH,3296,144,00175FA2,0,1,1,4294967295,0,0
oInvCollPH,3312,144,003A8B2F,0,1,1,4294967295,0,0
oInvCollPH,3312,128,0029FCAE,0,1,1,4294967295,0,0
oInvCollPH,3312,112,0025872D,0,1,1,4294967295,0,0
oInvCollPH,3312,96,00205D0D,0,1,1,4294967295,0,0
oInvCollPH,3328,80,0023A66A,0,1,1,4294967295,0,0
oInvCollPH,3344,80,003B8B0D,0,1,1,4294967295,0,0
oInvCollPH,3360,80,003830DD,0,1,1,4294967295,0,0
oInvCollPH,3376,80,0036F940,0,1,1,4294967295,0,0
oInvCollPH,3392,112,000C909D,0,1,1,4294967295,0,0
oInvCollPH,3392,128,001CF5E9,0,1,1,4294967295,0,0
oInvCollPH,3392,144,00292F25,0,1,1,4294967295,0,0
oInvCollPH,3408,144,0009483F,0,1,1,4294967295,0,0
oInvCollPH,3424,144,0024B79E,0,1,1,4294967295,0,0
oInvCollPH,3440,144,000DDCE4,0,1,1,4294967295,0,0
oInvCollPH,3440,128,000577D1,0,1,1,4294967295,0,0
oInvCollPH,3440,112,00193BA9,0,1,1,4294967295,0,0
oInvCollPH,3440,96,0026FDD6,0,1,1,4294967295,0,0
oInvCollPH,3424,240,002BCA69,0,1,1,4294967295,0,0
oInvCollPH,3424,256,001BDE30,0,1,1,4294967295,0,0
oInvCollPH,3424,272,0007EEAE,0,1,1,4294967295,0,0
oInvCollPH,3440,224,0028A003,0,1,1,4294967295,0,0
oInvCollPH,3456,224,0033E93B,0,1,1,4294967295,0,0
oInvCollPH,3472,224,003217B7,0,1,1,4294967295,0,0
oInvCollPH,3488,176,0000BDFB,0,1,1,4294967295,0,0
oInvCollPH,3488,192,003453B7,0,1,1,4294967295,0,0
oInvCollPH,3488,208,0009654E,0,1,1,4294967295,0,0
oInvCollPH,3504,160,000E4C6B,0,1,1,4294967295,0,0
oInvCollPH,3520,160,00014D93,0,1,1,4294967295,0,0
oInvCollPH,3536,160,000215D0,0,1,1,4294967295,0,0
oInvCollPH,3456,80,000A658E,0,1,1,4294967295,0,0
oInvCollPH,3472,80,000AC290,0,1,1,4294967295,0,0
oInvCollPH,3488,80,0014EE06,0,1,1,4294967295,0,0
oInvCollPH,3504,80,002C3221,0,1,1,4294967295,0,0
oInvCollPH,3520,80,000D5658,0,1,1,4294967295,0,0
oInvCollPH,3536,80,0038FF57,0,1,1,4294967295,0,0
oInvCollPH,3552,80,0024DA33,0,1,1,4294967295,0,0
oInvCollPH,3568,80,00351114,0,1,1,4294967295,0,0
oInvCollPH,3584,96,002DB3CB,0,1,1,4294967295,0,0
oInvCollPH,3584,112,00111601,0,1,1,4294967295,0,0
oInvCollPH,3600,112,0040228C,0,1,1,4294967295,0,0
oInvCollPH,3616,112,0012EFB6,0,1,1,4294967295,0,0
oInvCollPH,3632,112,001D310A,0,1,1,4294967295,0,0
oInvCollPH,3648,128,0014F179,0,1,1,4294967295,0,0
oInvCollPH,3648,144,0032E3E8,0,1,1,4294967295,0,0
oInvCollPH,3664,144,00265379,0,1,1,4294967295,0,0
oInvCollPH,3680,144,003BFD81,0,1,1,4294967295,0,0
oInvCollPH,3696,144,00089761,0,1,1,4294967295,0,0
oInvCollPH,3696,128,002BB3DB,0,1,1,4294967295,0,0
oInvCollPH,3696,112,000E4C3D,0,1,1,4294967295,0,0
oInvCollPH,3696,96,002C88BC,0,1,1,4294967295,0,0
oInvCollPH,3568,192,00259B74,0,1,1,4294967295,0,0
oInvCollPH,3584,192,001FD895,0,1,1,4294967295,0,0
oInvCollPH,3600,192,0012C5CC,0,1,1,4294967295,0,0
oInvCollPH,3616,192,003E1D59,0,1,1,4294967295,0,0
oInvCollPH,3632,192,002A6CA9,0,1,1,4294967295,0,0
oInvCollPH,3648,192,0014B8C5,0,1,1,4294967295,0,0
oInvCollPH,3664,192,003133DF,0,1,1,4294967295,0,0
oInvCollPH,3536,176,001BEE91,0,1,1,4294967295,0,0
oInvCollPH,3696,224,0023C25F,0,1,1,4294967295,0,0
oInvCollPH,3712,224,000769D8,0,1,1,4294967295,0,0
oInvCollPH,3728,224,000DC6FD,0,1,1,4294967295,0,0
oInvCollPH,3744,224,000FA864,0,1,1,4294967295,0,0
oInvCollPH,3760,224,0018C86D,0,1,1,4294967295,0,0
oInvCollPH,3664,208,002779D8,0,1,1,4294967295,0,0
oInvCollPH,3712,80,0025D7E6,0,1,1,4294967295,0,0
oInvCollPH,3728,80,001B33F0,0,1,1,4294967295,0,0
oInvCollPH,3744,80,002686AE,0,1,1,4294967295,0,0
oInvCollPH,3760,80,002F0BC1,0,1,1,4294967295,0,0
oInvCollPH,3776,96,00044ADF,0,1,1,4294967295,0,0
oInvCollPH,3792,96,001AEACB,0,1,1,4294967295,0,0
oInvCollPH,3808,96,0019AE69,0,1,1,4294967295,0,0
oInvCollPH,3824,96,0034FB81,0,1,1,4294967295,0,0
oInvCollPH,3824,80,0038C95C,0,1,1,4294967295,0,0
oInvCollPH,3840,64,003116BB,0,1,1,4294967295,0,0
oInvCollPH,3856,64,0037DD8C,0,1,1,4294967295,0,0
oInvCollPH,3872,64,00051C9B,0,1,1,4294967295,0,0
oInvCollPH,3888,64,002735C1,0,1,1,4294967295,0,0
oInvCollPH,3776,176,000DACF7,0,1,1,4294967295,0,0
oInvCollPH,3776,192,00017A32,0,1,1,4294967295,0,0
oInvCollPH,3776,208,0021E28F,0,1,1,4294967295,0,0
oInvCollPH,3792,160,003AFDED,0,1,1,4294967295,0,0
oInvCollPH,3808,160,001FB39A,0,1,1,4294967295,0,0
oInvCollPH,3824,160,00068467,0,1,1,4294967295,0,0
oInvCollPH,3840,160,0008F552,0,1,1,4294967295,0,0
oInvCollPH,3856,160,00119EA1,0,1,1,4294967295,0,0
oInvCollPH,3872,144,002E7C89,0,1,1,4294967295,0,0
oInvCollPH,3872,128,001687AB,0,1,1,4294967295,0,0
oInvCollPH,3888,112,000B1292,0,1,1,4294967295,0,0
oInvCollPH,3904,112,0035B09D,0,1,1,4294967295,0,0
oInvCollPH,3920,112,00343431,0,1,1,4294967295,0,0
oInvCollPH,3936,128,002DAA48,0,1,1,4294967295,0,0
oInvCollPH,3952,128,0002C178,0,1,1,4294967295,0,0
oInvCollPH,3968,128,00013B89,0,1,1,4294967295,0,0
oInvCollPH,3968,144,0010F6BB,0,1,1,4294967295,0,0
oInvCollPH,3968,160,0021677B,0,1,1,4294967295,0,0
oInvCollPH,3984,176,001FC0F7,0,1,1,4294967295,0,0
oInvCollPH,4000,128,000391BC,0,1,1,4294967295,0,0
oInvCollPH,4000,144,00264B95,0,1,1,4294967295,0,0
oInvCollPH,4000,160,001A6C6C,0,1,1,4294967295,0,0
oInvCollSM,4320,160,001358A5,0,1,1,4294967295,0,0
oInvCollPH,4016,112,0028D454,0,1,1,4294967295,0,0
oInvCollPH,4032,112,000CC78C,0,1,1,4294967295,0,0
oInvCollPH,4048,96,0016D2A5,0,1,1,4294967295,0,0
oInvCollPH,4064,80,001D1E21,0,1,1,4294967295,0,0
oInvCollPH,4080,80,003A51E2,0,1,1,4294967295,0,0
oInvCollPH,4096,80,000A205F,0,1,1,4294967295,0,0
oInvCollPH,4080,32,00153B84,0,1,1,4294967295,0,0
oInvCollPH,4096,32,000C2F20,0,1,1,4294967295,0,0
oInvCollPH,4112,32,0029EC5C,0,1,1,4294967295,0,0
oInvCollPH,4112,16,00400B1D,0,1,1,4294967295,0,0
oInvCollPH,4144,0,00074F07,0,1,1,4294967295,0,0
oInvCollPH,4160,0,00096D31,0,1,1,4294967295,0,0
oInvCollPH,4176,0,0006943F,0,1,1,4294967295,0,0
oInvCollPH,4192,0,00393007,0,1,1,4294967295,0,0
oInvCollPH,4208,0,001911E3,0,1,1,4294967295,0,0
oInvCollPH,4224,0,0023F736,0,1,1,4294967295,0,0
oInvCollPH,4240,0,0022379C,0,1,1,4294967295,0,0
oInvCollPH,4256,32,0012D366,0,1,1,4294967295,0,0
oInvCollPH,4256,48,0029EFC3,0,1,1,4294967295,0,0
oInvCollPH,4272,48,00264333,0,1,1,4294967295,0,0
oInvCollPH,4288,48,0027FF24,0,1,1,4294967295,0,0
oInvCollPH,4304,48,00360940,0,1,1,4294967295,0,0
oInvCollPH,4256,16,001E521D,0,1,1,4294967295,0,0
oInvCollPH,4112,96,0020E911,0,1,1,4294967295,0,0
oInvCollPH,4128,96,00016FE6,0,1,1,4294967295,0,0
oInvCollPH,4144,96,0032B883,0,1,1,4294967295,0,0
oInvCollPH,4160,112,00132177,0,1,1,4294967295,0,0
oInvCollPH,4176,64,001E326D,0,1,1,4294967295,0,0
oInvCollPH,4176,80,004029F2,0,1,1,4294967295,0,0
oInvCollPH,4176,96,00357EE9,0,1,1,4294967295,0,0
oInvCollPH,4192,48,001EE96D,0,1,1,4294967295,0,0
oInvCollPH,4208,48,003DBF37,0,1,1,4294967295,0,0
oInvCollPH,4224,48,0000B49F,0,1,1,4294967295,0,0
oInvCollPH,4224,64,0007DA5D,0,1,1,4294967295,0,0
oInvCollPH,4224,80,000E624F,0,1,1,4294967295,0,0
oInvCollPH,4224,96,003D7938,0,1,1,4294967295,0,0
oInvCollPH,4208,96,001E7200,0,1,1,4294967295,0,0
oInvCollPH,4192,112,000F7B48,0,1,1,4294967295,0,0
oInvCollPH,4192,128,0031AC87,0,1,1,4294967295,0,0
oInvCollPH,4192,144,0007E7C8,0,1,1,4294967295,0,0
oInvCollPH,4192,160,003088F1,0,1,1,4294967295,0,0
oInvCollPH,4224,160,00187672,0,1,1,4294967295,0,0
oInvCollPH,4208,176,0024780A,0,1,1,4294967295,0,0
oInvCollPH,4240,144,003FA3A6,0,1,1,4294967295,0,0
oInvCollPH,4256,144,0030E327,0,1,1,4294967295,0,0
oInvCollPH,4272,144,000DC2E6,0,1,1,4294967295,0,0
oInvCollPH,4272,160,00144465,0,1,1,4294967295,0,0
oInvCollPH,4272,176,0018767E,0,1,1,4294967295,0,0
oInvCollPH,4304,128,002DC87B,0,1,1,4294967295,0,0
oInvCollPH,4304,144,002C91BF,0,1,1,4294967295,0,0
oInvCollPH,4320,112,003CA296,0,1,1,4294967295,0,0
oInvCollPH,4336,112,00349967,0,1,1,4294967295,0,0
oInvCollPH,4352,112,0005A1B9,0,1,1,4294967295,0,0
oInvCollPH,4304,192,003FFB4A,0,1,1,4294967295,0,0
oInvCollPH,4320,192,000241F2,0,1,1,4294967295,0,0
oInvCollPH,4336,176,001E0375,0,1,1,4294967295,0,0
oInvCollPH,4368,144,002BB0FE,0,1,1,4294967295,0,0
oInvCollPH,4352,128,002D75CF,0,1,1,4294967295,0,0
oInvCollPH,4384,96,0018CA30,0,1,1,4294967295,0,0
oInvCollPH,4384,112,00164690,0,1,1,4294967295,0,0
oInvCollPH,4384,128,00247471,0,1,1,4294967295,0,0
oInvCollPH,4400,80,00377EE4,0,1,1,4294967295,0,0
oInvCollPH,4416,80,0007F254,0,1,1,4294967295,0,0
oInvCollPH,4432,80,0028CD48,0,1,1,4294967295,0,0
oInvCollPH,4432,96,0003B352,0,1,1,4294967295,0,0
oInvCollPH,4432,112,0036AC92,0,1,1,4294967295,0,0
oInvCollPH,4320,32,000B42C0,0,1,1,4294967295,0,0
oInvCollPH,4336,32,002B323E,0,1,1,4294967295,0,0
oInvCollPH,4352,32,0009C2E5,0,1,1,4294967295,0,0
oInvCollPH,4368,32,003AE020,0,1,1,4294967295,0,0
oInvCollPH,4384,32,002F9390,0,1,1,4294967295,0,0
oInvCollPH,4400,32,0001F3BC,0,1,1,4294967295,0,0
oInvCollPH,4416,32,0014EA60,0,1,1,4294967295,0,0
oInvCollPH,4432,32,0010CC74,0,1,1,4294967295,0,0
oInvCollPH,4576,64,002D2D65,0,1,1,4294967295,0,0
oInvCollPH,4576,80,0010678F,0,1,1,4294967295,0,0
oInvCollPH,4592,80,002B4FC2,0,1,1,4294967295,0,0
oInvCollPH,4608,80,000998D6,0,1,1,4294967295,0,0
oInvCollPH,4624,80,0008EF40,0,1,1,4294967295,0,0
oInvCollPH,4624,64,002E4547,0,1,1,4294967295,0,0
oInvCollPH,4640,48,000B4B49,0,1,1,4294967295,0,0
oInvCollPH,4656,48,001A8CB4,0,1,1,4294967295,0,0
oInvCollPH,4672,48,0028EF6D,0,1,1,4294967295,0,0
oInvCollSM,4464,48,001B852A,0,1,1,4294967295,0,0
oInvCollSM,4480,48,001B953A,0,1,1,4294967295,0,0
oInvCollSM,4496,48,00149BED,0,1,1,4294967295,0,0
oInvCollSM,4512,48,000E760B,0,1,1,4294967295,0,0
oInvCollSM,4528,48,003883C3,0,1,1,4294967295,0,0
oInvCollSM,4544,48,0023F9A8,0,1,1,4294967295,0,0
oInvCollSM,4560,48,000DF29F,0,1,1,4294967295,0,0
oInvCollPH,4448,128,00047B65,0,1,1,4294967295,0,0
oInvCollPH,4464,128,0037F3D7,0,1,1,4294967295,0,0
oInvCollPH,4480,128,0015E4F4,0,1,1,4294967295,0,0
oInvCollPH,4480,144,000BAC82,0,1,1,4294967295,0,0
oInvCollPH,4480,160,00383E57,0,1,1,4294967295,0,0
oInvCollPH,4496,176,000E2ADF,0,1,1,4294967295,0,0
oInvCollPH,4512,176,0031C5EF,0,1,1,4294967295,0,0
oInvCollPH,4528,176,00063C90,0,1,1,4294967295,0,0
oInvCollPH,4528,192,0034D884,0,1,1,4294967295,0,0
oInvCollPH,4528,208,003F5450,0,1,1,4294967295,0,0
oInvCollPH,4544,224,0028F931,0,1,1,4294967295,0,0
oInvCollPH,4560,224,0004DC50,0,1,1,4294967295,0,0
oInvCollPH,4576,208,0017BE18,0,1,1,4294967295,0,0
oInvCollPH,4576,192,002C2B2C,0,1,1,4294967295,0,0
oInvCollPH,4576,176,001CBEEA,0,1,1,4294967295,0,0
oInvCollPH,4592,160,003F3D66,0,1,1,4294967295,0,0
oInvCollPH,4608,160,004036F9,0,1,1,4294967295,0,0
oInvCollPH,4624,160,000F5103,0,1,1,4294967295,0,0
oInvCollPH,4624,176,000126B5,0,1,1,4294967295,0,0
oInvCollPH,4624,192,003A9374,0,1,1,4294967295,0,0
oInvCollPH,4624,208,00000BD0,0,1,1,4294967295,0,0
oInvCollPH,4640,224,0002E5B7,0,1,1,4294967295,0,0
oInvCollPH,4656,192,000A108C,0,1,1,4294967295,0,0
oInvCollPH,4656,208,0035E02A,0,1,1,4294967295,0,0
oInvCollPH,4672,176,0001C7DE,0,1,1,4294967295,0,0
oInvCollPH,4688,176,00213FFF,0,1,1,4294967295,0,0
oInvCollPH,4704,160,0005BA8D,0,1,1,4294967295,0,0
oInvCollPH,4720,144,0022A5A4,0,1,1,4294967295,0,0
oInvCollPH,4736,144,001FC328,0,1,1,4294967295,0,0
oInvCollPH,4752,144,001FE3FF,0,1,1,4294967295,0,0
oInvCollPH,4752,160,0029A78B,0,1,1,4294967295,0,0
oInvCollPH,4752,176,001AD02C,0,1,1,4294967295,0,0
oInvCollPH,4752,192,0003EDF0,0,1,1,4294967295,0,0
oInvCollPH,4768,208,0011A4A3,0,1,1,4294967295,0,0
oInvCollPH,4800,192,0024414C,0,1,1,4294967295,0,0
oInvCollPH,4816,176,002A31BD,0,1,1,4294967295,0,0
oInvCollPH,4816,160,000FB4E0,0,1,1,4294967295,0,0
oInvCollPH,4832,144,00251201,0,1,1,4294967295,0,0
oInvCollPH,4848,144,001123D7,0,1,1,4294967295,0,0
oInvCollPH,4864,144,001BAFAD,0,1,1,4294967295,0,0
oInvCollPH,4864,160,003C6F57,0,1,1,4294967295,0,0
oInvCollPH,4864,176,003184B9,0,1,1,4294967295,0,0
oInvCollPH,4864,192,001D2A46,0,1,1,4294967295,0,0
oInvCollPH,4848,192,002A0FD1,0,1,1,4294967295,0,0
oInvCollPH,4832,208,0034BA4C,0,1,1,4294967295,0,0
oInvCollPH,4832,224,00358E11,0,1,1,4294967295,0,0
oInvCollPH,4864,240,003A877A,0,1,1,4294967295,0,0
oInvCollPH,4880,240,000640A5,0,1,1,4294967295,0,0
oInvCollPH,4896,208,003D4410,0,1,1,4294967295,0,0
oInvCollPH,4896,224,002D8C78,0,1,1,4294967295,0,0
oInvCollPH,4912,192,001C994F,0,1,1,4294967295,0,0
oInvCollPH,4928,192,0003B69C,0,1,1,4294967295,0,0
oInvCollPH,4944,192,002DDA85,0,1,1,4294967295,0,0
oInvCollPH,4944,208,003808C2,0,1,1,4294967295,0,0
oInvCollPH,4944,224,003C3354,0,1,1,4294967295,0,0
oInvCollPH,4976,240,000E979C,0,1,1,4294967295,0,0
oInvCollPH,4992,240,003185E1,0,1,1,4294967295,0,0
oInvCollPH,5008,224,001F5C2D,0,1,1,4294967295,0,0
oInvCollPH,5024,208,000363AF,0,1,1,4294967295,0,0
oInvCollPH,5040,208,00397F41,0,1,1,4294967295,0,0
oInvCollPH,5056,208,000589FC,0,1,1,4294967295,0,0
oInvCollPH,5056,224,002C3B30,0,1,1,4294967295,0,0
oInvCollPH,4688,64,0033FF7A,0,1,1,4294967295,0,0
oInvCollPH,4688,80,002C37D7,0,1,1,4294967295,0,0
oInvCollPH,4704,80,001367D8,0,1,1,4294967295,0,0
oInvCollPH,4720,80,003C9480,0,1,1,4294967295,0,0
oInvCollPH,4736,80,0028010C,0,1,1,4294967295,0,0
oInvCollPH,4752,64,003212D8,0,1,1,4294967295,0,0
oInvCollPH,4768,64,001D39D4,0,1,1,4294967295,0,0
oInvCollPH,4784,64,00050D16,0,1,1,4294967295,0,0
oInvCollPH,4800,64,00262053,0,1,1,4294967295,0,0
oInvCollPH,4816,48,000E961C,0,1,1,4294967295,0,0
oInvCollPH,4832,48,00188EC1,0,1,1,4294967295,0,0
oInvCollPH,4016,32,002FC2FE,0,1,1,4294967295,0,0
oInvCollPH,4032,32,00401EBB,0,1,1,4294967295,0,0
oInvCollPH,3904,48,0018827E,0,1,1,4294967295,0,0
oInvCollPH,3920,48,001B4B91,0,1,1,4294967295,0,0
oInvCollPH,3936,48,00169798,0,1,1,4294967295,0,0
oInvCollPH,3952,48,000E9A27,0,1,1,4294967295,0,0
oInvCollPH,3968,48,0012609B,0,1,1,4294967295,0,0
oInvCollPH,3984,48,00350C93,0,1,1,4294967295,0,0
oInvCollPH,4000,48,002A60C0,0,1,1,4294967295,0,0
oInvisibleSolid,0,256,000A3154,0,1,1,4294967295,0,1
oInvisibleSolid,0,0,002A7E6C,0,1,1,4294967295,0,1
oInvisibleSolid,256,288,000C5121,0,1,1,4294967295,0,1
oInvisibleSolid,352,0,00207468,0,1,1,4294967295,0,1
oInvisibleSolid,416,0,001EA998,0,1,1,4294967295,0,1
oInvisibleSolid,480,288,00085C28,0,1,1,4294967295,0,1
oInvisibleSolid,576,192,001B7411,0,1,1,4294967295,0,1
oInvisibleSolid,640,192,002B05B7,0,1,1,4294967295,0,1
oInvisibleSolid,704,256,003A2C14,0,1,1,4294967295,0,1
oInvisibleSolid,736,0,002A0D9B,0,1,1,4294967295,0,1
oInvisibleSolid,800,32,002FB24A,0,1,1,4294967295,0,1
oInvisibleSolid,896,32,002512CD,0,1,1,4294967295,0,1
oInvisibleSolid,960,64,001ADF2D,0,1,1,4294967295,0,1
oInvisibleSolid,1056,64,002E7220,0,1,1,4294967295,0,1
oInvisibleSolid,1120,96,0011AF10,0,1,1,4294967295,0,1
oInvisibleSolid,1184,32,0025EFA0,0,1,1,4294967295,0,1
oInvisibleSolid,1248,32,001B9686,0,1,1,4294967295,0,1
oInvisibleSolid,1312,32,002D3D27,0,1,1,4294967295,0,1
oInvisibleSolid,1376,96,00220522,0,1,1,4294967295,0,1
oInvisibleSolid,992,224,001C8650,0,1,1,4294967295,0,1
oInvisibleSolid,1056,224,00350E72,0,1,1,4294967295,0,1
oInvisibleSolid,1280,224,00196CB1,0,1,1,4294967295,0,1
oInvisibleSolid,1344,256,00391749,0,1,1,4294967295,0,1
oInvisibleSolid,1600,64,001E5FA7,0,1,1,4294967295,0,1
oInvisibleSolid,1792,0,0033E366,0,1,1,4294967295,0,1
oInvisibleSolid,1632,224,00355466,0,1,1,4294967295,0,1
oInvisibleSolid,1696,256,00170AB9,0,1,1,4294967295,0,1
oInvisibleSolid,1760,224,002CC72F,0,1,1,4294967295,0,1
oInvisibleSolid,2144,128,000A5480,0,1,1,4294967295,0,1
oInvisibleSolid,2080,160,000740CA,0,1,1,4294967295,0,1
oInvisibleSolid,2016,128,0006D444,0,1,1,4294967295,0,1
oInvisibleSolid,1888,160,00373CA8,0,1,1,4294967295,0,1
oInvisibleSolid,2144,288,003AEA14,0,1,1,4294967295,0,1
oInvisibleSolid,2464,224,002E4111,0,1,1,4294967295,0,1
oInvisibleSolid,2240,128,00373920,0,1,1,4294967295,0,1
oInvisibleSolid,2592,192,0008055D,0,1,1,4294967295,0,1
oInvisibleSolid,2720,224,0011BD95,0,1,1,4294967295,0,1
oInvisibleSolid,2848,192,0013E3D2,0,1,1,4294967295,0,1
oInvisibleSolid,3200,64,003BCC3B,0,1,1,4294967295,0,1
oInvisibleSolid,5616,96,0038F421,0,1,1,4294967295,0,1
oInvisibleSolid,5264,224,0005B3FD,0,1,1,4294967295,0,1
oInvisibleSolid,5136,224,00137CD5,0,1,1,4294967295,0,1
oInvisibleSolid,5552,144,00025AF6,0,1,1,4294967295,0,1
oInvisibleSolid,5488,128,0022E2E3,0,1,1,4294967295,0,1
oInvisibleSolid,5424,112,000B8269,0,1,1,4294967295,0,1
oInvisibleSolid,5360,96,002D20B1,0,1,1,4294967295,0,1
oInvisibleSolid,5296,80,0015623C,0,1,1,4294967295,0,1
oInvisibleSolid,5232,64,00170497,0,1,1,4294967295,0,1
oInvisibleSolid,5168,48,00045C81,0,1,1,4294967295,0,1
oInvisibleSolid,5104,32,0038DCE7,0,1,1,4294967295,0,1
oInvisibleSolid,5040,16,001555CB,0,1,1,4294967295,0,1
oInvisibleSolid,4912,0,00307AF8,0,1,1,4294967295,0,1
oInvisibleSolidMorph,5552,192,00177D4B,0,1,1,4294967295,0,1
oInvisibleSolid,5072,240,00290606,0,1,1,4294967295,0,1
oInvisibleSolid,4848,32,002A1E6C,0,1,1,4294967295,0,1
oInvisibleSolid,5008,208,00222FE0,0,1,1,4294967295,0,1
oInvisibleSolid,4960,240,00303724,0,1,1,4294967295,0,1
oInvisibleSolid,4896,192,002A4F51,0,1,1,4294967295,0,1
oInvisibleSolid,4784,0,002F6E0C,0,1,1,4294967295,0,1
oInvisibleSolid,4752,16,0016AFAD,0,1,1,4294967295,0,1
oInvisibleSolid,4688,32,0017D7A5,0,1,1,4294967295,0,1
oInvisibleSolid,4624,0,002CE2B9,0,1,1,4294967295,0,1
oInvisibleSolid,4576,32,003B8EB8,0,1,1,4294967295,0,1
oInvisibleSolid,4448,0,0015B4AC,0,1,1,4294967295,0,1
oInvisibleSolid,4320,0,0010214F,0,1,1,4294967295,0,1
oInvisibleSolid,4128,0,003F7D45,0,1,1,4294967295,0,1
oInvisibleSolid,4256,0,003FC7AF,0,1,1,4294967295,0,1
oInvisibleSolid,4848,240,003EE42D,0,1,1,4294967295,0,1
oInvisibleSolid,4816,144,00275883,0,1,1,4294967295,0,1
oInvisibleSolid,4784,192,001530CC,0,1,1,4294967295,0,1
oInvisibleSolid,4736,208,00173A6C,0,1,1,4294967295,0,1
oInvisibleSolid,4288,192,00344871,0,1,1,4294967295,0,1
oInvisibleSolid,4704,144,001CB28A,0,1,1,4294967295,0,1
oInvisibleSolid,4656,176,00106066,0,1,1,4294967295,0,1
oInvisibleSolid,4608,224,0029B68F,0,1,1,4294967295,0,1
oInvisibleSolid,4576,160,0014B430,0,1,1,4294967295,0,1
oInvisibleSolid,4512,224,000986CA,0,1,1,4294967295,0,1
oInvisibleSolid,4336,144,001847A5,0,1,1,4294967295,0,1
oInvisibleSolid,4480,176,0007F63C,0,1,1,4294967295,0,1
oInvisibleSolid,4432,128,00111086,0,1,1,4294967295,0,1
oInvisibleSolid,4384,80,0013247C,0,1,1,4294967295,0,1
oInvisibleSolid,4304,112,002BB0DB,0,1,1,4294967295,0,1
oInvisibleSolid,4224,144,003C180F,0,1,1,4294967295,0,1
oInvisibleSolid,4176,48,001A6EAF,0,1,1,4294967295,0,1
oInvisibleSolid,4016,0,001A0131,0,1,1,4294967295,0,1
oInvisibleSolid,3840,16,002ECA01,0,1,1,4294967295,0,1
oInvisibleSolid,3776,48,0037CDD5,0,1,1,4294967295,0,1
oInvisibleSolid,3712,32,0008F68C,0,1,1,4294967295,0,1
oInvisibleSolid,4144,112,00170754,0,1,1,4294967295,0,1
oInvisibleSolid,4176,176,0023D8C6,0,1,1,4294967295,0,1
oInvisibleSolid,4096,96,00307460,0,1,1,4294967295,0,1
oInvisibleSolid,4048,80,0006185A,0,1,1,4294967295,0,1
oInvisibleSolid,4000,112,000F2423,0,1,1,4294967295,0,1
oInvisibleSolid,3968,176,00228E3E,0,1,1,4294967295,0,1
oInvisibleSolid,3920,128,001919ED,0,1,1,4294967295,0,1
oInvisibleSolid,3872,112,0017FB83,0,1,1,4294967295,0,1
oInvisibleSolid,3776,160,00097001,0,1,1,4294967295,0,1
oInvisibleSolid,3680,224,003B53E1,0,1,1,4294967295,0,1
oInvisibleSolid,3552,192,00273600,0,1,1,4294967295,0,1
oInvisibleSolid,3488,160,0014E41E,0,1,1,4294967295,0,1
oInvisibleSolid,3424,224,002C4EEF,0,1,1,4294967295,0,1
oInvisibleSolid,3648,96,003F1F3F,0,1,1,4294967295,0,1
oInvisibleSolid,3904,0,00031000,0,1,1,4294967295,0,1
oInvisibleSolid,3584,64,0037D8F4,0,1,1,4294967295,0,1
oInvisibleSolid,3392,96,00064521,0,1,1,4294967295,0,1
oInvisibleSolid,3264,96,0019913F,0,1,1,4294967295,0,1
oInvisibleSolid,3328,32,0029520D,0,1,1,4294967295,0,1
oInvisibleSolid,3456,32,002969AF,0,1,1,4294967295,0,1
oInvisibleSolidMorph,4048,48,0003F24A,0,1,1,4294967295,0,1
oInvisibleSolidMorph,4304,160,0006144F,0,1,1,4294967295,0,1
oInvisibleSolidMorph,4448,48,002F56FF,0,1,1,4294967295,0,1
oInvisibleSolid,2432,112,00114113,0,1,1,4294967295,0,1
oInvisibleSolid,2624,0,0020658A,0,1,1,4294967295,0,1
oInvisibleSolid,2688,0,00284356,0,1,1,4294967295,0,1
oInvisibleSolid,2688,96,0022A9DC,0,1,1,4294967295,0,1
