oExit,0,416,0038776A,0,1,1,4294967295,0,1
oSwitchPanelColor,1008,416,000FE1D6,0,1,1,4294967295,0,1
oExit,1680,320,0025E687,0,1,1,4294967295,0,1
oEventBarrier,1600,288,0010AC3B,0,1,1,4294967295,0,1
oLockPanelColor,1568,272,0003B522,0,1,1,4294967295,0,1
oKeyColor,1136,144,00157C75,0,1,1,4294967295,0,1
oBarrierColor,880,64,0039E6B0,0,1,1,4294967295,0,1
oPlayerIdle,96,448,0002B5E1,0,1,1,4294967295,0,1
oPlayer1,48,448,00200179,0,1,1,4294967295,0,0
oInvCollPH,16,448,0032E94B,0,1,1,4294967295,0,0
oInvCollPH,32,448,003CF2BA,0,1,1,4294967295,0,0
oInvCollPH,48,448,001CED0C,0,1,1,4294967295,0,0
oInvCollPH,64,448,00120D41,0,1,1,4294967295,0,0
oInvCollPH,80,448,00382835,0,1,1,4294967295,0,0
oInvCollPH,96,448,001BCCDF,0,1,1,4294967295,0,0
oInvCollPH,112,448,001D823D,0,1,1,4294967295,0,0
oInvCollPH,128,448,0012E1CB,0,1,1,4294967295,0,0
oInvCollPH,144,448,003B9EC0,0,1,1,4294967295,0,0
oInvCollPH,160,448,001A0B5D,0,1,1,4294967295,0,0
oInvCollPH,176,448,00280F81,0,1,1,4294967295,0,0
oInvCollPH,192,336,0022A70C,0,1,1,4294967295,0,0
oInvCollPH,192,352,0038AAA4,0,1,1,4294967295,0,0
oInvCollPH,192,368,0035A661,0,1,1,4294967295,0,0
oInvCollPH,208,368,000B7E45,0,1,1,4294967295,0,0
oInvCollPH,224,368,003B22E8,0,1,1,4294967295,0,0
oInvCollPH,240,368,0027E80D,0,1,1,4294967295,0,0
oInvCollPH,256,368,00038A23,0,1,1,4294967295,0,0
oInvCollPH,272,368,003EFD8E,0,1,1,4294967295,0,0
oInvCollPH,272,352,000400E8,0,1,1,4294967295,0,0
oInvCollPH,272,336,001DB907,0,1,1,4294967295,0,0
oInvCollPH,272,320,00097863,0,1,1,4294967295,0,0
oInvCollPH,256,320,003D73F3,0,1,1,4294967295,0,0
oInvCollPH,240,320,003F04DF,0,1,1,4294967295,0,0
oInvCollPH,224,320,00240ADB,0,1,1,4294967295,0,0
oInvCollPH,208,320,0031CB81,0,1,1,4294967295,0,0
oInvCollPH,352,208,0030856B,0,1,1,4294967295,0,0
oInvCollPH,352,224,000D026C,0,1,1,4294967295,0,0
oInvCollPH,352,240,001966E8,0,1,1,4294967295,0,0
oInvCollPH,352,256,001FC174,0,1,1,4294967295,0,0
oInvCollPH,352,272,002DB108,0,1,1,4294967295,0,0
oInvCollPH,368,272,0039BC40,0,1,1,4294967295,0,0
oInvCollPH,368,256,00037CC4,0,1,1,4294967295,0,0
oInvCollPH,368,240,002C87ED,0,1,1,4294967295,0,0
oInvCollPH,368,224,000F2BCA,0,1,1,4294967295,0,0
oInvCollPH,368,208,00106077,0,1,1,4294967295,0,0
oInvCollPH,368,192,00370DC3,0,1,1,4294967295,0,0
oInvCollPH,320,16,002893F1,0,1,1,4294967295,0,0
oInvCollPH,336,16,002E5797,0,1,1,4294967295,0,0
oInvCollPH,352,16,001ADBF5,0,1,1,4294967295,0,0
oInvCollPH,368,16,000FCE0A,0,1,1,4294967295,0,0
oInvCollPH,384,16,003721A6,0,1,1,4294967295,0,0
oInvCollPH,400,16,001302AB,0,1,1,4294967295,0,0
oInvCollPH,416,16,002F415A,0,1,1,4294967295,0,0
oInvCollPH,432,16,000C9E06,0,1,1,4294967295,0,0
oInvCollPH,448,16,000AB54E,0,1,1,4294967295,0,0
oInvCollPH,464,16,0013FF2F,0,1,1,4294967295,0,0
oInvCollPH,480,16,002677C0,0,1,1,4294967295,0,0
oInvCollPH,496,16,0027201F,0,1,1,4294967295,0,0
oInvCollPH,80,224,0029AA07,0,1,1,4294967295,0,0
oInvCollPH,80,240,001BB481,0,1,1,4294967295,0,0
oInvCollPH,80,256,001C0855,0,1,1,4294967295,0,0
oInvCollPH,80,272,000DF58A,0,1,1,4294967295,0,0
oInvCollPH,80,288,0027B184,0,1,1,4294967295,0,0
oInvCollPH,80,304,002176A4,0,1,1,4294967295,0,0
oInvCollPH,80,320,00020267,0,1,1,4294967295,0,0
oInvCollPH,80,336,00104CCF,0,1,1,4294967295,0,0
oInvCollPH,80,352,001B32BE,0,1,1,4294967295,0,0
oInvCollPH,80,368,00182F67,0,1,1,4294967295,0,0
oInvCollPH,64,368,0011789E,0,1,1,4294967295,0,0
oInvCollPH,48,368,000CC74B,0,1,1,4294967295,0,0
oInvCollPH,32,368,0019E908,0,1,1,4294967295,0,0
oInvCollPH,16,368,0020416A,0,1,1,4294967295,0,0
oInvCollPH,0,368,0032796D,0,1,1,4294967295,0,0
oInvCollPH,96,208,001AF77A,0,1,1,4294967295,0,0
oInvCollPH,112,208,00045555,0,1,1,4294967295,0,0
oInvCollPH,128,208,0009CC46,0,1,1,4294967295,0,0
oInvCollPH,144,208,001B256B,0,1,1,4294967295,0,0
oInvCollPH,144,192,0015FD3B,0,1,1,4294967295,0,0
oInvCollPH,144,176,000A31EB,0,1,1,4294967295,0,0
oInvCollPH,144,160,0019D6C1,0,1,1,4294967295,0,0
oInvCollPH,144,144,00024448,0,1,1,4294967295,0,0
oInvCollPH,144,128,00265A00,0,1,1,4294967295,0,0
oInvCollPH,304,112,000C5454,0,1,1,4294967295,0,0
oInvCollPH,288,112,001B81DE,0,1,1,4294967295,0,0
oInvCollPH,272,112,00306389,0,1,1,4294967295,0,0
oInvCollPH,256,112,0024366E,0,1,1,4294967295,0,0
oInvCollPH,240,112,0007EC2C,0,1,1,4294967295,0,0
oInvCollPH,224,112,00259A48,0,1,1,4294967295,0,0
oInvCollPH,208,112,0005D8AC,0,1,1,4294967295,0,0
oInvCollPH,192,112,001EC890,0,1,1,4294967295,0,0
oInvCollPH,176,112,0019F08E,0,1,1,4294967295,0,0
oInvCollPH,160,112,003A9FEF,0,1,1,4294967295,0,0
oInvCollPH,304,32,003AF2B6,0,1,1,4294967295,0,0
oInvCollPH,304,48,002C2D40,0,1,1,4294967295,0,0
oInvCollPH,304,64,0024C445,0,1,1,4294967295,0,0
oInvCollPH,304,80,002A1FF1,0,1,1,4294967295,0,0
oInvCollPH,304,96,003C8186,0,1,1,4294967295,0,0
oInvCollPH,272,448,0027020A,0,1,1,4294967295,0,0
oInvCollPH,256,448,0034429B,0,1,1,4294967295,0,0
oInvCollPH,240,448,003F3063,0,1,1,4294967295,0,0
oInvCollPH,224,448,00212627,0,1,1,4294967295,0,0
oInvCollPH,208,448,0031CD92,0,1,1,4294967295,0,0
oInvCollPH,192,448,000DB40C,0,1,1,4294967295,0,0
oInvCollPH,288,448,000C50CA,0,1,1,4294967295,0,0
oInvCollPH,304,448,00281229,0,1,1,4294967295,0,0
oInvCollPH,464,448,003173AB,0,1,1,4294967295,0,0
oInvCollPH,448,448,00081375,0,1,1,4294967295,0,0
oInvCollPH,432,448,00301F50,0,1,1,4294967295,0,0
oInvCollPH,416,448,00376716,0,1,1,4294967295,0,0
oInvCollPH,400,448,00283ACE,0,1,1,4294967295,0,0
oInvCollPH,384,448,002DFC54,0,1,1,4294967295,0,0
oInvCollPH,368,432,000AE42F,0,1,1,4294967295,0,0
oInvCollPH,352,432,00008CF9,0,1,1,4294967295,0,0
oInvCollPH,336,448,003F5B73,0,1,1,4294967295,0,0
oInvCollPH,320,448,002DC411,0,1,1,4294967295,0,0
oInvCollPH,304,240,001E0E25,0,1,1,4294967295,0,0
oInvCollPH,320,240,002DB5A5,0,1,1,4294967295,0,0
oInvCollPH,320,224,002F55EB,0,1,1,4294967295,0,0
oInvCollPH,480,272,0023561A,0,1,1,4294967295,0,0
oInvCollPH,496,272,0022F7E1,0,1,1,4294967295,0,0
oInvCollPH,496,256,0037F5F5,0,1,1,4294967295,0,0
oInvCollPH,608,272,00075FCB,0,1,1,4294967295,0,0
oInvCollPH,624,272,00348FC4,0,1,1,4294967295,0,0
oInvCollPH,624,256,0007F938,0,1,1,4294967295,0,0
oInvCollPH,672,208,00311762,0,1,1,4294967295,0,0
oInvCollPH,688,208,00207480,0,1,1,4294967295,0,0
oInvCollPH,688,192,000C4700,0,1,1,4294967295,0,0
oInvCollPH,768,240,000686D5,0,1,1,4294967295,0,0
oInvCollPH,784,240,000CEF4E,0,1,1,4294967295,0,0
oInvCollPH,784,224,001AE411,0,1,1,4294967295,0,0
oInvCollPH,896,208,00110FF0,0,1,1,4294967295,0,0
oInvCollPH,912,208,0019AFDC,0,1,1,4294967295,0,0
oInvCollPH,912,192,0018F103,0,1,1,4294967295,0,0
oInvCollPH,992,176,003E2ED5,0,1,1,4294967295,0,0
oInvCollPH,1008,176,002D79BD,0,1,1,4294967295,0,0
oInvCollPH,1008,160,001CF782,0,1,1,4294967295,0,0
oInvCollPH,672,432,0031012F,0,1,1,4294967295,0,0
oInvCollPH,688,416,001D9C6C,0,1,1,4294967295,0,0
oInvCollPH,704,416,002D271D,0,1,1,4294967295,0,0
oInvCollPH,720,416,0028AFE5,0,1,1,4294967295,0,0
oInvCollPH,736,416,002E709B,0,1,1,4294967295,0,0
oInvCollPH,752,416,00052417,0,1,1,4294967295,0,0
oInvCollPH,752,432,0018736C,0,1,1,4294967295,0,0
oInvCollPH,896,432,000D7FC5,0,1,1,4294967295,0,0
oInvCollPH,912,416,0010A801,0,1,1,4294967295,0,0
oInvCollPH,928,416,0024EBBD,0,1,1,4294967295,0,0
oInvCollPH,944,416,0024CD08,0,1,1,4294967295,0,0
oInvCollPH,960,416,00367E01,0,1,1,4294967295,0,0
oInvCollPH,976,416,001B6DC7,0,1,1,4294967295,0,0
oInvCollPH,976,432,000CD97C,0,1,1,4294967295,0,0
oInvCollPH,512,32,0016A332,0,1,1,4294967295,0,0
oInvCollPH,512,48,001149FA,0,1,1,4294967295,0,0
oInvCollPH,528,48,00201C2D,0,1,1,4294967295,0,0
oInvCollPH,544,48,001F00E8,0,1,1,4294967295,0,0
oInvCollPH,560,48,00322C43,0,1,1,4294967295,0,0
oInvCollPH,576,48,00279B14,0,1,1,4294967295,0,0
oInvCollPH,656,48,0038B6CA,0,1,1,4294967295,0,0
oInvCollPH,640,48,002EFD2A,0,1,1,4294967295,0,0
oInvCollPH,624,48,000CEF9F,0,1,1,4294967295,0,0
oInvCollPH,608,48,0007C3AF,0,1,1,4294967295,0,0
oInvCollPH,592,48,003F450A,0,1,1,4294967295,0,0
oInvCollPH,736,48,002BD58B,0,1,1,4294967295,0,0
oInvCollPH,816,48,0035A718,0,1,1,4294967295,0,0
oInvCollPH,800,48,001895AD,0,1,1,4294967295,0,0
oInvCollPH,784,48,0021444A,0,1,1,4294967295,0,0
oInvCollPH,768,48,00339715,0,1,1,4294967295,0,0
oInvCollPH,752,48,002B3614,0,1,1,4294967295,0,0
oInvCollPH,720,48,001E4807,0,1,1,4294967295,0,0
oInvCollPH,704,48,00073587,0,1,1,4294967295,0,0
oInvCollPH,688,48,003187C6,0,1,1,4294967295,0,0
oInvCollPH,672,48,002B3E7A,0,1,1,4294967295,0,0
oInvCollPH,480,448,000D7E3B,0,1,1,4294967295,0,0
oInvCollPH,496,448,0009B076,0,1,1,4294967295,0,0
oInvCollPH,512,448,00001330,0,1,1,4294967295,0,0
oInvCollPH,528,448,00260628,0,1,1,4294967295,0,0
oInvCollPH,544,448,00214B2C,0,1,1,4294967295,0,0
oInvCollPH,560,448,002C5A35,0,1,1,4294967295,0,0
oInvCollPH,576,448,0035C27E,0,1,1,4294967295,0,0
oInvCollPH,592,448,000B8DBD,0,1,1,4294967295,0,0
oInvCollPH,608,448,00070B03,0,1,1,4294967295,0,0
oInvCollPH,624,448,003658FE,0,1,1,4294967295,0,0
oInvCollPH,640,448,0014BA11,0,1,1,4294967295,0,0
oInvCollPH,656,448,0030F8B3,0,1,1,4294967295,0,0
oInvCollPH,768,448,0034B3F3,0,1,1,4294967295,0,0
oInvCollPH,784,448,0026F531,0,1,1,4294967295,0,0
oInvCollPH,800,448,000E2204,0,1,1,4294967295,0,0
oInvCollPH,816,448,003E629B,0,1,1,4294967295,0,0
oInvCollPH,832,448,002E0B61,0,1,1,4294967295,0,0
oInvCollPH,848,448,0022E6EB,0,1,1,4294967295,0,0
oInvCollPH,864,448,0019AED9,0,1,1,4294967295,0,0
oInvCollPH,880,448,000A67E3,0,1,1,4294967295,0,0
oInvCollPH,992,448,0012F9CE,0,1,1,4294967295,0,0
oInvCollPH,1008,448,0032E13A,0,1,1,4294967295,0,0
oInvCollPH,1024,448,003410F8,0,1,1,4294967295,0,0
oInvCollPH,1040,448,0014F265,0,1,1,4294967295,0,0
oInvCollPH,1088,176,003E6571,0,1,1,4294967295,0,0
oInvCollPH,1088,192,0020C161,0,1,1,4294967295,0,0
oInvCollPH,1088,208,003E0F6D,0,1,1,4294967295,0,0
oInvCollPH,1104,208,000F804B,0,1,1,4294967295,0,0
oInvCollPH,1120,208,00330DC6,0,1,1,4294967295,0,0
oInvCollPH,1136,208,0029D9F9,0,1,1,4294967295,0,0
oInvCollPH,1152,208,002F12B1,0,1,1,4294967295,0,0
oInvCollPH,1168,208,0004C2E5,0,1,1,4294967295,0,0
oInvCollPH,1168,192,001DC44B,0,1,1,4294967295,0,0
oInvCollPH,1168,176,0004826B,0,1,1,4294967295,0,0
oInvCollPH,1168,160,003E6439,0,1,1,4294967295,0,0
oInvCollPH,1152,160,0034E8BE,0,1,1,4294967295,0,0
oInvCollPH,1136,160,002F7B1C,0,1,1,4294967295,0,0
oInvCollPH,1120,160,0001D284,0,1,1,4294967295,0,0
oInvCollPH,1104,160,002ECD41,0,1,1,4294967295,0,0
oInvCollPH,1056,448,001133BC,0,1,1,4294967295,0,0
oInvCollPH,1072,448,0015F1A2,0,1,1,4294967295,0,0
oInvCollPH,1088,448,0010EB37,0,1,1,4294967295,0,0
oInvCollPH,1104,448,0008C959,0,1,1,4294967295,0,0
oInvCollPH,1120,448,001A2E14,0,1,1,4294967295,0,0
oInvCollPH,1136,448,00199AC1,0,1,1,4294967295,0,0
oInvCollPH,1152,448,0010BEB9,0,1,1,4294967295,0,0
oInvCollPH,1168,448,002AC610,0,1,1,4294967295,0,0
oInvCollPH,1184,448,0019488D,0,1,1,4294967295,0,0
oInvCollPH,1200,448,003F1ACC,0,1,1,4294967295,0,0
oInvCollPH,1216,448,00164B0E,0,1,1,4294967295,0,0
oInvCollPH,1232,448,002A8E0F,0,1,1,4294967295,0,0
oInvCollPH,1248,448,00178A18,0,1,1,4294967295,0,0
oInvCollPH,1344,448,003FC2A3,0,1,1,4294967295,0,0
oInvCollPH,1360,448,0003A967,0,1,1,4294967295,0,0
oInvCollPH,1264,448,00183211,0,1,1,4294967295,0,0
oInvCollPH,1280,448,00306E00,0,1,1,4294967295,0,0
oInvCollPH,1296,448,0035748E,0,1,1,4294967295,0,0
oInvCollPH,1312,448,003A70E7,0,1,1,4294967295,0,0
oInvCollPH,1328,448,002599DC,0,1,1,4294967295,0,0
oInvCollPH,1376,448,003B9EB0,0,1,1,4294967295,0,0
oInvCollPH,1392,448,0014FD4C,0,1,1,4294967295,0,0
oInvCollPH,1408,448,001630D5,0,1,1,4294967295,0,0
oInvCollPH,1424,448,003146B5,0,1,1,4294967295,0,0
oInvCollPH,1440,448,003453EC,0,1,1,4294967295,0,0
oInvCollPH,1456,448,0020C472,0,1,1,4294967295,0,0
oInvCollPH,1472,448,0013A3ED,0,1,1,4294967295,0,0
oInvCollPH,1488,448,0010029A,0,1,1,4294967295,0,0
oInvCollPH,832,48,003BD1BA,0,1,1,4294967295,0,0
oInvCollPH,848,48,003A8FCE,0,1,1,4294967295,0,0
oInvCollPH,864,48,002E433F,0,1,1,4294967295,0,0
oInvCollPH,880,48,0038672E,0,1,1,4294967295,0,0
oInvCollPH,896,48,002D480E,0,1,1,4294967295,0,0
oInvCollPH,912,48,0009B59B,0,1,1,4294967295,0,0
oInvCollPH,928,48,003A19B0,0,1,1,4294967295,0,0
oInvCollPH,944,48,000DD4FD,0,1,1,4294967295,0,0
oInvCollPH,960,48,000D7668,0,1,1,4294967295,0,0
oInvCollPH,976,48,00081A08,0,1,1,4294967295,0,0
oInvCollPH,992,48,001E48FF,0,1,1,4294967295,0,0
oInvCollPH,1008,48,001BE87E,0,1,1,4294967295,0,0
oInvCollPH,1024,48,0034D231,0,1,1,4294967295,0,0
oInvCollPH,1040,48,003339DF,0,1,1,4294967295,0,0
oInvCollPH,1056,80,003F4E06,0,1,1,4294967295,0,0
oInvCollPH,1072,64,00172BA8,0,1,1,4294967295,0,0
oInvCollPH,1088,48,00033A3A,0,1,1,4294967295,0,0
oInvCollPH,1104,48,003DDBFF,0,1,1,4294967295,0,0
oInvCollPH,1120,48,00078EEB,0,1,1,4294967295,0,0
oInvCollPH,1136,48,00206FFB,0,1,1,4294967295,0,0
oInvCollPH,1152,48,003C04DF,0,1,1,4294967295,0,0
oInvCollPH,1168,48,004015D3,0,1,1,4294967295,0,0
oInvCollPH,1184,48,00196182,0,1,1,4294967295,0,0
oInvCollPH,1200,48,00206B75,0,1,1,4294967295,0,0
oInvCollPH,1216,48,001DC63E,0,1,1,4294967295,0,0
oInvCollPH,1232,48,0027BA35,0,1,1,4294967295,0,0
oInvCollPH,1248,48,003E085B,0,1,1,4294967295,0,0
oInvCollPH,1264,48,002A9DDD,0,1,1,4294967295,0,0
oInvCollPH,1280,48,002DC117,0,1,1,4294967295,0,0
oInvCollPH,1296,48,002EADE2,0,1,1,4294967295,0,0
oInvCollPH,1312,48,00115F5F,0,1,1,4294967295,0,0
oInvCollPH,1328,48,00384F44,0,1,1,4294967295,0,0
oInvCollPH,1344,48,00326317,0,1,1,4294967295,0,0
oInvCollPH,1360,48,000ED7EE,0,1,1,4294967295,0,0
oInvCollPH,1376,48,00345DD5,0,1,1,4294967295,0,0
oInvCollPH,1392,48,0031CF8F,0,1,1,4294967295,0,0
oInvCollPH,1408,48,00220254,0,1,1,4294967295,0,0
oInvCollPH,1424,48,0002ACDC,0,1,1,4294967295,0,0
oInvCollPH,1440,48,001CB6E2,0,1,1,4294967295,0,0
oInvCollPH,1456,48,0026D714,0,1,1,4294967295,0,0
oInvCollPH,1472,48,003A0CF4,0,1,1,4294967295,0,0
oInvCollPH,1488,48,001D6AFE,0,1,1,4294967295,0,0
oInvCollPH,1504,48,00137441,0,1,1,4294967295,0,0
oInvCollPH,1520,48,003FC83F,0,1,1,4294967295,0,0
oInvCollPH,1504,448,0022376F,0,1,1,4294967295,0,0
oInvCollPH,1520,448,00328F59,0,1,1,4294967295,0,0
oInvCollPH,1536,448,00233724,0,1,1,4294967295,0,0
oInvCollPH,1552,448,002A0DAA,0,1,1,4294967295,0,0
oInvCollPH,1568,368,00255958,0,1,1,4294967295,0,0
oInvCollPH,1568,384,0010060F,0,1,1,4294967295,0,0
oInvCollPH,1568,400,000C5D84,0,1,1,4294967295,0,0
oInvCollPH,1568,416,003DAB72,0,1,1,4294967295,0,0
oInvCollPH,1568,432,0021047D,0,1,1,4294967295,0,0
oInvCollPH,1584,352,001C0F47,0,1,1,4294967295,0,0
oInvCollPH,1600,352,0035E26A,0,1,1,4294967295,0,0
oInvCollPH,1616,352,000BAEB8,0,1,1,4294967295,0,0
oInvCollPH,1632,352,00342323,0,1,1,4294967295,0,0
oInvCollPH,1648,352,003DBEA5,0,1,1,4294967295,0,0
oInvCollPH,1664,352,000BDC6A,0,1,1,4294967295,0,0
oInvCollPH,1680,352,00104777,0,1,1,4294967295,0,0
oInvCollPH,1600,144,001AFDB0,0,1,1,4294967295,0,0
oInvCollPH,1600,160,0000A1E3,0,1,1,4294967295,0,0
oInvCollPH,1600,176,003B81A6,0,1,1,4294967295,0,0
oInvCollPH,1600,192,0014EB83,0,1,1,4294967295,0,0
oInvCollPH,1600,208,001941FE,0,1,1,4294967295,0,0
oInvCollPH,1600,224,0005F67D,0,1,1,4294967295,0,0
oInvCollPH,1600,240,002FC42F,0,1,1,4294967295,0,0
oInvCollPH,1600,256,002CC13A,0,1,1,4294967295,0,0
oInvCollPH,1600,272,003CE253,0,1,1,4294967295,0,0
oInvCollPH,1616,272,0031466A,0,1,1,4294967295,0,0
oInvCollPH,1632,272,0028A163,0,1,1,4294967295,0,0
oInvCollPH,1648,272,002BE0B3,0,1,1,4294967295,0,0
oInvCollPH,1664,272,00002732,0,1,1,4294967295,0,0
oInvCollPH,1680,272,00385D0E,0,1,1,4294967295,0,0
oInvCollPH,1536,64,002C55E5,0,1,1,4294967295,0,0
oInvCollPH,1536,80,00217904,0,1,1,4294967295,0,0
oInvCollPH,1536,96,00251D1F,0,1,1,4294967295,0,0
oInvCollPH,1536,112,003DD037,0,1,1,4294967295,0,0
oInvCollPH,1552,112,0026C4D5,0,1,1,4294967295,0,0
oInvCollPH,1568,112,002F64F1,0,1,1,4294967295,0,0
oInvCollPH,1584,112,003B10F7,0,1,1,4294967295,0,0
oInvCollPH,1120,368,00010807,0,1,1,4294967295,0,0
oInvCollPH,1136,368,00387086,0,1,1,4294967295,0,0
oInvCollPH,1152,368,001E1F87,0,1,1,4294967295,0,0
oInvCollPH,1168,368,003675DB,0,1,1,4294967295,0,0
oInvCollPH,1168,352,000B3D8B,0,1,1,4294967295,0,0
oInvCollPH,1152,352,00394019,0,1,1,4294967295,0,0
oInvCollPH,1136,352,0032FE8D,0,1,1,4294967295,0,0
oInvCollPH,368,416,002A355F,0,1,1,4294967295,0,0
oInvCollPH,1072,80,003BCDD4,0,1,1,4294967295,0,0
oInvisibleSolid,0,448,00310693,0,1,1,4294967295,0,1
oInvisibleSolid,0,224,0038BA13,0,1,1,4294967295,0,1
oInvisibleSolid,192,320,002E6871,0,1,1,4294967295,0,1
oInvisibleSolid,352,192,0027C717,0,1,1,4294967295,0,1
oInvisibleSolid,0,128,0015AC6A,0,1,1,4294967295,0,1
oInvisibleSolid,0,0,000212A1,0,1,1,4294967295,0,1
oInvisibleSolid,320,0,003C527B,0,1,1,4294967295,0,1
oInvisibleSolid,512,0,001C9A27,0,1,1,4294967295,0,1
oCh21GlitchSpot,768,416,000DB7C8,0,1,1,4294967295,0,1
oInvisibleSolid,304,224,00118A22,0,1,1,4294967295,0,1
oInvisibleSolid,480,256,00064ABC,0,1,1,4294967295,0,1
oInvisibleSolid,608,256,001491EE,0,1,1,4294967295,0,1
oInvisibleSolid,672,192,001D5FC5,0,1,1,4294967295,0,1
oInvisibleSolid,768,224,000EC5FC,0,1,1,4294967295,0,1
oInvisibleSolid,896,192,00245E73,0,1,1,4294967295,0,1
oInvisibleSolid,992,160,0000BC17,0,1,1,4294967295,0,1
oInvisibleSolid,672,416,0016E50F,0,1,1,4294967295,0,1
oInvisibleSolid,896,416,001674AB,0,1,1,4294967295,0,1
oInvisibleSolid,1088,160,00164308,0,1,1,4294967295,0,1
oInvisibleSolid,1536,0,000A08B1,0,1,1,4294967295,0,1
oInvisibleSolid,1600,128,003B785C,0,1,1,4294967295,0,1
oInvisibleSolid,1568,352,0026A817,0,1,1,4294967295,0,1
oInvisibleSolid,1120,352,00226751,0,1,1,4294967295,0,1
oEvSpot_FlashTrigger,160,320,000D9E55,0,1,1,4294967295,0,0
oInvisibleSolid,352,416,00066500,0,1,1,4294967295,0,1
oInvisibleSolid,1056,64,00297067,0,1,1,4294967295,0,1
