oExit,0,352,0033C00C,0,1,1,4294967295,0,1
oExit,2832,448,002BB466,0,1,1,4294967295,0,1
oHealingPost,2720,480,0009FB71,0,1,1,4294967295,0,0
oSwitchHolder,2400,64,00375371,0,1,1,4294967295,0,1
oSwitchHolder,2464,384,00091674,0,1,1,4294967295,0,1
oSwitchHolder,2016,320,003916B5,0,1,1,4294967295,0,1
oSwitchHolder,2016,64,002DA368,0,1,1,4294967295,0,1
oSwitchHolder,2208,256,0036D450,0,1,1,4294967295,0,1
oSwitchBarrier,2496,416,003D2538,0,1,1,4294967295,0,1
oSwitchBarrier,2512,416,002C0256,0,1,1,4294967295,0,1
oSwitchBarrier,2528,416,001C4070,0,1,1,4294967295,0,1
oSwitchBarrier,2544,416,001290C8,0,1,1,4294967295,0,1
oSwitchBarrier,2560,416,0015DFF9,0,1,1,4294967295,0,1
oTimedSwitch,504,104,0001697D,0,1,1,4294967295,0,0
oTimedSwitch,392,200,0033692B,0,1,1,4294967295,0,0
oTimedSwitch,504,200,0001CCA3,0,1,1,4294967295,0,0
oTimedSwitch,616,200,0024BD8B,0,1,1,4294967295,0,0
oTimedSwitch,392,296,0005B468,0,1,1,4294967295,0,0
oTimedSwitch,504,296,0036D580,0,1,1,4294967295,0,0
oTimedSwitch,616,296,002EAA8C,0,1,1,4294967295,0,0
oMovingTrapRed,2048,32,001962BC,0,1,1,4294967295,0,1
oMovingTrapRed,2048,256,002FFD42,0,1,1,4294967295,0,1
oMovingTrapRed,2176,144,000DFA84,0,1,1,4294967295,0,1
oMovingTrapRed,2176,368,0031D586,0,1,1,4294967295,0,1
oMovingTrapRed,2304,32,0001F28A,0,1,1,4294967295,0,1
oMovingTrapRed,2304,256,00088AAC,0,1,1,4294967295,0,1
oMovingTrapRed,1920,144,00216594,0,1,1,4294967295,0,1
oMovingTrapRed,1920,368,00307ED9,0,1,1,4294967295,0,1
oMovingTrapRed,2432,368,00168E9C,0,1,1,4294967295,0,1
oMovingTrapRed,2432,144,0011087B,0,1,1,4294967295,0,1
oPlayer1,48,384,0036B9AB,0,1,1,4294967295,0,0
oInvCollPH,16,384,0039F7FC,0,1,1,4294967295,0,0
oInvCollPH,32,384,000C210E,0,1,1,4294967295,0,0
oInvCollPH,48,384,00105842,0,1,1,4294967295,0,0
oInvCollPH,64,384,0011F642,0,1,1,4294967295,0,0
oInvCollPH,80,384,00367E5B,0,1,1,4294967295,0,0
oInvCollPH,256,336,003C012E,0,1,1,4294967295,0,0
oInvCollPH,256,352,003FA81E,0,1,1,4294967295,0,0
oInvCollPH,256,368,002D2729,0,1,1,4294967295,0,0
oInvCollPH,272,320,0005CC7B,0,1,1,4294967295,0,0
oInvCollPH,288,320,003686F2,0,1,1,4294967295,0,0
oInvCollPH,304,320,0019F61F,0,1,1,4294967295,0,0
oInvCollPH,304,336,0026D7B2,0,1,1,4294967295,0,0
oInvCollPH,304,352,003CEC9F,0,1,1,4294967295,0,0
oInvCollPH,304,368,00319EC8,0,1,1,4294967295,0,0
oInvCollPH,480,352,002AFB8F,0,1,1,4294967295,0,0
oInvCollPH,496,352,00201C15,0,1,1,4294967295,0,0
oInvCollPH,512,352,003EA813,0,1,1,4294967295,0,0
oInvCollPH,528,352,003D1C2D,0,1,1,4294967295,0,0
oInvCollPH,640,368,00079A9B,0,1,1,4294967295,0,0
oInvCollPH,656,352,0004A3F0,0,1,1,4294967295,0,0
oInvCollPH,672,352,001C13E7,0,1,1,4294967295,0,0
oInvCollPH,688,352,00244F73,0,1,1,4294967295,0,0
oInvCollPH,704,336,00284DD6,0,1,1,4294967295,0,0
oInvCollPH,704,320,00322509,0,1,1,4294967295,0,0
oInvCollPH,704,304,002B7389,0,1,1,4294967295,0,0
oInvCollPH,704,288,0029AF8F,0,1,1,4294967295,0,0
oInvCollPH,704,272,001BCAD0,0,1,1,4294967295,0,0
oInvCollPH,720,256,001F2046,0,1,1,4294967295,0,0
oInvCollPH,736,256,00129B0C,0,1,1,4294967295,0,0
oInvCollPH,752,256,002DA901,0,1,1,4294967295,0,0
oInvCollPH,752,272,001777A9,0,1,1,4294967295,0,0
oInvCollPH,752,288,0021966E,0,1,1,4294967295,0,0
oInvCollPH,752,304,00290C61,0,1,1,4294967295,0,0
oInvCollPH,752,320,002AC376,0,1,1,4294967295,0,0
oInvCollPH,752,336,0012AB9D,0,1,1,4294967295,0,0
oInvCollPH,752,352,001B5646,0,1,1,4294967295,0,0
oInvCollPH,752,368,0009447E,0,1,1,4294967295,0,0
oInvCollPH,832,368,000DBC4B,0,1,1,4294967295,0,0
oInvCollPH,848,352,001C71A6,0,1,1,4294967295,0,0
oInvCollPH,864,352,0031B873,0,1,1,4294967295,0,0
oInvCollPH,880,352,002124E9,0,1,1,4294967295,0,0
oInvCollPH,880,368,0001D774,0,1,1,4294967295,0,0
oInvCollPH,96,384,001A568A,0,1,1,4294967295,0,0
oInvCollPH,112,384,002FC004,0,1,1,4294967295,0,0
oInvCollPH,128,384,0028BE0A,0,1,1,4294967295,0,0
oInvCollPH,144,384,0039F7B0,0,1,1,4294967295,0,0
oInvCollPH,160,384,003F6016,0,1,1,4294967295,0,0
oInvCollPH,176,384,0031AB9B,0,1,1,4294967295,0,0
oInvCollPH,192,384,0000B9D4,0,1,1,4294967295,0,0
oInvCollPH,208,384,001647D4,0,1,1,4294967295,0,0
oInvCollPH,224,384,00054C52,0,1,1,4294967295,0,0
oInvCollPH,240,384,001AB4B8,0,1,1,4294967295,0,0
oInvCollPH,320,384,0011CE88,0,1,1,4294967295,0,0
oInvCollPH,336,384,00189ADC,0,1,1,4294967295,0,0
oInvCollPH,352,384,00128A2B,0,1,1,4294967295,0,0
oInvCollPH,368,384,0038EF00,0,1,1,4294967295,0,0
oInvCollPH,384,384,00192BF3,0,1,1,4294967295,0,0
oInvCollPH,400,384,00290B04,0,1,1,4294967295,0,0
oInvCollPH,416,384,001413FC,0,1,1,4294967295,0,0
oInvCollPH,432,384,000565B0,0,1,1,4294967295,0,0
oInvCollPH,448,368,001A3E86,0,1,1,4294967295,0,0
oInvCollPH,464,352,002AC73B,0,1,1,4294967295,0,0
oInvCollPH,544,352,0009F48A,0,1,1,4294967295,0,0
oInvCollPH,576,384,000349AC,0,1,1,4294967295,0,0
oInvCollPH,592,384,0014AFA9,0,1,1,4294967295,0,0
oInvCollPH,608,384,00280A88,0,1,1,4294967295,0,0
oInvCollPH,624,384,002FAB4A,0,1,1,4294967295,0,0
oInvCollPH,768,384,000DE50A,0,1,1,4294967295,0,0
oInvCollPH,784,384,000B9EF6,0,1,1,4294967295,0,0
oInvCollPH,800,384,00191787,0,1,1,4294967295,0,0
oInvCollPH,816,384,002D6A30,0,1,1,4294967295,0,0
oInvCollPH,896,384,0023FCFC,0,1,1,4294967295,0,0
oInvCollPH,912,384,000608DD,0,1,1,4294967295,0,0
oInvCollPH,928,384,00381CD6,0,1,1,4294967295,0,0
oInvCollPH,944,384,001B6DEE,0,1,1,4294967295,0,0
oInvCollPH,560,352,0013A4F0,0,1,1,4294967295,0,0
oInvCollPH,560,368,0025CF14,0,1,1,4294967295,0,0
oInvCollPH,256,240,001896E0,0,1,1,4294967295,0,0
oInvCollPH,272,240,000DCD2E,0,1,1,4294967295,0,0
oInvCollPH,272,224,002CA77C,0,1,1,4294967295,0,0
oInvCollPH,320,144,00019008,0,1,1,4294967295,0,0
oInvCollPH,336,144,000F943E,0,1,1,4294967295,0,0
oInvCollPH,336,128,00027054,0,1,1,4294967295,0,0
oInvCollPH,704,16,00048F8B,0,1,1,4294967295,0,0
oInvCollPH,704,32,0019FF83,0,1,1,4294967295,0,0
oInvCollPH,704,48,002862DC,0,1,1,4294967295,0,0
oInvCollPH,704,64,00167A6A,0,1,1,4294967295,0,0
oInvCollPH,704,80,00149D0F,0,1,1,4294967295,0,0
oInvCollPH,704,96,000099D9,0,1,1,4294967295,0,0
oInvCollPH,704,112,003C799E,0,1,1,4294967295,0,0
oInvCollPH,704,128,0038FDEA,0,1,1,4294967295,0,0
oInvCollPH,704,144,00233690,0,1,1,4294967295,0,0
oInvCollPH,704,160,000D9F5A,0,1,1,4294967295,0,0
oInvCollPH,704,176,0003E9BB,0,1,1,4294967295,0,0
oInvCollPH,720,176,0038E744,0,1,1,4294967295,0,0
oInvCollPH,736,176,00312577,0,1,1,4294967295,0,0
oInvCollPH,752,176,003E9935,0,1,1,4294967295,0,0
oInvCollPH,752,160,0008F3A9,0,1,1,4294967295,0,0
oInvCollPH,752,144,0010D8CB,0,1,1,4294967295,0,0
oInvCollPH,752,128,0006DFD9,0,1,1,4294967295,0,0
oInvCollPH,752,112,001FE15F,0,1,1,4294967295,0,0
oInvCollPH,752,96,00249C98,0,1,1,4294967295,0,0
oInvCollPH,752,80,0016CFCC,0,1,1,4294967295,0,0
oInvCollPH,752,64,001F92C5,0,1,1,4294967295,0,0
oInvCollPH,752,48,0005A50B,0,1,1,4294967295,0,0
oInvCollPH,752,32,000EB513,0,1,1,4294967295,0,0
oInvCollPH,752,16,0038D773,0,1,1,4294967295,0,0
oInvCollPH,752,0,003E6F8E,0,1,1,4294967295,0,0
oInvCollPH,1072,384,003F92C8,0,1,1,4294967295,0,0
oInvCollPH,1072,400,003AA639,0,1,1,4294967295,0,0
oInvCollPH,1072,416,002449AB,0,1,1,4294967295,0,0
oInvCollPH,1072,432,0023996E,0,1,1,4294967295,0,0
oInvCollPH,1072,448,000A30D2,0,1,1,4294967295,0,0
oInvCollPH,1072,464,00334AA1,0,1,1,4294967295,0,0
oInvCollPH,960,336,003CD3C3,0,1,1,4294967295,0,0
oInvCollPH,960,352,00039DC5,0,1,1,4294967295,0,0
oInvCollPH,960,368,00308B6C,0,1,1,4294967295,0,0
oInvCollPH,976,320,00326FCC,0,1,1,4294967295,0,0
oInvCollPH,992,320,00338AF2,0,1,1,4294967295,0,0
oInvCollPH,1008,320,001E41C3,0,1,1,4294967295,0,0
oInvCollPH,1024,320,000927F2,0,1,1,4294967295,0,0
oInvCollPH,1040,320,001D3FA8,0,1,1,4294967295,0,0
oInvCollPH,1056,320,0027E592,0,1,1,4294967295,0,0
oInvCollPH,1072,320,00387FF8,0,1,1,4294967295,0,0
oInvCollPH,1072,336,0029E77A,0,1,1,4294967295,0,0
oInvCollPH,1072,352,00356117,0,1,1,4294967295,0,0
oInvCollPH,1072,368,0004CC78,0,1,1,4294967295,0,0
oInvCollPH,1536,288,000DE9C7,0,1,1,4294967295,0,0
oInvCollPH,1552,288,0025F11E,0,1,1,4294967295,0,0
oInvCollPH,1568,288,00160225,0,1,1,4294967295,0,0
oInvCollPH,1584,288,0024284E,0,1,1,4294967295,0,0
oInvCollPH,1600,288,001BBCDF,0,1,1,4294967295,0,0
oInvCollPH,1520,304,000E5E00,0,1,1,4294967295,0,0
oInvCollPH,1520,320,002C7709,0,1,1,4294967295,0,0
oInvCollPH,1520,336,000C60F0,0,1,1,4294967295,0,0
oInvCollPH,1520,352,0035D154,0,1,1,4294967295,0,0
oInvCollPH,1520,368,00213F48,0,1,1,4294967295,0,0
oInvCollPH,1536,368,002D265E,0,1,1,4294967295,0,0
oInvCollPH,1552,368,0013DBDA,0,1,1,4294967295,0,0
oInvCollPH,1568,368,0002EE10,0,1,1,4294967295,0,0
oInvCollPH,1584,368,003D3BC4,0,1,1,4294967295,0,0
oInvCollPH,1600,368,00185624,0,1,1,4294967295,0,0
oInvCollPH,1616,368,00049A52,0,1,1,4294967295,0,0
oInvCollPH,1616,288,00095157,0,1,1,4294967295,0,0
oInvCollPH,1632,288,00317511,0,1,1,4294967295,0,0
oInvCollPH,1648,288,0020D020,0,1,1,4294967295,0,0
oInvCollPH,1664,288,000D98CE,0,1,1,4294967295,0,0
oInvCollPH,1680,288,001D26B7,0,1,1,4294967295,0,0
oInvCollPH,1680,304,0018E2E0,0,1,1,4294967295,0,0
oInvCollPH,1680,320,00081330,0,1,1,4294967295,0,0
oInvCollPH,1680,336,002B7669,0,1,1,4294967295,0,0
oInvCollPH,1632,384,00207721,0,1,1,4294967295,0,0
oInvCollPH,1632,400,000D61CD,0,1,1,4294967295,0,0
oInvCollPH,1648,400,0029E08A,0,1,1,4294967295,0,0
oInvCollPH,1664,400,001BBB70,0,1,1,4294967295,0,0
oInvCollPH,1680,400,000186F8,0,1,1,4294967295,0,0
oInvCollPH,1696,400,0004CB60,0,1,1,4294967295,0,0
oInvCollPH,1712,400,000A01DB,0,1,1,4294967295,0,0
oInvCollPH,1728,400,0036BB65,0,1,1,4294967295,0,0
oInvCollPH,1744,400,00340840,0,1,1,4294967295,0,0
oInvCollPH,1760,400,00189CEC,0,1,1,4294967295,0,0
oInvCollPH,1776,400,0016F2DE,0,1,1,4294967295,0,0
oInvCollPH,1776,352,003DBEE4,0,1,1,4294967295,0,0
oInvCollPH,1760,352,0038F216,0,1,1,4294967295,0,0
oInvCollPH,1744,352,0020EDE6,0,1,1,4294967295,0,0
oInvCollPH,1728,352,000D17FE,0,1,1,4294967295,0,0
oInvCollPH,1712,352,0020EF62,0,1,1,4294967295,0,0
oInvCollPH,1696,352,003591AF,0,1,1,4294967295,0,0
oInvCollPH,1792,272,000B47BD,0,1,1,4294967295,0,0
oInvCollPH,1792,288,00043DE9,0,1,1,4294967295,0,0
oInvCollPH,1792,304,000900F5,0,1,1,4294967295,0,0
oInvCollPH,1792,320,001EB7FD,0,1,1,4294967295,0,0
oInvCollPH,1792,336,00237E1B,0,1,1,4294967295,0,0
oInvCollPH,1792,400,0035FC4E,0,1,1,4294967295,0,0
oInvCollPH,1808,400,00040489,0,1,1,4294967295,0,0
oInvCollPH,1824,400,00170DE2,0,1,1,4294967295,0,0
oInvCollPH,1840,400,001428E5,0,1,1,4294967295,0,0
oInvCollPH,1856,400,0020B25F,0,1,1,4294967295,0,0
oInvCollPH,1872,400,000526A2,0,1,1,4294967295,0,0
oInvCollPH,1888,400,0029819A,0,1,1,4294967295,0,0
oInvCollPH,1904,400,0039C579,0,1,1,4294967295,0,0
oInvCollPH,1904,384,003DB27C,0,1,1,4294967295,0,0
oInvCollPH,1904,368,00365964,0,1,1,4294967295,0,0
oInvCollPH,1904,352,0029C94C,0,1,1,4294967295,0,0
oInvCollPH,1904,336,0006A02F,0,1,1,4294967295,0,0
oInvCollPH,1904,320,00294CBA,0,1,1,4294967295,0,0
oInvCollPH,1904,304,0023B4C0,0,1,1,4294967295,0,0
oInvCollPH,1904,288,002B0CB7,0,1,1,4294967295,0,0
oInvCollPH,1904,272,0025C414,0,1,1,4294967295,0,0
oInvCollPH,1904,256,000A336C,0,1,1,4294967295,0,0
oInvCollPH,1312,176,001B1BC8,0,1,1,4294967295,0,0
oInvCollPH,1328,160,00206CA4,0,1,1,4294967295,0,0
oInvCollPH,1344,160,002AAFCB,0,1,1,4294967295,0,0
oInvCollPH,1360,160,003F569C,0,1,1,4294967295,0,0
oInvCollPH,1376,160,001ADF22,0,1,1,4294967295,0,0
oInvCollPH,1392,160,000137D6,0,1,1,4294967295,0,0
oInvCollPH,1408,160,003FA8CA,0,1,1,4294967295,0,0
oInvCollPH,1424,160,003B3FF5,0,1,1,4294967295,0,0
oInvCollPH,1440,160,00045612,0,1,1,4294967295,0,0
oInvCollPH,1456,160,001B4DE0,0,1,1,4294967295,0,0
oInvCollPH,1472,160,002B1D9A,0,1,1,4294967295,0,0
oInvCollPH,1488,160,0001AD7D,0,1,1,4294967295,0,0
oInvCollPH,1504,160,0006DEB0,0,1,1,4294967295,0,0
oInvCollPH,1520,160,0016AD5B,0,1,1,4294967295,0,0
oInvCollPH,1536,160,001B1D57,0,1,1,4294967295,0,0
oInvCollPH,1552,160,0037C9A5,0,1,1,4294967295,0,0
oInvCollPH,1568,160,0017D16C,0,1,1,4294967295,0,0
oInvCollPH,1584,160,00158102,0,1,1,4294967295,0,0
oInvCollPH,1600,160,0006AC52,0,1,1,4294967295,0,0
oInvCollPH,1616,160,001B47A8,0,1,1,4294967295,0,0
oInvCollPH,1632,160,00127515,0,1,1,4294967295,0,0
oInvCollPH,1648,160,00263AE6,0,1,1,4294967295,0,0
oInvCollPH,1664,160,00350771,0,1,1,4294967295,0,0
oInvCollPH,1680,160,00136427,0,1,1,4294967295,0,0
oInvCollPH,1696,160,0038EB4E,0,1,1,4294967295,0,0
oInvCollPH,1712,160,003B0F14,0,1,1,4294967295,0,0
oInvCollPH,1728,160,001E2428,0,1,1,4294967295,0,0
oInvCollPH,1744,160,001D0988,0,1,1,4294967295,0,0
oInvCollPH,1760,160,001632CF,0,1,1,4294967295,0,0
oInvCollPH,1776,160,000375BC,0,1,1,4294967295,0,0
oInvCollPH,1792,160,00311450,0,1,1,4294967295,0,0
oInvCollPH,1808,160,000E630C,0,1,1,4294967295,0,0
oInvCollPH,1824,160,002DBBAE,0,1,1,4294967295,0,0
oInvCollPH,1840,160,001DFF42,0,1,1,4294967295,0,0
oInvCollPH,1856,160,000077BA,0,1,1,4294967295,0,0
oInvCollPH,1872,160,002BEA07,0,1,1,4294967295,0,0
oInvCollPH,1888,160,003B76D9,0,1,1,4294967295,0,0
oInvCollPH,1904,160,002EEC5B,0,1,1,4294967295,0,0
oInvCollPH,1904,176,0026BD87,0,1,1,4294967295,0,0
oInvCollPH,1904,192,000E1C7D,0,1,1,4294967295,0,0
oInvCollPH,1904,208,001ED9EB,0,1,1,4294967295,0,0
oInvCollPH,1904,224,001D9371,0,1,1,4294967295,0,0
oInvCollPH,1904,240,003F6DA5,0,1,1,4294967295,0,0
oInvCollPH,1776,240,000B627B,0,1,1,4294967295,0,0
oInvCollPH,1760,240,0013950F,0,1,1,4294967295,0,0
oInvCollPH,1744,240,00014F31,0,1,1,4294967295,0,0
oInvCollPH,1728,240,000F37EE,0,1,1,4294967295,0,0
oInvCollPH,1712,240,003FE3A4,0,1,1,4294967295,0,0
oInvCollPH,1696,240,0035EC31,0,1,1,4294967295,0,0
oInvCollPH,1680,240,00018294,0,1,1,4294967295,0,0
oInvCollPH,1664,240,00146872,0,1,1,4294967295,0,0
oInvCollPH,1648,240,00302E61,0,1,1,4294967295,0,0
oInvCollPH,1632,240,0020B2DB,0,1,1,4294967295,0,0
oInvCollPH,1616,240,001F80EE,0,1,1,4294967295,0,0
oInvCollPH,1600,240,002252A7,0,1,1,4294967295,0,0
oInvCollPH,1584,240,002ED52C,0,1,1,4294967295,0,0
oInvCollPH,1568,240,00124A8D,0,1,1,4294967295,0,0
oInvCollPH,1552,240,0030E2A1,0,1,1,4294967295,0,0
oInvCollPH,1536,240,00320120,0,1,1,4294967295,0,0
oInvCollPH,1520,240,0005D378,0,1,1,4294967295,0,0
oInvCollPH,1504,240,000E1992,0,1,1,4294967295,0,0
oInvCollPH,1120,400,0007DD15,0,1,1,4294967295,0,0
oInvCollPH,1136,400,0016B861,0,1,1,4294967295,0,0
oInvCollPH,1152,400,001C0802,0,1,1,4294967295,0,0
oInvCollPH,1168,400,003515E6,0,1,1,4294967295,0,0
oInvCollPH,1184,400,002FA405,0,1,1,4294967295,0,0
oInvCollPH,1200,400,00041C2E,0,1,1,4294967295,0,0
oInvCollPH,1216,400,002FDF34,0,1,1,4294967295,0,0
oInvCollPH,1232,400,001A47AE,0,1,1,4294967295,0,0
oInvCollPH,1248,400,003A7DA9,0,1,1,4294967295,0,0
oInvCollPH,1264,400,003E4CA1,0,1,1,4294967295,0,0
oInvCollPH,1488,400,00228969,0,1,1,4294967295,0,0
oInvCollPH,1472,400,0020544E,0,1,1,4294967295,0,0
oInvCollPH,1456,400,000256DC,0,1,1,4294967295,0,0
oInvCollPH,1440,400,0038512C,0,1,1,4294967295,0,0
oInvCollPH,1424,400,001B0DAE,0,1,1,4294967295,0,0
oInvCollPH,1408,400,0022ED04,0,1,1,4294967295,0,0
oInvCollPH,1392,400,002F9815,0,1,1,4294967295,0,0
oInvCollPH,1376,400,0036F1C6,0,1,1,4294967295,0,0
oInvCollPH,1360,400,00165CEA,0,1,1,4294967295,0,0
oInvCollPH,1344,400,00037133,0,1,1,4294967295,0,0
oInvCollPH,1120,208,000CAA89,0,1,1,4294967295,0,0
oInvCollPH,1120,224,001462DC,0,1,1,4294967295,0,0
oInvCollPH,1120,240,00343F6C,0,1,1,4294967295,0,0
oInvCollPH,1120,256,001B7922,0,1,1,4294967295,0,0
oInvCollPH,1120,272,002F26D3,0,1,1,4294967295,0,0
oInvCollPH,1120,288,001C4DB2,0,1,1,4294967295,0,0
oInvCollPH,1120,304,0009F293,0,1,1,4294967295,0,0
oInvCollPH,1120,320,00186ADC,0,1,1,4294967295,0,0
oInvCollPH,1120,336,0031929E,0,1,1,4294967295,0,0
oInvCollPH,1120,352,00141F28,0,1,1,4294967295,0,0
oInvCollPH,1120,368,001EC041,0,1,1,4294967295,0,0
oInvCollPH,1120,384,001F6AC9,0,1,1,4294967295,0,0
oInvCollPH,1280,400,000E3A77,0,1,1,4294967295,0,0
oInvCollPH,1296,400,0016AFB2,0,1,1,4294967295,0,0
oInvCollPH,1312,400,003B9B9E,0,1,1,4294967295,0,0
oInvCollPH,1328,400,0020156C,0,1,1,4294967295,0,0
oInvCollPH,1488,384,002CA7CB,0,1,1,4294967295,0,0
oInvCollPH,1488,368,0032D9B2,0,1,1,4294967295,0,0
oInvCollPH,1488,352,0012EB40,0,1,1,4294967295,0,0
oInvCollPH,1488,336,0014114C,0,1,1,4294967295,0,0
oInvCollPH,1488,320,00089721,0,1,1,4294967295,0,0
oInvCollPH,1488,304,0011680B,0,1,1,4294967295,0,0
oInvCollPH,1488,288,000D0C38,0,1,1,4294967295,0,0
oInvCollPH,1488,272,0035668D,0,1,1,4294967295,0,0
oInvCollPH,1488,256,002EB674,0,1,1,4294967295,0,0
oInvCollPH,1296,192,00372041,0,1,1,4294967295,0,0
oInvCollPH,1280,192,00162BAB,0,1,1,4294967295,0,0
oInvCollPH,1264,192,0005540C,0,1,1,4294967295,0,0
oInvCollPH,1248,192,000DCCF5,0,1,1,4294967295,0,0
oInvCollPH,1232,192,000075B3,0,1,1,4294967295,0,0
oInvCollPH,1216,192,00209721,0,1,1,4294967295,0,0
oInvCollPH,1200,192,0013057F,0,1,1,4294967295,0,0
oInvCollPH,1184,192,003CEB55,0,1,1,4294967295,0,0
oInvCollPH,1168,192,00128596,0,1,1,4294967295,0,0
oInvCollPH,1152,192,0017FD50,0,1,1,4294967295,0,0
oInvCollPH,1136,192,003624C7,0,1,1,4294967295,0,0
oInvCollPH,1104,480,001373CF,0,1,1,4294967295,0,0
oInvCollPH,1120,480,003A4A69,0,1,1,4294967295,0,0
oInvCollPH,1136,480,000EC391,0,1,1,4294967295,0,0
oInvCollPH,1152,480,00149406,0,1,1,4294967295,0,0
oInvCollPH,1168,480,00153AF8,0,1,1,4294967295,0,0
oInvCollPH,1184,480,0033152E,0,1,1,4294967295,0,0
oInvCollPH,1200,480,0023C5C8,0,1,1,4294967295,0,0
oInvCollPH,1216,480,002B23C7,0,1,1,4294967295,0,0
oInvCollPH,1232,480,0023AF6B,0,1,1,4294967295,0,0
oInvCollPH,1248,480,002CD4A4,0,1,1,4294967295,0,0
oInvCollPH,1264,480,0006C99C,0,1,1,4294967295,0,0
oInvCollPH,1280,480,001402AE,0,1,1,4294967295,0,0
oInvCollPH,1296,480,0034A167,0,1,1,4294967295,0,0
oInvCollPH,1312,480,001193BA,0,1,1,4294967295,0,0
oInvCollPH,1328,480,00401726,0,1,1,4294967295,0,0
oInvCollPH,1344,480,001BE2C9,0,1,1,4294967295,0,0
oInvCollPH,1360,480,00336481,0,1,1,4294967295,0,0
oInvCollPH,1376,480,000EA62C,0,1,1,4294967295,0,0
oInvCollPH,1392,480,0004ADEA,0,1,1,4294967295,0,0
oInvCollPH,1408,480,0026C845,0,1,1,4294967295,0,0
oInvCollPH,1424,480,001BEAFB,0,1,1,4294967295,0,0
oInvCollPH,1440,480,00055A6C,0,1,1,4294967295,0,0
oInvCollPH,1456,480,0036C793,0,1,1,4294967295,0,0
oInvCollPH,1616,480,0013A592,0,1,1,4294967295,0,0
oInvCollPH,1472,480,002E443E,0,1,1,4294967295,0,0
oInvCollPH,1632,480,001291C6,0,1,1,4294967295,0,0
oInvCollPH,1488,480,002CC68A,0,1,1,4294967295,0,0
oInvCollPH,1504,480,000937C7,0,1,1,4294967295,0,0
oInvCollPH,1520,480,002A5D42,0,1,1,4294967295,0,0
oInvCollPH,1536,480,0005EF5E,0,1,1,4294967295,0,0
oInvCollPH,1552,480,00015CD5,0,1,1,4294967295,0,0
oInvCollPH,1568,480,0005123C,0,1,1,4294967295,0,0
oInvCollPH,1584,480,0012875C,0,1,1,4294967295,0,0
oInvCollPH,1600,480,00118626,0,1,1,4294967295,0,0
oInvCollPH,1648,480,002E7085,0,1,1,4294967295,0,0
oInvCollPH,1664,480,0003FCB3,0,1,1,4294967295,0,0
oInvCollPH,1680,480,002DE59C,0,1,1,4294967295,0,0
oInvCollPH,1696,480,0020804A,0,1,1,4294967295,0,0
oInvCollPH,1712,480,000B5E92,0,1,1,4294967295,0,0
oInvCollPH,1728,480,00281CBB,0,1,1,4294967295,0,0
oInvCollPH,1744,480,000C0C31,0,1,1,4294967295,0,0
oInvCollPH,1760,480,0010A851,0,1,1,4294967295,0,0
oInvCollPH,1776,480,000E5EA7,0,1,1,4294967295,0,0
oInvCollPH,1792,480,003F6388,0,1,1,4294967295,0,0
oInvCollPH,1808,480,0013D6F4,0,1,1,4294967295,0,0
oInvCollPH,1824,480,00306F68,0,1,1,4294967295,0,0
oInvCollPH,1840,480,00342985,0,1,1,4294967295,0,0
oInvCollPH,1856,480,003897FC,0,1,1,4294967295,0,0
oInvCollPH,1872,480,001B356E,0,1,1,4294967295,0,0
oInvCollPH,1888,480,00396B44,0,1,1,4294967295,0,0
oInvCollPH,1904,480,00062C2C,0,1,1,4294967295,0,0
oInvCollPH,1920,480,00400DAC,0,1,1,4294967295,0,0
oInvCollPH,1936,480,0012DD55,0,1,1,4294967295,0,0
oInvCollPH,1952,480,00341326,0,1,1,4294967295,0,0
oInvCollPH,1968,480,0005D801,0,1,1,4294967295,0,0
oInvCollPH,1856,16,003BB8C4,0,1,1,4294967295,0,0
oInvCollPH,1856,32,00119A28,0,1,1,4294967295,0,0
oInvCollPH,1856,48,003BCBFA,0,1,1,4294967295,0,0
oInvCollPH,1856,64,003C935D,0,1,1,4294967295,0,0
oInvCollPH,1856,80,000F30DD,0,1,1,4294967295,0,0
oInvCollPH,1872,80,000284FC,0,1,1,4294967295,0,0
oInvCollPH,1888,80,00337331,0,1,1,4294967295,0,0
oInvCollPH,1904,80,00401964,0,1,1,4294967295,0,0
oInvCollPH,1904,64,000A5877,0,1,1,4294967295,0,0
oInvCollPH,1904,48,0005907B,0,1,1,4294967295,0,0
oInvCollPH,1904,32,001149A2,0,1,1,4294967295,0,0
oInvCollPH,1920,16,00051277,0,1,1,4294967295,0,0
oInvCollPH,1936,16,003E9924,0,1,1,4294967295,0,0
oInvCollPH,1984,112,002CD937,0,1,1,4294967295,0,0
oInvCollPH,1984,128,003BE1AE,0,1,1,4294967295,0,0
oInvCollPH,1984,144,0011122B,0,1,1,4294967295,0,0
oInvCollPH,2000,144,003D623E,0,1,1,4294967295,0,0
oInvCollPH,2016,144,003F1D65,0,1,1,4294967295,0,0
oInvCollPH,2032,144,00140CB2,0,1,1,4294967295,0,0
oInvCollPH,2032,128,00256EB3,0,1,1,4294967295,0,0
oInvCollPH,2032,112,002BEE44,0,1,1,4294967295,0,0
oInvCollPH,2032,96,001D47A2,0,1,1,4294967295,0,0
oInvCollPH,2016,96,0020A078,0,1,1,4294967295,0,0
oInvCollPH,2000,96,001153C2,0,1,1,4294967295,0,0
oInvCollPH,2112,112,0023980B,0,1,1,4294967295,0,0
oInvCollPH,2112,128,001B6544,0,1,1,4294967295,0,0
oInvCollPH,2112,144,002CDE98,0,1,1,4294967295,0,0
oInvCollPH,2128,144,000743DF,0,1,1,4294967295,0,0
oInvCollPH,2144,144,00108862,0,1,1,4294967295,0,0
oInvCollPH,2160,144,0021C8FF,0,1,1,4294967295,0,0
oInvCollPH,2160,128,00376C6D,0,1,1,4294967295,0,0
oInvCollPH,2160,112,00037930,0,1,1,4294967295,0,0
oInvCollPH,2160,96,001F1482,0,1,1,4294967295,0,0
oInvCollPH,2144,96,0037C9E5,0,1,1,4294967295,0,0
oInvCollPH,2128,96,0029C74C,0,1,1,4294967295,0,0
oInvCollPH,2240,112,001F3C13,0,1,1,4294967295,0,0
oInvCollPH,2240,128,002B1CF8,0,1,1,4294967295,0,0
oInvCollPH,2240,144,00303DCA,0,1,1,4294967295,0,0
oInvCollPH,2256,144,00359B99,0,1,1,4294967295,0,0
oInvCollPH,2272,144,001D0CEB,0,1,1,4294967295,0,0
oInvCollPH,2288,144,002BDCE3,0,1,1,4294967295,0,0
oInvCollPH,2288,128,001EAEFD,0,1,1,4294967295,0,0
oInvCollPH,2288,112,00278291,0,1,1,4294967295,0,0
oInvCollPH,2288,96,0006CF8D,0,1,1,4294967295,0,0
oInvCollPH,2272,96,0033504A,0,1,1,4294967295,0,0
oInvCollPH,2256,96,00303398,0,1,1,4294967295,0,0
oInvCollPH,2368,112,0030F27C,0,1,1,4294967295,0,0
oInvCollPH,2368,128,0016FCC8,0,1,1,4294967295,0,0
oInvCollPH,2368,144,00285D35,0,1,1,4294967295,0,0
oInvCollPH,2384,144,002B3181,0,1,1,4294967295,0,0
oInvCollPH,2400,144,003515E0,0,1,1,4294967295,0,0
oInvCollPH,2416,144,00382E2B,0,1,1,4294967295,0,0
oInvCollPH,2416,128,0033D43E,0,1,1,4294967295,0,0
oInvCollPH,2416,112,002AD276,0,1,1,4294967295,0,0
oInvCollPH,2416,96,003A794A,0,1,1,4294967295,0,0
oInvCollPH,2400,96,003740E8,0,1,1,4294967295,0,0
oInvCollPH,2384,96,00255AA2,0,1,1,4294967295,0,0
oInvCollPH,1984,240,00368281,0,1,1,4294967295,0,0
oInvCollPH,1984,256,002E86D0,0,1,1,4294967295,0,0
oInvCollPH,1984,272,00126909,0,1,1,4294967295,0,0
oInvCollPH,2000,272,0029DCAE,0,1,1,4294967295,0,0
oInvCollPH,2016,272,002A1862,0,1,1,4294967295,0,0
oInvCollPH,2032,272,003B349D,0,1,1,4294967295,0,0
oInvCollPH,2032,256,001FE79C,0,1,1,4294967295,0,0
oInvCollPH,2032,240,00379FD2,0,1,1,4294967295,0,0
oInvCollPH,2032,224,0031F2F6,0,1,1,4294967295,0,0
oInvCollPH,2016,224,003C4938,0,1,1,4294967295,0,0
oInvCollPH,2000,224,0016516A,0,1,1,4294967295,0,0
oInvCollPH,2112,240,00292796,0,1,1,4294967295,0,0
oInvCollPH,2112,256,002C2B23,0,1,1,4294967295,0,0
oInvCollPH,2112,272,00354E14,0,1,1,4294967295,0,0
oInvCollPH,2128,272,0014E0C2,0,1,1,4294967295,0,0
oInvCollPH,2144,272,000D660C,0,1,1,4294967295,0,0
oInvCollPH,2160,272,00143EE2,0,1,1,4294967295,0,0
oInvCollPH,2160,256,00356F2A,0,1,1,4294967295,0,0
oInvCollPH,2160,240,0012CF25,0,1,1,4294967295,0,0
oInvCollPH,2160,224,00037A5F,0,1,1,4294967295,0,0
oInvCollPH,2144,224,002AC08C,0,1,1,4294967295,0,0
oInvCollPH,2128,224,0028D5F9,0,1,1,4294967295,0,0
oInvCollPH,2240,240,00337E23,0,1,1,4294967295,0,0
oInvCollPH,2240,256,000970EB,0,1,1,4294967295,0,0
oInvCollPH,2240,272,001B368D,0,1,1,4294967295,0,0
oInvCollPH,2256,272,00272008,0,1,1,4294967295,0,0
oInvCollPH,2272,272,00083E38,0,1,1,4294967295,0,0
oInvCollPH,2288,272,00358A16,0,1,1,4294967295,0,0
oInvCollPH,2288,256,00369D2A,0,1,1,4294967295,0,0
oInvCollPH,2288,240,001CAD32,0,1,1,4294967295,0,0
oInvCollPH,2288,224,001E75CF,0,1,1,4294967295,0,0
oInvCollPH,2272,224,001FA96C,0,1,1,4294967295,0,0
oInvCollPH,2256,224,00205F65,0,1,1,4294967295,0,0
oInvCollPH,2368,240,003F60DF,0,1,1,4294967295,0,0
oInvCollPH,2368,256,003EE7D9,0,1,1,4294967295,0,0
oInvCollPH,2368,272,0014D389,0,1,1,4294967295,0,0
oInvCollPH,2384,272,002699EF,0,1,1,4294967295,0,0
oInvCollPH,2400,272,000B4FCF,0,1,1,4294967295,0,0
oInvCollPH,2416,272,001F8519,0,1,1,4294967295,0,0
oInvCollPH,2416,256,00376B8D,0,1,1,4294967295,0,0
oInvCollPH,2416,240,001B2DF8,0,1,1,4294967295,0,0
oInvCollPH,2416,224,001007A4,0,1,1,4294967295,0,0
oInvCollPH,2400,224,0005F2E4,0,1,1,4294967295,0,0
oInvCollPH,2384,224,001B975D,0,1,1,4294967295,0,0
oInvCollPH,1984,368,00340FA5,0,1,1,4294967295,0,0
oInvCollPH,1984,384,003AC8B0,0,1,1,4294967295,0,0
oInvCollPH,1984,400,00114907,0,1,1,4294967295,0,0
oInvCollPH,2000,400,0024FEAE,0,1,1,4294967295,0,0
oInvCollPH,2016,400,003AFA4E,0,1,1,4294967295,0,0
oInvCollPH,2032,400,0026AEF9,0,1,1,4294967295,0,0
oInvCollPH,2032,384,00331428,0,1,1,4294967295,0,0
oInvCollPH,2032,368,00176856,0,1,1,4294967295,0,0
oInvCollPH,2032,352,000EC91A,0,1,1,4294967295,0,0
oInvCollPH,2016,352,003725FC,0,1,1,4294967295,0,0
oInvCollPH,2000,352,0031EF4B,0,1,1,4294967295,0,0
oInvCollPH,2112,368,003D0A3A,0,1,1,4294967295,0,0
oInvCollPH,2112,384,00176BA3,0,1,1,4294967295,0,0
oInvCollPH,2112,400,002F9089,0,1,1,4294967295,0,0
oInvCollPH,2128,400,00073F29,0,1,1,4294967295,0,0
oInvCollPH,2144,400,002862AD,0,1,1,4294967295,0,0
oInvCollPH,2160,400,0026D4CC,0,1,1,4294967295,0,0
oInvCollPH,2160,384,001B3671,0,1,1,4294967295,0,0
oInvCollPH,2160,368,000DFD5F,0,1,1,4294967295,0,0
oInvCollPH,2160,352,003ADF1A,0,1,1,4294967295,0,0
oInvCollPH,2144,352,001E724C,0,1,1,4294967295,0,0
oInvCollPH,2128,352,0000AA13,0,1,1,4294967295,0,0
oInvCollPH,2240,368,003074EE,0,1,1,4294967295,0,0
oInvCollPH,2240,384,002876C9,0,1,1,4294967295,0,0
oInvCollPH,2240,400,0015A696,0,1,1,4294967295,0,0
oInvCollPH,2256,400,001D960F,0,1,1,4294967295,0,0
oInvCollPH,2272,400,003E5940,0,1,1,4294967295,0,0
oInvCollPH,2288,400,00016637,0,1,1,4294967295,0,0
oInvCollPH,2288,384,001055F1,0,1,1,4294967295,0,0
oInvCollPH,2288,368,0034514D,0,1,1,4294967295,0,0
oInvCollPH,2288,352,0020C726,0,1,1,4294967295,0,0
oInvCollPH,2272,352,0010ED03,0,1,1,4294967295,0,0
oInvCollPH,2256,352,00258081,0,1,1,4294967295,0,0
oInvCollPH,2368,368,0008950F,0,1,1,4294967295,0,0
oInvCollPH,2368,384,00337F59,0,1,1,4294967295,0,0
oInvCollPH,2368,400,0034C4F8,0,1,1,4294967295,0,0
oInvCollPH,2384,400,0003B786,0,1,1,4294967295,0,0
oInvCollPH,2400,400,00356681,0,1,1,4294967295,0,0
oInvCollPH,2416,400,00187E78,0,1,1,4294967295,0,0
oInvCollPH,2416,384,0014F1CA,0,1,1,4294967295,0,0
oInvCollPH,2416,368,00138A3E,0,1,1,4294967295,0,0
oInvCollPH,2416,352,00319926,0,1,1,4294967295,0,0
oInvCollPH,2400,352,00195D77,0,1,1,4294967295,0,0
oInvCollPH,2384,352,000C0D78,0,1,1,4294967295,0,0
oInvCollPH,2480,16,0003AD02,0,1,1,4294967295,0,0
oInvCollPH,2496,32,0030E918,0,1,1,4294967295,0,0
oInvCollPH,2496,48,001D194C,0,1,1,4294967295,0,0
oInvCollPH,2496,64,0000BBBA,0,1,1,4294967295,0,0
oInvCollPH,2496,80,002E69D1,0,1,1,4294967295,0,0
oInvCollPH,2496,96,000CF463,0,1,1,4294967295,0,0
oInvCollPH,2496,112,000BEF7E,0,1,1,4294967295,0,0
oInvCollPH,2496,128,00044829,0,1,1,4294967295,0,0
oInvCollPH,2496,144,002A2069,0,1,1,4294967295,0,0
oInvCollPH,2496,160,002C04D4,0,1,1,4294967295,0,0
oInvCollPH,2496,176,0015A7EA,0,1,1,4294967295,0,0
oInvCollPH,2496,192,000225C8,0,1,1,4294967295,0,0
oInvCollPH,2496,208,002D03E8,0,1,1,4294967295,0,0
oInvCollPH,2496,224,000954E1,0,1,1,4294967295,0,0
oInvCollPH,2496,272,003E75D6,0,1,1,4294967295,0,0
oInvCollPH,2496,288,00278E37,0,1,1,4294967295,0,0
oInvCollPH,2496,240,000904C0,0,1,1,4294967295,0,0
oInvCollPH,2496,256,00138A4D,0,1,1,4294967295,0,0
oInvCollPH,2496,304,00064AF0,0,1,1,4294967295,0,0
oInvCollPH,2496,320,00266760,0,1,1,4294967295,0,0
oInvCollPH,2496,336,0010981A,0,1,1,4294967295,0,0
oInvCollPH,2496,352,000C4A18,0,1,1,4294967295,0,0
oInvCollPH,2496,368,00150994,0,1,1,4294967295,0,0
oInvCollPH,2496,384,000EC5FF,0,1,1,4294967295,0,0
oInvCollPH,2496,400,001C4BF1,0,1,1,4294967295,0,0
oInvCollPH,2512,400,000AABD6,0,1,1,4294967295,0,0
oInvCollPH,2528,400,00161484,0,1,1,4294967295,0,0
oInvCollPH,2544,400,00079717,0,1,1,4294967295,0,0
oInvCollPH,2560,400,0019BFCC,0,1,1,4294967295,0,0
oInvCollPH,2576,400,003F0591,0,1,1,4294967295,0,0
oInvCollPH,2592,400,00187E99,0,1,1,4294967295,0,0
oInvCollPH,2608,400,002A4DF5,0,1,1,4294967295,0,0
oInvCollPH,2608,384,0026AB01,0,1,1,4294967295,0,0
oInvCollPH,2608,368,001C0EC2,0,1,1,4294967295,0,0
oInvCollPH,2608,352,000599F6,0,1,1,4294967295,0,0
oInvCollPH,2608,336,001A09AB,0,1,1,4294967295,0,0
oInvCollPH,2608,320,003FC69E,0,1,1,4294967295,0,0
oInvCollPH,2608,304,002267B1,0,1,1,4294967295,0,0
oInvCollPH,2608,288,00292DE6,0,1,1,4294967295,0,0
oInvCollPH,2608,272,000821EA,0,1,1,4294967295,0,0
oInvCollPH,2608,256,0029857F,0,1,1,4294967295,0,0
oInvCollPH,2608,240,001AEAE1,0,1,1,4294967295,0,0
oInvCollPH,2608,224,000295CC,0,1,1,4294967295,0,0
oInvCollPH,2608,208,00254F51,0,1,1,4294967295,0,0
oInvCollPH,2608,192,003B70A7,0,1,1,4294967295,0,0
oInvCollPH,2608,176,0020874C,0,1,1,4294967295,0,0
oInvCollPH,2608,160,000BAA35,0,1,1,4294967295,0,0
oInvCollPH,2608,144,00401A0B,0,1,1,4294967295,0,0
oInvCollPH,2608,128,001FC120,0,1,1,4294967295,0,0
oInvCollPH,2608,112,001C6AFD,0,1,1,4294967295,0,0
oInvCollPH,2608,96,00282D1E,0,1,1,4294967295,0,0
oInvCollPH,2608,80,00271E6B,0,1,1,4294967295,0,0
oInvCollPH,2608,64,0019FF3C,0,1,1,4294967295,0,0
oInvCollPH,2608,48,002C7453,0,1,1,4294967295,0,0
oInvCollPH,2608,32,00204D92,0,1,1,4294967295,0,0
oInvCollPH,2608,16,003792DB,0,1,1,4294967295,0,0
oInvCollPH,2608,0,00278C63,0,1,1,4294967295,0,0
oInvCollPH,1984,480,001623AF,0,1,1,4294967295,0,0
oInvCollPH,2000,480,001EFF93,0,1,1,4294967295,0,0
oInvCollPH,2016,480,003CFD5C,0,1,1,4294967295,0,0
oInvCollPH,2032,480,000076FC,0,1,1,4294967295,0,0
oInvCollPH,2048,480,0017A394,0,1,1,4294967295,0,0
oInvCollPH,2064,480,003E15D8,0,1,1,4294967295,0,0
oInvCollPH,2080,480,001CFA18,0,1,1,4294967295,0,0
oInvCollPH,2096,480,000BADC5,0,1,1,4294967295,0,0
oInvCollPH,2112,480,0032ADAE,0,1,1,4294967295,0,0
oInvCollPH,2128,480,003C5A64,0,1,1,4294967295,0,0
oInvCollPH,2144,480,001395AC,0,1,1,4294967295,0,0
oInvCollPH,2160,480,002615DB,0,1,1,4294967295,0,0
oInvCollPH,2176,480,0022BEE5,0,1,1,4294967295,0,0
oInvCollPH,2192,480,00096574,0,1,1,4294967295,0,0
oInvCollPH,2208,480,0016C59E,0,1,1,4294967295,0,0
oInvCollPH,2224,480,0033EFDF,0,1,1,4294967295,0,0
oInvCollPH,2240,480,003DE10B,0,1,1,4294967295,0,0
oInvCollPH,2256,480,00210E82,0,1,1,4294967295,0,0
oInvCollPH,2272,480,0009D8B6,0,1,1,4294967295,0,0
oInvCollPH,2288,480,003D0A69,0,1,1,4294967295,0,0
oInvCollPH,2304,480,000B770B,0,1,1,4294967295,0,0
oInvCollPH,2320,480,003FD570,0,1,1,4294967295,0,0
oInvCollPH,2336,480,003745D4,0,1,1,4294967295,0,0
oInvCollPH,2352,480,0026D70E,0,1,1,4294967295,0,0
oInvCollPH,2368,480,0036576B,0,1,1,4294967295,0,0
oInvCollPH,2384,480,000F4DD8,0,1,1,4294967295,0,0
oInvCollPH,2400,480,0015A3A2,0,1,1,4294967295,0,0
oInvCollPH,2416,480,000073C5,0,1,1,4294967295,0,0
oInvCollPH,2432,480,0033C6C3,0,1,1,4294967295,0,0
oInvCollPH,2448,480,003434DC,0,1,1,4294967295,0,0
oInvCollPH,2464,480,0022C9C0,0,1,1,4294967295,0,0
oInvCollPH,2480,480,0001F7ED,0,1,1,4294967295,0,0
oInvCollPH,2496,480,00323D9D,0,1,1,4294967295,0,0
oInvCollPH,2512,480,002E1604,0,1,1,4294967295,0,0
oInvCollPH,2528,480,0036D9E6,0,1,1,4294967295,0,0
oInvCollPH,2544,480,0037BE10,0,1,1,4294967295,0,0
oInvCollPH,2560,480,0001383E,0,1,1,4294967295,0,0
oInvCollPH,2576,480,00078260,0,1,1,4294967295,0,0
oInvCollPH,2592,480,0019C2E1,0,1,1,4294967295,0,0
oInvCollPH,2608,480,00395D87,0,1,1,4294967295,0,0
oInvCollPH,2624,480,0028C352,0,1,1,4294967295,0,0
oInvCollPH,2656,480,0033C227,0,1,1,4294967295,0,0
oInvCollPH,2688,480,003A6D06,0,1,1,4294967295,0,0
oInvCollPH,2720,480,0019DEE4,0,1,1,4294967295,0,0
oInvCollPH,2752,480,002A4D05,0,1,1,4294967295,0,0
oInvCollPH,2784,480,002C7F33,0,1,1,4294967295,0,0
oInvCollPH,2640,480,003ECDCE,0,1,1,4294967295,0,0
oInvCollPH,2672,480,003907FD,0,1,1,4294967295,0,0
oInvCollPH,2704,480,002D0618,0,1,1,4294967295,0,0
oInvCollPH,2736,480,001F1DF5,0,1,1,4294967295,0,0
oInvCollPH,2768,480,00118D28,0,1,1,4294967295,0,0
oInvCollPH,2800,480,000F0559,0,1,1,4294967295,0,0
oInvCollPH,2816,480,002B9110,0,1,1,4294967295,0,0
oInvCollPH,2832,480,000A6389,0,1,1,4294967295,0,0
oInvCollPH,2656,80,001C6D6E,0,1,1,4294967295,0,0
oInvCollPH,2656,96,0007E980,0,1,1,4294967295,0,0
oInvCollPH,2656,112,00015328,0,1,1,4294967295,0,0
oInvCollPH,2656,128,00301B9A,0,1,1,4294967295,0,0
oInvCollPH,2656,144,002D6E54,0,1,1,4294967295,0,0
oInvCollPH,2656,160,003C4127,0,1,1,4294967295,0,0
oInvCollPH,2656,176,002FDF81,0,1,1,4294967295,0,0
oInvCollPH,2672,176,0026D9B1,0,1,1,4294967295,0,0
oInvCollPH,2672,160,00015E70,0,1,1,4294967295,0,0
oInvCollPH,2672,144,003EADF8,0,1,1,4294967295,0,0
oInvCollPH,2672,128,002E337E,0,1,1,4294967295,0,0
oInvCollPH,2672,112,002D0E5C,0,1,1,4294967295,0,0
oInvCollPH,2672,64,0008BDD1,0,1,1,4294967295,0,0
oInvCollPH,2688,96,000D168E,0,1,1,4294967295,0,0
oInvCollPH,2704,112,002757DC,0,1,1,4294967295,0,0
oInvCollPH,2720,112,00133C60,0,1,1,4294967295,0,0
oInvCollPH,2720,96,002B743F,0,1,1,4294967295,0,0
oInvCollPH,2736,96,00060DA6,0,1,1,4294967295,0,0
oInvCollPH,2752,112,00109AFC,0,1,1,4294967295,0,0
oInvCollPH,2752,128,002D40CE,0,1,1,4294967295,0,0
oInvCollPH,2752,144,00266093,0,1,1,4294967295,0,0
oInvCollPH,2752,160,0015A99D,0,1,1,4294967295,0,0
oInvCollPH,2752,176,001ADE42,0,1,1,4294967295,0,0
oInvCollPH,2768,176,0000E5B6,0,1,1,4294967295,0,0
oInvCollPH,2768,160,00283EB2,0,1,1,4294967295,0,0
oInvCollPH,2768,144,001F0D25,0,1,1,4294967295,0,0
oInvCollPH,2768,128,000B3A6C,0,1,1,4294967295,0,0
oInvCollPH,2768,112,0002AD32,0,1,1,4294967295,0,0
oInvCollPH,2768,96,00232BF8,0,1,1,4294967295,0,0
oInvCollPH,2768,80,001CEA86,0,1,1,4294967295,0,0
oInvCollPH,2768,64,0034F2DF,0,1,1,4294967295,0,0
oInvCollPH,1952,16,001C5713,0,1,1,4294967295,0,0
oInvCollPH,1968,16,003D69C1,0,1,1,4294967295,0,0
oInvCollPH,1984,16,0017C67F,0,1,1,4294967295,0,0
oInvCollPH,2000,16,00195697,0,1,1,4294967295,0,0
oInvCollPH,2016,16,00081047,0,1,1,4294967295,0,0
oInvCollPH,2032,16,001E37D6,0,1,1,4294967295,0,0
oInvCollPH,2048,16,002FB28C,0,1,1,4294967295,0,0
oInvCollPH,2064,16,000C741C,0,1,1,4294967295,0,0
oInvCollPH,2464,16,003A4F83,0,1,1,4294967295,0,0
oInvCollPH,2448,16,003E5CFA,0,1,1,4294967295,0,0
oInvCollPH,2432,16,00080F49,0,1,1,4294967295,0,0
oInvCollPH,2416,16,00099A12,0,1,1,4294967295,0,0
oInvCollPH,2400,16,004041F9,0,1,1,4294967295,0,0
oInvCollPH,2384,16,0026E47A,0,1,1,4294967295,0,0
oInvCollPH,2368,16,000A8B28,0,1,1,4294967295,0,0
oInvCollPH,2352,16,002BA131,0,1,1,4294967295,0,0
oInvCollPH,2336,16,0019BF3C,0,1,1,4294967295,0,0
oInvCollPH,2160,16,002FF371,0,1,1,4294967295,0,0
oInvCollPH,2176,16,00188E14,0,1,1,4294967295,0,0
oInvCollPH,2192,16,001F8B20,0,1,1,4294967295,0,0
oInvCollPH,2208,16,003676F0,0,1,1,4294967295,0,0
oInvCollPH,2224,16,00332A73,0,1,1,4294967295,0,0
oInvCollPH,2240,16,0007DDD2,0,1,1,4294967295,0,0
oInvCollPH,2080,16,002C5B59,0,1,1,4294967295,0,0
oInvCollPH,2096,16,00240AEB,0,1,1,4294967295,0,0
oInvCollPH,2112,16,00060D0E,0,1,1,4294967295,0,0
oInvCollPH,2128,16,0000618C,0,1,1,4294967295,0,0
oInvCollPH,2144,16,0030BE08,0,1,1,4294967295,0,0
oInvCollPH,2320,16,0025B8DD,0,1,1,4294967295,0,0
oInvCollPH,2304,16,0034407D,0,1,1,4294967295,0,0
oInvCollPH,2288,16,0016DBE4,0,1,1,4294967295,0,0
oInvCollPH,2272,16,001760CD,0,1,1,4294967295,0,0
oInvCollPH,2256,16,001249D2,0,1,1,4294967295,0,0
oInvCollPH,2832,352,0010A2B9,0,1,1,4294967295,0,0
oInvCollPH,2816,368,0017214E,0,1,1,4294967295,0,0
oInvCollPH,2816,384,00308B14,0,1,1,4294967295,0,0
oInvCollPH,2816,400,00356357,0,1,1,4294967295,0,0
oInvCollPH,2832,400,000C2617,0,1,1,4294967295,0,0
oInvisibleSolid,0,384,00256641,0,1,1,4294967295,0,1
oInvisibleSolid,256,320,0010D8C4,0,1,1,4294967295,0,1
oInvisibleSolid,448,352,0003D892,0,1,1,4294967295,0,1
oInvisibleSolid,640,352,0017152D,0,1,1,4294967295,0,1
oInvisibleSolid,704,256,001346EC,0,1,1,4294967295,0,1
oInvisibleSolid,832,352,003C218C,0,1,1,4294967295,0,1
oInvisibleSolid,320,128,00247809,0,1,1,4294967295,0,1
oInvisibleSolid,256,224,000EA5E9,0,1,1,4294967295,0,1
oInvisibleSolid,704,0,001C4150,0,1,1,4294967295,0,1
oTimeSwBarrier,704,192,0013FB02,0,1,1,4294967295,0,1
oInvisibleSolid,960,320,00149B55,0,1,1,4294967295,0,1
oInvisibleSolid,1088,480,00357722,0,1,1,4294967295,0,1
oInvisibleSolid,1120,192,001FF5EA,0,1,1,4294967295,0,1
oInvisibleSolid,1520,288,003F65D3,0,1,1,4294967295,0,1
oInvisibleSolid,1632,352,0037827F,0,1,1,4294967295,0,1
oInvisibleSolid,1312,160,0031C578,0,1,1,4294967295,0,1
oInvisibleSolid,1792,256,00016894,0,1,1,4294967295,0,1
oInvisibleSolid,1856,0,001603A8,0,1,1,4294967295,0,1
oInvisibleSolid,2496,0,002B1609,0,1,1,4294967295,0,1
oInvisibleSolid,1984,96,003015FE,0,1,1,4294967295,0,1
oInvisibleSolid,1984,224,0029BAAC,0,1,1,4294967295,0,1
oInvisibleSolid,1984,352,0023EA59,0,1,1,4294967295,0,1
oInvisibleSolid,2112,352,00260817,0,1,1,4294967295,0,1
oInvisibleSolid,2112,224,0030AFCC,0,1,1,4294967295,0,1
oInvisibleSolid,2112,96,002E3AB9,0,1,1,4294967295,0,1
oInvisibleSolid,2240,96,000511E9,0,1,1,4294967295,0,1
oInvisibleSolid,2368,96,001403C8,0,1,1,4294967295,0,1
oInvisibleSolid,2368,224,0012E365,0,1,1,4294967295,0,1
oInvisibleSolid,2240,224,0033B69A,0,1,1,4294967295,0,1
oInvisibleSolid,2240,352,0005D39A,0,1,1,4294967295,0,1
oInvisibleSolid,2368,352,0009302F,0,1,1,4294967295,0,1
oInvisibleSolid,2656,64,00234538,0,1,1,4294967295,0,1
oInvisibleSolid,2688,80,002EF8F0,0,1,1,4294967295,0,1
oInvisibleSolid,2704,96,00347F12,0,1,1,4294967295,0,1
oInvisibleSolid,2736,80,001B1FC6,0,1,1,4294967295,0,1
oInvisibleSolid,2752,64,0003FCB2,0,1,1,4294967295,0,1
oInvisibleSolid,1920,0,00109D05,0,1,1,4294967295,0,1
oInvisibleSolid,2816,352,000724BB,0,1,1,4294967295,0,1
