oExit,0,256,002523F0,0,1,1,4294967295,0,1
oExit,336,288,003CA10D,0,1,1,4294967295,0,1
oNPC_SStoryChar,272,256,0021BF35,0,1,1,4294967295,0,1
oPlayer1,48,288,000FFFC6,0,1,1,4294967295,0,0
oInvCollPH,16,288,0019AABC,0,1,1,4294967295,0,0
oInvCollPH,32,288,0015AF12,0,1,1,4294967295,0,0
oInvCollPH,48,288,00379C47,0,1,1,4294967295,0,0
oInvCollPH,64,288,001ED2DA,0,1,1,4294967295,0,0
oInvCollPH,80,288,00278E7F,0,1,1,4294967295,0,0
oInvCollPH,96,64,00334B30,0,1,1,4294967295,0,0
oInvCollPH,112,64,00197ED4,0,1,1,4294967295,0,0
oInvCollPH,128,64,003AC611,0,1,1,4294967295,0,0
oInvCollPH,144,64,0036F0A9,0,1,1,4294967295,0,0
oInvCollPH,160,64,000DC65F,0,1,1,4294967295,0,0
oInvCollPH,176,64,0002DEA6,0,1,1,4294967295,0,0
oInvCollPH,192,64,0014E8B4,0,1,1,4294967295,0,0
oInvCollPH,208,64,001D7299,0,1,1,4294967295,0,0
oInvCollPH,224,64,001CB516,0,1,1,4294967295,0,0
oInvCollPH,240,64,00292EDE,0,1,1,4294967295,0,0
oInvCollPH,256,64,00115C11,0,1,1,4294967295,0,0
oInvCollPH,272,64,003E06D6,0,1,1,4294967295,0,0
oInvCollPH,288,64,002CAEED,0,1,1,4294967295,0,0
oInvCollPH,304,64,001D3408,0,1,1,4294967295,0,0
oInvCollPH,320,64,000C16EB,0,1,1,4294967295,0,0
oInvCollPH,336,64,003221C4,0,1,1,4294967295,0,0
oInvCollPH,352,64,0031A429,0,1,1,4294967295,0,0
oInvCollPH,368,64,000F84FB,0,1,1,4294967295,0,0
oInvCollPH,384,64,00051884,0,1,1,4294967295,0,0
oInvCollPH,400,64,003088C6,0,1,1,4294967295,0,0
oInvCollPH,416,64,003D0DD3,0,1,1,4294967295,0,0
oInvCollPH,96,288,000AD55C,0,1,1,4294967295,0,0
oInvCollPH,112,288,00242FD5,0,1,1,4294967295,0,0
oInvCollPH,128,288,002B2505,0,1,1,4294967295,0,0
oInvCollPH,144,288,00138204,0,1,1,4294967295,0,0
oInvCollPH,160,288,000E49FF,0,1,1,4294967295,0,0
oInvCollPH,176,288,00175A4B,0,1,1,4294967295,0,0
oInvCollPH,288,288,0036D638,0,1,1,4294967295,0,0
oInvCollPH,304,288,002EAE98,0,1,1,4294967295,0,0
oInvCollPH,320,288,003DF5F6,0,1,1,4294967295,0,0
oInvCollPH,336,288,00215485,0,1,1,4294967295,0,0
oInvCollPH,352,288,0019E2FD,0,1,1,4294967295,0,0
oInvCollPH,368,288,000215DE,0,1,1,4294967295,0,0
oInvCollPH,384,288,002F6973,0,1,1,4294967295,0,0
oInvCollPH,400,288,003750FC,0,1,1,4294967295,0,0
oInvCollPH,416,288,003278EB,0,1,1,4294967295,0,0
oInvCollPH,192,272,00350535,0,1,1,4294967295,0,0
oInvCollPH,208,256,002C80CF,0,1,1,4294967295,0,0
oInvCollPH,224,256,00242233,0,1,1,4294967295,0,0
oInvCollPH,240,256,00304F98,0,1,1,4294967295,0,0
oInvCollPH,256,256,0002F309,0,1,1,4294967295,0,0
oInvCollPH,272,256,000E94F3,0,1,1,4294967295,0,0
oInvCollPH,272,272,00334C85,0,1,1,4294967295,0,0
oInvCollPH,432,96,003589C5,0,1,1,4294967295,0,0
oInvCollPH,432,112,0018CB9E,0,1,1,4294967295,0,0
oInvCollPH,432,128,002E0D8E,0,1,1,4294967295,0,0
oInvCollPH,432,144,00348F97,0,1,1,4294967295,0,0
oInvCollPH,432,160,003934B6,0,1,1,4294967295,0,0
oInvCollPH,432,176,003E4063,0,1,1,4294967295,0,0
oInvCollPH,432,192,00289A24,0,1,1,4294967295,0,0
oInvCollPH,432,208,003EB291,0,1,1,4294967295,0,0
oInvCollPH,432,224,001D1F90,0,1,1,4294967295,0,0
oInvCollPH,432,240,003F87A2,0,1,1,4294967295,0,0
oInvCollPH,432,256,001A361F,0,1,1,4294967295,0,0
oInvCollPH,432,272,00212863,0,1,1,4294967295,0,0
oInvCollPH,80,80,0035C1E3,0,1,1,4294967295,0,0
oInvCollPH,80,96,000E0BF3,0,1,1,4294967295,0,0
oInvCollPH,80,112,002B60F1,0,1,1,4294967295,0,0
oInvCollPH,80,128,000A5C32,0,1,1,4294967295,0,0
oInvCollPH,80,144,0010BD13,0,1,1,4294967295,0,0
oInvCollPH,80,160,00243685,0,1,1,4294967295,0,0
oInvCollPH,80,176,002D75EC,0,1,1,4294967295,0,0
oInvCollPH,80,192,0033362A,0,1,1,4294967295,0,0
oInvCollPH,80,208,001E259E,0,1,1,4294967295,0,0
oInvCollPH,64,208,0004ED4D,0,1,1,4294967295,0,0
oInvCollPH,48,208,000D02C8,0,1,1,4294967295,0,0
oInvCollPH,32,208,00338F25,0,1,1,4294967295,0,0
oInvCollPH,16,208,0024C8C8,0,1,1,4294967295,0,0
oInvCollPH,0,208,00078F08,0,1,1,4294967295,0,0
oInvisibleSolid,0,80,003017CE,0,1,1,4294967295,0,1
oInvisibleSolid,0,0,003509E5,0,1,1,4294967295,0,1
oInvisibleSolid,432,80,000696AA,0,1,1,4294967295,0,1
oInvisibleSolid,0,288,00246739,0,1,1,4294967295,0,1
oInvisibleSolid,192,256,0025C795,0,1,1,4294967295,0,1
