oExit,160,400,00354C78,0,1,1,4294967295,0,1
oExit,4784,320,002FCA63,0,1,1,4294967295,0,1
oAPBoost,2960,296,001E894D,0,1,1,4294967295,0,1
oEvCh19Door,992,0,0009B62E,0,1,1,4294967295,0,1
oZeldaBreakPot,2752,320,003DD76B,0,1,1,4294967295,0,0
oZeldaBreakPot,2768,320,0007CF91,0,1,1,4294967295,0,0
oZeldaBreakPot,2784,320,001C8540,0,1,1,4294967295,0,0
oZeldaBreakPot,2800,320,003C7089,0,1,1,4294967295,0,0
oBreakableChest,1152,320,001A1E76,0,1,1,4294967295,0,0
oBreakableChest,800,320,002B8FC6,0,1,1,4294967295,0,0
oBreakableChest,3648,320,00073CD0,0,1,1,4294967295,0,0
oBreakableChest,3696,320,00330E9D,0,1,1,4294967295,0,0
oBreakableChest,3744,320,0024B134,0,1,1,4294967295,0,0
oHexFullCircle,1744,336,002D51AC,0,1,1,4294967295,0,1
oHexFullCircle,1664,128,003C79BA,0,1,1,4294967295,0,1
oHexFullCircle,1776,80,002ECAD9,0,1,1,4294967295,0,1
oHexFullCircle,1888,112,00385A93,0,1,1,4294967295,0,1
oHexFullCircle,1840,384,003331D9,0,1,1,4294967295,0,1
oHexFullCircle,2000,160,0005061C,0,1,1,4294967295,0,1
oHexFullCircle,1936,400,000AB84E,0,1,1,4294967295,0,1
oStaticSpikeRed,2656,160,00258EC5,0,1,1,4294967295,0,1
oHexCircle,2592,288,002AD5FD,0,1,1,4294967295,0,1
oHexCircle,2784,288,003A9383,0,1,1,4294967295,0,1
oHexFullCircle,2560,128,00379A8C,0,1,1,4294967295,0,1
oHexFullCircle,2816,128,001493C0,0,1,1,4294967295,0,1
oStaticSpikeRed,3936,0,001E72B1,0,1,1,4294967295,0,1
oStaticSpikeRed,3936,48,00075D9A,0,1,1,4294967295,0,1
oStaticSpikeRed,3936,96,00165E8B,0,1,1,4294967295,0,1
oStaticSpikeRed,3936,144,000E878B,0,1,1,4294967295,0,1
oStaticSpikeRed,3936,192,001059D2,0,1,1,4294967295,0,1
oStaticSpikeRed,3936,240,001044A5,0,1,1,4294967295,0,1
oBushhack,784,224,00074593,0,1,1,4294967295,0,0
oBushhack,1696,352,0039FED6,0,1,1,4294967295,0,1
oBushhack,2480,320,000F03F9,0,1,1,4294967295,0,0
oBushhack,3264,320,0004C5F5,0,1,1,4294967295,0,1
oBushhack,4288,272,00246454,0,1,1,4294967295,0,0
oPtooeyFlower,3952,368,00310662,0,1,1,4294967295,0,1
oPtooeyFlower,864,352,0009C073,0,1,1,4294967295,0,0
oFirePenguin,3376,304,003F37AB,0,1,1,4294967295,0,0
oFirePenguin,2080,320,00065D7C,0,1,1,4294967295,0,1
oFirePenguin,1488,320,0015246C,0,1,1,4294967295,0,0
oZakoCannonfodder,2320,320,00154698,0,1,1,4294967295,0,1
oZakoCannonfodder,3120,320,00346017,0,1,1,4294967295,0,1
oZakoCannonfodder,3184,320,0039FBDC,0,1,1,4294967295,0,1
oZakoSoldier,3616,224,001BEB2F,0,1,1,4294967295,0,1
oZakoSoldier,4080,224,0026A9DD,0,1,1,4294967295,0,1
oZakoBomber,3744,224,0016210A,0,1,1,4294967295,0,1
oZakoBomber,1120,256,002F2DB2,0,1,1,4294967295,0,1
oPenguinCannon,1520,320,0001050B,0,1,1,4294967295,0,0
oPenguinCannon,2112,320,00075A5B,0,1,1,4294967295,0,1
oPenguinCannon,3408,304,001A6362,0,1,1,4294967295,0,0
oPlayer1,240,384,003D3005,0,1,1,4294967295,0,0
oCh19MapCovering,400,272,000F6789,0,1,1,4294967295,0,1
oCh19MapCovering,1120,304,0025F71B,0,1,1,4294967295,0,1
oCh19MapCovering,2944,272,00353229,0,1,1,4294967295,0,1
oCh19MapCovering,3568,256,002DD25F,0,1,1,4294967295,0,1
oCh19MapCovering,896,336,0016148E,0,1,1,4294967295,0,1
oInvCollPH,240,384,0011AF65,0,1,1,4294967295,0,0
oInvCollPH,256,384,00374E47,0,1,1,4294967295,0,0
oInvCollPH,272,384,00369927,0,1,1,4294967295,0,0
oInvCollPH,224,400,001FAD15,0,1,1,4294967295,0,0
oInvCollPH,16,352,00183C22,0,1,1,4294967295,0,0
oInvCollPH,32,352,0010AFDA,0,1,1,4294967295,0,0
oInvCollPH,48,352,0037003C,0,1,1,4294967295,0,0
oInvCollPH,64,352,00189B7B,0,1,1,4294967295,0,0
oInvCollPH,80,352,000A3571,0,1,1,4294967295,0,0
oInvCollPH,96,352,00011AFA,0,1,1,4294967295,0,0
oInvCollPH,112,352,0035EC36,0,1,1,4294967295,0,0
oInvCollPH,128,352,00024DDB,0,1,1,4294967295,0,0
oInvCollPH,144,352,003AA27C,0,1,1,4294967295,0,0
oInvCollPH,144,368,000FA85B,0,1,1,4294967295,0,0
oInvCollPH,144,384,001E7F57,0,1,1,4294967295,0,0
oInvCollPH,144,400,002C359C,0,1,1,4294967295,0,0
oInvCollPH,288,368,002EEC50,0,1,1,4294967295,0,0
oInvCollPH,304,352,00243AB1,0,1,1,4294967295,0,0
oInvCollPH,320,336,00347BFB,0,1,1,4294967295,0,0
oInvCollPH,336,336,00277767,0,1,1,4294967295,0,0
oInvCollPH,352,352,00042C7B,0,1,1,4294967295,0,0
oInvCollPH,368,352,00386E90,0,1,1,4294967295,0,0
oInvCollPH,384,352,000BF80C,0,1,1,4294967295,0,0
oInvCollPH,400,352,0010F962,0,1,1,4294967295,0,0
oInvCollPH,416,352,003839D0,0,1,1,4294967295,0,0
oInvCollPH,432,352,0022D6BE,0,1,1,4294967295,0,0
oInvCollPH,448,352,003B81AF,0,1,1,4294967295,0,0
oInvCollPH,464,352,000DD57F,0,1,1,4294967295,0,0
oInvCollPH,480,352,0010C316,0,1,1,4294967295,0,0
oInvCollPH,496,352,001F15BB,0,1,1,4294967295,0,0
oInvCollPH,512,352,0037ED53,0,1,1,4294967295,0,0
oInvCollPH,528,352,00113A4D,0,1,1,4294967295,0,0
oInvCollPH,544,352,0016CC90,0,1,1,4294967295,0,0
oInvCollPH,560,352,00178E8C,0,1,1,4294967295,0,0
oInvCollPH,576,352,00026923,0,1,1,4294967295,0,0
oInvCollPH,592,352,00137965,0,1,1,4294967295,0,0
oInvCollPH,608,352,002BC671,0,1,1,4294967295,0,0
oInvCollPH,624,352,00006667,0,1,1,4294967295,0,0
oInvCollPH,640,352,00102E9F,0,1,1,4294967295,0,0
oInvCollPH,656,352,003889F7,0,1,1,4294967295,0,0
oInvCollPH,672,352,001EEB57,0,1,1,4294967295,0,0
oInvCollPH,688,352,0016DB6F,0,1,1,4294967295,0,0
oInvCollPH,704,352,00061AEA,0,1,1,4294967295,0,0
oInvCollPH,720,352,00030D06,0,1,1,4294967295,0,0
oInvCollPH,736,352,00244966,0,1,1,4294967295,0,0
oInvCollPH,752,352,00244F67,0,1,1,4294967295,0,0
oInvCollPH,768,352,000D5ED6,0,1,1,4294967295,0,0
oInvCollPH,784,352,002D8B72,0,1,1,4294967295,0,0
oInvCollPH,800,352,0011D668,0,1,1,4294967295,0,0
oInvCollPH,816,352,003AB062,0,1,1,4294967295,0,0
oInvCollPH,832,352,0025F2E8,0,1,1,4294967295,0,0
oInvCollPH,848,352,001D5768,0,1,1,4294967295,0,0
oInvCollPH,864,352,0015AE86,0,1,1,4294967295,0,0
oInvCollPH,880,352,0020DB13,0,1,1,4294967295,0,0
oInvCollPH,560,272,00247C98,0,1,1,4294967295,0,0
oInvCollPH,512,256,002F10BF,0,1,1,4294967295,0,0
oInvCollPH,496,256,003CA6C6,0,1,1,4294967295,0,0
oInvCollPH,480,256,000540DA,0,1,1,4294967295,0,0
oInvCollPH,464,256,0007FAA6,0,1,1,4294967295,0,0
oInvCollPH,560,288,00044982,0,1,1,4294967295,0,0
oInvCollPH,560,304,002324DB,0,1,1,4294967295,0,0
oInvCollPH,448,256,0026EBE7,0,1,1,4294967295,0,0
oInvCollPH,416,272,0023A955,0,1,1,4294967295,0,0
oInvCollPH,416,288,0029373B,0,1,1,4294967295,0,0
oInvCollPH,416,304,0015A7EB,0,1,1,4294967295,0,0
oInvCollSM,432,320,000D02A7,0,1,1,4294967295,0,0
oInvCollSM,448,320,0003B577,0,1,1,4294967295,0,0
oInvCollSM,464,320,000C1957,0,1,1,4294967295,0,0
oInvCollSM,480,320,001C0EA5,0,1,1,4294967295,0,0
oInvCollSM,496,320,002245A9,0,1,1,4294967295,0,0
oInvCollSM,512,320,003BBF40,0,1,1,4294967295,0,0
oInvCollSM,528,320,003A332D,0,1,1,4294967295,0,0
oInvCollSM,544,320,000A109D,0,1,1,4294967295,0,0
oInvCollSM,560,320,0021505E,0,1,1,4294967295,0,0
oInvCollPH,544,240,00165472,0,1,1,4294967295,0,0
oInvCollPH,528,256,001386EA,0,1,1,4294967295,0,0
oInvCollPH,560,224,003B8748,0,1,1,4294967295,0,0
oInvCollPH,576,224,001B10CA,0,1,1,4294967295,0,0
oInvCollPH,592,224,003E8787,0,1,1,4294967295,0,0
oInvCollPH,608,224,000A7285,0,1,1,4294967295,0,0
oInvCollPH,624,224,003067F3,0,1,1,4294967295,0,0
oInvCollPH,640,224,00261083,0,1,1,4294967295,0,0
oInvCollPH,656,224,00374B47,0,1,1,4294967295,0,0
oInvCollPH,672,224,0000C78F,0,1,1,4294967295,0,0
oInvCollPH,688,224,0015103D,0,1,1,4294967295,0,0
oInvCollPH,704,224,001B1C93,0,1,1,4294967295,0,0
oInvCollPH,720,224,001A23F5,0,1,1,4294967295,0,0
oInvCollPH,736,224,00081D83,0,1,1,4294967295,0,0
oInvCollPH,752,224,0014E50D,0,1,1,4294967295,0,0
oInvCollPH,768,224,003263CB,0,1,1,4294967295,0,0
oInvCollPH,784,224,002737B9,0,1,1,4294967295,0,0
oInvCollPH,800,224,00385937,0,1,1,4294967295,0,0
oInvCollPH,816,224,003F638B,0,1,1,4294967295,0,0
oInvCollPH,832,224,00078FDF,0,1,1,4294967295,0,0
oInvCollPH,848,224,003667DA,0,1,1,4294967295,0,0
oInvCollPH,864,224,002211F4,0,1,1,4294967295,0,0
oInvCollPH,880,224,003484D7,0,1,1,4294967295,0,0
oInvCollPH,576,256,000C57A6,0,1,1,4294967295,0,0
oInvCollPH,592,256,00400BA4,0,1,1,4294967295,0,0
oInvCollPH,608,256,00041DBB,0,1,1,4294967295,0,0
oInvCollPH,624,256,00384AE1,0,1,1,4294967295,0,0
oInvCollPH,640,256,003159B1,0,1,1,4294967295,0,0
oInvCollPH,656,256,003F0464,0,1,1,4294967295,0,0
oInvCollPH,672,256,003F274A,0,1,1,4294967295,0,0
oInvCollPH,688,256,00349C8D,0,1,1,4294967295,0,0
oInvCollPH,704,256,0001AD41,0,1,1,4294967295,0,0
oInvCollPH,720,256,0004C157,0,1,1,4294967295,0,0
oInvCollPH,736,256,0016EDC0,0,1,1,4294967295,0,0
oInvCollPH,752,256,00077354,0,1,1,4294967295,0,0
oInvCollPH,768,256,0018028E,0,1,1,4294967295,0,0
oInvCollPH,784,256,0039100A,0,1,1,4294967295,0,0
oInvCollPH,800,256,001BAA86,0,1,1,4294967295,0,0
oInvCollPH,816,256,001D69A0,0,1,1,4294967295,0,0
oInvCollPH,832,256,002C47FC,0,1,1,4294967295,0,0
oInvCollPH,848,256,000D3A3E,0,1,1,4294967295,0,0
oInvCollPH,864,256,001B6DF6,0,1,1,4294967295,0,0
oInvCollPH,880,256,003DF77F,0,1,1,4294967295,0,0
oInvCollPH,432,256,0000CE92,0,1,1,4294967295,0,0
oInvCollPH,336,320,0037C552,0,1,1,4294967295,0,0
oInvCollPH,992,192,001DE0DF,0,1,1,4294967295,0,0
oInvCollPH,992,208,003F322E,0,1,1,4294967295,0,0
oInvCollPH,1024,176,003AB508,0,1,1,4294967295,0,0
oInvCollPH,1040,176,002FE695,0,1,1,4294967295,0,0
oInvCollPH,1040,192,003DDDC3,0,1,1,4294967295,0,0
oInvCollPH,1040,208,00168DDA,0,1,1,4294967295,0,0
oInvCollPH,1008,176,003A309A,0,1,1,4294967295,0,0
oInvCollPH,912,224,003D8815,0,1,1,4294967295,0,0
oInvCollPH,928,224,003933E0,0,1,1,4294967295,0,0
oInvCollPH,944,224,0026BB9E,0,1,1,4294967295,0,0
oInvCollPH,960,224,0005E6E7,0,1,1,4294967295,0,0
oInvCollPH,976,224,00343906,0,1,1,4294967295,0,0
oInvCollPH,1040,224,0010C897,0,1,1,4294967295,0,0
oInvCollPH,896,272,0016A079,0,1,1,4294967295,0,0
oInvCollPH,896,288,001923BD,0,1,1,4294967295,0,0
oInvCollPH,896,304,001FC193,0,1,1,4294967295,0,0
oInvCollPH,896,352,002E3AB8,0,1,1,4294967295,0,0
oInvCollPH,1072,240,0020F893,0,1,1,4294967295,0,0
oInvCollSM,1136,288,0029B397,0,1,1,4294967295,0,0
oInvCollSM,1152,288,00236145,0,1,1,4294967295,0,0
oInvCollSM,1168,288,0016E6A6,0,1,1,4294967295,0,0
oInvCollSM,1184,288,00030F4C,0,1,1,4294967295,0,0
oInvCollSM,1200,288,003C1449,0,1,1,4294967295,0,0
oInvCollSM,1216,288,00180493,0,1,1,4294967295,0,0
oInvCollSM,1232,288,000632D5,0,1,1,4294967295,0,0
oInvCollPH,1104,256,00094AEB,0,1,1,4294967295,0,0
oInvCollPH,1120,256,003245BC,0,1,1,4294967295,0,0
oInvCollPH,1136,256,001568D3,0,1,1,4294967295,0,0
oInvCollPH,1152,256,00034182,0,1,1,4294967295,0,0
oInvCollPH,1168,256,001BB013,0,1,1,4294967295,0,0
oInvCollPH,1184,256,001C0269,0,1,1,4294967295,0,0
oInvCollPH,1200,256,003D3C3E,0,1,1,4294967295,0,0
oInvCollPH,1216,256,0005E0DF,0,1,1,4294967295,0,0
oInvCollPH,1232,256,001222BC,0,1,1,4294967295,0,0
oInvCollPH,1232,272,00261BCA,0,1,1,4294967295,0,0
oInvCollPH,1104,304,0023A003,0,1,1,4294967295,0,0
oInvCollPH,1104,352,0030A2E3,0,1,1,4294967295,0,0
oInvCollPH,1136,352,0032256F,0,1,1,4294967295,0,0
oInvCollPH,1152,352,0017E7BE,0,1,1,4294967295,0,0
oInvCollPH,1168,352,000279FF,0,1,1,4294967295,0,0
oInvCollPH,1184,352,003617A6,0,1,1,4294967295,0,0
oInvCollPH,1200,352,00071267,0,1,1,4294967295,0,0
oInvCollPH,1216,336,001FB387,0,1,1,4294967295,0,0
oInvCollPH,1232,320,002EA4EE,0,1,1,4294967295,0,0
oInvCollPH,1248,320,0012939A,0,1,1,4294967295,0,0
oInvCollPH,1264,320,003A38AC,0,1,1,4294967295,0,0
oInvCollPH,1280,320,001B71D7,0,1,1,4294967295,0,0
oInvCollPH,1296,320,000F39E4,0,1,1,4294967295,0,0
oInvCollPH,1312,320,0029244D,0,1,1,4294967295,0,0
oInvCollPH,1328,320,000AF526,0,1,1,4294967295,0,0
oInvCollPH,1344,320,001552D7,0,1,1,4294967295,0,0
oInvCollPH,1360,320,000CCBCC,0,1,1,4294967295,0,0
oInvCollPH,1616,336,0023ACA5,0,1,1,4294967295,0,0
oInvCollPH,1616,320,0010268D,0,1,1,4294967295,0,0
oInvCollPH,1600,320,002AFDFE,0,1,1,4294967295,0,0
oInvCollPH,1584,320,001D0972,0,1,1,4294967295,0,0
oInvCollPH,1568,320,000A5921,0,1,1,4294967295,0,0
oInvCollPH,1552,320,00220159,0,1,1,4294967295,0,0
oInvCollPH,1536,320,003673A5,0,1,1,4294967295,0,0
oInvCollPH,1520,320,001B4D9B,0,1,1,4294967295,0,0
oInvCollPH,1504,320,00094B1E,0,1,1,4294967295,0,0
oInvCollPH,1488,320,003602EF,0,1,1,4294967295,0,0
oInvCollPH,1472,320,002FE3B2,0,1,1,4294967295,0,0
oInvCollPH,1376,320,0004F608,0,1,1,4294967295,0,0
oInvCollPH,1392,320,0011435B,0,1,1,4294967295,0,0
oInvCollPH,1408,320,000E62BB,0,1,1,4294967295,0,0
oInvCollPH,1424,320,00002A8A,0,1,1,4294967295,0,0
oInvCollPH,1440,320,000DC9D6,0,1,1,4294967295,0,0
oInvCollPH,1456,320,00290D9E,0,1,1,4294967295,0,0
oInvCollPH,2096,320,002D5984,0,1,1,4294967295,0,0
oInvCollPH,2112,320,0028E94A,0,1,1,4294967295,0,0
oInvCollPH,2128,320,00371AB2,0,1,1,4294967295,0,0
oInvCollPH,2032,336,003D3F37,0,1,1,4294967295,0,0
oInvCollPH,2048,336,001CA01B,0,1,1,4294967295,0,0
oInvCollPH,2064,336,00212826,0,1,1,4294967295,0,0
oInvCollPH,2128,336,00355CC5,0,1,1,4294967295,0,0
oInvCollPH,2160,368,00049C91,0,1,1,4294967295,0,0
oInvCollPH,2176,368,000BB5EC,0,1,1,4294967295,0,0
oInvCollPH,2192,368,0010D3E3,0,1,1,4294967295,0,0
oInvCollPH,2208,368,0027F049,0,1,1,4294967295,0,0
oInvCollPH,2224,368,00065A9D,0,1,1,4294967295,0,0
oInvCollPH,1648,352,001FF765,0,1,1,4294967295,0,0
oInvCollPH,1664,352,0036BC5E,0,1,1,4294967295,0,0
oInvCollPH,1680,352,000E41A4,0,1,1,4294967295,0,0
oInvCollPH,1696,352,00110F77,0,1,1,4294967295,0,0
oInvCollPH,1712,352,002B8F7B,0,1,1,4294967295,0,0
oInvCollPH,1728,352,0025BD32,0,1,1,4294967295,0,0
oInvCollPH,1744,352,003B87D2,0,1,1,4294967295,0,0
oInvCollPH,1760,352,00087021,0,1,1,4294967295,0,0
oInvCollPH,1776,352,00028052,0,1,1,4294967295,0,0
oInvCollPH,1792,352,00396584,0,1,1,4294967295,0,0
oInvCollPH,1808,352,0021B46F,0,1,1,4294967295,0,0
oInvCollPH,1824,352,0029D78F,0,1,1,4294967295,0,0
oInvCollPH,1840,352,000C65CB,0,1,1,4294967295,0,0
oInvCollPH,1856,352,000067DF,0,1,1,4294967295,0,0
oInvCollPH,1872,352,0028EAB7,0,1,1,4294967295,0,0
oInvCollPH,1888,352,0004BCBA,0,1,1,4294967295,0,0
oInvCollPH,1904,352,0012EA9D,0,1,1,4294967295,0,0
oInvCollPH,1920,352,00364FB6,0,1,1,4294967295,0,0
oInvCollPH,1936,352,001D403B,0,1,1,4294967295,0,0
oInvCollPH,1952,352,00088531,0,1,1,4294967295,0,0
oInvCollPH,1968,352,00277CD5,0,1,1,4294967295,0,0
oInvCollPH,1984,352,002310E2,0,1,1,4294967295,0,0
oInvCollPH,2000,352,00147ECF,0,1,1,4294967295,0,0
oInvCollPH,2128,352,00233084,0,1,1,4294967295,0,0
oInvCollPH,2256,352,0028650B,0,1,1,4294967295,0,0
oInvCollPH,2272,352,00277A44,0,1,1,4294967295,0,0
oInvCollPH,2288,352,0009BB8F,0,1,1,4294967295,0,0
oInvCollPH,2320,320,0029EFE7,0,1,1,4294967295,0,0
oInvCollPH,2336,320,0015D432,0,1,1,4294967295,0,0
oInvCollPH,2352,320,001ED2A4,0,1,1,4294967295,0,0
oInvCollPH,2368,320,003AD621,0,1,1,4294967295,0,0
oInvCollPH,2384,320,0006CC1F,0,1,1,4294967295,0,0
oInvCollPH,2400,320,00010FDD,0,1,1,4294967295,0,0
oInvCollPH,2416,320,0007D01D,0,1,1,4294967295,0,0
oInvCollPH,2432,320,001C74D5,0,1,1,4294967295,0,0
oInvCollPH,2448,320,001EDA79,0,1,1,4294967295,0,0
oInvCollPH,2640,320,002CCFF8,0,1,1,4294967295,0,0
oInvCollPH,2624,320,00320E6B,0,1,1,4294967295,0,0
oInvCollPH,2608,320,00158435,0,1,1,4294967295,0,0
oInvCollPH,2592,320,000D1F64,0,1,1,4294967295,0,0
oInvCollPH,2576,320,000B6105,0,1,1,4294967295,0,0
oInvCollPH,2560,320,0014F1E0,0,1,1,4294967295,0,0
oInvCollPH,2544,320,0021684D,0,1,1,4294967295,0,0
oInvCollPH,2528,320,00081A9C,0,1,1,4294967295,0,0
oInvCollPH,2512,320,002237F1,0,1,1,4294967295,0,0
oInvCollPH,2496,320,002FBC83,0,1,1,4294967295,0,0
oInvCollPH,2304,336,002EECFC,0,1,1,4294967295,0,0
oInvCollPH,2464,320,001DBFF3,0,1,1,4294967295,0,0
oInvCollPH,2480,320,000A490A,0,1,1,4294967295,0,0
oInvCollPH,2656,272,0015544C,0,1,1,4294967295,0,0
oInvCollPH,2656,288,001E25A2,0,1,1,4294967295,0,0
oInvCollPH,2656,304,0002904C,0,1,1,4294967295,0,0
oInvCollPH,2672,256,0002A72A,0,1,1,4294967295,0,0
oInvCollPH,2688,256,00294E3D,0,1,1,4294967295,0,0
oInvCollPH,2704,256,000ADEDF,0,1,1,4294967295,0,0
oInvCollPH,2704,272,00193154,0,1,1,4294967295,0,0
oInvCollPH,2704,288,002A60FC,0,1,1,4294967295,0,0
oInvCollPH,2704,304,00019643,0,1,1,4294967295,0,0
oInvCollPH,2704,320,0023A3C2,0,1,1,4294967295,0,0
oInvCollPH,2736,336,00313CD3,0,1,1,4294967295,0,0
oInvCollPH,2752,336,00088A74,0,1,1,4294967295,0,0
oInvCollPH,2768,336,000F6CB6,0,1,1,4294967295,0,0
oInvCollPH,2784,336,000177A8,0,1,1,4294967295,0,0
oInvCollPH,2800,336,00364717,0,1,1,4294967295,0,0
oInvCollPH,2816,336,0005BB96,0,1,1,4294967295,0,0
oInvCollPH,2832,336,003C9D0E,0,1,1,4294967295,0,0
oInvCollPH,2928,240,00240309,0,1,1,4294967295,0,0
oInvCollPH,2944,240,002D5D06,0,1,1,4294967295,0,0
oInvCollPH,2960,240,00151E25,0,1,1,4294967295,0,0
oInvCollPH,2976,240,000ADB51,0,1,1,4294967295,0,0
oInvCollPH,2992,240,00200D1D,0,1,1,4294967295,0,0
oInvCollPH,3008,240,002150BC,0,1,1,4294967295,0,0
oInvCollPH,3024,240,001872F6,0,1,1,4294967295,0,0
oInvCollPH,3024,256,00136321,0,1,1,4294967295,0,0
oInvCollPH,3008,256,000B294F,0,1,1,4294967295,0,0
oInvCollPH,2992,256,000AD509,0,1,1,4294967295,0,0
oInvCollPH,2976,256,00062D11,0,1,1,4294967295,0,0
oInvCollPH,2960,256,00299E65,0,1,1,4294967295,0,0
oInvCollPH,2944,256,003DC051,0,1,1,4294967295,0,0
oInvCollPH,2912,256,002030FC,0,1,1,4294967295,0,0
oInvCollPH,2848,320,00125723,0,1,1,4294967295,0,0
oInvCollPH,2864,304,002F118E,0,1,1,4294967295,0,0
oInvCollPH,2880,288,00258567,0,1,1,4294967295,0,0
oInvCollPH,2896,272,0024A406,0,1,1,4294967295,0,0
oInvCollPH,2928,272,001C7073,0,1,1,4294967295,0,0
oInvCollPH,2928,288,000F679A,0,1,1,4294967295,0,0
oInvCollPH,2928,304,00139DE8,0,1,1,4294967295,0,0
oInvCollSM,3600,288,0033470E,0,1,1,4294967295,0,0
oInvCollPH,3584,272,000B308B,0,1,1,4294967295,0,0
oInvCollPH,3600,256,00148AFC,0,1,1,4294967295,0,0
oInvCollPH,3600,272,000603EB,0,1,1,4294967295,0,0
oInvCollPH,3376,304,00057274,0,1,1,4294967295,0,0
oInvCollPH,3392,304,00368229,0,1,1,4294967295,0,0
oInvCollPH,3408,304,00180EB5,0,1,1,4294967295,0,0
oInvCollPH,3424,304,00227504,0,1,1,4294967295,0,0
oInvCollPH,3440,304,00070ADC,0,1,1,4294967295,0,0
oInvCollPH,2960,320,0027636A,0,1,1,4294967295,0,0
oInvCollPH,2976,320,0027E660,0,1,1,4294967295,0,0
oInvCollPH,2992,320,003C58FC,0,1,1,4294967295,0,0
oInvCollPH,3008,320,0021E634,0,1,1,4294967295,0,0
oInvCollPH,3024,320,000710FC,0,1,1,4294967295,0,0
oInvCollPH,3040,320,003EC530,0,1,1,4294967295,0,0
oInvCollPH,3056,320,001DD7A0,0,1,1,4294967295,0,0
oInvCollPH,3072,320,002FA3A8,0,1,1,4294967295,0,0
oInvCollPH,3088,320,0030DE6A,0,1,1,4294967295,0,0
oInvCollPH,3104,320,0005DC92,0,1,1,4294967295,0,0
oInvCollPH,3120,320,001867D0,0,1,1,4294967295,0,0
oInvCollPH,3136,320,0021E6FC,0,1,1,4294967295,0,0
oInvCollPH,3152,320,002E92F3,0,1,1,4294967295,0,0
oInvCollPH,3168,320,003A9C2A,0,1,1,4294967295,0,0
oInvCollPH,3184,320,0029F9B7,0,1,1,4294967295,0,0
oInvCollPH,3200,320,0027D58F,0,1,1,4294967295,0,0
oInvCollPH,3216,320,000BD61D,0,1,1,4294967295,0,0
oInvCollPH,3232,320,00034A8D,0,1,1,4294967295,0,0
oInvCollPH,3248,320,00341624,0,1,1,4294967295,0,0
oInvCollPH,3264,320,003E7C3F,0,1,1,4294967295,0,0
oInvCollPH,3280,320,0006597B,0,1,1,4294967295,0,0
oInvCollPH,3296,320,00004666,0,1,1,4294967295,0,0
oInvCollPH,3312,320,0023BEF4,0,1,1,4294967295,0,0
oInvCollPH,3328,320,00008943,0,1,1,4294967295,0,0
oInvCollPH,3344,320,00362FF6,0,1,1,4294967295,0,0
oInvCollPH,3456,320,002B2CF4,0,1,1,4294967295,0,0
oInvCollPH,3472,320,0012423B,0,1,1,4294967295,0,0
oInvCollPH,3488,320,0039C527,0,1,1,4294967295,0,0
oInvCollPH,3504,320,0001C4AC,0,1,1,4294967295,0,0
oInvCollPH,3520,320,002A15E1,0,1,1,4294967295,0,0
oInvCollPH,3536,320,001F6B18,0,1,1,4294967295,0,0
oInvCollPH,3552,320,0013B30E,0,1,1,4294967295,0,0
oInvCollPH,3568,320,002B0797,0,1,1,4294967295,0,0
oInvCollPH,3584,320,0012DC0B,0,1,1,4294967295,0,0
oInvCollPH,3600,320,00396E2E,0,1,1,4294967295,0,0
oInvCollPH,3600,336,002DDB49,0,1,1,4294967295,0,0
oInvCollPH,3584,240,001090BB,0,1,1,4294967295,0,0
oInvCollPH,3600,224,000BB21C,0,1,1,4294967295,0,0
oInvCollPH,3616,224,003E0994,0,1,1,4294967295,0,0
oInvCollPH,3632,224,002BF867,0,1,1,4294967295,0,0
oInvCollPH,3648,224,0020DEA3,0,1,1,4294967295,0,0
oInvCollPH,3664,224,00096838,0,1,1,4294967295,0,0
oInvCollPH,3680,224,002F8AF6,0,1,1,4294967295,0,0
oInvCollPH,3696,224,002B8EDC,0,1,1,4294967295,0,0
oInvCollPH,3712,224,0038573E,0,1,1,4294967295,0,0
oInvCollPH,3728,224,000838DD,0,1,1,4294967295,0,0
oInvCollPH,3856,224,00112CA1,0,1,1,4294967295,0,0
oInvCollPH,3840,224,0003D8CA,0,1,1,4294967295,0,0
oInvCollPH,3824,224,003F8908,0,1,1,4294967295,0,0
oInvCollPH,3808,224,00081466,0,1,1,4294967295,0,0
oInvCollPH,3792,224,0038445B,0,1,1,4294967295,0,0
oInvCollPH,3776,224,000953E9,0,1,1,4294967295,0,0
oInvCollPH,3760,224,00185020,0,1,1,4294967295,0,0
oInvCollPH,3744,224,0018D211,0,1,1,4294967295,0,0
oInvCollPH,3616,240,0005BC68,0,1,1,4294967295,0,0
oInvCollPH,3632,240,0013B48B,0,1,1,4294967295,0,0
oInvCollPH,3648,240,000F8EF1,0,1,1,4294967295,0,0
oInvCollPH,3664,240,00297D29,0,1,1,4294967295,0,0
oInvCollPH,3680,240,003FDA7C,0,1,1,4294967295,0,0
oInvCollPH,3696,240,0008DC75,0,1,1,4294967295,0,0
oInvCollPH,3712,240,0038F191,0,1,1,4294967295,0,0
oInvCollPH,3728,240,0000A310,0,1,1,4294967295,0,0
oInvCollPH,3744,240,00052BE4,0,1,1,4294967295,0,0
oInvCollPH,3760,240,0025C2AE,0,1,1,4294967295,0,0
oInvCollPH,3856,240,002A35C6,0,1,1,4294967295,0,0
oInvCollPH,3776,272,002F7FE0,0,1,1,4294967295,0,0
oInvCollPH,3776,288,001A04B2,0,1,1,4294967295,0,0
oInvCollPH,3776,304,0007EB2B,0,1,1,4294967295,0,0
oInvCollPH,3776,320,00201540,0,1,1,4294967295,0,0
oInvCollPH,3776,336,002F26F5,0,1,1,4294967295,0,0
oInvCollPH,3856,256,0006FCDB,0,1,1,4294967295,0,0
oInvCollPH,3856,272,001959C3,0,1,1,4294967295,0,0
oInvCollPH,3856,288,00062946,0,1,1,4294967295,0,0
oInvCollPH,3856,304,0015BD22,0,1,1,4294967295,0,0
oInvCollPH,3856,320,0014AE05,0,1,1,4294967295,0,0
oInvCollPH,3856,336,00358D2A,0,1,1,4294967295,0,0
oInvCollPH,3856,352,00121ECB,0,1,1,4294967295,0,0
oInvCollPH,3632,352,0036B0E7,0,1,1,4294967295,0,0
oInvCollPH,3648,352,0039B0F2,0,1,1,4294967295,0,0
oInvCollPH,3664,352,0011DE5A,0,1,1,4294967295,0,0
oInvCollPH,3680,352,0036B029,0,1,1,4294967295,0,0
oInvCollPH,3696,352,003FB039,0,1,1,4294967295,0,0
oInvCollPH,3712,352,003C824E,0,1,1,4294967295,0,0
oInvCollPH,3728,352,00233BC6,0,1,1,4294967295,0,0
oInvCollPH,3744,352,00072C5F,0,1,1,4294967295,0,0
oInvCollPH,3760,352,00072EFB,0,1,1,4294967295,0,0
oInvCollPH,3888,368,00392633,0,1,1,4294967295,0,0
oInvCollPH,3904,368,0033D647,0,1,1,4294967295,0,0
oInvCollPH,3920,368,0011BCF1,0,1,1,4294967295,0,0
oInvCollPH,3936,368,003BD8BC,0,1,1,4294967295,0,0
oInvCollPH,3952,368,001DBE38,0,1,1,4294967295,0,0
oInvCollPH,3968,368,000FE88A,0,1,1,4294967295,0,0
oInvCollPH,3984,368,0025D996,0,1,1,4294967295,0,0
oInvCollPH,4000,368,00137B6F,0,1,1,4294967295,0,0
oInvCollPH,4016,368,00325AED,0,1,1,4294967295,0,0
oInvCollPH,4032,320,0020FFEE,0,1,1,4294967295,0,0
oInvCollPH,4032,336,003E91F7,0,1,1,4294967295,0,0
oInvCollPH,4032,352,001A571C,0,1,1,4294967295,0,0
oInvCollPH,4048,304,003D4F36,0,1,1,4294967295,0,0
oInvCollPH,4064,240,0008F110,0,1,1,4294967295,0,0
oInvCollPH,4064,256,0039E9D4,0,1,1,4294967295,0,0
oInvCollPH,4064,272,003C8F13,0,1,1,4294967295,0,0
oInvCollPH,4064,288,003272B5,0,1,1,4294967295,0,0
oInvCollPH,4080,224,003828C1,0,1,1,4294967295,0,0
oInvCollPH,4096,224,001992A9,0,1,1,4294967295,0,0
oInvCollPH,4112,224,000BE7BC,0,1,1,4294967295,0,0
oInvCollPH,4128,224,00027FF0,0,1,1,4294967295,0,0
oInvCollPH,4144,224,00242881,0,1,1,4294967295,0,0
oInvCollPH,4160,224,000403A4,0,1,1,4294967295,0,0
oInvCollPH,4176,224,00100F28,0,1,1,4294967295,0,0
oInvCollPH,4192,224,00113AAC,0,1,1,4294967295,0,0
oInvCollPH,4208,224,003DBFB8,0,1,1,4294967295,0,0
oInvCollPH,4208,240,001588A3,0,1,1,4294967295,0,0
oInvCollPH,4208,256,00246D93,0,1,1,4294967295,0,0
oInvCollPH,4240,272,00262E99,0,1,1,4294967295,0,0
oInvCollPH,4256,272,002B32BF,0,1,1,4294967295,0,0
oInvCollPH,4272,272,002AACB1,0,1,1,4294967295,0,0
oInvCollPH,4288,272,0014845B,0,1,1,4294967295,0,0
oInvCollPH,4304,272,0002EC91,0,1,1,4294967295,0,0
oInvCollPH,4320,272,0027D6C2,0,1,1,4294967295,0,0
oInvCollPH,4336,272,003B52EE,0,1,1,4294967295,0,0
oInvCollPH,4336,288,001C1AE4,0,1,1,4294967295,0,0
oInvCollPH,4336,304,001D1AD0,0,1,1,4294967295,0,0
oInvCollPH,4592,352,00103704,0,1,1,4294967295,0,0
oInvCollPH,4608,352,0027CCF8,0,1,1,4294967295,0,0
oInvCollPH,4624,352,0016EA25,0,1,1,4294967295,0,0
oInvCollPH,4640,352,0005374A,0,1,1,4294967295,0,0
oInvCollPH,4656,352,0031653A,0,1,1,4294967295,0,0
oInvCollPH,4672,352,000914C8,0,1,1,4294967295,0,0
oInvCollPH,4688,352,00014098,0,1,1,4294967295,0,0
oInvCollPH,4704,352,001933CC,0,1,1,4294967295,0,0
oInvCollPH,4720,352,003E5499,0,1,1,4294967295,0,0
oInvCollPH,4752,352,002DFBF6,0,1,1,4294967295,0,0
oInvCollPH,4768,352,001A00CB,0,1,1,4294967295,0,0
oInvCollPH,4784,352,0010FA07,0,1,1,4294967295,0,0
oInvCollPH,4736,352,003C092C,0,1,1,4294967295,0,0
oInvCollPH,4368,320,003A5FFF,0,1,1,4294967295,0,0
oInvCollPH,4384,320,003ED5AF,0,1,1,4294967295,0,0
oInvCollPH,4400,320,003C6532,0,1,1,4294967295,0,0
oInvCollPH,4416,320,000C07B8,0,1,1,4294967295,0,0
oInvCollPH,4432,320,002B0B1E,0,1,1,4294967295,0,0
oInvCollPH,4448,320,00364030,0,1,1,4294967295,0,0
oInvCollPH,4464,320,001E5AFE,0,1,1,4294967295,0,0
oInvCollPH,4480,320,00185890,0,1,1,4294967295,0,0
oInvCollPH,4496,320,0021A162,0,1,1,4294967295,0,0
oInvCollPH,4512,320,001258BC,0,1,1,4294967295,0,0
oInvCollPH,4528,320,0020C479,0,1,1,4294967295,0,0
oInvCollPH,4544,320,00320E6D,0,1,1,4294967295,0,0
oInvCollPH,4560,320,00212EDC,0,1,1,4294967295,0,0
oInvCollPH,4560,336,002CF9BC,0,1,1,4294967295,0,0
oInvCollPH,1120,352,00009435,0,1,1,4294967295,0,0
oInvCollPH,912,352,00150FCB,0,1,1,4294967295,0,0
oInvCollPH,928,352,0005C689,0,1,1,4294967295,0,0
oInvCollPH,944,352,0022B226,0,1,1,4294967295,0,0
oInvCollPH,960,352,000D2D02,0,1,1,4294967295,0,0
oInvCollPH,976,352,003DF7FA,0,1,1,4294967295,0,0
oInvCollPH,992,352,003CF0DB,0,1,1,4294967295,0,0
oInvCollPH,1008,352,000B9045,0,1,1,4294967295,0,0
oInvCollPH,1024,352,003FA47E,0,1,1,4294967295,0,0
oInvCollPH,1040,352,0000655A,0,1,1,4294967295,0,0
oInvCollPH,1056,352,002DD87C,0,1,1,4294967295,0,0
oInvCollPH,1072,352,0028F286,0,1,1,4294967295,0,0
oInvCollPH,1088,352,002E8CB6,0,1,1,4294967295,0,0
oInvCollSM,912,320,00185BCA,0,1,1,4294967295,0,0
oInvCollSM,928,320,0018FC44,0,1,1,4294967295,0,0
oInvCollSM,944,320,0024B772,0,1,1,4294967295,0,0
oInvCollSM,960,320,002B5571,0,1,1,4294967295,0,0
oInvCollSM,976,320,0040426A,0,1,1,4294967295,0,0
oInvCollSM,992,320,000E71DD,0,1,1,4294967295,0,0
oInvCollSM,1008,320,001374A6,0,1,1,4294967295,0,0
oInvCollSM,1024,320,00227E31,0,1,1,4294967295,0,0
oInvCollSM,1040,320,00253314,0,1,1,4294967295,0,0
oInvCollSM,1056,320,000D2A9B,0,1,1,4294967295,0,0
oInvCollSM,1072,320,00360572,0,1,1,4294967295,0,0
oInvCollSM,1088,320,0034AEC9,0,1,1,4294967295,0,0
oInvCollSM,1104,320,00108AD6,0,1,1,4294967295,0,0
oInvisibleSolid,0,352,00054F1E,0,1,1,4294967295,0,1
oInvisibleSolid,224,384,0011BC36,0,1,1,4294967295,0,1
oInvisibleSolid,288,352,001042A1,0,1,1,4294967295,0,1
oInvisibleSolid,416,256,00196BF7,0,1,1,4294967295,0,1
oInvisibleSolid,544,224,000FEF65,0,1,1,4294967295,0,1
oInvisibleSolid,992,176,000C2182,0,1,1,4294967295,0,1
oInvisibleSolidMorph,416,320,00041DEF,0,1,1,4294967295,0,1
oInvisibleSolid,896,224,001BF33E,0,1,1,4294967295,0,1
oInvisibleSolid,320,320,000CCB8B,0,1,1,4294967295,0,1
oInvisibleSolid,1056,240,00280144,0,1,1,4294967295,0,1
oInvisibleSolid,1088,256,003458EB,0,1,1,4294967295,0,1
oInvisibleSolid,1088,288,00202F1D,0,1,1,4294967295,0,1
oInvisibleSolid,1216,320,0017A129,0,1,1,4294967295,0,1
oInvisibleSolid,1632,352,00098C5E,0,1,1,4294967295,0,1
oInvisibleSolidMorph,1120,288,0038D067,0,1,1,4294967295,0,1
oInvisibleSolid,3872,368,003D9242,0,1,1,4294967295,0,1
oInvisibleSolid,3584,224,00329863,0,1,1,4294967295,0,1
oInvisibleSolid,3584,256,0035EE1A,0,1,1,4294967295,0,1
oInvisibleSolid,3776,256,003B70F6,0,1,1,4294967295,0,1
oInvisibleSolid,3616,352,000E8002,0,1,1,4294967295,0,1
oInvisibleSolid,3360,304,0002C4D5,0,1,1,4294967295,0,1
oInvisibleSolid,2944,320,002D8E69,0,1,1,4294967295,0,1
oInvisibleSolid,2912,240,000F4399,0,1,1,4294967295,0,1
oInvisibleSolid,2880,272,002BE6AF,0,1,1,4294967295,0,1
oInvisibleSolid,2848,304,000A96C6,0,1,1,4294967295,0,1
oInvisibleSolid,2720,336,0014ABC1,0,1,1,4294967295,0,1
oInvisibleSolid,2656,256,001ED960,0,1,1,4294967295,0,1
oInvisibleSolid,2304,320,002426A3,0,1,1,4294967295,0,1
oInvisibleSolid,2240,352,00321AE0,0,1,1,4294967295,0,1
oInvisibleSolid,2144,368,00395E14,0,1,1,4294967295,0,1
oInvisibleSolid,2080,320,0037AA38,0,1,1,4294967295,0,1
oInvisibleSolid,2016,336,00187247,0,1,1,4294967295,0,1
oInvisibleSolid,4032,304,001D395E,0,1,1,4294967295,0,1
oInvisibleSolid,4064,224,003C0164,0,1,1,4294967295,0,1
oInvisibleSolid,4224,272,0005656F,0,1,1,4294967295,0,1
oInvisibleSolid,4352,320,003E23CF,0,1,1,4294967295,0,1
oInvisibleSolid,4576,352,0002141C,0,1,1,4294967295,0,1
oInvisibleSolidMorph,3584,288,0037AB61,0,1,1,4294967295,0,1
oInvisibleSolidMorph,896,320,0002D55D,0,1,1,4294967295,0,1
