oExit,0,192,003BD5B8,0,1,1,4294967295,0,1
oCVCandle,208,224,002A6580,0,1,1,4294967295,0,0
oCVCandle,464,224,003611DC,0,1,1,4294967295,0,0
oCVCandle,408,216,0039A27D,0,1,1,4294967295,0,0
oCVCandle,264,216,001CC559,0,1,1,4294967295,0,0
oCVCandle,336,208,00204F79,0,1,1,4294967295,0,0
oPlayer1,48,224,000C1E77,0,1,1,4294967295,0,0
oInvCollPH,304,288,001E132F,0,1,1,4294967295,0,0
oInvCollPH,320,288,00167BEC,0,1,1,4294967295,0,0
oInvCollPH,336,288,00276D71,0,1,1,4294967295,0,0
oInvCollPH,352,288,0026040D,0,1,1,4294967295,0,0
oInvCollPH,368,288,003F1849,0,1,1,4294967295,0,0
oInvCollPH,368,304,002BAC9A,0,1,1,4294967295,0,0
oInvCollPH,288,304,0019211A,0,1,1,4294967295,0,0
oInvCollPH,160,288,002FB0AD,0,1,1,4294967295,0,0
oInvCollPH,176,288,0008434C,0,1,1,4294967295,0,0
oInvCollPH,96,256,0032E866,0,1,1,4294967295,0,0
oInvCollPH,112,256,0037CC90,0,1,1,4294967295,0,0
oInvCollPH,16,224,00357673,0,1,1,4294967295,0,0
oInvCollPH,32,224,0030B24B,0,1,1,4294967295,0,0
oInvCollPH,48,224,00088CD9,0,1,1,4294967295,0,0
oInvCollPH,528,160,000215F4,0,1,1,4294967295,0,0
oInvCollPH,528,176,00164C75,0,1,1,4294967295,0,0
oInvCollPH,528,192,003297B8,0,1,1,4294967295,0,0
oInvCollPH,528,208,001F2C0F,0,1,1,4294967295,0,0
oInvCollPH,528,224,001FF047,0,1,1,4294967295,0,0
oInvCollPH,512,128,0026F3BA,0,1,1,4294967295,0,0
oInvCollPH,272,320,00358833,0,1,1,4294967295,0,0
oInvCollPH,256,320,0032F0CA,0,1,1,4294967295,0,0
oInvCollPH,240,320,00042A14,0,1,1,4294967295,0,0
oInvCollPH,224,320,0031D88E,0,1,1,4294967295,0,0
oInvCollPH,384,320,000E57E1,0,1,1,4294967295,0,0
oInvCollPH,400,320,003B9344,0,1,1,4294967295,0,0
oInvCollPH,416,320,003F8823,0,1,1,4294967295,0,0
oInvCollPH,432,320,00165326,0,1,1,4294967295,0,0
oInvCollPH,304,48,0014D3C9,0,1,1,4294967295,0,0
oInvCollPH,320,48,00401EE0,0,1,1,4294967295,0,0
oInvCollPH,336,48,003E1311,0,1,1,4294967295,0,0
oInvCollPH,352,48,00141AC1,0,1,1,4294967295,0,0
oInvCollPH,480,112,0016302F,0,1,1,4294967295,0,0
oInvCollPH,448,96,00049D55,0,1,1,4294967295,0,0
oInvCollPH,416,80,000B328A,0,1,1,4294967295,0,0
oInvCollPH,384,64,002136FD,0,1,1,4294967295,0,0
oInvCollPH,16,144,000335D5,0,1,1,4294967295,0,0
oInvCollPH,32,144,001A5D58,0,1,1,4294967295,0,0
oInvCollPH,48,144,003904C6,0,1,1,4294967295,0,0
oInvCollPH,64,128,003B99E1,0,1,1,4294967295,0,0
oInvCollPH,80,128,0002916A,0,1,1,4294967295,0,0
oInvCollPH,96,128,00252BCD,0,1,1,4294967295,0,0
oInvCollPH,112,112,001E2B75,0,1,1,4294967295,0,0
oInvCollPH,128,112,0033B33F,0,1,1,4294967295,0,0
oInvCollPH,144,112,00228730,0,1,1,4294967295,0,0
oInvCollPH,160,96,0002D455,0,1,1,4294967295,0,0
oInvCollPH,176,96,00338243,0,1,1,4294967295,0,0
oInvCollPH,192,96,00002D1E,0,1,1,4294967295,0,0
oInvCollPH,208,80,0035A6A6,0,1,1,4294967295,0,0
oInvCollPH,224,80,0007ABD3,0,1,1,4294967295,0,0
oInvCollPH,240,80,001B4EDC,0,1,1,4294967295,0,0
oInvCollPH,256,64,00396467,0,1,1,4294967295,0,0
oInvCollPH,272,64,0035E409,0,1,1,4294967295,0,0
oInvCollPH,288,64,0016E511,0,1,1,4294967295,0,0
oInvisibleLupSlope,64,224,003DBFF3,0,1,1,4294967295,0,0
oInvisibleLupSlope,80,240,0028BE04,0,1,1,4294967295,0,0
oInvisibleLupSlope,128,256,0017E176,0,1,1,4294967295,0,0
oInvisibleLupSlope,144,272,0030961E,0,1,1,4294967295,0,0
oInvisibleLupSlope,192,288,00261D2E,0,1,1,4294967295,0,0
oInvisibleLupSlope,208,304,003266CC,0,1,1,4294967295,0,0
oInvisibleRupSlope,448,304,000A80D2,0,1,1,4294967295,0,0
oInvisibleRupSlope,464,288,0019CD43,0,1,1,4294967295,0,0
oInvisibleRupSlope,480,272,002AF338,0,1,1,4294967295,0,0
oInvisibleRupSlope,496,256,001F09B8,0,1,1,4294967295,0,0
oInvisibleRupSlope,512,240,002CAC01,0,1,1,4294967295,0,0
oInvisibleSolid,288,288,0017E8F6,0,1,1,4294967295,0,1
oInvisibleSolid,192,304,002D5101,0,1,1,4294967295,0,0
oInvisibleSolid,128,272,002C2EA7,0,1,1,4294967295,0,0
oInvisibleSolid,64,240,0014B967,0,1,1,4294967295,0,0
oInvisibleSolid,0,144,00032604,0,1,1,4294967295,0,1
oInvisibleSolid,0,128,001747D6,0,1,1,4294967295,0,1
oInvisibleSolid,0,112,000CDC90,0,1,1,4294967295,0,1
oInvisibleSolid,0,96,001692A5,0,1,1,4294967295,0,1
oInvisibleSolid,0,80,000B21BF,0,1,1,4294967295,0,1
oInvisibleSolid,0,64,000A6233,0,1,1,4294967295,0,1
oInvisibleSolid,0,0,001E40BC,0,1,1,4294967295,0,1
oInvisibleSolid,368,64,003F1CF8,0,1,1,4294967295,0,1
oInvisibleSolid,400,80,0010D7D6,0,1,1,4294967295,0,1
oInvisibleSolid,432,96,0000CCFB,0,1,1,4294967295,0,1
oInvisibleSolid,464,112,001A19BF,0,1,1,4294967295,0,1
oInvisibleSolid,496,128,00134BCF,0,1,1,4294967295,0,1
oInvisibleSolid,528,144,000FDEB5,0,1,1,4294967295,0,1
oInvisibleSolid,512,256,0035AEDA,0,1,1,4294967295,0,1
oInvisibleSolid,496,272,002B5B00,0,1,1,4294967295,0,1
oInvisibleSolid,480,288,002F1A9B,0,1,1,4294967295,0,1
oInvisibleSolid,464,304,001C3C18,0,1,1,4294967295,0,1
oInvisibleSolid,0,224,00354FC3,0,1,1,4294967295,0,1
oInvisibleSolid,64,256,000F3309,0,1,1,4294967295,0,1
oInvisibleSolid,128,288,00292D26,0,1,1,4294967295,0,1
oInvisibleSolid,192,320,000BEB98,0,1,1,4294967295,0,1
