oExit,0,240,000E7284,0,1,1,4294967295,0,1
oExit,1488,208,003A4882,0,1,1,4294967295,0,1
oSignPost,192,256,0019B5BA,0,1,1,4294967295,0,1
oMM_Spike,464,80,003F1350,0,1,1,4294967295,0,0
oMM_Spike,576,96,000CDFC5,0,1,1,4294967295,0,1
oMM_Spike,592,112,00332914,0,1,1,4294967295,0,1
oMM_Spike,688,96,000DD67A,0,1,1,4294967295,0,0
oMM_Spike,656,80,001DB528,0,1,1,4294967295,0,1
oMM_Spike,656,48,001AA7FA,0,1,1,4294967295,0,1
oMM_Spike,1120,208,000B661A,0,1,1,4294967295,0,1
oMM_Spike,1120,224,0002C837,0,1,1,4294967295,0,1
oMM_Spike,1136,256,000EFFD5,0,1,1,4294967295,0,1
oMM_Spike,1008,192,003C3E3E,0,1,1,4294967295,0,1
oMM_Spike,1008,208,001E34BD,0,1,1,4294967295,0,0
oMM_Spike,992,224,0004510B,0,1,1,4294967295,0,1
oMM_Spike,992,240,001389DD,0,1,1,4294967295,0,1
oMM_Spike,800,48,003A01C3,0,1,1,4294967295,0,1
oMM_Spike,816,64,000184AD,0,1,1,4294967295,0,1
oMM_Spike,832,80,0033FF2A,0,1,1,4294967295,0,1
oMM_Spike,816,96,002396F8,0,1,1,4294967295,0,1
oMM_Spike,880,160,000EC1FB,0,1,1,4294967295,0,1
oMM_Spike,896,176,003B5181,0,1,1,4294967295,0,1
oMM_Spike,896,240,003E7B3E,0,1,1,4294967295,0,1
oMM_Spike,384,64,001D6EC7,0,1,1,4294967295,0,1
oMM_Spike,384,80,003D9F49,0,1,1,4294967295,0,1
oMM_Spike,336,32,001BB9D7,0,1,1,4294967295,0,1
oMM_Spike,304,16,003CDB12,0,1,1,4294967295,0,1
oMM_Spike,304,32,0004B260,0,1,1,4294967295,0,1
oMM_Spike,368,192,0029A7DE,0,1,1,4294967295,0,1
oMM_Spike,384,192,001E5598,0,1,1,4294967295,0,1
oMM_Spike,400,208,00303237,0,1,1,4294967295,0,1
oMM_Spike,416,256,000FF67E,0,1,1,4294967295,0,1
oMM_Spike,496,176,0007B9F5,0,1,1,4294967295,0,1
oMM_Spike,512,192,0032DF00,0,1,1,4294967295,0,1
oMM_Spike,528,208,00027203,0,1,1,4294967295,0,1
oMM_Spike,528,256,00288F82,0,1,1,4294967295,0,1
oMM_Spike,768,176,000B5F60,0,1,1,4294967295,0,1
oMM_Spike,720,176,003EA600,0,1,1,4294967295,0,1
oMM_Spike,720,192,00177A58,0,1,1,4294967295,0,1
oMM_Spike,704,224,00391408,0,1,1,4294967295,0,1
oMM_Spike,704,272,00194E16,0,1,1,4294967295,0,1
oInstakillZone,368,304,0036E092,0,1,1,4294967295,0,1
oPlayer1,48,272,001AC2FD,0,1,1,4294967295,0,0
oInvCollPH,16,272,00345FB2,0,1,1,4294967295,0,0
oInvCollPH,32,272,0016A799,0,1,1,4294967295,0,0
oInvCollPH,48,272,00071130,0,1,1,4294967295,0,0
oInvCollPH,64,272,000D1776,0,1,1,4294967295,0,0
oInvCollPH,80,272,00105856,0,1,1,4294967295,0,0
oInvCollPH,96,272,00075DC9,0,1,1,4294967295,0,0
oInvCollPH,112,272,001D8A71,0,1,1,4294967295,0,0
oInvCollPH,144,256,00401136,0,1,1,4294967295,0,0
oInvCollPH,160,256,001CCE6D,0,1,1,4294967295,0,0
oInvCollPH,176,256,0013AF13,0,1,1,4294967295,0,0
oInvCollPH,192,256,002D9AA7,0,1,1,4294967295,0,0
oInvCollPH,208,256,000555ED,0,1,1,4294967295,0,0
oInvCollPH,224,256,003D4B68,0,1,1,4294967295,0,0
oInvCollPH,256,240,0029D3DD,0,1,1,4294967295,0,0
oInvCollPH,272,240,000BCD75,0,1,1,4294967295,0,0
oInvCollPH,288,240,002E7966,0,1,1,4294967295,0,0
oInvCollPH,304,240,003F14C7,0,1,1,4294967295,0,0
oInvCollPH,320,240,0025C146,0,1,1,4294967295,0,0
oInvCollPH,336,240,003E9AE5,0,1,1,4294967295,0,0
oInvCollPH,352,240,0037B7C7,0,1,1,4294967295,0,0
oInvCollPH,352,256,00371B02,0,1,1,4294967295,0,0
oInvCollPH,352,272,002BA72A,0,1,1,4294967295,0,0
oInvCollPH,352,288,002F0C93,0,1,1,4294967295,0,0
oInvCollPH,352,304,000623EA,0,1,1,4294967295,0,0
oInvCollPH,480,224,002462CA,0,1,1,4294967295,0,0
oInvCollPH,1072,208,000D7481,0,1,1,4294967295,0,0
oInvCollPH,992,144,001124FA,0,1,1,4294967295,0,0
oInvCollPH,976,160,003CFB37,0,1,1,4294967295,0,0
oInvCollPH,960,176,002231D5,0,1,1,4294967295,0,0
oInvCollPH,944,192,0023DEEC,0,1,1,4294967295,0,0
oInvCollPH,576,224,002CECFA,0,1,1,4294967295,0,0
oInvCollPH,592,224,00010F11,0,1,1,4294967295,0,0
oInvCollPH,608,224,002E9111,0,1,1,4294967295,0,0
oInvCollPH,624,224,0018B9EB,0,1,1,4294967295,0,0
oInvCollPH,640,224,00299199,0,1,1,4294967295,0,0
oInvCollPH,656,224,002AB4D6,0,1,1,4294967295,0,0
oInvCollPH,672,224,003D4D90,0,1,1,4294967295,0,0
oInvCollPH,784,208,003D381F,0,1,1,4294967295,0,0
oInvCollPH,800,208,002CD0B3,0,1,1,4294967295,0,0
oInvCollPH,816,208,0018706B,0,1,1,4294967295,0,0
oInvCollPH,832,208,0036C6CA,0,1,1,4294967295,0,0
oInvCollPH,848,208,00039E15,0,1,1,4294967295,0,0
oInvCollPH,784,240,00165903,0,1,1,4294967295,0,0
oInvCollPH,800,240,002A06AD,0,1,1,4294967295,0,0
oInvCollPH,816,240,000A1D2F,0,1,1,4294967295,0,0
oInvCollPH,832,240,001B3859,0,1,1,4294967295,0,0
oInvCollPH,832,224,000AAE55,0,1,1,4294967295,0,0
oInvCollPH,528,80,0022C74C,0,1,1,4294967295,0,0
oInvCollPH,544,80,003EC4AA,0,1,1,4294967295,0,0
oInvCollPH,560,80,001ED254,0,1,1,4294967295,0,0
oInvCollPH,576,80,001EB155,0,1,1,4294967295,0,0
oInvCollPH,592,80,0019C6F5,0,1,1,4294967295,0,0
oInvCollPH,432,64,002218AB,0,1,1,4294967295,0,0
oInvCollPH,448,64,000D4413,0,1,1,4294967295,0,0
oInvCollPH,464,64,0015387F,0,1,1,4294967295,0,0
oInvCollPH,480,64,003B083C,0,1,1,4294967295,0,0
oInvCollPH,496,64,000D0FE5,0,1,1,4294967295,0,0
oInvCollPH,592,48,0004FCEE,0,1,1,4294967295,0,0
oInvCollPH,592,64,00272243,0,1,1,4294967295,0,0
oInvCollPH,384,16,0036D94F,0,1,1,4294967295,0,0
oInvCollPH,384,32,000EBA6E,0,1,1,4294967295,0,0
oInvCollPH,400,32,000BABB2,0,1,1,4294967295,0,0
oInvCollPH,416,32,0005BD31,0,1,1,4294967295,0,0
oInvCollPH,608,32,00205B22,0,1,1,4294967295,0,0
oInvCollPH,624,32,003C6624,0,1,1,4294967295,0,0
oInvCollPH,640,32,00092FFE,0,1,1,4294967295,0,0
oInvCollPH,656,32,001F0494,0,1,1,4294967295,0,0
oInvCollPH,672,32,00072E51,0,1,1,4294967295,0,0
oInvCollPH,688,32,002FA8BB,0,1,1,4294967295,0,0
oInvCollPH,704,32,002D126C,0,1,1,4294967295,0,0
oInvCollPH,720,32,00312CFE,0,1,1,4294967295,0,0
oInvCollPH,736,32,002D5E45,0,1,1,4294967295,0,0
oInvCollPH,752,32,000FF2EA,0,1,1,4294967295,0,0
oInvCollPH,768,32,0003958F,0,1,1,4294967295,0,0
oInvCollPH,784,32,0015FA0D,0,1,1,4294967295,0,0
oInvCollPH,800,32,000681B3,0,1,1,4294967295,0,0
oInvCollPH,816,32,000F38F2,0,1,1,4294967295,0,0
oInvCollPH,832,32,0015ACDB,0,1,1,4294967295,0,0
oInvCollPH,832,16,003601FA,0,1,1,4294967295,0,0
oInvCollPH,832,0,00038A71,0,1,1,4294967295,0,0
oInvCollPH,1264,32,0016A0B0,0,1,1,4294967295,0,0
oInvCollPH,1280,32,00344C9D,0,1,1,4294967295,0,0
oInvCollPH,1296,32,00253421,0,1,1,4294967295,0,0
oInvCollPH,1312,32,00339CD1,0,1,1,4294967295,0,0
oInvCollPH,1328,32,002ED0F8,0,1,1,4294967295,0,0
oInvCollPH,1328,16,002C79D3,0,1,1,4294967295,0,0
oInvCollPH,1328,0,0000C245,0,1,1,4294967295,0,0
oInvCollPH,1088,16,001DD3FF,0,1,1,4294967295,0,0
oInvCollPH,1088,32,003D523E,0,1,1,4294967295,0,0
oInvCollPH,1088,48,00280D0E,0,1,1,4294967295,0,0
oInvCollPH,1088,64,002C8947,0,1,1,4294967295,0,0
oInvCollPH,1104,64,000327FE,0,1,1,4294967295,0,0
oInvCollPH,1120,64,000307EC,0,1,1,4294967295,0,0
oInvCollPH,1136,64,00116B2D,0,1,1,4294967295,0,0
oInvCollPH,1152,64,0023C1E8,0,1,1,4294967295,0,0
oInvCollPH,1168,80,0003888B,0,1,1,4294967295,0,0
oInvCollPH,1168,96,001793B8,0,1,1,4294967295,0,0
oInvCollPH,1168,112,00239D0D,0,1,1,4294967295,0,0
oInvCollPH,1184,112,0024302B,0,1,1,4294967295,0,0
oInvCollPH,1200,112,003899ED,0,1,1,4294967295,0,0
oInvCollPH,1216,112,00287C12,0,1,1,4294967295,0,0
oInvCollPH,1232,112,001AEF45,0,1,1,4294967295,0,0
oInvCollPH,1248,112,000075EB,0,1,1,4294967295,0,0
oInvCollPH,1248,96,002340A3,0,1,1,4294967295,0,0
oInvCollPH,1248,80,001D5D01,0,1,1,4294967295,0,0
oInvCollPH,1248,64,00107DFD,0,1,1,4294967295,0,0
oInvCollPH,1248,48,000201D0,0,1,1,4294967295,0,0
oInvCollPH,384,320,001DFD6B,0,1,1,4294967295,0,0
oInvCollPH,400,320,000790EC,0,1,1,4294967295,0,0
oInvCollPH,416,320,00146A68,0,1,1,4294967295,0,0
oInvCollPH,432,320,000958D1,0,1,1,4294967295,0,0
oInvCollPH,448,320,000DC67B,0,1,1,4294967295,0,0
oInvCollPH,464,320,0019B21B,0,1,1,4294967295,0,0
oInvCollPH,480,320,002F93B2,0,1,1,4294967295,0,0
oInvCollPH,496,320,0033618D,0,1,1,4294967295,0,0
oInvCollPH,512,320,0025C0CD,0,1,1,4294967295,0,0
oInvCollPH,528,320,003171F7,0,1,1,4294967295,0,0
oInvCollPH,544,320,0002F238,0,1,1,4294967295,0,0
oInvCollPH,560,320,00136A7F,0,1,1,4294967295,0,0
oInvCollPH,576,320,0018C8D8,0,1,1,4294967295,0,0
oInvCollPH,592,320,001002F2,0,1,1,4294967295,0,0
oInvCollPH,608,320,000DDA61,0,1,1,4294967295,0,0
oInvCollPH,624,320,0028FDE5,0,1,1,4294967295,0,0
oInvCollPH,640,320,002BA35D,0,1,1,4294967295,0,0
oInvCollPH,656,320,002BFD98,0,1,1,4294967295,0,0
oInvCollPH,672,320,002D3683,0,1,1,4294967295,0,0
oInvCollPH,688,320,003E9361,0,1,1,4294967295,0,0
oInvCollPH,704,320,00225A1B,0,1,1,4294967295,0,0
oInvCollPH,720,320,00145EFE,0,1,1,4294967295,0,0
oInvCollPH,736,320,0040358D,0,1,1,4294967295,0,0
oInvCollPH,752,320,003A4BB9,0,1,1,4294967295,0,0
oInvCollPH,768,320,001C5043,0,1,1,4294967295,0,0
oInvCollPH,784,320,00264FCD,0,1,1,4294967295,0,0
oInvCollPH,800,320,00302831,0,1,1,4294967295,0,0
oInvCollPH,816,320,003A8D6A,0,1,1,4294967295,0,0
oInvCollPH,832,320,00179B6C,0,1,1,4294967295,0,0
oInvCollPH,848,320,001EC879,0,1,1,4294967295,0,0
oInvCollPH,864,320,00192C41,0,1,1,4294967295,0,0
oInvCollPH,880,320,00004AB7,0,1,1,4294967295,0,0
oInvCollPH,896,320,003CFD78,0,1,1,4294967295,0,0
oInvCollPH,912,320,001F1788,0,1,1,4294967295,0,0
oInvCollPH,928,320,002379EF,0,1,1,4294967295,0,0
oInvCollPH,944,320,002FD5BB,0,1,1,4294967295,0,0
oInvCollPH,960,320,0027FB3C,0,1,1,4294967295,0,0
oInvCollPH,976,320,00095D71,0,1,1,4294967295,0,0
oInvCollPH,992,320,001CBDFF,0,1,1,4294967295,0,0
oInvCollPH,1008,320,002B027E,0,1,1,4294967295,0,0
oInvCollPH,1024,320,00069A35,0,1,1,4294967295,0,0
oInvCollPH,1040,320,00394749,0,1,1,4294967295,0,0
oInvCollPH,1056,320,000C3EBF,0,1,1,4294967295,0,0
oInvCollPH,1072,320,00006440,0,1,1,4294967295,0,0
oInvCollPH,1088,320,00253A8B,0,1,1,4294967295,0,0
oInvCollPH,1104,320,002BE5F1,0,1,1,4294967295,0,0
oInvCollPH,1120,320,001D7730,0,1,1,4294967295,0,0
oInvCollPH,1136,320,000C629F,0,1,1,4294967295,0,0
oInvCollPH,1152,320,00111B0F,0,1,1,4294967295,0,0
oInvCollPH,1232,240,001EE425,0,1,1,4294967295,0,0
oInvCollPH,1216,240,000E779E,0,1,1,4294967295,0,0
oInvCollPH,1200,240,002F677F,0,1,1,4294967295,0,0
oInvCollPH,1184,240,0029637B,0,1,1,4294967295,0,0
oInvCollPH,1312,240,0007D64D,0,1,1,4294967295,0,0
oInvCollPH,1296,240,00274C84,0,1,1,4294967295,0,0
oInvCollPH,1280,240,0029E4AF,0,1,1,4294967295,0,0
oInvCollPH,1264,240,00239828,0,1,1,4294967295,0,0
oInvCollPH,1248,240,001F5CA8,0,1,1,4294967295,0,0
oInvCollPH,1168,256,00094DC6,0,1,1,4294967295,0,0
oInvCollPH,1168,272,003C3532,0,1,1,4294967295,0,0
oInvCollPH,1168,288,0003C367,0,1,1,4294967295,0,0
oInvCollPH,1168,304,003ECF6B,0,1,1,4294967295,0,0
oInvCollPH,1328,240,00375164,0,1,1,4294967295,0,0
oInvCollPH,1344,240,001558AE,0,1,1,4294967295,0,0
oInvCollPH,1360,240,000E261F,0,1,1,4294967295,0,0
oInvCollPH,1376,240,0037252D,0,1,1,4294967295,0,0
oInvCollPH,1392,240,0000B10F,0,1,1,4294967295,0,0
oInvCollPH,1408,240,002E8CF6,0,1,1,4294967295,0,0
oInvCollPH,1424,240,003BF039,0,1,1,4294967295,0,0
oInvCollPH,1440,240,003A62D3,0,1,1,4294967295,0,0
oInvCollPH,1456,240,0016BE1C,0,1,1,4294967295,0,0
oInvCollPH,1472,240,0008743F,0,1,1,4294967295,0,0
oInvCollPH,1488,240,00279BD2,0,1,1,4294967295,0,0
oInvisibleSolid,0,272,001FCFA4,0,1,1,4294967295,0,1
oInvisibleSolid,368,320,0032BD27,0,1,1,4294967295,0,1
oInvisibleSolid,128,256,0008DD8D,0,1,1,4294967295,0,1
oInvisibleSolid,240,240,0017B700,0,1,1,4294967295,0,1
oInvisibleSolid,464,224,003015AE,0,1,1,4294967295,0,1
oInvisibleSolid,560,224,003BDB92,0,1,1,4294967295,0,1
oInvisibleSolid,768,208,0037ECEE,0,1,1,4294967295,0,1
oInvisibleSolid,784,224,0021A338,0,1,1,4294967295,0,1
oInvisibleSolid,928,192,00067650,0,1,1,4294967295,0,1
oInvisibleSolid,944,176,001A0396,0,1,1,4294967295,0,1
oInvisibleSolid,960,160,00257C01,0,1,1,4294967295,0,1
oInvisibleSolid,976,144,0036BCCB,0,1,1,4294967295,0,1
oInvisibleSolid,1056,208,00312F7B,0,1,1,4294967295,0,1
oInvisibleSolid,432,48,003982CC,0,1,1,4294967295,0,1
oInvisibleSolid,512,80,0007755F,0,1,1,4294967295,0,1
oInvisibleSolid,1088,0,000B4ABB,0,1,1,4294967295,0,1
oInvisibleSolid,1168,0,003A7A56,0,1,1,4294967295,0,1
oInvisibleSolid,1264,0,00177A0E,0,1,1,4294967295,0,1
oInvisibleSolid,384,0,00367180,0,1,1,4294967295,0,1
oInvisibleSolid,1168,240,003B2316,0,1,1,4294967295,0,1
