oExit,56,544,0021EAC7,0,1,1,4294967295,0,1
oExit,1328,560,003C4811,0,1,1,4294967295,0,1
oMTBird,176,80,001FE644,0,1,1,4294967295,0,0
oMTBird,672,240,000D32CE,0,1,1,4294967295,0,0
oMTBird,1200,496,001E8DCA,0,1,1,4294967295,0,0
oDiveBird,1056,176,0019E5F4,0,1,1,4294967295,0,0
oMTBird,1067,64,003D181C,0,1,1,4294967295,0,0
oMTBird,1125,85,002641B8,0,1,1,4294967295,0,0
oMTBird,1214,32,001985C0,0,1,1,4294967295,0,0
oMTBird,1163,48,00311D64,0,1,1,4294967295,0,0
oDiveBird,1216,80,003E2D65,0,1,1,4294967295,0,1
oDiveBird,912,128,003EB32B,0,1,1,4294967295,0,1
oDiveBird,944,128,003F47CA,0,1,1,4294967295,0,1
oDiveBird,976,128,000A66C8,0,1,1,4294967295,0,1
oDiveBird,1200,160,001A6CF8,0,1,1,4294967295,0,1
oDiveBird,1232,160,000E95CA,0,1,1,4294967295,0,1
oSignPost,176,576,000C1757,0,1,1,4294967295,0,1
oExit,1272,896,00357E35,0,1,1,4294967295,0,1
oSignPost,256,928,00285E39,0,1,1,4294967295,0,1
oLittleBirdStaticA,244,780,002A5D94,0,1,1,4294967295,0,0
oLittleBirdStaticA,256,780,000CD5B0,0,1,1,4294967295,0,0
oLittleBirdStaticA,270,780,002D5018,0,1,1,4294967295,0,0
oMovingPlatform,160,720,00382C01,0,1,1,4294967295,0,1
oMovingPlatform,544,368,0015ACD5,0,1,1,4294967295,0,1
oMovingPlatform,400,128,00019888,0,1,1,4294967295,0,1
oMovingPlatform,768,560,003D6D9F,0,1,1,4294967295,0,1
oMovingPlatform,896,656,0020F53C,0,1,1,4294967295,0,1
oMovingPlatform,928,448,0010D5D8,0,1,1,4294967295,0,1
oDoorKey,704,581,00147FA3,0,1,1,4294967295,0,1
oDoorKey,1248,309,003803A5,0,1,1,4294967295,0,1
oDoorKey,864,645,00324E7F,0,1,1,4294967295,0,1
oLockedDoor,512,304,0018CC56,0,1,1,4294967295,0,1
oLockedDoor,1024,352,001A2A3E,0,1,1,4294967295,0,1
oLockedDoor,368,64,0029199B,0,1,1,4294967295,0,1
oZeldaBreakPot,880,112,000B49D2,0,1,1,4294967295,0,0
oAPBoost,1216,128,002D1270,0,1,1,4294967295,0,1
oMarioCoin,512,272,002A7C68,0,1,1,4294967295,0,0
oMarioCoin,528,272,003AF9C3,0,1,1,4294967295,0,0
oMarioCoin,512,256,002EDCB6,0,1,1,4294967295,0,0
oMarioCoin,528,256,0038CE27,0,1,1,4294967295,0,0
oAPBoost,208,912,002A05C1,0,1,1,4294967295,0,1
oBustBlock,1200,864,00131242,0,1,1,4294967295,0,0
oBustBlock,1200,896,0031CB56,0,1,1,4294967295,0,0
oBustBlock,1280,256,000E838D,0,1,1,4294967295,0,0
oBustBlock,1376,160,00312F8E,0,1,1,4294967295,0,0
oGreenParatroopa,272,528,0000EE05,0,1,1,4294967295,0,1
oGreenParatroopa,912,400,003C99F4,0,1,1,4294967295,0,1
oRedParatroopa,368,640,003649C9,0,1,1,4294967295,0,1
oGoomba,1216,320,000A36B6,0,1,1,4294967295,0,1
oGreenParatroopa,1248,256,0021F61E,0,1,1,4294967295,0,1
oRedParatroopa,144,224,001E1717,0,1,1,4294967295,0,1
oRedParatroopa,80,272,00199FF1,0,1,1,4294967295,0,1
oBikeSoldier,944,128,0013832C,0,1,1,4294967295,0,1
oZakoBomber,1216,80,00340622,0,1,1,4294967295,0,1
oZakoBomber,528,160,00060EC0,0,1,1,4294967295,0,1
oZakoBomber,384,576,00334C6F,0,1,1,4294967295,0,1
oCHAOS_AirGunner,624,672,001D8F6B,0,1,1,4294967295,0,1
oCHAOS_AirGunner,448,272,001DDB4B,0,1,1,4294967295,0,1
oCHAOS_AirGunner,768,224,0007F1A1,0,1,1,4294967295,0,1
oCHAOS_AirGunner,688,96,00293DE1,0,1,1,4294967295,0,1
oCHAOS_AirGunner,96,144,0033C378,0,1,1,4294967295,0,1
oCHAOS_AirGunner,240,64,000311C7,0,1,1,4294967295,0,1
oCHAOS_AirGunner,1184,432,001A578E,0,1,1,4294967295,0,1
oZakoSoldier,1168,320,00178B39,0,1,1,4294967295,0,1
oZakoSoldier,816,448,000799DB,0,1,1,4294967295,0,1
oZakoSoldier,672,448,000ADBD4,0,1,1,4294967295,0,1
oPlayer1,96,576,0015D12F,0,1,1,4294967295,0,0
oSpikeZone,928,480,00160A3B,0,1,1,4294967295,0,0
oSpikeZone,944,480,000C7730,0,1,1,4294967295,0,0
oSpikeZone,960,480,0010B04A,0,1,1,4294967295,0,0
oSpikeZone,976,480,000665E3,0,1,1,4294967295,0,0
oSpikeZone,48,416,0019DC87,0,1,1,4294967295,0,0
oSpikeZone,112,416,001A8FD0,0,1,1,4294967295,0,0
oStoryObject,80,400,0006CF7A,0,1,1,4294967295,0,1
oInvCollPH,16,576,00320DF4,0,1,1,4294967295,0,0
oInvCollPH,32,576,0021E028,0,1,1,4294967295,0,0
oInvCollPH,48,576,0008CE76,0,1,1,4294967295,0,0
oInvCollPH,64,576,00209967,0,1,1,4294967295,0,0
oInvCollPH,80,576,0006438D,0,1,1,4294967295,0,0
oInvCollPH,96,576,002C732C,0,1,1,4294967295,0,0
oInvCollPH,112,576,003678BC,0,1,1,4294967295,0,0
oInvCollPH,128,576,002B09F3,0,1,1,4294967295,0,0
oInvCollPH,144,576,0034706D,0,1,1,4294967295,0,0
oInvCollPH,144,592,00059B0A,0,1,1,4294967295,0,0
oInvCollPH,144,608,000D6051,0,1,1,4294967295,0,0
oInvCollPH,144,624,000C8E6F,0,1,1,4294967295,0,0
oInvCollPH,144,640,000757A7,0,1,1,4294967295,0,0
oInvCollPH,144,656,000DD157,0,1,1,4294967295,0,0
oInvCollPH,144,672,001DE836,0,1,1,4294967295,0,0
oInvCollPH,144,688,0031D5F9,0,1,1,4294967295,0,0
oInvCollPH,144,704,001FD624,0,1,1,4294967295,0,0
oInvCollPH,144,720,00254E33,0,1,1,4294967295,0,0
oInvCollPH,144,736,00375FE9,0,1,1,4294967295,0,0
oInvCollPH,144,752,003CC08E,0,1,1,4294967295,0,0
oInvCollPH,144,768,00002876,0,1,1,4294967295,0,0
oInvCollPH,144,784,003EBADA,0,1,1,4294967295,0,0
oInvCollPH,144,800,003F3E6D,0,1,1,4294967295,0,0
oInvCollPH,144,816,00211392,0,1,1,4294967295,0,0
oInvCollPH,176,576,0033A526,0,1,1,4294967295,0,0
oInvCollPH,192,576,00259069,0,1,1,4294967295,0,0
oInvCollPH,208,576,000E1636,0,1,1,4294967295,0,0
oInvCollPH,224,576,0021FE0A,0,1,1,4294967295,0,0
oInvCollPH,240,576,001BEC05,0,1,1,4294967295,0,0
oInvCollPH,256,576,0018F38A,0,1,1,4294967295,0,0
oInvCollPH,272,576,002F55FD,0,1,1,4294967295,0,0
oInvCollPH,368,576,003803C2,0,1,1,4294967295,0,0
oInvCollPH,384,576,0010371E,0,1,1,4294967295,0,0
oInvCollPH,400,576,0027BC99,0,1,1,4294967295,0,0
oInvCollPH,496,720,002B1B1B,0,1,1,4294967295,0,0
oInvCollPH,512,720,0037CF9E,0,1,1,4294967295,0,0
oInvCollPH,528,720,0039580B,0,1,1,4294967295,0,0
oInvCollPH,736,432,000EA0EA,0,1,1,4294967295,0,0
oInvCollPH,736,576,001B8087,0,1,1,4294967295,0,0
oInvCollPH,752,576,002041A5,0,1,1,4294967295,0,0
oInvCollPH,752,560,0031E00D,0,1,1,4294967295,0,0
oInvCollPH,688,592,00281D56,0,1,1,4294967295,0,0
oInvCollPH,704,592,00124DC1,0,1,1,4294967295,0,0
oInvCollPH,720,592,00061F58,0,1,1,4294967295,0,0
oInvCollPH,736,592,003E5F51,0,1,1,4294967295,0,0
oInvCollPH,752,592,00095934,0,1,1,4294967295,0,0
oInvCollPH,848,656,002D3865,0,1,1,4294967295,0,0
oInvCollPH,864,656,0024FD90,0,1,1,4294967295,0,0
oInvCollPH,880,656,003C6772,0,1,1,4294967295,0,0
oInvCollPH,1056,656,0000D019,0,1,1,4294967295,0,0
oInvCollPH,1056,176,00023A82,0,1,1,4294967295,0,0
oInvCollPH,896,480,002B5EE2,0,1,1,4294967295,0,0
oInvCollPH,912,480,003FBDD0,0,1,1,4294967295,0,0
oInvCollPH,912,464,002FDFDB,0,1,1,4294967295,0,0
oInvCollPH,1280,304,00220C97,0,1,1,4294967295,0,0
oInvCollPH,1296,304,002BB76B,0,1,1,4294967295,0,0
oInvCollPH,1296,288,001DAC6C,0,1,1,4294967295,0,0
oInvCollPH,1376,240,00116028,0,1,1,4294967295,0,0
oInvCollPH,1376,256,0035A680,0,1,1,4294967295,0,0
oInvCollPH,1376,272,0025EFA7,0,1,1,4294967295,0,0
oInvCollPH,1376,288,003C0BCE,0,1,1,4294967295,0,0
oInvCollPH,1376,304,000E1495,0,1,1,4294967295,0,0
oInvCollPH,1376,320,0018E5AC,0,1,1,4294967295,0,0
oInvCollPH,1376,336,0032ABB8,0,1,1,4294967295,0,0
oInvCollPH,1392,192,0002F9D6,0,1,1,4294967295,0,0
oInvCollPH,1392,336,00084C54,0,1,1,4294967295,0,0
oInvCollPH,928,496,00190DD1,0,1,1,4294967295,0,0
oInvCollPH,944,496,00260A65,0,1,1,4294967295,0,0
oInvCollPH,960,496,002B2F1A,0,1,1,4294967295,0,0
oInvCollPH,976,496,00238FE6,0,1,1,4294967295,0,0
oInvCollPH,896,512,0011D6D3,0,1,1,4294967295,0,0
oInvCollPH,912,512,00126DF7,0,1,1,4294967295,0,0
oInvCollPH,928,512,00222918,0,1,1,4294967295,0,0
oInvCollPH,944,512,00133A3F,0,1,1,4294967295,0,0
oInvCollPH,960,512,003728C0,0,1,1,4294967295,0,0
oInvCollPH,976,512,002096B5,0,1,1,4294967295,0,0
oInvCollPH,992,512,0021E2AB,0,1,1,4294967295,0,0
oInvCollPH,1008,512,00127C61,0,1,1,4294967295,0,0
oInvCollPH,1008,496,0022B87F,0,1,1,4294967295,0,0
oInvCollPH,352,128,00045E9C,0,1,1,4294967295,0,0
oInvCollPH,368,128,00164BF8,0,1,1,4294967295,0,0
oInvCollPH,384,128,0031146B,0,1,1,4294967295,0,0
oInvCollPH,528,288,0014E8A9,0,1,1,4294967295,0,0
oInvCollPH,496,368,00276D77,0,1,1,4294967295,0,0
oInvCollPH,512,368,0008C546,0,1,1,4294967295,0,0
oInvCollPH,528,368,00363C29,0,1,1,4294967295,0,0
oInvCollPH,368,16,001F2648,0,1,1,4294967295,0,0
oInvCollPH,368,32,002C06C3,0,1,1,4294967295,0,0
oInvCollPH,368,48,001262B0,0,1,1,4294967295,0,0
oInvCollPH,384,48,0028E003,0,1,1,4294967295,0,0
oInvCollPH,384,32,0005E25A,0,1,1,4294967295,0,0
oInvCollPH,384,16,0004C8A9,0,1,1,4294967295,0,0
oInvCollPH,384,0,0028559C,0,1,1,4294967295,0,0
oInvCollPH,336,160,001A92D2,0,1,1,4294967295,0,0
oInvCollPH,336,176,00358E0C,0,1,1,4294967295,0,0
oInvCollPH,336,192,00247852,0,1,1,4294967295,0,0
oInvCollPH,336,208,0025EADE,0,1,1,4294967295,0,0
oInvCollPH,336,224,00254A59,0,1,1,4294967295,0,0
oInvCollPH,336,240,00319679,0,1,1,4294967295,0,0
oInvCollPH,336,256,001C1E31,0,1,1,4294967295,0,0
oInvCollPH,336,272,00070EFF,0,1,1,4294967295,0,0
oInvCollPH,336,288,001A53E1,0,1,1,4294967295,0,0
oInvCollPH,336,304,003ECB3C,0,1,1,4294967295,0,0
oInvCollPH,336,320,001360C6,0,1,1,4294967295,0,0
oInvCollPH,336,336,00161443,0,1,1,4294967295,0,0
oInvCollPH,336,352,0032F83E,0,1,1,4294967295,0,0
oInvCollPH,336,368,000D3BD7,0,1,1,4294967295,0,0
oInvCollPH,624,448,000C79E5,0,1,1,4294967295,0,0
oInvCollPH,640,448,001EB10F,0,1,1,4294967295,0,0
oInvCollPH,656,448,001EDD50,0,1,1,4294967295,0,0
oInvCollPH,672,448,0002D371,0,1,1,4294967295,0,0
oInvCollPH,688,448,003E7253,0,1,1,4294967295,0,0
oInvCollPH,704,448,000BE2F6,0,1,1,4294967295,0,0
oInvCollPH,720,448,00234565,0,1,1,4294967295,0,0
oInvCollPH,768,448,000C0181,0,1,1,4294967295,0,0
oInvCollPH,784,448,0019F0AB,0,1,1,4294967295,0,0
oInvCollPH,800,448,0021B22A,0,1,1,4294967295,0,0
oInvCollPH,816,448,0005688E,0,1,1,4294967295,0,0
oInvCollPH,832,448,00322CA0,0,1,1,4294967295,0,0
oInvCollPH,848,448,0024421C,0,1,1,4294967295,0,0
oInvCollPH,864,448,0015018B,0,1,1,4294967295,0,0
oInvCollPH,880,448,0013BB79,0,1,1,4294967295,0,0
oInvCollPH,896,448,003FE722,0,1,1,4294967295,0,0
oInvCollPH,912,448,00184B2B,0,1,1,4294967295,0,0
oInvCollPH,992,336,0017DCDA,0,1,1,4294967295,0,0
oInvCollPH,992,352,002883D1,0,1,1,4294967295,0,0
oInvCollPH,992,368,000FB1F0,0,1,1,4294967295,0,0
oInvCollPH,992,384,001BF7CA,0,1,1,4294967295,0,0
oInvCollPH,1008,320,0039390A,0,1,1,4294967295,0,0
oInvCollPH,1008,336,001892BD,0,1,1,4294967295,0,0
oInvCollPH,1008,352,002FEE61,0,1,1,4294967295,0,0
oInvCollPH,1008,368,001BAAD1,0,1,1,4294967295,0,0
oInvCollPH,1008,384,000D5581,0,1,1,4294967295,0,0
oInvCollPH,1008,400,000B7639,0,1,1,4294967295,0,0
oInvCollPH,1008,416,0013E4DF,0,1,1,4294967295,0,0
oInvCollPH,1008,432,0035ED13,0,1,1,4294967295,0,0
oInvCollPH,1008,448,00236FE2,0,1,1,4294967295,0,0
oInvCollPH,1008,464,000B5B0C,0,1,1,4294967295,0,0
oInvCollPH,1008,480,0023ECF3,0,1,1,4294967295,0,0
oInvCollPH,992,480,002C1485,0,1,1,4294967295,0,0
oInvCollPH,992,464,0015FE23,0,1,1,4294967295,0,0
oInvCollPH,992,448,002D2886,0,1,1,4294967295,0,0
oInvCollPH,992,432,003F6E3F,0,1,1,4294967295,0,0
oInvCollPH,992,416,00217070,0,1,1,4294967295,0,0
oInvCollPH,992,400,002025BC,0,1,1,4294967295,0,0
oInvCollPH,1104,320,003EA431,0,1,1,4294967295,0,0
oInvCollPH,1088,336,0021CC09,0,1,1,4294967295,0,0
oInvCollPH,1088,352,003D4797,0,1,1,4294967295,0,0
oInvCollPH,1088,368,0024A8E5,0,1,1,4294967295,0,0
oInvCollPH,1088,384,003B02D4,0,1,1,4294967295,0,0
oInvCollPH,1088,400,0023879F,0,1,1,4294967295,0,0
oInvCollPH,1088,416,0017AB18,0,1,1,4294967295,0,0
oInvCollPH,1088,432,002DC82F,0,1,1,4294967295,0,0
oInvCollPH,1088,448,00134968,0,1,1,4294967295,0,0
oInvCollPH,1088,464,002020B9,0,1,1,4294967295,0,0
oInvCollPH,1088,480,002A9918,0,1,1,4294967295,0,0
oInvCollPH,1088,496,0036A8A4,0,1,1,4294967295,0,0
oInvCollPH,1088,512,002B0736,0,1,1,4294967295,0,0
oInvCollPH,1104,512,001FBDA7,0,1,1,4294967295,0,0
oInvCollPH,1104,496,000895A4,0,1,1,4294967295,0,0
oInvCollPH,1104,480,00223C9F,0,1,1,4294967295,0,0
oInvCollPH,1104,464,0035D0D1,0,1,1,4294967295,0,0
oInvCollPH,1104,448,002CB6FE,0,1,1,4294967295,0,0
oInvCollPH,1104,432,0037631F,0,1,1,4294967295,0,0
oInvCollPH,1104,416,0012E88F,0,1,1,4294967295,0,0
oInvCollPH,1104,400,0038AE37,0,1,1,4294967295,0,0
oInvCollPH,1104,384,0010D826,0,1,1,4294967295,0,0
oInvCollPH,1104,368,000D5799,0,1,1,4294967295,0,0
oInvCollPH,1104,352,0024C82F,0,1,1,4294967295,0,0
oInvCollPH,1136,320,003AA125,0,1,1,4294967295,0,0
oInvCollPH,1152,320,00067FE3,0,1,1,4294967295,0,0
oInvCollPH,1168,320,0011CA59,0,1,1,4294967295,0,0
oInvCollPH,1184,320,001E38EB,0,1,1,4294967295,0,0
oInvCollPH,1200,320,0004CCEC,0,1,1,4294967295,0,0
oInvCollPH,1216,320,003639E7,0,1,1,4294967295,0,0
oInvCollPH,1232,320,001DD463,0,1,1,4294967295,0,0
oInvCollPH,1248,320,003AEF5E,0,1,1,4294967295,0,0
oInvCollPH,1264,320,0022930D,0,1,1,4294967295,0,0
oInvCollPH,1120,336,002D2059,0,1,1,4294967295,0,0
oInvCollPH,1136,336,001C0D4F,0,1,1,4294967295,0,0
oInvCollPH,1152,336,00012D13,0,1,1,4294967295,0,0
oInvCollPH,1168,336,001C288D,0,1,1,4294967295,0,0
oInvCollPH,1184,336,0008F586,0,1,1,4294967295,0,0
oInvCollPH,1200,336,000A8479,0,1,1,4294967295,0,0
oInvCollPH,1216,336,0029B3B9,0,1,1,4294967295,0,0
oInvCollPH,1232,336,00016D4F,0,1,1,4294967295,0,0
oInvCollPH,1248,336,00215E16,0,1,1,4294967295,0,0
oInvCollPH,1264,336,00370B41,0,1,1,4294967295,0,0
oInvCollPH,1280,336,00252460,0,1,1,4294967295,0,0
oInvCollPH,1296,336,001E46B8,0,1,1,4294967295,0,0
oInvCollPH,1296,320,000A3124,0,1,1,4294967295,0,0
oInvCollPH,1184,592,003B2A09,0,1,1,4294967295,0,0
oInvCollPH,1200,592,002BBF06,0,1,1,4294967295,0,0
oInvCollPH,1216,592,0008D0FD,0,1,1,4294967295,0,0
oInvCollPH,1232,592,001D6A97,0,1,1,4294967295,0,0
oInvCollPH,1248,592,00127DA2,0,1,1,4294967295,0,0
oInvCollPH,1264,592,0001C59C,0,1,1,4294967295,0,0
oInvCollPH,1280,592,000BC251,0,1,1,4294967295,0,0
oInvCollPH,1296,592,000190FF,0,1,1,4294967295,0,0
oInvCollPH,1312,592,002F04F5,0,1,1,4294967295,0,0
oInvCollPH,1168,608,0039F6AF,0,1,1,4294967295,0,0
oInvCollPH,1168,624,0036BE94,0,1,1,4294967295,0,0
oInvCollPH,1168,640,003E53DB,0,1,1,4294967295,0,0
oInvCollPH,1168,656,0001C565,0,1,1,4294967295,0,0
oInvCollPH,1168,672,00027C6C,0,1,1,4294967295,0,0
oInvCollPH,1168,688,00371A93,0,1,1,4294967295,0,0
oInvCollPH,1168,704,0032F0DC,0,1,1,4294967295,0,0
oInvCollPH,1168,720,00046786,0,1,1,4294967295,0,0
oInvCollPH,1168,736,0028FCAF,0,1,1,4294967295,0,0
oInvCollPH,1168,752,00284372,0,1,1,4294967295,0,0
oInvCollPH,1168,768,0021F709,0,1,1,4294967295,0,0
oInvCollPH,1168,784,0012C701,0,1,1,4294967295,0,0
oInvCollPH,1168,800,003C6937,0,1,1,4294967295,0,0
oInvCollPH,1168,816,001843FB,0,1,1,4294967295,0,0
oInvCollPH,1328,592,00054323,0,1,1,4294967295,0,0
oInvCollPH,1344,592,0002121C,0,1,1,4294967295,0,0
oInvCollPH,1360,592,001B0E8F,0,1,1,4294967295,0,0
oInvCollPH,1376,592,00116E5F,0,1,1,4294967295,0,0
oInvCollPH,1392,592,003ADB72,0,1,1,4294967295,0,0
oInvCollPH,736,448,0029E9A8,0,1,1,4294967295,0,0
oInvCollPH,752,448,00398635,0,1,1,4294967295,0,0
oInvCollPH,480,368,00077625,0,1,1,4294967295,0,0
oInvCollPH,528,160,00214E25,0,1,1,4294967295,0,0
oInvCollPH,128,368,00249358,0,1,1,4294967295,0,0
oInvCollPH,144,368,0004DC07,0,1,1,4294967295,0,0
oInvCollPH,144,352,00177692,0,1,1,4294967295,0,0
oInvCollPH,256,192,0014A3E9,0,1,1,4294967295,0,0
oInvCollPH,272,192,00221AF8,0,1,1,4294967295,0,0
oInvCollPH,288,192,00194954,0,1,1,4294967295,0,0
oInvCollPH,208,240,0018C5AC,0,1,1,4294967295,0,0
oInvCollPH,160,288,003F9944,0,1,1,4294967295,0,0
oInvCollPH,128,400,00303C21,0,1,1,4294967295,0,0
oInvCollPH,32,400,00074B21,0,1,1,4294967295,0,0
oInvCollPH,32,416,000F52C6,0,1,1,4294967295,0,0
oInvCollPH,64,432,00105E43,0,1,1,4294967295,0,0
oInvCollPH,80,416,00311EE1,0,1,1,4294967295,0,0
oInvCollPH,112,432,000366B5,0,1,1,4294967295,0,0
oInvCollPH,128,432,001D052D,0,1,1,4294967295,0,0
oInvCollPH,48,432,002DF09C,0,1,1,4294967295,0,0
oInvCollPH,96,416,00075FD8,0,1,1,4294967295,0,0
oInvCollPH,128,416,001C7BA7,0,1,1,4294967295,0,0
oInvCollPH,912,320,00214FA3,0,1,1,4294967295,0,0
oInvCollPH,1344,448,00116929,0,1,1,4294967295,0,0
oInvCollPH,896,128,000E7D88,0,1,1,4294967295,0,0
oInvCollPH,912,128,002F38EA,0,1,1,4294967295,0,0
oInvCollPH,928,128,0007163C,0,1,1,4294967295,0,0
oInvCollPH,944,128,00080426,0,1,1,4294967295,0,0
oInvCollPH,960,128,00049900,0,1,1,4294967295,0,0
oInvCollPH,976,128,001928B0,0,1,1,4294967295,0,0
oInvCollPH,992,128,000F2067,0,1,1,4294967295,0,0
oInvCollPH,1168,160,002089FC,0,1,1,4294967295,0,0
oInvCollPH,1184,160,0020B331,0,1,1,4294967295,0,0
oInvCollPH,1200,160,003E6895,0,1,1,4294967295,0,0
oInvCollPH,1216,160,00351B0F,0,1,1,4294967295,0,0
oInvCollPH,1232,160,0023B1BC,0,1,1,4294967295,0,0
oInvCollPH,1248,160,0017ABF7,0,1,1,4294967295,0,0
oInvCollPH,1264,160,0002683F,0,1,1,4294967295,0,0
oInvCollPH,1200,80,001FC5FA,0,1,1,4294967295,0,0
oInvCollPH,1216,80,0001D681,0,1,1,4294967295,0,0
oInvCollPH,1232,80,002B97BD,0,1,1,4294967295,0,0
oInvCollPH,1376,208,002D5886,0,1,1,4294967295,0,0
oInvCollPH,1376,224,001BDA98,0,1,1,4294967295,0,0
oInvCollPH,144,832,00306AA0,0,1,1,4294967295,0,0
oInvCollPH,144,848,0027D496,0,1,1,4294967295,0,0
oInvCollPH,144,864,0037399F,0,1,1,4294967295,0,0
oInvCollPH,144,880,002D60D6,0,1,1,4294967295,0,0
oInvCollPH,176,896,00403F45,0,1,1,4294967295,0,0
oInvCollPH,176,912,00050827,0,1,1,4294967295,0,0
oInvCollPH,192,928,001641D3,0,1,1,4294967295,0,0
oInvCollPH,1168,832,0019A942,0,1,1,4294967295,0,0
oInvCollPH,1184,832,000C815A,0,1,1,4294967295,0,0
oInvCollPH,1200,832,0039D09F,0,1,1,4294967295,0,0
oInvCollPH,1216,832,002C7BFE,0,1,1,4294967295,0,0
oInvCollPH,1232,832,001891B8,0,1,1,4294967295,0,0
oInvCollPH,1248,832,0029B046,0,1,1,4294967295,0,0
oInvCollPH,1264,832,000D4CC6,0,1,1,4294967295,0,0
oInvCollPH,1280,832,0008665A,0,1,1,4294967295,0,0
oInvCollPH,1296,832,0029D60B,0,1,1,4294967295,0,0
oInvCollPH,1312,832,000DDACD,0,1,1,4294967295,0,0
oInvCollPH,1328,832,00195F43,0,1,1,4294967295,0,0
oInvCollPH,1344,832,00001006,0,1,1,4294967295,0,0
oInvCollPH,1360,864,001FBAEA,0,1,1,4294967295,0,0
oInvCollPH,1360,880,0003E6E3,0,1,1,4294967295,0,0
oInvCollPH,1360,896,0029D5F5,0,1,1,4294967295,0,0
oInvCollPH,1344,912,0033A151,0,1,1,4294967295,0,0
oInvCollPH,1184,928,003DEE0D,0,1,1,4294967295,0,0
oInvCollPH,1216,928,003D7317,0,1,1,4294967295,0,0
oInvCollPH,1232,928,0007E3E6,0,1,1,4294967295,0,0
oInvCollPH,1248,928,001DD25A,0,1,1,4294967295,0,0
oInvCollPH,1200,928,00190377,0,1,1,4294967295,0,0
oInvCollPH,1168,944,0031DE16,0,1,1,4294967295,0,0
oInvCollPH,1264,928,00056396,0,1,1,4294967295,0,0
oInvCollPH,1280,928,0026EF86,0,1,1,4294967295,0,0
oInvCollPH,1296,928,003A9901,0,1,1,4294967295,0,0
oInvCollPH,1312,928,0007645E,0,1,1,4294967295,0,0
oInvCollPH,1168,176,002DA6ED,0,1,1,4294967295,0,0
oInvCollPH,1184,176,0037D569,0,1,1,4294967295,0,0
oInvCollPH,1248,176,0011E925,0,1,1,4294967295,0,0
oInvCollPH,1264,176,000CE592,0,1,1,4294967295,0,0
oInvCollPH,208,928,00150834,0,1,1,4294967295,0,0
oInvCollPH,224,928,00254B84,0,1,1,4294967295,0,0
oInvCollPH,240,928,00189E11,0,1,1,4294967295,0,0
oInvCollPH,256,928,00216562,0,1,1,4294967295,0,0
oInvCollPH,256,944,000F1B07,0,1,1,4294967295,0,0
oInvCollPH,160,464,0014A77C,0,1,1,4294967295,0,0
oInvCollPH,160,480,0011DBF6,0,1,1,4294967295,0,0
oInvCollPH,176,480,0035970A,0,1,1,4294967295,0,0
oInvCollPH,176,464,001E63AC,0,1,1,4294967295,0,0
oInvCollPH,176,448,000BD33C,0,1,1,4294967295,0,0
oInvisibleSolid,0,576,002A10FE,0,1,1,4294967295,0,1
oInvisibleSolid,160,576,002077E8,0,1,1,4294967295,0,1
oInvisibleSolid,352,576,0008646E,0,1,1,4294967295,0,1
oInvisibleSolid,480,720,00316774,0,1,1,4294967295,0,1
oInvisibleSolid,672,592,00010209,0,1,1,4294967295,0,1
oInvisibleSolid,736,560,00136BFD,0,1,1,4294967295,0,1
oInvisibleSolid,832,656,0004678D,0,1,1,4294967295,0,1
oInvisibleSolid,720,432,000DF9E8,0,1,1,4294967295,0,1
oInvisibleSolid,608,448,0001F97A,0,1,1,4294967295,0,1
oInvisibleSolid,464,368,000704B9,0,1,1,4294967295,0,1
oInvisibleSolid,512,288,0009D017,0,1,1,4294967295,0,1
oInvisibleSolid,368,0,00356AC6,0,1,1,4294967295,0,1
oInvisibleSolid,336,128,0033B325,0,1,1,4294967295,0,1
oInvisibleSolid,336,144,000D981A,0,1,1,4294967295,0,1
oInvisibleSolid,896,464,00179094,0,1,1,4294967295,0,1
oInvisibleSolid,896,496,00042230,0,1,1,4294967295,0,1
oInvisibleSolid,992,320,0002EFB1,0,1,1,4294967295,0,1
oInvisibleSolid,1088,320,0004F459,0,1,1,4294967295,0,1
oInvisibleSolid,1120,320,001A452D,0,1,1,4294967295,0,1
oInvisibleSolid,1280,288,003D0E6D,0,1,1,4294967295,0,1
oInvisibleSolid,1040,176,0017DF1F,0,1,1,4294967295,0,1
oInvisibleSolid,1376,192,0033EA9B,0,1,1,4294967295,0,1
oInvisibleSolid,1168,592,0028BE29,0,1,1,4294967295,0,1
oInvisibleSolid,1040,656,000FB530,0,1,1,4294967295,0,1
oInvisibleSolid,512,160,000E84EB,0,1,1,4294967295,0,1
oInvisibleSolid,240,192,002BBA57,0,1,1,4294967295,0,1
oInvisibleSolid,192,240,001CE3F5,0,1,1,4294967295,0,1
oInvisibleSolid,144,288,003660BE,0,1,1,4294967295,0,1
oInvisibleSolid,128,352,0009F8C7,0,1,1,4294967295,0,1
oInvisibleSolid,128,384,001D0899,0,1,1,4294967295,0,1
oInvisibleSolid,32,432,0021BC82,0,1,1,4294967295,0,1
oInvisibleSolid,32,384,0011E96A,0,1,1,4294967295,0,1
oInvisibleSolid,64,416,001ACA4B,0,1,1,4294967295,0,1
oInvisibleSolid,96,432,00165325,0,1,1,4294967295,0,1
oInvisibleSolid,896,320,001B388C,0,1,1,4294967295,0,1
oInvisibleSolid,1328,448,0012B8B7,0,1,1,4294967295,0,1
oInvisibleSolid,1152,160,000A6547,0,1,1,4294967295,0,1
oInvisibleSolid,1184,80,003A4812,0,1,1,4294967295,0,1
oInvisibleSolid,880,128,002143D9,0,1,1,4294967295,0,1
oInvisibleSolid,1360,848,0037BEE6,0,1,1,4294967295,0,1
oInvisibleSolid,1168,928,002B28D7,0,1,1,4294967295,0,1
oInvisibleSolid,1328,912,0006E29C,0,1,1,4294967295,0,1
oMapDoor,1336,880,0012E2C5,0,1,1,4294967295,0,1
oInvisibleSolid,1152,176,000C63B5,0,1,1,4294967295,0,1
oInvisibleSolid,1232,176,0018C1E8,0,1,1,4294967295,0,1
oInvisibleSolid,160,928,001C213C,0,1,1,4294967295,0,1
oInvisibleSolid,160,448,001A6CC1,0,1,1,4294967295,0,1
oInvisibleSolid,160,896,00186395,0,1,1,4294967295,0,1
oMapDoor,168,864,002D1A1F,0,1,1,4294967295,0,1
