oExit,0,256,000FAB8A,0,1,1,4294967295,0,1
oMarioRBblock,1360,192,001A0D6C,0,1,1,4294967295,0,0
oMarioRBblock,1504,192,00093107,0,1,1,4294967295,0,0
oExit,2160,256,0023F75F,0,1,1,4294967295,0,1
oSignPost,1808,288,0017E3EA,0,1,1,4294967295,0,1
oRedMBlock,1280,288,00181831,0,1,1,4294967295,0,0
oRedMBlock,1296,288,00354AF0,0,1,1,4294967295,0,0
oRedMBlock,1312,288,000B0068,0,1,1,4294967295,0,0
oRedMBlock,1328,288,0038AF0A,0,1,1,4294967295,0,0
oBlueMBlock,1408,288,003AD68D,0,1,1,4294967295,0,0
oBlueMBlock,1424,288,000830FD,0,1,1,4294967295,0,0
oBlueMBlock,1440,288,00388868,0,1,1,4294967295,0,0
oBlueMBlock,1456,288,002C8502,0,1,1,4294967295,0,0
oRedMBlock,1536,288,000FE773,0,1,1,4294967295,0,0
oRedMBlock,1552,288,003623B2,0,1,1,4294967295,0,0
oRedMBlock,1568,288,0002A35A,0,1,1,4294967295,0,0
oRedMBlock,1584,288,0000F85C,0,1,1,4294967295,0,0
oBlueMBlock,1632,288,0014838F,0,1,1,4294967295,0,0
oBlueMBlock,1648,288,003B7D4C,0,1,1,4294967295,0,0
oBlueMBlock,1664,288,000E66A4,0,1,1,4294967295,0,0
oBlueMBlock,1680,288,001EFC9C,0,1,1,4294967295,0,0
oBlueMBlock,1696,288,00002E5C,0,1,1,4294967295,0,0
oBlueMBlock,1712,288,000216B7,0,1,1,4294967295,0,0
oBlueMBlock,1616,288,003B6234,0,1,1,4294967295,0,0
oBlueMBlock,1600,288,001A89CD,0,1,1,4294967295,0,0
oConveyorA,640,224,00372649,0,1,1,4294967295,0,1
oConveyorA,864,272,0021AE5C,0,1,1,4294967295,0,1
oConveyorA,1088,176,0020C712,0,1,1,4294967295,0,1
oWrenchBlock,1920,256,000F283B,0,1,1,4294967295,0,1
oZeldaBreakPot,1216,272,002BB943,0,1,1,4294967295,0,0
oSolidVirusBlock,80,128,00199C7F,0,1,1,4294967295,0,1
oSolidVirusBlock,832,72,00351C29,0,1,1,4294967295,0,1
oSolidVirusBlock,960,72,000B61C3,0,1,1,4294967295,0,1
oSolidVirusBlock,576,72,0018A50F,0,1,1,4294967295,0,1
oBotDoorA,1104,176,003932E4,0,1,1,4294967295,0,1
oLargeJumper,2068,264,00077E1E,0,1,1,4294967295,0,0
oSpinGuard,336,208,0024FF69,0,1,1,4294967295,0,0
oSpinGuard,768,128,0000BC67,0,1,1,4294967295,0,0
oEggBot,528,288,002DEF68,0,1,1,4294967295,0,0
oSpinGuard,1664,192,000CAC80,0,1,1,4294967295,0,0
oBombDropper,1520,96,001BD865,0,1,1,4294967295,0,0
oEggBot,880,272,003B96DC,0,1,1,4294967295,0,0
oEggBot,1392,288,000D031A,0,1,1,4294967295,0,0
oPlayer1,48,288,0003195E,0,1,1,4294967295,0,0
oObjDispLimit,1856,0,0003D6C5,0,1,1,4294967295,0,1
oInvCollPH,16,288,001E7536,0,1,1,4294967295,0,0
oInvCollPH,32,288,00331D57,0,1,1,4294967295,0,0
oInvCollPH,48,288,000FD205,0,1,1,4294967295,0,0
oInvCollPH,64,288,003B4395,0,1,1,4294967295,0,0
oInvCollPH,80,288,002A62E2,0,1,1,4294967295,0,0
oInvCollPH,96,288,0029AF76,0,1,1,4294967295,0,0
oInvCollPH,112,288,003A66B0,0,1,1,4294967295,0,0
oInvCollPH,64,112,00039D58,0,1,1,4294967295,0,0
oInvCollPH,64,128,002A1F4F,0,1,1,4294967295,0,0
oInvCollPH,64,144,00149393,0,1,1,4294967295,0,0
oInvCollPH,64,160,0004C15C,0,1,1,4294967295,0,0
oInvCollPH,64,176,002A05D9,0,1,1,4294967295,0,0
oInvCollPH,64,192,000A621F,0,1,1,4294967295,0,0
oInvCollPH,64,208,00321CDD,0,1,1,4294967295,0,0
oInvCollPH,48,208,002C3599,0,1,1,4294967295,0,0
oInvCollPH,32,208,002B9936,0,1,1,4294967295,0,0
oInvCollPH,16,208,003BEB85,0,1,1,4294967295,0,0
oInvCollPH,0,208,000E6250,0,1,1,4294967295,0,0
oInvCollPH,208,128,00279FB0,0,1,1,4294967295,0,0
oInvCollPH,208,144,0028311D,0,1,1,4294967295,0,0
oInvCollPH,224,144,0000922E,0,1,1,4294967295,0,0
oInvCollPH,240,144,001BC54A,0,1,1,4294967295,0,0
oInvCollPH,256,144,001748AE,0,1,1,4294967295,0,0
oInvCollPH,256,128,0032475D,0,1,1,4294967295,0,0
oInvCollPH,256,112,001D881A,0,1,1,4294967295,0,0
oInvCollPH,448,304,002989D0,0,1,1,4294967295,0,0
oInvCollPH,448,320,0019B274,0,1,1,4294967295,0,0
oInvCollPH,448,336,00267FD0,0,1,1,4294967295,0,0
oInvCollPH,464,288,002AEDD4,0,1,1,4294967295,0,0
oInvCollPH,480,288,000D72B6,0,1,1,4294967295,0,0
oInvCollPH,496,288,0013B464,0,1,1,4294967295,0,0
oInvCollPH,512,288,0001CF67,0,1,1,4294967295,0,0
oInvCollPH,528,288,001E6D89,0,1,1,4294967295,0,0
oInvCollPH,528,304,001CB785,0,1,1,4294967295,0,0
oInvCollPH,528,320,000706E2,0,1,1,4294967295,0,0
oInvCollPH,528,336,003CB8F0,0,1,1,4294967295,0,0
oInvCollPH,144,304,002D4CA3,0,1,1,4294967295,0,0
oInvCollPH,160,304,0021DAA4,0,1,1,4294967295,0,0
oInvCollPH,176,304,00003410,0,1,1,4294967295,0,0
oInvCollPH,192,304,003A4BD9,0,1,1,4294967295,0,0
oInvCollPH,208,304,00120298,0,1,1,4294967295,0,0
oInvCollPH,224,304,003E5DE4,0,1,1,4294967295,0,0
oInvCollPH,240,304,0022F9C8,0,1,1,4294967295,0,0
oInvCollPH,256,304,0013BF68,0,1,1,4294967295,0,0
oInvCollPH,272,304,000E1A47,0,1,1,4294967295,0,0
oInvCollPH,288,304,002A13F3,0,1,1,4294967295,0,0
oInvCollPH,304,304,001A21C3,0,1,1,4294967295,0,0
oInvCollPH,320,304,00146576,0,1,1,4294967295,0,0
oInvCollPH,336,304,000F22A1,0,1,1,4294967295,0,0
oInvCollPH,352,304,003C7B38,0,1,1,4294967295,0,0
oInvCollPH,368,304,0030B255,0,1,1,4294967295,0,0
oInvCollPH,368,320,00079C94,0,1,1,4294967295,0,0
oInvCollPH,368,336,002DC174,0,1,1,4294967295,0,0
oInvCollPH,896,80,0038BF68,0,1,1,4294967295,0,0
oInvCollPH,896,96,00132810,0,1,1,4294967295,0,0
oInvCollPH,912,96,00081F24,0,1,1,4294967295,0,0
oInvCollPH,928,96,00025E14,0,1,1,4294967295,0,0
oInvCollPH,944,96,002E33F5,0,1,1,4294967295,0,0
oInvCollPH,944,80,001D20EA,0,1,1,4294967295,0,0
oInvCollPH,944,64,0018A30F,0,1,1,4294967295,0,0
oInvCollPH,768,80,00303903,0,1,1,4294967295,0,0
oInvCollPH,784,80,0022CFB2,0,1,1,4294967295,0,0
oInvCollPH,800,80,001A3F51,0,1,1,4294967295,0,0
oInvCollPH,816,80,000B2132,0,1,1,4294967295,0,0
oInvCollPH,816,64,0033E8AF,0,1,1,4294967295,0,0
oInvCollPH,1024,80,0023EA79,0,1,1,4294967295,0,0
oInvCollPH,1040,80,00065788,0,1,1,4294967295,0,0
oInvCollPH,1056,80,001A336D,0,1,1,4294967295,0,0
oInvCollPH,1072,80,002CD6B1,0,1,1,4294967295,0,0
oInvCollPH,80,96,00279604,0,1,1,4294967295,0,0
oInvCollPH,96,96,0020EC58,0,1,1,4294967295,0,0
oInvCollPH,112,96,00253D32,0,1,1,4294967295,0,0
oInvCollPH,128,96,0019746B,0,1,1,4294967295,0,0
oInvCollPH,144,96,003A1BA1,0,1,1,4294967295,0,0
oInvCollPH,160,96,003ADF3D,0,1,1,4294967295,0,0
oInvCollPH,176,96,00152EED,0,1,1,4294967295,0,0
oInvCollPH,192,96,0019238C,0,1,1,4294967295,0,0
oInvCollPH,272,96,00018C6F,0,1,1,4294967295,0,0
oInvCollPH,288,96,00378757,0,1,1,4294967295,0,0
oInvCollPH,304,96,003B9300,0,1,1,4294967295,0,0
oInvCollPH,320,96,0010FF54,0,1,1,4294967295,0,0
oInvCollPH,336,96,00354F32,0,1,1,4294967295,0,0
oInvCollPH,352,96,0006413F,0,1,1,4294967295,0,0
oInvCollPH,368,96,000D15CE,0,1,1,4294967295,0,0
oInvCollPH,384,96,002421B7,0,1,1,4294967295,0,0
oInvCollPH,400,96,002E236F,0,1,1,4294967295,0,0
oInvCollPH,416,96,002CB036,0,1,1,4294967295,0,0
oInvCollPH,432,96,003013F2,0,1,1,4294967295,0,0
oInvCollPH,448,96,003C6D6C,0,1,1,4294967295,0,0
oInvCollPH,464,96,00131992,0,1,1,4294967295,0,0
oInvCollPH,480,96,00058021,0,1,1,4294967295,0,0
oInvCollPH,496,96,001983BE,0,1,1,4294967295,0,0
oInvCollPH,512,96,00349BCF,0,1,1,4294967295,0,0
oInvCollPH,528,96,002625D3,0,1,1,4294967295,0,0
oInvCollPH,544,96,0031E61F,0,1,1,4294967295,0,0
oInvCollPH,560,96,00151C57,0,1,1,4294967295,0,0
oInvCollPH,560,80,0001DA4D,0,1,1,4294967295,0,0
oInvCollPH,560,64,000E80AB,0,1,1,4294967295,0,0
oInvCollPH,1344,304,003AD2D1,0,1,1,4294967295,0,0
oInvCollPH,1344,320,00133348,0,1,1,4294967295,0,0
oInvCollPH,1344,336,000C2BF4,0,1,1,4294967295,0,0
oInvCollPH,1360,288,000DFACC,0,1,1,4294967295,0,0
oInvCollPH,1376,288,0002756D,0,1,1,4294967295,0,0
oInvCollPH,1392,288,0034DBC5,0,1,1,4294967295,0,0
oInvCollPH,1392,304,0032DFEE,0,1,1,4294967295,0,0
oInvCollPH,1392,320,0017C405,0,1,1,4294967295,0,0
oInvCollPH,1392,336,0027A19B,0,1,1,4294967295,0,0
oInvCollPH,1472,304,0015EEC1,0,1,1,4294967295,0,0
oInvCollPH,1472,320,000EFA91,0,1,1,4294967295,0,0
oInvCollPH,1472,336,0017555E,0,1,1,4294967295,0,0
oInvCollPH,1488,288,0010A78C,0,1,1,4294967295,0,0
oInvCollPH,1504,288,002BB4FC,0,1,1,4294967295,0,0
oInvCollPH,1520,288,0012245D,0,1,1,4294967295,0,0
oInvCollPH,1520,304,0000EE76,0,1,1,4294967295,0,0
oInvCollPH,1520,320,002BEE08,0,1,1,4294967295,0,0
oInvCollPH,1520,336,001578DD,0,1,1,4294967295,0,0
oInvCollPH,1088,304,002D67F2,0,1,1,4294967295,0,0
oInvCollPH,1088,320,00171E13,0,1,1,4294967295,0,0
oInvCollPH,1088,336,00342A7D,0,1,1,4294967295,0,0
oInvCollPH,1104,288,0018F1B7,0,1,1,4294967295,0,0
oInvCollPH,1120,288,001EE9C9,0,1,1,4294967295,0,0
oInvCollPH,1136,288,0026AAB3,0,1,1,4294967295,0,0
oInvCollPH,1152,288,00071AFF,0,1,1,4294967295,0,0
oInvCollPH,1168,288,0033449C,0,1,1,4294967295,0,0
oInvCollPH,1184,288,00106DF8,0,1,1,4294967295,0,0
oInvCollPH,1200,288,001E72A0,0,1,1,4294967295,0,0
oInvCollPH,1216,288,0021971A,0,1,1,4294967295,0,0
oInvCollPH,1232,288,0019DEAA,0,1,1,4294967295,0,0
oInvCollPH,1248,288,001C8F20,0,1,1,4294967295,0,0
oInvCollPH,1264,288,001C5516,0,1,1,4294967295,0,0
oInvCollPH,1264,304,001F4A01,0,1,1,4294967295,0,0
oInvCollPH,1264,320,003B31FA,0,1,1,4294967295,0,0
oInvCollPH,1264,336,0032ECCA,0,1,1,4294967295,0,0
oInvCollPH,2112,144,001368A7,0,1,1,4294967295,0,0
oInvCollPH,2096,160,00075077,0,1,1,4294967295,0,0
oInvCollPH,2112,160,000EDA90,0,1,1,4294967295,0,0
oInvCollPH,2048,304,00042F13,0,1,1,4294967295,0,0
oInvCollPH,2048,320,0020BCC2,0,1,1,4294967295,0,0
oInvCollPH,2048,336,00224294,0,1,1,4294967295,0,0
oInvCollPH,2064,288,0004C4ED,0,1,1,4294967295,0,0
oInvCollPH,2080,288,000C4AA4,0,1,1,4294967295,0,0
oInvCollPH,2096,288,00246DEE,0,1,1,4294967295,0,0
oInvCollPH,2112,288,0014D6FC,0,1,1,4294967295,0,0
oInvCollPH,2128,288,0019C7C9,0,1,1,4294967295,0,0
oInvCollPH,2144,288,003BEDA3,0,1,1,4294967295,0,0
oInvCollPH,2160,288,0004875F,0,1,1,4294967295,0,0
oInvCollPH,1728,304,000A2280,0,1,1,4294967295,0,0
oInvCollPH,1728,320,0030C67C,0,1,1,4294967295,0,0
oInvCollPH,1728,336,0030791E,0,1,1,4294967295,0,0
oInvCollPH,1744,288,00303C50,0,1,1,4294967295,0,0
oInvCollPH,1760,288,001C323E,0,1,1,4294967295,0,0
oInvCollPH,1776,288,002D1D74,0,1,1,4294967295,0,0
oInvCollPH,1792,288,0034AA4A,0,1,1,4294967295,0,0
oInvCollPH,1808,288,0007D7EC,0,1,1,4294967295,0,0
oInvCollPH,1824,288,00004138,0,1,1,4294967295,0,0
oInvCollPH,1840,288,001DB13D,0,1,1,4294967295,0,0
oInvCollPH,1856,288,0011A3A2,0,1,1,4294967295,0,0
oInvCollPH,1872,288,00271233,0,1,1,4294967295,0,0
oInvCollPH,1888,288,000ABD49,0,1,1,4294967295,0,0
oInvCollPH,1904,288,00173369,0,1,1,4294967295,0,0
oInvCollPH,1920,288,001036D7,0,1,1,4294967295,0,0
oInvCollPH,1936,288,000F4C57,0,1,1,4294967295,0,0
oInvCollPH,1952,288,002A5726,0,1,1,4294967295,0,0
oInvCollPH,1968,288,002D19BC,0,1,1,4294967295,0,0
oInvCollPH,1968,304,0010DD0B,0,1,1,4294967295,0,0
oInvCollPH,1968,320,00129B58,0,1,1,4294967295,0,0
oInvCollPH,1968,336,0010B2BE,0,1,1,4294967295,0,0
oInvCollPH,1952,128,0007B70C,0,1,1,4294967295,0,0
oInvCollPH,1968,128,0039435E,0,1,1,4294967295,0,0
oInvCollPH,1968,112,001E6601,0,1,1,4294967295,0,0
oInvCollPH,2128,64,000B2BFB,0,1,1,4294967295,0,0
oInvCollPH,2128,80,0028C434,0,1,1,4294967295,0,0
oInvCollPH,2128,96,003F1BDC,0,1,1,4294967295,0,0
oInvCollPH,2128,112,0021DE2A,0,1,1,4294967295,0,0
oInvCollPH,2128,128,001BF845,0,1,1,4294967295,0,0
oInvCollPH,2128,176,003829B6,0,1,1,4294967295,0,0
oInvCollPH,2128,192,002E65A2,0,1,1,4294967295,0,0
oInvCollPH,2128,208,00151FAC,0,1,1,4294967295,0,0
oInvCollPH,2144,208,0039E09A,0,1,1,4294967295,0,0
oInvCollPH,2160,208,000E67D2,0,1,1,4294967295,0,0
oInvCollPH,1888,128,001347C8,0,1,1,4294967295,0,0
oInvCollPH,1888,144,00389E21,0,1,1,4294967295,0,0
oInvCollPH,1888,160,0027D775,0,1,1,4294967295,0,0
oInvCollPH,1888,176,0037F813,0,1,1,4294967295,0,0
oInvCollPH,1888,192,000427A3,0,1,1,4294967295,0,0
oInvCollPH,1888,208,00325EF6,0,1,1,4294967295,0,0
oInvCollPH,1888,224,0028D469,0,1,1,4294967295,0,0
oInvCollPH,1904,112,003EC333,0,1,1,4294967295,0,0
oInvCollPH,1920,112,00167749,0,1,1,4294967295,0,0
oInvCollPH,1936,112,0003520E,0,1,1,4294967295,0,0
oInvCollPH,1904,224,00203DC3,0,1,1,4294967295,0,0
oInvCollPH,1920,224,001EAF9F,0,1,1,4294967295,0,0
oInvCollPH,1936,224,001912E8,0,1,1,4294967295,0,0
oInvCollPH,1936,208,0018BC2B,0,1,1,4294967295,0,0
oInvCollPH,1936,192,00051C06,0,1,1,4294967295,0,0
oInvCollPH,1936,176,000EE367,0,1,1,4294967295,0,0
oInvCollPH,1936,160,00003429,0,1,1,4294967295,0,0
oInvCollPH,1936,144,00103D8F,0,1,1,4294967295,0,0
oInvCollPH,1792,80,00195A8A,0,1,1,4294967295,0,0
oInvCollPH,1792,96,002066A9,0,1,1,4294967295,0,0
oInvCollPH,1792,112,003D1EF8,0,1,1,4294967295,0,0
oInvCollPH,1792,128,0019D3C7,0,1,1,4294967295,0,0
oInvCollPH,1792,144,00274188,0,1,1,4294967295,0,0
oInvCollPH,1792,160,00017EEF,0,1,1,4294967295,0,0
oInvCollPH,1792,176,000A5681,0,1,1,4294967295,0,0
oInvCollPH,1792,192,00297A82,0,1,1,4294967295,0,0
oInvCollPH,1808,192,001AC417,0,1,1,4294967295,0,0
oInvCollPH,1824,192,000604F8,0,1,1,4294967295,0,0
oInvCollPH,1840,192,000E78D1,0,1,1,4294967295,0,0
oInvCollPH,1840,176,0002CF90,0,1,1,4294967295,0,0
oInvCollPH,1840,160,00178BC0,0,1,1,4294967295,0,0
oInvCollPH,1840,144,001FFDFE,0,1,1,4294967295,0,0
oInvCollPH,1840,128,003694D2,0,1,1,4294967295,0,0
oInvCollPH,1840,112,0035D3C1,0,1,1,4294967295,0,0
oInvCollPH,1840,96,003EFAD2,0,1,1,4294967295,0,0
oInvCollPH,1840,80,000B1B32,0,1,1,4294967295,0,0
oInvCollPH,1840,64,000B1402,0,1,1,4294967295,0,0
oInvCollPH,1888,16,002F795C,0,1,1,4294967295,0,0
oInvCollPH,1888,32,002928CC,0,1,1,4294967295,0,0
oInvCollPH,1904,32,0039A0F1,0,1,1,4294967295,0,0
oInvCollPH,1920,32,00089608,0,1,1,4294967295,0,0
oInvCollPH,1936,32,001C85A6,0,1,1,4294967295,0,0
oInvCollPH,1952,32,00262BB3,0,1,1,4294967295,0,0
oInvCollPH,1968,32,001DECC6,0,1,1,4294967295,0,0
oInvCollPH,1984,32,00136172,0,1,1,4294967295,0,0
oInvCollPH,2000,32,001E8571,0,1,1,4294967295,0,0
oInvCollPH,2016,32,002612C3,0,1,1,4294967295,0,0
oInvCollPH,2032,32,00068756,0,1,1,4294967295,0,0
oInvCollPH,2048,32,00363387,0,1,1,4294967295,0,0
oInvCollPH,2064,32,002D9264,0,1,1,4294967295,0,0
oInvCollPH,2080,32,003EFEFD,0,1,1,4294967295,0,0
oInvCollPH,2096,32,0004793E,0,1,1,4294967295,0,0
oInvCollPH,2112,32,00237DE3,0,1,1,4294967295,0,0
oInvCollPH,576,48,000D3DA0,0,1,1,4294967295,0,0
oInvCollPH,592,48,00114855,0,1,1,4294967295,0,0
oInvCollPH,608,48,002FB664,0,1,1,4294967295,0,0
oInvCollPH,624,48,0006EB24,0,1,1,4294967295,0,0
oInvCollPH,640,48,000C6CBB,0,1,1,4294967295,0,0
oInvCollPH,656,48,00202110,0,1,1,4294967295,0,0
oInvCollPH,672,48,00263D3A,0,1,1,4294967295,0,0
oInvCollPH,688,48,003F7BF7,0,1,1,4294967295,0,0
oInvCollPH,704,48,001463FF,0,1,1,4294967295,0,0
oInvCollPH,720,48,0037A3D1,0,1,1,4294967295,0,0
oInvCollPH,736,48,002D6CBC,0,1,1,4294967295,0,0
oInvCollPH,752,48,00217409,0,1,1,4294967295,0,0
oInvCollPH,832,48,0039859E,0,1,1,4294967295,0,0
oInvCollPH,848,48,00379699,0,1,1,4294967295,0,0
oInvCollPH,864,48,00135916,0,1,1,4294967295,0,0
oInvCollPH,880,48,0009F126,0,1,1,4294967295,0,0
oInvCollPH,960,48,002F2795,0,1,1,4294967295,0,0
oInvCollPH,976,48,000AD49C,0,1,1,4294967295,0,0
oInvCollPH,992,48,000EF14C,0,1,1,4294967295,0,0
oInvCollPH,1008,48,000C1896,0,1,1,4294967295,0,0
oInvCollPH,1088,48,0015D5A3,0,1,1,4294967295,0,0
oInvCollPH,1104,48,000B8E6F,0,1,1,4294967295,0,0
oInvCollPH,1120,48,000892FD,0,1,1,4294967295,0,0
oInvCollPH,1136,48,0027ADFE,0,1,1,4294967295,0,0
oInvCollPH,1152,48,0027C030,0,1,1,4294967295,0,0
oInvCollPH,1072,64,0032F608,0,1,1,4294967295,0,0
oInvCollPH,1168,48,00041E47,0,1,1,4294967295,0,0
oInvCollPH,1184,48,001C6099,0,1,1,4294967295,0,0
oInvCollPH,1200,48,0033DF61,0,1,1,4294967295,0,0
oInvCollPH,1216,48,00093BEA,0,1,1,4294967295,0,0
oInvCollPH,1232,48,000D2AB2,0,1,1,4294967295,0,0
oInvCollPH,1248,48,003423E9,0,1,1,4294967295,0,0
oInvCollPH,1264,48,0029E228,0,1,1,4294967295,0,0
oInvCollPH,1280,48,002BE16C,0,1,1,4294967295,0,0
oInvCollPH,1296,48,0009EFE9,0,1,1,4294967295,0,0
oInvCollPH,1312,48,000D5D2A,0,1,1,4294967295,0,0
oInvCollPH,1328,48,002FE97B,0,1,1,4294967295,0,0
oInvCollPH,1344,48,000359C8,0,1,1,4294967295,0,0
oInvCollPH,1360,48,00108FD5,0,1,1,4294967295,0,0
oInvCollPH,1376,48,00313F86,0,1,1,4294967295,0,0
oInvCollPH,1392,48,0024EF4B,0,1,1,4294967295,0,0
oInvCollPH,1408,48,00206C44,0,1,1,4294967295,0,0
oInvCollPH,1424,48,00288BDF,0,1,1,4294967295,0,0
oInvCollPH,1440,48,000628DD,0,1,1,4294967295,0,0
oInvCollPH,1456,48,000478AA,0,1,1,4294967295,0,0
oInvCollPH,1472,48,0036418D,0,1,1,4294967295,0,0
oInvCollPH,1488,48,003436CC,0,1,1,4294967295,0,0
oInvCollPH,1504,48,000DD92A,0,1,1,4294967295,0,0
oInvCollPH,1520,48,002D77E0,0,1,1,4294967295,0,0
oInvCollPH,1536,48,00084C09,0,1,1,4294967295,0,0
oInvCollPH,1552,48,000D2F77,0,1,1,4294967295,0,0
oInvCollPH,1568,48,001D3CB9,0,1,1,4294967295,0,0
oInvCollPH,1584,48,001DC578,0,1,1,4294967295,0,0
oInvCollPH,1600,48,002789EC,0,1,1,4294967295,0,0
oInvCollPH,1616,48,002F4A76,0,1,1,4294967295,0,0
oInvCollPH,1632,48,001C18ED,0,1,1,4294967295,0,0
oInvCollPH,1648,48,000A1A41,0,1,1,4294967295,0,0
oInvCollPH,1664,48,002B88C9,0,1,1,4294967295,0,0
oInvCollPH,1680,48,0019BE73,0,1,1,4294967295,0,0
oInvCollPH,1696,48,0020115D,0,1,1,4294967295,0,0
oInvCollPH,1712,48,003FE1E7,0,1,1,4294967295,0,0
oInvCollPH,1728,48,002C9A5E,0,1,1,4294967295,0,0
oInvCollPH,1744,48,0027FE86,0,1,1,4294967295,0,0
oInvCollPH,1760,48,000A310C,0,1,1,4294967295,0,0
oInvCollPH,1776,48,0015DF4D,0,1,1,4294967295,0,0
oInvCollPH,1840,48,00082240,0,1,1,4294967295,0,0
oInvCollPH,1840,32,0025BF48,0,1,1,4294967295,0,0
oInvCollPH,1840,16,001F9BAA,0,1,1,4294967295,0,0
oInvCollPH,1840,0,0002A3A3,0,1,1,4294967295,0,0
oInvCollConvey,656,224,00120AC5,0,1,1,4294967295,0,0
oInvCollConvey,672,224,003F6DFF,0,1,1,4294967295,0,0
oInvCollConvey,688,224,0021A1F8,0,1,1,4294967295,0,0
oInvCollConvey,704,224,00346FC0,0,1,1,4294967295,0,0
oInvCollConvey,720,224,001EF1D9,0,1,1,4294967295,0,0
oInvCollConvey,736,224,00358762,0,1,1,4294967295,0,0
oInvCollConvey,752,224,003FF6DD,0,1,1,4294967295,0,0
oInvCollConvey,768,224,00227BAD,0,1,1,4294967295,0,0
oInvCollConvey,784,224,0029B09D,0,1,1,4294967295,0,0
oInvCollConvey,880,272,00116C41,0,1,1,4294967295,0,0
oInvCollConvey,896,272,0007B5FF,0,1,1,4294967295,0,0
oInvCollConvey,912,272,001BC665,0,1,1,4294967295,0,0
oInvCollConvey,928,272,002081AD,0,1,1,4294967295,0,0
oInvCollConvey,944,272,00243B40,0,1,1,4294967295,0,0
oInvCollConvey,960,272,000B83BF,0,1,1,4294967295,0,0
oInvCollConvey,976,272,00213118,0,1,1,4294967295,0,0
oInvCollConvey,992,272,003A4F48,0,1,1,4294967295,0,0
oInvCollConvey,1008,272,002A8625,0,1,1,4294967295,0,0
oInvCollConvey,1104,176,0004CE51,0,1,1,4294967295,0,0
oInvCollConvey,1120,176,0032880E,0,1,1,4294967295,0,0
oInvCollConvey,1136,176,0001206B,0,1,1,4294967295,0,0
oInvCollConvey,1152,176,00029824,0,1,1,4294967295,0,0
oInvCollConvey,1168,176,000C9189,0,1,1,4294967295,0,0
oInvisibleSolid,0,112,003F74E1,0,1,1,4294967295,0,1
oInvisibleSolid,0,0,00151ED4,0,1,1,4294967295,0,1
oInvisibleSolid,128,304,002E51B0,0,1,1,4294967295,0,1
oInvisibleSolid,0,288,000D2F51,0,1,1,4294967295,0,1
oInvisibleSolid,208,112,003FECBE,0,1,1,4294967295,0,1
oInvisibleSolid,448,288,002FFECB,0,1,1,4294967295,0,1
oInvisibleSolid,576,0,002968AC,0,1,1,4294967295,0,1
oInvisibleSolid,768,64,00276747,0,1,1,4294967295,0,1
oInvisibleSolid,896,64,0006A08F,0,1,1,4294967295,0,1
oInvisibleSolid,1024,64,000F3358,0,1,1,4294967295,0,1
oInvisibleSolid,1088,288,00355455,0,1,1,4294967295,0,1
oInvisibleSolid,1344,288,000F37CE,0,1,1,4294967295,0,1
oInvisibleSolid,1472,288,0031FCC5,0,1,1,4294967295,0,1
oInvisibleSolid,1792,64,00307F8C,0,1,1,4294967295,0,1
oInvisibleSolid,1888,112,003ECD36,0,1,1,4294967295,0,1
oInvisibleSolid,1952,112,003AD6F2,0,1,1,4294967295,0,1
oInvisibleSolid,1888,0,002A2F22,0,1,1,4294967295,0,1
oInvisibleSolid,2128,48,001D5E97,0,1,1,4294967295,0,1
oInvisibleSolid,2096,144,001C9E34,0,1,1,4294967295,0,1
oInvisibleSolid,1728,288,00055508,0,1,1,4294967295,0,1
oInvisibleSolid,2048,288,00370D26,0,1,1,4294967295,0,1
