oExit,0,272,000AF0F4,0,1,1,4294967295,0,1
oExit,1904,272,003FAA8C,0,1,1,4294967295,0,1
oExit,952,320,003EF4F8,0,1,1,4294967295,0,1
oExit,960,160,0004C66D,0,1,1,4294967295,0,1
oSignPost,896,304,0006BBAB,0,1,1,4294967295,0,1
oZeldaBreakPot,640,288,001462EB,0,1,1,4294967295,0,0
oZeldaBreakPot,1264,288,00150B7B,0,1,1,4294967295,0,0
oWeaponLevelUpgrade,208,160,00271934,0,1,1,4294967295,0,1
oWeaponLevelUpgrade,1696,160,0036DAFF,0,1,1,4294967295,0,1
oUseElevator,960,304,00400BC6,0,1,1,4294967295,0,1
oDoomknocker,480,304,00074C41,0,1,1,4294967295,0,0
oDoomknocker,1440,304,0002856D,0,1,1,4294967295,0,0
oMyu,928,224,00109FDD,0,1,1,4294967295,0,0
oMyu,992,224,00014363,0,1,1,4294967295,0,0
oPlayer1,48,304,003C7C47,0,1,1,4294967295,0,0
oInvCollPH,0,128,001716A1,0,1,1,4294967295,0,0
oInvCollPH,16,128,003A9FB4,0,1,1,4294967295,0,0
oInvCollPH,32,128,00103D74,0,1,1,4294967295,0,0
oInvCollPH,48,128,001B7C17,0,1,1,4294967295,0,0
oInvCollPH,64,128,00370E57,0,1,1,4294967295,0,0
oInvCollPH,80,128,0000038D,0,1,1,4294967295,0,0
oInvCollPH,96,128,0006A168,0,1,1,4294967295,0,0
oInvCollPH,112,128,002F3278,0,1,1,4294967295,0,0
oInvCollPH,112,112,002CA7F2,0,1,1,4294967295,0,0
oInvCollPH,128,96,0038FD4B,0,1,1,4294967295,0,0
oInvCollPH,144,96,0037ABF6,0,1,1,4294967295,0,0
oInvCollPH,160,96,001EA7A0,0,1,1,4294967295,0,0
oInvCollPH,176,96,001A5F13,0,1,1,4294967295,0,0
oInvCollPH,192,96,0012775C,0,1,1,4294967295,0,0
oInvCollPH,208,96,0002B323,0,1,1,4294967295,0,0
oInvCollPH,224,96,00209295,0,1,1,4294967295,0,0
oInvCollPH,240,96,00304753,0,1,1,4294967295,0,0
oInvCollPH,256,96,0009BF65,0,1,1,4294967295,0,0
oInvCollPH,272,96,000B52EA,0,1,1,4294967295,0,0
oInvCollPH,288,160,0012D4D7,0,1,1,4294967295,0,0
oInvCollPH,288,176,0021ED3A,0,1,1,4294967295,0,0
oInvCollPH,288,192,0026F36B,0,1,1,4294967295,0,0
oInvCollPH,288,208,0000F63E,0,1,1,4294967295,0,0
oInvCollPH,288,224,00395E4B,0,1,1,4294967295,0,0
oInvCollPH,304,224,0019B0A4,0,1,1,4294967295,0,0
oInvCollPH,304,208,0024A506,0,1,1,4294967295,0,0
oInvCollPH,304,192,0001B5D4,0,1,1,4294967295,0,0
oInvCollPH,304,176,002F9E77,0,1,1,4294967295,0,0
oInvCollPH,304,160,003148AB,0,1,1,4294967295,0,0
oInvCollPH,304,144,003A421F,0,1,1,4294967295,0,0
oInvCollPH,160,192,002578C6,0,1,1,4294967295,0,0
oInvCollPH,160,208,003020E6,0,1,1,4294967295,0,0
oInvCollPH,160,224,000C3D69,0,1,1,4294967295,0,0
oInvCollPH,176,176,000D7E27,0,1,1,4294967295,0,0
oInvCollPH,192,176,0016742A,0,1,1,4294967295,0,0
oInvCollPH,208,176,001C372F,0,1,1,4294967295,0,0
oInvCollPH,224,176,0000EE3E,0,1,1,4294967295,0,0
oInvCollPH,240,176,00269848,0,1,1,4294967295,0,0
oInvCollPH,240,192,002BA91A,0,1,1,4294967295,0,0
oInvCollPH,240,208,0006E2E3,0,1,1,4294967295,0,0
oInvCollPH,240,224,0006EB9B,0,1,1,4294967295,0,0
oInvCollPH,144,240,0007F1B1,0,1,1,4294967295,0,0
oInvCollPH,128,256,0003E999,0,1,1,4294967295,0,0
oInvCollPH,128,272,000F8AF6,0,1,1,4294967295,0,0
oInvCollPH,128,288,0039E40B,0,1,1,4294967295,0,0
oInvCollPH,240,256,002808DF,0,1,1,4294967295,0,0
oInvCollPH,240,272,003AA2B0,0,1,1,4294967295,0,0
oInvCollPH,240,288,002C2EC0,0,1,1,4294967295,0,0
oInvCollPH,240,240,0008E664,0,1,1,4294967295,0,0
oInvCollPH,16,304,000C336B,0,1,1,4294967295,0,0
oInvCollPH,32,304,00117412,0,1,1,4294967295,0,0
oInvCollPH,48,304,00124B37,0,1,1,4294967295,0,0
oInvCollPH,64,304,00015CA6,0,1,1,4294967295,0,0
oInvCollPH,80,304,002396C2,0,1,1,4294967295,0,0
oInvCollPH,96,304,000B9B6E,0,1,1,4294967295,0,0
oInvCollPH,112,304,003E9008,0,1,1,4294967295,0,0
oInvCollPH,256,304,002A016F,0,1,1,4294967295,0,0
oInvCollPH,272,304,000124CA,0,1,1,4294967295,0,0
oInvCollPH,288,304,0033DA66,0,1,1,4294967295,0,0
oInvCollPH,304,304,0025FA59,0,1,1,4294967295,0,0
oInvCollPH,320,304,003EBDB8,0,1,1,4294967295,0,0
oInvCollPH,336,304,0033B164,0,1,1,4294967295,0,0
oInvCollPH,352,304,0026A4EA,0,1,1,4294967295,0,0
oInvCollPH,368,304,0036BFD3,0,1,1,4294967295,0,0
oInvCollPH,384,304,00269762,0,1,1,4294967295,0,0
oInvCollPH,400,304,003AC1EE,0,1,1,4294967295,0,0
oInvCollPH,416,304,0002A069,0,1,1,4294967295,0,0
oInvCollPH,432,304,000F903E,0,1,1,4294967295,0,0
oInvCollPH,448,304,000E0994,0,1,1,4294967295,0,0
oInvCollPH,464,304,00379735,0,1,1,4294967295,0,0
oInvCollPH,480,304,003027D8,0,1,1,4294967295,0,0
oInvCollPH,496,304,00344B8B,0,1,1,4294967295,0,0
oInvCollPH,512,304,0020C15E,0,1,1,4294967295,0,0
oInvCollPH,528,304,003A9D51,0,1,1,4294967295,0,0
oInvCollPH,544,304,0002D7D9,0,1,1,4294967295,0,0
oInvCollPH,560,304,00071E25,0,1,1,4294967295,0,0
oInvCollPH,576,304,002E12A2,0,1,1,4294967295,0,0
oInvCollPH,592,304,00279396,0,1,1,4294967295,0,0
oInvCollPH,608,304,000D8A65,0,1,1,4294967295,0,0
oInvCollPH,624,304,002E1C43,0,1,1,4294967295,0,0
oInvCollPH,640,304,00141A92,0,1,1,4294967295,0,0
oInvCollPH,656,304,00377477,0,1,1,4294967295,0,0
oInvCollPH,672,304,0002AB7B,0,1,1,4294967295,0,0
oInvCollPH,688,304,0009ECBF,0,1,1,4294967295,0,0
oInvCollPH,688,320,001BA124,0,1,1,4294967295,0,0
oInvCollPH,688,336,002CF994,0,1,1,4294967295,0,0
oInvCollPH,1216,320,001CCE40,0,1,1,4294967295,0,0
oInvCollPH,1216,336,00076E21,0,1,1,4294967295,0,0
oInvCollPH,1232,304,003E952E,0,1,1,4294967295,0,0
oInvCollPH,1248,304,0025FC3F,0,1,1,4294967295,0,0
oInvCollPH,1264,304,000BCD77,0,1,1,4294967295,0,0
oInvCollPH,1280,304,001199A5,0,1,1,4294967295,0,0
oInvCollPH,1296,304,00262549,0,1,1,4294967295,0,0
oInvCollPH,1312,304,003D93C5,0,1,1,4294967295,0,0
oInvCollPH,1328,304,003EDE98,0,1,1,4294967295,0,0
oInvCollPH,1344,304,000937BA,0,1,1,4294967295,0,0
oInvCollPH,1360,304,003BDB63,0,1,1,4294967295,0,0
oInvCollPH,1376,304,00071820,0,1,1,4294967295,0,0
oInvCollPH,1392,304,002895AE,0,1,1,4294967295,0,0
oInvCollPH,1408,304,002F1574,0,1,1,4294967295,0,0
oInvCollPH,1424,304,0034B7E3,0,1,1,4294967295,0,0
oInvCollPH,1440,304,003BA7FA,0,1,1,4294967295,0,0
oInvCollPH,1456,304,00375AEE,0,1,1,4294967295,0,0
oInvCollPH,1472,304,003E5362,0,1,1,4294967295,0,0
oInvCollPH,1488,304,0016E080,0,1,1,4294967295,0,0
oInvCollPH,1504,304,003A15DB,0,1,1,4294967295,0,0
oInvCollPH,1520,304,003D3676,0,1,1,4294967295,0,0
oInvCollPH,1536,304,0008F328,0,1,1,4294967295,0,0
oInvCollPH,1552,304,0000BBCB,0,1,1,4294967295,0,0
oInvCollPH,1568,304,0019FF6E,0,1,1,4294967295,0,0
oInvCollPH,1584,304,00207855,0,1,1,4294967295,0,0
oInvCollPH,1600,304,00341871,0,1,1,4294967295,0,0
oInvCollPH,1616,304,000DFE25,0,1,1,4294967295,0,0
oInvCollPH,1632,304,0010F7DD,0,1,1,4294967295,0,0
oInvCollPH,1648,304,00354F6E,0,1,1,4294967295,0,0
oInvCollPH,1792,304,003FD5A0,0,1,1,4294967295,0,0
oInvCollPH,1808,304,000548DF,0,1,1,4294967295,0,0
oInvCollPH,1824,304,0003F372,0,1,1,4294967295,0,0
oInvCollPH,1840,304,00322201,0,1,1,4294967295,0,0
oInvCollPH,1856,304,00208354,0,1,1,4294967295,0,0
oInvCollPH,1872,304,000ABC5C,0,1,1,4294967295,0,0
oInvCollPH,1888,304,002CF76B,0,1,1,4294967295,0,0
oInvCollPH,1904,304,00054F08,0,1,1,4294967295,0,0
oInvCollPH,1664,192,0032D21C,0,1,1,4294967295,0,0
oInvCollPH,1664,208,00200466,0,1,1,4294967295,0,0
oInvCollPH,1664,224,0008EF2F,0,1,1,4294967295,0,0
oInvCollPH,1680,176,001CA0E5,0,1,1,4294967295,0,0
oInvCollPH,1696,176,002A486D,0,1,1,4294967295,0,0
oInvCollPH,1712,176,000EAAFB,0,1,1,4294967295,0,0
oInvCollPH,1728,176,0019B93B,0,1,1,4294967295,0,0
oInvCollPH,1744,176,00003227,0,1,1,4294967295,0,0
oInvCollPH,1744,192,002CBDCB,0,1,1,4294967295,0,0
oInvCollPH,1744,208,00282983,0,1,1,4294967295,0,0
oInvCollPH,1744,224,000C3D9A,0,1,1,4294967295,0,0
oInvCollPH,1664,256,00394F7E,0,1,1,4294967295,0,0
oInvCollPH,1664,272,001556F8,0,1,1,4294967295,0,0
oInvCollPH,1664,288,00139E38,0,1,1,4294967295,0,0
oInvCollPH,1760,240,0031492F,0,1,1,4294967295,0,0
oInvCollPH,1776,240,00403B6D,0,1,1,4294967295,0,0
oInvCollPH,1776,256,0031B7FC,0,1,1,4294967295,0,0
oInvCollPH,1776,272,00393C7C,0,1,1,4294967295,0,0
oInvCollPH,1776,288,00396B3B,0,1,1,4294967295,0,0
oInvCollPH,1600,160,000C4F81,0,1,1,4294967295,0,0
oInvCollPH,1600,176,0014A300,0,1,1,4294967295,0,0
oInvCollPH,1600,192,0020257C,0,1,1,4294967295,0,0
oInvCollPH,1600,208,00002EFA,0,1,1,4294967295,0,0
oInvCollPH,1600,224,0023C0E8,0,1,1,4294967295,0,0
oInvCollPH,1616,224,00324322,0,1,1,4294967295,0,0
oInvCollPH,1616,208,0030D98F,0,1,1,4294967295,0,0
oInvCollPH,1616,192,003B4607,0,1,1,4294967295,0,0
oInvCollPH,1616,176,001DF9D3,0,1,1,4294967295,0,0
oInvCollPH,1616,160,003E698A,0,1,1,4294967295,0,0
oInvCollPH,1616,144,000FAD13,0,1,1,4294967295,0,0
oInvCollPH,1632,96,003172D2,0,1,1,4294967295,0,0
oInvCollPH,1648,96,00209555,0,1,1,4294967295,0,0
oInvCollPH,1664,96,00223E6E,0,1,1,4294967295,0,0
oInvCollPH,1680,96,0021950C,0,1,1,4294967295,0,0
oInvCollPH,1696,96,0038D780,0,1,1,4294967295,0,0
oInvCollPH,1712,96,002431A6,0,1,1,4294967295,0,0
oInvCollPH,1728,96,00249D11,0,1,1,4294967295,0,0
oInvCollPH,1744,96,000F6981,0,1,1,4294967295,0,0
oInvCollPH,1760,96,0039E3F2,0,1,1,4294967295,0,0
oInvCollPH,1776,96,00279C33,0,1,1,4294967295,0,0
oInvCollPH,1792,112,003407C3,0,1,1,4294967295,0,0
oInvCollPH,1792,128,00393EA4,0,1,1,4294967295,0,0
oInvCollPH,1808,128,00146D7F,0,1,1,4294967295,0,0
oInvCollPH,1824,128,0002E282,0,1,1,4294967295,0,0
oInvCollPH,1840,128,00132879,0,1,1,4294967295,0,0
oInvCollPH,1856,128,000E169C,0,1,1,4294967295,0,0
oInvCollPH,1872,128,000BDE9E,0,1,1,4294967295,0,0
oInvCollPH,1888,128,001EB1B3,0,1,1,4294967295,0,0
oInvCollPH,1904,128,0036A73D,0,1,1,4294967295,0,0
oInvCollPH,944,208,001A87DE,0,1,1,4294967295,0,0
oInvCollPH,960,208,0030559F,0,1,1,4294967295,0,0
oInvCollPH,960,192,002FD51D,0,1,1,4294967295,0,0
oInvCollPH,896,96,0020C7FC,0,1,1,4294967295,0,0
oInvCollPH,912,96,000D20C4,0,1,1,4294967295,0,0
oInvCollPH,928,96,002E6164,0,1,1,4294967295,0,0
oInvCollPH,944,96,001941C8,0,1,1,4294967295,0,0
oInvCollPH,960,96,002CDAA8,0,1,1,4294967295,0,0
oInvCollPH,976,96,00355F99,0,1,1,4294967295,0,0
oInvCollPH,992,96,0008180C,0,1,1,4294967295,0,0
oInvCollPH,1008,96,003EE899,0,1,1,4294967295,0,0
oInvCollPH,912,240,001AD4ED,0,1,1,4294967295,0,0
oInvCollPH,928,240,000F8465,0,1,1,4294967295,0,0
oInvCollPH,944,240,00229486,0,1,1,4294967295,0,0
oInvCollPH,960,240,001224AB,0,1,1,4294967295,0,0
oInvCollPH,976,240,001D0DDB,0,1,1,4294967295,0,0
oInvCollPH,992,240,001FE95A,0,1,1,4294967295,0,0
oInvCollPH,992,224,002E3AFD,0,1,1,4294967295,0,0
oInvCollPH,976,224,000C7A41,0,1,1,4294967295,0,0
oInvCollPH,928,224,001AD5A4,0,1,1,4294967295,0,0
oInvCollPH,768,288,000FB442,0,1,1,4294967295,0,0
oInvCollPH,768,304,0020BD36,0,1,1,4294967295,0,0
oInvCollPH,768,320,00292257,0,1,1,4294967295,0,0
oInvCollPH,768,336,001520E5,0,1,1,4294967295,0,0
oInvCollPH,784,272,000F8913,0,1,1,4294967295,0,0
oInvCollPH,800,272,0036DF87,0,1,1,4294967295,0,0
oInvCollPH,816,272,003A389D,0,1,1,4294967295,0,0
oInvCollPH,832,272,000A7451,0,1,1,4294967295,0,0
oInvCollPH,848,272,00370DF4,0,1,1,4294967295,0,0
oInvCollPH,848,288,0030B187,0,1,1,4294967295,0,0
oInvCollPH,1056,288,00265F39,0,1,1,4294967295,0,0
oInvCollPH,1072,272,0025F431,0,1,1,4294967295,0,0
oInvCollPH,1088,272,001ABBD1,0,1,1,4294967295,0,0
oInvCollPH,1104,272,001DD4D5,0,1,1,4294967295,0,0
oInvCollPH,1120,272,002DFAF9,0,1,1,4294967295,0,0
oInvCollPH,1136,272,00134F76,0,1,1,4294967295,0,0
oInvCollPH,1136,288,0020B174,0,1,1,4294967295,0,0
oInvCollPH,1136,304,0019E4C1,0,1,1,4294967295,0,0
oInvCollPH,1136,320,0025D63D,0,1,1,4294967295,0,0
oInvCollPH,1136,336,0025837A,0,1,1,4294967295,0,0
oInvCollPH,880,304,00269889,0,1,1,4294967295,0,0
oInvCollPH,896,304,002D568A,0,1,1,4294967295,0,0
oInvCollPH,912,304,0028F645,0,1,1,4294967295,0,0
oInvCollPH,928,304,0006B012,0,1,1,4294967295,0,0
oInvCollPH,928,320,0024D297,0,1,1,4294967295,0,0
oInvCollPH,928,336,00158E0A,0,1,1,4294967295,0,0
oInvCollPH,976,336,000D9F36,0,1,1,4294967295,0,0
oInvCollPH,976,320,0001A215,0,1,1,4294967295,0,0
oInvCollPH,992,304,0002CF51,0,1,1,4294967295,0,0
oInvCollPH,1008,304,00085AB9,0,1,1,4294967295,0,0
oInvCollPH,1024,304,003F765C,0,1,1,4294967295,0,0
oInvCollPH,1040,304,003AE07A,0,1,1,4294967295,0,0
oInvCollPH,288,112,0025422C,0,1,1,4294967295,0,0
oInvCollPH,288,128,00133761,0,1,1,4294967295,0,0
oInvCollPH,320,128,00297C5B,0,1,1,4294967295,0,0
oInvCollPH,336,128,0006A9BF,0,1,1,4294967295,0,0
oInvCollPH,352,128,000A3C77,0,1,1,4294967295,0,0
oInvCollPH,368,128,000B7B81,0,1,1,4294967295,0,0
oInvCollPH,384,128,003596AB,0,1,1,4294967295,0,0
oInvCollPH,400,128,0019F08D,0,1,1,4294967295,0,0
oInvCollPH,416,128,001FF15F,0,1,1,4294967295,0,0
oInvCollPH,432,128,001281B1,0,1,1,4294967295,0,0
oInvCollPH,448,128,00289A3E,0,1,1,4294967295,0,0
oInvCollPH,464,128,0018FD44,0,1,1,4294967295,0,0
oInvCollPH,480,128,00058A3C,0,1,1,4294967295,0,0
oInvCollPH,496,128,003F2A25,0,1,1,4294967295,0,0
oInvCollPH,512,128,0000B28A,0,1,1,4294967295,0,0
oInvCollPH,528,128,0028581F,0,1,1,4294967295,0,0
oInvCollPH,544,128,0004A28B,0,1,1,4294967295,0,0
oInvCollPH,560,128,00106FFF,0,1,1,4294967295,0,0
oInvCollPH,576,128,00016DF4,0,1,1,4294967295,0,0
oInvCollPH,592,128,0023E421,0,1,1,4294967295,0,0
oInvCollPH,608,128,00141491,0,1,1,4294967295,0,0
oInvCollPH,624,128,001ECF9E,0,1,1,4294967295,0,0
oInvCollPH,640,128,002CB63E,0,1,1,4294967295,0,0
oInvCollPH,656,128,003B589D,0,1,1,4294967295,0,0
oInvCollPH,672,128,000F2DE7,0,1,1,4294967295,0,0
oInvCollPH,688,128,0008C8EB,0,1,1,4294967295,0,0
oInvCollPH,704,128,0038E472,0,1,1,4294967295,0,0
oInvCollPH,720,128,003C1103,0,1,1,4294967295,0,0
oInvCollPH,736,128,0017232C,0,1,1,4294967295,0,0
oInvCollPH,752,128,0035F967,0,1,1,4294967295,0,0
oInvCollPH,768,128,00231316,0,1,1,4294967295,0,0
oInvCollPH,784,128,00261E21,0,1,1,4294967295,0,0
oInvCollPH,800,128,0024ABE8,0,1,1,4294967295,0,0
oInvCollPH,816,128,000B8EAA,0,1,1,4294967295,0,0
oInvCollPH,832,128,000B3519,0,1,1,4294967295,0,0
oInvCollPH,848,128,00358B78,0,1,1,4294967295,0,0
oInvCollPH,864,128,002246D7,0,1,1,4294967295,0,0
oInvCollPH,880,128,000D695B,0,1,1,4294967295,0,0
oInvCollPH,880,112,0019C783,0,1,1,4294967295,0,0
oInvCollPH,1024,112,001A8B64,0,1,1,4294967295,0,0
oInvCollPH,1024,128,0035C2E9,0,1,1,4294967295,0,0
oInvCollPH,1040,128,002645A5,0,1,1,4294967295,0,0
oInvCollPH,1056,128,003DE6EB,0,1,1,4294967295,0,0
oInvCollPH,1072,128,002EAAEF,0,1,1,4294967295,0,0
oInvCollPH,1088,128,002EE42B,0,1,1,4294967295,0,0
oInvCollPH,1104,128,0030B6FF,0,1,1,4294967295,0,0
oInvCollPH,1120,128,00233339,0,1,1,4294967295,0,0
oInvCollPH,1136,128,003D2135,0,1,1,4294967295,0,0
oInvCollPH,1152,128,002469E2,0,1,1,4294967295,0,0
oInvCollPH,1168,128,002109E0,0,1,1,4294967295,0,0
oInvCollPH,1184,128,000F4599,0,1,1,4294967295,0,0
oInvCollPH,1200,128,000DE584,0,1,1,4294967295,0,0
oInvCollPH,1216,128,00140A78,0,1,1,4294967295,0,0
oInvCollPH,1232,128,00034483,0,1,1,4294967295,0,0
oInvCollPH,1248,128,0022EABF,0,1,1,4294967295,0,0
oInvCollPH,1264,128,002CD876,0,1,1,4294967295,0,0
oInvCollPH,1280,128,002E3F03,0,1,1,4294967295,0,0
oInvCollPH,1296,128,001091CD,0,1,1,4294967295,0,0
oInvCollPH,1312,128,00106FB2,0,1,1,4294967295,0,0
oInvCollPH,1328,128,0034F7CF,0,1,1,4294967295,0,0
oInvCollPH,1344,128,0002DE85,0,1,1,4294967295,0,0
oInvCollPH,1360,128,002E5482,0,1,1,4294967295,0,0
oInvCollPH,1376,128,0026FAF8,0,1,1,4294967295,0,0
oInvCollPH,1392,128,00009CCE,0,1,1,4294967295,0,0
oInvCollPH,1408,128,00197C57,0,1,1,4294967295,0,0
oInvCollPH,1424,128,003B7078,0,1,1,4294967295,0,0
oInvCollPH,1440,128,001DF368,0,1,1,4294967295,0,0
oInvCollPH,1456,128,0025C1C0,0,1,1,4294967295,0,0
oInvCollPH,1472,128,0005EB0B,0,1,1,4294967295,0,0
oInvCollPH,1488,128,001D9C72,0,1,1,4294967295,0,0
oInvCollPH,1504,128,00247DF5,0,1,1,4294967295,0,0
oInvCollPH,1520,128,00379B2C,0,1,1,4294967295,0,0
oInvCollPH,1536,128,0027E6AD,0,1,1,4294967295,0,0
oInvCollPH,1552,128,00124F5F,0,1,1,4294967295,0,0
oInvCollPH,1568,128,003FA831,0,1,1,4294967295,0,0
oInvCollPH,1584,128,001E7248,0,1,1,4294967295,0,0
oInvCollPH,1616,128,0005050E,0,1,1,4294967295,0,0
oInvCollPH,1616,112,0014F7D9,0,1,1,4294967295,0,0
oInvisibleSolid,944,192,00189FC6,0,1,1,4294967295,0,1
oInvisibleSolid,912,224,001BD4AD,0,1,1,4294967295,0,1
oInvisibleSolid,896,80,000B8387,0,1,1,4294967295,0,1
oInvisibleSolid,768,272,003F9AE9,0,1,1,4294967295,0,1
oInvisibleSolid,864,304,002B02A2,0,1,1,4294967295,0,1
oInvisibleSolid,976,304,0026D8B5,0,1,1,4294967295,0,1
oInvisibleSolid,1056,272,000D7C5F,0,1,1,4294967295,0,1
oInvisibleSolid,0,80,00168DF6,0,1,1,4294967295,0,1
oInvisibleSolid,128,80,000D83F2,0,1,1,4294967295,0,1
oInvisibleSolid,288,80,001D1F25,0,1,1,4294967295,0,1
oInvisibleSolid,288,144,0021D8AA,0,1,1,4294967295,0,1
oInvisibleSolid,160,176,0005F33C,0,1,1,4294967295,0,1
oInvisibleSolid,128,240,002AF70B,0,1,1,4294967295,0,1
oInvisibleSolid,0,304,0012C759,0,1,1,4294967295,0,1
oInvisibleSolid,1024,80,001E7442,0,1,1,4294967295,0,1
oInvisibleSolid,1600,144,00030B8F,0,1,1,4294967295,0,1
oInvisibleSolid,1632,80,001B9D21,0,1,1,4294967295,0,1
oInvisibleSolid,1792,80,0030634D,0,1,1,4294967295,0,1
oInvisibleSolid,1664,176,0038DC94,0,1,1,4294967295,0,1
oInvisibleSolid,1664,240,0029C6E4,0,1,1,4294967295,0,1
oInvisibleSolid,1216,304,00393FD6,0,1,1,4294967295,0,1
