oExit,0,272,0038457C,0,1,1,4294967295,0,1
oABubblePile,88,576,0005141F,0,1,1,4294967295,0,0
oExit,1392,272,003DE372,0,1,1,4294967295,0,1
oExit,1392,624,00257ABA,0,1,1,4294967295,0,1
oABubblePile,1216,640,0013746F,0,1,1,4294967295,0,0
oWaterSwitch,1072,576,001343C5,0,1,1,4294967295,0,1
oWaterFloatPlatform,288,256,0004798A,0,1,1,4294967295,0,0
oWaterFloatPlatform,192,224,00028546,0,1,1,4294967295,0,0
oWaterFloatPlatform,592,368,002E48A2,0,1,1,4294967295,0,0
oWaterFloatPlatform,720,368,002D1908,0,1,1,4294967295,0,0
oMovingPlatform,880,160,00344656,0,1,1,4294967295,0,1
oDoorKey,472,133,000E6A27,0,1,1,4294967295,0,1
oAirUpgrade,1304,112,003DAABB,0,1,1,4294967295,0,1
oZeldaBreakPot,128,144,00178C01,0,1,1,4294967295,0,0
oZeldaBreakPot,144,144,003E07BD,0,1,1,4294967295,0,0
oZeldaBreakPot,888,640,00240044,0,1,1,4294967295,0,0
oSmallJumper,256,320,002D61E0,0,1,1,4294967295,0,0
oSmallJumper,464,640,001688F0,0,1,1,4294967295,0,0
oLargeJumper,260,536,002D693E,0,1,1,4294967295,0,0
oLargeJumper,340,424,000C8EFC,0,1,1,4294967295,0,0
oOctorok,528,640,002A5222,0,1,1,4294967295,0,0
oOctorok,672,624,002B1708,0,1,1,4294967295,0,0
oAquaticDemon,560,544,001F6575,0,1,1,4294967295,0,0
oAquaticDemon,768,496,003F8AFF,0,1,1,4294967295,0,0
oAquaticDemon,992,272,0038895C,0,1,1,4294967295,0,0
oAquaticDemon,528,160,000FE39A,0,1,1,4294967295,0,0
oCyclopsBat,448,416,002CF95C,0,1,1,4294967295,0,0
oCyclopsBat,1136,576,002299B0,0,1,1,4294967295,0,0
oSkullFish,688,256,0018F4D8,0,1,1,4294967295,0,0
oSkullFish,112,512,00034256,0,1,1,4294967295,0,0
oPlayer1,48,304,00145E83,0,1,1,4294967295,0,0
oSpikeZone,1024,272,0007D132,0,1,1,4294967295,0,0
oSpikeZone,1040,272,00126483,0,1,1,4294967295,0,0
oSpikeZone,1056,272,003B4044,0,1,1,4294967295,0,0
oSpikeZone,1072,272,003D98A4,0,1,1,4294967295,0,0
oSpikeZone,1088,272,0029AD64,0,1,1,4294967295,0,0
oSpikeZone,1104,272,003E35E9,0,1,1,4294967295,0,0
oSpikeZone,976,144,00341CC2,0,1,1,4294967295,0,0
oSpikeZone,976,160,0000C40F,0,1,1,4294967295,0,0
oSpikeZone,992,176,003FBF36,0,1,1,4294967295,0,0
oSpikeZone,1008,176,000D8E4D,0,1,1,4294967295,0,0
oSpikeZone,1024,160,001AACB0,0,1,1,4294967295,0,0
oSpikeZone,1024,144,0030F687,0,1,1,4294967295,0,0
oSpikeZone,1008,128,001389AB,0,1,1,4294967295,0,0
oSpikeZone,992,128,000C64A9,0,1,1,4294967295,0,0
oSpikeZone,1104,144,001CF5CF,0,1,1,4294967295,0,0
oSpikeZone,1104,160,002BD324,0,1,1,4294967295,0,0
oSpikeZone,1120,176,000B63BB,0,1,1,4294967295,0,0
oSpikeZone,1136,176,002F001D,0,1,1,4294967295,0,0
oSpikeZone,1152,160,0002AA54,0,1,1,4294967295,0,0
oSpikeZone,1152,144,0014B24E,0,1,1,4294967295,0,0
oSpikeZone,1136,128,0030B8CF,0,1,1,4294967295,0,0
oSpikeZone,1120,128,0012F368,0,1,1,4294967295,0,0
oSpikeZone,944,48,003DD800,0,1,1,4294967295,0,0
oSpikeZone,960,48,001D5045,0,1,1,4294967295,0,0
oSpikeZone,976,32,000B46C0,0,1,1,4294967295,0,0
oSpikeZone,992,32,0025681B,0,1,1,4294967295,0,0
oSpikeZone,1008,32,002E06FC,0,1,1,4294967295,0,0
oSpikeZone,1024,32,001AA0A3,0,1,1,4294967295,0,0
oSpikeZone,1040,48,00395C21,0,1,1,4294967295,0,0
oSpikeZone,1056,48,002DD147,0,1,1,4294967295,0,0
oSpikeZone,1072,48,002C2121,0,1,1,4294967295,0,0
oSpikeZone,1088,48,0031AA1E,0,1,1,4294967295,0,0
oSpikeZone,1104,32,0035E39F,0,1,1,4294967295,0,0
oSpikeZone,1120,32,00156CFF,0,1,1,4294967295,0,0
oSpikeZone,1136,32,00362571,0,1,1,4294967295,0,0
oSpikeZone,1152,32,0034BBFC,0,1,1,4294967295,0,0
oSpikeZone,1168,48,001BF294,0,1,1,4294967295,0,0
oSpikeZone,1184,48,000B5F97,0,1,1,4294967295,0,0
oSpikeZone,368,384,002F2E82,0,1,1,4294967295,0,0
oSpikeZone,368,432,001EB28D,0,1,1,4294967295,0,0
oSpikeZone,1184,336,0037F472,0,1,1,4294967295,0,0
oSpikeZone,1200,336,0038A1D5,0,1,1,4294967295,0,0
oSpikeZone,1216,336,00311C8D,0,1,1,4294967295,0,0
oSpikeZone,1232,336,002596EE,0,1,1,4294967295,0,0
oWaterVolume,0,368,000F4CC2,0,1,1,4294967295,0,1
oInvCollPH,16,304,0006C558,0,1,1,4294967295,0,0
oInvCollPH,32,304,003E1CF0,0,1,1,4294967295,0,0
oInvCollPH,48,304,002F5EC2,0,1,1,4294967295,0,0
oInvCollPH,64,304,001909A1,0,1,1,4294967295,0,0
oInvCollPH,80,304,001000CF,0,1,1,4294967295,0,0
oInvCollPH,96,304,003208D8,0,1,1,4294967295,0,0
oInvCollPH,112,304,0005507A,0,1,1,4294967295,0,0
oInvCollPH,128,304,0027F60C,0,1,1,4294967295,0,0
oInvCollPH,144,304,00141B9C,0,1,1,4294967295,0,0
oInvCollPH,160,304,0022CFCB,0,1,1,4294967295,0,0
oInvCollPH,176,304,0030F4C3,0,1,1,4294967295,0,0
oInvCollPH,176,320,00234EDB,0,1,1,4294967295,0,0
oInvCollPH,176,336,002D494D,0,1,1,4294967295,0,0
oInvCollPH,176,352,002DCE27,0,1,1,4294967295,0,0
oInvCollPH,176,368,0039EB7A,0,1,1,4294967295,0,0
oInvCollPH,176,384,0031E9E6,0,1,1,4294967295,0,0
oInvCollPH,176,400,000216C1,0,1,1,4294967295,0,0
oInvCollPH,176,416,00016816,0,1,1,4294967295,0,0
oInvCollPH,144,208,0016214C,0,1,1,4294967295,0,0
oInvCollPH,160,208,000E7D7E,0,1,1,4294967295,0,0
oInvCollPH,176,208,000BF961,0,1,1,4294967295,0,0
oInvCollPH,192,208,00040189,0,1,1,4294967295,0,0
oInvCollPH,192,192,0022323D,0,1,1,4294967295,0,0
oInvCollPH,176,192,000EDD01,0,1,1,4294967295,0,0
oInvCollPH,112,192,00100DC3,0,1,1,4294967295,0,0
oInvCollPH,128,192,0002C51D,0,1,1,4294967295,0,0
oInvCollPH,128,160,000D70DE,0,1,1,4294967295,0,0
oInvCollPH,144,160,003110F4,0,1,1,4294967295,0,0
oInvCollPH,160,160,0002D8AC,0,1,1,4294967295,0,0
oInvCollPH,160,176,002C8AF0,0,1,1,4294967295,0,0
oInvCollPH,0,224,00387847,0,1,1,4294967295,0,0
oInvCollPH,16,224,00188AE6,0,1,1,4294967295,0,0
oInvCollPH,32,224,001669D3,0,1,1,4294967295,0,0
oInvCollPH,48,224,00232D72,0,1,1,4294967295,0,0
oInvCollPH,64,224,000B2C00,0,1,1,4294967295,0,0
oInvCollPH,64,208,0032B2B1,0,1,1,4294967295,0,0
oInvCollPH,160,48,0005F5B3,0,1,1,4294967295,0,0
oInvCollPH,160,64,0006A246,0,1,1,4294967295,0,0
oInvCollPH,160,80,0024D3A6,0,1,1,4294967295,0,0
oInvCollPH,144,80,000559F9,0,1,1,4294967295,0,0
oInvCollPH,128,80,000492C7,0,1,1,4294967295,0,0
oInvCollPH,112,80,00252035,0,1,1,4294967295,0,0
oInvCollPH,240,352,0007FD1D,0,1,1,4294967295,0,0
oInvCollPH,240,368,00052FD6,0,1,1,4294967295,0,0
oInvCollPH,240,384,003EAF71,0,1,1,4294967295,0,0
oInvCollPH,256,384,00102824,0,1,1,4294967295,0,0
oInvCollPH,272,384,0006ECBF,0,1,1,4294967295,0,0
oInvCollPH,272,368,0013891C,0,1,1,4294967295,0,0
oInvCollPH,272,352,0032AA41,0,1,1,4294967295,0,0
oInvCollPH,272,336,0028DE16,0,1,1,4294967295,0,0
oInvCollPH,256,336,003388EE,0,1,1,4294967295,0,0
oInvCollPH,96,96,00209C47,0,1,1,4294967295,0,0
oInvCollPH,96,112,0036272D,0,1,1,4294967295,0,0
oInvCollPH,96,128,003CABE2,0,1,1,4294967295,0,0
oInvCollPH,96,144,00321293,0,1,1,4294967295,0,0
oInvCollPH,96,192,00362457,0,1,1,4294967295,0,0
oInvCollPH,80,192,0005676B,0,1,1,4294967295,0,0
oInvCollPH,336,192,0026B438,0,1,1,4294967295,0,0
oInvCollPH,352,192,0019DABA,0,1,1,4294967295,0,0
oInvCollPH,368,192,00018461,0,1,1,4294967295,0,0
oInvCollPH,320,208,00160636,0,1,1,4294967295,0,0
oInvCollPH,320,224,00328FC7,0,1,1,4294967295,0,0
oInvCollPH,320,240,001C6A7D,0,1,1,4294967295,0,0
oInvCollPH,336,240,0006D4FE,0,1,1,4294967295,0,0
oInvCollPH,352,240,0029F4BB,0,1,1,4294967295,0,0
oInvCollPH,368,240,000DFEC3,0,1,1,4294967295,0,0
oInvCollPH,384,240,003F8FFF,0,1,1,4294967295,0,0
oInvCollPH,400,240,002F0ED7,0,1,1,4294967295,0,0
oInvCollPH,400,224,003B6435,0,1,1,4294967295,0,0
oInvCollPH,752,160,002CE4EA,0,1,1,4294967295,0,0
oInvCollPH,768,160,0005270F,0,1,1,4294967295,0,0
oInvCollPH,784,160,003D6482,0,1,1,4294967295,0,0
oInvCollPH,800,160,00209212,0,1,1,4294967295,0,0
oInvCollPH,816,160,000853D0,0,1,1,4294967295,0,0
oInvCollPH,832,160,002E0B0B,0,1,1,4294967295,0,0
oInvCollPH,832,144,0000604F,0,1,1,4294967295,0,0
oInvCollPH,816,144,001CECDA,0,1,1,4294967295,0,0
oInvCollPH,800,144,003F799B,0,1,1,4294967295,0,0
oInvCollPH,784,144,000BE4A2,0,1,1,4294967295,0,0
oInvCollPH,768,144,0026C8AF,0,1,1,4294967295,0,0
oInvCollPH,608,128,00200FE9,0,1,1,4294967295,0,0
oInvCollPH,608,144,001FFF94,0,1,1,4294967295,0,0
oInvCollPH,608,160,0037CB79,0,1,1,4294967295,0,0
oInvCollPH,608,176,002B5594,0,1,1,4294967295,0,0
oInvCollPH,592,176,00083080,0,1,1,4294967295,0,0
oInvCollPH,992,160,003F9F77,0,1,1,4294967295,0,0
oInvCollPH,1008,160,003D1732,0,1,1,4294967295,0,0
oInvCollPH,1008,144,0025CE2B,0,1,1,4294967295,0,0
oInvCollPH,1120,160,000A04AC,0,1,1,4294967295,0,0
oInvCollPH,1136,160,000AA8DC,0,1,1,4294967295,0,0
oInvCollPH,1136,144,002D5CF4,0,1,1,4294967295,0,0
oInvCollPH,1280,144,001160CA,0,1,1,4294967295,0,0
oInvCollPH,1296,144,002FF69E,0,1,1,4294967295,0,0
oInvCollPH,1312,144,00116189,0,1,1,4294967295,0,0
oInvCollPH,1328,144,0011DB69,0,1,1,4294967295,0,0
oInvCollPH,1328,128,00334C73,0,1,1,4294967295,0,0
oInvCollPH,1312,128,00350E4D,0,1,1,4294967295,0,0
oInvCollPH,1296,128,00193CA1,0,1,1,4294967295,0,0
oInvCollPH,1344,48,00087611,0,1,1,4294967295,0,0
oInvCollPH,1344,64,001604E4,0,1,1,4294967295,0,0
oInvCollPH,1344,80,000EEE5F,0,1,1,4294967295,0,0
oInvCollPH,1344,96,0018E2B6,0,1,1,4294967295,0,0
oInvCollPH,1344,112,00263F67,0,1,1,4294967295,0,0
oInvCollPH,1344,160,0024541C,0,1,1,4294967295,0,0
oInvCollPH,1344,176,0008A509,0,1,1,4294967295,0,0
oInvCollPH,1344,192,00097CB9,0,1,1,4294967295,0,0
oInvCollPH,1344,208,000A7A54,0,1,1,4294967295,0,0
oInvCollPH,1344,224,00352240,0,1,1,4294967295,0,0
oInvCollPH,1360,224,0020FAC4,0,1,1,4294967295,0,0
oInvCollPH,1376,224,000DEEB0,0,1,1,4294967295,0,0
oInvCollPH,1392,224,001F4AD1,0,1,1,4294967295,0,0
oInvCollPH,464,144,0034A948,0,1,1,4294967295,0,0
oInvCollPH,480,144,0030F036,0,1,1,4294967295,0,0
oInvCollPH,576,48,003E3C13,0,1,1,4294967295,0,0
oInvCollPH,576,64,000E17B6,0,1,1,4294967295,0,0
oInvCollPH,576,80,001EF5E3,0,1,1,4294967295,0,0
oInvCollPH,576,96,002CA996,0,1,1,4294967295,0,0
oInvCollPH,576,112,00363869,0,1,1,4294967295,0,0
oInvCollPH,576,192,0008E506,0,1,1,4294967295,0,0
oInvCollPH,576,208,00139467,0,1,1,4294967295,0,0
oInvCollPH,560,208,00215F67,0,1,1,4294967295,0,0
oInvCollPH,560,64,001866FF,0,1,1,4294967295,0,0
oInvCollPH,560,80,000E3D2A,0,1,1,4294967295,0,0
oInvCollPH,560,96,0018F439,0,1,1,4294967295,0,0
oInvCollPH,560,112,00238D95,0,1,1,4294967295,0,0
oInvCollPH,560,128,0000AC4F,0,1,1,4294967295,0,0
oInvCollPH,560,144,0025FFC6,0,1,1,4294967295,0,0
oInvCollPH,384,176,00373CB8,0,1,1,4294967295,0,0
oInvCollPH,400,160,0030645E,0,1,1,4294967295,0,0
oInvCollPH,416,160,0038671B,0,1,1,4294967295,0,0
oInvCollPH,432,160,0020744C,0,1,1,4294967295,0,0
oInvCollPH,496,160,0020B28A,0,1,1,4294967295,0,0
oInvCollPH,512,160,00159058,0,1,1,4294967295,0,0
oInvCollPH,528,160,00088EC1,0,1,1,4294967295,0,0
oInvCollPH,544,160,0030AAF1,0,1,1,4294967295,0,0
oInvCollPH,544,208,00031009,0,1,1,4294967295,0,0
oInvCollPH,528,208,0022E5F6,0,1,1,4294967295,0,0
oInvCollPH,512,208,0013F39D,0,1,1,4294967295,0,0
oInvCollPH,496,208,00385A8E,0,1,1,4294967295,0,0
oInvCollPH,480,208,003847E4,0,1,1,4294967295,0,0
oInvCollPH,464,208,0024A58A,0,1,1,4294967295,0,0
oInvCollPH,448,208,00072CB0,0,1,1,4294967295,0,0
oInvCollPH,432,208,0010222F,0,1,1,4294967295,0,0
oInvCollPH,416,208,00334806,0,1,1,4294967295,0,0
oInvCollPH,400,352,001F2872,0,1,1,4294967295,0,0
oInvCollPH,416,352,001D0093,0,1,1,4294967295,0,0
oInvCollPH,432,352,0001B3EA,0,1,1,4294967295,0,0
oInvCollPH,448,352,0012953D,0,1,1,4294967295,0,0
oInvCollPH,464,352,0008E2C1,0,1,1,4294967295,0,0
oInvCollPH,480,352,00160E3E,0,1,1,4294967295,0,0
oInvCollPH,496,352,0033D33F,0,1,1,4294967295,0,0
oInvCollPH,384,368,00321B5D,0,1,1,4294967295,0,0
oInvCollPH,384,384,002070D7,0,1,1,4294967295,0,0
oInvCollPH,384,400,0021E775,0,1,1,4294967295,0,0
oInvCollPH,384,416,00190E02,0,1,1,4294967295,0,0
oInvCollPH,496,368,0021026B,0,1,1,4294967295,0,0
oInvCollPH,496,384,0032D32E,0,1,1,4294967295,0,0
oInvCollPH,496,400,002D81C3,0,1,1,4294967295,0,0
oInvCollPH,496,416,0019AA5F,0,1,1,4294967295,0,0
oInvCollPH,176,32,0037D291,0,1,1,4294967295,0,0
oInvCollPH,192,32,003DFEAB,0,1,1,4294967295,0,0
oInvCollPH,208,32,0038DCFF,0,1,1,4294967295,0,0
oInvCollPH,224,32,001862E5,0,1,1,4294967295,0,0
oInvCollPH,240,32,00029E87,0,1,1,4294967295,0,0
oInvCollPH,256,32,000812BB,0,1,1,4294967295,0,0
oInvCollPH,272,32,00393912,0,1,1,4294967295,0,0
oInvCollPH,288,32,003AF932,0,1,1,4294967295,0,0
oInvCollPH,304,32,0035B0EB,0,1,1,4294967295,0,0
oInvCollPH,320,32,0018EAAE,0,1,1,4294967295,0,0
oInvCollPH,544,32,001F8425,0,1,1,4294967295,0,0
oInvCollPH,528,32,00255D6D,0,1,1,4294967295,0,0
oInvCollPH,512,32,0022C585,0,1,1,4294967295,0,0
oInvCollPH,496,32,000C899C,0,1,1,4294967295,0,0
oInvCollPH,480,32,002A2CE0,0,1,1,4294967295,0,0
oInvCollPH,576,32,002E5984,0,1,1,4294967295,0,0
oInvCollPH,464,32,00083B92,0,1,1,4294967295,0,0
oInvCollPH,448,32,000FDE0B,0,1,1,4294967295,0,0
oInvCollPH,432,32,0037E838,0,1,1,4294967295,0,0
oInvCollPH,336,32,001BCB15,0,1,1,4294967295,0,0
oInvCollPH,352,32,0010263D,0,1,1,4294967295,0,0
oInvCollPH,368,32,001CD26E,0,1,1,4294967295,0,0
oInvCollPH,384,32,0024B028,0,1,1,4294967295,0,0
oInvCollPH,400,32,000E9D98,0,1,1,4294967295,0,0
oInvCollPH,416,32,0032EADC,0,1,1,4294967295,0,0
oInvCollPH,592,16,002436E0,0,1,1,4294967295,0,0
oInvCollPH,608,16,0006AE9E,0,1,1,4294967295,0,0
oInvCollPH,624,16,000D8AA1,0,1,1,4294967295,0,0
oInvCollPH,640,16,003B94BC,0,1,1,4294967295,0,0
oInvCollPH,656,16,001F5FCB,0,1,1,4294967295,0,0
oInvCollPH,672,16,0031F8A6,0,1,1,4294967295,0,0
oInvCollPH,688,16,0033E108,0,1,1,4294967295,0,0
oInvCollPH,704,16,003D3715,0,1,1,4294967295,0,0
oInvCollPH,720,16,001485CB,0,1,1,4294967295,0,0
oInvCollPH,736,16,003938AA,0,1,1,4294967295,0,0
oInvCollPH,752,16,0015BA29,0,1,1,4294967295,0,0
oInvCollPH,768,16,0016D196,0,1,1,4294967295,0,0
oInvCollPH,784,16,00290505,0,1,1,4294967295,0,0
oInvCollPH,800,16,0035F386,0,1,1,4294967295,0,0
oInvCollPH,816,16,003FD903,0,1,1,4294967295,0,0
oInvCollPH,832,16,003729D9,0,1,1,4294967295,0,0
oInvCollPH,848,16,002BD515,0,1,1,4294967295,0,0
oInvCollPH,864,16,002ABF92,0,1,1,4294967295,0,0
oInvCollPH,880,16,003FFB7D,0,1,1,4294967295,0,0
oInvCollPH,896,16,001BACDD,0,1,1,4294967295,0,0
oInvCollPH,912,16,0014E213,0,1,1,4294967295,0,0
oInvCollPH,944,32,0029662D,0,1,1,4294967295,0,0
oInvCollPH,960,32,000030C0,0,1,1,4294967295,0,0
oInvCollPH,976,16,001F928C,0,1,1,4294967295,0,0
oInvCollPH,992,16,0002A4E7,0,1,1,4294967295,0,0
oInvCollPH,1008,16,00033F9A,0,1,1,4294967295,0,0
oInvCollPH,1024,16,00331E18,0,1,1,4294967295,0,0
oInvCollPH,1056,32,001160D1,0,1,1,4294967295,0,0
oInvCollPH,1072,32,0017CBE3,0,1,1,4294967295,0,0
oInvCollPH,1088,32,0024B4A6,0,1,1,4294967295,0,0
oInvCollPH,1104,16,002F3A39,0,1,1,4294967295,0,0
oInvCollPH,1120,16,00373658,0,1,1,4294967295,0,0
oInvCollPH,1136,16,0033603E,0,1,1,4294967295,0,0
oInvCollPH,1152,16,00132DB5,0,1,1,4294967295,0,0
oInvCollPH,1184,32,00027A61,0,1,1,4294967295,0,0
oInvCollPH,1200,32,00200607,0,1,1,4294967295,0,0
oInvCollPH,1216,16,002137E4,0,1,1,4294967295,0,0
oInvCollPH,1232,16,0006379C,0,1,1,4294967295,0,0
oInvCollPH,1248,16,0006D958,0,1,1,4294967295,0,0
oInvCollPH,1264,16,00154E00,0,1,1,4294967295,0,0
oInvCollPH,1280,16,002DB0D8,0,1,1,4294967295,0,0
oInvCollPH,1296,16,0000DDF5,0,1,1,4294967295,0,0
oInvCollPH,1312,16,001DA9E5,0,1,1,4294967295,0,0
oInvCollPH,1328,16,0009C46A,0,1,1,4294967295,0,0
oInvCollPH,832,336,003FF44B,0,1,1,4294967295,0,0
oInvCollPH,848,320,00069920,0,1,1,4294967295,0,0
oInvCollPH,864,320,0003735A,0,1,1,4294967295,0,0
oInvCollPH,880,320,003782DD,0,1,1,4294967295,0,0
oInvCollPH,896,320,0019A4A9,0,1,1,4294967295,0,0
oInvCollPH,912,320,00346D4E,0,1,1,4294967295,0,0
oInvCollPH,928,320,0019E1C2,0,1,1,4294967295,0,0
oInvCollPH,944,320,0008192E,0,1,1,4294967295,0,0
oInvCollPH,960,288,0012256D,0,1,1,4294967295,0,0
oInvCollPH,960,304,000066C8,0,1,1,4294967295,0,0
oInvCollPH,976,272,00340DB9,0,1,1,4294967295,0,0
oInvCollPH,992,272,0016E60D,0,1,1,4294967295,0,0
oInvCollPH,1008,272,0001ED98,0,1,1,4294967295,0,0
oInvCollPH,384,432,0036746F,0,1,1,4294967295,0,0
oInvCollPH,384,464,00082A2F,0,1,1,4294967295,0,0
oInvCollPH,400,464,0020B4C2,0,1,1,4294967295,0,0
oInvCollPH,416,464,00291FD6,0,1,1,4294967295,0,0
oInvCollPH,432,464,000D1953,0,1,1,4294967295,0,0
oInvCollPH,448,464,0034665D,0,1,1,4294967295,0,0
oInvCollPH,464,464,0013A76C,0,1,1,4294967295,0,0
oInvCollPH,480,464,0024072D,0,1,1,4294967295,0,0
oInvCollPH,496,464,0010F155,0,1,1,4294967295,0,0
oInvCollPH,496,448,0011CF72,0,1,1,4294967295,0,0
oInvCollPH,496,432,0035ED2B,0,1,1,4294967295,0,0
oInvCollPH,336,448,00191ECD,0,1,1,4294967295,0,0
oInvCollPH,352,448,001E01B9,0,1,1,4294967295,0,0
oInvCollPH,368,448,002CF11B,0,1,1,4294967295,0,0
oInvCollPH,320,464,002E08DD,0,1,1,4294967295,0,0
oInvCollPH,336,464,00132005,0,1,1,4294967295,0,0
oInvCollPH,352,464,00025176,0,1,1,4294967295,0,0
oInvCollPH,368,464,0038FB2D,0,1,1,4294967295,0,0
oInvCollPH,160,416,000B22E5,0,1,1,4294967295,0,0
oInvCollPH,144,416,0010EAF9,0,1,1,4294967295,0,0
oInvCollPH,128,416,0029DBFD,0,1,1,4294967295,0,0
oInvCollPH,112,416,003507B6,0,1,1,4294967295,0,0
oInvCollPH,96,416,0034F237,0,1,1,4294967295,0,0
oInvCollPH,80,416,00218CE9,0,1,1,4294967295,0,0
oInvCollPH,64,416,00044AA8,0,1,1,4294967295,0,0
oInvCollPH,48,432,003D75FA,0,1,1,4294967295,0,0
oInvCollPH,48,448,003E3719,0,1,1,4294967295,0,0
oInvCollPH,48,464,00330044,0,1,1,4294967295,0,0
oInvCollPH,48,480,002E30B7,0,1,1,4294967295,0,0
oInvCollPH,48,496,001989E1,0,1,1,4294967295,0,0
oInvCollPH,48,512,0028BF78,0,1,1,4294967295,0,0
oInvCollPH,48,528,000B2BD6,0,1,1,4294967295,0,0
oInvCollPH,48,544,0027A174,0,1,1,4294967295,0,0
oInvCollPH,48,560,002620BC,0,1,1,4294967295,0,0
oInvCollPH,48,576,00319826,0,1,1,4294967295,0,0
oInvCollPH,64,592,0032FFFD,0,1,1,4294967295,0,0
oInvCollPH,80,592,00048555,0,1,1,4294967295,0,0
oInvCollPH,96,592,00087CA7,0,1,1,4294967295,0,0
oInvCollPH,112,592,00117226,0,1,1,4294967295,0,0
oInvCollPH,128,592,0026985A,0,1,1,4294967295,0,0
oInvCollPH,144,592,0002E71F,0,1,1,4294967295,0,0
oInvCollPH,144,608,002DBF36,0,1,1,4294967295,0,0
oInvCollPH,144,624,002F0360,0,1,1,4294967295,0,0
oInvCollPH,144,640,00388DD1,0,1,1,4294967295,0,0
oInvCollPH,144,656,000C79D5,0,1,1,4294967295,0,0
oInvCollPH,144,672,001F6BB3,0,1,1,4294967295,0,0
oInvCollPH,144,688,00091CED,0,1,1,4294967295,0,0
oInvCollPH,224,576,00179792,0,1,1,4294967295,0,0
oInvCollPH,224,592,00378B8A,0,1,1,4294967295,0,0
oInvCollPH,224,608,001313DC,0,1,1,4294967295,0,0
oInvCollPH,224,624,003A9576,0,1,1,4294967295,0,0
oInvCollPH,224,640,00043B79,0,1,1,4294967295,0,0
oInvCollPH,240,560,00280710,0,1,1,4294967295,0,0
oInvCollPH,256,560,001DF2EE,0,1,1,4294967295,0,0
oInvCollPH,272,560,003A41CD,0,1,1,4294967295,0,0
oInvCollPH,288,560,0008557C,0,1,1,4294967295,0,0
oInvCollPH,304,560,00068A86,0,1,1,4294967295,0,0
oInvCollPH,304,576,000ED224,0,1,1,4294967295,0,0
oInvCollPH,224,656,001B33D1,0,1,1,4294967295,0,0
oInvCollPH,224,672,001AB665,0,1,1,4294967295,0,0
oInvCollPH,224,688,000D39E7,0,1,1,4294967295,0,0
oInvCollPH,336,592,003D8F2C,0,1,1,4294967295,0,0
oInvCollPH,352,592,00114BC7,0,1,1,4294967295,0,0
oInvCollPH,368,592,0024B100,0,1,1,4294967295,0,0
oInvCollPH,384,592,003F10F8,0,1,1,4294967295,0,0
oInvCollPH,400,592,002BC34C,0,1,1,4294967295,0,0
oInvCollPH,416,592,0017BF94,0,1,1,4294967295,0,0
oInvCollPH,432,592,0030E54D,0,1,1,4294967295,0,0
oInvCollPH,432,608,002C942A,0,1,1,4294967295,0,0
oInvCollPH,432,624,002B59B0,0,1,1,4294967295,0,0
oInvCollPH,432,640,00250FAA,0,1,1,4294967295,0,0
oInvCollPH,464,656,00198C62,0,1,1,4294967295,0,0
oInvCollPH,480,656,003A7FE6,0,1,1,4294967295,0,0
oInvCollPH,496,656,00035B2F,0,1,1,4294967295,0,0
oInvCollPH,528,640,00268D0F,0,1,1,4294967295,0,0
oInvCollPH,544,656,001ED71C,0,1,1,4294967295,0,0
oInvCollPH,560,656,0028B710,0,1,1,4294967295,0,0
oInvCollPH,560,672,000EC46D,0,1,1,4294967295,0,0
oInvCollPH,560,688,0019D061,0,1,1,4294967295,0,0
oInvCollPH,656,640,00326759,0,1,1,4294967295,0,0
oInvCollPH,656,656,00202386,0,1,1,4294967295,0,0
oInvCollPH,656,672,0011EC7A,0,1,1,4294967295,0,0
oInvCollPH,656,688,0015DF4F,0,1,1,4294967295,0,0
oInvCollPH,672,688,002538A1,0,1,1,4294967295,0,0
oInvCollPH,672,672,000A57EA,0,1,1,4294967295,0,0
oInvCollPH,672,656,003A6917,0,1,1,4294967295,0,0
oInvCollPH,672,640,00257DF7,0,1,1,4294967295,0,0
oInvCollPH,672,624,0026AC0C,0,1,1,4294967295,0,0
oInvCollPH,1344,528,000063DE,0,1,1,4294967295,0,0
oInvCollPH,1344,544,001134A4,0,1,1,4294967295,0,0
oInvCollPH,1360,544,0019DFB0,0,1,1,4294967295,0,0
oInvCollPH,1376,544,00275208,0,1,1,4294967295,0,0
oInvCollPH,1392,544,0025A300,0,1,1,4294967295,0,0
oInvCollPH,1136,272,0027319E,0,1,1,4294967295,0,0
oInvCollPH,1152,272,00159BA5,0,1,1,4294967295,0,0
oInvCollPH,1168,272,001929E9,0,1,1,4294967295,0,0
oInvCollPH,1168,288,0001252F,0,1,1,4294967295,0,0
oInvCollPH,1168,304,001459C0,0,1,1,4294967295,0,0
oInvCollPH,1344,672,003F6DAE,0,1,1,4294967295,0,0
oInvCollPH,1344,688,000B33AC,0,1,1,4294967295,0,0
oInvCollPH,1360,656,0014B379,0,1,1,4294967295,0,0
oInvCollPH,1376,656,001FD1EA,0,1,1,4294967295,0,0
oInvCollPH,1392,656,002CB69A,0,1,1,4294967295,0,0
oInvCollPH,832,352,001D2544,0,1,1,4294967295,0,0
oInvCollPH,832,368,0029B9DD,0,1,1,4294967295,0,0
oInvCollPH,832,384,00049580,0,1,1,4294967295,0,0
oInvCollPH,832,400,002D250D,0,1,1,4294967295,0,0
oInvCollPH,832,416,000DFF14,0,1,1,4294967295,0,0
oInvCollPH,832,432,00299790,0,1,1,4294967295,0,0
oInvCollPH,832,448,0023A6DC,0,1,1,4294967295,0,0
oInvCollPH,848,448,0029BA3A,0,1,1,4294967295,0,0
oInvCollPH,864,448,003A8ACC,0,1,1,4294967295,0,0
oInvCollPH,880,448,001C8CC2,0,1,1,4294967295,0,0
oInvCollPH,896,448,0039496F,0,1,1,4294967295,0,0
oInvCollPH,912,448,0022AD45,0,1,1,4294967295,0,0
oInvCollPH,928,448,002A70B9,0,1,1,4294967295,0,0
oInvCollPH,944,448,003F51BB,0,1,1,4294967295,0,0
oInvCollPH,960,448,00053857,0,1,1,4294967295,0,0
oInvCollPH,976,448,0020C1EA,0,1,1,4294967295,0,0
oInvCollPH,992,448,0024FE31,0,1,1,4294967295,0,0
oInvCollPH,1008,448,002D3751,0,1,1,4294967295,0,0
oInvCollPH,1024,448,001EDE0D,0,1,1,4294967295,0,0
oInvCollPH,1040,448,000185C7,0,1,1,4294967295,0,0
oInvCollPH,1056,448,000A2FA4,0,1,1,4294967295,0,0
oInvCollPH,1072,448,00313DD7,0,1,1,4294967295,0,0
oInvCollPH,1168,320,003D84E3,0,1,1,4294967295,0,0
oInvCollPH,1168,336,001688E9,0,1,1,4294967295,0,0
oInvCollPH,1040,288,00081DEF,0,1,1,4294967295,0,0
oInvCollPH,1056,288,0017F32D,0,1,1,4294967295,0,0
oInvCollPH,1072,288,00153862,0,1,1,4294967295,0,0
oInvCollPH,1088,288,001BCCA2,0,1,1,4294967295,0,0
oInvCollPH,1104,288,000C523C,0,1,1,4294967295,0,0
oInvCollPH,1264,304,003656EC,0,1,1,4294967295,0,0
oInvCollPH,1280,304,00307302,0,1,1,4294967295,0,0
oInvCollPH,1296,304,00206E03,0,1,1,4294967295,0,0
oInvCollPH,1312,304,00267717,0,1,1,4294967295,0,0
oInvCollPH,1248,320,001FB93D,0,1,1,4294967295,0,0
oInvCollPH,1248,336,003EC5EB,0,1,1,4294967295,0,0
oInvCollPH,1328,304,0004CC0F,0,1,1,4294967295,0,0
oInvCollPH,1344,304,001D7436,0,1,1,4294967295,0,0
oInvCollPH,1360,304,001F3EDE,0,1,1,4294967295,0,0
oInvCollPH,1376,304,00296861,0,1,1,4294967295,0,0
oInvCollPH,1392,304,0007EC64,0,1,1,4294967295,0,0
oInvCollPH,1184,352,000C0018,0,1,1,4294967295,0,0
oInvCollPH,1200,352,000E03ED,0,1,1,4294967295,0,0
oInvCollPH,1216,352,00045221,0,1,1,4294967295,0,0
oInvCollPH,1232,352,0028A11A,0,1,1,4294967295,0,0
oInvCollPH,1088,464,00259123,0,1,1,4294967295,0,0
oInvCollPH,1088,480,003A1C8E,0,1,1,4294967295,0,0
oInvCollPH,1088,496,00082FAC,0,1,1,4294967295,0,0
oInvCollPH,1104,496,00337F4F,0,1,1,4294967295,0,0
oInvCollPH,1120,496,00172F23,0,1,1,4294967295,0,0
oInvCollPH,1136,496,0018AF85,0,1,1,4294967295,0,0
oInvCollPH,1152,496,000F9B68,0,1,1,4294967295,0,0
oInvCollPH,1168,496,002442C8,0,1,1,4294967295,0,0
oInvCollPH,1184,496,000965F2,0,1,1,4294967295,0,0
oInvCollPH,1200,496,00181D1B,0,1,1,4294967295,0,0
oInvCollPH,1216,496,00245621,0,1,1,4294967295,0,0
oInvCollPH,1232,496,0010BD72,0,1,1,4294967295,0,0
oInvCollPH,1248,496,0012CAB4,0,1,1,4294967295,0,0
oInvCollPH,1264,496,002A0D0F,0,1,1,4294967295,0,0
oInvCollPH,1280,496,00355F9B,0,1,1,4294967295,0,0
oInvCollPH,1296,496,0024EA00,0,1,1,4294967295,0,0
oInvCollPH,1312,496,00003098,0,1,1,4294967295,0,0
oInvCollPH,1328,496,003A320C,0,1,1,4294967295,0,0
oInvCollPH,768,672,00223E2A,0,1,1,4294967295,0,0
oInvCollPH,768,688,0006645A,0,1,1,4294967295,0,0
oInvCollPH,784,656,002655B4,0,1,1,4294967295,0,0
oInvCollPH,816,640,000DF498,0,1,1,4294967295,0,0
oInvCollPH,832,656,00166FAA,0,1,1,4294967295,0,0
oInvCollPH,848,656,0008F8BC,0,1,1,4294967295,0,0
oInvCollPH,864,656,003CAF03,0,1,1,4294967295,0,0
oInvCollPH,880,656,001DC474,0,1,1,4294967295,0,0
oInvCollPH,896,656,003EF172,0,1,1,4294967295,0,0
oInvCollPH,912,656,0026C46C,0,1,1,4294967295,0,0
oInvCollPH,928,656,00189C2F,0,1,1,4294967295,0,0
oInvCollPH,944,656,00034779,0,1,1,4294967295,0,0
oInvCollPH,1120,656,00354530,0,1,1,4294967295,0,0
oInvCollPH,1136,656,000693D6,0,1,1,4294967295,0,0
oInvCollPH,1152,656,0029A51D,0,1,1,4294967295,0,0
oInvCollPH,1168,656,0031C3C4,0,1,1,4294967295,0,0
oInvCollPH,1184,656,000D18A0,0,1,1,4294967295,0,0
oInvCollPH,1200,656,002797CB,0,1,1,4294967295,0,0
oInvCollPH,1216,656,00280495,0,1,1,4294967295,0,0
oInvCollPH,1232,656,0030347E,0,1,1,4294967295,0,0
oInvCollPH,1232,672,003C7603,0,1,1,4294967295,0,0
oInvCollPH,1232,688,0014DAE1,0,1,1,4294967295,0,0
oInvCollPH,960,544,003D4610,0,1,1,4294967295,0,0
oInvCollPH,960,560,002BA997,0,1,1,4294967295,0,0
oInvCollPH,960,576,002941E5,0,1,1,4294967295,0,0
oInvCollPH,960,592,001EB4C9,0,1,1,4294967295,0,0
oInvCollPH,960,608,0035018E,0,1,1,4294967295,0,0
oInvCollPH,960,624,003AA467,0,1,1,4294967295,0,0
oInvCollPH,960,640,003C7695,0,1,1,4294967295,0,0
oInvCollPH,976,528,0019FB87,0,1,1,4294967295,0,0
oInvCollPH,992,528,001C80A3,0,1,1,4294967295,0,0
oInvCollPH,1008,528,000372B5,0,1,1,4294967295,0,0
oInvCollPH,1008,544,001DE6C7,0,1,1,4294967295,0,0
oInvCollPH,1040,560,00015E64,0,1,1,4294967295,0,0
oInvCollPH,1040,576,0001B8F6,0,1,1,4294967295,0,0
oInvCollPH,1072,592,0005ED74,0,1,1,4294967295,0,0
oInvCollPH,1072,608,001B5913,0,1,1,4294967295,0,0
oInvCollPH,1104,624,001D496D,0,1,1,4294967295,0,0
oInvCollPH,1104,640,001605F3,0,1,1,4294967295,0,0
oInvisibleSolid,0,304,0012A1A9,0,1,1,4294967295,0,1
oInvisibleSolid,240,336,003FDF7D,0,1,1,4294967295,0,1
oInvisibleSolid,384,352,0028B7FF,0,1,1,4294967295,0,1
oInvisibleSolid,0,432,000650A3,0,1,1,4294967295,0,1
oInvisibleSolid,320,192,00141FEB,0,1,1,4294967295,0,1
oInvisibleSolid,112,160,0039E584,0,1,1,4294967295,0,1
oInvisibleSolid,144,192,003D12D7,0,1,1,4294967295,0,1
oInvisibleSolid,0,208,002E99A6,0,1,1,4294967295,0,1
oInvisibleSolid,0,0,0016033A,0,1,1,4294967295,0,1
oInvisibleSolid,112,0,003B24E9,0,1,1,4294967295,0,1
oInvisibleSolid,176,0,001847BD,0,1,1,4294967295,0,1
oInvisibleSolid,1344,32,0016CC61,0,1,1,4294967295,0,1
oInvisibleSolid,1280,128,00093D6B,0,1,1,4294967295,0,1
oInvisibleSolid,1248,304,000A66F8,0,1,1,4294967295,0,1
oInvisibleSolid,960,272,0027EA6D,0,1,1,4294967295,0,1
oInvisibleSolid,1120,272,00024FA5,0,1,1,4294967295,0,1
oInvisibleSolid,992,144,00159105,0,1,1,4294967295,0,1
oInvisibleSolid,1120,144,00165201,0,1,1,4294967295,0,1
oInvisibleSolid,752,144,001F3FCF,0,1,1,4294967295,0,1
oInvisibleSolid,832,320,0015AD28,0,1,1,4294967295,0,1
oInvisibleSolid,592,0,001F56DF,0,1,1,4294967295,0,1
oInvisibleSolid,560,48,001BA39C,0,1,1,4294967295,0,1
oInvisibleSolid,384,160,003B8E51,0,1,1,4294967295,0,1
oInvisibleSolid,448,144,002F15FB,0,1,1,4294967295,0,1
oInvisibleSolid,592,128,0028F908,0,1,1,4294967295,0,1
oInvisibleSolid,928,32,0004EC44,0,1,1,4294967295,0,1
oInvisibleSolid,1040,32,00333F9C,0,1,1,4294967295,0,1
oInvisibleSolid,1168,32,00020B93,0,1,1,4294967295,0,1
oInvisibleSolid,0,592,00297FFE,0,1,1,4294967295,0,1
oInvisibleSolid,224,560,00265D9A,0,1,1,4294967295,0,1
oInvisibleSolid,320,592,0019AC25,0,1,1,4294967295,0,1
oInvisibleSolid,448,656,00046BD4,0,1,1,4294967295,0,1
oInvisibleSolid,320,448,0004CC90,0,1,1,4294967295,0,1
oInvisibleSolid,656,624,0021BB5D,0,1,1,4294967295,0,1
oInvisibleSolid,768,656,0030D9C3,0,1,1,4294967295,0,1
oInvisibleSolid,1024,288,0021182F,0,1,1,4294967295,0,1
oInvisibleSolid,1088,352,002DB7CF,0,1,1,4294967295,0,1
oInvisibleSolid,1344,512,002C6A00,0,1,1,4294967295,0,1
oInvisibleSolid,1344,656,00113D7D,0,1,1,4294967295,0,1
oInvisibleSolid,960,528,000FD6A5,0,1,1,4294967295,0,1
oInvisibleSolid,1024,560,0015CFA8,0,1,1,4294967295,0,1
oInvisibleSolid,1056,592,0031DE92,0,1,1,4294967295,0,1
oInvisibleSolid,1088,624,00387B46,0,1,1,4294967295,0,1
oInvisibleSolid,512,640,0023467A,0,1,1,4294967295,0,1
oInvisibleSolid,800,640,002CDC62,0,1,1,4294967295,0,1
