oCh19DancingFlower,416,592,001E00F3,0,1,1,4294967295,0,0
oCh19DancingFlower,1120,464,00121E11,0,1,1,4294967295,0,0
oCh19DancingFlower,80,592,000AC992,0,1,1,4294967295,0,0
oCh19DancingFlower,1040,464,003790E5,0,1,1,4294967295,0,0
oCh19DancingFlower,880,336,0034642F,0,1,1,4294967295,0,0
oCh19DancingFlower,2544,624,00014B0D,0,1,1,4294967295,0,0
oCh19DancingFlower,2720,624,002446C5,0,1,1,4294967295,0,0
oExit,3824,416,000EA562,0,1,1,4294967295,0,1
oExit,32,512,000FD86E,0,1,1,4294967295,0,1
oM3FourShot,1616,352,0002C697,0,1,1,4294967295,0,0
oCheckpointSpot,1888,256,00323407,0,1,1,4294967295,0,1
oBomberBat,2464,224,002BB7E9,0,1,1,4294967295,0,1
oBomberBat,2720,480,002AB458,0,1,1,4294967295,0,1
oBomberCloud,2336,480,001E5C41,0,1,1,4294967295,0,1
oBomberCloud,2848,224,001AA1CC,0,1,1,4294967295,0,1
oCh19_WM_NPC,304,608,000E7B56,0,1,1,4294967295,0,1
oPlayer1,144,608,003F5A2F,0,1,1,4294967295,0,0
oInvCollPH,16,544,00246267,0,1,1,4294967295,0,0
oInvCollPH,32,544,00383AC2,0,1,1,4294967295,0,0
oInvCollPH,48,544,00106B3D,0,1,1,4294967295,0,0
oInvCollPH,48,560,0027C282,0,1,1,4294967295,0,0
oInvCollPH,48,576,0016E626,0,1,1,4294967295,0,0
oInvCollPH,48,592,00016794,0,1,1,4294967295,0,0
oInvCollPH,64,608,00146DC6,0,1,1,4294967295,0,0
oInvCollPH,80,608,00132F0B,0,1,1,4294967295,0,0
oInvCollPH,96,608,0010E2B7,0,1,1,4294967295,0,0
oInvCollPH,112,608,001B3E0F,0,1,1,4294967295,0,0
oInvCollPH,128,608,00168EF2,0,1,1,4294967295,0,0
oInvCollPH,144,608,0037D45C,0,1,1,4294967295,0,0
oInvCollPH,160,608,001B2F9A,0,1,1,4294967295,0,0
oInvCollPH,176,608,003CFE94,0,1,1,4294967295,0,0
oInvCollPH,192,608,002E5743,0,1,1,4294967295,0,0
oInvCollPH,208,608,0019F6F7,0,1,1,4294967295,0,0
oInvCollPH,224,608,002FA1C3,0,1,1,4294967295,0,0
oInvCollPH,240,608,0014F1B1,0,1,1,4294967295,0,0
oInvCollPH,256,608,001C8534,0,1,1,4294967295,0,0
oInvCollPH,272,608,002F3659,0,1,1,4294967295,0,0
oInvCollPH,592,688,002727CB,0,1,1,4294967295,0,0
oInvCollPH,592,672,003A05B0,0,1,1,4294967295,0,0
oInvCollPH,592,656,0013929F,0,1,1,4294967295,0,0
oInvCollPH,592,640,0039F22B,0,1,1,4294967295,0,0
oInvCollPH,592,624,002A30B7,0,1,1,4294967295,0,0
oInvCollPH,592,608,002C3172,0,1,1,4294967295,0,0
oInvCollPH,576,608,001A4F75,0,1,1,4294967295,0,0
oInvCollPH,560,608,0020D3DD,0,1,1,4294967295,0,0
oInvCollPH,544,608,0002A8B8,0,1,1,4294967295,0,0
oInvCollPH,528,608,003810E2,0,1,1,4294967295,0,0
oInvCollPH,512,608,001D729A,0,1,1,4294967295,0,0
oInvCollPH,448,608,002139E3,0,1,1,4294967295,0,0
oInvCollPH,464,608,00241EBE,0,1,1,4294967295,0,0
oInvCollPH,480,608,00145488,0,1,1,4294967295,0,0
oInvCollPH,496,608,0036D053,0,1,1,4294967295,0,0
oInvCollPH,432,608,000CE1FA,0,1,1,4294967295,0,0
oInvCollPH,416,608,002EAA70,0,1,1,4294967295,0,0
oInvCollPH,400,608,0036CD0F,0,1,1,4294967295,0,0
oInvCollPH,384,608,00013D21,0,1,1,4294967295,0,0
oInvCollPH,368,608,00204B09,0,1,1,4294967295,0,0
oInvCollPH,352,608,0028F84A,0,1,1,4294967295,0,0
oInvCollPH,336,608,000BA59B,0,1,1,4294967295,0,0
oInvCollPH,320,608,0036DC72,0,1,1,4294967295,0,0
oInvCollPH,304,608,00119AF6,0,1,1,4294967295,0,0
oInvCollPH,288,608,0018E190,0,1,1,4294967295,0,0
oInvCollPH,192,208,003BBDE0,0,1,1,4294967295,0,0
oInvCollPH,192,224,00332548,0,1,1,4294967295,0,0
oInvCollPH,192,240,002F6024,0,1,1,4294967295,0,0
oInvCollPH,208,240,001C9D05,0,1,1,4294967295,0,0
oInvCollPH,224,240,0040423D,0,1,1,4294967295,0,0
oInvCollPH,240,240,00083140,0,1,1,4294967295,0,0
oInvCollPH,256,240,000E128A,0,1,1,4294967295,0,0
oInvCollPH,272,240,0024E8D5,0,1,1,4294967295,0,0
oInvCollPH,288,240,00110AAF,0,1,1,4294967295,0,0
oInvCollPH,304,240,002AEAFB,0,1,1,4294967295,0,0
oInvCollPH,320,240,00232073,0,1,1,4294967295,0,0
oInvCollPH,336,240,0009BFCF,0,1,1,4294967295,0,0
oInvCollPH,336,192,00392B50,0,1,1,4294967295,0,0
oInvCollPH,320,192,002AADD3,0,1,1,4294967295,0,0
oInvCollPH,304,192,0036F4CA,0,1,1,4294967295,0,0
oInvCollPH,288,192,0005CBE2,0,1,1,4294967295,0,0
oInvCollPH,272,192,00178700,0,1,1,4294967295,0,0
oInvCollPH,256,192,003F64F0,0,1,1,4294967295,0,0
oInvCollPH,240,192,00105BBA,0,1,1,4294967295,0,0
oInvCollPH,224,192,001FAC43,0,1,1,4294967295,0,0
oInvCollPH,208,192,002E7237,0,1,1,4294967295,0,0
oInvCollPH,512,432,00056CCF,0,1,1,4294967295,0,0
oInvCollPH,512,448,0013AB30,0,1,1,4294967295,0,0
oInvCollPH,512,464,001E3B5B,0,1,1,4294967295,0,0
oInvCollPH,528,464,00332843,0,1,1,4294967295,0,0
oInvCollPH,544,464,001372E5,0,1,1,4294967295,0,0
oInvCollPH,560,464,0011F5ED,0,1,1,4294967295,0,0
oInvCollPH,576,464,0037F55F,0,1,1,4294967295,0,0
oInvCollPH,592,464,00040CE6,0,1,1,4294967295,0,0
oInvCollPH,592,448,003E7171,0,1,1,4294967295,0,0
oInvCollPH,592,432,00138455,0,1,1,4294967295,0,0
oInvCollPH,592,416,001DD9F8,0,1,1,4294967295,0,0
oInvCollPH,368,192,00310368,0,1,1,4294967295,0,0
oInvCollPH,384,176,003D20C6,0,1,1,4294967295,0,0
oInvCollPH,384,160,0031507A,0,1,1,4294967295,0,0
oInvCollPH,384,144,0018EDA8,0,1,1,4294967295,0,0
oInvCollPH,384,128,00129C6D,0,1,1,4294967295,0,0
oInvCollPH,448,192,00230B89,0,1,1,4294967295,0,0
oInvCollPH,464,192,00254075,0,1,1,4294967295,0,0
oInvCollPH,480,192,0038E352,0,1,1,4294967295,0,0
oInvCollPH,496,192,00067348,0,1,1,4294967295,0,0
oInvCollPH,352,256,003DC2E8,0,1,1,4294967295,0,0
oInvCollPH,352,272,0009C317,0,1,1,4294967295,0,0
oInvCollPH,352,288,0029D015,0,1,1,4294967295,0,0
oInvCollPH,352,304,002F0943,0,1,1,4294967295,0,0
oInvCollPH,352,320,000D519D,0,1,1,4294967295,0,0
oInvCollPH,352,336,00145845,0,1,1,4294967295,0,0
oInvCollPH,512,192,00346765,0,1,1,4294967295,0,0
oInvCollPH,528,192,00323815,0,1,1,4294967295,0,0
oInvCollPH,544,192,00320EDE,0,1,1,4294967295,0,0
oInvCollPH,560,192,0038C1E5,0,1,1,4294967295,0,0
oInvCollPH,576,192,0002D117,0,1,1,4294967295,0,0
oInvCollPH,592,192,00006807,0,1,1,4294967295,0,0
oInvCollPH,592,208,0008C6EC,0,1,1,4294967295,0,0
oInvCollPH,592,224,000C55D2,0,1,1,4294967295,0,0
oInvCollPH,592,240,00349900,0,1,1,4294967295,0,0
oInvCollPH,592,256,0025EA3D,0,1,1,4294967295,0,0
oInvCollPH,592,272,0016E0A8,0,1,1,4294967295,0,0
oInvCollPH,592,288,0021A025,0,1,1,4294967295,0,0
oInvCollPH,592,304,0011A1A5,0,1,1,4294967295,0,0
oInvCollPH,592,320,00009C83,0,1,1,4294967295,0,0
oInvCollPH,592,336,0036A3D1,0,1,1,4294967295,0,0
oInvCollPH,592,352,001DD062,0,1,1,4294967295,0,0
oInvCollPH,592,368,003269A3,0,1,1,4294967295,0,0
oInvCollPH,592,384,00380C6D,0,1,1,4294967295,0,0
oInvCollPH,352,352,00081EFB,0,1,1,4294967295,0,0
oInvCollPH,352,368,002B41A5,0,1,1,4294967295,0,0
oInvCollPH,352,384,00002022,0,1,1,4294967295,0,0
oInvCollPH,352,400,003FBE15,0,1,1,4294967295,0,0
oInvCollPH,368,400,002F48E5,0,1,1,4294967295,0,0
oInvCollPH,384,400,0002F029,0,1,1,4294967295,0,0
oInvCollPH,400,400,00374C90,0,1,1,4294967295,0,0
oInvCollPH,416,400,000451B7,0,1,1,4294967295,0,0
oInvCollPH,432,400,0005D147,0,1,1,4294967295,0,0
oInvCollPH,448,400,003FE2D3,0,1,1,4294967295,0,0
oInvCollPH,464,400,003A7D50,0,1,1,4294967295,0,0
oInvCollPH,480,400,0003F5F3,0,1,1,4294967295,0,0
oInvCollPH,496,400,0033B902,0,1,1,4294967295,0,0
oInvCollPH,592,400,00151C95,0,1,1,4294967295,0,0
oInvCollPH,752,352,002B196E,0,1,1,4294967295,0,0
oInvCollPH,768,352,0029882E,0,1,1,4294967295,0,0
oInvCollPH,784,352,00166F9B,0,1,1,4294967295,0,0
oInvCollPH,800,352,002EE1AB,0,1,1,4294967295,0,0
oInvCollPH,816,352,003AE90A,0,1,1,4294967295,0,0
oInvCollPH,832,352,00145B9E,0,1,1,4294967295,0,0
oInvCollPH,848,352,0004ACEC,0,1,1,4294967295,0,0
oInvCollPH,736,368,000256EA,0,1,1,4294967295,0,0
oInvCollPH,736,384,00047567,0,1,1,4294967295,0,0
oInvCollPH,736,400,0002C5E0,0,1,1,4294967295,0,0
oInvCollPH,736,416,0038DE92,0,1,1,4294967295,0,0
oInvCollPH,736,432,00079C5A,0,1,1,4294967295,0,0
oInvCollPH,736,448,0023F3B5,0,1,1,4294967295,0,0
oInvCollPH,736,464,00093BF6,0,1,1,4294967295,0,0
oInvCollPH,736,480,00097AFC,0,1,1,4294967295,0,0
oInvCollPH,736,496,002FA5D2,0,1,1,4294967295,0,0
oInvCollPH,736,688,002A158F,0,1,1,4294967295,0,0
oInvCollPH,736,672,002386F2,0,1,1,4294967295,0,0
oInvCollPH,736,656,003F4C5E,0,1,1,4294967295,0,0
oInvCollPH,736,640,002327F2,0,1,1,4294967295,0,0
oInvCollPH,736,624,0004E68E,0,1,1,4294967295,0,0
oInvCollPH,736,608,0006CE1D,0,1,1,4294967295,0,0
oInvCollPH,736,592,001822FE,0,1,1,4294967295,0,0
oInvCollPH,736,576,00275F9E,0,1,1,4294967295,0,0
oInvCollPH,736,560,0039D5DB,0,1,1,4294967295,0,0
oInvCollPH,736,544,0018A26F,0,1,1,4294967295,0,0
oInvCollPH,736,528,003EA7AC,0,1,1,4294967295,0,0
oInvCollPH,736,512,002F4ED3,0,1,1,4294967295,0,0
oInvCollPH,880,352,001EE446,0,1,1,4294967295,0,0
oInvCollPH,864,352,002FA9CD,0,1,1,4294967295,0,0
oInvCollPH,896,352,000DD26D,0,1,1,4294967295,0,0
oInvCollPH,912,352,0004E592,0,1,1,4294967295,0,0
oInvCollPH,928,352,00160886,0,1,1,4294967295,0,0
oInvCollPH,944,352,000CA904,0,1,1,4294967295,0,0
oInvCollPH,960,352,003A7182,0,1,1,4294967295,0,0
oInvCollPH,976,352,0006A054,0,1,1,4294967295,0,0
oInvCollPH,992,352,0027976D,0,1,1,4294967295,0,0
oInvCollPH,1008,352,000312CA,0,1,1,4294967295,0,0
oInvCollPH,1008,368,0023494B,0,1,1,4294967295,0,0
oInvCollPH,1008,384,0001DB8C,0,1,1,4294967295,0,0
oInvCollPH,1008,400,0038876A,0,1,1,4294967295,0,0
oInvCollPH,1008,416,00223B28,0,1,1,4294967295,0,0
oInvCollPH,1008,432,00326AD0,0,1,1,4294967295,0,0
oInvCollPH,1008,448,00092DAF,0,1,1,4294967295,0,0
oInvCollPH,1008,464,0021A16A,0,1,1,4294967295,0,0
oInvCollPH,1040,480,00049420,0,1,1,4294967295,0,0
oInvCollPH,1056,480,0034993D,0,1,1,4294967295,0,0
oInvCollPH,1072,480,002E5411,0,1,1,4294967295,0,0
oInvCollPH,1088,480,003F482B,0,1,1,4294967295,0,0
oInvCollPH,1104,480,003903A3,0,1,1,4294967295,0,0
oInvCollPH,1120,480,002D04FF,0,1,1,4294967295,0,0
oInvCollPH,1136,480,001BCBB0,0,1,1,4294967295,0,0
oInvCollPH,1152,480,001E34E4,0,1,1,4294967295,0,0
oInvCollPH,1168,480,000374D2,0,1,1,4294967295,0,0
oInvCollPH,1168,496,003081C0,0,1,1,4294967295,0,0
oInvCollPH,1168,512,001AD062,0,1,1,4294967295,0,0
oInvCollPH,1168,528,00017130,0,1,1,4294967295,0,0
oInvCollPH,1168,544,002830FC,0,1,1,4294967295,0,0
oInvCollPH,1168,608,001CF50C,0,1,1,4294967295,0,0
oInvCollPH,1168,592,0002B4A5,0,1,1,4294967295,0,0
oInvCollPH,1168,576,0039577E,0,1,1,4294967295,0,0
oInvCollPH,1168,560,002B6545,0,1,1,4294967295,0,0
oInvCollPH,1168,624,003828EF,0,1,1,4294967295,0,0
oInvCollPH,1168,640,0027E3CA,0,1,1,4294967295,0,0
oInvCollPH,1168,656,002E5697,0,1,1,4294967295,0,0
oInvCollPH,1168,672,000D579E,0,1,1,4294967295,0,0
oInvCollPH,1168,688,003A6B3E,0,1,1,4294967295,0,0
oInvCollPH,1248,16,0015D752,0,1,1,4294967295,0,0
oInvCollPH,1248,32,00280C22,0,1,1,4294967295,0,0
oInvCollPH,1248,48,0006B637,0,1,1,4294967295,0,0
oInvCollPH,1248,64,000D0D33,0,1,1,4294967295,0,0
oInvCollPH,1248,80,000EE4E1,0,1,1,4294967295,0,0
oInvCollPH,1248,96,002C542C,0,1,1,4294967295,0,0
oInvCollPH,1248,112,003F717A,0,1,1,4294967295,0,0
oInvCollPH,1248,128,003C381E,0,1,1,4294967295,0,0
oInvCollPH,1248,144,0017E247,0,1,1,4294967295,0,0
oInvCollPH,1264,144,0004CBEC,0,1,1,4294967295,0,0
oInvCollPH,1280,144,00400439,0,1,1,4294967295,0,0
oInvCollPH,1296,144,002B8AAB,0,1,1,4294967295,0,0
oInvCollPH,1312,144,00075200,0,1,1,4294967295,0,0
oInvCollPH,1328,144,00350678,0,1,1,4294967295,0,0
oInvCollPH,1408,144,002DFCC5,0,1,1,4294967295,0,0
oInvCollPH,1424,144,000F56BA,0,1,1,4294967295,0,0
oInvCollPH,1440,144,001B6FCD,0,1,1,4294967295,0,0
oInvCollPH,1456,144,00142641,0,1,1,4294967295,0,0
oInvCollPH,1472,144,000A3C14,0,1,1,4294967295,0,0
oInvCollPH,1488,144,004019A1,0,1,1,4294967295,0,0
oInvCollPH,1488,128,0035FB26,0,1,1,4294967295,0,0
oInvCollPH,1488,112,002688FE,0,1,1,4294967295,0,0
oInvCollPH,1488,96,003361EF,0,1,1,4294967295,0,0
oInvCollPH,1488,80,001FF18C,0,1,1,4294967295,0,0
oInvCollPH,1488,64,003A0D40,0,1,1,4294967295,0,0
oInvCollPH,1488,48,00168C49,0,1,1,4294967295,0,0
oInvCollPH,1488,32,00025F63,0,1,1,4294967295,0,0
oInvCollPH,1488,16,0031C286,0,1,1,4294967295,0,0
oInvCollPH,1488,0,0025578B,0,1,1,4294967295,0,0
oInvCollPH,1344,176,001A56C0,0,1,1,4294967295,0,0
oInvCollPH,1344,192,002EFCD2,0,1,1,4294967295,0,0
oInvCollPH,1344,208,001F76F2,0,1,1,4294967295,0,0
oInvCollPH,1344,224,00285F28,0,1,1,4294967295,0,0
oInvCollPH,1344,240,000E4704,0,1,1,4294967295,0,0
oInvCollPH,1344,256,0033B160,0,1,1,4294967295,0,0
oInvCollPH,1344,272,00237DA1,0,1,1,4294967295,0,0
oInvCollPH,1344,288,0028061C,0,1,1,4294967295,0,0
oInvCollPH,1344,304,00262420,0,1,1,4294967295,0,0
oInvCollPH,1344,464,002714C8,0,1,1,4294967295,0,0
oInvCollPH,1344,448,0005BCBB,0,1,1,4294967295,0,0
oInvCollPH,1344,432,003370DD,0,1,1,4294967295,0,0
oInvCollPH,1344,416,001CCEDF,0,1,1,4294967295,0,0
oInvCollPH,1344,400,0010101B,0,1,1,4294967295,0,0
oInvCollPH,1344,384,0034017A,0,1,1,4294967295,0,0
oInvCollPH,1344,368,00139BF3,0,1,1,4294967295,0,0
oInvCollPH,1344,352,00300B75,0,1,1,4294967295,0,0
oInvCollPH,1344,336,001D722A,0,1,1,4294967295,0,0
oInvCollPH,1344,320,003ACA00,0,1,1,4294967295,0,0
oInvCollPH,1360,464,003BD80C,0,1,1,4294967295,0,0
oInvCollPH,1376,464,000179E1,0,1,1,4294967295,0,0
oInvCollPH,1392,464,001F0A66,0,1,1,4294967295,0,0
oInvCollPH,1392,448,00327659,0,1,1,4294967295,0,0
oInvCollPH,1392,432,00249512,0,1,1,4294967295,0,0
oInvCollPH,1392,416,001A6E88,0,1,1,4294967295,0,0
oInvCollPH,1392,400,00106416,0,1,1,4294967295,0,0
oInvCollPH,1392,384,0000E6D0,0,1,1,4294967295,0,0
oInvCollPH,1392,368,00283BE0,0,1,1,4294967295,0,0
oInvCollPH,1392,352,0026A60C,0,1,1,4294967295,0,0
oInvCollPH,1392,336,001E2209,0,1,1,4294967295,0,0
oInvCollPH,1392,320,0004559E,0,1,1,4294967295,0,0
oInvCollPH,1392,304,0009A9F6,0,1,1,4294967295,0,0
oInvCollPH,1392,288,000BE799,0,1,1,4294967295,0,0
oInvCollPH,1392,272,0024BEB9,0,1,1,4294967295,0,0
oInvCollPH,1392,256,00179FCC,0,1,1,4294967295,0,0
oInvCollPH,1392,240,003BCBBE,0,1,1,4294967295,0,0
oInvCollPH,1392,224,000F1942,0,1,1,4294967295,0,0
oInvCollPH,1392,208,001593F5,0,1,1,4294967295,0,0
oInvCollPH,1392,192,0025DCCA,0,1,1,4294967295,0,0
oInvCollPH,1392,176,000A4DEC,0,1,1,4294967295,0,0
oInvCollPH,1392,160,002537C8,0,1,1,4294967295,0,0
oInvCollPH,1312,576,003BCECC,0,1,1,4294967295,0,0
oInvCollPH,1296,576,001D9330,0,1,1,4294967295,0,0
oInvCollPH,1280,624,0028C728,0,1,1,4294967295,0,0
oInvCollPH,1328,576,002D2215,0,1,1,4294967295,0,0
oInvCollPH,1344,576,0006CD39,0,1,1,4294967295,0,0
oInvCollPH,1360,576,00076501,0,1,1,4294967295,0,0
oInvCollPH,1376,576,002CC6AB,0,1,1,4294967295,0,0
oInvCollPH,1392,576,00162D95,0,1,1,4294967295,0,0
oInvCollPH,1408,576,0013011D,0,1,1,4294967295,0,0
oInvCollPH,1424,576,001BFF50,0,1,1,4294967295,0,0
oInvCollPH,1280,640,00386BF4,0,1,1,4294967295,0,0
oInvCollPH,1280,656,0006310A,0,1,1,4294967295,0,0
oInvCollPH,1280,672,003CF1AC,0,1,1,4294967295,0,0
oInvCollPH,1280,688,00370B32,0,1,1,4294967295,0,0
oInvCollPH,1424,592,000AC59F,0,1,1,4294967295,0,0
oInvCollPH,1424,608,001C80BF,0,1,1,4294967295,0,0
oInvCollPH,1424,624,0000C84F,0,1,1,4294967295,0,0
oInvCollPH,1424,640,00075184,0,1,1,4294967295,0,0
oInvCollPH,1424,656,0034F1E5,0,1,1,4294967295,0,0
oInvCollPH,1424,672,001CE8FD,0,1,1,4294967295,0,0
oInvCollPH,1424,688,00161704,0,1,1,4294967295,0,0
oInvCollPH,1568,272,00319277,0,1,1,4294967295,0,0
oInvCollPH,1568,288,002A013E,0,1,1,4294967295,0,0
oInvCollPH,1568,304,003408A0,0,1,1,4294967295,0,0
oInvCollPH,1584,304,002B284A,0,1,1,4294967295,0,0
oInvCollPH,1600,304,001BD9E0,0,1,1,4294967295,0,0
oInvCollPH,1616,304,003E5FD0,0,1,1,4294967295,0,0
oInvCollPH,1632,304,003834EC,0,1,1,4294967295,0,0
oInvCollPH,1648,304,00291E04,0,1,1,4294967295,0,0
oInvCollPH,1664,304,002CEDEA,0,1,1,4294967295,0,0
oInvCollPH,1680,304,001CFC75,0,1,1,4294967295,0,0
oInvCollPH,1680,288,000C2DD4,0,1,1,4294967295,0,0
oInvCollPH,1680,272,00223B6F,0,1,1,4294967295,0,0
oInvCollPH,1680,256,00226AE4,0,1,1,4294967295,0,0
oInvCollPH,1664,256,001AA183,0,1,1,4294967295,0,0
oInvCollPH,1648,256,0021287D,0,1,1,4294967295,0,0
oInvCollPH,1632,256,0020CDAC,0,1,1,4294967295,0,0
oInvCollPH,1616,256,002B122B,0,1,1,4294967295,0,0
oInvCollPH,1600,256,0020B4B4,0,1,1,4294967295,0,0
oInvCollPH,1584,256,0013D522,0,1,1,4294967295,0,0
oInvCollPH,384,16,00278297,0,1,1,4294967295,0,0
oInvCollPH,384,32,00149AFB,0,1,1,4294967295,0,0
oInvCollPH,384,48,000AAED4,0,1,1,4294967295,0,0
oInvCollPH,384,112,001B3999,0,1,1,4294967295,0,0
oInvCollPH,384,96,0016669A,0,1,1,4294967295,0,0
oInvCollPH,384,80,00385836,0,1,1,4294967295,0,0
oInvCollPH,384,64,003643E8,0,1,1,4294967295,0,0
oInvCollPH,432,0,00280E55,0,1,1,4294967295,0,0
oInvCollPH,432,16,003FB503,0,1,1,4294967295,0,0
oInvCollPH,432,32,0013017A,0,1,1,4294967295,0,0
oInvCollPH,432,48,00390B69,0,1,1,4294967295,0,0
oInvCollPH,432,64,000A709C,0,1,1,4294967295,0,0
oInvCollPH,432,80,000EA14E,0,1,1,4294967295,0,0
oInvCollPH,432,96,0033A165,0,1,1,4294967295,0,0
oInvCollPH,432,112,000AEFC4,0,1,1,4294967295,0,0
oInvCollPH,432,128,0039F308,0,1,1,4294967295,0,0
oInvCollPH,432,144,00239CA2,0,1,1,4294967295,0,0
oInvCollPH,432,160,0026DA75,0,1,1,4294967295,0,0
oInvCollPH,432,176,00062152,0,1,1,4294967295,0,0
oInvCollPH,1280,592,001F73DC,0,1,1,4294967295,0,0
oInvCollPH,1280,608,00088147,0,1,1,4294967295,0,0
oInvCollPH,1888,16,00368137,0,1,1,4294967295,0,0
oInvCollPH,1888,32,0036947C,0,1,1,4294967295,0,0
oInvCollPH,1888,48,0034CA59,0,1,1,4294967295,0,0
oInvCollPH,1888,64,000123BE,0,1,1,4294967295,0,0
oInvCollPH,1888,144,001CE035,0,1,1,4294967295,0,0
oInvCollPH,1888,128,003D74E1,0,1,1,4294967295,0,0
oInvCollPH,1888,112,000065DA,0,1,1,4294967295,0,0
oInvCollPH,1888,96,003BC649,0,1,1,4294967295,0,0
oInvCollPH,1888,80,0028C4A7,0,1,1,4294967295,0,0
oInvCollPH,1888,160,001BEA80,0,1,1,4294967295,0,0
oInvCollPH,1888,176,0014F777,0,1,1,4294967295,0,0
oInvCollPH,1888,192,003FA1B1,0,1,1,4294967295,0,0
oInvCollPH,1888,208,001409BB,0,1,1,4294967295,0,0
oInvCollPH,1888,224,00061A82,0,1,1,4294967295,0,0
oInvCollPH,1888,240,003B64CB,0,1,1,4294967295,0,0
oInvCollPH,1904,240,000619E2,0,1,1,4294967295,0,0
oInvCollPH,1904,224,0028C687,0,1,1,4294967295,0,0
oInvCollPH,1904,208,003273F0,0,1,1,4294967295,0,0
oInvCollPH,1904,192,000D02F5,0,1,1,4294967295,0,0
oInvCollPH,1904,176,0036CBE4,0,1,1,4294967295,0,0
oInvCollPH,1904,160,0016F859,0,1,1,4294967295,0,0
oInvCollPH,1904,144,0027BC3A,0,1,1,4294967295,0,0
oInvCollPH,1904,128,000AED21,0,1,1,4294967295,0,0
oInvCollPH,1904,112,000FD366,0,1,1,4294967295,0,0
oInvCollPH,1904,96,0036F146,0,1,1,4294967295,0,0
oInvCollPH,1904,80,001FBDC5,0,1,1,4294967295,0,0
oInvCollPH,1904,64,000DF55C,0,1,1,4294967295,0,0
oInvCollPH,1904,48,0039F92C,0,1,1,4294967295,0,0
oInvCollPH,1904,32,001CB554,0,1,1,4294967295,0,0
oInvCollPH,1904,16,0003B670,0,1,1,4294967295,0,0
oInvCollPH,1904,0,001FEBD4,0,1,1,4294967295,0,0
oInvCollPH,1792,400,00258CDF,0,1,1,4294967295,0,0
oInvCollPH,1792,416,00285B51,0,1,1,4294967295,0,0
oInvCollPH,1792,432,0034B118,0,1,1,4294967295,0,0
oInvCollPH,1808,384,0027DC17,0,1,1,4294967295,0,0
oInvCollPH,1824,384,003C7BAA,0,1,1,4294967295,0,0
oInvCollPH,1840,384,003DDE40,0,1,1,4294967295,0,0
oInvCollPH,1904,384,00216694,0,1,1,4294967295,0,0
oInvCollPH,1888,384,00278833,0,1,1,4294967295,0,0
oInvCollPH,1872,384,000D20A5,0,1,1,4294967295,0,0
oInvCollPH,1856,384,00322B49,0,1,1,4294967295,0,0
oInvCollPH,1920,384,001A0E58,0,1,1,4294967295,0,0
oInvCollPH,1936,384,001DC0D1,0,1,1,4294967295,0,0
oInvCollPH,1792,448,002FAB72,0,1,1,4294967295,0,0
oInvCollPH,1792,464,003E3B79,0,1,1,4294967295,0,0
oInvCollPH,1792,480,0039F263,0,1,1,4294967295,0,0
oInvCollPH,1792,496,00001010,0,1,1,4294967295,0,0
oInvCollPH,1808,496,00040279,0,1,1,4294967295,0,0
oInvCollPH,1824,496,001C199F,0,1,1,4294967295,0,0
oInvCollPH,1840,496,00091501,0,1,1,4294967295,0,0
oInvCollPH,1856,496,0021771F,0,1,1,4294967295,0,0
oInvCollPH,1872,496,001FEFD0,0,1,1,4294967295,0,0
oInvCollPH,1888,496,003D8FC4,0,1,1,4294967295,0,0
oInvCollPH,1904,496,00149747,0,1,1,4294967295,0,0
oInvCollPH,1920,496,001E554B,0,1,1,4294967295,0,0
oInvCollPH,1936,496,001A322B,0,1,1,4294967295,0,0
oInvCollPH,1952,496,0029F7CE,0,1,1,4294967295,0,0
oInvCollPH,1968,496,0016D9CD,0,1,1,4294967295,0,0
oInvCollPH,1984,496,002CCA2D,0,1,1,4294967295,0,0
oInvCollPH,2000,496,0002B774,0,1,1,4294967295,0,0
oInvCollPH,2016,496,002D0EF8,0,1,1,4294967295,0,0
oInvCollPH,2032,496,00258C93,0,1,1,4294967295,0,0
oInvCollPH,2048,496,003770F3,0,1,1,4294967295,0,0
oInvCollPH,2064,496,0018F1A5,0,1,1,4294967295,0,0
oInvCollPH,2080,496,0002BD64,0,1,1,4294967295,0,0
oInvCollPH,2096,496,001F5ACC,0,1,1,4294967295,0,0
oInvCollPH,2096,480,0028D7FC,0,1,1,4294967295,0,0
oInvCollPH,2096,464,0008FE45,0,1,1,4294967295,0,0
oInvCollPH,2096,448,002B57FB,0,1,1,4294967295,0,0
oInvCollPH,2096,432,001C17E3,0,1,1,4294967295,0,0
oInvCollPH,2096,416,000738A5,0,1,1,4294967295,0,0
oInvCollPH,2096,400,00056424,0,1,1,4294967295,0,0
oInvCollPH,2096,384,0026CBE6,0,1,1,4294967295,0,0
oInvCollPH,2080,384,000C994B,0,1,1,4294967295,0,0
oInvCollPH,2064,384,003343DE,0,1,1,4294967295,0,0
oInvCollPH,2048,384,00266ADC,0,1,1,4294967295,0,0
oInvCollPH,2032,384,0032CF87,0,1,1,4294967295,0,0
oInvCollPH,2016,384,00075287,0,1,1,4294967295,0,0
oInvCollPH,2000,384,00319D8C,0,1,1,4294967295,0,0
oInvCollPH,1984,384,002F0DB2,0,1,1,4294967295,0,0
oInvCollPH,1968,384,001E34A1,0,1,1,4294967295,0,0
oInvCollPH,1952,384,00015E8C,0,1,1,4294967295,0,0
oInvCollPH,2176,656,000E024D,0,1,1,4294967295,0,0
oInvCollPH,2176,672,001348E5,0,1,1,4294967295,0,0
oInvCollPH,2176,688,003D95C1,0,1,1,4294967295,0,0
oInvCollPH,2192,640,0020502B,0,1,1,4294967295,0,0
oInvCollPH,2208,640,003523EF,0,1,1,4294967295,0,0
oInvCollPH,2224,640,00165E68,0,1,1,4294967295,0,0
oInvCollPH,2240,640,0022F46B,0,1,1,4294967295,0,0
oInvCollPH,2256,640,002E5484,0,1,1,4294967295,0,0
oInvCollPH,2272,640,000D75B7,0,1,1,4294967295,0,0
oInvCollPH,2288,640,000CBE34,0,1,1,4294967295,0,0
oInvCollPH,2304,640,00307481,0,1,1,4294967295,0,0
oInvCollPH,2320,640,00104D1A,0,1,1,4294967295,0,0
oInvCollPH,2336,640,003C54F9,0,1,1,4294967295,0,0
oInvCollPH,2352,640,001B6080,0,1,1,4294967295,0,0
oInvCollPH,2368,640,000575AB,0,1,1,4294967295,0,0
oInvCollPH,2384,640,0012E9C4,0,1,1,4294967295,0,0
oInvCollPH,2400,640,000B0396,0,1,1,4294967295,0,0
oInvCollPH,2416,640,0010B8FF,0,1,1,4294967295,0,0
oInvCollPH,2432,640,000E2EC4,0,1,1,4294967295,0,0
oInvCollPH,2448,640,002D9495,0,1,1,4294967295,0,0
oInvCollPH,2464,640,0007A4A5,0,1,1,4294967295,0,0
oInvCollPH,2480,640,0003877D,0,1,1,4294967295,0,0
oInvCollPH,2496,640,000BBBB6,0,1,1,4294967295,0,0
oInvCollPH,2512,640,00180250,0,1,1,4294967295,0,0
oInvCollPH,2528,640,003AE184,0,1,1,4294967295,0,0
oInvCollPH,2544,640,003C0B25,0,1,1,4294967295,0,0
oInvCollPH,2560,640,00291D8C,0,1,1,4294967295,0,0
oInvCollPH,2576,640,003BB10F,0,1,1,4294967295,0,0
oInvCollPH,2592,640,0037383D,0,1,1,4294967295,0,0
oInvCollPH,2608,640,00258044,0,1,1,4294967295,0,0
oInvCollPH,2624,640,0002930B,0,1,1,4294967295,0,0
oInvCollPH,2640,640,00078723,0,1,1,4294967295,0,0
oInvCollPH,2656,640,00349BE4,0,1,1,4294967295,0,0
oInvCollPH,2672,640,0039318A,0,1,1,4294967295,0,0
oInvCollPH,2688,640,000F9E92,0,1,1,4294967295,0,0
oInvCollPH,2704,640,0006ED79,0,1,1,4294967295,0,0
oInvCollPH,2720,640,003058B6,0,1,1,4294967295,0,0
oInvCollPH,2736,640,003DE762,0,1,1,4294967295,0,0
oInvCollPH,2752,640,00098668,0,1,1,4294967295,0,0
oInvCollPH,2768,640,0039E9DA,0,1,1,4294967295,0,0
oInvCollPH,2784,640,003B2A29,0,1,1,4294967295,0,0
oInvCollPH,2800,640,00097AD6,0,1,1,4294967295,0,0
oInvCollPH,2816,640,001C4FDB,0,1,1,4294967295,0,0
oInvCollPH,2832,640,001F6D6B,0,1,1,4294967295,0,0
oInvCollPH,2848,640,0038417D,0,1,1,4294967295,0,0
oInvCollPH,2864,640,003A2F3F,0,1,1,4294967295,0,0
oInvCollPH,2880,640,002CA6B9,0,1,1,4294967295,0,0
oInvCollPH,2896,640,00349315,0,1,1,4294967295,0,0
oInvCollPH,2912,640,001D6C41,0,1,1,4294967295,0,0
oInvCollPH,2928,640,002FCA99,0,1,1,4294967295,0,0
oInvCollPH,2944,640,002D0341,0,1,1,4294967295,0,0
oInvCollPH,2960,640,0036910E,0,1,1,4294967295,0,0
oInvCollPH,2976,640,0012A68C,0,1,1,4294967295,0,0
oInvCollPH,2992,640,00271A2D,0,1,1,4294967295,0,0
oInvCollPH,2992,656,00076855,0,1,1,4294967295,0,0
oInvCollPH,2992,672,0010F58D,0,1,1,4294967295,0,0
oInvCollPH,2992,688,001FBE21,0,1,1,4294967295,0,0
oInvCollPH,2176,16,001AAD35,0,1,1,4294967295,0,0
oInvCollPH,2176,32,0033F25F,0,1,1,4294967295,0,0
oInvCollPH,2176,48,00277C1E,0,1,1,4294967295,0,0
oInvCollPH,2192,48,0027DC76,0,1,1,4294967295,0,0
oInvCollPH,2208,48,002911DF,0,1,1,4294967295,0,0
oInvCollPH,2224,48,00200666,0,1,1,4294967295,0,0
oInvCollPH,2240,48,003DA7F0,0,1,1,4294967295,0,0
oInvCollPH,2256,48,0001C0B7,0,1,1,4294967295,0,0
oInvCollPH,2272,48,0008D42D,0,1,1,4294967295,0,0
oInvCollPH,2288,48,00238806,0,1,1,4294967295,0,0
oInvCollPH,2304,48,00129495,0,1,1,4294967295,0,0
oInvCollPH,2320,48,000C1436,0,1,1,4294967295,0,0
oInvCollPH,2336,48,002829C1,0,1,1,4294967295,0,0
oInvCollPH,2352,48,000346E4,0,1,1,4294967295,0,0
oInvCollPH,2368,48,00122EAF,0,1,1,4294967295,0,0
oInvCollPH,2384,48,002A88B0,0,1,1,4294967295,0,0
oInvCollPH,2400,48,001E7076,0,1,1,4294967295,0,0
oInvCollPH,2416,48,001E75E1,0,1,1,4294967295,0,0
oInvCollPH,2432,48,000C885B,0,1,1,4294967295,0,0
oInvCollPH,2448,48,002E1B97,0,1,1,4294967295,0,0
oInvCollPH,2464,48,0030EAE4,0,1,1,4294967295,0,0
oInvCollPH,2480,48,00287652,0,1,1,4294967295,0,0
oInvCollPH,2496,48,003B0F89,0,1,1,4294967295,0,0
oInvCollPH,2512,48,0035E104,0,1,1,4294967295,0,0
oInvCollPH,2528,48,002F5664,0,1,1,4294967295,0,0
oInvCollPH,2544,48,002B3F2A,0,1,1,4294967295,0,0
oInvCollPH,2560,48,0021B10E,0,1,1,4294967295,0,0
oInvCollPH,2576,48,00083B77,0,1,1,4294967295,0,0
oInvCollPH,2592,48,001534AE,0,1,1,4294967295,0,0
oInvCollPH,2608,48,003461BC,0,1,1,4294967295,0,0
oInvCollPH,2624,48,002882AE,0,1,1,4294967295,0,0
oInvCollPH,2640,48,003DEB3D,0,1,1,4294967295,0,0
oInvCollPH,2656,48,002C0F96,0,1,1,4294967295,0,0
oInvCollPH,2672,48,002D4680,0,1,1,4294967295,0,0
oInvCollPH,2688,48,002D538C,0,1,1,4294967295,0,0
oInvCollPH,2704,48,0034E6E6,0,1,1,4294967295,0,0
oInvCollPH,2720,48,00093278,0,1,1,4294967295,0,0
oInvCollPH,2736,48,001D3745,0,1,1,4294967295,0,0
oInvCollPH,2752,48,00067EEF,0,1,1,4294967295,0,0
oInvCollPH,2768,48,002D2E3E,0,1,1,4294967295,0,0
oInvCollPH,2784,48,001ADE61,0,1,1,4294967295,0,0
oInvCollPH,2800,48,0004EF4F,0,1,1,4294967295,0,0
oInvCollPH,2816,48,00338347,0,1,1,4294967295,0,0
oInvCollPH,2832,48,003A03FB,0,1,1,4294967295,0,0
oInvCollPH,2848,48,002B2552,0,1,1,4294967295,0,0
oInvCollPH,2864,48,001C4FB2,0,1,1,4294967295,0,0
oInvCollPH,2880,48,000E6141,0,1,1,4294967295,0,0
oInvCollPH,2896,48,00278B51,0,1,1,4294967295,0,0
oInvCollPH,2912,48,00094E2E,0,1,1,4294967295,0,0
oInvCollPH,2928,48,0038F73F,0,1,1,4294967295,0,0
oInvCollPH,2944,48,001E8242,0,1,1,4294967295,0,0
oInvCollPH,2960,48,0008F17E,0,1,1,4294967295,0,0
oInvCollPH,2976,48,003A5084,0,1,1,4294967295,0,0
oInvCollPH,2992,48,00192908,0,1,1,4294967295,0,0
oInvCollPH,2992,32,00175AD9,0,1,1,4294967295,0,0
oInvCollPH,2992,16,0038C92F,0,1,1,4294967295,0,0
oInvCollPH,2992,0,0024915D,0,1,1,4294967295,0,0
oInvCollPH,3344,448,00258771,0,1,1,4294967295,0,0
oInvCollPH,3360,448,002A52A0,0,1,1,4294967295,0,0
oInvCollPH,3376,448,0025DEF0,0,1,1,4294967295,0,0
oInvCollPH,3328,496,0004E8FC,0,1,1,4294967295,0,0
oInvCollPH,3344,496,0009B668,0,1,1,4294967295,0,0
oInvCollPH,3360,496,0014B541,0,1,1,4294967295,0,0
oInvCollPH,3376,496,003CC37D,0,1,1,4294967295,0,0
oInvCollPH,3088,384,002D6E4B,0,1,1,4294967295,0,0
oInvCollPH,3104,384,003E99C0,0,1,1,4294967295,0,0
oInvCollPH,3120,384,0013E577,0,1,1,4294967295,0,0
oInvCollPH,3136,384,003CDDE4,0,1,1,4294967295,0,0
oInvCollPH,3152,384,004013CD,0,1,1,4294967295,0,0
oInvCollPH,3200,384,00111E48,0,1,1,4294967295,0,0
oInvCollPH,3184,384,001F1C45,0,1,1,4294967295,0,0
oInvCollPH,3168,384,00021C69,0,1,1,4294967295,0,0
oInvCollPH,3216,384,003819DE,0,1,1,4294967295,0,0
oInvCollPH,3072,400,00026315,0,1,1,4294967295,0,0
oInvCollPH,3072,416,0013337D,0,1,1,4294967295,0,0
oInvCollPH,3072,432,003A6984,0,1,1,4294967295,0,0
oInvCollPH,3072,448,0020C27E,0,1,1,4294967295,0,0
oInvCollPH,3072,464,002E4C03,0,1,1,4294967295,0,0
oInvCollPH,3072,480,0013EF2A,0,1,1,4294967295,0,0
oInvCollPH,3072,496,002EE230,0,1,1,4294967295,0,0
oInvCollPH,3088,496,00169F02,0,1,1,4294967295,0,0
oInvCollPH,3104,496,000EDCED,0,1,1,4294967295,0,0
oInvCollPH,3120,496,0018C8B5,0,1,1,4294967295,0,0
oInvCollPH,3136,496,0034CEF4,0,1,1,4294967295,0,0
oInvCollPH,3152,496,003D0006,0,1,1,4294967295,0,0
oInvCollPH,3168,496,002D5311,0,1,1,4294967295,0,0
oInvCollPH,3184,496,000F2C66,0,1,1,4294967295,0,0
oInvCollPH,3200,496,002B0BD5,0,1,1,4294967295,0,0
oInvCollPH,3216,496,0007BA1E,0,1,1,4294967295,0,0
oInvCollPH,3232,496,003EAB4D,0,1,1,4294967295,0,0
oInvCollPH,3248,496,001D637D,0,1,1,4294967295,0,0
oInvCollPH,3264,496,0009E508,0,1,1,4294967295,0,0
oInvCollPH,3280,496,0021E00B,0,1,1,4294967295,0,0
oInvCollPH,3296,496,0019B784,0,1,1,4294967295,0,0
oInvCollPH,3312,496,00372B6D,0,1,1,4294967295,0,0
oInvCollPH,3312,432,00088BB4,0,1,1,4294967295,0,0
oInvCollPH,3312,416,0013D914,0,1,1,4294967295,0,0
oInvCollPH,3312,400,0037718E,0,1,1,4294967295,0,0
oInvCollPH,3312,384,00189D39,0,1,1,4294967295,0,0
oInvCollPH,3296,384,0012B398,0,1,1,4294967295,0,0
oInvCollPH,3280,384,00169E66,0,1,1,4294967295,0,0
oInvCollPH,3264,384,001DC6A2,0,1,1,4294967295,0,0
oInvCollPH,3248,384,0014419E,0,1,1,4294967295,0,0
oInvCollPH,3232,384,00273C72,0,1,1,4294967295,0,0
oInvCollPH,3408,448,001437D7,0,1,1,4294967295,0,0
oInvCollPH,3424,448,001E2F7C,0,1,1,4294967295,0,0
oInvCollPH,3440,448,00093A46,0,1,1,4294967295,0,0
oInvCollPH,3456,448,0039403B,0,1,1,4294967295,0,0
oInvCollPH,3536,448,000BBF7A,0,1,1,4294967295,0,0
oInvCollPH,3520,448,0001C23D,0,1,1,4294967295,0,0
oInvCollPH,3504,448,001B4BEF,0,1,1,4294967295,0,0
oInvCollPH,3488,448,0033A3B0,0,1,1,4294967295,0,0
oInvCollPH,3472,448,0020E67F,0,1,1,4294967295,0,0
oInvCollPH,3760,448,0029A62D,0,1,1,4294967295,0,0
oInvCollPH,3776,448,00091054,0,1,1,4294967295,0,0
oInvCollPH,3792,448,0008F125,0,1,1,4294967295,0,0
oInvCollPH,3808,448,00194679,0,1,1,4294967295,0,0
oInvCollPH,3824,448,0030437B,0,1,1,4294967295,0,0
oInvCollPH,3680,448,002FBA3C,0,1,1,4294967295,0,0
oInvCollPH,3696,448,00247379,0,1,1,4294967295,0,0
oInvCollPH,3712,448,00344B7A,0,1,1,4294967295,0,0
oInvCollPH,3728,448,0028D9A0,0,1,1,4294967295,0,0
oInvCollPH,3744,448,001EABF3,0,1,1,4294967295,0,0
oInvCollPH,3664,448,00022838,0,1,1,4294967295,0,0
oInvCollPH,3648,448,002303A9,0,1,1,4294967295,0,0
oInvCollPH,3632,448,003C5A31,0,1,1,4294967295,0,0
oInvCollPH,3616,448,00143E44,0,1,1,4294967295,0,0
oInvCollPH,3600,448,00227946,0,1,1,4294967295,0,0
oInvCollPH,3584,448,000B6EE9,0,1,1,4294967295,0,0
oInvCollPH,3568,448,001CF95C,0,1,1,4294967295,0,0
oInvCollPH,3552,448,00167BAD,0,1,1,4294967295,0,0
oInvCollPH,3392,512,0034544C,0,1,1,4294967295,0,0
oInvCollPH,3392,528,002DCB87,0,1,1,4294967295,0,0
oInvCollPH,3392,544,003FBD4A,0,1,1,4294967295,0,0
oInvCollPH,3392,560,000D7D81,0,1,1,4294967295,0,0
oInvCollPH,3408,560,0024245A,0,1,1,4294967295,0,0
oInvCollPH,3424,560,0005A1FA,0,1,1,4294967295,0,0
oInvCollPH,3440,560,00048952,0,1,1,4294967295,0,0
oInvCollPH,3456,560,0014A34C,0,1,1,4294967295,0,0
oInvCollPH,3472,560,000782CE,0,1,1,4294967295,0,0
oInvCollPH,3488,560,0018BEF0,0,1,1,4294967295,0,0
oInvCollPH,3504,560,00124324,0,1,1,4294967295,0,0
oInvCollPH,3520,560,0018C1F2,0,1,1,4294967295,0,0
oInvCollPH,3536,560,000ED8AC,0,1,1,4294967295,0,0
oInvCollPH,3552,560,003F173C,0,1,1,4294967295,0,0
oInvCollPH,3568,560,002C0112,0,1,1,4294967295,0,0
oInvCollPH,3584,560,002F9114,0,1,1,4294967295,0,0
oInvCollPH,3600,560,00328A2D,0,1,1,4294967295,0,0
oInvCollPH,3616,560,0003DBCA,0,1,1,4294967295,0,0
oInvCollPH,3632,560,0034CE83,0,1,1,4294967295,0,0
oInvCollPH,3648,560,002FA84A,0,1,1,4294967295,0,0
oInvCollPH,3664,560,0039F39C,0,1,1,4294967295,0,0
oInvCollPH,3680,560,003006EE,0,1,1,4294967295,0,0
oInvCollPH,3696,560,002A3857,0,1,1,4294967295,0,0
oInvCollPH,3712,560,00099F35,0,1,1,4294967295,0,0
oInvCollPH,3728,560,001146C7,0,1,1,4294967295,0,0
oInvCollPH,3744,560,000308B4,0,1,1,4294967295,0,0
oInvCollPH,3760,560,0029E235,0,1,1,4294967295,0,0
oInvCollPH,3776,560,001E39D5,0,1,1,4294967295,0,0
oInvCollPH,3792,560,003CE985,0,1,1,4294967295,0,0
oInvCollPH,3808,560,00101B8D,0,1,1,4294967295,0,0
oInvCollPH,3824,560,000DCDA1,0,1,1,4294967295,0,0
oInvCollPH,3296,240,003163DC,0,1,1,4294967295,0,0
oInvCollPH,3312,240,0038CD56,0,1,1,4294967295,0,0
oInvCollPH,3312,224,00375040,0,1,1,4294967295,0,0
oInvCollPH,3456,240,002513B2,0,1,1,4294967295,0,0
oInvCollPH,3472,240,0021B87D,0,1,1,4294967295,0,0
oInvCollPH,3472,224,002E23BC,0,1,1,4294967295,0,0
oInvCollPH,3616,240,000A807D,0,1,1,4294967295,0,0
oInvCollPH,3632,240,00052CB9,0,1,1,4294967295,0,0
oInvCollPH,3632,224,00349AE1,0,1,1,4294967295,0,0
oInvCollPH,3104,560,00033E04,0,1,1,4294967295,0,0
oInvCollPH,3104,576,000542B1,0,1,1,4294967295,0,0
oInvCollPH,3104,592,00289790,0,1,1,4294967295,0,0
oInvCollPH,3104,608,0032205F,0,1,1,4294967295,0,0
oInvCollPH,3104,624,003D6DED,0,1,1,4294967295,0,0
oInvCollPH,3104,640,001B530B,0,1,1,4294967295,0,0
oInvCollPH,3104,656,0004755B,0,1,1,4294967295,0,0
oInvCollPH,3104,672,003099EA,0,1,1,4294967295,0,0
oInvCollPH,3104,688,002AC14C,0,1,1,4294967295,0,0
oInvCollPH,3120,688,0025571F,0,1,1,4294967295,0,0
oInvCollPH,3120,672,000EBCFB,0,1,1,4294967295,0,0
oInvCollPH,3120,656,0009E99E,0,1,1,4294967295,0,0
oInvCollPH,3120,640,0007B6B4,0,1,1,4294967295,0,0
oInvCollPH,3120,544,000C29FB,0,1,1,4294967295,0,0
oInvCollPH,3120,576,00379733,0,1,1,4294967295,0,0
oInvCollPH,3120,592,0001BDBC,0,1,1,4294967295,0,0
oInvCollPH,3152,544,0035F625,0,1,1,4294967295,0,0
oInvCollPH,3168,544,0023929D,0,1,1,4294967295,0,0
oInvCollPH,3184,544,0037B481,0,1,1,4294967295,0,0
oInvCollPH,3184,560,00349F1B,0,1,1,4294967295,0,0
oInvCollPH,3168,560,00147A39,0,1,1,4294967295,0,0
oInvCollPH,3152,560,002FEFDE,0,1,1,4294967295,0,0
oInvCollPH,3136,560,000C06F1,0,1,1,4294967295,0,0
oInvCollPH,3152,608,00159D5A,0,1,1,4294967295,0,0
oInvCollPH,3168,608,0007BCF4,0,1,1,4294967295,0,0
oInvCollPH,3184,608,00076262,0,1,1,4294967295,0,0
oInvCollPH,3184,624,000787DF,0,1,1,4294967295,0,0
oInvCollPH,3168,624,0035529B,0,1,1,4294967295,0,0
oInvCollPH,3152,624,003A439F,0,1,1,4294967295,0,0
oInvCollPH,3136,624,000AA5EA,0,1,1,4294967295,0,0
oInvisibleSolid,0,544,0025B276,0,1,1,4294967295,0,1
oInvisibleSolid,0,608,001439DB,0,1,1,4294967295,0,1
oInvisibleSolid,192,192,00156466,0,1,1,4294967295,0,1
oInvisibleSolid,352,192,0035F946,0,1,1,4294967295,0,1
oInvisibleSolid,512,416,0016F8F9,0,1,1,4294967295,0,1
oInvisibleSolid,736,352,00169D0B,0,1,1,4294967295,0,1
oInvisibleSolid,1024,480,00222928,0,1,1,4294967295,0,1
oInvisibleSolid,1280,576,000A0441,0,1,1,4294967295,0,1
oInvisibleSolid,1344,160,00162522,0,1,1,4294967295,0,1
oInvisibleSolid,1248,0,00033F04,0,1,1,4294967295,0,1
oInvisibleSolid,1568,256,0032A9A6,0,1,1,4294967295,0,1
oInvisibleSolid,384,0,002F7DAA,0,1,1,4294967295,0,1
oCh19_WM_Pathset,528,592,000B24D2,0,1,1,4294967295,0,1
oCh19_WM_Pathset,608,592,0036995E,0,1,1,4294967295,0,1
oCh19_WM_Pathset,736,512,001EE37D,0,1,1,4294967295,0,1
oCh19_WM_Pathset,608,432,003456F1,0,1,1,4294967295,0,1
oCh19_WM_Pathset,736,368,002DED89,0,1,1,4294967295,0,1
oCh19_WM_Pathset,608,288,00008F96,0,1,1,4294967295,0,1
oCh19_WM_Pathset,1440,560,003F3455,0,1,1,4294967295,0,1
oCh19_WM_Pathset,992,336,001317DE,0,1,1,4294967295,0,1
oInvisibleSolid,1792,384,003C8536,0,1,1,4294967295,0,1
oInvisibleSolid,1888,0,00094146,0,1,1,4294967295,0,1
oInvisibleSolid,2176,0,00144B5E,0,1,1,4294967295,0,1
oInvisibleSolid,2176,640,002134AA,0,1,1,4294967295,0,1
oInvisibleSolid,2240,512,000D56EE,0,1,1,4294967295,0,1
oInvisibleSolid,3072,384,000E6FFA,0,1,1,4294967295,0,1
oInvisibleSolid,2240,128,000120C7,0,1,1,4294967295,0,1
oInvisibleSolid,2240,256,000FFE40,0,1,1,4294967295,0,1
oInvisibleSolid,2240,384,00289788,0,1,1,4294967295,0,1
oInvisibleSolid,2368,128,001972C6,0,1,1,4294967295,0,1
oInvisibleSolid,2496,128,00147055,0,1,1,4294967295,0,1
oInvisibleSolid,2624,128,00151356,0,1,1,4294967295,0,1
oInvisibleSolid,2752,128,00144EA3,0,1,1,4294967295,0,1
oInvisibleSolid,2880,128,002C1359,0,1,1,4294967295,0,1
oInvisibleSolid,2880,256,001DEDA2,0,1,1,4294967295,0,1
oInvisibleSolid,2752,256,000C134C,0,1,1,4294967295,0,1
oInvisibleSolid,2624,256,00403591,0,1,1,4294967295,0,1
oInvisibleSolid,2496,256,002F288B,0,1,1,4294967295,0,1
oInvisibleSolid,2368,256,001D8999,0,1,1,4294967295,0,1
oInvisibleSolid,2368,384,0038146A,0,1,1,4294967295,0,1
oInvisibleSolid,2368,512,002E2BE5,0,1,1,4294967295,0,1
oInvisibleSolid,2496,512,001979DD,0,1,1,4294967295,0,1
oInvisibleSolid,2496,384,00102F31,0,1,1,4294967295,0,1
oInvisibleSolid,2624,384,0009135C,0,1,1,4294967295,0,1
oInvisibleSolid,2752,384,0000C371,0,1,1,4294967295,0,1
oInvisibleSolid,2880,384,0031D6F8,0,1,1,4294967295,0,1
oInvisibleSolid,2624,512,00077787,0,1,1,4294967295,0,1
oInvisibleSolid,2752,512,002E04BE,0,1,1,4294967295,0,1
oInvisibleSolid,2880,512,0035BC44,0,1,1,4294967295,0,1
oInvisibleSolid,3328,448,00209642,0,1,1,4294967295,0,1
oInvisibleSolid,3392,448,00328930,0,1,1,4294967295,0,1
oInvisibleSolid,3296,224,00395231,0,1,1,4294967295,0,1
oInvisibleSolid,3456,224,0034049C,0,1,1,4294967295,0,1
oInvisibleSolid,3616,224,003CFB7D,0,1,1,4294967295,0,1
oInvisibleSolid,3136,544,00297A2B,0,1,1,4294967295,0,1
oInvisibleSolid,3136,608,0024C342,0,1,1,4294967295,0,1
oInvisibleSolid,3104,544,003AA041,0,1,1,4294967295,0,1
