oMCastle_TorchA,1000,304,00282C31,0,1,1,4294967295,0,0
oMCastle_TorchA,1128,240,0024D34C,0,1,1,4294967295,0,0
oMCastle_TorchA,1256,176,0010E278,0,1,1,4294967295,0,0
oMCastle_TorchA,640,368,003F415C,0,1,1,4294967295,0,0
oMCastle_TorchA,128,368,00343179,0,1,1,4294967295,0,0
oExit,0,384,00268B52,0,1,1,4294967295,0,1
oExit,1600,160,002FDD38,0,1,1,4294967295,0,1
oExit,512,384,00257DFD,0,1,1,4294967295,0,1
oExit,256,384,00400F4D,0,1,1,4294967295,0,1
oHealingPost,384,416,002B2C71,0,1,1,4294967295,0,0
oPlayer1,48,416,00388FA5,0,1,1,4294967295,0,0
oInvCollPH,16,416,001274FD,0,1,1,4294967295,0,0
oInvCollPH,32,416,001A556A,0,1,1,4294967295,0,0
oInvCollPH,48,416,003FA370,0,1,1,4294967295,0,0
oInvCollPH,64,416,002A3CB1,0,1,1,4294967295,0,0
oInvCollPH,80,416,002D40DB,0,1,1,4294967295,0,0
oInvCollPH,96,416,000B0A93,0,1,1,4294967295,0,0
oInvCollPH,112,416,001362A2,0,1,1,4294967295,0,0
oInvCollPH,128,416,00121BF3,0,1,1,4294967295,0,0
oInvCollPH,144,416,003E4BCD,0,1,1,4294967295,0,0
oInvCollPH,160,416,000FC110,0,1,1,4294967295,0,0
oInvCollPH,176,416,00265DB5,0,1,1,4294967295,0,0
oInvCollPH,192,416,0016BD53,0,1,1,4294967295,0,0
oInvCollPH,208,416,0004619D,0,1,1,4294967295,0,0
oInvCollPH,224,416,000F4F62,0,1,1,4294967295,0,0
oInvCollPH,240,416,00048C0D,0,1,1,4294967295,0,0
oInvCollPH,256,416,001703D9,0,1,1,4294967295,0,0
oInvCollPH,272,416,002EC99A,0,1,1,4294967295,0,0
oInvCollPH,288,416,00030D3A,0,1,1,4294967295,0,0
oInvCollPH,304,416,001133FB,0,1,1,4294967295,0,0
oInvCollPH,320,416,00050204,0,1,1,4294967295,0,0
oInvCollPH,336,416,003B3897,0,1,1,4294967295,0,0
oInvCollPH,352,416,0024A599,0,1,1,4294967295,0,0
oInvCollPH,368,416,00257B97,0,1,1,4294967295,0,0
oInvCollPH,384,416,0032D682,0,1,1,4294967295,0,0
oInvCollPH,400,416,00123FE5,0,1,1,4294967295,0,0
oInvCollPH,416,416,003E81F8,0,1,1,4294967295,0,0
oInvCollPH,432,416,0022F72D,0,1,1,4294967295,0,0
oInvCollPH,448,416,0016E2FD,0,1,1,4294967295,0,0
oInvCollPH,464,416,003F7EFD,0,1,1,4294967295,0,0
oInvCollPH,480,416,000FF90B,0,1,1,4294967295,0,0
oInvCollPH,496,416,0022989C,0,1,1,4294967295,0,0
oInvCollPH,512,416,00238135,0,1,1,4294967295,0,0
oInvCollPH,528,416,0037F9F3,0,1,1,4294967295,0,0
oInvCollPH,544,416,000368D1,0,1,1,4294967295,0,0
oInvCollPH,560,416,003AF9F3,0,1,1,4294967295,0,0
oInvCollPH,576,416,0011D268,0,1,1,4294967295,0,0
oInvCollPH,592,416,0037C126,0,1,1,4294967295,0,0
oInvCollPH,608,416,0002C7A4,0,1,1,4294967295,0,0
oInvCollPH,624,416,00295767,0,1,1,4294967295,0,0
oInvCollPH,0,240,001DE6E8,0,1,1,4294967295,0,0
oInvCollPH,96,240,00026FEE,0,1,1,4294967295,0,0
oInvCollPH,112,240,000DBA9F,0,1,1,4294967295,0,0
oInvCollPH,128,240,0039BD44,0,1,1,4294967295,0,0
oInvCollPH,144,240,0035ABF4,0,1,1,4294967295,0,0
oInvCollPH,240,240,002FD29A,0,1,1,4294967295,0,0
oInvCollPH,256,240,003D9912,0,1,1,4294967295,0,0
oInvCollPH,352,240,0015AE5F,0,1,1,4294967295,0,0
oInvCollPH,368,240,003515D0,0,1,1,4294967295,0,0
oInvCollPH,384,240,00313454,0,1,1,4294967295,0,0
oInvCollPH,400,240,00365BFC,0,1,1,4294967295,0,0
oInvCollPH,496,240,00398F8E,0,1,1,4294967295,0,0
oInvCollPH,512,240,00154B61,0,1,1,4294967295,0,0
oInvCollPH,640,416,001A2F9E,0,1,1,4294967295,0,0
oInvCollPH,656,416,0015C7BE,0,1,1,4294967295,0,0
oInvCollPH,672,416,00152BE9,0,1,1,4294967295,0,0
oInvCollPH,688,416,0005C933,0,1,1,4294967295,0,0
oInvCollPH,704,416,00395E12,0,1,1,4294967295,0,0
oInvCollPH,720,416,003CDE47,0,1,1,4294967295,0,0
oInvCollPH,736,416,003A8F0B,0,1,1,4294967295,0,0
oInvCollPH,752,416,00363C17,0,1,1,4294967295,0,0
oInvCollPH,768,416,0025BCD7,0,1,1,4294967295,0,0
oInvCollPH,784,416,0022CE4F,0,1,1,4294967295,0,0
oInvCollPH,800,416,003CE01B,0,1,1,4294967295,0,0
oInvCollPH,816,416,0027E56C,0,1,1,4294967295,0,0
oInvCollPH,832,416,00371364,0,1,1,4294967295,0,0
oInvCollPH,848,416,0034D990,0,1,1,4294967295,0,0
oInvCollPH,864,416,0002E654,0,1,1,4294967295,0,0
oInvCollPH,880,416,00308195,0,1,1,4294967295,0,0
oInvCollPH,896,416,00267E8F,0,1,1,4294967295,0,0
oInvCollPH,608,240,000AB325,0,1,1,4294967295,0,0
oInvCollPH,624,240,001338F9,0,1,1,4294967295,0,0
oInvCollPH,640,240,00200CDE,0,1,1,4294967295,0,0
oInvCollPH,656,240,0030168F,0,1,1,4294967295,0,0
oInvCollPH,752,240,003461F2,0,1,1,4294967295,0,0
oInvCollPH,768,240,00160851,0,1,1,4294967295,0,0
oInvCollPH,1376,16,00138527,0,1,1,4294967295,0,0
oInvCollPH,1472,16,0036CF76,0,1,1,4294967295,0,0
oInvCollPH,1488,16,00100EC3,0,1,1,4294967295,0,0
oInvCollPH,1584,16,002B400D,0,1,1,4294967295,0,0
oInvCollPH,1600,16,0033117F,0,1,1,4294967295,0,0
oInvCollPH,1360,32,00125492,0,1,1,4294967295,0,0
oInvCollPH,1376,192,001C253C,0,1,1,4294967295,0,0
oInvCollPH,1392,192,0018608C,0,1,1,4294967295,0,0
oInvCollPH,1408,192,0028D31A,0,1,1,4294967295,0,0
oInvCollPH,1472,192,000D4692,0,1,1,4294967295,0,0
oInvCollPH,1456,192,0020C0F9,0,1,1,4294967295,0,0
oInvCollPH,1440,192,000E4FA1,0,1,1,4294967295,0,0
oInvCollPH,1424,192,0000BFD4,0,1,1,4294967295,0,0
oInvCollPH,1488,192,0008D219,0,1,1,4294967295,0,0
oInvCollPH,1504,192,003A1AB5,0,1,1,4294967295,0,0
oInvCollPH,1520,192,003794A2,0,1,1,4294967295,0,0
oInvCollPH,1536,192,002E3463,0,1,1,4294967295,0,0
oInvCollPH,1552,192,002434E3,0,1,1,4294967295,0,0
oInvCollPH,1568,192,0020EA74,0,1,1,4294967295,0,0
oInvCollPH,1584,192,001B717A,0,1,1,4294967295,0,0
oInvCollPH,1600,192,00333C5A,0,1,1,4294967295,0,0
oInvisibleSolid,0,416,00259C67,0,1,1,4294967295,0,1
oInvisibleSolid,0,0,00104886,0,1,1,4294967295,0,1
oInvisibleRCeilingSlope,160,256,002C65CA,0,1,1,4294967295,0,0
oInvisibleRCeilingSlope,176,272,00394195,0,1,1,4294967295,0,0
oInvisibleRCeilingSlope,272,256,00378E6B,0,1,1,4294967295,0,0
oInvisibleRCeilingSlope,288,272,0018D329,0,1,1,4294967295,0,0
oInvisibleRCeilingSlope,416,256,001D21DA,0,1,1,4294967295,0,0
oInvisibleRCeilingSlope,432,272,00345B4C,0,1,1,4294967295,0,0
oInvisibleRCeilingSlope,528,256,0013DF3D,0,1,1,4294967295,0,0
oInvisibleRCeilingSlope,544,272,0006CDC5,0,1,1,4294967295,0,0
oInvisibleRCeilingSlope,16,256,0026EC62,0,1,1,4294967295,0,0
oInvisibleRCeilingSlope,32,272,001B87FA,0,1,1,4294967295,0,0
oInvisibleLCeilingSlope,64,272,00086BE5,0,1,1,4294967295,0,0
oInvisibleLCeilingSlope,80,256,002B53AE,0,1,1,4294967295,0,0
oInvisibleLCeilingSlope,208,272,000DA855,0,1,1,4294967295,0,0
oInvisibleLCeilingSlope,224,256,0029DFC7,0,1,1,4294967295,0,0
oInvisibleLCeilingSlope,320,272,003F0BB3,0,1,1,4294967295,0,0
oInvisibleLCeilingSlope,336,256,002394C3,0,1,1,4294967295,0,0
oInvisibleLCeilingSlope,464,272,00242A84,0,1,1,4294967295,0,0
oInvisibleLCeilingSlope,480,256,000A94B7,0,1,1,4294967295,0,0
oInvisibleLCeilingSlope,576,272,001B78B9,0,1,1,4294967295,0,0
oInvisibleLCeilingSlope,592,256,002BD24E,0,1,1,4294967295,0,0
oInvisibleSolid,48,272,00028675,0,1,1,4294967295,0,0
oInvisibleSolid,192,272,00082F14,0,1,1,4294967295,0,0
oInvisibleSolid,304,272,0007FB41,0,1,1,4294967295,0,0
oInvisibleSolid,448,272,001BBFCB,0,1,1,4294967295,0,0
oInvisibleSolid,560,272,000DFF5F,0,1,1,4294967295,0,0
oInvisibleSolid,544,256,003377EF,0,1,1,4294967295,0,1
oInvisibleSolid,432,256,0012058C,0,1,1,4294967295,0,1
oInvisibleSolid,288,256,0010F417,0,1,1,4294967295,0,1
oInvisibleSolid,176,256,000A04E8,0,1,1,4294967295,0,1
oInvisibleSolid,32,256,003413A3,0,1,1,4294967295,0,1
oInvisibleRupLowSlope,912,400,00044BA3,0,1,1,4294967295,0,0
oInvisibleRupLowSlope,944,384,001EDA01,0,1,1,4294967295,0,0
oInvisibleRupLowSlope,976,368,003673AC,0,1,1,4294967295,0,0
oInvisibleRupLowSlope,1008,352,002D3400,0,1,1,4294967295,0,0
oInvisibleRupLowSlope,1040,336,0032F6C2,0,1,1,4294967295,0,0
oInvisibleRupLowSlope,1072,320,002A177C,0,1,1,4294967295,0,0
oInvisibleRupLowSlope,1104,304,00236B00,0,1,1,4294967295,0,0
oInvisibleRupLowSlope,1136,288,00099636,0,1,1,4294967295,0,0
oInvisibleRupLowSlope,1168,272,003A2EB5,0,1,1,4294967295,0,0
oInvisibleRupLowSlope,1200,256,002A2F52,0,1,1,4294967295,0,0
oInvisibleRupLowSlope,1232,240,000F84A1,0,1,1,4294967295,0,0
oInvisibleRupLowSlope,1264,224,001BE79D,0,1,1,4294967295,0,0
oInvisibleRupLowSlope,1296,208,00253D83,0,1,1,4294967295,0,0
oInvisibleSolid,864,0,002CEBA6,0,1,1,4294967295,0,1
oInvisibleSolid,1328,0,003C1FC5,0,1,1,4294967295,0,1
oInvisibleLCeilingLowSlope,912,240,00152F45,0,1,1,4294967295,0,0
oInvisibleLCeilingLowSlope,944,224,000B2107,0,1,1,4294967295,0,0
oInvisibleLCeilingLowSlope,976,208,001C2886,0,1,1,4294967295,0,0
oInvisibleLCeilingLowSlope,1008,192,002B3625,0,1,1,4294967295,0,0
oInvisibleLCeilingLowSlope,1040,176,0000BA70,0,1,1,4294967295,0,0
oInvisibleLCeilingLowSlope,1072,160,0039D1FB,0,1,1,4294967295,0,0
oInvisibleLCeilingLowSlope,1104,144,00141EE7,0,1,1,4294967295,0,0
oInvisibleLCeilingLowSlope,1136,128,0022A3E9,0,1,1,4294967295,0,0
oInvisibleLCeilingLowSlope,1168,112,000BF09B,0,1,1,4294967295,0,0
oInvisibleLCeilingLowSlope,1200,96,0038FA9B,0,1,1,4294967295,0,0
oInvisibleLCeilingLowSlope,1232,80,0017A0CD,0,1,1,4294967295,0,0
oInvisibleLCeilingLowSlope,1264,64,001FA8E2,0,1,1,4294967295,0,0
oInvisibleLCeilingLowSlope,1296,48,00088B80,0,1,1,4294967295,0,0
oInvisibleLCeilingLowSlope,1328,32,00167B7F,0,1,1,4294967295,0,0
oInvisibleLCeilingLowSlope,880,256,002F1993,0,1,1,4294967295,0,0
oInvisibleRupLowSlope,1328,192,00212CFA,0,1,1,4294967295,0,0
oInvisibleSolid,1360,192,0039A802,0,1,1,4294967295,0,1
oInvisibleSolid,944,400,003ED5DC,0,1,1,4294967295,0,1
oInvisibleSolid,976,384,0033243D,0,1,1,4294967295,0,1
oInvisibleSolid,1008,368,00388697,0,1,1,4294967295,0,1
oInvisibleSolid,1040,352,000680D2,0,1,1,4294967295,0,1
oInvisibleSolid,864,256,002A2C06,0,1,1,4294967295,0,1
oInvisibleSolid,912,0,0004257E,0,1,1,4294967295,0,1
oInvisibleSolid,944,0,00234D4A,0,1,1,4294967295,0,1
oInvisibleSolid,976,0,003354E6,0,1,1,4294967295,0,1
oInvisibleSolid,1008,0,001FADEA,0,1,1,4294967295,0,1
oInvisibleSolid,1072,0,0002877F,0,1,1,4294967295,0,1
oInvisibleSolid,1104,0,0025D273,0,1,1,4294967295,0,1
oInvisibleSolid,1136,0,0037E234,0,1,1,4294967295,0,1
oInvisibleSolid,1168,0,001E33D3,0,1,1,4294967295,0,1
oInvisibleSolid,1200,0,001246F7,0,1,1,4294967295,0,1
oInvisibleSolid,1232,0,0035E270,0,1,1,4294967295,0,1
oInvisibleSolid,1264,0,0017DF9B,0,1,1,4294967295,0,1
oInvisibleSolid,1296,0,0038BC99,0,1,1,4294967295,0,1
oInvisibleSolid,1072,336,0003DB25,0,1,1,4294967295,0,1
oInvisibleSolid,1104,320,00111C88,0,1,1,4294967295,0,1
oInvisibleSolid,1136,304,000DD8F1,0,1,1,4294967295,0,1
oInvisibleSolid,1168,288,001A09E1,0,1,1,4294967295,0,1
oInvisibleSolid,1200,272,00057722,0,1,1,4294967295,0,1
oInvisibleSolid,1232,256,003DE078,0,1,1,4294967295,0,1
oInvisibleSolid,1264,240,0005A516,0,1,1,4294967295,0,1
oInvisibleSolid,1296,224,001E891A,0,1,1,4294967295,0,1
oInvisibleSolid,1328,208,00016760,0,1,1,4294967295,0,1
oInvisibleRCeilingSlope,672,256,0032E8CC,0,1,1,4294967295,0,0
oInvisibleRCeilingSlope,688,272,0010DBDB,0,1,1,4294967295,0,0
oInvisibleRCeilingSlope,784,256,0009F32C,0,1,1,4294967295,0,0
oInvisibleRCeilingSlope,800,272,0032D934,0,1,1,4294967295,0,0
oInvisibleLCeilingSlope,720,272,001BB00E,0,1,1,4294967295,0,0
oInvisibleLCeilingSlope,736,256,0007D237,0,1,1,4294967295,0,0
oInvisibleLCeilingSlope,832,272,0012B47E,0,1,1,4294967295,0,0
oInvisibleLCeilingSlope,848,256,000E40F8,0,1,1,4294967295,0,0
oInvisibleSolid,704,272,0006814C,0,1,1,4294967295,0,0
oInvisibleSolid,816,272,0039F463,0,1,1,4294967295,0,0
oInvisibleSolid,800,256,0022DF6E,0,1,1,4294967295,0,1
oInvisibleSolid,688,256,0013CFC2,0,1,1,4294967295,0,1
oInvisibleSolid,1040,0,000192FD,0,1,1,4294967295,0,1
oInvisibleRCeilingSlope,1392,32,002D677F,0,1,1,4294967295,0,0
oInvisibleRCeilingSlope,1408,48,000B3C78,0,1,1,4294967295,0,0
oInvisibleRCeilingSlope,1504,32,003674AE,0,1,1,4294967295,0,0
oInvisibleRCeilingSlope,1520,48,00121B59,0,1,1,4294967295,0,0
oInvisibleLCeilingSlope,1440,48,000B77B2,0,1,1,4294967295,0,0
oInvisibleLCeilingSlope,1456,32,00159053,0,1,1,4294967295,0,0
oInvisibleLCeilingSlope,1552,48,00003469,0,1,1,4294967295,0,0
oInvisibleLCeilingSlope,1568,32,00252A7F,0,1,1,4294967295,0,0
oInvisibleSolid,1424,48,00007C96,0,1,1,4294967295,0,0
oInvisibleSolid,1408,32,00026F07,0,1,1,4294967295,0,1
oInvisibleSolid,1536,48,001A9DD9,0,1,1,4294967295,0,0
oInvisibleSolid,1520,32,002D86B9,0,1,1,4294967295,0,1
oInvisibleSolid,1344,32,003C80F5,0,1,1,4294967295,0,1
oInvisibleSolid,560,288,0029C0B0,0,1,1,4294967295,0,1
