oExit,0,272,00356E4E,0,1,1,4294967295,0,1
oExit,1264,272,003A7BF6,0,1,1,4294967295,0,1
oZeldaBreakPot,672,288,00345F50,0,1,1,4294967295,0,1
oDeeler,1056,128,00296A87,0,1,1,4294967295,0,0
oDeeler,336,128,001C121D,0,1,1,4294967295,0,0
oDeeler,160,128,001DAED9,0,1,1,4294967295,0,0
oDeeler,816,128,0016B6A9,0,1,1,4294967295,0,0
oPlayer1,640,304,001E01FB,0,1,1,4294967295,0,0
oInvCollPH,464,304,003A165C,0,1,1,4294967295,0,0
oInvCollPH,480,304,001D0964,0,1,1,4294967295,0,0
oInvCollPH,16,304,001FD436,0,1,1,4294967295,0,0
oInvCollPH,32,304,00399C55,0,1,1,4294967295,0,0
oInvCollPH,48,304,001A7EA1,0,1,1,4294967295,0,0
oInvCollPH,64,304,003030A2,0,1,1,4294967295,0,0
oInvCollPH,80,304,002057FF,0,1,1,4294967295,0,0
oInvCollPH,96,304,000EFDD9,0,1,1,4294967295,0,0
oInvCollPH,112,304,00073344,0,1,1,4294967295,0,0
oInvCollPH,128,304,003EAC29,0,1,1,4294967295,0,0
oInvCollPH,144,304,00213CEC,0,1,1,4294967295,0,0
oInvCollPH,944,304,000189B9,0,1,1,4294967295,0,0
oInvCollPH,928,304,0005EC6C,0,1,1,4294967295,0,0
oInvCollPH,912,304,00074825,0,1,1,4294967295,0,0
oInvCollPH,896,304,003B12D1,0,1,1,4294967295,0,0
oInvCollPH,880,304,000CBD1A,0,1,1,4294967295,0,0
oInvCollPH,864,304,00368476,0,1,1,4294967295,0,0
oInvCollPH,848,304,0028231F,0,1,1,4294967295,0,0
oInvCollPH,832,304,002B0220,0,1,1,4294967295,0,0
oInvCollPH,816,304,00274893,0,1,1,4294967295,0,0
oInvCollPH,800,304,002B9447,0,1,1,4294967295,0,0
oInvCollPH,160,304,00374169,0,1,1,4294967295,0,0
oInvCollPH,176,304,00253597,0,1,1,4294967295,0,0
oInvCollPH,192,304,00165955,0,1,1,4294967295,0,0
oInvCollPH,208,304,00394FBD,0,1,1,4294967295,0,0
oInvCollPH,224,304,00231945,0,1,1,4294967295,0,0
oInvCollPH,720,304,003B3DEC,0,1,1,4294967295,0,0
oInvCollPH,736,304,002DBA6F,0,1,1,4294967295,0,0
oInvCollPH,752,304,001C7BE5,0,1,1,4294967295,0,0
oInvCollPH,768,304,0018C92A,0,1,1,4294967295,0,0
oInvCollPH,784,304,00277621,0,1,1,4294967295,0,0
oInvCollPH,304,304,00047E46,0,1,1,4294967295,0,0
oInvCollPH,288,304,00365649,0,1,1,4294967295,0,0
oInvCollPH,272,304,00042C12,0,1,1,4294967295,0,0
oInvCollPH,256,304,001D1A9A,0,1,1,4294967295,0,0
oInvCollPH,240,304,003EE847,0,1,1,4294967295,0,0
oInvCollPH,640,304,001E93BF,0,1,1,4294967295,0,0
oInvCollPH,656,304,000E5994,0,1,1,4294967295,0,0
oInvCollPH,672,304,000932FF,0,1,1,4294967295,0,0
oInvCollPH,688,304,00106050,0,1,1,4294967295,0,0
oInvCollPH,704,304,0028B9A4,0,1,1,4294967295,0,0
oInvCollPH,384,304,000B45A4,0,1,1,4294967295,0,0
oInvCollPH,368,304,00066261,0,1,1,4294967295,0,0
oInvCollPH,352,304,003B5615,0,1,1,4294967295,0,0
oInvCollPH,336,304,003D8C56,0,1,1,4294967295,0,0
oInvCollPH,320,304,001C088E,0,1,1,4294967295,0,0
oInvCollPH,560,304,001070FE,0,1,1,4294967295,0,0
oInvCollPH,576,304,000D3F24,0,1,1,4294967295,0,0
oInvCollPH,592,304,000403E1,0,1,1,4294967295,0,0
oInvCollPH,608,304,00161792,0,1,1,4294967295,0,0
oInvCollPH,624,304,0017D0FA,0,1,1,4294967295,0,0
oInvCollPH,496,304,003EF71F,0,1,1,4294967295,0,0
oInvCollPH,512,304,00208705,0,1,1,4294967295,0,0
oInvCollPH,528,304,00151A8C,0,1,1,4294967295,0,0
oInvCollPH,544,304,0023C37C,0,1,1,4294967295,0,0
oInvCollPH,448,304,0017890E,0,1,1,4294967295,0,0
oInvCollPH,432,304,001C7BF5,0,1,1,4294967295,0,0
oInvCollPH,416,304,0028128A,0,1,1,4294967295,0,0
oInvCollPH,400,304,00018D8F,0,1,1,4294967295,0,0
oInvCollPH,960,304,0018F606,0,1,1,4294967295,0,0
oInvCollPH,976,304,002531BF,0,1,1,4294967295,0,0
oInvCollPH,992,304,001DF37C,0,1,1,4294967295,0,0
oInvCollPH,1008,304,00117BC9,0,1,1,4294967295,0,0
oInvCollPH,1024,304,0036D219,0,1,1,4294967295,0,0
oInvCollPH,1040,304,0011D06D,0,1,1,4294967295,0,0
oInvCollPH,1056,304,0005559B,0,1,1,4294967295,0,0
oInvCollPH,1072,304,000D3371,0,1,1,4294967295,0,0
oInvCollPH,1088,304,00391D8F,0,1,1,4294967295,0,0
oInvCollPH,1104,304,003C6210,0,1,1,4294967295,0,0
oInvCollPH,1120,304,0000B7A4,0,1,1,4294967295,0,0
oInvCollPH,1136,304,003B488D,0,1,1,4294967295,0,0
oInvCollPH,1152,304,00340571,0,1,1,4294967295,0,0
oInvCollPH,1168,304,00004BCE,0,1,1,4294967295,0,0
oInvCollPH,1184,304,00231A5B,0,1,1,4294967295,0,0
oInvCollPH,1200,304,00097DE4,0,1,1,4294967295,0,0
oInvCollPH,1216,304,000E6714,0,1,1,4294967295,0,0
oInvCollPH,1232,304,000C1B17,0,1,1,4294967295,0,0
oInvCollPH,1248,304,0017B10F,0,1,1,4294967295,0,0
oInvCollPH,1264,304,00237853,0,1,1,4294967295,0,0
oInvisibleSolid,0,304,0024605D,0,1,1,4294967295,0,1
