oExit,464,160,000347F6,0,1,1,4294967295,0,1
oExit,464,2480,001FEA11,0,1,1,4294967295,0,1
oWeaponLevelUpgrade,96,1920,0003670C,0,1,1,4294967295,0,1
oMetroidCheckpoint,336,160,0005065E,0,1,1,4294967295,0,0
oMetGeemer,176,816,002A0B5D,0,1,1,4294967295,0,1
oMetGeemer,96,1440,000D3278,0,1,1,4294967295,0,1
oMetroidBlockDisappear,192,656,002C0CDE,0,1,1,4294967295,0,1
oMetroidBlockDisappear,224,656,003241CE,0,1,1,4294967295,0,1
oMetroidBlockDisappear,256,656,0018BDC5,0,1,1,4294967295,0,1
oMetroidBlockDisappear,208,656,001C0B34,0,1,1,4294967295,0,1
oMetroidBlockDisappear,240,656,00132457,0,1,1,4294967295,0,1
oMetroidBlockDisappear,272,656,0040356C,0,1,1,4294967295,0,1
oMetroidBlockDisappear,240,192,0024E296,0,1,1,4294967295,0,1
oMetroidBlockDisappear,256,192,0023A6FC,0,1,1,4294967295,0,1
oMetSqueept,368,1024,00023C93,0,1,1,4294967295,0,0
oMetSqueept,112,2280,003F57CC,0,1,1,4294967295,0,0
oMetSqueept,240,2520,0019906D,0,1,1,4294967295,0,0
oMetSqueept,368,2536,003A2942,0,1,1,4294967295,0,0
oMetSqueept,112,2520,000408AC,0,1,1,4294967295,0,0
oMetSkree,80,320,000BCB1B,0,1,1,4294967295,0,0
oMetSkree,416,320,003295C1,0,1,1,4294967295,0,0
oMetSkree,400,1968,00320E75,0,1,1,4294967295,0,0
oMetSkree,176,2160,002F2B82,0,1,1,4294967295,0,0
oMetSkree,272,2368,00173F42,0,1,1,4294967295,0,0
oMetSkree,288,864,0017BD61,0,1,1,4294967295,0,0
oMetSkree,96,720,00022835,0,1,1,4294967295,0,0
oMetMultiviola,320,512,0009BE6C,0,1,1,4294967295,0,0
oMetMultiviola,368,864,00140EF4,0,1,1,4294967295,0,0
oMetMultiviola,304,2224,00097199,0,1,1,4294967295,0,0
oPlayer1,416,192,00290C02,0,1,1,4294967295,0,0
oMetroidDoorHolder,448,160,002D625E,0,1,1,4294967295,0,1
oMetroidDoorHolder,448,2480,001D204A,0,1,1,4294967295,0,1
oBreakableMetroidWall,192,640,00139432,0,1,1,4294967295,0,1
oBreakableMetroidWall,224,640,002EF6EF,0,1,1,4294967295,0,1
oBreakableMetroidWall,256,640,003984D3,0,1,1,4294967295,0,1
oBreakableMetroidWall,208,640,0005BB51,0,1,1,4294967295,0,1
oBreakableMetroidWall,240,640,000C8455,0,1,1,4294967295,0,1
oBreakableMetroidWall,272,640,003EB8AE,0,1,1,4294967295,0,1
oBreakableMetroidWall,80,1920,001474E5,0,1,1,4294967295,0,1
oMetFireFlea,256,64,0014C5D5,0,1,1,4294967295,0,1
oMetFireFlea,176,112,0025D6F5,0,1,1,4294967295,0,1
oMetFireFlea,256,464,0010F1E8,0,1,1,4294967295,0,1
oMetFireFlea,240,752,0015D199,0,1,1,4294967295,0,1
oMetFireFlea,152,1048,0012F0B3,0,1,1,4294967295,0,1
oMetFireFlea,112,1192,00239DF3,0,1,1,4294967295,0,1
oMetFireFlea,176,1192,00223119,0,1,1,4294967295,0,1
oMetFireFlea,288,1248,00195056,0,1,1,4294967295,0,1
oMetFireFlea,384,1184,002ABCAB,0,1,1,4294967295,0,1
oMetFireFlea,320,1296,00247E42,0,1,1,4294967295,0,1
oMetFireFlea,256,1296,00315785,0,1,1,4294967295,0,1
oMetFireFlea,224,1296,000BB91B,0,1,1,4294967295,0,1
oMetFireFlea,160,1296,00217774,0,1,1,4294967295,0,1
oMetFireFlea,288,1280,002E766A,0,1,1,4294967295,0,1
oMetFireFlea,192,1280,001EF54F,0,1,1,4294967295,0,1
oMetFireFlea,288,1368,000EFDC3,0,1,1,4294967295,0,1
oMetFireFlea,192,1368,0007AB7B,0,1,1,4294967295,0,1
oMetFireFlea,264,2032,00090B53,0,1,1,4294967295,0,1
oMetFireFlea,176,2432,000D1FFE,0,1,1,4294967295,0,1
oMetFireFlea,224,2224,0024593D,0,1,1,4294967295,0,1
oMetFireFlea,208,608,000965AA,0,1,1,4294967295,0,1
oMetFireFlea,272,704,003CCC41,0,1,1,4294967295,0,1
oMetLava,320,1008,00334434,0,1,1,4294967295,0,1
oMetLava,176,2080,001C4CAE,0,1,1,4294967295,0,1
oMetLava,288,2080,001A22A9,0,1,1,4294967295,0,1
oMetLava,96,2272,001A96EA,0,1,1,4294967295,0,1
oMetLava,160,2304,0028AE50,0,1,1,4294967295,0,1
oMetLava,240,2304,001BD304,0,1,1,4294967295,0,1
oMetLava,96,2512,0007FF3F,0,1,1,4294967295,0,1
oMetLava,160,2512,0009B091,0,1,1,4294967295,0,1
oMetLava,224,2512,003BAC19,0,1,1,4294967295,0,1
oMetLava,288,2512,0013F7D0,0,1,1,4294967295,0,1
oMetLava,352,2528,00114A24,0,1,1,4294967295,0,1
oInvCollPH,288,656,001AC5F5,0,1,1,4294967295,0,0
oInvCollPH,128,640,00331C9A,0,1,1,4294967295,0,0
oInvCollPH,144,640,001CFBEE,0,1,1,4294967295,0,0
oInvCollPH,160,640,002569E1,0,1,1,4294967295,0,0
oInvCollPH,176,640,003CCD4D,0,1,1,4294967295,0,0
oInvCollPH,176,656,0032B1B7,0,1,1,4294967295,0,0
oInvCollPH,160,656,003258B0,0,1,1,4294967295,0,0
oInvCollPH,144,656,000E9655,0,1,1,4294967295,0,0
oInvCollPH,128,656,0038B87A,0,1,1,4294967295,0,0
oInvCollPH,112,656,0000B373,0,1,1,4294967295,0,0
oInvCollPH,240,832,001F8974,0,1,1,4294967295,0,0
oInvCollPH,256,832,000EE2DD,0,1,1,4294967295,0,0
oInvCollPH,272,832,002BC46E,0,1,1,4294967295,0,0
oInvCollPH,288,832,0003FE38,0,1,1,4294967295,0,0
oInvCollPH,288,848,003D4DB2,0,1,1,4294967295,0,0
oInvCollPH,272,848,000979CA,0,1,1,4294967295,0,0
oInvCollPH,256,848,0005BF80,0,1,1,4294967295,0,0
oInvCollPH,192,784,0018E844,0,1,1,4294967295,0,0
oInvCollPH,192,800,002B3BF4,0,1,1,4294967295,0,0
oInvCollPH,192,816,00264DF5,0,1,1,4294967295,0,0
oInvCollPH,192,832,00249DF0,0,1,1,4294967295,0,0
oInvCollPH,208,768,00347AAF,0,1,1,4294967295,0,0
oInvCollPH,208,784,0009AEEC,0,1,1,4294967295,0,0
oInvCollPH,208,800,00282834,0,1,1,4294967295,0,0
oInvCollPH,208,816,00312C05,0,1,1,4294967295,0,0
oInvCollPH,176,864,0015ECDC,0,1,1,4294967295,0,0
oInvCollPH,176,880,003EA288,0,1,1,4294967295,0,0
oInvCollPH,192,880,0002E9EF,0,1,1,4294967295,0,0
oInvCollPH,208,880,00384EB6,0,1,1,4294967295,0,0
oInvCollPH,224,880,001BB518,0,1,1,4294967295,0,0
oInvCollPH,240,880,0024EB52,0,1,1,4294967295,0,0
oInvCollPH,240,864,000B2D39,0,1,1,4294967295,0,0
oInvCollPH,112,336,00035FB9,0,1,1,4294967295,0,0
oInvCollPH,112,352,001BB1A8,0,1,1,4294967295,0,0
oInvCollPH,112,368,0019BF8D,0,1,1,4294967295,0,0
oInvCollPH,224,416,00299B97,0,1,1,4294967295,0,0
oInvCollPH,240,416,000A629C,0,1,1,4294967295,0,0
oInvCollPH,256,416,0035D6C3,0,1,1,4294967295,0,0
oInvCollPH,272,416,00200150,0,1,1,4294967295,0,0
oInvCollPH,288,416,000F3347,0,1,1,4294967295,0,0
oInvCollPH,384,336,0022C3AA,0,1,1,4294967295,0,0
oInvCollPH,384,352,00207923,0,1,1,4294967295,0,0
oInvCollPH,384,368,002DF42D,0,1,1,4294967295,0,0
oInvCollPH,416,112,00353FBA,0,1,1,4294967295,0,0
oInvCollPH,432,112,0026592C,0,1,1,4294967295,0,0
oInvCollPH,448,112,0004A6C4,0,1,1,4294967295,0,0
oInvCollPH,464,112,0001FBF7,0,1,1,4294967295,0,0
oInvCollPH,288,192,004037D6,0,1,1,4294967295,0,0
oInvCollPH,304,192,0016E1FA,0,1,1,4294967295,0,0
oInvCollPH,208,192,000A58BD,0,1,1,4294967295,0,0
oInvCollPH,224,192,0036939D,0,1,1,4294967295,0,0
oInvCollPH,384,80,001562DE,0,1,1,4294967295,0,0
oInvCollPH,400,80,00091DC7,0,1,1,4294967295,0,0
oInvCollPH,352,32,0001893F,0,1,1,4294967295,0,0
oInvCollPH,352,48,001446BA,0,1,1,4294967295,0,0
oInvCollPH,368,48,002117DC,0,1,1,4294967295,0,0
oInvCollPH,112,16,000C5A8B,0,1,1,4294967295,0,0
oInvCollPH,128,16,0005D27C,0,1,1,4294967295,0,0
oInvCollPH,144,16,003C5620,0,1,1,4294967295,0,0
oInvCollPH,160,16,000CDD03,0,1,1,4294967295,0,0
oInvCollPH,176,16,00043293,0,1,1,4294967295,0,0
oInvCollPH,192,16,000950B9,0,1,1,4294967295,0,0
oInvCollPH,208,16,0012771D,0,1,1,4294967295,0,0
oInvCollPH,224,16,00096772,0,1,1,4294967295,0,0
oInvCollPH,240,16,0009F3C5,0,1,1,4294967295,0,0
oInvCollPH,256,16,0039BD38,0,1,1,4294967295,0,0
oInvCollPH,272,16,00028869,0,1,1,4294967295,0,0
oInvCollPH,288,16,002E0CB1,0,1,1,4294967295,0,0
oInvCollPH,304,16,001DA8DE,0,1,1,4294967295,0,0
oInvCollPH,320,16,0030B4E8,0,1,1,4294967295,0,0
oInvCollPH,336,16,000CCB85,0,1,1,4294967295,0,0
oInvCollPH,32,320,003E8FBA,0,1,1,4294967295,0,0
oInvCollPH,32,336,0031E607,0,1,1,4294967295,0,0
oInvCollPH,32,352,000AFD36,0,1,1,4294967295,0,0
oInvCollPH,32,368,00396034,0,1,1,4294967295,0,0
oInvCollPH,32,384,002FA170,0,1,1,4294967295,0,0
oInvCollPH,32,400,003BCE9F,0,1,1,4294967295,0,0
oInvCollPH,32,416,0026581A,0,1,1,4294967295,0,0
oInvCollPH,32,432,002BBA41,0,1,1,4294967295,0,0
oInvCollPH,32,448,003A5488,0,1,1,4294967295,0,0
oInvCollPH,32,464,002322E5,0,1,1,4294967295,0,0
oInvCollPH,112,192,0034629F,0,1,1,4294967295,0,0
oInvCollPH,128,192,002342B8,0,1,1,4294967295,0,0
oInvCollPH,144,192,0024E02F,0,1,1,4294967295,0,0
oInvCollPH,160,192,002E83B9,0,1,1,4294967295,0,0
oInvCollPH,176,192,00026AC2,0,1,1,4294967295,0,0
oInvCollPH,176,208,00395280,0,1,1,4294967295,0,0
oInvCollPH,176,224,00099CF7,0,1,1,4294967295,0,0
oInvCollPH,176,240,001D0CA6,0,1,1,4294967295,0,0
oInvCollPH,176,256,002B3CBD,0,1,1,4294967295,0,0
oInvCollPH,176,272,003220E0,0,1,1,4294967295,0,0
oInvCollPH,176,288,003891DE,0,1,1,4294967295,0,0
oInvCollPH,176,304,000BBEC2,0,1,1,4294967295,0,0
oInvCollPH,160,304,003722B7,0,1,1,4294967295,0,0
oInvCollPH,144,304,0003CD16,0,1,1,4294967295,0,0
oInvCollPH,128,304,00227E71,0,1,1,4294967295,0,0
oInvCollPH,96,304,000E488A,0,1,1,4294967295,0,0
oInvCollPH,80,304,0007A166,0,1,1,4294967295,0,0
oInvCollPH,64,304,000555BC,0,1,1,4294967295,0,0
oInvCollPH,48,304,0010942F,0,1,1,4294967295,0,0
oInvCollPH,96,32,00381B07,0,1,1,4294967295,0,0
oInvCollPH,96,48,00311306,0,1,1,4294967295,0,0
oInvCollPH,96,64,0007AA36,0,1,1,4294967295,0,0
oInvCollPH,96,80,0031C6E5,0,1,1,4294967295,0,0
oInvCollPH,96,96,001FB9C0,0,1,1,4294967295,0,0
oInvCollPH,96,112,0037F7B1,0,1,1,4294967295,0,0
oInvCollPH,96,128,002F0019,0,1,1,4294967295,0,0
oInvCollPH,96,144,002032EF,0,1,1,4294967295,0,0
oInvCollPH,96,160,0039E8E8,0,1,1,4294967295,0,0
oInvCollPH,96,176,003F2C31,0,1,1,4294967295,0,0
oInvCollPH,336,192,002BA80B,0,1,1,4294967295,0,0
oInvCollPH,352,192,000EECD5,0,1,1,4294967295,0,0
oInvCollPH,368,192,0032503C,0,1,1,4294967295,0,0
oInvCollPH,384,192,00376870,0,1,1,4294967295,0,0
oInvCollPH,400,192,0008F781,0,1,1,4294967295,0,0
oInvCollPH,416,192,001B4D70,0,1,1,4294967295,0,0
oInvCollPH,432,192,0002FDB3,0,1,1,4294967295,0,0
oInvCollPH,448,192,003B1CF4,0,1,1,4294967295,0,0
oInvCollPH,464,192,00127DE5,0,1,1,4294967295,0,0
oInvCollPH,320,208,001350A7,0,1,1,4294967295,0,0
oInvCollPH,320,224,0011A121,0,1,1,4294967295,0,0
oInvCollPH,320,240,0022E200,0,1,1,4294967295,0,0
oInvCollPH,320,256,00107124,0,1,1,4294967295,0,0
oInvCollPH,320,272,002D573B,0,1,1,4294967295,0,0
oInvCollPH,320,288,0037F509,0,1,1,4294967295,0,0
oInvCollPH,320,304,0013F825,0,1,1,4294967295,0,0
oInvCollPH,336,304,001B011E,0,1,1,4294967295,0,0
oInvCollPH,352,304,00034CE6,0,1,1,4294967295,0,0
oInvCollPH,368,304,003F55F1,0,1,1,4294967295,0,0
oInvCollPH,400,304,00256E70,0,1,1,4294967295,0,0
oInvCollPH,416,304,0029748F,0,1,1,4294967295,0,0
oInvCollPH,432,464,0033ADA6,0,1,1,4294967295,0,0
oInvCollPH,432,448,0017D2B8,0,1,1,4294967295,0,0
oInvCollPH,432,432,00012073,0,1,1,4294967295,0,0
oInvCollPH,432,416,00169B85,0,1,1,4294967295,0,0
oInvCollPH,432,400,003BA7E4,0,1,1,4294967295,0,0
oInvCollPH,432,384,002826C1,0,1,1,4294967295,0,0
oInvCollPH,432,368,0037CE1B,0,1,1,4294967295,0,0
oInvCollPH,432,352,0024D482,0,1,1,4294967295,0,0
oInvCollPH,432,336,001E2E75,0,1,1,4294967295,0,0
oInvCollPH,432,480,002968F8,0,1,1,4294967295,0,0
oInvCollPH,432,496,0006B97D,0,1,1,4294967295,0,0
oInvCollPH,432,512,00259A4C,0,1,1,4294967295,0,0
oInvCollPH,432,528,001638BA,0,1,1,4294967295,0,0
oInvCollPH,432,544,0021FE78,0,1,1,4294967295,0,0
oInvCollPH,432,560,0021523F,0,1,1,4294967295,0,0
oInvCollPH,432,576,003E0C35,0,1,1,4294967295,0,0
oInvCollPH,432,592,002657CF,0,1,1,4294967295,0,0
oInvCollPH,416,608,001F7878,0,1,1,4294967295,0,0
oInvCollPH,400,608,001472FE,0,1,1,4294967295,0,0
oInvCollPH,384,608,002C4C76,0,1,1,4294967295,0,0
oInvCollPH,368,608,0024A8DB,0,1,1,4294967295,0,0
oInvCollPH,352,608,00019322,0,1,1,4294967295,0,0
oInvCollPH,336,608,001853AF,0,1,1,4294967295,0,0
oInvCollPH,320,608,00013293,0,1,1,4294967295,0,0
oInvCollPH,304,624,00064FB5,0,1,1,4294967295,0,0
oInvCollPH,304,672,0031A536,0,1,1,4294967295,0,0
oInvCollPH,304,688,000C3973,0,1,1,4294967295,0,0
oInvCollPH,304,704,0005E0B7,0,1,1,4294967295,0,0
oInvCollPH,304,720,0009F682,0,1,1,4294967295,0,0
oInvCollPH,304,736,00090DDA,0,1,1,4294967295,0,0
oInvCollPH,320,736,0008C07A,0,1,1,4294967295,0,0
oInvCollPH,336,736,003FCE8F,0,1,1,4294967295,0,0
oInvCollPH,352,736,002B689D,0,1,1,4294967295,0,0
oInvCollPH,368,736,0015EBA8,0,1,1,4294967295,0,0
oInvCollPH,384,736,001C2077,0,1,1,4294967295,0,0
oInvCollPH,400,736,0022C3A1,0,1,1,4294967295,0,0
oInvCollPH,48,480,001411A0,0,1,1,4294967295,0,0
oInvCollPH,64,480,001D69E2,0,1,1,4294967295,0,0
oInvCollPH,80,480,003E42B6,0,1,1,4294967295,0,0
oInvCollPH,96,480,0020F410,0,1,1,4294967295,0,0
oInvCollPH,96,544,00173134,0,1,1,4294967295,0,0
oInvCollPH,96,528,003B8B1E,0,1,1,4294967295,0,0
oInvCollPH,96,512,0037CC3D,0,1,1,4294967295,0,0
oInvCollPH,96,496,000C77E9,0,1,1,4294967295,0,0
oInvCollPH,96,624,0032CC8E,0,1,1,4294967295,0,0
oInvCollPH,96,608,00299926,0,1,1,4294967295,0,0
oInvCollPH,96,592,002EA22E,0,1,1,4294967295,0,0
oInvCollPH,96,576,000FF09F,0,1,1,4294967295,0,0
oInvCollPH,96,560,0015FCCD,0,1,1,4294967295,0,0
oInvCollPH,96,672,00270953,0,1,1,4294967295,0,0
oInvCollPH,96,688,0005EF9C,0,1,1,4294967295,0,0
oInvCollPH,96,704,001F4229,0,1,1,4294967295,0,0
oInvCollPH,80,704,001AF86E,0,1,1,4294967295,0,0
oInvCollPH,64,704,00309553,0,1,1,4294967295,0,0
oInvCollPH,48,864,0012F3D0,0,1,1,4294967295,0,0
oInvCollPH,48,848,0004CBB1,0,1,1,4294967295,0,0
oInvCollPH,48,832,0027FF38,0,1,1,4294967295,0,0
oInvCollPH,48,816,003F382D,0,1,1,4294967295,0,0
oInvCollPH,48,800,00034D31,0,1,1,4294967295,0,0
oInvCollPH,48,784,002B83E3,0,1,1,4294967295,0,0
oInvCollPH,48,768,002FB340,0,1,1,4294967295,0,0
oInvCollPH,48,752,00381F6A,0,1,1,4294967295,0,0
oInvCollPH,48,736,003774E5,0,1,1,4294967295,0,0
oInvCollPH,48,720,0016FDA0,0,1,1,4294967295,0,0
oInvCollPH,48,928,000C0B30,0,1,1,4294967295,0,0
oInvCollPH,48,912,001E118F,0,1,1,4294967295,0,0
oInvCollPH,48,896,00242EC6,0,1,1,4294967295,0,0
oInvCollPH,48,880,003B33AE,0,1,1,4294967295,0,0
oInvCollPH,416,800,001D9716,0,1,1,4294967295,0,0
oInvCollPH,416,784,00357938,0,1,1,4294967295,0,0
oInvCollPH,416,768,003E433E,0,1,1,4294967295,0,0
oInvCollPH,416,864,0034B364,0,1,1,4294967295,0,0
oInvCollPH,416,848,0001C51C,0,1,1,4294967295,0,0
oInvCollPH,416,832,00292FF3,0,1,1,4294967295,0,0
oInvCollPH,416,816,003B15BA,0,1,1,4294967295,0,0
oInvCollPH,416,896,00142C8F,0,1,1,4294967295,0,0
oInvCollPH,416,880,001044FA,0,1,1,4294967295,0,0
oInvCollPH,416,912,003327F8,0,1,1,4294967295,0,0
oInvCollPH,416,928,0004E1E7,0,1,1,4294967295,0,0
oInvCollPH,416,944,000ECA39,0,1,1,4294967295,0,0
oInvCollPH,416,960,00281CA3,0,1,1,4294967295,0,0
oInvCollPH,416,976,000F570D,0,1,1,4294967295,0,0
oInvCollPH,416,992,001B9ABA,0,1,1,4294967295,0,0
oInvCollPH,416,1008,002C1618,0,1,1,4294967295,0,0
oInvCollPH,416,1024,00135271,0,1,1,4294967295,0,0
oInvCollPH,48,1200,00191BCE,0,1,1,4294967295,0,0
oInvCollPH,48,1184,003C2CF6,0,1,1,4294967295,0,0
oInvCollPH,48,1168,001D9A8C,0,1,1,4294967295,0,0
oInvCollPH,48,1152,003AC0AD,0,1,1,4294967295,0,0
oInvCollPH,48,1136,00353EA8,0,1,1,4294967295,0,0
oInvCollPH,48,1120,00155BE7,0,1,1,4294967295,0,0
oInvCollPH,48,1104,00102B02,0,1,1,4294967295,0,0
oInvCollPH,48,1088,003251F9,0,1,1,4294967295,0,0
oInvCollPH,48,1072,0003700A,0,1,1,4294967295,0,0
oInvCollPH,48,1056,001B1002,0,1,1,4294967295,0,0
oInvCollPH,48,1040,0013289F,0,1,1,4294967295,0,0
oInvCollPH,416,1168,003E5E88,0,1,1,4294967295,0,0
oInvCollPH,416,1184,001E03F6,0,1,1,4294967295,0,0
oInvCollPH,416,1200,001871DD,0,1,1,4294967295,0,0
oInvCollPH,416,1216,0036E98D,0,1,1,4294967295,0,0
oInvCollPH,416,1232,003A4210,0,1,1,4294967295,0,0
oInvCollPH,416,1248,003914E3,0,1,1,4294967295,0,0
oInvCollPH,416,1264,00115E7B,0,1,1,4294967295,0,0
oInvCollPH,416,1280,00087BEE,0,1,1,4294967295,0,0
oInvCollPH,416,1296,0016E695,0,1,1,4294967295,0,0
oInvCollPH,416,1312,00072AD7,0,1,1,4294967295,0,0
oInvCollPH,416,1328,002602E2,0,1,1,4294967295,0,0
oInvCollPH,416,1344,001BB2C0,0,1,1,4294967295,0,0
oInvCollPH,288,1008,002C6DFB,0,1,1,4294967295,0,0
oInvCollPH,288,1024,00372769,0,1,1,4294967295,0,0
oInvCollPH,304,1024,000230C2,0,1,1,4294967295,0,0
oInvCollPH,304,1008,003CF1B0,0,1,1,4294967295,0,0
oInvCollPH,304,992,0023F584,0,1,1,4294967295,0,0
oInvCollPH,80,944,001BDC3A,0,1,1,4294967295,0,0
oInvCollPH,96,944,000CC4A2,0,1,1,4294967295,0,0
oInvCollPH,96,960,0032C5B8,0,1,1,4294967295,0,0
oInvCollPH,96,976,00316447,0,1,1,4294967295,0,0
oInvCollPH,96,1024,00005B16,0,1,1,4294967295,0,0
oInvCollPH,80,1024,00150A90,0,1,1,4294967295,0,0
oInvCollPH,64,1024,003BFCBC,0,1,1,4294967295,0,0
oInvCollPH,128,992,003226FE,0,1,1,4294967295,0,0
oInvCollPH,144,992,0004633F,0,1,1,4294967295,0,0
oInvCollPH,160,992,003F17F9,0,1,1,4294967295,0,0
oInvCollPH,112,1024,000B6009,0,1,1,4294967295,0,0
oInvCollPH,128,1024,001DA882,0,1,1,4294967295,0,0
oInvCollPH,144,1024,001EFB37,0,1,1,4294967295,0,0
oInvCollPH,160,1024,0008BCA4,0,1,1,4294967295,0,0
oInvCollPH,176,976,000D2D29,0,1,1,4294967295,0,0
oInvCollPH,192,960,000127A6,0,1,1,4294967295,0,0
oInvCollPH,208,960,0001A9F1,0,1,1,4294967295,0,0
oInvCollPH,224,960,00037BE0,0,1,1,4294967295,0,0
oInvCollPH,240,960,0030B631,0,1,1,4294967295,0,0
oInvCollPH,256,960,001B83AA,0,1,1,4294967295,0,0
oInvCollPH,256,976,00202B1E,0,1,1,4294967295,0,0
oInvCollPH,256,992,00216741,0,1,1,4294967295,0,0
oInvCollPH,256,1008,001A2640,0,1,1,4294967295,0,0
oInvCollPH,256,1024,0024E00F,0,1,1,4294967295,0,0
oInvCollPH,176,1024,000C520D,0,1,1,4294967295,0,0
oInvCollPH,192,1056,0005DA5E,0,1,1,4294967295,0,0
oInvCollPH,192,1072,0015CD06,0,1,1,4294967295,0,0
oInvCollPH,208,1072,0006E4DC,0,1,1,4294967295,0,0
oInvCollPH,224,1072,002CA1D2,0,1,1,4294967295,0,0
oInvCollPH,240,1072,000A086F,0,1,1,4294967295,0,0
oInvCollPH,256,1072,001413C9,0,1,1,4294967295,0,0
oInvCollPH,256,1056,002A8863,0,1,1,4294967295,0,0
oInvCollPH,256,1040,0009A784,0,1,1,4294967295,0,0
oInvCollPH,288,1040,0003DA0C,0,1,1,4294967295,0,0
oInvCollPH,288,1056,003F4B71,0,1,1,4294967295,0,0
oInvCollPH,288,1072,003C7244,0,1,1,4294967295,0,0
oInvCollPH,304,1072,0038ECC8,0,1,1,4294967295,0,0
oInvCollPH,336,1040,000ED846,0,1,1,4294967295,0,0
oInvCollPH,352,1040,000EDB6F,0,1,1,4294967295,0,0
oInvCollPH,368,1040,002F2E61,0,1,1,4294967295,0,0
oInvCollPH,384,1040,002BE512,0,1,1,4294967295,0,0
oInvCollPH,400,1040,001E8D63,0,1,1,4294967295,0,0
oInvCollPH,320,1088,00138A0E,0,1,1,4294967295,0,0
oInvCollPH,320,1104,000A5969,0,1,1,4294967295,0,0
oInvCollPH,320,1152,000AEE67,0,1,1,4294967295,0,0
oInvCollPH,336,1152,00376F57,0,1,1,4294967295,0,0
oInvCollPH,352,1152,003CE5DF,0,1,1,4294967295,0,0
oInvCollPH,368,1152,002B9C55,0,1,1,4294967295,0,0
oInvCollPH,384,1152,00040AA5,0,1,1,4294967295,0,0
oInvCollPH,400,1152,00381DB5,0,1,1,4294967295,0,0
oInvCollPH,224,1120,00351319,0,1,1,4294967295,0,0
oInvCollPH,240,1120,002A7266,0,1,1,4294967295,0,0
oInvCollPH,256,1120,000FAC7E,0,1,1,4294967295,0,0
oInvCollPH,272,1120,002F0C35,0,1,1,4294967295,0,0
oInvCollPH,288,1120,003832D2,0,1,1,4294967295,0,0
oInvCollPH,304,1120,0025F06A,0,1,1,4294967295,0,0
oInvCollPH,208,1152,003AA8F2,0,1,1,4294967295,0,0
oInvCollPH,224,1152,00063FBF,0,1,1,4294967295,0,0
oInvCollPH,240,1152,001BD4CB,0,1,1,4294967295,0,0
oInvCollPH,256,1152,000A9816,0,1,1,4294967295,0,0
oInvCollPH,272,1152,0012C1D6,0,1,1,4294967295,0,0
oInvCollPH,288,1152,0021EA4B,0,1,1,4294967295,0,0
oInvCollPH,304,1152,003702AE,0,1,1,4294967295,0,0
oInvCollPH,80,1104,002812B0,0,1,1,4294967295,0,0
oInvCollPH,96,1104,0019B98D,0,1,1,4294967295,0,0
oInvCollPH,96,1088,002EB06B,0,1,1,4294967295,0,0
oInvCollPH,112,1120,001C359A,0,1,1,4294967295,0,0
oInvCollPH,128,1120,000CDD27,0,1,1,4294967295,0,0
oInvCollPH,144,1120,00217A03,0,1,1,4294967295,0,0
oInvCollPH,160,1120,0023521B,0,1,1,4294967295,0,0
oInvCollPH,176,1120,0015C089,0,1,1,4294967295,0,0
oInvCollPH,192,1120,0016C660,0,1,1,4294967295,0,0
oInvCollPH,80,1136,0010BF9E,0,1,1,4294967295,0,0
oInvCollPH,80,1152,0021C0C6,0,1,1,4294967295,0,0
oInvCollPH,80,1168,003114A4,0,1,1,4294967295,0,0
oInvCollPH,96,1168,001E8D09,0,1,1,4294967295,0,0
oInvCollPH,112,1168,000926D0,0,1,1,4294967295,0,0
oInvCollPH,128,1168,001FF1B4,0,1,1,4294967295,0,0
oInvCollPH,144,1168,0025110C,0,1,1,4294967295,0,0
oInvCollPH,160,1168,003461A2,0,1,1,4294967295,0,0
oInvCollPH,176,1168,003F4C0F,0,1,1,4294967295,0,0
oInvCollPH,192,1168,0038331A,0,1,1,4294967295,0,0
oInvCollPH,416,1984,0020FE79,0,1,1,4294967295,0,0
oInvCollPH,416,2000,00370999,0,1,1,4294967295,0,0
oInvCollPH,416,2016,0021ABE6,0,1,1,4294967295,0,0
oInvCollPH,416,2032,003C93AF,0,1,1,4294967295,0,0
oInvCollPH,112,1376,00111BBE,0,1,1,4294967295,0,0
oInvCollPH,128,1360,001BBC80,0,1,1,4294967295,0,0
oInvCollPH,144,1360,000CDB8A,0,1,1,4294967295,0,0
oInvCollPH,160,1360,0003165F,0,1,1,4294967295,0,0
oInvCollPH,160,1376,0002ECA9,0,1,1,4294967295,0,0
oInvCollPH,208,1376,002E82C8,0,1,1,4294967295,0,0
oInvCollPH,224,1360,00159054,0,1,1,4294967295,0,0
oInvCollPH,240,1360,00260A8F,0,1,1,4294967295,0,0
oInvCollPH,256,1360,00239016,0,1,1,4294967295,0,0
oInvCollPH,256,1376,001F4DE1,0,1,1,4294967295,0,0
oInvCollPH,304,1376,002B89B9,0,1,1,4294967295,0,0
oInvCollPH,320,1360,003BDE64,0,1,1,4294967295,0,0
oInvCollPH,336,1360,001C146A,0,1,1,4294967295,0,0
oInvCollPH,352,1360,00004AD6,0,1,1,4294967295,0,0
oInvCollPH,368,1360,0027B407,0,1,1,4294967295,0,0
oInvCollPH,384,1360,002AF8BF,0,1,1,4294967295,0,0
oInvCollPH,400,1360,002A8C0A,0,1,1,4294967295,0,0
oInvCollPH,224,1312,00290926,0,1,1,4294967295,0,0
oInvCollPH,240,1312,0018E0F8,0,1,1,4294967295,0,0
oInvCollPH,240,1296,0033B365,0,1,1,4294967295,0,0
oInvCollPH,352,1232,000E8511,0,1,1,4294967295,0,0
oInvCollPH,368,1232,00057D9C,0,1,1,4294967295,0,0
oInvCollPH,384,1232,00316631,0,1,1,4294967295,0,0
oInvCollPH,384,1248,001FF18A,0,1,1,4294967295,0,0
oInvCollPH,384,1264,0038D724,0,1,1,4294967295,0,0
oInvCollPH,384,1280,002CBDAF,0,1,1,4294967295,0,0
oInvCollPH,384,1296,00084B74,0,1,1,4294967295,0,0
oInvCollPH,384,1312,001A1E9C,0,1,1,4294967295,0,0
oInvCollPH,368,1312,003427FD,0,1,1,4294967295,0,0
oInvCollPH,352,1312,001DF0B3,0,1,1,4294967295,0,0
oInvCollPH,336,1312,0034681E,0,1,1,4294967295,0,0
oInvCollPH,320,1312,003749C7,0,1,1,4294967295,0,0
oInvCollPH,320,1296,0017A3DE,0,1,1,4294967295,0,0
oInvCollPH,176,1216,0023F23B,0,1,1,4294967295,0,0
oInvCollPH,192,1216,000D8508,0,1,1,4294967295,0,0
oInvCollPH,208,1216,0014E764,0,1,1,4294967295,0,0
oInvCollPH,160,1280,00196E64,0,1,1,4294967295,0,0
oInvCollPH,176,1280,001E8E85,0,1,1,4294967295,0,0
oInvCollPH,192,1280,00402F65,0,1,1,4294967295,0,0
oInvCollPH,336,1200,003B1B14,0,1,1,4294967295,0,0
oInvCollPH,320,1200,002DF1AE,0,1,1,4294967295,0,0
oInvCollPH,304,1200,000DC4C7,0,1,1,4294967295,0,0
oInvCollPH,288,1200,001BFA86,0,1,1,4294967295,0,0
oInvCollPH,272,1200,003CEFB5,0,1,1,4294967295,0,0
oInvCollPH,256,1200,002F95A9,0,1,1,4294967295,0,0
oInvCollPH,240,1200,002AF6C7,0,1,1,4294967295,0,0
oInvCollPH,336,1216,00195C70,0,1,1,4294967295,0,0
oInvCollPH,304,1280,00331691,0,1,1,4294967295,0,0
oInvCollPH,288,1280,003EA997,0,1,1,4294967295,0,0
oInvCollPH,272,1280,002F3A47,0,1,1,4294967295,0,0
oInvCollPH,80,1216,0025EFD6,0,1,1,4294967295,0,0
oInvCollPH,64,1216,0007DC67,0,1,1,4294967295,0,0
oInvCollPH,96,1216,003E3AA5,0,1,1,4294967295,0,0
oInvCollPH,112,1216,002D562F,0,1,1,4294967295,0,0
oInvCollPH,128,1216,000999FA,0,1,1,4294967295,0,0
oInvCollPH,144,1216,0031F1DE,0,1,1,4294967295,0,0
oInvCollPH,144,1296,0035770A,0,1,1,4294967295,0,0
oInvCollPH,144,1312,003F3894,0,1,1,4294967295,0,0
oInvCollPH,128,1312,0028D70D,0,1,1,4294967295,0,0
oInvCollPH,112,1312,00080A43,0,1,1,4294967295,0,0
oInvCollPH,96,1312,0033D348,0,1,1,4294967295,0,0
oInvCollPH,176,1392,00015E10,0,1,1,4294967295,0,0
oInvCollPH,192,1392,00283F41,0,1,1,4294967295,0,0
oInvCollPH,272,1392,003E29B0,0,1,1,4294967295,0,0
oInvCollPH,288,1392,00366729,0,1,1,4294967295,0,0
oInvCollPH,112,1408,0014A0ED,0,1,1,4294967295,0,0
oInvCollPH,112,1424,001738FB,0,1,1,4294967295,0,0
oInvCollPH,112,1440,00224B28,0,1,1,4294967295,0,0
oInvCollPH,112,1456,002A919E,0,1,1,4294967295,0,0
oInvCollPH,112,1472,003E5E5A,0,1,1,4294967295,0,0
oInvCollPH,112,1488,002DE7B5,0,1,1,4294967295,0,0
oInvCollPH,112,1504,00073F60,0,1,1,4294967295,0,0
oInvCollPH,112,1520,00037615,0,1,1,4294967295,0,0
oInvCollPH,112,1536,0020C297,0,1,1,4294967295,0,0
oInvCollPH,112,1552,00360354,0,1,1,4294967295,0,0
oInvCollPH,112,1568,002041A6,0,1,1,4294967295,0,0
oInvCollPH,112,1584,00050D86,0,1,1,4294967295,0,0
oInvCollPH,112,1600,000650DD,0,1,1,4294967295,0,0
oInvCollPH,112,1616,00233A55,0,1,1,4294967295,0,0
oInvCollPH,112,1632,001469D9,0,1,1,4294967295,0,0
oInvCollPH,112,1648,00358C89,0,1,1,4294967295,0,0
oInvCollPH,112,1664,0014C469,0,1,1,4294967295,0,0
oInvCollPH,112,1680,001D26B3,0,1,1,4294967295,0,0
oInvCollPH,112,1696,0016256D,0,1,1,4294967295,0,0
oInvCollPH,112,1712,001C0DCC,0,1,1,4294967295,0,0
oInvCollPH,112,1728,00311B7B,0,1,1,4294967295,0,0
oInvCollPH,112,1744,00065599,0,1,1,4294967295,0,0
oInvCollPH,112,1760,00283666,0,1,1,4294967295,0,0
oInvCollPH,112,1776,00286352,0,1,1,4294967295,0,0
oInvCollPH,112,1792,000DC567,0,1,1,4294967295,0,0
oInvCollPH,112,1808,003BAC24,0,1,1,4294967295,0,0
oInvCollPH,112,1824,00263267,0,1,1,4294967295,0,0
oInvCollPH,112,1840,0036C379,0,1,1,4294967295,0,0
oInvCollPH,112,1856,002B373F,0,1,1,4294967295,0,0
oInvCollPH,112,1872,0016EE2E,0,1,1,4294967295,0,0
oInvCollPH,112,1888,00242837,0,1,1,4294967295,0,0
oInvCollPH,112,1904,000729D2,0,1,1,4294967295,0,0
oInvCollPH,112,1920,002E0271,0,1,1,4294967295,0,0
oInvCollPH,112,1936,00255138,0,1,1,4294967295,0,0
oInvCollPH,112,1952,00062ACB,0,1,1,4294967295,0,0
oInvCollPH,128,1952,0030D5A7,0,1,1,4294967295,0,0
oInvCollPH,144,1952,001A3D5D,0,1,1,4294967295,0,0
oInvCollPH,160,1952,0001C54C,0,1,1,4294967295,0,0
oInvCollPH,176,1952,003A0180,0,1,1,4294967295,0,0
oInvCollPH,192,1952,0038FAB2,0,1,1,4294967295,0,0
oInvCollPH,208,1952,002D0787,0,1,1,4294967295,0,0
oInvCollPH,224,1952,002DFFC4,0,1,1,4294967295,0,0
oInvCollPH,240,1952,0008E3FC,0,1,1,4294967295,0,0
oInvCollPH,256,1952,00171CF6,0,1,1,4294967295,0,0
oInvCollPH,272,1952,00072620,0,1,1,4294967295,0,0
oInvCollPH,288,1952,00388B1A,0,1,1,4294967295,0,0
oInvCollPH,304,1952,003C6C24,0,1,1,4294967295,0,0
oInvCollPH,320,1952,001AEE9F,0,1,1,4294967295,0,0
oInvCollPH,336,1952,0018806C,0,1,1,4294967295,0,0
oInvCollPH,352,1952,002BE353,0,1,1,4294967295,0,0
oInvCollPH,368,1952,000AB66E,0,1,1,4294967295,0,0
oInvCollPH,384,1952,00152B13,0,1,1,4294967295,0,0
oInvCollPH,400,1952,001B6539,0,1,1,4294967295,0,0
oInvCollPH,80,1328,001AC7FA,0,1,1,4294967295,0,0
oInvCollPH,80,1344,001100B4,0,1,1,4294967295,0,0
oInvCollPH,80,1360,001CB87F,0,1,1,4294967295,0,0
oInvCollPH,80,1376,001F5E2C,0,1,1,4294967295,0,0
oInvCollPH,80,1392,0000DF59,0,1,1,4294967295,0,0
oInvCollPH,80,1408,00365AC2,0,1,1,4294967295,0,0
oInvCollPH,80,1424,001395F9,0,1,1,4294967295,0,0
oInvCollPH,80,1440,002F72CA,0,1,1,4294967295,0,0
oInvCollPH,80,1456,0003CDD5,0,1,1,4294967295,0,0
oInvCollPH,80,1472,00003B77,0,1,1,4294967295,0,0
oInvCollPH,80,1488,0021C005,0,1,1,4294967295,0,0
oInvCollPH,80,1504,00395DB7,0,1,1,4294967295,0,0
oInvCollPH,80,1520,002692FB,0,1,1,4294967295,0,0
oInvCollPH,80,1536,0005C4BA,0,1,1,4294967295,0,0
oInvCollPH,80,1552,0022584C,0,1,1,4294967295,0,0
oInvCollPH,80,1568,000BFA07,0,1,1,4294967295,0,0
oInvCollPH,80,1584,000524A8,0,1,1,4294967295,0,0
oInvCollPH,80,1600,0019FB8D,0,1,1,4294967295,0,0
oInvCollPH,80,1616,003FCDF8,0,1,1,4294967295,0,0
oInvCollPH,80,1632,001DE738,0,1,1,4294967295,0,0
oInvCollPH,80,1648,000CD0C2,0,1,1,4294967295,0,0
oInvCollPH,80,1664,0024649D,0,1,1,4294967295,0,0
oInvCollPH,80,1680,00153C6B,0,1,1,4294967295,0,0
oInvCollPH,80,1696,001396B1,0,1,1,4294967295,0,0
oInvCollPH,80,1712,002D46A5,0,1,1,4294967295,0,0
oInvCollPH,80,1728,001976D6,0,1,1,4294967295,0,0
oInvCollPH,80,1744,0036878B,0,1,1,4294967295,0,0
oInvCollPH,80,1760,003CF86C,0,1,1,4294967295,0,0
oInvCollPH,80,1776,0010E4F1,0,1,1,4294967295,0,0
oInvCollPH,80,1792,000EFD24,0,1,1,4294967295,0,0
oInvCollPH,80,1808,003FA8D1,0,1,1,4294967295,0,0
oInvCollPH,80,1824,000711A1,0,1,1,4294967295,0,0
oInvCollPH,80,1840,002A856B,0,1,1,4294967295,0,0
oInvCollPH,80,1856,00372BED,0,1,1,4294967295,0,0
oInvCollPH,80,1872,0029B29B,0,1,1,4294967295,0,0
oInvCollPH,80,1888,003C2252,0,1,1,4294967295,0,0
oInvCollPH,80,1904,0033FE13,0,1,1,4294967295,0,0
oInvCollPH,80,1936,001CB196,0,1,1,4294967295,0,0
oInvCollPH,80,1952,00273F7E,0,1,1,4294967295,0,0
oInvCollPH,80,1968,002B6C24,0,1,1,4294967295,0,0
oInvCollPH,80,1984,0011DE1C,0,1,1,4294967295,0,0
oInvCollPH,80,2000,000E06AD,0,1,1,4294967295,0,0
oInvCollPH,80,2016,0020862B,0,1,1,4294967295,0,0
oInvCollPH,80,2032,00374EE2,0,1,1,4294967295,0,0
oInvCollPH,80,2048,002DEDD3,0,1,1,4294967295,0,0
oInvCollPH,416,2272,0037A3F5,0,1,1,4294967295,0,0
oInvCollPH,416,2256,0001D220,0,1,1,4294967295,0,0
oInvCollPH,416,2240,003DB43D,0,1,1,4294967295,0,0
oInvCollPH,416,2224,00378BE7,0,1,1,4294967295,0,0
oInvCollPH,416,2208,00098EBE,0,1,1,4294967295,0,0
oInvCollPH,416,2192,00135FB5,0,1,1,4294967295,0,0
oInvCollPH,416,2176,0021D6BD,0,1,1,4294967295,0,0
oInvCollPH,416,2160,001136C4,0,1,1,4294967295,0,0
oInvCollPH,416,2144,0036A1C4,0,1,1,4294967295,0,0
oInvCollPH,416,2128,0016FEE0,0,1,1,4294967295,0,0
oInvCollPH,416,2048,000F4E82,0,1,1,4294967295,0,0
oInvCollPH,416,2064,0017C440,0,1,1,4294967295,0,0
oInvCollPH,416,2080,0002DED5,0,1,1,4294967295,0,0
oInvCollPH,416,2096,00264981,0,1,1,4294967295,0,0
oInvCollPH,416,2112,003C96EE,0,1,1,4294967295,0,0
oInvCollPH,304,2272,001C350A,0,1,1,4294967295,0,0
oInvCollPH,176,2128,003F2469,0,1,1,4294967295,0,0
oInvCollPH,144,2144,002284F5,0,1,1,4294967295,0,0
oInvCollPH,160,2144,00181FD9,0,1,1,4294967295,0,0
oInvCollPH,176,2144,00222413,0,1,1,4294967295,0,0
oInvCollPH,240,2080,0025B48F,0,1,1,4294967295,0,0
oInvCollPH,240,2096,00315026,0,1,1,4294967295,0,0
oInvCollPH,240,2112,0002EA32,0,1,1,4294967295,0,0
oInvCollPH,256,2064,00370416,0,1,1,4294967295,0,0
oInvCollPH,272,2064,003E858F,0,1,1,4294967295,0,0
oInvCollPH,272,2080,003D88C3,0,1,1,4294967295,0,0
oInvCollPH,272,2096,00227619,0,1,1,4294967295,0,0
oInvCollPH,272,2112,000DEAD6,0,1,1,4294967295,0,0
oInvCollPH,320,2064,0015DC0F,0,1,1,4294967295,0,0
oInvCollPH,320,2080,00314EFB,0,1,1,4294967295,0,0
oInvCollPH,320,2096,000D34B4,0,1,1,4294967295,0,0
oInvCollPH,320,2112,001CDA4A,0,1,1,4294967295,0,0
oInvCollPH,336,2048,0036B6DA,0,1,1,4294967295,0,0
oInvCollPH,352,2048,002B53EB,0,1,1,4294967295,0,0
oInvCollPH,368,2048,0021658F,0,1,1,4294967295,0,0
oInvCollPH,368,2064,0001D150,0,1,1,4294967295,0,0
oInvCollPH,368,2080,0016C483,0,1,1,4294967295,0,0
oInvCollPH,368,2096,0001B10C,0,1,1,4294967295,0,0
oInvCollPH,368,2112,002077E2,0,1,1,4294967295,0,0
oInvCollPH,432,2384,00113300,0,1,1,4294967295,0,0
oInvCollPH,432,2400,0003E0C8,0,1,1,4294967295,0,0
oInvCollPH,432,2416,0037AD48,0,1,1,4294967295,0,0
oInvCollPH,432,2432,0003767A,0,1,1,4294967295,0,0
oInvCollPH,448,2432,0031FC3F,0,1,1,4294967295,0,0
oInvCollPH,464,2432,00225C1E,0,1,1,4294967295,0,0
oInvCollPH,128,2544,00149E81,0,1,1,4294967295,0,0
oInvCollPH,128,2528,000420DC,0,1,1,4294967295,0,0
oInvCollPH,128,2512,00073D04,0,1,1,4294967295,0,0
oInvCollPH,128,2496,002724D4,0,1,1,4294967295,0,0
oInvCollPH,144,2480,002709CA,0,1,1,4294967295,0,0
oInvCollPH,144,2496,003199E0,0,1,1,4294967295,0,0
oInvCollPH,144,2512,00050F52,0,1,1,4294967295,0,0
oInvCollPH,144,2528,003D02EB,0,1,1,4294967295,0,0
oInvCollPH,144,2544,003BB789,0,1,1,4294967295,0,0
oInvCollPH,192,2544,003EE9BF,0,1,1,4294967295,0,0
oInvCollPH,192,2528,00129731,0,1,1,4294967295,0,0
oInvCollPH,192,2512,003D113E,0,1,1,4294967295,0,0
oInvCollPH,208,2496,003AAF80,0,1,1,4294967295,0,0
oInvCollPH,208,2512,003EA396,0,1,1,4294967295,0,0
oInvCollPH,208,2528,000E581B,0,1,1,4294967295,0,0
oInvCollPH,208,2544,0021A173,0,1,1,4294967295,0,0
oInvCollPH,256,2544,0013F91A,0,1,1,4294967295,0,0
oInvCollPH,256,2528,003D704A,0,1,1,4294967295,0,0
oInvCollPH,256,2512,000828B2,0,1,1,4294967295,0,0
oInvCollPH,256,2496,0027546F,0,1,1,4294967295,0,0
oInvCollPH,256,2480,00240215,0,1,1,4294967295,0,0
oInvCollPH,272,2464,00115E6B,0,1,1,4294967295,0,0
oInvCollPH,272,2480,002A87EC,0,1,1,4294967295,0,0
oInvCollPH,272,2496,00049BE9,0,1,1,4294967295,0,0
oInvCollPH,272,2512,000F259F,0,1,1,4294967295,0,0
oInvCollPH,272,2528,0023A974,0,1,1,4294967295,0,0
oInvCollPH,272,2544,0020D555,0,1,1,4294967295,0,0
oInvCollPH,320,2544,000981D5,0,1,1,4294967295,0,0
oInvCollPH,320,2528,00098F34,0,1,1,4294967295,0,0
oInvCollPH,320,2512,000823DF,0,1,1,4294967295,0,0
oInvCollPH,336,2496,00281D3F,0,1,1,4294967295,0,0
oInvCollPH,336,2512,0005F808,0,1,1,4294967295,0,0
oInvCollPH,336,2528,0013D53E,0,1,1,4294967295,0,0
oInvCollPH,336,2544,00342125,0,1,1,4294967295,0,0
oInvCollPH,384,2528,0001639F,0,1,1,4294967295,0,0
oInvCollPH,384,2544,002D9270,0,1,1,4294967295,0,0
oInvCollPH,400,2512,0011BA33,0,1,1,4294967295,0,0
oInvCollPH,416,2512,0033D5E2,0,1,1,4294967295,0,0
oInvCollPH,432,2512,001B2C70,0,1,1,4294967295,0,0
oInvCollPH,448,2512,003E9F70,0,1,1,4294967295,0,0
oInvCollPH,464,2512,0026779D,0,1,1,4294967295,0,0
oInvCollPH,368,2560,0039614A,0,1,1,4294967295,0,0
oInvCollPH,352,2560,002B65A3,0,1,1,4294967295,0,0
oInvCollPH,304,2560,0027FAA1,0,1,1,4294967295,0,0
oInvCollPH,288,2560,000AC38F,0,1,1,4294967295,0,0
oInvCollPH,240,2560,00197AF8,0,1,1,4294967295,0,0
oInvCollPH,224,2560,0021801A,0,1,1,4294967295,0,0
oInvCollPH,176,2560,002A6907,0,1,1,4294967295,0,0
oInvCollPH,160,2560,001004B4,0,1,1,4294967295,0,0
oInvCollPH,112,2560,0022C208,0,1,1,4294967295,0,0
oInvCollPH,48,2496,0012341D,0,1,1,4294967295,0,0
oInvCollPH,64,2496,001F1124,0,1,1,4294967295,0,0
oInvCollPH,80,2496,001F96FF,0,1,1,4294967295,0,0
oInvCollPH,80,2512,002A9CF8,0,1,1,4294967295,0,0
oInvCollPH,80,2528,00392E32,0,1,1,4294967295,0,0
oInvCollPH,80,2544,002C9BFC,0,1,1,4294967295,0,0
oInvCollPH,80,2400,001CEC19,0,1,1,4294967295,0,0
oInvCollPH,96,2400,00023B20,0,1,1,4294967295,0,0
oInvCollPH,208,2128,003AB5DB,0,1,1,4294967295,0,0
oInvCollPH,224,2128,003F0434,0,1,1,4294967295,0,0
oInvCollPH,192,2160,001BCAE6,0,1,1,4294967295,0,0
oInvCollPH,192,2176,00115048,0,1,1,4294967295,0,0
oInvCollPH,208,2176,00231567,0,1,1,4294967295,0,0
oInvCollPH,224,2176,002B34C6,0,1,1,4294967295,0,0
oInvCollPH,240,2176,002D69B8,0,1,1,4294967295,0,0
oInvCollPH,256,2176,00235D91,0,1,1,4294967295,0,0
oInvCollPH,272,2176,002B72FE,0,1,1,4294967295,0,0
oInvCollPH,288,2176,00352596,0,1,1,4294967295,0,0
oInvCollPH,304,2176,0017C04C,0,1,1,4294967295,0,0
oInvCollPH,320,2176,000A9628,0,1,1,4294967295,0,0
oInvCollPH,336,2176,003D87E0,0,1,1,4294967295,0,0
oInvCollPH,352,2176,001B575C,0,1,1,4294967295,0,0
oInvCollPH,368,2176,00050F18,0,1,1,4294967295,0,0
oInvCollPH,368,2160,0014CE15,0,1,1,4294967295,0,0
oInvCollPH,368,2144,0030E92C,0,1,1,4294967295,0,0
oInvCollPH,368,2128,0037BA7B,0,1,1,4294967295,0,0
oInvCollPH,288,2128,00226225,0,1,1,4294967295,0,0
oInvCollPH,304,2128,00206C05,0,1,1,4294967295,0,0
oInvCollPH,256,2336,001D829D,0,1,1,4294967295,0,0
oInvCollPH,272,2336,003414A9,0,1,1,4294967295,0,0
oInvCollPH,272,2352,003A8296,0,1,1,4294967295,0,0
oInvCollPH,256,2352,002AAA96,0,1,1,4294967295,0,0
oInvCollPH,240,2352,0026F243,0,1,1,4294967295,0,0
oInvCollPH,208,2304,003EC550,0,1,1,4294967295,0,0
oInvCollPH,208,2320,0014573A,0,1,1,4294967295,0,0
oInvCollPH,224,2320,0028BA34,0,1,1,4294967295,0,0
oInvCollPH,224,2304,001E9E8C,0,1,1,4294967295,0,0
oInvCollPH,224,2288,00048FA0,0,1,1,4294967295,0,0
oInvCollPH,128,2272,002B9619,0,1,1,4294967295,0,0
oInvCollPH,128,2288,00324D98,0,1,1,4294967295,0,0
oInvCollPH,128,2304,00194411,0,1,1,4294967295,0,0
oInvCollPH,128,2320,0036D0B9,0,1,1,4294967295,0,0
oInvCollPH,144,2320,00118453,0,1,1,4294967295,0,0
oInvCollPH,144,2304,002A031A,0,1,1,4294967295,0,0
oInvCollPH,144,2288,00269BE0,0,1,1,4294967295,0,0
oInvCollPH,144,2272,003CBFDA,0,1,1,4294967295,0,0
oInvCollPH,144,2256,003E1BE7,0,1,1,4294967295,0,0
oInvCollPH,64,2240,00054FE1,0,1,1,4294967295,0,0
oInvCollPH,64,2256,00232F05,0,1,1,4294967295,0,0
oInvCollPH,64,2272,002BC3D3,0,1,1,4294967295,0,0
oInvCollPH,64,2288,00289B0D,0,1,1,4294967295,0,0
oInvCollPH,64,2304,000E3431,0,1,1,4294967295,0,0
oInvCollPH,64,2320,002BEE6B,0,1,1,4294967295,0,0
oInvCollPH,80,2320,00222DB8,0,1,1,4294967295,0,0
oInvCollPH,80,2304,001ED0DD,0,1,1,4294967295,0,0
oInvCollPH,80,2288,00088277,0,1,1,4294967295,0,0
oInvCollPH,80,2272,0008B32C,0,1,1,4294967295,0,0
oInvCollPH,80,2256,003AEE27,0,1,1,4294967295,0,0
oInvCollPH,80,2240,00390FD2,0,1,1,4294967295,0,0
oInvCollPH,80,2224,00379FB9,0,1,1,4294967295,0,0
oInvCollPH,64,2352,001C29CD,0,1,1,4294967295,0,0
oInvCollPH,64,2368,0031D75F,0,1,1,4294967295,0,0
oInvCollPH,64,2384,001517AB,0,1,1,4294967295,0,0
oInvCollPH,96,2336,000B4D88,0,1,1,4294967295,0,0
oInvCollPH,112,2336,0035FFE7,0,1,1,4294967295,0,0
oInvCollPH,160,2336,0024A8A9,0,1,1,4294967295,0,0
oInvCollPH,176,2336,003B19C1,0,1,1,4294967295,0,0
oInvCollPH,192,2336,002AEDF5,0,1,1,4294967295,0,0
oInvCollPH,112,2384,000F57EC,0,1,1,4294967295,0,0
oInvCollPH,128,2384,0023FE5E,0,1,1,4294967295,0,0
oInvCollPH,144,2384,0017B481,0,1,1,4294967295,0,0
oInvCollPH,160,2384,0000D40A,0,1,1,4294967295,0,0
oInvCollPH,176,2384,001AEFA6,0,1,1,4294967295,0,0
oInvCollPH,192,2384,0023CC2C,0,1,1,4294967295,0,0
oInvCollPH,208,2384,003B8AD3,0,1,1,4294967295,0,0
oInvCollPH,224,2384,00097EA7,0,1,1,4294967295,0,0
oInvCollPH,224,2368,000FD5DD,0,1,1,4294967295,0,0
oInvCollPH,320,2288,0022FD8F,0,1,1,4294967295,0,0
oInvCollPH,336,2288,0022E53E,0,1,1,4294967295,0,0
oInvCollPH,352,2288,00304BE0,0,1,1,4294967295,0,0
oInvCollPH,368,2288,001F6713,0,1,1,4294967295,0,0
oInvCollPH,384,2288,003EBA48,0,1,1,4294967295,0,0
oInvCollPH,400,2288,0013B1FA,0,1,1,4294967295,0,0
oInvCollPH,288,2304,00074E43,0,1,1,4294967295,0,0
oInvCollPH,288,2320,002659AF,0,1,1,4294967295,0,0
oInvCollPH,288,2352,00379C73,0,1,1,4294967295,0,0
oInvCollPH,304,2352,00353CE5,0,1,1,4294967295,0,0
oInvCollPH,320,2352,003086B3,0,1,1,4294967295,0,0
oInvCollPH,336,2352,000F6F13,0,1,1,4294967295,0,0
oInvCollPH,352,2352,0029CCD6,0,1,1,4294967295,0,0
oInvCollPH,368,2352,00203DAA,0,1,1,4294967295,0,0
oInvCollPH,384,2352,001A14C8,0,1,1,4294967295,0,0
oInvCollPH,400,2352,00296675,0,1,1,4294967295,0,0
oInvCollPH,416,2352,00044969,0,1,1,4294967295,0,0
oInvCollPH,96,2064,0033AEE2,0,1,1,4294967295,0,0
oInvCollPH,112,2064,000D499C,0,1,1,4294967295,0,0
oInvCollPH,128,2064,000198AA,0,1,1,4294967295,0,0
oInvCollPH,144,2064,0020FDF3,0,1,1,4294967295,0,0
oInvCollPH,160,2064,00043A53,0,1,1,4294967295,0,0
oInvCollPH,160,2080,000F3E46,0,1,1,4294967295,0,0
oInvCollPH,160,2096,002B26C9,0,1,1,4294967295,0,0
oInvCollPH,160,2112,0029872B,0,1,1,4294967295,0,0
oInvCollPH,128,2112,00182302,0,1,1,4294967295,0,0
oInvCollPH,112,2112,002F121B,0,1,1,4294967295,0,0
oInvCollPH,96,2112,001E1D8A,0,1,1,4294967295,0,0
oInvCollPH,80,2112,000BD289,0,1,1,4294967295,0,0
oInvCollPH,64,2112,002317F0,0,1,1,4294967295,0,0
oInvCollPH,48,2112,00267739,0,1,1,4294967295,0,0
oInvCollPH,32,2128,003A86A8,0,1,1,4294967295,0,0
oInvCollPH,32,2144,000A4F52,0,1,1,4294967295,0,0
oInvCollPH,32,2160,0013FBF0,0,1,1,4294967295,0,0
oInvCollPH,32,2176,0005791D,0,1,1,4294967295,0,0
oInvCollPH,32,2192,0039CF64,0,1,1,4294967295,0,0
oInvCollPH,32,2208,0006D3A3,0,1,1,4294967295,0,0
oInvCollPH,32,2224,000B45F3,0,1,1,4294967295,0,0
oInvCollPH,32,2240,002E8F3E,0,1,1,4294967295,0,0
oInvCollPH,32,2256,003863B1,0,1,1,4294967295,0,0
oInvCollPH,32,2272,0039A78E,0,1,1,4294967295,0,0
oInvCollPH,32,2480,002600E8,0,1,1,4294967295,0,0
oInvCollPH,32,2464,0039861C,0,1,1,4294967295,0,0
oInvCollPH,32,2448,0005ACF4,0,1,1,4294967295,0,0
oInvCollPH,32,2432,0010114F,0,1,1,4294967295,0,0
oInvCollPH,32,2416,001865A6,0,1,1,4294967295,0,0
oInvCollPH,32,2400,00280E62,0,1,1,4294967295,0,0
oInvCollPH,32,2384,00011B7E,0,1,1,4294967295,0,0
oInvCollPH,32,2368,0024C952,0,1,1,4294967295,0,0
oInvCollPH,32,2352,001EB4AA,0,1,1,4294967295,0,0
oInvCollPH,32,2336,0013648A,0,1,1,4294967295,0,0
oInvCollPH,32,2320,00181589,0,1,1,4294967295,0,0
oInvCollPH,32,2304,000612D9,0,1,1,4294967295,0,0
oInvCollPH,32,2288,002AF7E8,0,1,1,4294967295,0,0
oInvCollPH,208,1280,002ABFC4,0,1,1,4294967295,0,0
oInvCollPH,256,1280,0032F434,0,1,1,4294967295,0,0
oInvCollPH,64,1920,003DAA57,0,1,1,4294967295,0,0
oInvisibleSolid,416,96,002AD868,0,1,1,4294967295,0,1
oInvisibleSolid,384,64,0036FF6D,0,1,1,4294967295,0,1
oInvisibleSolid,352,0,0039B3BB,0,1,1,4294967295,0,1
oInvisibleSolid,112,0,001049C5,0,1,1,4294967295,0,1
oInvisibleSolid,0,0,00144C49,0,1,1,4294967295,0,1
oInvisibleSolid,0,192,0005324D,0,1,1,4294967295,0,1
oInvisibleSolid,320,192,00263085,0,1,1,4294967295,0,1
oInvisibleSolid,272,192,003DC1A6,0,1,1,4294967295,0,1
oInvisibleSolid,192,192,0036866B,0,1,1,4294967295,0,1
oInvisibleSolid,384,320,0004A80E,0,1,1,4294967295,0,1
oInvisibleSolid,208,416,00209F6B,0,1,1,4294967295,0,1
oInvisibleSolid,112,320,000D6E40,0,1,1,4294967295,0,1
oInvisibleSolid,0,320,00082008,0,1,1,4294967295,0,1
oInvisibleSolid,432,320,000381E3,0,1,1,4294967295,0,1
oInvisibleSolid,304,608,00062E7E,0,1,1,4294967295,0,1
oInvisibleSolid,288,640,00029FA3,0,1,1,4294967295,0,1
oInvisibleSolid,112,640,0030BEBC,0,1,1,4294967295,0,1
oInvisibleSolid,0,480,0004E333,0,1,1,4294967295,0,1
oInvisibleSolid,0,720,000E7670,0,1,1,4294967295,0,1
oInvisibleSolid,192,768,0026C4BA,0,1,1,4294967295,0,1
oInvisibleSolid,224,832,00044C18,0,1,1,4294967295,0,1
oInvisibleSolid,176,848,00224C11,0,1,1,4294967295,0,1
oInvisibleSolid,416,752,00115519,0,1,1,4294967295,0,1
oInvisibleSolid,64,944,0021B7F0,0,1,1,4294967295,0,1
oInvisibleSolid,112,992,002EF59E,0,1,1,4294967295,0,1
oInvisibleSolid,176,960,003DD127,0,1,1,4294967295,0,1
oInvisibleSolid,192,1040,00060FDC,0,1,1,4294967295,0,1
oInvisibleSolid,288,992,00300153,0,1,1,4294967295,0,1
oInvisibleSolid,320,1040,002EECD4,0,1,1,4294967295,0,1
oInvisibleSolid,80,1088,0017A2C1,0,1,1,4294967295,0,1
oInvisibleSolid,80,1120,00006E1B,0,1,1,4294967295,0,1
oInvisibleSolid,208,1120,003ACA0A,0,1,1,4294967295,0,1
oInvisibleSolid,0,1328,00249F01,0,1,1,4294967295,0,1
oInvisibleSolid,0,1216,001B92A5,0,1,1,4294967295,0,1
oInvisibleSolid,160,1216,003B0CD8,0,1,1,4294967295,0,1
oInvisibleSolid,224,1296,003DE399,0,1,1,4294967295,0,1
oInvisibleSolid,224,1200,00238CCE,0,1,1,4294967295,0,1
oInvisibleSolid,320,1232,0023B925,0,1,1,4294967295,0,1
oInvisibleSolid,112,1360,0006512D,0,1,1,4294967295,0,1
oInvisibleSolid,208,1360,00042B7E,0,1,1,4294967295,0,1
oInvisibleSolid,304,1360,001D9E40,0,1,1,4294967295,0,1
oInvisibleSolid,112,1392,003E68DF,0,1,1,4294967295,0,1
oInvisibleSolid,416,1968,000054B0,0,1,1,4294967295,0,1
oInvisibleSolid,0,2064,004002F7,0,1,1,4294967295,0,1
oInvisibleSolid,240,2064,001393B7,0,1,1,4294967295,0,1
oInvisibleSolid,320,2048,000A9F5B,0,1,1,4294967295,0,1
oInvisibleSolid,192,2128,00005681,0,1,1,4294967295,0,1
oInvisibleSolid,144,2128,003987D1,0,1,1,4294967295,0,1
oInvisibleSolid,0,2128,0004FF14,0,1,1,4294967295,0,1
oInvisibleSolid,0,2496,0015C210,0,1,1,4294967295,0,1
oInvisibleSolid,96,2560,0000D35C,0,1,1,4294967295,0,1
oInvisibleSolid,384,2512,002A94FF,0,1,1,4294967295,0,1
oInvisibleSolid,320,2496,002C0411,0,1,1,4294967295,0,1
oInvisibleSolid,256,2464,0016DEF5,0,1,1,4294967295,0,1
oInvisibleSolid,432,2368,001E7014,0,1,1,4294967295,0,1
oInvisibleSolid,192,2496,0019D7F1,0,1,1,4294967295,0,1
oInvisibleSolid,128,2480,0028A549,0,1,1,4294967295,0,1
oInvisibleSolid,64,2400,001A7531,0,1,1,4294967295,0,1
oInvisibleSolid,64,2224,0009628E,0,1,1,4294967295,0,1
oInvisibleSolid,128,2256,00303CAD,0,1,1,4294967295,0,1
oInvisibleSolid,288,2272,00198121,0,1,1,4294967295,0,1
oInvisibleSolid,288,2288,00341B11,0,1,1,4294967295,0,1
oInvisibleSolid,240,2336,00161F2B,0,1,1,4294967295,0,1
oInvisibleSolid,208,2288,0016B87D,0,1,1,4294967295,0,1
oInvisibleSolid,64,2336,001D5FF7,0,1,1,4294967295,0,1
oInvisibleSolid,0,1920,00104D96,0,1,1,4294967295,0,1
oInvisibleSolid,0,1936,0036E542,0,1,1,4294967295,0,1
