oVaultLightbeam,0,0,00126A29,0,1,1,4294967295,0,1
oVaultLightbeam,464,352,00089F20,0,1,1,4294967295,0,1
oVaultLightbeam,832,0,00343EE0,0,1,1,4294967295,0,1
oVaultLightbeam,1216,0,00357E0C,0,1,1,4294967295,0,1
oVaultLightbeam,1616,352,0001B04B,0,1,1,4294967295,0,1
oVaultLightbeam,2512,352,0033594B,0,1,1,4294967295,0,1
oVaultLightbeam,2176,352,002AC5CE,0,1,1,4294967295,0,1
oVaultLineSet,512,48,001FB1C6,0,1,1,4294967295,0,1
oVaultBackText,544,256,002F3260,0,1,1,4294967295,0,1
oVaultLineSet,944,224,0036A7CC,0,1,1,4294967295,0,1
oVaultLineSet,944,256,000D821C,0,1,1,4294967295,0,1
oVaultLineSet,2777,304,0013670E,0,1,1,4294967295,0,1
oSwitchPanelColor,1448,280,001C57C6,0,1,1,4294967295,0,1
oExit,2864,208,0038D7CA,0,1,1,4294967295,0,1
oExit,2800,48,00347063,0,1,1,4294967295,0,1
oBarrierColor,1808,0,000AF780,0,1,1,4294967295,0,1
oEventBarrier,2752,16,001378E3,0,1,1,4294967295,0,1
oZeldaBreakPot,2112,64,00174A0E,0,1,1,4294967295,0,0
oVaultMovingPlat,672,256,0033E6EE,0,1,1,4294967295,0,1
oVaultMovingPlat,800,128,003B11EB,0,1,1,4294967295,0,1
oBallChainControl,1376,64,00148B48,0,1,1,4294967295,0,1
oVaultPanther,576,256,001BCB5E,0,1,1,4294967295,0,0
oToady,2160,192,00372463,0,1,1,4294967295,0,0
oVaultMoth,1664,80,002C8B78,0,1,1,4294967295,0,0
oVaultShadow,2384,80,00400B21,0,1,1,4294967295,0,0
oPlayerIdle,96,288,0015FAEF,0,1,1,4294967295,0,1
oPlayer1,160,288,001ADF9B,0,1,1,4294967295,0,0
oInvCollPH,320,96,0033C7AD,0,1,1,4294967295,0,0
oInvCollPH,336,96,00173A68,0,1,1,4294967295,0,0
oInvCollPH,352,96,0019F7E9,0,1,1,4294967295,0,0
oInvCollPH,352,80,000299E7,0,1,1,4294967295,0,0
oInvCollPH,336,80,000796E6,0,1,1,4294967295,0,0
oInvCollPH,64,288,0008085D,0,1,1,4294967295,0,0
oInvCollPH,80,288,000E02E2,0,1,1,4294967295,0,0
oInvCollPH,96,288,0002F8DA,0,1,1,4294967295,0,0
oInvCollPH,112,288,0026FB81,0,1,1,4294967295,0,0
oInvCollPH,128,288,00313AE4,0,1,1,4294967295,0,0
oInvCollPH,144,288,003B6B7D,0,1,1,4294967295,0,0
oInvCollPH,160,288,0027FB2F,0,1,1,4294967295,0,0
oInvCollPH,176,288,00181053,0,1,1,4294967295,0,0
oInvCollPH,176,304,001A153B,0,1,1,4294967295,0,0
oInvCollPH,176,320,0039BAA8,0,1,1,4294967295,0,0
oInvCollPH,176,336,000E6161,0,1,1,4294967295,0,0
oInvCollPH,432,256,00173083,0,1,1,4294967295,0,0
oInvCollPH,448,256,00326745,0,1,1,4294967295,0,0
oInvCollPH,464,256,00340C75,0,1,1,4294967295,0,0
oInvCollPH,480,256,00102971,0,1,1,4294967295,0,0
oInvCollPH,496,256,00104A6C,0,1,1,4294967295,0,0
oInvCollPH,512,256,0032C3CE,0,1,1,4294967295,0,0
oInvCollPH,528,256,002A46CB,0,1,1,4294967295,0,0
oInvCollPH,416,272,003D5326,0,1,1,4294967295,0,0
oInvCollPH,416,288,00260CFD,0,1,1,4294967295,0,0
oInvCollPH,416,304,002BAB70,0,1,1,4294967295,0,0
oInvCollPH,416,320,001C20F8,0,1,1,4294967295,0,0
oInvCollPH,416,336,000FCF53,0,1,1,4294967295,0,0
oInvCollPH,528,272,002BBFE2,0,1,1,4294967295,0,0
oInvCollPH,528,288,00085150,0,1,1,4294967295,0,0
oInvCollPH,528,304,001D36E6,0,1,1,4294967295,0,0
oInvCollPH,528,320,0015ECC6,0,1,1,4294967295,0,0
oInvCollPH,528,336,0032CCDA,0,1,1,4294967295,0,0
oInvCollPH,944,240,0011E6BE,0,1,1,4294967295,0,0
oInvCollPH,960,240,0038B038,0,1,1,4294967295,0,0
oInvCollPH,976,240,001149E1,0,1,1,4294967295,0,0
oInvCollPH,992,240,000605D5,0,1,1,4294967295,0,0
oInvCollPH,1008,240,00072443,0,1,1,4294967295,0,0
oInvCollPH,1024,240,0030DD27,0,1,1,4294967295,0,0
oInvCollPH,1040,240,001EBEF1,0,1,1,4294967295,0,0
oInvCollPH,1808,208,001E640B,0,1,1,4294967295,0,0
oInvCollPH,1808,224,000860A9,0,1,1,4294967295,0,0
oInvCollPH,1808,240,001B5401,0,1,1,4294967295,0,0
oInvCollPH,1824,240,0005DD03,0,1,1,4294967295,0,0
oInvCollPH,1840,240,001A9E5C,0,1,1,4294967295,0,0
oInvCollPH,1856,240,0019EFF7,0,1,1,4294967295,0,0
oInvCollPH,1856,224,00228633,0,1,1,4294967295,0,0
oInvCollPH,1856,208,003CDAED,0,1,1,4294967295,0,0
oInvCollPH,1856,192,003F6719,0,1,1,4294967295,0,0
oInvCollPH,1840,192,001D6806,0,1,1,4294967295,0,0
oInvCollPH,1824,192,003E8A72,0,1,1,4294967295,0,0
oInvCollPH,1968,272,000E040A,0,1,1,4294967295,0,0
oInvCollPH,1968,288,00180F83,0,1,1,4294967295,0,0
oInvCollPH,1968,304,00014427,0,1,1,4294967295,0,0
oInvCollPH,1968,320,0037CABA,0,1,1,4294967295,0,0
oInvCollPH,1968,336,003E6835,0,1,1,4294967295,0,0
oInvCollPH,1984,256,0034AA4B,0,1,1,4294967295,0,0
oInvCollPH,2000,256,0007043F,0,1,1,4294967295,0,0
oInvCollPH,2016,256,003C4097,0,1,1,4294967295,0,0
oInvCollPH,2032,256,003B9BF3,0,1,1,4294967295,0,0
oInvCollPH,2048,256,00094852,0,1,1,4294967295,0,0
oInvCollPH,2064,256,003B633F,0,1,1,4294967295,0,0
oInvCollPH,2080,256,00158B1E,0,1,1,4294967295,0,0
oInvCollPH,2080,272,001B6E3B,0,1,1,4294967295,0,0
oInvCollPH,2080,288,00293B27,0,1,1,4294967295,0,0
oInvCollPH,2080,304,0029CD73,0,1,1,4294967295,0,0
oInvCollPH,2080,320,00186C62,0,1,1,4294967295,0,0
oInvCollPH,2080,336,002FD830,0,1,1,4294967295,0,0
oInvCollPH,2576,128,00368A91,0,1,1,4294967295,0,0
oInvCollPH,2592,128,00229B55,0,1,1,4294967295,0,0
oInvCollPH,2608,128,0037CC23,0,1,1,4294967295,0,0
oInvCollPH,2608,112,00162788,0,1,1,4294967295,0,0
oInvCollPH,2592,112,001058CD,0,1,1,4294967295,0,0
oInvCollPH,2720,0,00273CED,0,1,1,4294967295,0,0
oInvCollPH,2736,0,0023B561,0,1,1,4294967295,0,0
oInvCollPH,2752,0,003EFAB2,0,1,1,4294967295,0,0
oInvCollPH,2768,0,000E880E,0,1,1,4294967295,0,0
oInvCollPH,2784,0,001F6421,0,1,1,4294967295,0,0
oInvCollPH,2800,0,000EDDA2,0,1,1,4294967295,0,0
oInvCollPH,2816,0,002FA5C6,0,1,1,4294967295,0,0
oInvCollPH,2832,0,002D80D8,0,1,1,4294967295,0,0
oInvCollPH,2848,16,0004B467,0,1,1,4294967295,0,0
oInvCollPH,2848,32,000360FA,0,1,1,4294967295,0,0
oInvCollPH,2848,48,001B61DC,0,1,1,4294967295,0,0
oInvCollPH,2848,64,001F4805,0,1,1,4294967295,0,0
oInvCollPH,2672,96,0003F6CF,0,1,1,4294967295,0,0
oInvCollPH,2688,96,0004324C,0,1,1,4294967295,0,0
oInvCollPH,2704,96,0004A042,0,1,1,4294967295,0,0
oInvCollPH,2720,96,002253CB,0,1,1,4294967295,0,0
oInvCollPH,2736,96,00052D7A,0,1,1,4294967295,0,0
oInvCollPH,2752,96,0032EE30,0,1,1,4294967295,0,0
oInvCollPH,2768,96,001F5664,0,1,1,4294967295,0,0
oInvCollPH,2784,96,000644C0,0,1,1,4294967295,0,0
oInvCollPH,2800,96,00153154,0,1,1,4294967295,0,0
oInvCollPH,2816,96,00216F35,0,1,1,4294967295,0,0
oInvCollPH,2688,80,001490E3,0,1,1,4294967295,0,0
oInvCollPH,2704,80,00249A74,0,1,1,4294967295,0,0
oInvCollPH,2720,80,000D1033,0,1,1,4294967295,0,0
oInvCollPH,2736,80,000E65AB,0,1,1,4294967295,0,0
oInvCollPH,2752,80,001C20D3,0,1,1,4294967295,0,0
oInvCollPH,2768,80,0023F075,0,1,1,4294967295,0,0
oInvCollPH,2784,80,000D2830,0,1,1,4294967295,0,0
oInvCollPH,2800,80,002EAFF8,0,1,1,4294967295,0,0
oInvCollPH,2816,80,0024C434,0,1,1,4294967295,0,0
oInvCollPH,2832,80,00054274,0,1,1,4294967295,0,0
oInvCollPH,2832,96,0030C668,0,1,1,4294967295,0,0
oInvCollPH,2848,96,0028A0CC,0,1,1,4294967295,0,0
oInvCollPH,2864,96,003C680E,0,1,1,4294967295,0,0
oInvCollPH,2640,256,003BE089,0,1,1,4294967295,0,0
oInvCollPH,2640,272,0008E874,0,1,1,4294967295,0,0
oInvCollPH,2640,288,0024E083,0,1,1,4294967295,0,0
oInvCollPH,2640,304,0032C99D,0,1,1,4294967295,0,0
oInvCollPH,2640,320,00228DB4,0,1,1,4294967295,0,0
oInvCollPH,2640,336,000A24D1,0,1,1,4294967295,0,0
oInvCollPH,2656,240,002D3C5E,0,1,1,4294967295,0,0
oInvCollPH,2672,240,00037B90,0,1,1,4294967295,0,0
oInvCollPH,2688,240,0009959F,0,1,1,4294967295,0,0
oInvCollPH,2704,240,00321F64,0,1,1,4294967295,0,0
oInvCollPH,2720,240,000B545B,0,1,1,4294967295,0,0
oInvCollPH,2736,240,003C776C,0,1,1,4294967295,0,0
oInvCollPH,2752,240,003042C9,0,1,1,4294967295,0,0
oInvCollPH,2768,240,0018A38E,0,1,1,4294967295,0,0
oInvCollPH,2784,240,003ACC51,0,1,1,4294967295,0,0
oInvCollPH,2800,240,003DD89F,0,1,1,4294967295,0,0
oInvCollPH,2816,240,00087770,0,1,1,4294967295,0,0
oInvCollPH,2832,240,003323F0,0,1,1,4294967295,0,0
oInvCollPH,2848,240,000DAC7F,0,1,1,4294967295,0,0
oInvCollPH,2864,240,00081F05,0,1,1,4294967295,0,0
oInvCollPH,256,96,00321E77,0,1,1,4294967295,0,0
oInvCollPH,272,96,001CF6FF,0,1,1,4294967295,0,0
oInvCollPH,288,96,003E01F6,0,1,1,4294967295,0,0
oInvCollPH,304,96,0011CEAC,0,1,1,4294967295,0,0
oInvCollPH,272,80,00219781,0,1,1,4294967295,0,0
oInvCollPH,288,80,00123487,0,1,1,4294967295,0,0
oInvCollPH,304,80,0024D664,0,1,1,4294967295,0,0
oInvCollPH,320,80,00349C4C,0,1,1,4294967295,0,0
oInvCollPH,368,80,0005AFEC,0,1,1,4294967295,0,0
oInvCollPH,384,80,000E00F3,0,1,1,4294967295,0,0
oInvCollPH,384,96,00355771,0,1,1,4294967295,0,0
oInvCollPH,368,96,0013CE7B,0,1,1,4294967295,0,0
oInvCollPH,224,96,00006FA6,0,1,1,4294967295,0,0
oInvCollPH,240,96,001739D2,0,1,1,4294967295,0,0
oInvCollPH,240,80,00146904,0,1,1,4294967295,0,0
oInvCollPH,256,80,0029E96C,0,1,1,4294967295,0,0
oInvCollPH,400,80,00218E01,0,1,1,4294967295,0,0
oInvCollPH,400,96,0010A786,0,1,1,4294967295,0,0
oIVaultHoriz,192,288,0008423D,0,1,1,4294967295,0,1
oInvisibleSolid,224,80,0039002D,0,1,1,4294967295,0,1
oInvisibleSolid,0,288,001C6A24,0,1,1,4294967295,0,1
oIVaultC4,0,0,0034FE8F,0,1,1,4294967295,0,0
oIVaultC4,32,16,003CEF60,0,1,1,4294967295,0,0
oIVaultC4,64,32,003255FE,0,1,1,4294967295,0,0
oIVaultC4,96,48,0005F9D8,0,1,1,4294967295,0,0
oIVaultC4,0,256,003368DC,0,1,1,4294967295,0,0
oIVaultC4,32,272,0033531D,0,1,1,4294967295,0,0
oIVaultC3,64,160,003086CA,0,1,1,4294967295,0,0
oIVaultC3,96,144,003742F1,0,1,1,4294967295,0,0
oInvisibleSolid,416,256,003FC444,0,1,1,4294967295,0,1
oIVaultHoriz,352,256,0033FAD6,0,1,1,4294967295,0,1
oIVaultHoriz,496,48,00255FA4,0,1,1,4294967295,0,1
oIVaultHoriz,496,64,002DF345,0,1,1,4294967295,0,1
oInvisibleSolid,928,240,00059F9A,0,1,1,4294967295,0,1
oIVaultHoriz,928,224,002133D7,0,1,1,4294967295,0,1
oIVaultHoriz,928,272,003BF3C5,0,1,1,4294967295,0,1
oIVaultCir3,1264,288,00351C2D,0,1,1,4294967295,0,0
oIVaultCir3,1424,288,0039D147,0,1,1,4294967295,0,0
oIVaultCir3,1120,224,0010044C,0,1,1,4294967295,0,0
oIVaultCir3,1232,208,003CDE67,0,1,1,4294967295,0,0
oIVaultCir3,1344,192,0025E0A8,0,1,1,4294967295,0,0
oIVaultCir3,1456,176,0037049B,0,1,1,4294967295,0,0
oIVaultCir3,1568,160,0009B510,0,1,1,4294967295,0,0
oIVaultCir4,1296,288,0007AFD7,0,1,1,4294967295,0,0
oIVaultCir4,1456,288,000639C6,0,1,1,4294967295,0,0
oIVaultCir4,1152,224,001026B6,0,1,1,4294967295,0,0
oIVaultCir4,1264,208,002624D1,0,1,1,4294967295,0,0
oIVaultCir4,1376,192,00238F1C,0,1,1,4294967295,0,0
oIVaultCir4,1488,176,00360FF5,0,1,1,4294967295,0,0
oIVaultCir4,1600,160,000C563A,0,1,1,4294967295,0,0
oIVaultCir2,1392,256,001E33DB,0,1,1,4294967295,0,0
oIVaultCir1,1328,256,003DDD6F,0,1,1,4294967295,0,0
oIVaultVert,1264,256,00121057,0,1,1,4294967295,0,1
oIVaultVert,1484,256,003A3A0D,0,1,1,4294967295,0,1
oIVaultCir2,1376,48,000D2F0D,0,1,1,4294967295,0,0
oIVaultCir1,1344,48,003A4AC1,0,1,1,4294967295,0,0
oInvisibleSolid,1968,256,0015CF27,0,1,1,4294967295,0,1
oInvisibleSolid,1808,192,0006BF3C,0,1,1,4294967295,0,1
oIVaultHoriz,1680,160,00267B26,0,1,1,4294967295,0,1
oIVaultHoriz,1776,192,002D9276,0,1,1,4294967295,0,1
oIVaultHoriz,2240,144,0040101B,0,1,1,4294967295,0,1
oIVaultHoriz,2096,80,00402D61,0,1,1,4294967295,0,1
oIVaultHoriz,1952,96,001F7EBF,0,1,1,4294967295,0,1
oIVaultHoriz,1872,48,003C4466,0,1,1,4294967295,0,1
oIVaultVert,1773,160,00107DD7,0,1,1,4294967295,0,1
oIVaultC2,1904,48,000AB6EF,0,1,1,4294967295,0,0
oIVaultC2,1920,64,00062084,0,1,1,4294967295,0,0
oIVaultC2,1936,80,00391C0E,0,1,1,4294967295,0,0
oIVaultHoriz,2512,240,0009E6AE,0,1,1,4294967295,0,1
oIVaultHoriz,2400,192,003F1BCC,0,1,1,4294967295,0,1
oInvisibleSolid,2704,0,0037FBB3,0,1,1,4294967295,0,1
oInvisibleSolid,2848,0,0024F496,0,1,1,4294967295,0,1
oInvisibleSolid,2672,80,000AB42A,0,1,1,4294967295,0,1
oInvisibleSolid,2560,128,0028D9A3,0,1,1,4294967295,0,0
oInvisibleSolid,2576,112,00233C8F,0,1,1,4294967295,0,1
oInvisibleSolid,2640,240,001107B6,0,1,1,4294967295,0,1
oIVaultHoriz,1808,96,001C3D43,0,1,1,4294967295,0,0
oIVaultC1,1856,48,0028970A,0,1,1,4294967295,0,0
oIVaultC1,1840,64,001207C0,0,1,1,4294967295,0,0
oIVaultC1,1824,80,0029FD10,0,1,1,4294967295,0,0
oIVaultHoriz,1360,256,00359120,0,1,1,4294967295,0,1
oPartySplitGoal,2704,16,003DCD05,0,1,1,4294967295,0,1
