oExit,464,272,0022F512,0,1,1,4294967295,0,1
oExit,0,272,00117FCA,0,1,1,4294967295,0,1
oPlayer1,416,304,0004FE44,0,1,1,4294967295,0,0
oMetroidDoorHolder,16,272,0037B463,0,1,1,4294967295,0,1
oMetroidDoorHolder,448,272,002615C8,0,1,1,4294967295,0,1
oInvCollPH,144,176,000F9FFA,0,1,1,4294967295,0,0
oInvCollPH,240,128,001B435B,0,1,1,4294967295,0,0
oInvCollPH,336,176,00155FA9,0,1,1,4294967295,0,0
oInvCollPH,160,272,003D3CE3,0,1,1,4294967295,0,0
oInvCollPH,160,288,00008D06,0,1,1,4294967295,0,0
oInvCollPH,176,256,00087CCF,0,1,1,4294967295,0,0
oInvCollPH,192,256,002425A8,0,1,1,4294967295,0,0
oInvCollPH,208,256,003FDF29,0,1,1,4294967295,0,0
oInvCollPH,224,256,00383A74,0,1,1,4294967295,0,0
oInvCollPH,240,256,00322551,0,1,1,4294967295,0,0
oInvCollPH,256,256,001C721B,0,1,1,4294967295,0,0
oInvCollPH,272,256,00376CE9,0,1,1,4294967295,0,0
oInvCollPH,288,256,0039C5F6,0,1,1,4294967295,0,0
oInvCollPH,304,256,00013D4D,0,1,1,4294967295,0,0
oInvCollPH,304,272,0033989A,0,1,1,4294967295,0,0
oInvCollPH,304,288,00154A76,0,1,1,4294967295,0,0
oInvCollPH,16,304,00349770,0,1,1,4294967295,0,0
oInvCollPH,32,304,002A2914,0,1,1,4294967295,0,0
oInvCollPH,48,304,0001386B,0,1,1,4294967295,0,0
oInvCollPH,64,304,0030773F,0,1,1,4294967295,0,0
oInvCollPH,80,304,0020EA50,0,1,1,4294967295,0,0
oInvCollPH,96,304,001974A7,0,1,1,4294967295,0,0
oInvCollPH,112,304,003B5AD2,0,1,1,4294967295,0,0
oInvCollPH,128,304,00233508,0,1,1,4294967295,0,0
oInvCollPH,144,304,0006B39D,0,1,1,4294967295,0,0
oInvCollPH,320,304,0033487C,0,1,1,4294967295,0,0
oInvCollPH,336,304,00306187,0,1,1,4294967295,0,0
oInvCollPH,352,304,00385A53,0,1,1,4294967295,0,0
oInvCollPH,368,304,0004506A,0,1,1,4294967295,0,0
oInvCollPH,384,304,000EB39E,0,1,1,4294967295,0,0
oInvCollPH,400,304,0007D904,0,1,1,4294967295,0,0
oInvCollPH,416,304,001D68FA,0,1,1,4294967295,0,0
oInvCollPH,432,304,003C285D,0,1,1,4294967295,0,0
oInvCollPH,448,304,0038351F,0,1,1,4294967295,0,0
oInvCollPH,464,304,0010911D,0,1,1,4294967295,0,0
oInvCollPH,64,32,002A56C1,0,1,1,4294967295,0,0
oInvCollPH,80,32,001FAACF,0,1,1,4294967295,0,0
oInvCollPH,96,32,0006338E,0,1,1,4294967295,0,0
oInvCollPH,112,32,003E7ADF,0,1,1,4294967295,0,0
oInvCollPH,128,32,001444A3,0,1,1,4294967295,0,0
oInvCollPH,160,32,00220AA0,0,1,1,4294967295,0,0
oInvCollPH,176,32,002C0EF9,0,1,1,4294967295,0,0
oInvCollPH,192,32,00078059,0,1,1,4294967295,0,0
oInvCollPH,208,32,003BEECE,0,1,1,4294967295,0,0
oInvCollPH,224,32,002361B3,0,1,1,4294967295,0,0
oInvCollPH,240,32,0033D328,0,1,1,4294967295,0,0
oInvCollPH,256,32,00200355,0,1,1,4294967295,0,0
oInvCollPH,272,32,000CA68C,0,1,1,4294967295,0,0
oInvCollPH,288,32,00014933,0,1,1,4294967295,0,0
oInvCollPH,304,32,002BE9CF,0,1,1,4294967295,0,0
oInvCollPH,336,32,001F5B49,0,1,1,4294967295,0,0
oInvCollPH,352,32,003E7201,0,1,1,4294967295,0,0
oInvCollPH,368,32,00015751,0,1,1,4294967295,0,0
oInvCollPH,384,32,00149A33,0,1,1,4294967295,0,0
oInvCollPH,400,32,00346B40,0,1,1,4294967295,0,0
oInvCollPH,48,48,001B6BA4,0,1,1,4294967295,0,0
oInvCollPH,48,64,0011AD14,0,1,1,4294967295,0,0
oInvCollPH,48,80,0015E1B9,0,1,1,4294967295,0,0
oInvCollPH,48,96,003D215F,0,1,1,4294967295,0,0
oInvCollPH,48,112,00402098,0,1,1,4294967295,0,0
oInvCollPH,48,192,00154AA6,0,1,1,4294967295,0,0
oInvCollPH,48,176,001A7DCB,0,1,1,4294967295,0,0
oInvCollPH,48,160,002BE4F7,0,1,1,4294967295,0,0
oInvCollPH,48,144,00285D05,0,1,1,4294967295,0,0
oInvCollPH,48,128,00374B82,0,1,1,4294967295,0,0
oInvCollPH,0,224,0023C856,0,1,1,4294967295,0,0
oInvCollPH,16,224,003E0987,0,1,1,4294967295,0,0
oInvCollPH,32,224,0009491E,0,1,1,4294967295,0,0
oInvCollPH,48,224,00209D8D,0,1,1,4294967295,0,0
oInvCollPH,48,208,0033CA9B,0,1,1,4294967295,0,0
oInvCollPH,416,64,002ED14D,0,1,1,4294967295,0,0
oInvCollPH,416,80,00342605,0,1,1,4294967295,0,0
oInvCollPH,416,96,00199E0A,0,1,1,4294967295,0,0
oInvCollPH,416,112,002454CE,0,1,1,4294967295,0,0
oInvCollPH,416,128,0028FDF0,0,1,1,4294967295,0,0
oInvCollPH,416,144,0038AC54,0,1,1,4294967295,0,0
oInvCollPH,416,160,000C0D47,0,1,1,4294967295,0,0
oInvCollPH,416,176,0032E51F,0,1,1,4294967295,0,0
oInvCollPH,416,192,002A9945,0,1,1,4294967295,0,0
oInvCollPH,416,208,0038DA18,0,1,1,4294967295,0,0
oInvCollPH,416,224,002B6961,0,1,1,4294967295,0,0
oInvCollPH,432,224,0001A653,0,1,1,4294967295,0,0
oInvCollPH,448,224,003BB969,0,1,1,4294967295,0,0
oInvCollPH,464,224,0014A90D,0,1,1,4294967295,0,0
oInvCollPH,144,32,001F2EE0,0,1,1,4294967295,0,0
oInvCollPH,320,32,002D1F36,0,1,1,4294967295,0,0
oInvisibleSolid,0,0,003DE182,0,1,1,4294967295,0,1
oInvisibleSolid,0,48,0014BFFB,0,1,1,4294967295,0,1
oInvisibleSolid,416,48,0021D7CB,0,1,1,4294967295,0,1
oInvisibleSolid,160,256,001A7B26,0,1,1,4294967295,0,1
oInvisibleSolid,0,304,002BF00F,0,1,1,4294967295,0,1
oInvisibleSolid,224,128,0003B463,0,1,1,4294967295,0,1
oInvisibleSolid,128,176,000F1D0A,0,1,1,4294967295,0,1
oInvisibleSolid,320,176,00025C28,0,1,1,4294967295,0,1
