oExit,0,272,000CC272,0,1,1,4294967295,0,1
oExit,464,272,0023E3D9,0,1,1,4294967295,0,1
oLinkBombUpgrade,232,192,00400353,0,1,1,4294967295,0,1
oPlayer1,48,304,002C9A14,0,1,1,4294967295,0,0
oInvCollPH,16,304,00173907,0,1,1,4294967295,0,0
oInvCollPH,32,304,003B7A33,0,1,1,4294967295,0,0
oInvCollPH,48,304,001D2714,0,1,1,4294967295,0,0
oInvCollPH,64,304,003D77A3,0,1,1,4294967295,0,0
oInvCollPH,80,304,002881F2,0,1,1,4294967295,0,0
oInvCollPH,96,304,0014474D,0,1,1,4294967295,0,0
oInvCollPH,112,304,0008FBB9,0,1,1,4294967295,0,0
oInvCollPH,128,304,002670DF,0,1,1,4294967295,0,0
oInvCollPH,144,288,002433E6,0,1,1,4294967295,0,0
oInvCollPH,160,272,003D6FD6,0,1,1,4294967295,0,0
oInvCollPH,176,256,003D0EF4,0,1,1,4294967295,0,0
oInvCollPH,192,240,0009B20C,0,1,1,4294967295,0,0
oInvCollPH,208,224,00262180,0,1,1,4294967295,0,0
oInvCollPH,224,208,002B25C2,0,1,1,4294967295,0,0
oInvCollPH,240,208,0011AB81,0,1,1,4294967295,0,0
oInvCollPH,256,208,0013F56A,0,1,1,4294967295,0,0
oInvCollPH,256,224,00058CE1,0,1,1,4294967295,0,0
oInvCollPH,288,240,0030D496,0,1,1,4294967295,0,0
oInvCollPH,288,256,0017DAC9,0,1,1,4294967295,0,0
oInvCollPH,272,240,0011C27F,0,1,1,4294967295,0,0
oInvCollPH,304,272,000B97DF,0,1,1,4294967295,0,0
oInvCollPH,320,272,00110060,0,1,1,4294967295,0,0
oInvCollPH,320,288,00171C7C,0,1,1,4294967295,0,0
oInvCollPH,336,304,000F7F19,0,1,1,4294967295,0,0
oInvCollPH,352,304,000693D4,0,1,1,4294967295,0,0
oInvCollPH,368,304,0002603C,0,1,1,4294967295,0,0
oInvCollPH,384,304,003A2E8F,0,1,1,4294967295,0,0
oInvCollPH,400,304,002F4BEC,0,1,1,4294967295,0,0
oInvCollPH,416,304,000A73AA,0,1,1,4294967295,0,0
oInvCollPH,432,304,00025978,0,1,1,4294967295,0,0
oInvCollPH,448,304,000DF9EC,0,1,1,4294967295,0,0
oInvCollPH,464,304,003F54EA,0,1,1,4294967295,0,0
oInvisibleSolid,0,304,001BB16C,0,1,1,4294967295,0,1
oInvisibleSolid,144,272,0018EA33,0,1,1,4294967295,0,1
oInvisibleSolid,176,240,0023461C,0,1,1,4294967295,0,1
oInvisibleSolid,208,208,0009E891,0,1,1,4294967295,0,1
