oExit,0,256,003C5EDF,0,1,1,4294967295,0,1
oExit,592,240,00264162,0,1,1,4294967295,0,1
oAccessGate,288,192,000B2490,0,1,1,4294967295,0,1
oGateItemTerminal,144,288,000E6786,0,1,1,4294967295,0,1
oVendingMachine,448,272,00396140,0,1,1,4294967295,0,0
oPlayer1,48,288,001D818E,0,1,1,4294967295,0,0
oInvCollPH,272,256,002C3333,0,1,1,4294967295,0,0
oInvCollPH,288,256,002A744A,0,1,1,4294967295,0,0
oInvCollPH,304,256,0006AF59,0,1,1,4294967295,0,0
oInvCollPH,320,256,0027B9CC,0,1,1,4294967295,0,0
oInvCollPH,336,256,003B018C,0,1,1,4294967295,0,0
oInvCollPH,352,256,0023E637,0,1,1,4294967295,0,0
oInvCollPH,368,256,000584F8,0,1,1,4294967295,0,0
oInvCollPH,416,272,000343D6,0,1,1,4294967295,0,0
oInvCollPH,432,272,0001A392,0,1,1,4294967295,0,0
oInvCollPH,448,272,002CC48A,0,1,1,4294967295,0,0
oInvCollPH,464,272,0021AE42,0,1,1,4294967295,0,0
oInvCollPH,16,288,0016E3E8,0,1,1,4294967295,0,0
oInvCollPH,32,288,001407DC,0,1,1,4294967295,0,0
oInvCollPH,48,288,00052B95,0,1,1,4294967295,0,0
oInvCollPH,64,288,000F5363,0,1,1,4294967295,0,0
oInvCollPH,80,288,0028E53E,0,1,1,4294967295,0,0
oInvCollPH,96,288,0006D0A2,0,1,1,4294967295,0,0
oInvCollPH,112,288,00146C54,0,1,1,4294967295,0,0
oInvCollPH,128,288,000ED45D,0,1,1,4294967295,0,0
oInvCollPH,144,288,00018F50,0,1,1,4294967295,0,0
oInvCollPH,160,288,000ABA2B,0,1,1,4294967295,0,0
oInvCollPH,176,288,000A6067,0,1,1,4294967295,0,0
oInvCollPH,480,272,0029463C,0,1,1,4294967295,0,0
oInvCollPH,496,272,001574A8,0,1,1,4294967295,0,0
oInvCollPH,512,272,0014A750,0,1,1,4294967295,0,0
oInvCollPH,528,272,000C2432,0,1,1,4294967295,0,0
oInvCollPH,544,272,00368E85,0,1,1,4294967295,0,0
oInvCollPH,560,272,0017AEEC,0,1,1,4294967295,0,0
oInvCollPH,576,272,0017EBF7,0,1,1,4294967295,0,0
oInvCollPH,592,272,000BAB42,0,1,1,4294967295,0,0
oInvisibleLupLowSlope,384,256,00145A4D,0,1,1,4294967295,0,0
oInvisibleRupLowSlope,224,256,003CDFC8,0,1,1,4294967295,0,0
oInvisibleRupLowSlope,192,272,00164E27,0,1,1,4294967295,0,0
oInvisibleSolid,256,256,000CAFBF,0,1,1,4294967295,0,1
oInvisibleSolid,224,272,003D3A77,0,1,1,4294967295,0,1
oInvisibleSolid,0,288,003049D0,0,1,1,4294967295,0,1
