oExit,0,272,0026CDB9,0,1,1,4294967295,0,1
oExit,488,272,002BE77D,0,1,1,4294967295,0,1
oGH_Object,208,304,002D90F2,0,1,1,4294967295,0,1
oGH_SolidObject,384,304,00308E6A,0,1,1,4294967295,0,0
oGH_Object,328,304,002BE472,0,1,1,4294967295,0,1
oGH_Door,16,240,0025C49C,0,1,1,4294967295,0,1
oGH_SolidObject,528,304,002ABB48,0,1,1,4294967295,0,1
oGH_Object,504,272,000996CD,0,1,1,4294967295,0,1
oGH_Page,449,280,003DFDA5,0,1,1,4294967295,0,1
oGH_SaveBook,135,283,0031235C,0,1,1,4294967295,0,0
oGH_KeySparkle,96,288,001B515D,0,1,1,4294967295,0,1
oPlayer1,64,304,001EE384,0,1,1,4294967295,0,0
oInvCollPH,16,144,0001E67E,0,1,1,4294967295,0,0
oInvCollPH,16,160,003AE8CA,0,1,1,4294967295,0,0
oInvCollPH,16,176,000F34AD,0,1,1,4294967295,0,0
oInvCollPH,16,192,0019BEC0,0,1,1,4294967295,0,0
oInvCollPH,16,208,003DDE81,0,1,1,4294967295,0,0
oInvCollPH,16,224,00170BF3,0,1,1,4294967295,0,0
oInvCollPH,0,224,00399324,0,1,1,4294967295,0,0
oInvCollPH,16,304,003008C7,0,1,1,4294967295,0,0
oInvCollPH,32,304,003F9FDE,0,1,1,4294967295,0,0
oInvCollPH,48,304,0009DA00,0,1,1,4294967295,0,0
oInvCollPH,64,304,0007397E,0,1,1,4294967295,0,0
oInvCollPH,80,304,0033DEF2,0,1,1,4294967295,0,0
oInvCollPH,96,304,003E86E2,0,1,1,4294967295,0,0
oInvCollPH,112,304,0020B6AB,0,1,1,4294967295,0,0
oInvCollPH,128,304,000C20BA,0,1,1,4294967295,0,0
oInvCollPH,144,304,000921B5,0,1,1,4294967295,0,0
oInvCollPH,160,304,002F521C,0,1,1,4294967295,0,0
oInvCollPH,176,304,00174954,0,1,1,4294967295,0,0
oInvCollPH,192,304,0027D2A9,0,1,1,4294967295,0,0
oInvCollPH,208,304,001E25C8,0,1,1,4294967295,0,0
oInvCollPH,224,304,00146ABB,0,1,1,4294967295,0,0
oInvCollPH,240,304,001E9BCF,0,1,1,4294967295,0,0
oInvCollPH,256,304,0035C7D7,0,1,1,4294967295,0,0
oInvCollPH,272,304,002BB79F,0,1,1,4294967295,0,0
oInvCollPH,288,304,00176C56,0,1,1,4294967295,0,0
oInvCollPH,304,304,002BC571,0,1,1,4294967295,0,0
oInvCollPH,320,304,0032AD80,0,1,1,4294967295,0,0
oInvCollPH,336,304,001C901D,0,1,1,4294967295,0,0
oInvCollPH,352,304,0002DF60,0,1,1,4294967295,0,0
oInvCollPH,368,304,00224388,0,1,1,4294967295,0,0
oInvCollPH,384,304,000508AD,0,1,1,4294967295,0,0
oInvCollPH,400,304,003B55E3,0,1,1,4294967295,0,0
oInvCollPH,32,128,003FD5DF,0,1,1,4294967295,0,0
oInvCollPH,48,128,000616D3,0,1,1,4294967295,0,0
oInvCollPH,64,128,000DCEE4,0,1,1,4294967295,0,0
oInvCollPH,80,128,0019485C,0,1,1,4294967295,0,0
oInvCollPH,96,128,00014DDD,0,1,1,4294967295,0,0
oInvCollPH,112,128,00131B6B,0,1,1,4294967295,0,0
oInvCollPH,128,128,003FCC1F,0,1,1,4294967295,0,0
oInvCollPH,144,128,00115E79,0,1,1,4294967295,0,0
oInvCollPH,160,128,000A7480,0,1,1,4294967295,0,0
oInvCollPH,176,128,00384BBA,0,1,1,4294967295,0,0
oInvCollPH,192,128,0026DDDB,0,1,1,4294967295,0,0
oInvCollPH,208,128,00371505,0,1,1,4294967295,0,0
oInvCollPH,224,128,0017BDBF,0,1,1,4294967295,0,0
oInvCollPH,240,128,001FB059,0,1,1,4294967295,0,0
oInvCollPH,256,128,002CE07B,0,1,1,4294967295,0,0
oInvCollPH,272,128,0033D710,0,1,1,4294967295,0,0
oInvCollPH,288,128,00302780,0,1,1,4294967295,0,0
oInvCollPH,304,128,002A7027,0,1,1,4294967295,0,0
oInvCollPH,320,128,001AD74F,0,1,1,4294967295,0,0
oInvCollPH,336,128,00221142,0,1,1,4294967295,0,0
oInvCollPH,352,128,002343AD,0,1,1,4294967295,0,0
oInvCollPH,368,128,001452A6,0,1,1,4294967295,0,0
oInvCollPH,384,128,002F4602,0,1,1,4294967295,0,0
oInvCollPH,400,128,000245E9,0,1,1,4294967295,0,0
oInvCollPH,544,144,00123BFB,0,1,1,4294967295,0,0
oInvCollPH,544,160,000B0E79,0,1,1,4294967295,0,0
oInvCollPH,544,176,0027908F,0,1,1,4294967295,0,0
oInvCollPH,544,192,003BDBA7,0,1,1,4294967295,0,0
oInvCollPH,544,208,002CC226,0,1,1,4294967295,0,0
oInvCollPH,544,224,000BBB18,0,1,1,4294967295,0,0
oInvCollPH,544,240,0033CE29,0,1,1,4294967295,0,0
oInvCollPH,544,256,001D7654,0,1,1,4294967295,0,0
oInvCollPH,544,272,00305E4F,0,1,1,4294967295,0,0
oInvCollPH,544,288,0013DF30,0,1,1,4294967295,0,0
oInvCollPH,416,304,0028D8C4,0,1,1,4294967295,0,0
oInvCollPH,432,304,00330D75,0,1,1,4294967295,0,0
oInvCollPH,448,304,0022959F,0,1,1,4294967295,0,0
oInvCollPH,464,304,00350EBC,0,1,1,4294967295,0,0
oInvCollPH,480,304,001CBD7C,0,1,1,4294967295,0,0
oInvCollPH,496,304,001C933D,0,1,1,4294967295,0,0
oInvCollPH,512,304,003D3035,0,1,1,4294967295,0,0
oInvCollPH,528,304,002E14E5,0,1,1,4294967295,0,0
oInvCollPH,416,128,00046ADA,0,1,1,4294967295,0,0
oInvCollPH,432,128,002949DB,0,1,1,4294967295,0,0
oInvCollPH,448,128,002F1091,0,1,1,4294967295,0,0
oInvCollPH,464,128,00129463,0,1,1,4294967295,0,0
oInvCollPH,480,128,0036CDEC,0,1,1,4294967295,0,0
oInvCollPH,496,128,00018826,0,1,1,4294967295,0,0
oInvCollPH,512,128,000BD39A,0,1,1,4294967295,0,0
oInvCollPH,528,128,0037A3CF,0,1,1,4294967295,0,0
oInvisibleSolid,0,144,002983FC,0,1,1,4294967295,0,1
oInvisibleSolid,0,0,003D4767,0,1,1,4294967295,0,1
oInvisibleSolid,0,304,003D0296,0,1,1,4294967295,0,1
oInvisibleSolid,544,0,002742D0,0,1,1,4294967295,0,1
