oMMBossDoor,1264,240,003183BE,0,1,1,4294967295,0,1
oHealingPost,1200,288,002AA7D7,0,1,1,4294967295,0,0
oBallDeVouxMain,352,224,001D80AE,0,1,1,4294967295,0,1
oBallDeVouxMain,640,192,0002BC3B,0,1,1,4294967295,0,1
oBallDeVouxMain,928,160,00038356,0,1,1,4294967295,0,1
oBallDeVouxMain,1216,288,000900D7,0,1,1,4294967295,0,1
oPlayer1,48,288,002DBBAD,0,1,1,4294967295,0,0
oInvCollPH,80,64,002914A3,0,1,1,4294967295,0,0
oInvCollPH,80,80,00282644,0,1,1,4294967295,0,0
oInvCollPH,80,96,0020DB1C,0,1,1,4294967295,0,0
oInvCollPH,80,112,00065089,0,1,1,4294967295,0,0
oInvCollPH,80,128,0036E48F,0,1,1,4294967295,0,0
oInvCollPH,80,144,000E6A45,0,1,1,4294967295,0,0
oInvCollPH,80,160,002F554E,0,1,1,4294967295,0,0
oInvCollPH,80,176,0017466D,0,1,1,4294967295,0,0
oInvCollPH,80,192,003B9BC2,0,1,1,4294967295,0,0
oInvCollPH,80,208,00248076,0,1,1,4294967295,0,0
oInvCollPH,64,208,003BDE68,0,1,1,4294967295,0,0
oInvCollPH,48,208,003C3FDE,0,1,1,4294967295,0,0
oInvCollPH,32,208,00050F79,0,1,1,4294967295,0,0
oInvCollPH,16,208,001CA782,0,1,1,4294967295,0,0
oInvCollPH,0,208,000468E6,0,1,1,4294967295,0,0
oInvCollPH,1184,64,002293CA,0,1,1,4294967295,0,0
oInvCollPH,1184,80,003A038B,0,1,1,4294967295,0,0
oInvCollPH,1184,96,000A4343,0,1,1,4294967295,0,0
oInvCollPH,1184,112,0025AB29,0,1,1,4294967295,0,0
oInvCollPH,1184,128,00217B84,0,1,1,4294967295,0,0
oInvCollPH,1184,144,003DB7F5,0,1,1,4294967295,0,0
oInvCollPH,1184,160,003ED106,0,1,1,4294967295,0,0
oInvCollPH,1184,176,0019961D,0,1,1,4294967295,0,0
oInvCollPH,1184,192,0025C5CF,0,1,1,4294967295,0,0
oInvCollPH,1184,208,001069C4,0,1,1,4294967295,0,0
oInvCollPH,1184,224,003A1D6D,0,1,1,4294967295,0,0
oInvCollPH,1200,224,002071EB,0,1,1,4294967295,0,0
oInvCollPH,1216,224,0024C515,0,1,1,4294967295,0,0
oInvCollPH,1232,224,00385246,0,1,1,4294967295,0,0
oInvCollPH,1248,224,002E8EC9,0,1,1,4294967295,0,0
oInvCollPH,1264,224,0012E538,0,1,1,4294967295,0,0
oInvCollPH,16,288,002033E6,0,1,1,4294967295,0,0
oInvCollPH,32,288,000958BE,0,1,1,4294967295,0,0
oInvCollPH,48,288,002FBADC,0,1,1,4294967295,0,0
oInvCollPH,64,288,001FCFE1,0,1,1,4294967295,0,0
oInvCollPH,80,288,003366B1,0,1,1,4294967295,0,0
oInvCollPH,96,288,00359D92,0,1,1,4294967295,0,0
oInvCollPH,112,288,0032D253,0,1,1,4294967295,0,0
oInvCollPH,128,288,0015321F,0,1,1,4294967295,0,0
oInvCollPH,144,288,0022BFE5,0,1,1,4294967295,0,0
oInvCollPH,160,288,0003CFB4,0,1,1,4294967295,0,0
oInvCollPH,176,288,000D06A4,0,1,1,4294967295,0,0
oInvCollPH,192,288,0003B509,0,1,1,4294967295,0,0
oInvCollPH,208,288,000E0FF8,0,1,1,4294967295,0,0
oInvCollPH,224,288,002B82EF,0,1,1,4294967295,0,0
oInvCollPH,240,288,0019AD26,0,1,1,4294967295,0,0
oInvCollPH,256,288,0005C918,0,1,1,4294967295,0,0
oInvCollPH,272,288,000D528A,0,1,1,4294967295,0,0
oInvCollPH,288,288,003BBF7A,0,1,1,4294967295,0,0
oInvCollPH,304,288,0022A92C,0,1,1,4294967295,0,0
oInvCollPH,320,288,001B3891,0,1,1,4294967295,0,0
oInvCollPH,336,288,001F603D,0,1,1,4294967295,0,0
oInvCollPH,352,288,0026CA9D,0,1,1,4294967295,0,0
oInvCollPH,368,288,00113FA9,0,1,1,4294967295,0,0
oInvCollPH,384,288,003B106A,0,1,1,4294967295,0,0
oInvCollPH,400,288,001F037E,0,1,1,4294967295,0,0
oInvCollPH,416,288,00207BC9,0,1,1,4294967295,0,0
oInvCollPH,432,288,00091D3A,0,1,1,4294967295,0,0
oInvCollPH,448,288,002B743A,0,1,1,4294967295,0,0
oInvCollPH,464,288,000423DF,0,1,1,4294967295,0,0
oInvCollPH,96,48,0040352B,0,1,1,4294967295,0,0
oInvCollPH,112,48,003F603E,0,1,1,4294967295,0,0
oInvCollPH,128,48,003A940C,0,1,1,4294967295,0,0
oInvCollPH,144,48,000E6649,0,1,1,4294967295,0,0
oInvCollPH,160,48,000952C5,0,1,1,4294967295,0,0
oInvCollPH,176,48,001B78D1,0,1,1,4294967295,0,0
oInvCollPH,192,48,003B6CCD,0,1,1,4294967295,0,0
oInvCollPH,208,48,00258ED1,0,1,1,4294967295,0,0
oInvCollPH,224,48,002FAD6F,0,1,1,4294967295,0,0
oInvCollPH,240,48,0036A2A7,0,1,1,4294967295,0,0
oInvCollPH,256,48,00361421,0,1,1,4294967295,0,0
oInvCollPH,272,48,000CEBB6,0,1,1,4294967295,0,0
oInvCollPH,288,48,00015FAF,0,1,1,4294967295,0,0
oInvCollPH,304,48,00177654,0,1,1,4294967295,0,0
oInvCollPH,320,48,0028A332,0,1,1,4294967295,0,0
oInvCollPH,336,48,003B1EC4,0,1,1,4294967295,0,0
oInvCollPH,352,48,00197FEF,0,1,1,4294967295,0,0
oInvCollPH,368,48,0028D9DC,0,1,1,4294967295,0,0
oInvCollPH,384,48,00279B9A,0,1,1,4294967295,0,0
oInvCollPH,400,48,0013FC85,0,1,1,4294967295,0,0
oInvCollPH,416,48,002C9860,0,1,1,4294967295,0,0
oInvCollPH,432,48,00403C62,0,1,1,4294967295,0,0
oInvCollPH,448,48,003DF098,0,1,1,4294967295,0,0
oInvCollPH,464,48,00279ED5,0,1,1,4294967295,0,0
oInvCollPH,480,48,00221AAE,0,1,1,4294967295,0,0
oInvCollPH,496,48,00047F64,0,1,1,4294967295,0,0
oInvCollPH,512,48,001C9597,0,1,1,4294967295,0,0
oInvCollPH,528,48,0008855B,0,1,1,4294967295,0,0
oInvCollPH,544,48,00018387,0,1,1,4294967295,0,0
oInvCollPH,560,48,003907D1,0,1,1,4294967295,0,0
oInvCollPH,480,288,00103849,0,1,1,4294967295,0,0
oInvCollPH,496,288,0025202B,0,1,1,4294967295,0,0
oInvCollPH,512,288,001216FE,0,1,1,4294967295,0,0
oInvCollPH,528,288,00114B01,0,1,1,4294967295,0,0
oInvCollPH,544,288,0019E1FA,0,1,1,4294967295,0,0
oInvCollPH,560,288,00207068,0,1,1,4294967295,0,0
oInvCollPH,576,288,0039285E,0,1,1,4294967295,0,0
oInvCollPH,592,288,003DCB81,0,1,1,4294967295,0,0
oInvCollPH,608,288,000CFEEE,0,1,1,4294967295,0,0
oInvCollPH,624,288,002E6D91,0,1,1,4294967295,0,0
oInvCollPH,640,288,002ED947,0,1,1,4294967295,0,0
oInvCollPH,656,288,000B2C22,0,1,1,4294967295,0,0
oInvCollPH,672,288,0027E194,0,1,1,4294967295,0,0
oInvCollPH,688,288,0000E647,0,1,1,4294967295,0,0
oInvCollPH,704,288,0012E867,0,1,1,4294967295,0,0
oInvCollPH,720,288,0003A378,0,1,1,4294967295,0,0
oInvCollPH,736,288,003B9FC3,0,1,1,4294967295,0,0
oInvCollPH,752,288,0004F30C,0,1,1,4294967295,0,0
oInvCollPH,768,288,0023915A,0,1,1,4294967295,0,0
oInvCollPH,784,288,00274C9F,0,1,1,4294967295,0,0
oInvCollPH,800,288,002C1D1D,0,1,1,4294967295,0,0
oInvCollPH,816,288,000FDF25,0,1,1,4294967295,0,0
oInvCollPH,832,288,002311C1,0,1,1,4294967295,0,0
oInvCollPH,848,288,0025E6A6,0,1,1,4294967295,0,0
oInvCollPH,864,288,000BA4D4,0,1,1,4294967295,0,0
oInvCollPH,880,288,00155AD0,0,1,1,4294967295,0,0
oInvCollPH,896,288,003FAF0A,0,1,1,4294967295,0,0
oInvCollPH,912,288,002ECB7C,0,1,1,4294967295,0,0
oInvCollPH,928,288,00223CD6,0,1,1,4294967295,0,0
oInvCollPH,944,288,003804AF,0,1,1,4294967295,0,0
oInvCollPH,960,288,0000D6E1,0,1,1,4294967295,0,0
oInvCollPH,976,288,002AE79C,0,1,1,4294967295,0,0
oInvCollPH,992,288,002B4069,0,1,1,4294967295,0,0
oInvCollPH,1008,288,0011C1AC,0,1,1,4294967295,0,0
oInvCollPH,576,48,00103A80,0,1,1,4294967295,0,0
oInvCollPH,592,48,00247812,0,1,1,4294967295,0,0
oInvCollPH,608,48,002FE777,0,1,1,4294967295,0,0
oInvCollPH,624,48,0004E707,0,1,1,4294967295,0,0
oInvCollPH,640,48,0013E4D5,0,1,1,4294967295,0,0
oInvCollPH,656,48,001E1327,0,1,1,4294967295,0,0
oInvCollPH,672,48,003F024B,0,1,1,4294967295,0,0
oInvCollPH,688,48,000C2BA9,0,1,1,4294967295,0,0
oInvCollPH,704,48,003CE63F,0,1,1,4294967295,0,0
oInvCollPH,720,48,003BBFE3,0,1,1,4294967295,0,0
oInvCollPH,736,48,000C825B,0,1,1,4294967295,0,0
oInvCollPH,752,48,00218437,0,1,1,4294967295,0,0
oInvCollPH,768,48,0023C040,0,1,1,4294967295,0,0
oInvCollPH,784,48,003D3B47,0,1,1,4294967295,0,0
oInvCollPH,800,48,00193AA7,0,1,1,4294967295,0,0
oInvCollPH,816,48,00370DE9,0,1,1,4294967295,0,0
oInvCollPH,832,48,002808F2,0,1,1,4294967295,0,0
oInvCollPH,848,48,0023DC4C,0,1,1,4294967295,0,0
oInvCollPH,864,48,0016EB54,0,1,1,4294967295,0,0
oInvCollPH,880,48,0010160F,0,1,1,4294967295,0,0
oInvCollPH,896,48,00390EC5,0,1,1,4294967295,0,0
oInvCollPH,912,48,00207AB7,0,1,1,4294967295,0,0
oInvCollPH,928,48,003BA321,0,1,1,4294967295,0,0
oInvCollPH,944,48,0037B017,0,1,1,4294967295,0,0
oInvCollPH,960,48,002DC996,0,1,1,4294967295,0,0
oInvCollPH,976,48,00049ACA,0,1,1,4294967295,0,0
oInvCollPH,992,48,00257964,0,1,1,4294967295,0,0
oInvCollPH,1008,48,0013625E,0,1,1,4294967295,0,0
oInvCollPH,1024,48,00397BBE,0,1,1,4294967295,0,0
oInvCollPH,1040,48,0003E008,0,1,1,4294967295,0,0
oInvCollPH,1024,288,000AE877,0,1,1,4294967295,0,0
oInvCollPH,1040,288,002CD65D,0,1,1,4294967295,0,0
oInvCollPH,1056,288,001A77BE,0,1,1,4294967295,0,0
oInvCollPH,1072,288,001DD0A4,0,1,1,4294967295,0,0
oInvCollPH,1088,288,003A556D,0,1,1,4294967295,0,0
oInvCollPH,1104,288,000BE658,0,1,1,4294967295,0,0
oInvCollPH,1120,288,00359B62,0,1,1,4294967295,0,0
oInvCollPH,1136,288,001D0FA5,0,1,1,4294967295,0,0
oInvCollPH,1152,288,0000FDA2,0,1,1,4294967295,0,0
oInvCollPH,1168,288,001D7F5E,0,1,1,4294967295,0,0
oInvCollPH,1184,288,001874E6,0,1,1,4294967295,0,0
oInvCollPH,1200,288,00270823,0,1,1,4294967295,0,0
oInvCollPH,1216,288,0024F0BF,0,1,1,4294967295,0,0
oInvCollPH,1232,288,0021F44D,0,1,1,4294967295,0,0
oInvCollPH,1248,288,003793B9,0,1,1,4294967295,0,0
oInvCollPH,1264,288,00252012,0,1,1,4294967295,0,0
oInvCollPH,1056,48,001F4020,0,1,1,4294967295,0,0
oInvCollPH,1072,48,003C8FB4,0,1,1,4294967295,0,0
oInvCollPH,1088,48,0000504A,0,1,1,4294967295,0,0
oInvCollPH,1104,48,0024CE72,0,1,1,4294967295,0,0
oInvCollPH,1120,48,00289EE7,0,1,1,4294967295,0,0
oInvCollPH,1136,48,000239A7,0,1,1,4294967295,0,0
oInvCollPH,1152,48,0017CF25,0,1,1,4294967295,0,0
oInvCollPH,1168,48,00269689,0,1,1,4294967295,0,0
oInvisibleSolid,0,288,003F750E,0,1,1,4294967295,0,1
oInvisibleSolid,0,0,000E717F,0,1,1,4294967295,0,1
oInvisibleSolid,96,0,0030D552,0,1,1,4294967295,0,1
oInvisibleSolid,1184,0,002585D9,0,1,1,4294967295,0,1
