oExit,3312,224,000298AE,0,1,1,4294967295,0,1
oPlatformTouch,96,176,00223BA3,0,1,1,4294967295,0,1
oZeldaBreakPot,3184,240,00340E20,0,1,1,4294967295,0,0
oZeldaBreakPot,3200,240,00195E9B,0,1,1,4294967295,0,0
oZeldaBreakPot,3216,240,000941D0,0,1,1,4294967295,0,0
oZeldaBreakPot,3232,240,001B79CA,0,1,1,4294967295,0,0
oColorZone,96,112,0035AE3A,0,1,1,4294967295,0,1
oColorZone,32,176,00273ED3,0,1,1,4294967295,0,1
oColorZone,160,176,0016326F,0,1,1,4294967295,0,1
oColorZone,96,240,001ADC7A,0,1,1,4294967295,0,1
oStaticSpikeRed,560,32,002516B3,0,1,1,4294967295,0,0
oStaticSpikeRed,560,64,0027C8DC,0,1,1,4294967295,0,0
oStaticSpikeRed,560,96,0028D31E,0,1,1,4294967295,0,0
oStaticSpikeRed,560,128,0037F827,0,1,1,4294967295,0,0
oStaticSpikeRed,560,256,002BF4C9,0,1,1,4294967295,0,0
oStaticSpikeRed,560,288,001F0707,0,1,1,4294967295,0,0
oStaticSpikeRed,560,160,000BC15E,0,1,1,4294967295,0,0
oStaticSpikeRed,528,160,002A6548,0,1,1,4294967295,0,0
oStaticSpikeRed,592,160,0019FCB3,0,1,1,4294967295,0,0
oStaticSpikeRed,528,256,0026741F,0,1,1,4294967295,0,0
oStaticSpikeRed,592,256,001F3C60,0,1,1,4294967295,0,0
oProjectileSpawner,856,24,00266D75,0,1,1,4294967295,0,1
oProjectileSpawner,904,24,000C3734,0,1,1,4294967295,0,1
oProjectileSpawner,968,24,0039A120,0,1,1,4294967295,0,1
oProjectileSpawner,1016,24,00141583,0,1,1,4294967295,0,1
oProjectileSpawner,2392,136,00361834,0,1,1,4294967295,0,1
oProjectileSpawner,2472,200,0009759B,0,1,1,4294967295,0,1
oProjectileSpawner,2392,264,00127C64,0,1,1,4294967295,0,1
oProjectileSpawner,1512,24,00374D1F,0,1,1,4294967295,0,1
oProjectileSpawner,1736,24,0017DCD6,0,1,1,4294967295,0,1
oHexCircle,2832,208,0038C173,0,1,1,4294967295,0,1
oStaticSpikeRed,2640,144,000545F0,0,1,1,4294967295,0,0
oStaticSpikeRed,2640,112,0033AA76,0,1,1,4294967295,0,0
oStaticSpikeRed,2640,128,003AA280,0,1,1,4294967295,0,0
oStaticSpikeRed,2640,160,00230B47,0,1,1,4294967295,0,0
oStaticSpikeRed,2640,240,00181B34,0,1,1,4294967295,0,0
oStaticSpikeRed,2640,256,00099B1C,0,1,1,4294967295,0,0
oStaticSpikeRed,2640,272,003A06C7,0,1,1,4294967295,0,0
oStaticSpikeRed,2640,288,0006780A,0,1,1,4294967295,0,0
oStaticSpikeRed,2912,176,00283FA3,0,1,1,4294967295,0,0
oStaticSpikeRed,2912,192,0004C257,0,1,1,4294967295,0,0
oStaticSpikeRed,2912,208,0017C22B,0,1,1,4294967295,0,0
oStaticSpikeRed,2912,224,00099FB7,0,1,1,4294967295,0,0
oStaticSpikeRed,3040,112,003B260F,0,1,1,4294967295,0,0
oStaticSpikeRed,3040,128,000A9E53,0,1,1,4294967295,0,0
oStaticSpikeRed,3040,144,0034B762,0,1,1,4294967295,0,0
oStaticSpikeRed,3040,160,0034F903,0,1,1,4294967295,0,0
oStaticSpikeRed,3040,240,002F6929,0,1,1,4294967295,0,0
oStaticSpikeRed,3040,256,0020C717,0,1,1,4294967295,0,0
oStaticSpikeRed,3040,272,002444B5,0,1,1,4294967295,0,0
oStaticSpikeRed,3040,288,0023B523,0,1,1,4294967295,0,0
oMarioChainBall,672,208,00096345,0,1,1,4294967295,0,1
oMarioChainBall,672,208,002CC737,0,1,1,4294967295,0,1
oMarioChainBall,2048,208,0034F1E1,0,1,1,4294967295,0,1
oMarioChainBall,2048,208,002076B3,0,1,1,4294967295,0,1
oPlayer1,128,48,00113765,0,1,1,4294967295,0,0
oInvCollPH,144,16,002F6A8B,0,1,1,4294967295,0,0
oInvCollPH,144,32,00401555,0,1,1,4294967295,0,0
oInvCollPH,144,48,0010111E,0,1,1,4294967295,0,0
oInvCollPH,144,64,0024FCB2,0,1,1,4294967295,0,0
oInvCollPH,0,96,00092AD0,0,1,1,4294967295,0,0
oInvCollPH,16,96,00079653,0,1,1,4294967295,0,0
oInvCollPH,32,96,0009080E,0,1,1,4294967295,0,0
oInvCollPH,48,96,003C5954,0,1,1,4294967295,0,0
oInvCollPH,64,96,00081BB1,0,1,1,4294967295,0,0
oInvCollPH,80,96,0028D380,0,1,1,4294967295,0,0
oInvCollPH,96,96,003439C0,0,1,1,4294967295,0,0
oInvCollPH,96,80,003DB4D0,0,1,1,4294967295,0,0
oInvCollPH,96,64,00391984,0,1,1,4294967295,0,0
oInvCollPH,96,48,003AEB4D,0,1,1,4294967295,0,0
oInvCollPH,96,32,0011DC60,0,1,1,4294967295,0,0
oInvCollPH,96,16,003976ED,0,1,1,4294967295,0,0
oInvCollPH,96,0,00170FAF,0,1,1,4294967295,0,0
oInvCollPH,144,80,0036958F,0,1,1,4294967295,0,0
oInvCollPH,144,96,003B15AC,0,1,1,4294967295,0,0
oInvCollPH,160,96,00159ADE,0,1,1,4294967295,0,0
oInvCollPH,176,96,00392712,0,1,1,4294967295,0,0
oInvCollPH,192,96,003AE3CD,0,1,1,4294967295,0,0
oInvCollPH,208,96,000D9F39,0,1,1,4294967295,0,0
oInvCollPH,208,80,000F36F0,0,1,1,4294967295,0,0
oInvCollPH,208,64,00048F40,0,1,1,4294967295,0,0
oInvCollPH,208,48,000E0226,0,1,1,4294967295,0,0
oInvCollPH,208,32,003B839A,0,1,1,4294967295,0,0
oInvCollPH,208,16,00033AD1,0,1,1,4294967295,0,0
oInvCollPH,208,0,001CA776,0,1,1,4294967295,0,0
oInvCollPH,864,0,0032D170,0,1,1,4294967295,0,0
oInvCollPH,880,0,00063916,0,1,1,4294967295,0,0
oInvCollPH,896,0,002179CE,0,1,1,4294967295,0,0
oInvCollPH,912,0,0010E801,0,1,1,4294967295,0,0
oInvCollPH,928,0,00083EFF,0,1,1,4294967295,0,0
oInvCollPH,944,0,002C2086,0,1,1,4294967295,0,0
oInvCollPH,960,0,000C6002,0,1,1,4294967295,0,0
oInvCollPH,976,0,00150CE9,0,1,1,4294967295,0,0
oInvCollPH,992,0,001B3FA5,0,1,1,4294967295,0,0
oInvCollPH,1008,0,00103CEF,0,1,1,4294967295,0,0
oInvCollPH,1024,0,0024BFEE,0,1,1,4294967295,0,0
oInvCollPH,1232,144,0020A969,0,1,1,4294967295,0,0
oInvCollPH,1152,208,001D9751,0,1,1,4294967295,0,0
oInvCollPH,1232,272,0029D744,0,1,1,4294967295,0,0
oInvCollPH,2416,144,00193E6E,0,1,1,4294967295,0,0
oInvCollPH,2496,208,00208203,0,1,1,4294967295,0,0
oInvCollPH,2416,272,0028F061,0,1,1,4294967295,0,0
oInvCollPH,1520,0,0006B0D9,0,1,1,4294967295,0,0
oInvCollPH,1744,0,0029D280,0,1,1,4294967295,0,0
oInvCollPH,1696,184,001D2A8A,0,1,1,4294967295,0,0
oInvCollPH,1696,232,000A514C,0,1,1,4294967295,0,0
oInvCollPH,1696,248,00062C98,0,1,1,4294967295,0,0
oInvCollPH,3120,272,0030D8E0,0,1,1,4294967295,0,0
oInvCollPH,3120,288,000991FF,0,1,1,4294967295,0,0
oInvCollPH,3120,304,0018DB1C,0,1,1,4294967295,0,0
oInvCollPH,3120,320,0000D9E1,0,1,1,4294967295,0,0
oInvCollPH,3120,336,001CD2D2,0,1,1,4294967295,0,0
oInvCollPH,3136,256,003D9E4B,0,1,1,4294967295,0,0
oInvCollPH,3152,256,0022F5F0,0,1,1,4294967295,0,0
oInvCollPH,3168,256,002D4EBF,0,1,1,4294967295,0,0
oInvCollPH,3184,256,000FD02B,0,1,1,4294967295,0,0
oInvCollPH,3200,256,002D204C,0,1,1,4294967295,0,0
oInvCollPH,3216,256,0014F9DD,0,1,1,4294967295,0,0
oInvCollPH,3232,256,0018AD12,0,1,1,4294967295,0,0
oInvCollPH,3248,256,002B8C70,0,1,1,4294967295,0,0
oInvCollPH,3264,256,000351B8,0,1,1,4294967295,0,0
oInvCollPH,3280,256,0005BBE7,0,1,1,4294967295,0,0
oInvCollPH,3296,256,0022C581,0,1,1,4294967295,0,0
oInvCollPH,3312,256,002158D8,0,1,1,4294967295,0,0
oInvisibleSolid,0,0,0010349E,0,1,1,4294967295,0,1
oInvisibleSolid,144,0,00288D69,0,1,1,4294967295,0,1
oIVaultC1,848,16,0032F127,0,1,1,4294967295,0,0
oIVaultC1,896,16,002EACF7,0,1,1,4294967295,0,0
oIVaultC1,960,16,000D1546,0,1,1,4294967295,0,0
oIVaultC1,1008,16,00332F44,0,1,1,4294967295,0,0
oIVaultC2,864,16,0035B8BC,0,1,1,4294967295,0,0
oIVaultC2,912,16,0039B011,0,1,1,4294967295,0,0
oIVaultC2,976,16,000D39A3,0,1,1,4294967295,0,0
oIVaultC2,1024,16,0018D16E,0,1,1,4294967295,0,0
oInvisibleSolid,848,0,003BE22D,0,1,1,4294967295,0,1
oInvisibleSolid,1152,192,00181F2A,0,1,1,4294967295,0,1
oInvisibleSolid,1232,128,003A8933,0,1,1,4294967295,0,1
oInvisibleSolid,1232,256,0006CE49,0,1,1,4294967295,0,1
oInvisibleSolid,2416,128,0025CD42,0,1,1,4294967295,0,1
oInvisibleSolid,2496,192,00168ADE,0,1,1,4294967295,0,1
oInvisibleSolid,2416,256,0011F5E1,0,1,1,4294967295,0,1
oIVaultC1,2400,144,0022B013,0,1,1,4294967295,0,0
oIVaultC1,2400,272,00178002,0,1,1,4294967295,0,0
oIVaultC1,2480,208,002522D0,0,1,1,4294967295,0,0
oIVaultC2,2400,128,00260577,0,1,1,4294967295,0,0
oIVaultC2,2480,192,00189129,0,1,1,4294967295,0,0
oIVaultC2,2400,256,003EC125,0,1,1,4294967295,0,0
oInvisibleSolid,1504,0,0023D190,0,1,1,4294967295,0,1
oInvisibleSolid,1728,0,003390C6,0,1,1,4294967295,0,1
oIVaultC1,1504,16,001AA80B,0,1,1,4294967295,0,0
oIVaultC1,1728,16,00065EC3,0,1,1,4294967295,0,0
oIVaultC2,1520,16,00134A4C,0,1,1,4294967295,0,0
oIVaultC2,1744,16,00332783,0,1,1,4294967295,0,0
oInvisibleSolid,1696,168,003D8FC3,0,1,1,4294967295,0,1
oInvisibleSolid,1696,216,0025755E,0,1,1,4294967295,0,1
oInvisibleSolid,3120,256,0001DA6F,0,1,1,4294967295,0,1
