oExit,0,256,003EB105,0,1,1,4294967295,0,1
oExit,5456,288,0013385A,0,1,1,4294967295,0,1
oMoneyChest,3824,160,0039C221,0,1,1,4294967295,0,1
oMovingPlatform,4352,272,0036E388,0,1,1,4294967295,0,1
oMovingPlatform,4816,272,002B6888,0,1,1,4294967295,0,1
oMarioCoin,2496,224,001D7C4C,0,1,1,4294967295,0,0
oMarioCoin,2512,224,003803A3,0,1,1,4294967295,0,0
oMarioCoin,2528,224,000E384D,0,1,1,4294967295,0,0
oMarioCoin,2544,224,002C6AE0,0,1,1,4294967295,0,0
oMarioCoin,2544,240,0015DCCC,0,1,1,4294967295,0,0
oMarioCoin,2528,240,0034AB88,0,1,1,4294967295,0,0
oMarioCoin,2512,240,001320F2,0,1,1,4294967295,0,0
oMarioCoin,2496,240,003AC7FA,0,1,1,4294967295,0,0
oMarioCoin,2496,256,001DA914,0,1,1,4294967295,0,0
oMarioCoin,2512,256,001B5C17,0,1,1,4294967295,0,0
oMarioCoin,2528,256,000E71F3,0,1,1,4294967295,0,0
oMarioCoin,2544,256,00213A18,0,1,1,4294967295,0,0
oMarioCoin,2544,272,0017FBF9,0,1,1,4294967295,0,0
oMarioCoin,2528,272,00232AD7,0,1,1,4294967295,0,0
oMarioCoin,2512,272,0027C809,0,1,1,4294967295,0,0
oMarioCoin,2496,272,00222A72,0,1,1,4294967295,0,0
oMarioCoin,2496,288,0035A18E,0,1,1,4294967295,0,0
oMarioCoin,2512,288,0009B9DB,0,1,1,4294967295,0,0
oMarioCoin,2528,288,0021B231,0,1,1,4294967295,0,0
oMarioCoin,2544,288,001CC108,0,1,1,4294967295,0,0
oMarioCoin,2544,304,000CBAA8,0,1,1,4294967295,0,0
oMarioCoin,2528,304,003117B7,0,1,1,4294967295,0,0
oMarioCoin,2512,304,00135374,0,1,1,4294967295,0,0
oMarioCoin,2496,304,00024388,0,1,1,4294967295,0,0
oMarioCoin,2496,320,0025AAAE,0,1,1,4294967295,0,0
oMarioCoin,2496,336,0007BC46,0,1,1,4294967295,0,0
oMarioCoin,2512,336,0039CE36,0,1,1,4294967295,0,0
oMarioCoin,2512,320,0026A772,0,1,1,4294967295,0,0
oZeldaBreakPot,3056,144,0030AC28,0,1,1,4294967295,0,0
oZeldaBreakPot,3264,144,0038822B,0,1,1,4294967295,0,0
oZeldaBreakPot,3072,144,001B15EC,0,1,1,4294967295,0,0
oZeldaBreakPot,3248,144,002D32F5,0,1,1,4294967295,0,0
oEvCh19Door,4240,64,000E4AAF,0,1,1,4294967295,0,1
oEvCh19Door,4192,144,003A7909,0,1,1,4294967295,0,1
oEvCh19Door,4208,144,003085D2,0,1,1,4294967295,0,1
oEvCh19Door,4224,144,0001FDC9,0,1,1,4294967295,0,1
oAPBoost,5040,336,003CE4F8,0,1,1,4294967295,0,1
oHexCircle,3336,256,0038E2FF,0,1,1,4294967295,0,1
oHexCircle,2144,112,003F7E04,0,1,1,4294967295,0,1
oHexCircle,2512,112,004038FB,0,1,1,4294967295,0,1
oBreakableChest,1152,128,003B115F,0,1,1,4294967295,0,0
oBreakableChest,2400,320,003DA7EF,0,1,1,4294967295,0,0
oBreakableChest,3184,128,000FEC2B,0,1,1,4294967295,0,0
oBreakableChest,3712,320,003242F9,0,1,1,4294967295,0,0
oHexFullCircle,944,304,001C2E79,0,1,1,4294967295,0,1
oHexFullCircle,816,112,00227604,0,1,1,4294967295,0,1
oStaticSpikeRed,3040,288,0032CA79,0,1,1,4294967295,0,1
oStaticSpikeRed,3040,224,0025B8E1,0,1,1,4294967295,0,1
oStaticSpikeRed,3264,288,003CC03F,0,1,1,4294967295,0,1
oStaticSpikeRed,3328,288,0024CDCC,0,1,1,4294967295,0,1
oStaticSpikeRed,3232,224,003D2980,0,1,1,4294967295,0,1
oHexFullCircle,1616,288,00271BC5,0,1,1,4294967295,0,1
oStaticSpikeRed,2080,16,002E8757,0,1,1,4294967295,0,1
oStaticSpikeRed,2144,16,0033B25D,0,1,1,4294967295,0,1
oStaticSpikeRed,2208,16,002E124E,0,1,1,4294967295,0,1
oStaticSpikeRed,2272,16,0003717A,0,1,1,4294967295,0,1
oStaticSpikeRed,2336,16,003E4ED2,0,1,1,4294967295,0,1
oStaticSpikeRed,2400,16,00307899,0,1,1,4294967295,0,1
oStaticSpikeRed,2464,16,000CBC64,0,1,1,4294967295,0,1
oStaticSpikeRed,2528,16,002E744E,0,1,1,4294967295,0,1
oCHAOS_Tank,3120,352,0028656C,0,1,1,4294967295,0,1
oBushhack,2496,160,00289EB3,0,1,1,4294967295,0,1
oBushhack,3200,352,0024C3D7,0,1,1,4294967295,0,1
oBushhack,3888,352,002C8C49,0,1,1,4294967295,0,1
oFirePenguin,1712,288,00115B4F,0,1,1,4294967295,0,0
oPtooeyFlower,1136,352,0019D6F9,0,1,1,4294967295,0,0
oPtooeyFlower,3136,160,003792DF,0,1,1,4294967295,0,1
oPtooeyFlower,5200,192,000D9C4C,0,1,1,4294967295,0,1
oPtooeyFlower,3968,192,001E68D4,0,1,1,4294967295,0,1
oCHAOS_AirGunner,2896,176,001B5DC8,0,1,1,4294967295,0,1
oCHAOS_AirGunner,2992,96,00310897,0,1,1,4294967295,0,1
oCHAOS_AirGunner,528,144,0012742E,0,1,1,4294967295,0,1
oCHAOS_AirGunner,608,176,000D08F6,0,1,1,4294967295,0,1
oCHAOS_AirGunner,4816,64,00002484,0,1,1,4294967295,0,1
oCHAOS_AirGunner,4688,144,00067452,0,1,1,4294967295,0,1
oCHAOS_AirGunner,4528,160,001517DD,0,1,1,4294967295,0,1
oCHAOS_AirGunner,4400,80,0023F194,0,1,1,4294967295,0,1
oPenguinCannon,1744,288,001E1A13,0,1,1,4294967295,0,0
oPlayer1,48,288,001FD150,0,1,1,4294967295,0,0
oWaterVolume,1824,304,0035FC04,0,1,1,4294967295,0,1
oWaterVolume,4256,256,0039E301,0,1,1,4294967295,0,1
oCh19MapCovering,704,64,0022559C,0,1,1,4294967295,0,1
oCh19MapCovering,2000,224,00360E6D,0,1,1,4294967295,0,1
oCh19MapCovering,3712,96,0030F724,0,1,1,4294967295,0,1
oCh19MapCovering,3424,128,0000CED2,0,1,1,4294967295,0,1
oCh19MapCovering,4960,288,001456AB,0,1,1,4294967295,0,1
oCh19MapCovering,5024,320,001A878E,0,1,1,4294967295,0,1
oInvCollPH,16,288,002B2E42,0,1,1,4294967295,0,0
oInvCollPH,32,288,00243A44,0,1,1,4294967295,0,0
oInvCollPH,48,288,00338DC0,0,1,1,4294967295,0,0
oInvCollPH,80,288,0007CABD,0,1,1,4294967295,0,0
oInvCollPH,64,288,00309A5E,0,1,1,4294967295,0,0
oInvCollPH,96,288,001940B4,0,1,1,4294967295,0,0
oInvCollPH,112,288,001EA9A1,0,1,1,4294967295,0,0
oInvCollPH,144,288,0026499E,0,1,1,4294967295,0,0
oInvCollPH,128,288,003A365C,0,1,1,4294967295,0,0
oInvCollPH,304,288,001B8E41,0,1,1,4294967295,0,0
oInvCollPH,288,288,0006BCE8,0,1,1,4294967295,0,0
oInvCollPH,272,288,0000C8D0,0,1,1,4294967295,0,0
oInvCollPH,256,288,00123703,0,1,1,4294967295,0,0
oInvCollPH,240,288,0039193D,0,1,1,4294967295,0,0
oInvCollPH,224,288,00361EA0,0,1,1,4294967295,0,0
oInvCollPH,208,288,000476C5,0,1,1,4294967295,0,0
oInvCollPH,192,288,0034D22C,0,1,1,4294967295,0,0
oInvCollPH,176,288,002021C6,0,1,1,4294967295,0,0
oInvCollPH,160,288,003C5F3B,0,1,1,4294967295,0,0
oInvCollPH,336,288,003D5908,0,1,1,4294967295,0,0
oInvCollPH,352,288,001014AB,0,1,1,4294967295,0,0
oInvCollPH,368,288,002DED4E,0,1,1,4294967295,0,0
oInvCollPH,384,288,002954B7,0,1,1,4294967295,0,0
oInvCollPH,400,288,003E55A6,0,1,1,4294967295,0,0
oInvCollPH,416,288,00219F6E,0,1,1,4294967295,0,0
oInvCollPH,432,288,00286F37,0,1,1,4294967295,0,0
oInvCollPH,464,288,00343D4B,0,1,1,4294967295,0,0
oInvCollPH,480,288,000255FA,0,1,1,4294967295,0,0
oInvCollPH,496,288,00074C22,0,1,1,4294967295,0,0
oInvCollPH,512,288,002D3829,0,1,1,4294967295,0,0
oInvCollPH,528,288,003E6121,0,1,1,4294967295,0,0
oInvCollPH,544,288,00284B5D,0,1,1,4294967295,0,0
oInvCollPH,560,288,001C9D48,0,1,1,4294967295,0,0
oInvCollPH,576,288,0006E6DB,0,1,1,4294967295,0,0
oInvCollPH,592,288,003E7515,0,1,1,4294967295,0,0
oInvCollPH,720,288,0033D33E,0,1,1,4294967295,0,0
oInvCollPH,736,288,002230F4,0,1,1,4294967295,0,0
oInvCollPH,752,288,0006D9DA,0,1,1,4294967295,0,0
oInvCollPH,768,288,00384C78,0,1,1,4294967295,0,0
oInvCollPH,784,288,00118F3A,0,1,1,4294967295,0,0
oInvCollPH,800,288,00280912,0,1,1,4294967295,0,0
oInvCollPH,816,288,001E7D44,0,1,1,4294967295,0,0
oInvCollPH,704,288,003C6387,0,1,1,4294967295,0,0
oInvCollPH,688,288,0000C326,0,1,1,4294967295,0,0
oInvCollPH,672,288,0039C0F8,0,1,1,4294967295,0,0
oInvCollPH,656,288,000A59CB,0,1,1,4294967295,0,0
oInvCollPH,640,288,003A074D,0,1,1,4294967295,0,0
oInvCollPH,624,288,001A9566,0,1,1,4294967295,0,0
oInvCollPH,608,288,00212BED,0,1,1,4294967295,0,0
oInvCollPH,816,304,002D785F,0,1,1,4294967295,0,0
oInvCollPH,848,320,00235AFC,0,1,1,4294967295,0,0
oInvCollPH,864,320,0008AB3A,0,1,1,4294967295,0,0
oInvCollPH,880,320,0014032E,0,1,1,4294967295,0,0
oInvCollPH,896,320,003CF7B6,0,1,1,4294967295,0,0
oInvCollPH,912,320,00282E8F,0,1,1,4294967295,0,0
oInvCollPH,928,320,0022B2D4,0,1,1,4294967295,0,0
oInvCollPH,944,320,0020938F,0,1,1,4294967295,0,0
oInvCollPH,960,272,00128BD4,0,1,1,4294967295,0,0
oInvCollPH,960,288,003C0FD9,0,1,1,4294967295,0,0
oInvCollPH,960,304,00076C62,0,1,1,4294967295,0,0
oInvCollPH,976,256,00171B49,0,1,1,4294967295,0,0
oInvCollPH,992,256,001AE4B2,0,1,1,4294967295,0,0
oInvCollPH,1008,256,00394F1D,0,1,1,4294967295,0,0
oInvCollPH,1024,256,0036CC5B,0,1,1,4294967295,0,0
oInvCollPH,1040,256,000DD319,0,1,1,4294967295,0,0
oInvCollPH,1056,256,00119D87,0,1,1,4294967295,0,0
oInvCollPH,1072,256,003BEFBF,0,1,1,4294967295,0,0
oInvCollPH,1072,272,003D88BD,0,1,1,4294967295,0,0
oInvCollPH,1072,288,0024CDB2,0,1,1,4294967295,0,0
oInvCollPH,1072,304,001F3C9D,0,1,1,4294967295,0,0
oInvCollPH,1072,320,0019A035,0,1,1,4294967295,0,0
oInvCollPH,1072,336,002FBF29,0,1,1,4294967295,0,0
oInvCollPH,1072,192,00385553,0,1,1,4294967295,0,0
oInvCollPH,1056,208,001A48A4,0,1,1,4294967295,0,0
oInvCollPH,1072,208,00297315,0,1,1,4294967295,0,0
oInvCollPH,1152,176,000C5D44,0,1,1,4294967295,0,0
oInvCollPH,1152,192,0021C518,0,1,1,4294967295,0,0
oInvCollPH,1152,208,000CB7B5,0,1,1,4294967295,0,0
oInvCollPH,1168,208,00000396,0,1,1,4294967295,0,0
oInvCollPH,1168,192,001E81BB,0,1,1,4294967295,0,0
oInvCollPH,1168,176,002E85D6,0,1,1,4294967295,0,0
oInvCollPH,1168,160,001B9BB7,0,1,1,4294967295,0,0
oInvCollPH,704,208,00384550,0,1,1,4294967295,0,0
oInvCollPH,720,208,0001CA92,0,1,1,4294967295,0,0
oInvCollPH,736,208,0015E852,0,1,1,4294967295,0,0
oInvCollPH,752,208,0025C4C6,0,1,1,4294967295,0,0
oInvCollPH,752,192,00081C79,0,1,1,4294967295,0,0
oInvCollPH,704,16,000456F0,0,1,1,4294967295,0,0
oInvCollPH,704,32,0038DCCA,0,1,1,4294967295,0,0
oInvCollPH,704,48,0007ABF2,0,1,1,4294967295,0,0
oInvCollPH,704,96,00119D3E,0,1,1,4294967295,0,0
oInvCollPH,704,80,00182048,0,1,1,4294967295,0,0
oInvCollPH,704,112,00390373,0,1,1,4294967295,0,0
oInvCollPH,704,128,002339AB,0,1,1,4294967295,0,0
oInvCollPH,704,144,00004DA4,0,1,1,4294967295,0,0
oInvCollPH,704,160,001EE603,0,1,1,4294967295,0,0
oInvCollPH,704,176,000FD6C8,0,1,1,4294967295,0,0
oInvCollPH,768,176,0018174F,0,1,1,4294967295,0,0
oInvCollPH,784,176,0027AED5,0,1,1,4294967295,0,0
oInvCollPH,784,160,00261754,0,1,1,4294967295,0,0
oInvCollPH,784,144,0014F595,0,1,1,4294967295,0,0
oInvCollPH,784,128,0030951D,0,1,1,4294967295,0,0
oInvCollPH,784,112,00163107,0,1,1,4294967295,0,0
oInvCollPH,784,96,0039577D,0,1,1,4294967295,0,0
oInvCollPH,800,80,0036D7AF,0,1,1,4294967295,0,0
oInvCollPH,816,80,000C0C3C,0,1,1,4294967295,0,0
oInvCollPH,832,80,0002DA25,0,1,1,4294967295,0,0
oInvCollPH,848,80,003AF886,0,1,1,4294967295,0,0
oInvCollPH,864,80,002C08A2,0,1,1,4294967295,0,0
oInvCollPH,880,80,001A259E,0,1,1,4294967295,0,0
oInvCollPH,896,80,00029569,0,1,1,4294967295,0,0
oInvCollPH,912,80,00277FFB,0,1,1,4294967295,0,0
oInvCollPH,928,80,000C27BC,0,1,1,4294967295,0,0
oInvCollPH,944,80,000A8571,0,1,1,4294967295,0,0
oInvCollPH,960,80,002EA0B1,0,1,1,4294967295,0,0
oInvCollPH,976,80,000883DB,0,1,1,4294967295,0,0
oInvCollPH,976,64,000BC986,0,1,1,4294967295,0,0
oInvCollPH,1168,352,0028670B,0,1,1,4294967295,0,0
oInvCollPH,1152,352,0015041F,0,1,1,4294967295,0,0
oInvCollPH,1136,352,0030CDBB,0,1,1,4294967295,0,0
oInvCollPH,1120,352,00350D37,0,1,1,4294967295,0,0
oInvCollPH,1104,352,003CCBCD,0,1,1,4294967295,0,0
oInvCollPH,1184,336,000550C8,0,1,1,4294967295,0,0
oInvCollPH,1232,320,0027427D,0,1,1,4294967295,0,0
oInvCollPH,1216,320,0024F300,0,1,1,4294967295,0,0
oInvCollPH,1200,320,0032ED2D,0,1,1,4294967295,0,0
oInvCollPH,1264,288,000085B7,0,1,1,4294967295,0,0
oInvCollPH,1280,288,002CA9B3,0,1,1,4294967295,0,0
oInvCollPH,1296,288,000F2598,0,1,1,4294967295,0,0
oInvCollPH,1312,288,0005198A,0,1,1,4294967295,0,0
oInvCollPH,1328,288,0010B1B5,0,1,1,4294967295,0,0
oInvCollPH,1248,304,0022BF7B,0,1,1,4294967295,0,0
oInvCollPH,1344,288,003C475C,0,1,1,4294967295,0,0
oInvCollPH,1360,288,0028562B,0,1,1,4294967295,0,0
oInvCollPH,1376,288,0022E98D,0,1,1,4294967295,0,0
oInvCollPH,1392,288,001C7666,0,1,1,4294967295,0,0
oInvCollPH,1408,288,002F5C13,0,1,1,4294967295,0,0
oInvCollPH,1424,288,00180704,0,1,1,4294967295,0,0
oInvCollPH,1280,208,0025CD11,0,1,1,4294967295,0,0
oInvCollPH,1312,208,00170FC5,0,1,1,4294967295,0,0
oInvCollPH,1328,208,00325903,0,1,1,4294967295,0,0
oInvCollPH,1296,208,00295D9D,0,1,1,4294967295,0,0
oInvCollPH,1280,192,0039877C,0,1,1,4294967295,0,0
oInvCollPH,1280,176,001D6D20,0,1,1,4294967295,0,0
oInvCollPH,1280,160,0034F927,0,1,1,4294967295,0,0
oInvCollPH,1280,144,0032CFD3,0,1,1,4294967295,0,0
oInvCollPH,1248,112,001A8754,0,1,1,4294967295,0,0
oInvCollPH,1264,112,0013CAB5,0,1,1,4294967295,0,0
oInvCollPH,1248,96,00076D2B,0,1,1,4294967295,0,0
oInvCollPH,1248,80,0007A397,0,1,1,4294967295,0,0
oInvCollPH,992,48,002FEC0E,0,1,1,4294967295,0,0
oInvCollPH,1008,48,00068ABF,0,1,1,4294967295,0,0
oInvCollPH,1024,48,0006EF1E,0,1,1,4294967295,0,0
oInvCollPH,1040,48,0004365F,0,1,1,4294967295,0,0
oInvCollPH,1056,48,00308042,0,1,1,4294967295,0,0
oInvCollPH,1072,48,0011D5E0,0,1,1,4294967295,0,0
oInvCollPH,1088,48,0019FCB5,0,1,1,4294967295,0,0
oInvCollPH,1104,48,001D9ABE,0,1,1,4294967295,0,0
oInvCollPH,1120,48,001A67AE,0,1,1,4294967295,0,0
oInvCollPH,1136,48,00231062,0,1,1,4294967295,0,0
oInvCollPH,1152,48,002580F2,0,1,1,4294967295,0,0
oInvCollPH,1168,48,000502E4,0,1,1,4294967295,0,0
oInvCollPH,1184,48,002F6A0B,0,1,1,4294967295,0,0
oInvCollPH,1200,48,002293C0,0,1,1,4294967295,0,0
oInvCollPH,1216,48,002F79BD,0,1,1,4294967295,0,0
oInvCollPH,1232,48,0020E599,0,1,1,4294967295,0,0
oInvCollPH,1456,288,00102969,0,1,1,4294967295,0,0
oInvCollPH,1472,288,0016865D,0,1,1,4294967295,0,0
oInvCollPH,1488,288,0010CCA0,0,1,1,4294967295,0,0
oInvCollPH,1504,288,000D58D7,0,1,1,4294967295,0,0
oInvCollPH,1520,288,002D64F9,0,1,1,4294967295,0,0
oInvCollPH,1536,288,00152047,0,1,1,4294967295,0,0
oInvCollPH,1552,288,003B143F,0,1,1,4294967295,0,0
oInvCollPH,1568,288,001FA7AB,0,1,1,4294967295,0,0
oInvCollPH,1584,288,0017F572,0,1,1,4294967295,0,0
oInvCollPH,1600,288,001BDB59,0,1,1,4294967295,0,0
oInvCollPH,1616,288,000FA22F,0,1,1,4294967295,0,0
oInvCollPH,1632,288,0008239F,0,1,1,4294967295,0,0
oInvCollPH,1648,288,001E327B,0,1,1,4294967295,0,0
oInvCollPH,1664,288,00361AE0,0,1,1,4294967295,0,0
oInvCollPH,1680,288,00172923,0,1,1,4294967295,0,0
oInvCollPH,1696,288,002AB127,0,1,1,4294967295,0,0
oInvCollPH,1712,288,002E8230,0,1,1,4294967295,0,0
oInvCollPH,1728,288,003313BC,0,1,1,4294967295,0,0
oInvCollPH,1744,288,001CE3CE,0,1,1,4294967295,0,0
oInvCollPH,1776,288,00092316,0,1,1,4294967295,0,0
oInvCollPH,1792,288,0030BCAA,0,1,1,4294967295,0,0
oInvCollPH,1808,288,00227B1B,0,1,1,4294967295,0,0
oInvCollPH,1808,304,00344927,0,1,1,4294967295,0,0
oInvCollPH,1808,320,0038E1AE,0,1,1,4294967295,0,0
oInvCollPH,1808,336,002DAC63,0,1,1,4294967295,0,0
oInvCollPH,1888,240,0026FBFF,0,1,1,4294967295,0,0
oInvCollPH,1888,256,0013ED45,0,1,1,4294967295,0,0
oInvCollPH,1888,272,0007D448,0,1,1,4294967295,0,0
oInvCollPH,1904,272,0031F12A,0,1,1,4294967295,0,0
oInvCollPH,1904,256,003A793E,0,1,1,4294967295,0,0
oInvCollPH,1904,240,001F74C8,0,1,1,4294967295,0,0
oInvCollPH,1904,224,0018052B,0,1,1,4294967295,0,0
oInvCollPH,2240,240,00002380,0,1,1,4294967295,0,0
oInvCollPH,2256,240,003482A5,0,1,1,4294967295,0,0
oInvCollPH,2256,224,002C7CF0,0,1,1,4294967295,0,0
oInvCollPH,2464,240,0021AEDA,0,1,1,4294967295,0,0
oInvCollPH,2480,240,001D4888,0,1,1,4294967295,0,0
oInvCollPH,2480,224,002C11CA,0,1,1,4294967295,0,0
oInvCollPH,2528,336,0020A424,0,1,1,4294967295,0,0
oInvCollPH,2544,320,001233B2,0,1,1,4294967295,0,0
oInvCollPH,2352,288,001028AD,0,1,1,4294967295,0,0
oInvCollPH,2352,304,0029AA34,0,1,1,4294967295,0,0
oInvCollPH,2352,320,0009F832,0,1,1,4294967295,0,0
oInvCollPH,2352,336,0011C334,0,1,1,4294967295,0,0
oInvCollPH,2336,336,000BC192,0,1,1,4294967295,0,0
oInvCollPH,2336,320,0031AE33,0,1,1,4294967295,0,0
oInvCollPH,2336,304,002C27C3,0,1,1,4294967295,0,0
oInvCollPH,2016,240,0025E7C1,0,1,1,4294967295,0,0
oInvCollPH,2016,256,00250741,0,1,1,4294967295,0,0
oInvCollPH,2016,272,000AE4CB,0,1,1,4294967295,0,0
oInvCollPH,2032,272,000C3937,0,1,1,4294967295,0,0
oInvCollPH,2048,272,00229861,0,1,1,4294967295,0,0
oInvCollPH,2064,272,0028D800,0,1,1,4294967295,0,0
oInvCollPH,2080,272,003524FB,0,1,1,4294967295,0,0
oInvCollPH,2096,272,000A5981,0,1,1,4294967295,0,0
oInvCollPH,2112,272,000E5EF1,0,1,1,4294967295,0,0
oInvCollPH,2128,272,0010F51F,0,1,1,4294967295,0,0
oInvCollPH,2144,272,000D3E25,0,1,1,4294967295,0,0
oInvCollPH,2160,272,00306089,0,1,1,4294967295,0,0
oInvCollPH,2160,256,0029EF1B,0,1,1,4294967295,0,0
oInvCollPH,2160,240,00334620,0,1,1,4294967295,0,0
oInvCollPH,2160,224,003A1DC7,0,1,1,4294967295,0,0
oInvCollPH,2016,176,001C9780,0,1,1,4294967295,0,0
oInvCollPH,2016,192,003777F7,0,1,1,4294967295,0,0
oInvCollPH,2016,208,003F83AB,0,1,1,4294967295,0,0
oInvCollPH,2032,160,00160663,0,1,1,4294967295,0,0
oInvCollPH,2048,160,0032B00C,0,1,1,4294967295,0,0
oInvCollPH,2064,160,00323BB5,0,1,1,4294967295,0,0
oInvCollPH,2080,160,00338871,0,1,1,4294967295,0,0
oInvCollPH,2096,160,0028105E,0,1,1,4294967295,0,0
oInvCollPH,2112,160,003335CF,0,1,1,4294967295,0,0
oInvCollPH,2128,160,0023CCCB,0,1,1,4294967295,0,0
oInvCollPH,2144,160,003A0A1B,0,1,1,4294967295,0,0
oInvCollPH,2160,160,004025AF,0,1,1,4294967295,0,0
oInvCollPH,2176,160,0030B76D,0,1,1,4294967295,0,0
oInvCollPH,2192,160,0021F142,0,1,1,4294967295,0,0
oInvCollPH,2208,160,003CF0D0,0,1,1,4294967295,0,0
oInvCollPH,2224,160,000F3FFB,0,1,1,4294967295,0,0
oInvCollPH,2240,160,0003DAE5,0,1,1,4294967295,0,0
oInvCollPH,2256,160,000031F3,0,1,1,4294967295,0,0
oInvCollPH,2272,160,003632F6,0,1,1,4294967295,0,0
oInvCollPH,2288,160,0033DDC0,0,1,1,4294967295,0,0
oInvCollPH,2304,160,0018C1EE,0,1,1,4294967295,0,0
oInvCollPH,2320,160,00031707,0,1,1,4294967295,0,0
oInvCollPH,2336,160,001587EE,0,1,1,4294967295,0,0
oInvCollPH,2352,160,001D2449,0,1,1,4294967295,0,0
oInvCollPH,2368,160,00353558,0,1,1,4294967295,0,0
oInvCollPH,2384,160,002B5BD9,0,1,1,4294967295,0,0
oInvCollPH,2400,160,00163BB2,0,1,1,4294967295,0,0
oInvCollPH,2416,160,003DA089,0,1,1,4294967295,0,0
oInvCollPH,2432,160,00399FEA,0,1,1,4294967295,0,0
oInvCollPH,2448,160,000AC779,0,1,1,4294967295,0,0
oInvCollPH,2464,160,0030FBFE,0,1,1,4294967295,0,0
oInvCollPH,2480,160,00338EFB,0,1,1,4294967295,0,0
oInvCollPH,2496,160,003EF90B,0,1,1,4294967295,0,0
oInvCollPH,2512,160,000BD673,0,1,1,4294967295,0,0
oInvCollPH,2528,160,000C2DDB,0,1,1,4294967295,0,0
oInvCollPH,2544,160,001854C4,0,1,1,4294967295,0,0
oInvCollPH,2544,208,0028589C,0,1,1,4294967295,0,0
oInvCollPH,2528,208,000670AC,0,1,1,4294967295,0,0
oInvCollPH,2512,208,0018A220,0,1,1,4294967295,0,0
oInvCollPH,2496,208,00256D22,0,1,1,4294967295,0,0
oInvCollPH,2448,208,002A2CC6,0,1,1,4294967295,0,0
oInvCollPH,2432,208,001DFC09,0,1,1,4294967295,0,0
oInvCollPH,2416,208,000D6B90,0,1,1,4294967295,0,0
oInvCollPH,2400,208,000346E1,0,1,1,4294967295,0,0
oInvCollPH,2384,208,0023AF3A,0,1,1,4294967295,0,0
oInvCollPH,2368,208,003FB6D9,0,1,1,4294967295,0,0
oInvCollPH,2352,208,000FBFD2,0,1,1,4294967295,0,0
oInvCollPH,2336,208,0027BE34,0,1,1,4294967295,0,0
oInvCollPH,2320,208,003C53C7,0,1,1,4294967295,0,0
oInvCollPH,2304,208,002E7FFC,0,1,1,4294967295,0,0
oInvCollPH,2288,208,0018F2AB,0,1,1,4294967295,0,0
oInvCollPH,2272,208,00318AAF,0,1,1,4294967295,0,0
oInvCollPH,2224,208,00011A8D,0,1,1,4294967295,0,0
oInvCollPH,2208,208,00170721,0,1,1,4294967295,0,0
oInvCollPH,2192,208,00043C5D,0,1,1,4294967295,0,0
oInvCollPH,2176,208,000A1585,0,1,1,4294967295,0,0
oInvCollPH,2000,352,00155198,0,1,1,4294967295,0,0
oInvCollPH,1984,352,0035C364,0,1,1,4294967295,0,0
oInvCollPH,1968,352,003B4111,0,1,1,4294967295,0,0
oInvCollPH,1952,352,001C99FF,0,1,1,4294967295,0,0
oInvCollPH,1936,352,000EA0CF,0,1,1,4294967295,0,0
oInvCollPH,1920,352,002A5DCE,0,1,1,4294967295,0,0
oInvCollPH,1840,352,000504E0,0,1,1,4294967295,0,0
oInvCollPH,1856,352,0004E05D,0,1,1,4294967295,0,0
oInvCollPH,1872,352,0033FB62,0,1,1,4294967295,0,0
oInvCollPH,1888,352,0025FD7C,0,1,1,4294967295,0,0
oInvCollPH,1904,352,0015AE2A,0,1,1,4294967295,0,0
oInvCollPH,2016,352,002D8EE0,0,1,1,4294967295,0,0
oInvCollPH,2032,352,00169E68,0,1,1,4294967295,0,0
oInvCollPH,2048,352,002B3C6E,0,1,1,4294967295,0,0
oInvCollPH,2064,352,003BE56E,0,1,1,4294967295,0,0
oInvCollPH,2080,352,001A1442,0,1,1,4294967295,0,0
oInvCollPH,2096,352,001AE5FF,0,1,1,4294967295,0,0
oInvCollPH,2112,352,002DE5F3,0,1,1,4294967295,0,0
oInvCollPH,2128,352,002BBE99,0,1,1,4294967295,0,0
oInvCollPH,2144,352,0036D050,0,1,1,4294967295,0,0
oInvCollPH,2160,352,00096311,0,1,1,4294967295,0,0
oInvCollPH,2176,352,002A8FA5,0,1,1,4294967295,0,0
oInvCollPH,2192,352,000A8316,0,1,1,4294967295,0,0
oInvCollPH,2208,352,001D47F3,0,1,1,4294967295,0,0
oInvCollPH,2224,352,0031203A,0,1,1,4294967295,0,0
oInvCollPH,2240,352,000412D4,0,1,1,4294967295,0,0
oInvCollPH,2256,352,000A2040,0,1,1,4294967295,0,0
oInvCollPH,2272,352,0022289E,0,1,1,4294967295,0,0
oInvCollPH,2288,352,002E2ADE,0,1,1,4294967295,0,0
oInvCollPH,2304,352,00201CA7,0,1,1,4294967295,0,0
oInvCollPH,2320,352,000C5FD2,0,1,1,4294967295,0,0
oInvCollPH,2368,352,0025D788,0,1,1,4294967295,0,0
oInvCollPH,2384,352,001EBF20,0,1,1,4294967295,0,0
oInvCollPH,2400,352,003EB72A,0,1,1,4294967295,0,0
oInvCollPH,2416,352,001F708C,0,1,1,4294967295,0,0
oInvCollPH,2432,352,001606EF,0,1,1,4294967295,0,0
oInvCollPH,2448,352,00038CAA,0,1,1,4294967295,0,0
oInvCollPH,2464,352,000B4073,0,1,1,4294967295,0,0
oInvCollPH,2480,352,000D6F6B,0,1,1,4294967295,0,0
oInvCollPH,2496,352,000A78A4,0,1,1,4294967295,0,0
oInvCollPH,2512,352,00229B6E,0,1,1,4294967295,0,0
oInvCollPH,3392,304,00080759,0,1,1,4294967295,0,0
oInvCollPH,3392,320,00128A4E,0,1,1,4294967295,0,0
oInvCollPH,3392,336,000F5F2B,0,1,1,4294967295,0,0
oInvCollPH,3408,288,00051753,0,1,1,4294967295,0,0
oInvCollPH,3424,288,002CC9D5,0,1,1,4294967295,0,0
oInvCollPH,3440,288,0002D2F2,0,1,1,4294967295,0,0
oInvCollPH,3456,288,000C54B9,0,1,1,4294967295,0,0
oInvCollPH,3472,288,0034A7A1,0,1,1,4294967295,0,0
oInvCollPH,3488,288,003240F5,0,1,1,4294967295,0,0
oInvCollPH,3504,288,003A81DD,0,1,1,4294967295,0,0
oInvCollPH,3504,304,00136B15,0,1,1,4294967295,0,0
oInvCollPH,3504,320,00087266,0,1,1,4294967295,0,0
oInvCollPH,3504,336,001ECA9B,0,1,1,4294967295,0,0
oInvCollPH,3488,208,002F00B8,0,1,1,4294967295,0,0
oInvCollPH,3504,208,00170423,0,1,1,4294967295,0,0
oInvCollPH,3520,208,00232E79,0,1,1,4294967295,0,0
oInvCollPH,3536,208,00098368,0,1,1,4294967295,0,0
oInvCollPH,3552,208,002495EF,0,1,1,4294967295,0,0
oInvCollPH,3568,208,002FBAB7,0,1,1,4294967295,0,0
oInvCollPH,3568,192,0005D721,0,1,1,4294967295,0,0
oInvCollPH,3552,192,0032124A,0,1,1,4294967295,0,0
oInvCollPH,3536,192,000FA8A3,0,1,1,4294967295,0,0
oInvCollPH,3520,192,002169E0,0,1,1,4294967295,0,0
oInvCollPH,3504,192,00127578,0,1,1,4294967295,0,0
oInvCollPH,3392,144,001A7D31,0,1,1,4294967295,0,0
oInvCollPH,3392,160,0020D92E,0,1,1,4294967295,0,0
oInvCollPH,3392,176,0033113B,0,1,1,4294967295,0,0
oInvCollPH,3392,192,0013D958,0,1,1,4294967295,0,0
oInvCollPH,3408,208,003D5E5F,0,1,1,4294967295,0,0
oInvCollPH,3408,192,0030BB97,0,1,1,4294967295,0,0
oInvCollPH,3392,208,0030B899,0,1,1,4294967295,0,0
oInvCollPH,3408,176,001F60A2,0,1,1,4294967295,0,0
oInvCollPH,3408,160,00088779,0,1,1,4294967295,0,0
oInvCollPH,3408,144,0010FBA0,0,1,1,4294967295,0,0
oInvCollPH,3408,128,002CB264,0,1,1,4294967295,0,0
oInvCollPH,3392,16,003B76E7,0,1,1,4294967295,0,0
oInvCollPH,3392,32,000F0318,0,1,1,4294967295,0,0
oInvCollPH,3392,48,001BA9E1,0,1,1,4294967295,0,0
oInvCollPH,3392,64,000DDD07,0,1,1,4294967295,0,0
oInvCollPH,3392,80,0002A504,0,1,1,4294967295,0,0
oInvCollPH,3392,96,00183E97,0,1,1,4294967295,0,0
oInvCollPH,3392,112,003B380F,0,1,1,4294967295,0,0
oInvCollPH,3408,0,001433F6,0,1,1,4294967295,0,0
oInvCollPH,3424,0,002A2D03,0,1,1,4294967295,0,0
oInvCollPH,3440,0,002486E5,0,1,1,4294967295,0,0
oInvCollPH,3456,0,003FBD5D,0,1,1,4294967295,0,0
oInvCollPH,3472,0,003A9840,0,1,1,4294967295,0,0
oInvCollPH,3488,0,000E7656,0,1,1,4294967295,0,0
oInvCollPH,3504,0,00064A9E,0,1,1,4294967295,0,0
oInvCollPH,3520,0,003BB18D,0,1,1,4294967295,0,0
oInvCollPH,3536,0,0016AF21,0,1,1,4294967295,0,0
oInvCollPH,3552,0,00317920,0,1,1,4294967295,0,0
oInvCollPH,3568,0,00133952,0,1,1,4294967295,0,0
oInvCollPH,3568,16,0010FF0E,0,1,1,4294967295,0,0
oInvCollPH,3568,32,00189D91,0,1,1,4294967295,0,0
oInvCollPH,3568,48,000C021E,0,1,1,4294967295,0,0
oInvCollPH,3568,64,00119023,0,1,1,4294967295,0,0
oInvCollPH,3568,80,00163635,0,1,1,4294967295,0,0
oInvCollPH,3568,96,002BE7AE,0,1,1,4294967295,0,0
oInvCollPH,3568,112,0017FC1A,0,1,1,4294967295,0,0
oInvCollPH,3552,112,002D3A2C,0,1,1,4294967295,0,0
oInvCollPH,3536,112,0015B9D2,0,1,1,4294967295,0,0
oInvCollPH,3520,112,0025625C,0,1,1,4294967295,0,0
oInvCollPH,3504,112,000DCC5C,0,1,1,4294967295,0,0
oInvCollPH,3488,112,003FA215,0,1,1,4294967295,0,0
oInvCollPH,3472,112,0035DD0E,0,1,1,4294967295,0,0
oInvCollPH,3456,112,0033372D,0,1,1,4294967295,0,0
oInvCollPH,3440,112,002F66E4,0,1,1,4294967295,0,0
oInvCollPH,3424,112,0020DD80,0,1,1,4294967295,0,0
oInvCollPH,3056,160,003E1889,0,1,1,4294967295,0,0
oInvCollPH,3072,160,001FC877,0,1,1,4294967295,0,0
oInvCollPH,3088,160,001BD543,0,1,1,4294967295,0,0
oInvCollPH,3104,160,0033B47C,0,1,1,4294967295,0,0
oInvCollPH,3120,160,00127364,0,1,1,4294967295,0,0
oInvCollPH,3136,160,000F991E,0,1,1,4294967295,0,0
oInvCollPH,3152,160,00032477,0,1,1,4294967295,0,0
oInvCollPH,3168,160,0003768D,0,1,1,4294967295,0,0
oInvCollPH,3184,160,00176B1F,0,1,1,4294967295,0,0
oInvCollPH,3040,176,002B6964,0,1,1,4294967295,0,0
oInvCollPH,3040,192,003BD97A,0,1,1,4294967295,0,0
oInvCollPH,3040,208,001FD075,0,1,1,4294967295,0,0
oInvCollPH,3056,208,003A0847,0,1,1,4294967295,0,0
oInvCollPH,3072,208,003CDD2B,0,1,1,4294967295,0,0
oInvCollPH,3088,208,00302BBE,0,1,1,4294967295,0,0
oInvCollPH,3104,208,002E2189,0,1,1,4294967295,0,0
oInvCollPH,3120,208,0033EE66,0,1,1,4294967295,0,0
oInvCollPH,3136,208,0006F67A,0,1,1,4294967295,0,0
oInvCollPH,3152,208,00086278,0,1,1,4294967295,0,0
oInvCollPH,3168,208,001D866B,0,1,1,4294967295,0,0
oInvCollPH,3184,208,0014F883,0,1,1,4294967295,0,0
oInvCollPH,3200,208,002C72A1,0,1,1,4294967295,0,0
oInvCollPH,3216,208,002AA681,0,1,1,4294967295,0,0
oInvCollPH,3232,208,00378EED,0,1,1,4294967295,0,0
oInvCollPH,3248,208,0011BA1B,0,1,1,4294967295,0,0
oInvCollPH,3264,208,00091F79,0,1,1,4294967295,0,0
oInvCollPH,3280,208,00283583,0,1,1,4294967295,0,0
oInvCollPH,3280,192,0026A376,0,1,1,4294967295,0,0
oInvCollPH,3280,176,001F07A0,0,1,1,4294967295,0,0
oInvCollPH,3280,160,000F704C,0,1,1,4294967295,0,0
oInvCollPH,3264,160,0036ABD9,0,1,1,4294967295,0,0
oInvCollPH,3248,160,0030B8D1,0,1,1,4294967295,0,0
oInvCollPH,3232,160,003A6419,0,1,1,4294967295,0,0
oInvCollPH,3216,160,000F02A9,0,1,1,4294967295,0,0
oInvCollPH,3200,160,0020C362,0,1,1,4294967295,0,0
oInvCollPH,2800,288,00149572,0,1,1,4294967295,0,0
oInvCollPH,2816,288,002A2AE9,0,1,1,4294967295,0,0
oInvCollPH,2832,288,002B6F2F,0,1,1,4294967295,0,0
oInvCollPH,2848,288,0016B9C9,0,1,1,4294967295,0,0
oInvCollPH,2864,288,001110EC,0,1,1,4294967295,0,0
oInvCollPH,2880,288,0034B8CA,0,1,1,4294967295,0,0
oInvCollPH,2896,288,002E86BA,0,1,1,4294967295,0,0
oInvCollPH,2896,304,003B269C,0,1,1,4294967295,0,0
oInvCollPH,2896,320,002BD274,0,1,1,4294967295,0,0
oInvCollPH,2896,336,0025132B,0,1,1,4294967295,0,0
oInvCollPH,2736,224,002C2E09,0,1,1,4294967295,0,0
oInvCollPH,2752,224,0004F30D,0,1,1,4294967295,0,0
oInvCollPH,2768,224,0021545B,0,1,1,4294967295,0,0
oInvCollPH,2768,240,002EF422,0,1,1,4294967295,0,0
oInvCollPH,2768,256,00367CFF,0,1,1,4294967295,0,0
oInvCollPH,2768,272,00055013,0,1,1,4294967295,0,0
oInvCollPH,2576,160,00173FD4,0,1,1,4294967295,0,0
oInvCollPH,2592,160,00351292,0,1,1,4294967295,0,0
oInvCollPH,2608,160,001ED6CA,0,1,1,4294967295,0,0
oInvCollPH,2624,160,0028224D,0,1,1,4294967295,0,0
oInvCollPH,2640,160,003EF5CF,0,1,1,4294967295,0,0
oInvCollPH,2656,160,001E8D98,0,1,1,4294967295,0,0
oInvCollPH,2672,160,0026E6D7,0,1,1,4294967295,0,0
oInvCollPH,2688,160,000034DA,0,1,1,4294967295,0,0
oInvCollPH,2704,160,001DC732,0,1,1,4294967295,0,0
oInvCollPH,2704,176,004019E4,0,1,1,4294967295,0,0
oInvCollPH,2704,192,002084BD,0,1,1,4294967295,0,0
oInvCollPH,2704,208,0036474C,0,1,1,4294967295,0,0
oInvCollPH,2560,224,00314CEA,0,1,1,4294967295,0,0
oInvCollPH,2560,240,00033BE9,0,1,1,4294967295,0,0
oInvCollPH,2560,256,002B4D22,0,1,1,4294967295,0,0
oInvCollPH,2560,272,0015FB6B,0,1,1,4294967295,0,0
oInvCollPH,2560,288,0012669F,0,1,1,4294967295,0,0
oInvCollPH,2560,304,001F89BD,0,1,1,4294967295,0,0
oInvCollPH,2912,352,0021E10A,0,1,1,4294967295,0,0
oInvCollPH,2928,352,000200C3,0,1,1,4294967295,0,0
oInvCollPH,2944,352,002A4D25,0,1,1,4294967295,0,0
oInvCollPH,2960,352,00039EA0,0,1,1,4294967295,0,0
oInvCollPH,2976,352,00119E62,0,1,1,4294967295,0,0
oInvCollPH,2992,352,000CB704,0,1,1,4294967295,0,0
oInvCollPH,3008,352,000F7E1E,0,1,1,4294967295,0,0
oInvCollPH,3024,352,002E14FC,0,1,1,4294967295,0,0
oInvCollPH,3040,352,0022E7FB,0,1,1,4294967295,0,0
oInvCollPH,3056,352,0039990A,0,1,1,4294967295,0,0
oInvCollPH,3072,352,003E0D0B,0,1,1,4294967295,0,0
oInvCollPH,3088,352,0002F3C4,0,1,1,4294967295,0,0
oInvCollPH,3104,352,001C01FD,0,1,1,4294967295,0,0
oInvCollPH,3120,352,00097050,0,1,1,4294967295,0,0
oInvCollPH,3136,352,003A3016,0,1,1,4294967295,0,0
oInvCollPH,3152,352,003B274B,0,1,1,4294967295,0,0
oInvCollPH,3168,352,001A28BA,0,1,1,4294967295,0,0
oInvCollPH,3184,352,002871A0,0,1,1,4294967295,0,0
oInvCollPH,3200,352,0025C0A4,0,1,1,4294967295,0,0
oInvCollPH,3216,352,001879B4,0,1,1,4294967295,0,0
oInvCollPH,3232,352,001CFF19,0,1,1,4294967295,0,0
oInvCollPH,3248,352,0000E289,0,1,1,4294967295,0,0
oInvCollPH,3264,352,00273450,0,1,1,4294967295,0,0
oInvCollPH,3280,352,0019497F,0,1,1,4294967295,0,0
oInvCollPH,3296,352,000141A6,0,1,1,4294967295,0,0
oInvCollPH,3312,352,0026891D,0,1,1,4294967295,0,0
oInvCollPH,3328,352,00046ED2,0,1,1,4294967295,0,0
oInvCollPH,3344,352,0013C984,0,1,1,4294967295,0,0
oInvCollPH,3360,352,0031A919,0,1,1,4294967295,0,0
oInvCollPH,3376,352,0030FBA3,0,1,1,4294967295,0,0
oInvCollPH,3520,352,003712C4,0,1,1,4294967295,0,0
oInvCollPH,3536,352,001A67CF,0,1,1,4294967295,0,0
oInvCollPH,3552,352,00232F3D,0,1,1,4294967295,0,0
oInvCollPH,3568,352,0008E104,0,1,1,4294967295,0,0
oInvCollPH,3584,352,00109FC4,0,1,1,4294967295,0,0
oInvCollPH,3600,352,00052A4C,0,1,1,4294967295,0,0
oInvCollPH,3616,352,001DEA3D,0,1,1,4294967295,0,0
oInvCollPH,3632,352,003B4381,0,1,1,4294967295,0,0
oInvCollPH,3648,352,00374BFF,0,1,1,4294967295,0,0
oInvCollPH,3664,352,00048323,0,1,1,4294967295,0,0
oInvCollPH,3680,352,000AE91D,0,1,1,4294967295,0,0
oInvCollPH,3696,352,001D1B65,0,1,1,4294967295,0,0
oInvCollPH,3712,352,002EBBEB,0,1,1,4294967295,0,0
oInvCollPH,3728,352,0013645F,0,1,1,4294967295,0,0
oInvCollPH,3744,352,003F9D93,0,1,1,4294967295,0,0
oInvCollPH,3760,352,002F80BF,0,1,1,4294967295,0,0
oInvCollPH,3776,352,001D9F1D,0,1,1,4294967295,0,0
oInvCollPH,3792,352,001590C1,0,1,1,4294967295,0,0
oInvCollPH,3808,352,000F2E15,0,1,1,4294967295,0,0
oInvCollPH,3824,352,002810C0,0,1,1,4294967295,0,0
oInvCollPH,3840,352,0038C71C,0,1,1,4294967295,0,0
oInvCollPH,3856,352,002CD995,0,1,1,4294967295,0,0
oInvCollPH,3872,352,003D071B,0,1,1,4294967295,0,0
oInvCollPH,3888,352,00161904,0,1,1,4294967295,0,0
oInvCollPH,3904,352,00109A3C,0,1,1,4294967295,0,0
oInvCollPH,3920,352,0015C644,0,1,1,4294967295,0,0
oInvCollPH,3936,352,0026693A,0,1,1,4294967295,0,0
oInvCollPH,3952,352,0033FF45,0,1,1,4294967295,0,0
oInvCollPH,3968,352,001C168B,0,1,1,4294967295,0,0
oInvCollPH,3984,352,001E4405,0,1,1,4294967295,0,0
oInvCollPH,4000,352,00230B6A,0,1,1,4294967295,0,0
oInvCollPH,4016,352,0038477F,0,1,1,4294967295,0,0
oInvCollPH,4032,352,002F8A2B,0,1,1,4294967295,0,0
oInvCollPH,4048,352,001E08CA,0,1,1,4294967295,0,0
oInvCollPH,4064,352,0007E30F,0,1,1,4294967295,0,0
oInvCollPH,4080,352,0028C3D5,0,1,1,4294967295,0,0
oInvCollPH,4304,336,0016E2C6,0,1,1,4294967295,0,0
oInvCollPH,4320,352,00004BB9,0,1,1,4294967295,0,0
oInvCollPH,4336,352,003214A7,0,1,1,4294967295,0,0
oInvCollPH,4352,352,000F2A34,0,1,1,4294967295,0,0
oInvCollPH,4368,352,0014AE1A,0,1,1,4294967295,0,0
oInvCollPH,4384,352,001A5996,0,1,1,4294967295,0,0
oInvCollPH,4400,352,0029CABC,0,1,1,4294967295,0,0
oInvCollPH,4416,352,00276A61,0,1,1,4294967295,0,0
oInvCollPH,4432,352,001461D7,0,1,1,4294967295,0,0
oInvCollPH,4448,352,003B971F,0,1,1,4294967295,0,0
oInvCollPH,4464,352,003AAC6E,0,1,1,4294967295,0,0
oInvCollPH,4480,352,000C2D11,0,1,1,4294967295,0,0
oInvCollPH,4496,352,003A12E1,0,1,1,4294967295,0,0
oInvCollPH,4512,352,001567EB,0,1,1,4294967295,0,0
oInvCollPH,4528,352,0003819E,0,1,1,4294967295,0,0
oInvCollPH,4544,352,000A89C9,0,1,1,4294967295,0,0
oInvCollPH,4560,352,0028CD45,0,1,1,4294967295,0,0
oInvCollPH,4576,352,003C0FE8,0,1,1,4294967295,0,0
oInvCollPH,4592,352,0002BC30,0,1,1,4294967295,0,0
oInvCollPH,4608,352,0012E37B,0,1,1,4294967295,0,0
oInvCollPH,4624,352,00283E99,0,1,1,4294967295,0,0
oInvCollPH,4640,352,00162B86,0,1,1,4294967295,0,0
oInvCollPH,4656,352,002908F5,0,1,1,4294967295,0,0
oInvCollPH,4672,352,00373596,0,1,1,4294967295,0,0
oInvCollPH,4688,352,00108CE7,0,1,1,4294967295,0,0
oInvCollPH,4704,352,0028B38F,0,1,1,4294967295,0,0
oInvCollPH,4720,352,000C203B,0,1,1,4294967295,0,0
oInvCollPH,4736,352,001AACB1,0,1,1,4294967295,0,0
oInvCollPH,4752,352,00177E13,0,1,1,4294967295,0,0
oInvCollPH,4768,352,00152EF0,0,1,1,4294967295,0,0
oInvCollPH,4784,352,0002E595,0,1,1,4294967295,0,0
oInvCollPH,4800,352,00225513,0,1,1,4294967295,0,0
oInvCollPH,4816,352,003E105A,0,1,1,4294967295,0,0
oInvCollPH,4832,352,001CD3FE,0,1,1,4294967295,0,0
oInvCollPH,4848,352,002E0D85,0,1,1,4294967295,0,0
oInvCollPH,4864,352,002C7542,0,1,1,4294967295,0,0
oInvCollPH,4880,352,00361538,0,1,1,4294967295,0,0
oInvCollPH,4896,352,002C94E3,0,1,1,4294967295,0,0
oInvCollPH,4912,352,003E84CC,0,1,1,4294967295,0,0
oInvCollPH,4928,352,00324881,0,1,1,4294967295,0,0
oInvCollPH,4944,352,00255B30,0,1,1,4294967295,0,0
oInvCollPH,4960,240,0010F193,0,1,1,4294967295,0,0
oInvCollPH,4960,256,00028D94,0,1,1,4294967295,0,0
oInvCollPH,4960,272,00273A44,0,1,1,4294967295,0,0
oInvCollPH,4976,272,00210FD4,0,1,1,4294967295,0,0
oInvCollPH,4976,352,00236439,0,1,1,4294967295,0,0
oInvCollPH,4976,224,0037091B,0,1,1,4294967295,0,0
oInvCollPH,4992,224,003F1EF0,0,1,1,4294967295,0,0
oInvCollPH,5008,224,002EDA92,0,1,1,4294967295,0,0
oInvCollPH,5056,224,003D07CA,0,1,1,4294967295,0,0
oInvCollPH,5040,224,000D8486,0,1,1,4294967295,0,0
oInvCollPH,5008,272,000CC9B3,0,1,1,4294967295,0,0
oInvCollPH,4992,272,00123494,0,1,1,4294967295,0,0
oInvCollPH,5072,240,00106133,0,1,1,4294967295,0,0
oInvCollPH,5168,192,0020DF5B,0,1,1,4294967295,0,0
oInvCollPH,5184,192,00210B29,0,1,1,4294967295,0,0
oInvCollPH,5200,192,0015255C,0,1,1,4294967295,0,0
oInvCollPH,5216,192,000C8825,0,1,1,4294967295,0,0
oInvCollPH,5232,192,0029BDEF,0,1,1,4294967295,0,0
oInvCollPH,5232,208,00287EE0,0,1,1,4294967295,0,0
oInvCollPH,5232,224,0030A0F4,0,1,1,4294967295,0,0
oInvCollPH,5232,240,000A5A0C,0,1,1,4294967295,0,0
oInvCollPH,5216,240,00176CB8,0,1,1,4294967295,0,0
oInvCollPH,5200,240,00333B6F,0,1,1,4294967295,0,0
oInvCollPH,5184,240,000FE5F7,0,1,1,4294967295,0,0
oInvCollPH,5168,240,00283FF5,0,1,1,4294967295,0,0
oInvCollPH,5152,240,00374885,0,1,1,4294967295,0,0
oInvCollPH,5152,224,001FCD8F,0,1,1,4294967295,0,0
oInvCollPH,5152,208,00051900,0,1,1,4294967295,0,0
oInvCollPH,5072,256,002ECB30,0,1,1,4294967295,0,0
oInvCollPH,5072,272,000D4814,0,1,1,4294967295,0,0
oInvCollPH,5072,288,00038BB5,0,1,1,4294967295,0,0
oInvCollPH,5072,304,000DF38E,0,1,1,4294967295,0,0
oInvCollPH,5088,320,00058E6A,0,1,1,4294967295,0,0
oInvCollPH,5104,320,00138A1F,0,1,1,4294967295,0,0
oInvCollPH,5296,320,003674BD,0,1,1,4294967295,0,0
oInvCollPH,5312,320,0026DD34,0,1,1,4294967295,0,0
oInvCollPH,5328,320,002AFC87,0,1,1,4294967295,0,0
oInvCollPH,5344,320,003E7B1A,0,1,1,4294967295,0,0
oInvCollPH,5360,320,00293392,0,1,1,4294967295,0,0
oInvCollPH,5376,320,000C9CDC,0,1,1,4294967295,0,0
oInvCollPH,5392,320,0020EE46,0,1,1,4294967295,0,0
oInvCollPH,5280,320,001ED617,0,1,1,4294967295,0,0
oInvCollPH,5264,320,003C73DB,0,1,1,4294967295,0,0
oInvCollPH,5248,320,00039A03,0,1,1,4294967295,0,0
oInvCollPH,4960,352,001A7093,0,1,1,4294967295,0,0
oInvCollPH,5120,320,003AD0BE,0,1,1,4294967295,0,0
oInvCollPH,5136,320,001EC145,0,1,1,4294967295,0,0
oInvCollPH,5152,320,002D5D5E,0,1,1,4294967295,0,0
oInvCollPH,5168,320,00045060,0,1,1,4294967295,0,0
oInvCollPH,5184,320,0021A5E2,0,1,1,4294967295,0,0
oInvCollPH,5200,320,003B82EC,0,1,1,4294967295,0,0
oInvCollPH,5216,320,000A19FE,0,1,1,4294967295,0,0
oInvCollPH,5232,320,002FD0E0,0,1,1,4294967295,0,0
oInvCollPH,4096,336,002F826F,0,1,1,4294967295,0,0
oInvCollPH,4112,320,00355F65,0,1,1,4294967295,0,0
oInvCollPH,4128,320,00096317,0,1,1,4294967295,0,0
oInvCollPH,4144,320,002CAD58,0,1,1,4294967295,0,0
oInvCollPH,4160,320,003A0671,0,1,1,4294967295,0,0
oInvCollPH,4176,320,0023CF51,0,1,1,4294967295,0,0
oInvCollPH,4192,304,002B5D13,0,1,1,4294967295,0,0
oInvCollPH,4256,288,000955C2,0,1,1,4294967295,0,0
oInvCollPH,4272,288,0004D73D,0,1,1,4294967295,0,0
oInvCollPH,4272,304,003A7A06,0,1,1,4294967295,0,0
oInvCollPH,4304,320,0022C6F2,0,1,1,4294967295,0,0
oInvCollPH,4192,240,003C72F0,0,1,1,4294967295,0,0
oInvCollPH,4192,256,00089EF0,0,1,1,4294967295,0,0
oInvCollPH,4192,272,00101536,0,1,1,4294967295,0,0
oInvCollPH,4208,224,0028CF3D,0,1,1,4294967295,0,0
oInvCollPH,4224,224,000A7531,0,1,1,4294967295,0,0
oInvCollPH,4240,224,003FA937,0,1,1,4294967295,0,0
oInvCollPH,4240,240,0009D503,0,1,1,4294967295,0,0
oInvCollPH,4240,256,002FC85E,0,1,1,4294967295,0,0
oInvCollPH,4240,272,000765F6,0,1,1,4294967295,0,0
oInvCollPH,3936,272,003F50D6,0,1,1,4294967295,0,0
oInvCollPH,3952,272,000D001F,0,1,1,4294967295,0,0
oInvCollPH,3968,272,003C29CB,0,1,1,4294967295,0,0
oInvCollPH,3984,272,0028E20F,0,1,1,4294967295,0,0
oInvCollPH,4000,272,00211843,0,1,1,4294967295,0,0
oInvCollPH,4016,272,000A0F48,0,1,1,4294967295,0,0
oInvCollPH,4016,256,002837B9,0,1,1,4294967295,0,0
oInvCollPH,4000,256,00296F77,0,1,1,4294967295,0,0
oInvCollPH,3936,192,000CA90C,0,1,1,4294967295,0,0
oInvCollPH,3952,192,003D8497,0,1,1,4294967295,0,0
oInvCollPH,3968,192,00235C24,0,1,1,4294967295,0,0
oInvCollPH,3984,192,002F2E3C,0,1,1,4294967295,0,0
oInvCollPH,3984,208,00117C16,0,1,1,4294967295,0,0
oInvCollPH,3984,224,003BFA76,0,1,1,4294967295,0,0
oInvCollPH,3984,240,002F2FC0,0,1,1,4294967295,0,0
oInvCollPH,3920,240,002B2C48,0,1,1,4294967295,0,0
oInvCollPH,3904,240,0022F847,0,1,1,4294967295,0,0
oInvCollPH,3888,240,002C30DA,0,1,1,4294967295,0,0
oInvCollPH,3872,240,003AE928,0,1,1,4294967295,0,0
oInvCollPH,3872,224,0019E726,0,1,1,4294967295,0,0
oInvCollPH,3872,112,00198AC6,0,1,1,4294967295,0,0
oInvCollPH,3872,128,002C25AD,0,1,1,4294967295,0,0
oInvCollPH,3872,144,0020E5FF,0,1,1,4294967295,0,0
oInvCollPH,3920,96,002EC041,0,1,1,4294967295,0,0
oInvCollPH,3920,112,00210F79,0,1,1,4294967295,0,0
oInvCollPH,3920,128,00223766,0,1,1,4294967295,0,0
oInvCollPH,3920,144,003DF28B,0,1,1,4294967295,0,0
oInvCollPH,3728,160,002DD8DA,0,1,1,4294967295,0,0
oInvCollPH,3744,160,000651FD,0,1,1,4294967295,0,0
oInvCollPH,3760,160,0035C05B,0,1,1,4294967295,0,0
oInvCollPH,3776,160,003DF9DD,0,1,1,4294967295,0,0
oInvCollPH,3792,160,003BA1CA,0,1,1,4294967295,0,0
oInvCollPH,3712,176,001157A4,0,1,1,4294967295,0,0
oInvCollPH,3712,192,00186E30,0,1,1,4294967295,0,0
oInvCollPH,3712,208,000460F7,0,1,1,4294967295,0,0
oInvCollPH,3728,208,000876C1,0,1,1,4294967295,0,0
oInvCollPH,3744,208,00210E1A,0,1,1,4294967295,0,0
oInvCollPH,3760,208,002FCAED,0,1,1,4294967295,0,0
oInvCollPH,3776,208,002BFC7A,0,1,1,4294967295,0,0
oInvCollPH,3792,208,002B23BE,0,1,1,4294967295,0,0
oInvCollPH,3808,208,0034F3EF,0,1,1,4294967295,0,0
oInvCollPH,3824,208,003F8BAB,0,1,1,4294967295,0,0
oInvCollPH,3840,208,001EFAEE,0,1,1,4294967295,0,0
oInvCollPH,3856,208,003A7F25,0,1,1,4294967295,0,0
oInvCollPH,3808,160,0027D7BC,0,1,1,4294967295,0,0
oInvCollPH,3824,160,00006774,0,1,1,4294967295,0,0
oInvCollPH,3840,160,003F5557,0,1,1,4294967295,0,0
oInvCollPH,3856,160,00112D3D,0,1,1,4294967295,0,0
oInvCollPH,3712,16,00246BE1,0,1,1,4294967295,0,0
oInvCollPH,3712,32,0030ACF2,0,1,1,4294967295,0,0
oInvCollPH,3712,48,002A262F,0,1,1,4294967295,0,0
oInvCollPH,3712,64,0020AFCF,0,1,1,4294967295,0,0
oInvCollPH,3712,80,003FF38E,0,1,1,4294967295,0,0
oInvCollPH,3728,80,00393059,0,1,1,4294967295,0,0
oInvCollPH,3744,80,002BDADC,0,1,1,4294967295,0,0
oInvCollPH,3760,80,0020B3DE,0,1,1,4294967295,0,0
oInvCollPH,3776,80,002437B2,0,1,1,4294967295,0,0
oInvCollPH,3792,80,002E0D95,0,1,1,4294967295,0,0
oInvCollPH,3808,80,001E6FA4,0,1,1,4294967295,0,0
oInvCollPH,3824,80,001C32FF,0,1,1,4294967295,0,0
oInvCollPH,3840,80,0021100C,0,1,1,4294967295,0,0
oInvCollPH,3856,80,0009032A,0,1,1,4294967295,0,0
oInvCollPH,3920,80,00306FEA,0,1,1,4294967295,0,0
oInvCollPH,3920,64,002E6CFD,0,1,1,4294967295,0,0
oInvCollPH,3920,48,002F3783,0,1,1,4294967295,0,0
oInvCollPH,3920,32,000BB55D,0,1,1,4294967295,0,0
oInvCollPH,3920,16,0014082E,0,1,1,4294967295,0,0
oInvCollPH,3920,0,001E5EB9,0,1,1,4294967295,0,0
oInvCollPH,3920,160,0017FB69,0,1,1,4294967295,0,0
oInvCollPH,3920,176,001079CB,0,1,1,4294967295,0,0
oInvCollPH,5424,320,001405F7,0,1,1,4294967295,0,0
oInvCollPH,5440,320,002EA100,0,1,1,4294967295,0,0
oInvCollPH,5456,320,001CC95A,0,1,1,4294967295,0,0
oInvCollPH,1328,192,0019159C,0,1,1,4294967295,0,0
oInvCollPH,1328,176,001556FF,0,1,1,4294967295,0,0
oInvCollPH,1328,160,001548FA,0,1,1,4294967295,0,0
oInvCollPH,1328,144,002F7379,0,1,1,4294967295,0,0
oInvCollPH,1328,128,00385384,0,1,1,4294967295,0,0
oInvCollPH,1328,112,0024117C,0,1,1,4294967295,0,0
oInvCollPH,1328,96,00274D0D,0,1,1,4294967295,0,0
oInvCollPH,1328,80,0020D777,0,1,1,4294967295,0,0
oInvCollPH,1328,64,0005A639,0,1,1,4294967295,0,0
oInvCollPH,1328,48,003468D0,0,1,1,4294967295,0,0
oInvCollPH,1328,32,000935F1,0,1,1,4294967295,0,0
oInvCollPH,1328,16,00384A75,0,1,1,4294967295,0,0
oInvCollPH,1328,0,001CA31D,0,1,1,4294967295,0,0
oInvCollPH,5072,224,0013A7CA,0,1,1,4294967295,0,0
oInvCollPH,5024,288,0011E14B,0,1,1,4294967295,0,0
oInvCollPH,5024,304,00348F95,0,1,1,4294967295,0,0
oInvCollPH,4992,352,00313CCE,0,1,1,4294967295,0,0
oInvCollPH,5008,352,0014CC21,0,1,1,4294967295,0,0
oInvCollPH,5024,352,00106A6D,0,1,1,4294967295,0,0
oInvCollPH,5040,304,000D1278,0,1,1,4294967295,0,0
oInvCollPH,5040,352,001EE081,0,1,1,4294967295,0,0
oInvCollPH,5056,336,00111499,0,1,1,4294967295,0,0
oInvisibleSolid,0,288,00014B4E,0,1,1,4294967295,0,1
oInvisibleSolid,448,288,0013BFFF,0,1,1,4294967295,0,1
oInvisibleSolid,320,288,001D2FD0,0,1,1,4294967295,0,1
oInvisibleSolid,704,192,002B55D5,0,1,1,4294967295,0,1
oInvisibleSolid,704,0,0006BB0F,0,1,1,4294967295,0,1
oInvisibleSolid,800,0,002A2709,0,1,1,4294967295,0,1
oInvisibleSolid,992,0,001955DA,0,1,1,4294967295,0,1
oInvisibleSolid,1056,192,000D6C5F,0,1,1,4294967295,0,1
oInvisibleSolid,1152,160,000BBD4E,0,1,1,4294967295,0,1
oInvisibleSolid,960,256,000F2213,0,1,1,4294967295,0,1
oInvisibleSolid,832,320,0004FE52,0,1,1,4294967295,0,1
oInvisibleSolid,1088,352,0009F70D,0,1,1,4294967295,0,1
oInvisibleSolid,1184,320,001747E6,0,1,1,4294967295,0,1
oInvisibleSolid,1248,288,0039779B,0,1,1,4294967295,0,1
oInvisibleSolid,1248,64,003879DD,0,1,1,4294967295,0,1
oInvisibleSolid,1280,128,0030C563,0,1,1,4294967295,0,1
oInvisibleSolid,2016,160,00185334,0,1,1,4294967295,0,1
oInvisibleSolid,2016,224,003F66B6,0,1,1,4294967295,0,1
oInvisibleSolid,1440,288,00398060,0,1,1,4294967295,0,1
oInvisibleSolid,1568,304,0028EE1A,0,1,1,4294967295,0,1
oInvisibleSolid,1760,288,00395058,0,1,1,4294967295,0,1
oInvisibleSolid,1824,352,00352A47,0,1,1,4294967295,0,1
oInvisibleSolid,1888,224,00315C60,0,1,1,4294967295,0,1
oInvisibleSolid,2240,224,00356843,0,1,1,4294967295,0,1
oInvisibleSolid,2464,224,0019785D,0,1,1,4294967295,0,1
oInvisibleSolid,2336,288,000080B0,0,1,1,4294967295,0,1
oInvisibleSolid,2528,320,0039A0B8,0,1,1,4294967295,0,1
oInvisibleSolid,2560,160,00121398,0,1,1,4294967295,0,1
oInvisibleSolid,4960,224,0006482C,0,1,1,4294967295,0,1
oInvisibleSolid,5152,192,00354B58,0,1,1,4294967295,0,1
oInvisibleSolid,5056,320,0039CC7C,0,1,1,4294967295,0,1
oInvisibleSolid,4096,320,001A762D,0,1,1,4294967295,0,1
oInvisibleSolid,4192,288,002110FD,0,1,1,4294967295,0,1
oInvisibleSolid,4192,224,002863AA,0,1,1,4294967295,0,1
oInvisibleSolid,3936,256,003C910F,0,1,1,4294967295,0,1
oInvisibleSolid,3872,192,000CDE11,0,1,1,4294967295,0,1
oInvisibleSolid,3712,160,00011EAA,0,1,1,4294967295,0,1
oInvisibleSolid,3872,96,001AD148,0,1,1,4294967295,0,1
oInvisibleSolid,3712,0,00277876,0,1,1,4294967295,0,1
oInvisibleSolid,3488,192,003F8D19,0,1,1,4294967295,0,1
oInvisibleSolid,3392,128,00044E10,0,1,1,4294967295,0,1
oInvisibleSolid,3392,0,0000071C,0,1,1,4294967295,0,1
oInvisibleSolid,3392,288,000D4838,0,1,1,4294967295,0,1
oInvisibleSolid,3040,160,001522B6,0,1,1,4294967295,0,1
oInvisibleSolid,2720,224,00287381,0,1,1,4294967295,0,1
oInvisibleSolid,2784,288,00402705,0,1,1,4294967295,0,1
oInvisibleSolid,4288,320,002109E5,0,1,1,4294967295,0,1
oInvisibleSolid,5408,320,001A6B31,0,1,1,4294967295,0,1
oInvisibleSolid,5024,224,0020B195,0,1,1,4294967295,0,1
