oExit,0,208,0034F9B3,0,1,1,4294967295,0,1
oExit,1904,208,003FA092,0,1,1,4294967295,0,1
oMisc,768,288,000020C8,0,1,1,4294967295,0,1
oPlayer1,48,240,00130C65,0,1,1,4294967295,0,0
oInvCollPH,16,240,00284F48,0,1,1,4294967295,0,0
oInvCollPH,32,240,003BB92E,0,1,1,4294967295,0,0
oInvCollPH,48,240,0015A5DC,0,1,1,4294967295,0,0
oInvCollPH,16,160,0037922E,0,1,1,4294967295,0,0
oInvCollPH,32,144,002C4D93,0,1,1,4294967295,0,0
oInvCollPH,48,128,0008F096,0,1,1,4294967295,0,0
oInvCollPH,64,112,00066336,0,1,1,4294967295,0,0
oInvCollPH,80,96,000698E7,0,1,1,4294967295,0,0
oInvCollPH,96,80,00274F3F,0,1,1,4294967295,0,0
oInvCollPH,112,80,00127626,0,1,1,4294967295,0,0
oInvCollPH,128,80,003AA5DF,0,1,1,4294967295,0,0
oInvCollPH,144,80,001EB60E,0,1,1,4294967295,0,0
oInvCollPH,160,80,00321054,0,1,1,4294967295,0,0
oInvCollPH,176,80,0012809D,0,1,1,4294967295,0,0
oInvCollPH,192,80,00112098,0,1,1,4294967295,0,0
oInvCollPH,208,80,002A086E,0,1,1,4294967295,0,0
oInvCollPH,224,80,003CC412,0,1,1,4294967295,0,0
oInvCollPH,240,80,003595FF,0,1,1,4294967295,0,0
oInvCollPH,256,80,0011EBAC,0,1,1,4294967295,0,0
oInvCollPH,272,80,0033A8DE,0,1,1,4294967295,0,0
oInvCollPH,288,80,001A2BAF,0,1,1,4294967295,0,0
oInvCollPH,304,80,0014A4B1,0,1,1,4294967295,0,0
oInvCollPH,320,80,0028899B,0,1,1,4294967295,0,0
oInvCollPH,336,80,001A1572,0,1,1,4294967295,0,0
oInvCollPH,352,80,0014BADC,0,1,1,4294967295,0,0
oInvCollPH,368,80,00382D35,0,1,1,4294967295,0,0
oInvCollPH,608,112,00226893,0,1,1,4294967295,0,0
oInvCollPH,624,112,003C2F49,0,1,1,4294967295,0,0
oInvCollPH,640,112,00220EBE,0,1,1,4294967295,0,0
oInvCollPH,576,96,0011D578,0,1,1,4294967295,0,0
oInvCollPH,656,96,00168C10,0,1,1,4294967295,0,0
oInvCollPH,672,96,0034E2C7,0,1,1,4294967295,0,0
oInvCollPH,480,80,0006B2A1,0,1,1,4294967295,0,0
oInvCollPH,496,80,00160F5D,0,1,1,4294967295,0,0
oInvCollPH,512,80,00043F6C,0,1,1,4294967295,0,0
oInvCollPH,528,80,001AD1DA,0,1,1,4294967295,0,0
oInvCollPH,544,80,0025FCBA,0,1,1,4294967295,0,0
oInvCollPH,688,80,001E6113,0,1,1,4294967295,0,0
oInvCollPH,704,80,0034251C,0,1,1,4294967295,0,0
oInvCollPH,720,80,002F286F,0,1,1,4294967295,0,0
oInvCollPH,736,80,002877BA,0,1,1,4294967295,0,0
oInvCollPH,752,80,0014E4CB,0,1,1,4294967295,0,0
oInvCollPH,768,80,003EAA31,0,1,1,4294967295,0,0
oInvCollPH,784,80,0021E5B4,0,1,1,4294967295,0,0
oInvCollPH,800,80,00043229,0,1,1,4294967295,0,0
oInvCollPH,816,80,002D5BB9,0,1,1,4294967295,0,0
oInvCollPH,976,80,0039DA59,0,1,1,4294967295,0,0
oInvCollPH,992,80,0033EDE3,0,1,1,4294967295,0,0
oInvCollPH,1008,80,000C3090,0,1,1,4294967295,0,0
oInvCollPH,1024,80,00264F22,0,1,1,4294967295,0,0
oInvCollPH,1216,112,0025EA42,0,1,1,4294967295,0,0
oInvCollPH,1232,112,003FEAE5,0,1,1,4294967295,0,0
oInvCollPH,1184,96,00244352,0,1,1,4294967295,0,0
oInvCollPH,1248,96,00106EF4,0,1,1,4294967295,0,0
oInvCollPH,1264,96,002D9F4E,0,1,1,4294967295,0,0
oInvCollPH,1120,80,00085BFE,0,1,1,4294967295,0,0
oInvCollPH,1136,80,00044EF6,0,1,1,4294967295,0,0
oInvCollPH,1152,80,002738B0,0,1,1,4294967295,0,0
oInvCollPH,1280,80,0011751B,0,1,1,4294967295,0,0
oInvCollPH,1296,80,00355A46,0,1,1,4294967295,0,0
oInvCollPH,1312,80,002FB61F,0,1,1,4294967295,0,0
oInvCollPH,1872,160,001E53B8,0,1,1,4294967295,0,0
oInvCollPH,1888,160,00032DCA,0,1,1,4294967295,0,0
oInvCollPH,1904,160,0011DD07,0,1,1,4294967295,0,0
oInvCollPH,1824,128,0034FC27,0,1,1,4294967295,0,0
oInvCollPH,1840,128,001619B7,0,1,1,4294967295,0,0
oInvCollPH,1792,112,003DF349,0,1,1,4294967295,0,0
oInvCollPH,1760,96,00366210,0,1,1,4294967295,0,0
oInvCollPH,1632,96,0031E0F6,0,1,1,4294967295,0,0
oInvCollPH,1648,96,00131563,0,1,1,4294967295,0,0
oInvCollPH,1664,96,0039E654,0,1,1,4294967295,0,0
oInvCollPH,1680,96,00187447,0,1,1,4294967295,0,0
oInvCollPH,1520,96,001E4D87,0,1,1,4294967295,0,0
oInvCollPH,1536,96,002A8BF2,0,1,1,4294967295,0,0
oInvCollPH,1392,96,0008B374,0,1,1,4294967295,0,0
oInvCollPH,1408,96,0034692C,0,1,1,4294967295,0,0
oInvCollPH,1424,96,0005CAC3,0,1,1,4294967295,0,0
oInvCollPH,1440,80,0026077F,0,1,1,4294967295,0,0
oInvCollPH,1456,80,001B5BE8,0,1,1,4294967295,0,0
oInvCollPH,1472,80,003AEA9F,0,1,1,4294967295,0,0
oInvCollPH,1488,80,002B085E,0,1,1,4294967295,0,0
oInvCollPH,1552,80,00295519,0,1,1,4294967295,0,0
oInvCollPH,1568,80,0019771F,0,1,1,4294967295,0,0
oInvCollPH,1584,80,0002890A,0,1,1,4294967295,0,0
oInvCollPH,1600,80,00095AA9,0,1,1,4294967295,0,0
oInvCollPH,1696,80,0038E888,0,1,1,4294967295,0,0
oInvCollPH,1712,80,002C1C34,0,1,1,4294967295,0,0
oInvCollPH,1728,80,002E998D,0,1,1,4294967295,0,0
oInvCollPH,384,64,003DE7B9,0,1,1,4294967295,0,0
oInvCollPH,400,64,003FC886,0,1,1,4294967295,0,0
oInvCollPH,416,64,002AB07A,0,1,1,4294967295,0,0
oInvCollPH,432,64,00243872,0,1,1,4294967295,0,0
oInvCollPH,448,64,00248198,0,1,1,4294967295,0,0
oInvCollPH,832,64,001A873F,0,1,1,4294967295,0,0
oInvCollPH,848,64,001B16ED,0,1,1,4294967295,0,0
oInvCollPH,864,64,00404764,0,1,1,4294967295,0,0
oInvCollPH,880,64,0037EFA5,0,1,1,4294967295,0,0
oInvCollPH,896,64,003824BE,0,1,1,4294967295,0,0
oInvCollPH,912,64,000E73E6,0,1,1,4294967295,0,0
oInvCollPH,928,64,00120AD2,0,1,1,4294967295,0,0
oInvCollPH,944,64,001AB05D,0,1,1,4294967295,0,0
oInvCollPH,1056,64,001B22DC,0,1,1,4294967295,0,0
oInvCollPH,1072,64,002AF301,0,1,1,4294967295,0,0
oInvCollPH,1088,64,0039E6D3,0,1,1,4294967295,0,0
oInvCollPH,1040,64,0003D339,0,1,1,4294967295,0,0
oInvCollPH,1328,64,003FF2C1,0,1,1,4294967295,0,0
oInvCollPH,1344,64,001CB28D,0,1,1,4294967295,0,0
oInvCollPH,1872,240,000A7147,0,1,1,4294967295,0,0
oInvCollPH,1888,240,000CC4F8,0,1,1,4294967295,0,0
oInvCollPH,1904,240,002FADC2,0,1,1,4294967295,0,0
oInvCollPH,224,176,003B6604,0,1,1,4294967295,0,0
oInvCollPH,240,176,002D2B90,0,1,1,4294967295,0,0
oInvCollPH,256,176,00363813,0,1,1,4294967295,0,0
oInvCollPH,272,176,00265B50,0,1,1,4294967295,0,0
oInvCollPH,288,176,003B0B1D,0,1,1,4294967295,0,0
oInvCollPH,304,176,0006707F,0,1,1,4294967295,0,0
oInvCollPH,320,176,0005EA35,0,1,1,4294967295,0,0
oInvCollPH,336,176,0034F86D,0,1,1,4294967295,0,0
oInvCollPH,64,240,0017EBFE,0,1,1,4294967295,0,0
oInvCollPH,80,240,003B2B79,0,1,1,4294967295,0,0
oInvCollPH,96,240,003304F6,0,1,1,4294967295,0,0
oInvCollPH,112,240,0021E371,0,1,1,4294967295,0,0
oInvCollPH,128,240,00358CBF,0,1,1,4294967295,0,0
oInvCollPH,416,240,00340940,0,1,1,4294967295,0,0
oInvCollPH,432,240,001D1D10,0,1,1,4294967295,0,0
oInvCollPH,448,240,0016BCF7,0,1,1,4294967295,0,0
oInvCollPH,464,240,003B0120,0,1,1,4294967295,0,0
oInvCollPH,608,304,001FBC81,0,1,1,4294967295,0,0
oInvCollPH,624,304,002AFA17,0,1,1,4294967295,0,0
oInvCollPH,640,304,0038A325,0,1,1,4294967295,0,0
oInvCollPH,656,304,000B6CAB,0,1,1,4294967295,0,0
oInvCollPH,672,304,00333EF6,0,1,1,4294967295,0,0
oInvCollPH,688,304,002A391C,0,1,1,4294967295,0,0
oInvCollPH,704,304,001AD2FE,0,1,1,4294967295,0,0
oInvCollPH,720,304,0002812E,0,1,1,4294967295,0,0
oInvCollPH,736,304,00023D88,0,1,1,4294967295,0,0
oInvCollPH,752,304,000CEC2D,0,1,1,4294967295,0,0
oInvCollPH,768,304,002FAE3C,0,1,1,4294967295,0,0
oInvCollPH,784,304,0019188C,0,1,1,4294967295,0,0
oInvCollPH,800,304,000FAAB4,0,1,1,4294967295,0,0
oInvCollPH,1136,240,000F255E,0,1,1,4294967295,0,0
oInvCollPH,1152,240,001CBC27,0,1,1,4294967295,0,0
oInvCollPH,1168,240,0008FD3F,0,1,1,4294967295,0,0
oInvCollPH,1216,256,003AC132,0,1,1,4294967295,0,0
oInvCollPH,1232,256,000F7F7F,0,1,1,4294967295,0,0
oInvCollPH,1312,288,003C0F7F,0,1,1,4294967295,0,0
oInvCollPH,1328,288,00353F51,0,1,1,4294967295,0,0
oInvCollPH,1344,288,00183794,0,1,1,4294967295,0,0
oInvCollPH,1360,288,001D7E6B,0,1,1,4294967295,0,0
oInvCollPH,1376,288,00242B69,0,1,1,4294967295,0,0
oInvCollPH,1392,288,0030ED37,0,1,1,4294967295,0,0
oInvCollPH,1408,288,001D94C1,0,1,1,4294967295,0,0
oInvCollPH,1424,288,0012D68D,0,1,1,4294967295,0,0
oInvCollPH,1440,288,001AB52D,0,1,1,4294967295,0,0
oInvCollPH,1456,288,001ACB48,0,1,1,4294967295,0,0
oInvCollPH,1472,288,000186A6,0,1,1,4294967295,0,0
oInvCollPH,1488,288,00339467,0,1,1,4294967295,0,0
oInvCollPH,1504,288,0014E631,0,1,1,4294967295,0,0
oInvCollPH,1520,288,0004D25B,0,1,1,4294967295,0,0
oInvCollPH,1536,288,0022AA70,0,1,1,4294967295,0,0
oInvCollPH,1552,288,002FE0D4,0,1,1,4294967295,0,0
oInvCollPH,1568,288,003FC928,0,1,1,4294967295,0,0
oInvCollPH,1584,288,0024E195,0,1,1,4294967295,0,0
oInvCollPH,1600,288,002B98BE,0,1,1,4294967295,0,0
oInvCollPH,1616,288,0034C2EC,0,1,1,4294967295,0,0
oInvCollPH,1632,288,000387CE,0,1,1,4294967295,0,0
oInvCollPH,1648,288,000BBBD1,0,1,1,4294967295,0,0
oInvCollPH,1664,288,0027347E,0,1,1,4294967295,0,0
oInvCollPH,1680,288,003DF69A,0,1,1,4294967295,0,0
oInvCollPH,1696,288,001B4034,0,1,1,4294967295,0,0
oInvCollPH,1712,288,001C5E66,0,1,1,4294967295,0,0
oInvCollPH,1728,288,002D9F45,0,1,1,4294967295,0,0
oInvCollPH,1744,288,000B81DC,0,1,1,4294967295,0,0
oInvCollPH,1408,224,0020DF37,0,1,1,4294967295,0,0
oInvCollPH,1424,224,0006955F,0,1,1,4294967295,0,0
oInvCollPH,1440,224,003D0E8F,0,1,1,4294967295,0,0
oInvCollPH,1456,224,00085D65,0,1,1,4294967295,0,0
oInvCollPH,1552,192,001A0E2B,0,1,1,4294967295,0,0
oInvCollPH,1568,192,000990F4,0,1,1,4294967295,0,0
oInvCollPH,1584,192,0004F097,0,1,1,4294967295,0,0
oInvCollPH,1600,192,003F7693,0,1,1,4294967295,0,0
oInvisibleSolid,0,240,00005BCA,0,1,1,4294967295,0,1
oInvisibleSolid,0,0,0037900F,0,1,1,4294967295,0,1
oInvisibleSolid,0,96,0032B3A0,0,1,1,4294967295,0,1
oInvisibleSolid,0,112,003231EF,0,1,1,4294967295,0,1
oInvisibleSolid,0,128,0027142F,0,1,1,4294967295,0,1
oInvisibleSolid,0,144,00027E09,0,1,1,4294967295,0,1
oInvisibleSolid,0,160,002F5070,0,1,1,4294967295,0,1
oInvisibleSolid,384,0,0021366F,0,1,1,4294967295,0,1
oInvisibleSolid,464,80,0002168B,0,1,1,4294967295,0,1
oInvisibleSolid,560,96,0028C2E5,0,1,1,4294967295,0,1
oInvisibleSolid,592,112,00338896,0,1,1,4294967295,0,1
oInvisibleSolid,960,80,003AF717,0,1,1,4294967295,0,1
oInvisibleSolid,1200,112,00178ADA,0,1,1,4294967295,0,1
oInvisibleSolid,1168,96,003FA3AF,0,1,1,4294967295,0,1
oInvisibleSolid,1104,80,003D4AAA,0,1,1,4294967295,0,1
oInvisibleSolid,1376,96,001E4D30,0,1,1,4294967295,0,1
oInvisibleSolid,1360,80,000D00D0,0,1,1,4294967295,0,1
oInvisibleSolid,1504,96,00008CF4,0,1,1,4294967295,0,1
oInvisibleSolid,1616,96,00117B2F,0,1,1,4294967295,0,1
oInvisibleSolid,1744,96,00175C82,0,1,1,4294967295,0,1
oInvisibleSolid,1776,112,0001079F,0,1,1,4294967295,0,1
oInvisibleSolid,1808,128,00078DDB,0,1,1,4294967295,0,1
oInvisibleSolid,1872,144,001875E9,0,1,1,4294967295,0,1
oInvisibleSolid,1856,144,00228315,0,1,1,4294967295,0,0
oInvisibleRupLowSlope,1760,272,00060901,0,1,1,4294967295,0,0
oInvisibleRupLowSlope,1792,256,00367ABE,0,1,1,4294967295,0,0
oInvisibleRupLowSlope,1824,240,000B359F,0,1,1,4294967295,0,0
oInvisibleRupLowSlope,944,224,000A62CF,0,1,1,4294967295,0,0
oInvisibleRupLowSlope,912,240,0014907D,0,1,1,4294967295,0,0
oInvisibleRupLowSlope,880,256,001E82FA,0,1,1,4294967295,0,0
oInvisibleRupLowSlope,848,272,003DE9D3,0,1,1,4294967295,0,0
oInvisibleRupLowSlope,816,288,002ECA57,0,1,1,4294967295,0,0
oInvisibleRupLowSlope,1008,224,0009E34A,0,1,1,4294967295,0,0
oInvisibleRupLowSlope,1072,224,002042B3,0,1,1,4294967295,0,0
oInvisibleLupLowSlope,976,224,0027EB56,0,1,1,4294967295,0,0
oInvisibleLupLowSlope,1040,224,0032FB10,0,1,1,4294967295,0,0
oInvisibleLupLowSlope,1104,224,000C83BF,0,1,1,4294967295,0,0
oInvisibleLupLowSlope,1184,240,001D4985,0,1,1,4294967295,0,0
oInvisibleLupLowSlope,1248,256,0000B2B1,0,1,1,4294967295,0,0
oInvisibleLupLowSlope,1280,272,00233FB3,0,1,1,4294967295,0,0
oInvisibleLupLowSlope,480,240,0028073A,0,1,1,4294967295,0,0
oInvisibleLupLowSlope,512,256,0006B9BB,0,1,1,4294967295,0,0
oInvisibleLupLowSlope,544,272,002A1ED7,0,1,1,4294967295,0,0
oInvisibleLupLowSlope,576,288,001DE450,0,1,1,4294967295,0,0
oInvisibleRupSlope,192,176,00175016,0,1,1,4294967295,0,0
oInvisibleRupSlope,176,192,00190079,0,1,1,4294967295,0,0
oInvisibleRupSlope,160,208,0009C6B6,0,1,1,4294967295,0,0
oInvisibleRupSlope,144,224,00057382,0,1,1,4294967295,0,0
oInvisibleLupSlope,352,176,00181814,0,1,1,4294967295,0,0
oInvisibleLupSlope,368,192,001A9423,0,1,1,4294967295,0,0
oInvisibleLupSlope,384,208,0005329E,0,1,1,4294967295,0,0
oInvisibleLupSlope,400,224,002CB9CF,0,1,1,4294967295,0,0
oInvisibleSolid,208,176,003CF0C8,0,1,1,4294967295,0,1
oInvisibleSolid,192,192,0012406F,0,1,1,4294967295,0,1
oInvisibleSolid,176,208,002173C9,0,1,1,4294967295,0,1
oInvisibleSolid,160,224,002A3BFA,0,1,1,4294967295,0,1
oInvisibleSolid,480,256,000D53C9,0,1,1,4294967295,0,1
oInvisibleSolid,512,272,00019328,0,1,1,4294967295,0,1
oInvisibleSolid,544,288,0015B142,0,1,1,4294967295,0,1
oInvisibleSolid,576,304,003239C1,0,1,1,4294967295,0,1
oInvisibleSolid,1856,240,001756E0,0,1,1,4294967295,0,1
oInvisibleSolid,1824,256,0016C516,0,1,1,4294967295,0,1
oInvisibleSolid,1792,272,002DA0EF,0,1,1,4294967295,0,1
oInvisibleSolid,880,272,000157BB,0,1,1,4294967295,0,1
oInvisibleSolid,848,288,001FC4BA,0,1,1,4294967295,0,1
oInvisibleSolid,912,256,003E2C9D,0,1,1,4294967295,0,1
oInvisibleSolid,944,240,002C9419,0,1,1,4294967295,0,1
oInvisibleSolid,1392,224,0021E5D4,0,1,1,4294967295,0,1
oInvisibleSolid,1536,192,003C9A65,0,1,1,4294967295,0,1
