oWSEs_PlatA,4928,432,00391E2A,0,1,1,4294967295,0,1
oWSEs_PlatA,4352,288,001AAF7E,0,1,1,4294967295,0,1
oWSEs_PlatA,4352,432,0017B442,0,1,1,4294967295,0,1
oWSEs_PlatA,4032,288,00372A90,0,1,1,4294967295,0,1
oWSEs_PlatA,4032,432,00302CB6,0,1,1,4294967295,0,1
oWSEs_PlatA,3008,416,00375BAF,0,1,1,4294967295,0,1
oWSEs_PlatA,3008,272,0008280D,0,1,1,4294967295,0,1
oWSEs_PlatA,2688,272,0018BA85,0,1,1,4294967295,0,1
oWSEs_PlatA,2688,416,002300B4,0,1,1,4294967295,0,1
oWSEs_PlatA,2368,272,00044E05,0,1,1,4294967295,0,1
oWSEs_PlatA,2368,416,001938BA,0,1,1,4294967295,0,1
oWSEs_PlatA,1696,384,00149499,0,1,1,4294967295,0,1
oWSEs_PlatA,1248,384,0018D349,0,1,1,4294967295,0,1
oWSEs_PlatA,608,384,002E1865,0,1,1,4294967295,0,1
oExit,0,208,003D3A48,0,1,1,4294967295,0,1
oPlayer1,5424,288,000B01A7,0,1,1,4294967295,0,0
oInvCollPH,4592,288,001A372C,0,1,1,4294967295,0,0
oInvCollPH,4576,288,000ECB85,0,1,1,4294967295,0,0
oInvCollPH,4560,288,001A4542,0,1,1,4294967295,0,0
oInvCollPH,4544,288,000F4334,0,1,1,4294967295,0,0
oInvCollPH,4944,288,00149FE3,0,1,1,4294967295,0,0
oInvCollPH,4960,288,003F16C0,0,1,1,4294967295,0,0
oInvCollPH,4976,288,001EBA21,0,1,1,4294967295,0,0
oInvCollPH,4992,288,00155A8C,0,1,1,4294967295,0,0
oInvCollPH,5008,288,00150FFA,0,1,1,4294967295,0,0
oInvCollPH,5072,288,0013886A,0,1,1,4294967295,0,0
oInvCollPH,5056,288,0039BCA4,0,1,1,4294967295,0,0
oInvCollPH,5040,288,001216FD,0,1,1,4294967295,0,0
oInvCollPH,5024,288,002EEC56,0,1,1,4294967295,0,0
oInvCollPH,5456,288,002DC6B6,0,1,1,4294967295,0,0
oInvCollPH,5440,288,0006E034,0,1,1,4294967295,0,0
oInvCollPH,5424,288,00219D72,0,1,1,4294967295,0,0
oInvCollPH,5392,288,003EF287,0,1,1,4294967295,0,0
oInvCollPH,5376,288,000EBADE,0,1,1,4294967295,0,0
oInvCollPH,5360,288,00000E6B,0,1,1,4294967295,0,0
oInvCollPH,5344,288,000811AB,0,1,1,4294967295,0,0
oInvCollPH,5328,288,0007189C,0,1,1,4294967295,0,0
oInvCollPH,5312,288,002FA9EE,0,1,1,4294967295,0,0
oInvCollPH,5232,288,001D7EA8,0,1,1,4294967295,0,0
oInvCollPH,5248,288,0015602F,0,1,1,4294967295,0,0
oInvCollPH,5264,288,003A062F,0,1,1,4294967295,0,0
oInvCollPH,5280,288,002CC580,0,1,1,4294967295,0,0
oInvCollPH,5296,288,000E804A,0,1,1,4294967295,0,0
oInvCollPH,5152,288,0022281B,0,1,1,4294967295,0,0
oInvCollPH,5168,288,00004FA2,0,1,1,4294967295,0,0
oInvCollPH,5184,288,0023F0BE,0,1,1,4294967295,0,0
oInvCollPH,5200,288,0035BA7A,0,1,1,4294967295,0,0
oInvCollPH,5216,288,00368FFD,0,1,1,4294967295,0,0
oInvCollPH,5088,288,0034FC9E,0,1,1,4294967295,0,0
oInvCollPH,5104,288,0014DA2A,0,1,1,4294967295,0,0
oInvCollPH,5120,288,00227371,0,1,1,4294967295,0,0
oInvCollPH,5136,288,0018FF82,0,1,1,4294967295,0,0
oInvCollPH,4480,288,0004F25A,0,1,1,4294967295,0,0
oInvCollPH,4496,288,0007D075,0,1,1,4294967295,0,0
oInvCollPH,4512,288,0003768A,0,1,1,4294967295,0,0
oInvCollPH,4528,288,003D1774,0,1,1,4294967295,0,0
oInvCollPH,4448,288,00136206,0,1,1,4294967295,0,0
oInvCollPH,4464,288,0007939C,0,1,1,4294967295,0,0
oInvCollPH,4432,288,00160812,0,1,1,4294967295,0,0
oInvCollPH,4416,288,0028BB8C,0,1,1,4294967295,0,0
oInvCollPH,4400,288,001B361C,0,1,1,4294967295,0,0
oInvCollPH,4384,288,0033E89C,0,1,1,4294967295,0,0
oInvCollPH,4368,288,003DEC5A,0,1,1,4294967295,0,0
oInvCollPH,3536,288,001C5293,0,1,1,4294967295,0,0
oInvCollPH,3552,288,000C5376,0,1,1,4294967295,0,0
oInvCollPH,3568,288,0018EC57,0,1,1,4294967295,0,0
oInvCollPH,3584,288,0039ED40,0,1,1,4294967295,0,0
oInvCollPH,3600,288,001F01FE,0,1,1,4294967295,0,0
oInvCollPH,3696,288,001D4AFD,0,1,1,4294967295,0,0
oInvCollPH,3680,288,003FA2F7,0,1,1,4294967295,0,0
oInvCollPH,3664,288,00273BDE,0,1,1,4294967295,0,0
oInvCollPH,3648,288,0030D9C6,0,1,1,4294967295,0,0
oInvCollPH,3632,288,0020E4F8,0,1,1,4294967295,0,0
oInvCollPH,3616,288,001760A2,0,1,1,4294967295,0,0
oInvCollPH,3520,288,002DB797,0,1,1,4294967295,0,0
oInvCollPH,3504,288,00100A04,0,1,1,4294967295,0,0
oInvCollPH,3488,288,00002065,0,1,1,4294967295,0,0
oInvCollPH,3472,288,002718FD,0,1,1,4294967295,0,0
oInvCollPH,3456,288,0033D374,0,1,1,4294967295,0,0
oInvCollPH,3440,288,00275BE2,0,1,1,4294967295,0,0
oInvCollPH,3424,288,0038F018,0,1,1,4294967295,0,0
oInvCollPH,3408,288,002272BF,0,1,1,4294967295,0,0
oInvCollPH,3392,288,00325EB6,0,1,1,4294967295,0,0
oInvCollPH,3376,288,000B27B3,0,1,1,4294967295,0,0
oInvCollPH,3360,288,00306B0E,0,1,1,4294967295,0,0
oInvCollPH,3344,288,001F92CE,0,1,1,4294967295,0,0
oInvCollPH,3328,288,0040333D,0,1,1,4294967295,0,0
oInvCollPH,3312,288,001C200F,0,1,1,4294967295,0,0
oInvCollPH,3248,288,001C99F2,0,1,1,4294967295,0,0
oInvCollPH,3264,288,001615DA,0,1,1,4294967295,0,0
oInvCollPH,3280,288,0017815B,0,1,1,4294967295,0,0
oInvCollPH,3296,288,001E9119,0,1,1,4294967295,0,0
oInvCollPH,3024,272,0002ECDC,0,1,1,4294967295,0,0
oInvCollPH,3040,272,00179D39,0,1,1,4294967295,0,0
oInvCollPH,3056,272,001B89CE,0,1,1,4294967295,0,0
oInvCollPH,3072,272,002D2B2D,0,1,1,4294967295,0,0
oInvCollPH,3088,272,002E4C71,0,1,1,4294967295,0,0
oInvCollPH,3104,272,0012EB39,0,1,1,4294967295,0,0
oInvCollPH,3120,272,0007C7CD,0,1,1,4294967295,0,0
oInvCollPH,3136,272,003AD1DD,0,1,1,4294967295,0,0
oInvCollPH,3152,272,003539F6,0,1,1,4294967295,0,0
oInvCollPH,1776,240,00241DCB,0,1,1,4294967295,0,0
oInvCollPH,1792,240,00266300,0,1,1,4294967295,0,0
oInvCollPH,1808,240,00329721,0,1,1,4294967295,0,0
oInvCollPH,1824,240,00153760,0,1,1,4294967295,0,0
oInvCollPH,1840,240,00306182,0,1,1,4294967295,0,0
oInvCollPH,1856,240,000380A4,0,1,1,4294967295,0,0
oInvCollPH,1872,240,000105CF,0,1,1,4294967295,0,0
oInvCollPH,1888,240,00383924,0,1,1,4294967295,0,0
oInvCollPH,1904,240,00285ECD,0,1,1,4294967295,0,0
oInvCollPH,1920,240,003D1309,0,1,1,4294967295,0,0
oInvCollPH,1936,240,00380D5A,0,1,1,4294967295,0,0
oInvCollPH,1760,240,003E0EAC,0,1,1,4294967295,0,0
oInvCollPH,1744,240,002F6EA9,0,1,1,4294967295,0,0
oInvCollPH,1728,240,003390A4,0,1,1,4294967295,0,0
oInvCollPH,1712,240,0030BFC1,0,1,1,4294967295,0,0
oInvCollPH,912,240,0005BC06,0,1,1,4294967295,0,0
oInvCollPH,896,240,0028186A,0,1,1,4294967295,0,0
oInvCollPH,880,240,0026D5AE,0,1,1,4294967295,0,0
oInvCollPH,864,240,0034D436,0,1,1,4294967295,0,0
oInvCollPH,848,240,002850CD,0,1,1,4294967295,0,0
oInvCollPH,832,240,001FDEBA,0,1,1,4294967295,0,0
oInvCollPH,1360,240,003AB8D8,0,1,1,4294967295,0,0
oInvCollPH,1344,240,001634D2,0,1,1,4294967295,0,0
oInvCollPH,1328,240,002234F2,0,1,1,4294967295,0,0
oInvCollPH,1312,240,001A05B9,0,1,1,4294967295,0,0
oInvCollPH,1296,240,002F2FCB,0,1,1,4294967295,0,0
oInvCollPH,1280,240,0033FA46,0,1,1,4294967295,0,0
oInvCollPH,1264,240,00247291,0,1,1,4294967295,0,0
oInvCollPH,816,240,00158E33,0,1,1,4294967295,0,0
oInvCollPH,800,240,0024FCEF,0,1,1,4294967295,0,0
oInvCollPH,784,240,0014D020,0,1,1,4294967295,0,0
oInvCollPH,768,240,0030B575,0,1,1,4294967295,0,0
oInvCollPH,752,240,0019BB41,0,1,1,4294967295,0,0
oInvCollPH,688,240,001265DC,0,1,1,4294967295,0,0
oInvCollPH,704,240,00389EB2,0,1,1,4294967295,0,0
oInvCollPH,720,240,003B6E63,0,1,1,4294967295,0,0
oInvCollPH,736,240,003E902D,0,1,1,4294967295,0,0
oInvCollPH,624,240,003CCFB5,0,1,1,4294967295,0,0
oInvCollPH,640,240,002422DA,0,1,1,4294967295,0,0
oInvCollPH,656,240,003E43C9,0,1,1,4294967295,0,0
oInvCollPH,672,240,0000AE2D,0,1,1,4294967295,0,0
oInvCollPH,272,240,00326DEA,0,1,1,4294967295,0,0
oInvCollPH,256,240,002CB54B,0,1,1,4294967295,0,0
oInvCollPH,240,240,00094080,0,1,1,4294967295,0,0
oInvCollPH,224,240,003EF97A,0,1,1,4294967295,0,0
oInvCollPH,208,240,00191BF9,0,1,1,4294967295,0,0
oInvCollPH,64,240,0010FF99,0,1,1,4294967295,0,0
oInvCollPH,48,240,001174B8,0,1,1,4294967295,0,0
oInvCollPH,32,240,001D776D,0,1,1,4294967295,0,0
oInvCollPH,16,240,000D2B2C,0,1,1,4294967295,0,0
oInvCollPH,128,240,003FD56D,0,1,1,4294967295,0,0
oInvCollPH,144,240,0014101C,0,1,1,4294967295,0,0
oInvCollPH,80,240,0033EFB6,0,1,1,4294967295,0,0
oInvCollPH,96,240,002F3018,0,1,1,4294967295,0,0
oInvCollPH,112,240,002FA265,0,1,1,4294967295,0,0
oInvCollPH,192,240,00342645,0,1,1,4294967295,0,0
oInvCollPH,176,240,003FDEB6,0,1,1,4294967295,0,0
oInvCollPH,160,240,0025339E,0,1,1,4294967295,0,0
oInvCollPH,608,96,00368161,0,1,1,4294967295,0,0
oInvCollPH,608,112,00199F60,0,1,1,4294967295,0,0
oInvCollPH,608,128,00074F7F,0,1,1,4294967295,0,0
oInvCollPH,608,144,003C9914,0,1,1,4294967295,0,0
oInvCollPH,608,160,003530CA,0,1,1,4294967295,0,0
oInvCollPH,608,176,00244FDC,0,1,1,4294967295,0,0
oInvCollPH,608,192,00092938,0,1,1,4294967295,0,0
oInvCollPH,608,208,001638DF,0,1,1,4294967295,0,0
oInvCollPH,608,224,002023C1,0,1,1,4294967295,0,0
oInvCollPH,624,80,000066C0,0,1,1,4294967295,0,0
oInvCollPH,640,80,00083710,0,1,1,4294967295,0,0
oInvCollPH,656,80,0003939C,0,1,1,4294967295,0,0
oInvCollPH,656,96,00273A82,0,1,1,4294967295,0,0
oInvCollPH,656,112,00063623,0,1,1,4294967295,0,0
oInvCollPH,656,128,00018EF8,0,1,1,4294967295,0,0
oInvCollPH,656,144,0002A522,0,1,1,4294967295,0,0
oInvCollPH,656,160,00316042,0,1,1,4294967295,0,0
oInvCollPH,656,176,002702EC,0,1,1,4294967295,0,0
oInvCollPH,656,192,0001BC70,0,1,1,4294967295,0,0
oInvCollPH,688,208,002310D4,0,1,1,4294967295,0,0
oInvCollPH,704,208,003A79F4,0,1,1,4294967295,0,0
oInvCollPH,720,208,000FF842,0,1,1,4294967295,0,0
oInvCollPH,720,224,000501B9,0,1,1,4294967295,0,0
oInvCollPH,864,128,0039321C,0,1,1,4294967295,0,0
oInvCollPH,880,128,0039E31A,0,1,1,4294967295,0,0
oInvCollPH,896,128,00154517,0,1,1,4294967295,0,0
oInvCollPH,912,128,00188B83,0,1,1,4294967295,0,0
oInvCollPH,912,112,0017BBC0,0,1,1,4294967295,0,0
oInvCollPH,896,112,0019D858,0,1,1,4294967295,0,0
oInvCollPH,880,112,001D9A3F,0,1,1,4294967295,0,0
oInvCollPH,5408,304,00230D79,0,1,1,4294967295,0,0
oInvCollPH,5392,320,0032BFB7,0,1,1,4294967295,0,0
oInvCollPH,5408,336,0029C858,0,1,1,4294967295,0,0
oInvCollPH,5424,336,0005EC31,0,1,1,4294967295,0,0
oInvCollPH,5376,352,003DA313,0,1,1,4294967295,0,0
oInvCollPH,5376,368,00277DC8,0,1,1,4294967295,0,0
oInvCollPH,5376,384,003D81BF,0,1,1,4294967295,0,0
oInvCollPH,5360,384,0021D3D4,0,1,1,4294967295,0,0
oInvCollPH,5296,80,002456DC,0,1,1,4294967295,0,0
oInvCollPH,5296,96,0020B14F,0,1,1,4294967295,0,0
oInvCollPH,5296,112,0009B712,0,1,1,4294967295,0,0
oInvCollPH,5296,128,000B7C11,0,1,1,4294967295,0,0
oInvCollPH,5328,64,0023F8E6,0,1,1,4294967295,0,0
oInvCollPH,5328,80,0031F025,0,1,1,4294967295,0,0
oInvCollPH,5328,96,001A3E9E,0,1,1,4294967295,0,0
oInvCollPH,5328,112,000DDA99,0,1,1,4294967295,0,0
oInvCollPH,5408,112,003C0EDC,0,1,1,4294967295,0,0
oInvCollPH,5456,128,0001B423,0,1,1,4294967295,0,0
oInvCollPH,5392,176,002A1265,0,1,1,4294967295,0,0
oInvCollPH,5408,192,0010B798,0,1,1,4294967295,0,0
oInvCollPH,5424,192,002C6F83,0,1,1,4294967295,0,0
oInvCollPH,5440,192,00039A93,0,1,1,4294967295,0,0
oInvCollPH,5456,192,002A1DC2,0,1,1,4294967295,0,0
oInvCollPH,5424,96,003B6046,0,1,1,4294967295,0,0
oInvCollPH,5440,96,003E8E17,0,1,1,4294967295,0,0
oInvCollPH,5456,96,0039998C,0,1,1,4294967295,0,0
oInvCollPH,5360,48,0016B456,0,1,1,4294967295,0,0
oInvCollPH,5376,48,00387689,0,1,1,4294967295,0,0
oInvCollPH,5392,48,00057469,0,1,1,4294967295,0,0
oInvCollPH,5440,80,000BE983,0,1,1,4294967295,0,0
oInvCollPH,5408,48,0006B9B9,0,1,1,4294967295,0,0
oInvCollPH,5424,48,001AE4A1,0,1,1,4294967295,0,0
oInvCollPH,5440,48,003F3769,0,1,1,4294967295,0,0
oInvCollPH,4480,224,0005F3F6,0,1,1,4294967295,0,0
oInvCollPH,4512,208,00348723,0,1,1,4294967295,0,0
oInvCollPH,4512,224,0018AE21,0,1,1,4294967295,0,0
oInvCollPH,4496,256,001C25A4,0,1,1,4294967295,0,0
oInvCollPH,4512,256,0023EF83,0,1,1,4294967295,0,0
oInvCollPH,4528,256,001B8AF0,0,1,1,4294967295,0,0
oInvCollPH,4528,240,00180D4C,0,1,1,4294967295,0,0
oInvCollPH,4544,240,003012EF,0,1,1,4294967295,0,0
oInvCollPH,4544,256,0016DAF4,0,1,1,4294967295,0,0
oInvCollPH,3200,256,003A208D,0,1,1,4294967295,0,0
oInvCollPH,3216,256,0021A04C,0,1,1,4294967295,0,0
oInvCollPH,3232,256,003756A2,0,1,1,4294967295,0,0
oInvCollPH,3248,256,0016CED0,0,1,1,4294967295,0,0
oInvCollPH,3072,240,00024770,0,1,1,4294967295,0,0
oInvCollPH,1904,208,000B2716,0,1,1,4294967295,0,0
oInvCollPH,3120,96,000E8766,0,1,1,4294967295,0,0
oInvCollPH,3136,96,001674EA,0,1,1,4294967295,0,0
oInvCollPH,3104,16,00077D35,0,1,1,4294967295,0,0
oInvCollPH,3104,32,000C2B80,0,1,1,4294967295,0,0
oInvCollPH,3104,48,001A798C,0,1,1,4294967295,0,0
oInvCollPH,3104,64,001BC914,0,1,1,4294967295,0,0
oInvCollPH,3104,80,0019B733,0,1,1,4294967295,0,0
oInvCollPH,4528,80,001D43A0,0,1,1,4294967295,0,0
oInvCollPH,4544,80,001FF4A2,0,1,1,4294967295,0,0
oInvCollPH,4544,16,000D7C5E,0,1,1,4294967295,0,0
oInvCollPH,4544,32,003A7FBD,0,1,1,4294967295,0,0
oInvCollPH,4544,48,001CC9FB,0,1,1,4294967295,0,0
oInvCollPH,4544,64,001519DF,0,1,1,4294967295,0,0
oInvCollPH,4688,112,003F2513,0,1,1,4294967295,0,0
oInvCollPH,4704,80,000F5B4B,0,1,1,4294967295,0,0
oInvCollPH,4720,80,0015553A,0,1,1,4294967295,0,0
oInvCollPH,4736,80,001FB5B1,0,1,1,4294967295,0,0
oInvCollPH,4752,80,0010D83C,0,1,1,4294967295,0,0
oInvCollPH,4768,80,0023D66B,0,1,1,4294967295,0,0
oInvCollPH,4784,80,00310504,0,1,1,4294967295,0,0
oInvCollPH,4784,16,000161D7,0,1,1,4294967295,0,0
oInvCollPH,4784,32,002D8D39,0,1,1,4294967295,0,0
oInvCollPH,4784,48,001EF561,0,1,1,4294967295,0,0
oInvCollPH,4784,64,0009E923,0,1,1,4294967295,0,0
oInvCollPH,576,256,001A7D33,0,1,1,4294967295,0,0
oInvCollPH,592,256,002DAD85,0,1,1,4294967295,0,0
oInvCollPH,1888,304,000AA047,0,1,1,4294967295,0,0
oInvCollPH,1888,320,00058013,0,1,1,4294967295,0,0
oInvCollPH,1888,336,00169811,0,1,1,4294967295,0,0
oInvCollPH,1888,352,001A478D,0,1,1,4294967295,0,0
oInvCollPH,1888,368,0027004B,0,1,1,4294967295,0,0
oInvCollPH,1904,288,00313CF0,0,1,1,4294967295,0,0
oInvCollPH,1920,288,002ED2AD,0,1,1,4294967295,0,0
oInvCollPH,1936,288,000D7711,0,1,1,4294967295,0,0
oInvCollPH,1936,304,0019B5D1,0,1,1,4294967295,0,0
oInvCollPH,1936,320,002F0CB9,0,1,1,4294967295,0,0
oInvCollPH,1936,336,0033D1CF,0,1,1,4294967295,0,0
oInvCollPH,1936,352,000555E8,0,1,1,4294967295,0,0
oInvCollPH,1936,368,001AD727,0,1,1,4294967295,0,0
oInvCollPH,1936,384,000CB183,0,1,1,4294967295,0,0
oInvCollPH,1936,400,002A849E,0,1,1,4294967295,0,0
oInvCollPH,1936,416,000C9C48,0,1,1,4294967295,0,0
oInvCollPH,1936,432,000A29A9,0,1,1,4294967295,0,0
oInvCollPH,1936,448,002EE62D,0,1,1,4294967295,0,0
oInvCollPH,1936,464,00100899,0,1,1,4294967295,0,0
oInvCollPH,1888,384,002B52BA,0,1,1,4294967295,0,0
oInvCollPH,1888,400,002FC79F,0,1,1,4294967295,0,0
oInvCollPH,1888,416,000AFD6C,0,1,1,4294967295,0,0
oInvCollPH,1888,432,002D3DCD,0,1,1,4294967295,0,0
oInvCollPH,1888,448,00229902,0,1,1,4294967295,0,0
oInvCollPH,1888,464,003357F2,0,1,1,4294967295,0,0
oInvisibleSolid,4928,288,003F12BD,0,1,1,4294967295,0,1
oInvisibleSolid,4352,288,002F0B65,0,1,1,4294967295,0,1
oInvisibleSolid,3232,288,0007B60D,0,1,1,4294967295,0,1
oInvisibleSolid,3008,272,002D2DC1,0,1,1,4294967295,0,1
oInvisibleSolid,1696,240,001AF59E,0,1,1,4294967295,0,1
oInvisibleSolid,608,240,000DB8AC,0,1,1,4294967295,0,1
oInvisibleSolid,1248,240,001FA249,0,1,1,4294967295,0,1
oInvisibleSolid,0,240,003C5137,0,1,1,4294967295,0,1
oInvisibleSolid,864,112,000F5B8C,0,1,1,4294967295,0,1
oInvisibleSolid,672,208,00175FB2,0,1,1,4294967295,0,1
oInvisibleSolid,608,80,002E4585,0,1,1,4294967295,0,1
oInvisibleSolid,5408,288,00221E97,0,1,1,4294967295,0,1
oInvisibleSolid,5440,352,0034862F,0,1,1,4294967295,0,1
oInvisibleSolid,5376,320,00045D9B,0,1,1,4294967295,0,1
oInvisibleSolid,5376,336,003EA932,0,1,1,4294967295,0,1
oInvisibleSolid,5344,384,0033F2C2,0,1,1,4294967295,0,1
oInvisibleSolid,5312,64,00394B6D,0,1,1,4294967295,0,0
oInvisibleSolid,5296,64,001012B5,0,1,1,4294967295,0,1
oInvisibleSolid,5328,48,00341FC8,0,1,1,4294967295,0,1
oInvisibleSolid,5344,48,003E1C53,0,1,1,4294967295,0,1
oInvisibleSolid,5440,64,0014C698,0,1,1,4294967295,0,1
oInvisibleSolid,5392,112,00187F3D,0,1,1,4294967295,0,1
oInvisibleSolid,5408,96,00097E46,0,1,1,4294967295,0,1
oInvisibleSolid,5440,128,000B3186,0,1,1,4294967295,0,1
oInvisibleSolid,5392,160,002434B5,0,1,1,4294967295,0,1
oInvisibleSolid,5392,192,0030C9E9,0,1,1,4294967295,0,1
oInvisibleSolid,4464,240,000D1BC4,0,1,1,4294967295,0,0
oInvisibleSolid,4544,272,00122AA4,0,1,1,4294967295,0,0
oInvisibleSolid,4496,240,0034AC0E,0,1,1,4294967295,0,1
oInvisibleSolid,4496,208,0021EC3C,0,1,1,4294967295,0,1
oInvisibleSolid,4464,224,000F1A2B,0,1,1,4294967295,0,1
oInvisibleSolid,3184,240,0010CE0C,0,1,1,4294967295,0,0
oInvisibleSolid,3184,256,001A3744,0,1,1,4294967295,0,1
oInvisibleSolid,3248,272,001142F9,0,1,1,4294967295,0,0
oInvisibleSolid,3056,256,0030D30C,0,1,1,4294967295,0,0
oInvisibleSolid,3056,240,0007EBD9,0,1,1,4294967295,0,1
oInvisibleSolid,1888,224,0025DF98,0,1,1,4294967295,0,0
oInvisibleSolid,1888,208,003BD311,0,1,1,4294967295,0,1
oInvisibleSolid,3104,96,00346213,0,1,1,4294967295,0,1
oInvisibleSolid,3104,0,003DD6E2,0,1,1,4294967295,0,1
oInvisibleSolid,4512,80,00329E5F,0,1,1,4294967295,0,1
oInvisibleSolid,4544,0,003AD2FE,0,1,1,4294967295,0,1
oInvisibleSolid,4784,0,00240C3B,0,1,1,4294967295,0,1
oInvisibleSolid,4688,80,00068AF3,0,1,1,4294967295,0,1
oInvisibleSolid,4688,96,00402974,0,1,1,4294967295,0,1
oInvisibleSolid,560,256,0035391E,0,1,1,4294967295,0,1
oInvisibleSolid,560,272,003B3659,0,1,1,4294967295,0,0
oEmSmokeA,3152,104,00185C57,0,1,1,4294967295,0,1
oEmSmokeA,3192,240,000F32FD,0,1,1,4294967295,0,1
oEmSmokeA,4696,128,002A5C70,0,1,1,4294967295,0,1
oEmSmokeA,4472,256,000A86E4,0,1,1,4294967295,0,1
oEmSmokeA,4512,88,001EB5FC,0,1,1,4294967295,0,1
oEmSmokeA,5304,144,0019BD5A,0,1,1,4294967295,0,1
oEmSmokeA,5344,392,000241C0,0,1,1,4294967295,0,1
oEvCh20EscAssist,4448,448,0036FF9A,0,1,1,4294967295,0,1
oEvCh20EscAssist,3392,448,0009524F,0,1,1,4294967295,0,1
oEvCh20EscAssist,1824,448,00224EDC,0,1,1,4294967295,0,1
oEvCh20EscAssist,672,448,001E4801,0,1,1,4294967295,0,1
oEvCh20EscAssist,0,448,0033AB0E,0,1,1,4294967295,0,1
oInvisibleSolid,1888,288,00155868,0,1,1,4294967295,0,1
