oZeldaMapExit,320,480,0017A0BF,0,1,1,4294967295,0,1
oZeldaMapExit,1216,272,00254AAD,0,1,1,4294967295,0,1
oZeldaMapExit,1136,160,001BBC0E,0,1,1,4294967295,0,1
oZeldaMapExit,640,144,0013338C,0,1,1,4294967295,0,1
oZeldaMapExit,1632,384,0011F35B,0,1,1,4294967295,0,1
oZeldaMapExit,1888,384,002721CD,0,1,1,4294967295,0,1
oZeldaMapExit,816,416,002AE017,0,1,1,4294967295,0,1
oZeldaMapExit,1600,64,00296D11,0,1,1,4294967295,0,1
oZeldaMapExit,912,576,0018530E,0,1,1,4294967295,0,1
oZeldaMapExit,64,672,0027154F,0,1,1,4294967295,0,1
oZeldaMapExit,864,1120,001C1C7E,0,1,1,4294967295,0,1
oZeldaMapExit,448,960,0029D517,0,1,1,4294967295,0,1
oZeldaMapExit,112,976,0026DD4A,0,1,1,4294967295,0,1
oZeldaMapExit,1984,944,00347B32,0,1,1,4294967295,0,1
oZeldaMapExit,80,288,0019040E,0,1,1,4294967295,0,1
oZeldaMapExit,880,336,0024AFEC,0,1,1,4294967295,0,1
oZeldaMapExit,1264,640,00047937,0,1,1,4294967295,0,1
oPlayerZeldaIcon,344,488,0031D0BF,0,1,1,4294967295,0,0
oInvCollPH,320,416,003913FA,0,1,1,4294967295,0,0
oInvCollPH,336,416,0012600E,0,1,1,4294967295,0,0
oInvCollPH,368,464,000D103F,0,1,1,4294967295,0,0
oInvCollPH,384,464,001FC138,0,1,1,4294967295,0,0
oInvCollPH,400,464,0002A524,0,1,1,4294967295,0,0
oInvCollPH,368,496,00172CBE,0,1,1,4294967295,0,0
oInvCollPH,384,496,002DD35E,0,1,1,4294967295,0,0
oInvCollPH,400,496,002C39A8,0,1,1,4294967295,0,0
oInvCollPH,400,512,0003C315,0,1,1,4294967295,0,0
oInvCollPH,288,544,00323298,0,1,1,4294967295,0,0
oInvCollPH,304,544,003E153E,0,1,1,4294967295,0,0
oInvCollPH,320,544,0007FDD4,0,1,1,4294967295,0,0
oInvCollPH,288,432,000BD045,0,1,1,4294967295,0,0
oInvCollPH,352,432,00236195,0,1,1,4294967295,0,0
oInvCollPH,368,448,002A00D8,0,1,1,4294967295,0,0
oInvCollPH,384,448,0018A077,0,1,1,4294967295,0,0
oInvCollPH,304,448,002BD2EE,0,1,1,4294967295,0,0
oInvCollPH,320,448,0024360E,0,1,1,4294967295,0,0
oInvCollPH,336,448,00367C2A,0,1,1,4294967295,0,0
oInvCollPH,256,528,0024FB97,0,1,1,4294967295,0,0
oInvCollPH,336,528,002794BA,0,1,1,4294967295,0,0
oInvCollPH,352,528,001B9007,0,1,1,4294967295,0,0
oInvCollPH,368,528,0033EA50,0,1,1,4294967295,0,0
oInvCollPH,384,528,00346C7E,0,1,1,4294967295,0,0
oInvCollPH,336,512,0019A8A9,0,1,1,4294967295,0,0
oInvCollPH,320,512,000AB7CA,0,1,1,4294967295,0,0
oInvCollPH,304,512,00097DE9,0,1,1,4294967295,0,0
oInvCollPH,288,464,001FEB08,0,1,1,4294967295,0,0
oInvCollPH,288,480,0016E2E7,0,1,1,4294967295,0,0
oInvCollPH,288,496,003CEDEE,0,1,1,4294967295,0,0
oInvCollPH,240,480,000E6384,0,1,1,4294967295,0,0
oInvCollPH,240,496,002A96C3,0,1,1,4294967295,0,0
oInvCollPH,240,512,0031CB9C,0,1,1,4294967295,0,0
oInvCollPH,416,160,00133EAA,0,1,1,4294967295,0,0
oInvCollPH,432,160,0036AD3A,0,1,1,4294967295,0,0
oInvCollPH,448,144,0001CC89,0,1,1,4294967295,0,0
oInvCollPH,448,128,000C22BB,0,1,1,4294967295,0,0
oInvCollPH,464,112,001CD2F1,0,1,1,4294967295,0,0
oInvCollPH,464,96,002D56B2,0,1,1,4294967295,0,0
oInvCollPH,352,80,001C30FF,0,1,1,4294967295,0,0
oInvCollPH,480,80,0037F8C9,0,1,1,4294967295,0,0
oInvCollPH,320,64,002E9AD6,0,1,1,4294967295,0,0
oInvCollPH,496,64,0001FDDD,0,1,1,4294967295,0,0
oInvCollPH,512,64,0034D1E2,0,1,1,4294967295,0,0
oInvCollPH,288,48,00318C04,0,1,1,4294967295,0,0
oInvCollPH,608,48,000CA56D,0,1,1,4294967295,0,0
oInvCollPH,592,48,001FDFEC,0,1,1,4294967295,0,0
oInvCollPH,576,48,003B54E8,0,1,1,4294967295,0,0
oInvCollPH,560,48,0018E3E3,0,1,1,4294967295,0,0
oInvCollPH,544,48,003D7776,0,1,1,4294967295,0,0
oInvCollPH,528,48,001492EC,0,1,1,4294967295,0,0
oInvCollPH,160,48,0018280D,0,1,1,4294967295,0,0
oInvCollPH,112,96,00135F63,0,1,1,4294967295,0,0
oInvCollPH,112,112,002F34CF,0,1,1,4294967295,0,0
oInvCollPH,128,144,0001C928,0,1,1,4294967295,0,0
oInvCollPH,128,160,0039E237,0,1,1,4294967295,0,0
oInvCollPH,144,192,00174990,0,1,1,4294967295,0,0
oInvCollPH,160,208,0030DEF1,0,1,1,4294967295,0,0
oInvCollPH,176,208,001BF7E9,0,1,1,4294967295,0,0
oInvCollPH,192,208,002BC316,0,1,1,4294967295,0,0
oInvCollPH,208,224,00308519,0,1,1,4294967295,0,0
oInvCollPH,224,224,000295CA,0,1,1,4294967295,0,0
oInvCollPH,240,224,002F14FB,0,1,1,4294967295,0,0
oInvCollPH,256,224,000DB97A,0,1,1,4294967295,0,0
oInvCollPH,176,240,001C0B3E,0,1,1,4294967295,0,0
oInvCollPH,192,240,001EB1C7,0,1,1,4294967295,0,0
oInvCollPH,208,240,0031919D,0,1,1,4294967295,0,0
oInvCollPH,224,240,000B7DA6,0,1,1,4294967295,0,0
oInvCollPH,272,240,002B6881,0,1,1,4294967295,0,0
oInvCollPH,288,240,00207659,0,1,1,4294967295,0,0
oInvCollPH,304,240,003AB6BF,0,1,1,4294967295,0,0
oInvCollPH,320,240,00083643,0,1,1,4294967295,0,0
oInvCollPH,288,256,002B9212,0,1,1,4294967295,0,0
oInvCollPH,272,256,0009C83A,0,1,1,4294967295,0,0
oInvCollPH,256,256,00038E43,0,1,1,4294967295,0,0
oInvCollPH,240,256,00023A99,0,1,1,4294967295,0,0
oInvCollPH,320,256,0022581E,0,1,1,4294967295,0,0
oInvCollPH,336,256,002E30FE,0,1,1,4294967295,0,0
oInvCollPH,352,256,002BD465,0,1,1,4294967295,0,0
oInvCollPH,368,256,0000A102,0,1,1,4294967295,0,0
oInvCollPH,384,256,003E830F,0,1,1,4294967295,0,0
oInvCollPH,400,256,001E95F7,0,1,1,4294967295,0,0
oInvCollPH,416,256,000417A2,0,1,1,4294967295,0,0
oInvCollPH,432,256,002E501A,0,1,1,4294967295,0,0
oInvCollPH,448,256,0029D082,0,1,1,4294967295,0,0
oInvCollPH,592,256,00047678,0,1,1,4294967295,0,0
oInvCollPH,576,256,003D5EA0,0,1,1,4294967295,0,0
oInvCollPH,560,256,0014655F,0,1,1,4294967295,0,0
oInvCollPH,544,256,003E9B9A,0,1,1,4294967295,0,0
oInvCollPH,528,256,0022E92E,0,1,1,4294967295,0,0
oInvCollPH,512,256,0019BCD5,0,1,1,4294967295,0,0
oInvCollPH,496,256,003A988E,0,1,1,4294967295,0,0
oInvCollPH,480,256,002B372F,0,1,1,4294967295,0,0
oInvCollPH,464,256,000A1305,0,1,1,4294967295,0,0
oInvCollPH,304,272,00211E2E,0,1,1,4294967295,0,0
oInvCollPH,320,272,0039F88D,0,1,1,4294967295,0,0
oInvCollPH,336,272,0027B64A,0,1,1,4294967295,0,0
oInvCollPH,352,272,001B02B6,0,1,1,4294967295,0,0
oInvCollPH,368,272,0015D64A,0,1,1,4294967295,0,0
oInvCollPH,384,272,002CB897,0,1,1,4294967295,0,0
oInvCollPH,400,272,00280583,0,1,1,4294967295,0,0
oInvCollPH,416,272,0000F808,0,1,1,4294967295,0,0
oInvCollPH,432,272,0008BB68,0,1,1,4294967295,0,0
oInvCollPH,448,272,00281DB8,0,1,1,4294967295,0,0
oInvCollPH,464,272,000CB063,0,1,1,4294967295,0,0
oInvCollPH,480,272,0021C9A8,0,1,1,4294967295,0,0
oInvCollPH,496,272,002EEE4D,0,1,1,4294967295,0,0
oInvCollPH,512,272,0006151C,0,1,1,4294967295,0,0
oInvCollPH,528,272,00208C8F,0,1,1,4294967295,0,0
oInvCollPH,544,272,0009BD72,0,1,1,4294967295,0,0
oInvCollPH,560,272,00311C30,0,1,1,4294967295,0,0
oInvCollPH,592,272,001217E2,0,1,1,4294967295,0,0
oInvCollPH,608,272,00002FE8,0,1,1,4294967295,0,0
oInvCollPH,624,272,0034F18C,0,1,1,4294967295,0,0
oInvCollPH,640,272,003DC794,0,1,1,4294967295,0,0
oInvCollPH,656,272,0039B6BD,0,1,1,4294967295,0,0
oInvCollPH,672,272,001EE14B,0,1,1,4294967295,0,0
oInvCollPH,688,272,0019679B,0,1,1,4294967295,0,0
oInvCollPH,688,288,00317EAA,0,1,1,4294967295,0,0
oInvCollPH,672,288,00368BBF,0,1,1,4294967295,0,0
oInvCollPH,656,288,0021920B,0,1,1,4294967295,0,0
oInvCollPH,640,288,00355AC2,0,1,1,4294967295,0,0
oInvCollPH,624,288,003FCEB7,0,1,1,4294967295,0,0
oInvCollPH,608,288,0034063B,0,1,1,4294967295,0,0
oInvCollPH,592,288,0025A962,0,1,1,4294967295,0,0
oInvCollPH,576,288,0023F6BA,0,1,1,4294967295,0,0
oInvCollPH,736,272,00108E3F,0,1,1,4294967295,0,0
oInvCollPH,752,272,0001E897,0,1,1,4294967295,0,0
oInvCollPH,768,272,000D2ADD,0,1,1,4294967295,0,0
oInvCollPH,784,272,001BAD34,0,1,1,4294967295,0,0
oInvCollPH,800,272,001CB916,0,1,1,4294967295,0,0
oInvCollPH,816,272,003A4327,0,1,1,4294967295,0,0
oInvCollPH,832,272,0002C8A9,0,1,1,4294967295,0,0
oInvCollPH,848,272,003AE8E8,0,1,1,4294967295,0,0
oInvCollPH,864,272,001C16A8,0,1,1,4294967295,0,0
oInvCollPH,880,272,0007FC17,0,1,1,4294967295,0,0
oInvCollPH,896,272,0032A31B,0,1,1,4294967295,0,0
oInvCollPH,864,288,0020E587,0,1,1,4294967295,0,0
oInvCollPH,848,288,0030FF4A,0,1,1,4294967295,0,0
oInvCollPH,832,288,001A6D17,0,1,1,4294967295,0,0
oInvCollPH,816,288,00070DF7,0,1,1,4294967295,0,0
oInvCollPH,800,288,001F1F5A,0,1,1,4294967295,0,0
oInvCollPH,784,288,0003E46E,0,1,1,4294967295,0,0
oInvCollPH,768,288,000D2192,0,1,1,4294967295,0,0
oInvCollPH,752,288,000BDA69,0,1,1,4294967295,0,0
oInvCollPH,736,288,0019FDD6,0,1,1,4294967295,0,0
oInvCollPH,720,288,001A663F,0,1,1,4294967295,0,0
oInvCollPH,80,256,0031C865,0,1,1,4294967295,0,0
oInvCollPH,80,272,0020127F,0,1,1,4294967295,0,0
oInvCollPH,80,320,00081C8E,0,1,1,4294967295,0,0
oInvCollPH,80,336,003B2F05,0,1,1,4294967295,0,0
oInvCollPH,128,400,0026E3E8,0,1,1,4294967295,0,0
oInvCollPH,128,416,003C2526,0,1,1,4294967295,0,0
oInvCollPH,128,432,0008EF6F,0,1,1,4294967295,0,0
oInvCollPH,96,448,000B59A7,0,1,1,4294967295,0,0
oInvCollPH,112,448,0004AC81,0,1,1,4294967295,0,0
oInvCollPH,96,224,0017603B,0,1,1,4294967295,0,0
oInvCollPH,112,224,001DCEA5,0,1,1,4294967295,0,0
oInvCollPH,128,224,001A6383,0,1,1,4294967295,0,0
oInvCollPH,144,224,002EBFFD,0,1,1,4294967295,0,0
oInvCollPH,160,224,000E6087,0,1,1,4294967295,0,0
oInvCollPH,128,496,002117B2,0,1,1,4294967295,0,0
oInvCollPH,144,528,00200D6E,0,1,1,4294967295,0,0
oInvCollPH,144,544,002E0C92,0,1,1,4294967295,0,0
oInvCollPH,192,32,00360862,0,1,1,4294967295,0,0
oInvCollPH,208,32,002693F2,0,1,1,4294967295,0,0
oInvCollPH,224,32,00096EC9,0,1,1,4294967295,0,0
oInvCollPH,240,32,0009D4AE,0,1,1,4294967295,0,0
oInvCollPH,256,32,001CC8C6,0,1,1,4294967295,0,0
oInvCollPH,624,32,003F002A,0,1,1,4294967295,0,0
oInvCollPH,640,32,00383306,0,1,1,4294967295,0,0
oInvCollPH,656,32,001E53CF,0,1,1,4294967295,0,0
oInvCollPH,672,32,000A24A3,0,1,1,4294967295,0,0
oInvCollPH,688,32,002A50D9,0,1,1,4294967295,0,0
oInvCollPH,704,32,002A2081,0,1,1,4294967295,0,0
oInvCollPH,720,32,0004A92D,0,1,1,4294967295,0,0
oInvCollPH,736,32,00175DE3,0,1,1,4294967295,0,0
oInvCollPH,752,32,0014F041,0,1,1,4294967295,0,0
oInvCollPH,768,32,0014FAD8,0,1,1,4294967295,0,0
oInvCollPH,784,32,00331AF2,0,1,1,4294967295,0,0
oInvCollPH,800,32,00139554,0,1,1,4294967295,0,0
oInvCollPH,816,32,00085982,0,1,1,4294967295,0,0
oInvCollPH,1072,32,0007B169,0,1,1,4294967295,0,0
oInvCollPH,1088,32,0001A34F,0,1,1,4294967295,0,0
oInvCollPH,1968,128,00325C58,0,1,1,4294967295,0,0
oInvCollPH,1968,144,000C4896,0,1,1,4294967295,0,0
oInvCollPH,1968,160,003BF14D,0,1,1,4294967295,0,0
oInvCollPH,1968,176,001EC0C0,0,1,1,4294967295,0,0
oInvCollPH,1952,96,0010FC47,0,1,1,4294967295,0,0
oInvCollPH,1840,48,00026CD9,0,1,1,4294967295,0,0
oInvCollPH,1856,48,000C43D5,0,1,1,4294967295,0,0
oInvCollPH,1872,48,003D4262,0,1,1,4294967295,0,0
oInvCollPH,1888,48,0036113F,0,1,1,4294967295,0,0
oInvCollPH,1904,48,0018935A,0,1,1,4294967295,0,0
oInvCollPH,1920,48,001ACBB8,0,1,1,4294967295,0,0
oInvCollPH,1712,32,00272D86,0,1,1,4294967295,0,0
oInvCollPH,1728,32,0033F486,0,1,1,4294967295,0,0
oInvCollPH,1744,32,003A8357,0,1,1,4294967295,0,0
oInvCollPH,1760,32,0037542A,0,1,1,4294967295,0,0
oInvCollPH,1776,32,002432F3,0,1,1,4294967295,0,0
oInvCollPH,1792,32,003484EC,0,1,1,4294967295,0,0
oInvCollPH,1808,32,00003567,0,1,1,4294967295,0,0
oInvCollPH,1408,48,0033B4BA,0,1,1,4294967295,0,0
oInvCollPH,1424,48,003627D5,0,1,1,4294967295,0,0
oInvCollPH,1440,48,0036ED33,0,1,1,4294967295,0,0
oInvCollPH,1456,48,00249066,0,1,1,4294967295,0,0
oInvCollPH,1472,48,00199440,0,1,1,4294967295,0,0
oInvCollPH,1360,32,00008D7A,0,1,1,4294967295,0,0
oInvCollPH,1376,32,0021E76A,0,1,1,4294967295,0,0
oInvCollPH,1488,32,0019A13E,0,1,1,4294967295,0,0
oInvCollPH,1504,32,0008DA7A,0,1,1,4294967295,0,0
oInvCollPH,1520,32,003F2608,0,1,1,4294967295,0,0
oInvCollPH,1200,32,0018DADD,0,1,1,4294967295,0,0
oInvCollPH,1216,32,002EBB74,0,1,1,4294967295,0,0
oInvCollPH,1232,32,001631A9,0,1,1,4294967295,0,0
oInvCollPH,1248,32,00385E9F,0,1,1,4294967295,0,0
oInvCollPH,1264,32,0011B4AD,0,1,1,4294967295,0,0
oInvCollPH,1120,16,003A86C7,0,1,1,4294967295,0,0
oInvCollPH,1136,16,00107C4F,0,1,1,4294967295,0,0
oInvCollPH,1152,16,0038A6DF,0,1,1,4294967295,0,0
oInvCollPH,1168,16,003C3A11,0,1,1,4294967295,0,0
oInvCollPH,1280,16,0019E7B9,0,1,1,4294967295,0,0
oInvCollPH,1296,16,0025539D,0,1,1,4294967295,0,0
oInvCollPH,1312,16,001FB67A,0,1,1,4294967295,0,0
oInvCollPH,1328,16,001771B1,0,1,1,4294967295,0,0
oInvCollPH,1536,16,001CA3BE,0,1,1,4294967295,0,0
oInvCollPH,1552,16,0029114C,0,1,1,4294967295,0,0
oInvCollPH,1568,16,0029A073,0,1,1,4294967295,0,0
oInvCollPH,1584,16,00288C26,0,1,1,4294967295,0,0
oInvCollPH,1600,16,00094308,0,1,1,4294967295,0,0
oInvCollPH,1616,16,001C4B7B,0,1,1,4294967295,0,0
oInvCollPH,1632,16,0022722E,0,1,1,4294967295,0,0
oInvCollPH,1648,16,000B4A43,0,1,1,4294967295,0,0
oInvCollPH,1664,16,00371613,0,1,1,4294967295,0,0
oInvCollPH,1680,16,0013B0C0,0,1,1,4294967295,0,0
oInvCollPH,1904,256,000ABDF1,0,1,1,4294967295,0,0
oInvCollPH,1904,272,003310E7,0,1,1,4294967295,0,0
oInvCollPH,1904,288,0004191C,0,1,1,4294967295,0,0
oInvCollPH,1904,304,003A1173,0,1,1,4294967295,0,0
oInvCollPH,1904,320,003DE89C,0,1,1,4294967295,0,0
oInvCollPH,1904,336,0033AE28,0,1,1,4294967295,0,0
oInvCollPH,1904,352,0008D3F7,0,1,1,4294967295,0,0
oInvCollPH,1904,368,0032C6E7,0,1,1,4294967295,0,0
oInvCollPH,1904,384,003C430C,0,1,1,4294967295,0,0
oInvCollPH,1904,400,000804A1,0,1,1,4294967295,0,0
oInvCollPH,1904,416,002C707E,0,1,1,4294967295,0,0
oInvCollPH,1088,368,00361794,0,1,1,4294967295,0,0
oInvCollPH,1104,368,00105B9A,0,1,1,4294967295,0,0
oInvCollPH,1040,352,0010D91C,0,1,1,4294967295,0,0
oInvCollPH,1056,352,001B49C3,0,1,1,4294967295,0,0
oInvCollPH,1120,352,000A48E2,0,1,1,4294967295,0,0
oInvCollPH,1136,352,000DC860,0,1,1,4294967295,0,0
oInvCollPH,1152,336,001B1B15,0,1,1,4294967295,0,0
oInvCollPH,1008,336,0028C2F0,0,1,1,4294967295,0,0
oInvCollPH,1168,320,0015171B,0,1,1,4294967295,0,0
oInvCollPH,880,304,003DE604,0,1,1,4294967295,0,0
oInvCollPH,896,304,000F97AC,0,1,1,4294967295,0,0
oInvCollPH,912,304,0034B727,0,1,1,4294967295,0,0
oInvCollPH,928,304,0007911E,0,1,1,4294967295,0,0
oInvCollPH,944,304,001E418B,0,1,1,4294967295,0,0
oInvCollPH,960,304,0038C67C,0,1,1,4294967295,0,0
oInvCollPH,896,288,0003567F,0,1,1,4294967295,0,0
oInvCollPH,912,288,0000C381,0,1,1,4294967295,0,0
oInvCollPH,928,288,00254CE2,0,1,1,4294967295,0,0
oInvCollPH,944,288,001C907C,0,1,1,4294967295,0,0
oInvCollPH,960,288,00014BC3,0,1,1,4294967295,0,0
oInvCollPH,1168,304,00099C41,0,1,1,4294967295,0,0
oInvCollPH,848,48,000AC797,0,1,1,4294967295,0,0
oInvCollPH,864,48,003DE460,0,1,1,4294967295,0,0
oInvCollPH,880,48,003CB219,0,1,1,4294967295,0,0
oInvCollPH,896,48,00238206,0,1,1,4294967295,0,0
oInvCollPH,912,48,002DF157,0,1,1,4294967295,0,0
oInvCollPH,1056,48,001DABAB,0,1,1,4294967295,0,0
oInvCollPH,1040,64,0030C5AD,0,1,1,4294967295,0,0
oInvCollPH,944,64,002FCFC8,0,1,1,4294967295,0,0
oInvCollPH,1040,80,0035F4D4,0,1,1,4294967295,0,0
oInvCollPH,1040,96,0032BBB3,0,1,1,4294967295,0,0
oInvCollPH,1040,112,00100EE3,0,1,1,4294967295,0,0
oInvCollPH,1040,128,00079654,0,1,1,4294967295,0,0
oInvCollPH,976,112,00255DF6,0,1,1,4294967295,0,0
oInvCollPH,976,128,000F1329,0,1,1,4294967295,0,0
oInvCollPH,1056,144,000416EA,0,1,1,4294967295,0,0
oInvCollPH,992,176,002B16F9,0,1,1,4294967295,0,0
oInvCollPH,992,192,001F6B71,0,1,1,4294967295,0,0
oInvCollPH,1072,160,000993E1,0,1,1,4294967295,0,0
oInvCollPH,1120,160,0030C679,0,1,1,4294967295,0,0
oInvCollPH,1104,128,003CD8CF,0,1,1,4294967295,0,0
oInvCollPH,1120,144,0033B75C,0,1,1,4294967295,0,0
oInvCollPH,1264,288,000413B5,0,1,1,4294967295,0,0
oInvCollPH,1872,272,0014DEE7,0,1,1,4294967295,0,0
oInvCollPH,1872,288,0014B274,0,1,1,4294967295,0,0
oInvCollPH,1872,304,00131670,0,1,1,4294967295,0,0
oInvCollPH,1872,320,0002038B,0,1,1,4294967295,0,0
oInvCollPH,1872,336,0035D252,0,1,1,4294967295,0,0
oInvCollPH,1872,352,003E3E10,0,1,1,4294967295,0,0
oInvCollPH,1872,368,00224D62,0,1,1,4294967295,0,0
oInvCollPH,1872,384,000BDE77,0,1,1,4294967295,0,0
oInvCollPH,1872,400,000B3CBA,0,1,1,4294967295,0,0
oInvCollPH,1856,416,0007A5D4,0,1,1,4294967295,0,0
oInvCollPH,1840,224,00296C73,0,1,1,4294967295,0,0
oInvCollPH,1840,416,002F48E0,0,1,1,4294967295,0,0
oInvCollPH,1808,192,003E0061,0,1,1,4294967295,0,0
oInvCollPH,1824,192,001F9626,0,1,1,4294967295,0,0
oInvCollPH,1792,400,0037F0DB,0,1,1,4294967295,0,0
oInvCollPH,1808,400,003A72F6,0,1,1,4294967295,0,0
oInvCollPH,1824,400,000BC749,0,1,1,4294967295,0,0
oInvCollPH,1760,176,003EB91D,0,1,1,4294967295,0,0
oInvCollPH,1776,176,001C9FF7,0,1,1,4294967295,0,0
oInvCollPH,1744,384,0022CA3F,0,1,1,4294967295,0,0
oInvCollPH,1760,384,00054D64,0,1,1,4294967295,0,0
oInvCollPH,1776,384,003D12DB,0,1,1,4294967295,0,0
oInvCollPH,1728,384,00272231,0,1,1,4294967295,0,0
oInvCollPH,1696,160,0014DA47,0,1,1,4294967295,0,0
oInvCollPH,1712,160,00173A7D,0,1,1,4294967295,0,0
oInvCollPH,1680,368,00355FF6,0,1,1,4294967295,0,0
oInvCollPH,1696,368,003304C5,0,1,1,4294967295,0,0
oInvCollPH,1712,368,003C6D53,0,1,1,4294967295,0,0
oInvCollPH,1664,368,0030B6F5,0,1,1,4294967295,0,0
oInvCollPH,1632,144,002DFB5D,0,1,1,4294967295,0,0
oInvCollPH,1648,144,001293EE,0,1,1,4294967295,0,0
oInvCollPH,1616,352,0023C815,0,1,1,4294967295,0,0
oInvCollPH,1632,352,001EEE17,0,1,1,4294967295,0,0
oInvCollPH,1648,352,000F2A7F,0,1,1,4294967295,0,0
oInvCollPH,1504,144,003B4E38,0,1,1,4294967295,0,0
oInvCollPH,1520,144,001BBA3D,0,1,1,4294967295,0,0
oInvCollPH,1536,144,000A1484,0,1,1,4294967295,0,0
oInvCollPH,1552,144,003E3144,0,1,1,4294967295,0,0
oInvCollPH,1568,144,0024158B,0,1,1,4294967295,0,0
oInvCollPH,1584,144,00267860,0,1,1,4294967295,0,0
oInvCollPH,1600,144,000D3F0C,0,1,1,4294967295,0,0
oInvCollPH,1200,272,0000FD2E,0,1,1,4294967295,0,0
oInvCollPH,1280,272,001E921B,0,1,1,4294967295,0,0
oInvCollPH,1296,272,00388359,0,1,1,4294967295,0,0
oInvCollPH,1600,368,00357CA9,0,1,1,4294967295,0,0
oInvCollPH,1600,384,0028A584,0,1,1,4294967295,0,0
oInvCollPH,1600,400,003794A6,0,1,1,4294967295,0,0
oInvCollPH,1424,160,002CCA11,0,1,1,4294967295,0,0
oInvCollPH,1440,160,0002332B,0,1,1,4294967295,0,0
oInvCollPH,1456,160,003EDC7D,0,1,1,4294967295,0,0
oInvCollPH,1472,160,0005D281,0,1,1,4294967295,0,0
oInvCollPH,1376,176,001BC9A7,0,1,1,4294967295,0,0
oInvCollPH,1392,176,0014BB8E,0,1,1,4294967295,0,0
oInvCollPH,1328,160,00185708,0,1,1,4294967295,0,0
oInvCollPH,1344,160,001AC3FC,0,1,1,4294967295,0,0
oInvCollPH,1312,288,00138C22,0,1,1,4294967295,0,0
oInvCollPH,1312,304,00037FEB,0,1,1,4294967295,0,0
oInvCollPH,992,208,002CE60B,0,1,1,4294967295,0,0
oInvCollPH,992,224,00130EAD,0,1,1,4294967295,0,0
oInvCollPH,992,240,00006D89,0,1,1,4294967295,0,0
oInvCollPH,992,256,002455A7,0,1,1,4294967295,0,0
oInvCollPH,1232,128,002BA7AA,0,1,1,4294967295,0,0
oInvCollPH,1248,128,00212083,0,1,1,4294967295,0,0
oInvCollPH,1264,128,002611CB,0,1,1,4294967295,0,0
oInvCollPH,1280,128,00211327,0,1,1,4294967295,0,0
oInvCollPH,1296,144,00171B14,0,1,1,4294967295,0,0
oInvCollPH,1184,144,002E6A5A,0,1,1,4294967295,0,0
oInvCollPH,1200,144,00153AE8,0,1,1,4294967295,0,0
oInvCollPH,448,592,0007BA53,0,1,1,4294967295,0,0
oInvCollPH,464,592,003BFD55,0,1,1,4294967295,0,0
oInvCollPH,480,592,000A170E,0,1,1,4294967295,0,0
oInvCollPH,400,608,0021F93E,0,1,1,4294967295,0,0
oInvCollPH,416,608,000CFF0D,0,1,1,4294967295,0,0
oInvCollPH,496,608,002A1AD3,0,1,1,4294967295,0,0
oInvCollPH,512,608,0027B320,0,1,1,4294967295,0,0
oInvCollPH,368,624,0023655E,0,1,1,4294967295,0,0
oInvCollPH,528,624,000D549C,0,1,1,4294967295,0,0
oInvCollPH,544,624,0029F704,0,1,1,4294967295,0,0
oInvCollPH,560,624,003DC593,0,1,1,4294967295,0,0
oInvCollPH,576,624,00211078,0,1,1,4294967295,0,0
oInvCollPH,176,560,002906BE,0,1,1,4294967295,0,0
oInvCollPH,224,592,0030B873,0,1,1,4294967295,0,0
oInvCollPH,272,624,002C43ED,0,1,1,4294967295,0,0
oInvCollPH,304,640,001A03C8,0,1,1,4294967295,0,0
oInvCollPH,320,640,0023C1B7,0,1,1,4294967295,0,0
oInvCollPH,336,640,002DA634,0,1,1,4294967295,0,0
oInvCollPH,592,640,001A7690,0,1,1,4294967295,0,0
oInvCollPH,608,640,0025B455,0,1,1,4294967295,0,0
oInvCollPH,624,640,00055094,0,1,1,4294967295,0,0
oInvCollPH,640,640,00166C87,0,1,1,4294967295,0,0
oInvCollPH,656,640,000F9871,0,1,1,4294967295,0,0
oInvCollPH,800,496,003D24C4,0,1,1,4294967295,0,0
oInvCollPH,816,496,00046079,0,1,1,4294967295,0,0
oInvCollPH,832,496,0029AE1F,0,1,1,4294967295,0,0
oInvCollPH,848,496,001A6632,0,1,1,4294967295,0,0
oInvCollPH,688,608,000B9F9A,0,1,1,4294967295,0,0
oInvCollPH,704,576,0016AEEF,0,1,1,4294967295,0,0
oInvCollPH,896,560,002D834F,0,1,1,4294967295,0,0
oInvCollPH,896,576,0029A51E,0,1,1,4294967295,0,0
oInvCollPH,896,592,0037A516,0,1,1,4294967295,0,0
oInvCollPH,896,608,0012AA67,0,1,1,4294967295,0,0
oInvCollPH,720,528,00038627,0,1,1,4294967295,0,0
oInvCollPH,720,544,000922D2,0,1,1,4294967295,0,0
oInvCollPH,736,512,001D71B6,0,1,1,4294967295,0,0
oInvCollPH,752,512,001D37A1,0,1,1,4294967295,0,0
oInvCollPH,768,512,0037E908,0,1,1,4294967295,0,0
oInvCollPH,864,512,0006C04C,0,1,1,4294967295,0,0
oInvCollPH,880,512,00132433,0,1,1,4294967295,0,0
oInvCollPH,880,528,002D41E6,0,1,1,4294967295,0,0
oInvCollPH,880,624,0040086B,0,1,1,4294967295,0,0
oInvCollPH,880,640,0010187B,0,1,1,4294967295,0,0
oInvCollPH,928,560,000C680D,0,1,1,4294967295,0,0
oInvCollPH,928,576,00019AC1,0,1,1,4294967295,0,0
oInvCollPH,928,592,0035F085,0,1,1,4294967295,0,0
oInvCollPH,944,592,002EFE17,0,1,1,4294967295,0,0
oInvCollPH,960,528,0012BAA7,0,1,1,4294967295,0,0
oInvCollPH,976,528,0034E8B4,0,1,1,4294967295,0,0
oInvCollPH,992,528,00213803,0,1,1,4294967295,0,0
oInvCollPH,1008,528,00153CFB,0,1,1,4294967295,0,0
oInvCollPH,1248,512,000E7D09,0,1,1,4294967295,0,0
oInvCollPH,1264,512,0025DCB7,0,1,1,4294967295,0,0
oInvCollPH,1280,512,0037FF8A,0,1,1,4294967295,0,0
oInvCollPH,1296,512,003D6F45,0,1,1,4294967295,0,0
oInvCollPH,976,608,00314973,0,1,1,4294967295,0,0
oInvCollPH,992,608,0006D9A4,0,1,1,4294967295,0,0
oInvCollPH,1008,608,000CCE59,0,1,1,4294967295,0,0
oInvCollPH,1040,544,002EF11E,0,1,1,4294967295,0,0
oInvCollPH,1056,544,001E7208,0,1,1,4294967295,0,0
oInvCollPH,1072,544,002854B1,0,1,1,4294967295,0,0
oInvCollPH,1088,544,00343F94,0,1,1,4294967295,0,0
oInvCollPH,1104,544,000ED2DE,0,1,1,4294967295,0,0
oInvCollPH,1120,544,0004396F,0,1,1,4294967295,0,0
oInvCollPH,1136,544,002BEBE8,0,1,1,4294967295,0,0
oInvCollPH,1152,544,003299B6,0,1,1,4294967295,0,0
oInvCollPH,1024,624,002AD994,0,1,1,4294967295,0,0
oInvCollPH,1040,624,0020D8AB,0,1,1,4294967295,0,0
oInvCollPH,1184,528,001D6A8A,0,1,1,4294967295,0,0
oInvCollPH,1200,528,00209ADD,0,1,1,4294967295,0,0
oInvCollPH,1216,528,00033F63,0,1,1,4294967295,0,0
oInvCollPH,1328,496,0003C96E,0,1,1,4294967295,0,0
oInvCollPH,1360,480,003923CA,0,1,1,4294967295,0,0
oInvCollPH,1376,432,0037FF04,0,1,1,4294967295,0,0
oInvCollPH,1376,448,0029ECF7,0,1,1,4294967295,0,0
oInvCollPH,1376,464,002D4476,0,1,1,4294967295,0,0
oInvCollPH,1360,400,003B991B,0,1,1,4294967295,0,0
oInvCollPH,1344,368,0010BDCD,0,1,1,4294967295,0,0
oInvCollPH,1328,336,00127C00,0,1,1,4294967295,0,0
oInvCollPH,1792,432,00347022,0,1,1,4294967295,0,0
oInvCollPH,1808,432,00279225,0,1,1,4294967295,0,0
oInvCollPH,1840,448,0028E685,0,1,1,4294967295,0,0
oInvCollPH,1856,448,000F31D0,0,1,1,4294967295,0,0
oInvCollPH,1872,448,003ACDB0,0,1,1,4294967295,0,0
oInvCollPH,1680,400,003B1B73,0,1,1,4294967295,0,0
oInvCollPH,1696,400,0017D540,0,1,1,4294967295,0,0
oInvCollPH,1616,416,0035D695,0,1,1,4294967295,0,0
oInvCollPH,1632,416,0035CCC7,0,1,1,4294967295,0,0
oInvCollPH,1648,416,001E7858,0,1,1,4294967295,0,0
oInvCollPH,1712,416,002B4686,0,1,1,4294967295,0,0
oInvCollPH,1728,416,0003B1BA,0,1,1,4294967295,0,0
oInvCollPH,1744,416,00310453,0,1,1,4294967295,0,0
oInvCollPH,1760,416,002B3AB4,0,1,1,4294967295,0,0
oInvCollPH,1104,640,002E513D,0,1,1,4294967295,0,0
oInvCollPH,1120,640,00253917,0,1,1,4294967295,0,0
oInvCollPH,1136,640,00369730,0,1,1,4294967295,0,0
oInvCollPH,1152,640,00315EC6,0,1,1,4294967295,0,0
oInvCollPH,1168,640,0036B29A,0,1,1,4294967295,0,0
oInvCollPH,1184,640,000D6436,0,1,1,4294967295,0,0
oInvCollPH,1200,640,001D0B3B,0,1,1,4294967295,0,0
oInvCollPH,1216,640,003A6FCC,0,1,1,4294967295,0,0
oInvCollPH,1024,704,001BAC34,0,1,1,4294967295,0,0
oInvCollPH,1040,704,00297411,0,1,1,4294967295,0,0
oInvCollPH,1056,704,000A7AA3,0,1,1,4294967295,0,0
oInvCollPH,1072,704,00121DDC,0,1,1,4294967295,0,0
oInvCollPH,1072,720,001036FA,0,1,1,4294967295,0,0
oInvCollPH,1008,720,003ABF3B,0,1,1,4294967295,0,0
oInvCollPH,1008,736,000A4C5D,0,1,1,4294967295,0,0
oInvCollPH,1008,752,00322FFE,0,1,1,4294967295,0,0
oInvCollPH,1008,768,00250DBC,0,1,1,4294967295,0,0
oInvCollPH,1024,768,00006218,0,1,1,4294967295,0,0
oInvCollPH,1040,768,00260EE0,0,1,1,4294967295,0,0
oInvCollPH,1056,768,003887D3,0,1,1,4294967295,0,0
oInvCollPH,1072,768,000B0F72,0,1,1,4294967295,0,0
oInvCollPH,1072,752,00218728,0,1,1,4294967295,0,0
oInvCollPH,688,704,003F9CED,0,1,1,4294967295,0,0
oInvCollPH,704,704,00281277,0,1,1,4294967295,0,0
oInvCollPH,720,704,003E43B5,0,1,1,4294967295,0,0
oInvCollPH,736,704,0017A6C8,0,1,1,4294967295,0,0
oInvCollPH,864,656,003C2C93,0,1,1,4294967295,0,0
oInvCollPH,816,672,003AF069,0,1,1,4294967295,0,0
oInvCollPH,832,672,000B6CF6,0,1,1,4294967295,0,0
oInvCollPH,768,688,0033AAE6,0,1,1,4294967295,0,0
oInvCollPH,784,688,001EDBCB,0,1,1,4294967295,0,0
oInvCollPH,640,720,003FDE9A,0,1,1,4294967295,0,0
oInvCollPH,656,720,00186FA6,0,1,1,4294967295,0,0
oInvCollPH,672,720,0001A7A0,0,1,1,4294967295,0,0
oInvCollPH,560,736,001E036D,0,1,1,4294967295,0,0
oInvCollPH,576,736,000EEDD6,0,1,1,4294967295,0,0
oInvCollPH,592,736,0024DA30,0,1,1,4294967295,0,0
oInvCollPH,608,736,002C1472,0,1,1,4294967295,0,0
oInvCollPH,384,752,002D9E99,0,1,1,4294967295,0,0
oInvCollPH,400,752,0021525C,0,1,1,4294967295,0,0
oInvCollPH,416,752,000A183F,0,1,1,4294967295,0,0
oInvCollPH,432,752,001531B8,0,1,1,4294967295,0,0
oInvCollPH,448,752,0016DFB5,0,1,1,4294967295,0,0
oInvCollPH,464,752,00388B0C,0,1,1,4294967295,0,0
oInvCollPH,480,752,002746DA,0,1,1,4294967295,0,0
oInvCollPH,496,752,00344F41,0,1,1,4294967295,0,0
oInvCollPH,512,752,002E9711,0,1,1,4294967295,0,0
oInvCollPH,528,752,00371BAB,0,1,1,4294967295,0,0
oInvCollPH,304,736,00073691,0,1,1,4294967295,0,0
oInvCollPH,320,736,00080910,0,1,1,4294967295,0,0
oInvCollPH,336,736,0000DCF6,0,1,1,4294967295,0,0
oInvCollPH,352,736,001FB2EF,0,1,1,4294967295,0,0
oInvCollPH,544,736,003A3EF4,0,1,1,4294967295,0,0
oInvCollPH,256,720,001B56FD,0,1,1,4294967295,0,0
oInvCollPH,272,720,001D1DB1,0,1,1,4294967295,0,0
oInvCollPH,240,720,00338354,0,1,1,4294967295,0,0
oInvCollPH,624,720,0006BDDD,0,1,1,4294967295,0,0
oInvCollPH,192,704,000EBAF9,0,1,1,4294967295,0,0
oInvCollPH,208,704,0008AA9E,0,1,1,4294967295,0,0
oInvCollPH,128,672,0025A5EE,0,1,1,4294967295,0,0
oInvCollPH,144,672,000D6CBF,0,1,1,4294967295,0,0
oInvCollPH,96,640,000CCF87,0,1,1,4294967295,0,0
oInvCollPH,112,640,003B9CA5,0,1,1,4294967295,0,0
oInvCollPH,64,704,002DA393,0,1,1,4294967295,0,0
oInvCollPH,112,832,0039C73B,0,1,1,4294967295,0,0
oInvCollPH,112,848,0012FA4F,0,1,1,4294967295,0,0
oInvCollPH,96,880,0009FAC8,0,1,1,4294967295,0,0
oInvCollPH,96,896,000BC329,0,1,1,4294967295,0,0
oInvCollPH,96,720,00399371,0,1,1,4294967295,0,0
oInvCollPH,112,720,00109DE7,0,1,1,4294967295,0,0
oInvCollPH,128,720,003DEC14,0,1,1,4294967295,0,0
oInvCollPH,128,736,002AC3C3,0,1,1,4294967295,0,0
oInvCollPH,128,752,003C0A2D,0,1,1,4294967295,0,0
oInvCollPH,128,768,002B0495,0,1,1,4294967295,0,0
oInvCollPH,128,784,00228632,0,1,1,4294967295,0,0
oInvCollPH,128,800,0010A669,0,1,1,4294967295,0,0
oInvCollPH,64,960,000976C3,0,1,1,4294967295,0,0
oInvCollPH,64,976,0003C049,0,1,1,4294967295,0,0
oInvCollPH,64,992,0026A902,0,1,1,4294967295,0,0
oInvCollPH,96,1008,002C47E8,0,1,1,4294967295,0,0
oInvCollPH,432,864,001A6162,0,1,1,4294967295,0,0
oInvCollPH,432,880,003410B9,0,1,1,4294967295,0,0
oInvCollPH,432,896,0037E400,0,1,1,4294967295,0,0
oInvCollPH,400,816,000F0D1A,0,1,1,4294967295,0,0
oInvCollPH,400,832,001C2AF7,0,1,1,4294967295,0,0
oInvCollPH,416,832,0035DDBA,0,1,1,4294967295,0,0
oInvCollPH,416,800,00175FF1,0,1,1,4294967295,0,0
oInvCollPH,432,800,00015D07,0,1,1,4294967295,0,0
oInvCollPH,448,800,002BFF6E,0,1,1,4294967295,0,0
oInvCollPH,464,800,0011757D,0,1,1,4294967295,0,0
oInvCollPH,480,800,00322B20,0,1,1,4294967295,0,0
oInvCollPH,480,816,00226DD5,0,1,1,4294967295,0,0
oInvCollPH,480,832,0015E181,0,1,1,4294967295,0,0
oInvCollPH,464,832,0028C0B2,0,1,1,4294967295,0,0
oInvCollPH,448,832,0014AA19,0,1,1,4294967295,0,0
oInvCollPH,448,944,001DC8B6,0,1,1,4294967295,0,0
oInvCollPH,464,992,003EE2E7,0,1,1,4294967295,0,0
oInvCollPH,480,992,000FF835,0,1,1,4294967295,0,0
oInvCollPH,496,992,002A863A,0,1,1,4294967295,0,0
oInvCollPH,512,992,000E2DF9,0,1,1,4294967295,0,0
oInvCollPH,528,992,0028FF6C,0,1,1,4294967295,0,0
oInvCollPH,544,992,00370E7F,0,1,1,4294967295,0,0
oInvCollPH,544,1024,003ECC8F,0,1,1,4294967295,0,0
oInvCollPH,544,1040,003237F6,0,1,1,4294967295,0,0
oInvCollPH,544,1056,0019C747,0,1,1,4294967295,0,0
oInvCollPH,544,1072,002BDD71,0,1,1,4294967295,0,0
oInvCollPH,544,1088,000D2AD4,0,1,1,4294967295,0,0
oInvCollPH,128,864,002A89E8,0,1,1,4294967295,0,0
oInvCollPH,144,864,00307D46,0,1,1,4294967295,0,0
oInvCollPH,144,880,001B831B,0,1,1,4294967295,0,0
oInvCollPH,144,896,003D72EA,0,1,1,4294967295,0,0
oInvCollPH,144,928,000B17B9,0,1,1,4294967295,0,0
oInvCollPH,128,928,00122C3E,0,1,1,4294967295,0,0
oInvCollPH,112,928,003BF8FE,0,1,1,4294967295,0,0
oInvCollPH,96,928,003061C0,0,1,1,4294967295,0,0
oInvCollPH,176,912,0012FC7E,0,1,1,4294967295,0,0
oInvCollPH,192,912,001FC3DC,0,1,1,4294967295,0,0
oInvCollPH,208,912,001F222B,0,1,1,4294967295,0,0
oInvCollPH,224,912,00210A93,0,1,1,4294967295,0,0
oInvCollPH,240,912,00332A37,0,1,1,4294967295,0,0
oInvCollPH,256,912,0034C550,0,1,1,4294967295,0,0
oInvCollPH,272,912,00009E91,0,1,1,4294967295,0,0
oInvCollPH,288,912,001D8C4E,0,1,1,4294967295,0,0
oInvCollPH,304,912,001BBFA3,0,1,1,4294967295,0,0
oInvCollPH,448,912,00061004,0,1,1,4294967295,0,0
oInvCollPH,432,912,00290B29,0,1,1,4294967295,0,0
oInvCollPH,416,912,0036F1EC,0,1,1,4294967295,0,0
oInvCollPH,400,912,001753D9,0,1,1,4294967295,0,0
oInvCollPH,384,912,00028F2E,0,1,1,4294967295,0,0
oInvCollPH,368,912,001791D4,0,1,1,4294967295,0,0
oInvCollPH,352,912,00113093,0,1,1,4294967295,0,0
oInvCollPH,336,912,00083CBB,0,1,1,4294967295,0,0
oInvCollPH,320,912,0025ECCB,0,1,1,4294967295,0,0
oInvCollPH,128,1024,0033DC4C,0,1,1,4294967295,0,0
oInvCollPH,144,1024,0010C2EC,0,1,1,4294967295,0,0
oInvCollPH,176,1072,0032E7A1,0,1,1,4294967295,0,0
oInvCollPH,176,1088,0003F14F,0,1,1,4294967295,0,0
oInvCollPH,192,1120,0010C285,0,1,1,4294967295,0,0
oInvCollPH,240,1152,002C731E,0,1,1,4294967295,0,0
oInvCollPH,384,1152,000806CE,0,1,1,4294967295,0,0
oInvCollPH,272,1168,001FA54F,0,1,1,4294967295,0,0
oInvCollPH,288,1168,002666B7,0,1,1,4294967295,0,0
oInvCollPH,304,1168,00025D37,0,1,1,4294967295,0,0
oInvCollPH,320,1168,003B7D0A,0,1,1,4294967295,0,0
oInvCollPH,336,1168,002C51FF,0,1,1,4294967295,0,0
oInvCollPH,352,1168,002B1C87,0,1,1,4294967295,0,0
oInvCollPH,464,1120,001B1291,0,1,1,4294967295,0,0
oInvCollPH,480,1120,00362AFF,0,1,1,4294967295,0,0
oInvCollPH,496,1120,00320A74,0,1,1,4294967295,0,0
oInvCollPH,688,1072,0010D2A5,0,1,1,4294967295,0,0
oInvCollPH,688,1088,001115D6,0,1,1,4294967295,0,0
oInvCollPH,1040,1008,0013DEF9,0,1,1,4294967295,0,0
oInvCollPH,992,928,0013B69F,0,1,1,4294967295,0,0
oInvCollPH,992,944,0032240C,0,1,1,4294967295,0,0
oInvCollPH,992,960,002F03EA,0,1,1,4294967295,0,0
oInvCollPH,1008,896,001C8585,0,1,1,4294967295,0,0
oInvCollPH,1024,896,000C822F,0,1,1,4294967295,0,0
oInvCollPH,1040,896,000D5C93,0,1,1,4294967295,0,0
oInvCollPH,1056,896,00183FFC,0,1,1,4294967295,0,0
oInvCollPH,1072,896,00022817,0,1,1,4294967295,0,0
oInvCollPH,1088,896,00055163,0,1,1,4294967295,0,0
oInvCollPH,1104,896,00016826,0,1,1,4294967295,0,0
oInvCollPH,688,1008,002D7C2F,0,1,1,4294967295,0,0
oInvCollPH,688,1024,003D589C,0,1,1,4294967295,0,0
oInvCollPH,1040,1056,0037FA0E,0,1,1,4294967295,0,0
oInvCollPH,1040,1072,0004F2FD,0,1,1,4294967295,0,0
oInvCollPH,1120,912,0021EFFD,0,1,1,4294967295,0,0
oInvCollPH,1120,928,00290C8E,0,1,1,4294967295,0,0
oInvCollPH,1136,928,001FE7F6,0,1,1,4294967295,0,0
oInvCollPH,1152,928,002C1DB9,0,1,1,4294967295,0,0
oInvCollPH,1152,912,00122A29,0,1,1,4294967295,0,0
oInvCollPH,1152,896,001CFC56,0,1,1,4294967295,0,0
oInvCollPH,1152,880,00100486,0,1,1,4294967295,0,0
oInvCollPH,1136,880,00188BDE,0,1,1,4294967295,0,0
oInvCollPH,1104,736,00332180,0,1,1,4294967295,0,0
oInvCollPH,1120,736,0005284E,0,1,1,4294967295,0,0
oInvCollPH,1136,736,000ADFDE,0,1,1,4294967295,0,0
oInvCollPH,1152,736,0005CE28,0,1,1,4294967295,0,0
oInvCollPH,1168,736,00058B97,0,1,1,4294967295,0,0
oInvCollPH,1184,736,0013C62C,0,1,1,4294967295,0,0
oInvCollPH,1216,752,0014CF65,0,1,1,4294967295,0,0
oInvCollPH,1232,736,000BD038,0,1,1,4294967295,0,0
oInvCollPH,1248,736,0030D6F5,0,1,1,4294967295,0,0
oInvCollPH,1264,736,0000C7C2,0,1,1,4294967295,0,0
oInvCollPH,1200,704,0013F102,0,1,1,4294967295,0,0
oInvCollPH,1264,656,0006ED49,0,1,1,4294967295,0,0
oInvCollPH,1296,752,002098DA,0,1,1,4294967295,0,0
oInvCollPH,1312,752,000C6DE8,0,1,1,4294967295,0,0
oInvCollPH,1344,768,001EB457,0,1,1,4294967295,0,0
oInvCollPH,1360,768,001C69A0,0,1,1,4294967295,0,0
oInvCollPH,1392,768,00279532,0,1,1,4294967295,0,0
oInvCollPH,1408,768,002C013E,0,1,1,4294967295,0,0
oInvCollPH,1424,768,001EA3AD,0,1,1,4294967295,0,0
oInvCollPH,1440,768,000AED27,0,1,1,4294967295,0,0
oInvCollPH,1456,768,0000DF15,0,1,1,4294967295,0,0
oInvCollPH,1408,880,003B9588,0,1,1,4294967295,0,0
oInvCollPH,1376,800,0011B3DC,0,1,1,4294967295,0,0
oInvCollPH,1376,816,002CAC12,0,1,1,4294967295,0,0
oInvCollPH,1376,832,0011E1A6,0,1,1,4294967295,0,0
oInvCollPH,1376,848,00178122,0,1,1,4294967295,0,0
oInvCollPH,1376,864,00289DE8,0,1,1,4294967295,0,0
oInvCollPH,1376,880,000DEEC0,0,1,1,4294967295,0,0
oInvCollPH,1424,896,000D61DA,0,1,1,4294967295,0,0
oInvCollPH,1424,912,002FA444,0,1,1,4294967295,0,0
oInvCollPH,1424,928,002F6518,0,1,1,4294967295,0,0
oInvCollPH,1424,944,0038FDA2,0,1,1,4294967295,0,0
oInvCollPH,1424,960,00125560,0,1,1,4294967295,0,0
oInvCollPH,1936,912,0035E397,0,1,1,4294967295,0,0
oInvCollPH,1936,928,0009A08A,0,1,1,4294967295,0,0
oInvCollPH,1952,928,001A8274,0,1,1,4294967295,0,0
oInvCollPH,1968,928,0018E5AF,0,1,1,4294967295,0,0
oInvCollPH,1984,928,001F8A3B,0,1,1,4294967295,0,0
oInvCollPH,1936,976,000020D3,0,1,1,4294967295,0,0
oInvCollPH,1952,960,00024F15,0,1,1,4294967295,0,0
oInvCollPH,1968,960,0017502E,0,1,1,4294967295,0,0
oInvCollPH,1984,960,0038F2BB,0,1,1,4294967295,0,0
oInvCollPH,1888,848,002E2B4A,0,1,1,4294967295,0,0
oInvCollPH,1808,832,00037777,0,1,1,4294967295,0,0
oInvCollPH,1824,832,0014C234,0,1,1,4294967295,0,0
oInvCollPH,1840,832,001E4470,0,1,1,4294967295,0,0
oInvCollPH,1856,832,002E8C93,0,1,1,4294967295,0,0
oInvCollPH,1712,816,00139F86,0,1,1,4294967295,0,0
oInvCollPH,1728,816,003138D4,0,1,1,4294967295,0,0
oInvCollPH,1744,816,0038D5B5,0,1,1,4294967295,0,0
oInvCollPH,1760,816,0012FF1D,0,1,1,4294967295,0,0
oInvCollPH,1776,816,0038EEC9,0,1,1,4294967295,0,0
oInvCollPH,1888,1024,00224515,0,1,1,4294967295,0,0
oInvCollPH,1840,1040,0029D711,0,1,1,4294967295,0,0
oInvCollPH,1856,1040,0038A5BD,0,1,1,4294967295,0,0
oInvCollPH,1776,1056,002BEAA2,0,1,1,4294967295,0,0
oInvCollPH,1792,1056,001A27B6,0,1,1,4294967295,0,0
oInvCollPH,1808,1056,000A559D,0,1,1,4294967295,0,0
oInvCollPH,1696,1072,002C14A2,0,1,1,4294967295,0,0
oInvCollPH,1712,1072,002EF4FB,0,1,1,4294967295,0,0
oInvCollPH,1728,1072,0020F22E,0,1,1,4294967295,0,0
oInvCollPH,1744,1072,0030DFA1,0,1,1,4294967295,0,0
oInvCollPH,1424,1008,002AF145,0,1,1,4294967295,0,0
oInvCollPH,1424,1024,002D464F,0,1,1,4294967295,0,0
oInvCollPH,1424,1040,00192DE6,0,1,1,4294967295,0,0
oInvCollPH,1424,1056,002CD6D2,0,1,1,4294967295,0,0
oInvCollPH,1424,1072,00213DE6,0,1,1,4294967295,0,0
oInvCollPH,1424,1088,0002DD2D,0,1,1,4294967295,0,0
oInvCollPH,1600,1088,003E3AA7,0,1,1,4294967295,0,0
oInvCollPH,1616,1088,003DE20D,0,1,1,4294967295,0,0
oInvCollPH,1632,1088,0032FE0B,0,1,1,4294967295,0,0
oInvCollPH,1648,1088,001660D8,0,1,1,4294967295,0,0
oInvCollPH,1664,1088,003D6014,0,1,1,4294967295,0,0
oInvCollPH,1600,800,0020F5FC,0,1,1,4294967295,0,0
oInvCollPH,1616,800,003F866E,0,1,1,4294967295,0,0
oInvCollPH,1632,800,00170106,0,1,1,4294967295,0,0
oInvCollPH,1648,800,000F2308,0,1,1,4294967295,0,0
oInvCollPH,1664,800,0017697A,0,1,1,4294967295,0,0
oInvCollPH,1680,800,003B8C74,0,1,1,4294967295,0,0
oInvCollPH,1488,784,002A1D4D,0,1,1,4294967295,0,0
oInvCollPH,1504,784,00313938,0,1,1,4294967295,0,0
oInvCollPH,1520,784,001287B2,0,1,1,4294967295,0,0
oInvCollPH,1536,784,000B7721,0,1,1,4294967295,0,0
oInvCollPH,1552,784,001AC397,0,1,1,4294967295,0,0
oInvCollPH,1568,784,0032EDC5,0,1,1,4294967295,0,0
oInvCollPH,1184,1104,0005FB00,0,1,1,4294967295,0,0
oInvCollPH,1200,1104,001A5270,0,1,1,4294967295,0,0
oInvCollPH,1216,1104,00361CF8,0,1,1,4294967295,0,0
oInvCollPH,1232,1104,001C047C,0,1,1,4294967295,0,0
oInvCollPH,1248,1104,002EBB12,0,1,1,4294967295,0,0
oInvCollPH,1264,1104,0035A483,0,1,1,4294967295,0,0
oInvCollPH,1280,1104,00078B7B,0,1,1,4294967295,0,0
oInvCollPH,1296,1104,003C26A7,0,1,1,4294967295,0,0
oInvCollPH,1312,1104,002C3A79,0,1,1,4294967295,0,0
oInvCollPH,1568,1104,000CE6C6,0,1,1,4294967295,0,0
oInvCollPH,1552,1104,00011A74,0,1,1,4294967295,0,0
oInvCollPH,1536,1104,0006900B,0,1,1,4294967295,0,0
oInvCollPH,1520,1104,001E649D,0,1,1,4294967295,0,0
oInvCollPH,1504,1104,003E6CD6,0,1,1,4294967295,0,0
oInvCollPH,1488,1104,0020A2B6,0,1,1,4294967295,0,0
oInvCollPH,1472,1104,0031B031,0,1,1,4294967295,0,0
oInvCollPH,1456,1104,000337A0,0,1,1,4294967295,0,0
oInvCollPH,1440,1104,00288036,0,1,1,4294967295,0,0
oInvCollPH,1408,1104,003DD895,0,1,1,4294967295,0,0
oInvCollPH,1392,1104,0014CD51,0,1,1,4294967295,0,0
oInvCollPH,1376,1104,00261F8E,0,1,1,4294967295,0,0
oInvCollPH,1360,1104,001223C2,0,1,1,4294967295,0,0
oInvCollPH,1344,1104,003643F9,0,1,1,4294967295,0,0
oInvCollPH,1328,1104,0021A9FD,0,1,1,4294967295,0,0
oInvCollPH,992,1088,003D68B3,0,1,1,4294967295,0,0
oInvCollPH,1008,1088,003E3689,0,1,1,4294967295,0,0
oInvCollPH,1024,1088,003E71E3,0,1,1,4294967295,0,0
oInvCollPH,1152,1088,0012B09C,0,1,1,4294967295,0,0
oInvCollPH,1136,1088,00281252,0,1,1,4294967295,0,0
oInvCollPH,1120,1088,0017826D,0,1,1,4294967295,0,0
oInvCollPH,1104,1088,002E12D6,0,1,1,4294967295,0,0
oInvCollPH,1088,1088,0008B520,0,1,1,4294967295,0,0
oInvCollPH,1072,1088,00087B5C,0,1,1,4294967295,0,0
oInvCollPH,1056,1088,0033C58B,0,1,1,4294967295,0,0
oInvCollPH,784,1120,0030B6EE,0,1,1,4294967295,0,0
oInvCollPH,800,1120,001645DB,0,1,1,4294967295,0,0
oInvCollPH,816,1120,000B41C5,0,1,1,4294967295,0,0
oInvCollPH,832,1120,0030EB6A,0,1,1,4294967295,0,0
oInvCollPH,864,1136,000F090D,0,1,1,4294967295,0,0
oInvCollPH,880,1136,000D96AE,0,1,1,4294967295,0,0
oInvCollPH,960,1104,0039BEB7,0,1,1,4294967295,0,0
oInvCollPH,912,1120,000FFAEA,0,1,1,4294967295,0,0
oInvCollPH,928,1120,001AED2D,0,1,1,4294967295,0,0
oInvCollPH,528,1104,0034BD06,0,1,1,4294967295,0,0
oInvCollPH,560,1104,0006C510,0,1,1,4294967295,0,0
oInvCollPH,576,1104,00334F49,0,1,1,4294967295,0,0
oInvCollPH,752,1104,00116853,0,1,1,4294967295,0,0
oInvCollPH,736,1104,00101996,0,1,1,4294967295,0,0
oInvCollPH,720,1104,00176DCE,0,1,1,4294967295,0,0
oInvCollPH,704,1104,003B5E53,0,1,1,4294967295,0,0
oInvCollPH,624,1104,001DF8C6,0,1,1,4294967295,0,0
oInvCollPH,640,1104,000B4541,0,1,1,4294967295,0,0
oInvCollPH,672,1104,00100319,0,1,1,4294967295,0,0
oInvCollPH,656,1104,0010BC16,0,1,1,4294967295,0,0
oInvCollPH,592,1104,00322135,0,1,1,4294967295,0,0
oInvCollPH,608,1104,000CDDEA,0,1,1,4294967295,0,0
oInvCollPH,704,976,000C933A,0,1,1,4294967295,0,0
oInvCollPH,720,976,00331DF8,0,1,1,4294967295,0,0
oInvCollPH,736,976,003AFB74,0,1,1,4294967295,0,0
oInvCollPH,752,976,001DF432,0,1,1,4294967295,0,0
oInvCollPH,768,976,002DEF59,0,1,1,4294967295,0,0
oInvCollPH,784,976,0037270A,0,1,1,4294967295,0,0
oInvCollPH,800,976,000A862B,0,1,1,4294967295,0,0
oInvCollPH,816,976,0014AF3F,0,1,1,4294967295,0,0
oInvCollPH,832,976,003C5262,0,1,1,4294967295,0,0
oInvCollPH,1040,976,003349ED,0,1,1,4294967295,0,0
oInvCollPH,1024,976,001CF7E7,0,1,1,4294967295,0,0
oInvCollPH,1008,976,00071FD1,0,1,1,4294967295,0,0
oInvCollPH,992,976,002F97F1,0,1,1,4294967295,0,0
oInvCollPH,976,976,00213301,0,1,1,4294967295,0,0
oInvCollPH,960,976,002DB139,0,1,1,4294967295,0,0
oInvCollPH,944,976,0017A9B4,0,1,1,4294967295,0,0
oInvCollPH,928,976,003A77D4,0,1,1,4294967295,0,0
oInvCollPH,912,976,0011ED80,0,1,1,4294967295,0,0
oInvCollPH,896,976,0027E00E,0,1,1,4294967295,0,0
oInvCollPH,848,976,003EBA39,0,1,1,4294967295,0,0
oInvCollPH,864,976,00076B79,0,1,1,4294967295,0,0
oInvCollPH,880,976,001E8D6F,0,1,1,4294967295,0,0
oInvCollPH,416,1136,00060279,0,1,1,4294967295,0,0
oInvCollPH,432,1136,0004BD18,0,1,1,4294967295,0,0
oInvCollPH,1232,624,00299858,0,1,1,4294967295,0,0
oInvCollPH,1248,624,0010589F,0,1,1,4294967295,0,0
oInvCollPH,1264,624,0008DAFA,0,1,1,4294967295,0,0
oInvCollPH,848,656,0031909B,0,1,1,4294967295,0,0
oInvisibleSolid,304,416,000A5F67,0,1,1,4294967295,0,1
oInvisibleSolid,272,432,000CE1A3,0,1,1,4294967295,0,1
oInvisibleSolid,256,448,003BAD79,0,1,1,4294967295,0,1
oInvisibleSolid,352,464,003D8E2A,0,1,1,4294967295,0,1
oInvisibleSolid,240,464,003B628F,0,1,1,4294967295,0,1
oInvisibleSolid,256,512,001EADB1,0,1,1,4294967295,0,1
oInvisibleSolid,352,496,000DA3D5,0,1,1,4294967295,0,1
oInvisibleSolid,272,544,0030D3D8,0,1,1,4294967295,0,1
oInvisibleSolid,720,272,0011D866,0,1,1,4294967295,0,1
oInvisibleSolid,880,288,0006FC18,0,1,1,4294967295,0,1
oInvisibleSolid,576,272,0019B154,0,1,1,4294967295,0,1
oInvisibleSolid,304,256,001C30B7,0,1,1,4294967295,0,1
oInvisibleSolid,240,240,0014D12D,0,1,1,4294967295,0,1
oInvisibleSolid,176,224,001480B9,0,1,1,4294967295,0,1
oInvisibleSolid,176,32,003D6818,0,1,1,4294967295,0,1
oInvisibleSolid,272,48,003213A7,0,1,1,4294967295,0,1
oInvisibleSolid,304,64,00032165,0,1,1,4294967295,0,1
oInvisibleSolid,336,80,0006C196,0,1,1,4294967295,0,1
oInvisibleSolid,368,96,003CB6B9,0,1,1,4294967295,0,1
oInvisibleSolid,384,112,0010E3C3,0,1,1,4294967295,0,1
oInvisibleSolid,384,128,00187B60,0,1,1,4294967295,0,1
oInvisibleSolid,400,144,001DB0BC,0,1,1,4294967295,0,1
oInvisibleSolid,400,160,00368153,0,1,1,4294967295,0,1
oInvisibleSolid,144,48,0024FE2A,0,1,1,4294967295,0,1
oInvisibleSolid,112,80,003AC34E,0,1,1,4294967295,0,1
oInvisibleSolid,128,128,003BEFF4,0,1,1,4294967295,0,1
oInvisibleSolid,144,176,000010F9,0,1,1,4294967295,0,1
oInvisibleSolid,96,208,000FB0D2,0,1,1,4294967295,0,1
oInvisibleSolid,80,240,0011F8EC,0,1,1,4294967295,0,1
oInvisibleSolid,128,384,001A14F5,0,1,1,4294967295,0,1
oInvisibleSolid,112,496,00115230,0,1,1,4294967295,0,1
oInvisibleSolid,144,512,001CEE50,0,1,1,4294967295,0,1
oInvisibleSolid,1072,368,0019C792,0,1,1,4294967295,0,1
oInvisibleSolid,1024,352,00156AF5,0,1,1,4294967295,0,1
oInvisibleSolid,992,336,0034A502,0,1,1,4294967295,0,1
oInvisibleSolid,976,320,00145F04,0,1,1,4294967295,0,1
oInvisibleSolid,832,48,0007AC28,0,1,1,4294967295,0,1
oInvisibleSolid,928,64,0005C180,0,1,1,4294967295,0,1
oInvisibleSolid,960,80,003B0EA2,0,1,1,4294967295,0,1
oInvisibleSolid,976,96,00019046,0,1,1,4294967295,0,1
oInvisibleSolid,992,144,0015640A,0,1,1,4294967295,0,1
oInvisibleSolid,992,160,0039ED4D,0,1,1,4294967295,0,1
oInvisibleSolid,1088,128,002F9585,0,1,1,4294967295,0,1
oInvisibleSolid,1088,144,0020614C,0,1,1,4294967295,0,1
oInvisibleSolid,1104,16,0014B9C0,0,1,1,4294967295,0,1
oInvisibleSolid,1184,32,001ED12F,0,1,1,4294967295,0,1
oInvisibleSolid,1344,32,00077CAF,0,1,1,4294967295,0,1
oInvisibleSolid,1392,48,001F21CD,0,1,1,4294967295,0,1
oInvisibleSolid,1696,32,00063B7A,0,1,1,4294967295,0,1
oInvisibleSolid,1824,48,00254BF7,0,1,1,4294967295,0,1
oInvisibleSolid,1936,64,000730AE,0,1,1,4294967295,0,1
oInvisibleSolid,1952,80,002B218B,0,1,1,4294967295,0,1
oInvisibleSolid,1968,112,00363C7E,0,1,1,4294967295,0,1
oInvisibleSolid,1904,240,000D28CD,0,1,1,4294967295,0,1
oInvisibleSolid,1184,288,0033A0D1,0,1,1,4294967295,0,0
oInvisibleSolid,1248,288,002388F1,0,1,1,4294967295,0,1
oInvisibleSolid,1840,208,001246AC,0,1,1,4294967295,0,1
oInvisibleSolid,1792,192,0005DAB0,0,1,1,4294967295,0,1
oInvisibleSolid,1728,160,001246D2,0,1,1,4294967295,0,1
oInvisibleSolid,1664,144,001770B2,0,1,1,4294967295,0,1
oInvisibleSolid,1616,144,000AEAD5,0,1,1,4294967295,0,1
oInvisibleSolid,1232,272,002879FE,0,1,1,4294967295,0,1
oInvisibleSolid,1856,240,001BA305,0,1,1,4294967295,0,1
oInvisibleSolid,1872,256,00362B3D,0,1,1,4294967295,0,1
oInvisibleSolid,1744,176,002FFAF4,0,1,1,4294967295,0,1
oInvisibleSolid,1680,160,00284EDB,0,1,1,4294967295,0,1
oInvisibleSolid,1488,144,0039FDAE,0,1,1,4294967295,0,1
oInvisibleSolid,1408,160,000C96A7,0,1,1,4294967295,0,1
oInvisibleSolid,1360,176,00134087,0,1,1,4294967295,0,1
oInvisibleSolid,1312,160,001DE6AD,0,1,1,4294967295,0,1
oInvisibleSolid,976,272,0008AC9A,0,1,1,4294967295,0,1
oInvisibleSolid,128,64,003E035F,0,1,1,4294967295,0,0
oInvisibleSolid,96,352,0008C8C2,0,1,1,4294967295,0,1
oInvisibleSolid,112,368,001D20EF,0,1,1,4294967295,0,1
oInvisibleSolid,80,464,001204AE,0,1,1,4294967295,0,0
oInvisibleSolid,96,480,002C6238,0,1,1,4294967295,0,0
oInvisibleSolid,1952,192,0027BF01,0,1,1,4294967295,0,0
oInvisibleSolid,1936,208,001AE4E6,0,1,1,4294967295,0,0
oInvisibleSolid,1920,224,00168D4E,0,1,1,4294967295,0,0
oInvisibleSolid,1152,160,00244B8A,0,1,1,4294967295,0,0
oInvisibleSolid,1136,176,000627AB,0,1,1,4294967295,0,0
oInvisibleSolid,1216,256,00359566,0,1,1,4294967295,0,0
oInvisibleSolid,1168,144,0002C176,0,1,1,4294967295,0,1
oInvisibleSolid,1216,128,001F0791,0,1,1,4294967295,0,1
oInvisibleSolid,1328,320,0037A208,0,1,1,4294967295,0,1
oInvisibleSolid,1344,352,0001BBDB,0,1,1,4294967295,0,1
oInvisibleSolid,1360,384,003EA778,0,1,1,4294967295,0,1
oInvisibleSolid,1376,416,000B1A5A,0,1,1,4294967295,0,1
oInvisibleSolid,1344,480,002021C8,0,1,1,4294967295,0,1
oInvisibleSolid,1312,496,00117FD7,0,1,1,4294967295,0,1
oInvisibleSolid,1232,512,0014D7E3,0,1,1,4294967295,0,1
oInvisibleSolid,1168,528,00149F70,0,1,1,4294967295,0,1
oInvisibleSolid,1024,544,000A7A24,0,1,1,4294967295,0,1
oInvisibleSolid,944,528,0033C577,0,1,1,4294967295,0,1
oInvisibleSolid,928,544,0006752A,0,1,1,4294967295,0,1
oInvisibleSolid,896,544,0037AA9D,0,1,1,4294967295,0,1
oInvisibleSolid,784,496,003191A3,0,1,1,4294967295,0,1
oInvisibleSolid,720,512,00043103,0,1,1,4294967295,0,1
oInvisibleSolid,704,560,002240C2,0,1,1,4294967295,0,1
oInvisibleSolid,688,592,0038EAB7,0,1,1,4294967295,0,1
oInvisibleSolid,672,624,0006EA43,0,1,1,4294967295,0,0
oInvisibleSolid,432,592,002D4122,0,1,1,4294967295,0,1
oInvisibleSolid,160,560,00142B7A,0,1,1,4294967295,0,1
oInvisibleSolid,192,576,002FBE97,0,1,1,4294967295,0,0
oInvisibleSolid,208,592,00101CF9,0,1,1,4294967295,0,1
oInvisibleSolid,240,608,000AAE71,0,1,1,4294967295,0,0
oInvisibleSolid,256,624,002B88E9,0,1,1,4294967295,0,1
oInvisibleSolid,288,640,001B089B,0,1,1,4294967295,0,1
oInvisibleSolid,384,608,003B740B,0,1,1,4294967295,0,1
oInvisibleSolid,352,624,00389931,0,1,1,4294967295,0,1
oInvisibleSolid,960,608,002352C3,0,1,1,4294967295,0,1
oInvisibleSolid,1664,400,000D7B07,0,1,1,4294967295,0,1
oInvisibleSolid,1776,432,0028C34F,0,1,1,4294967295,0,1
oInvisibleSolid,1824,448,001766D7,0,1,1,4294967295,0,1
oInvisibleSolid,1888,432,00106187,0,1,1,4294967295,0,0
oInvisibleSolid,1008,704,000B5CDC,0,1,1,4294967295,0,1
oInvisibleSolid,1088,640,002C1FB3,0,1,1,4294967295,0,1
oInvisibleSolid,720,640,0032627D,0,1,1,4294967295,0,1
oInvisibleSolid,800,672,0020E385,0,1,1,4294967295,0,1
oInvisibleSolid,752,688,00053EEE,0,1,1,4294967295,0,1
oInvisibleSolid,368,752,001E338E,0,1,1,4294967295,0,1
oInvisibleSolid,288,736,0031B541,0,1,1,4294967295,0,1
oInvisibleSolid,224,720,002D2FE1,0,1,1,4294967295,0,1
oInvisibleSolid,176,704,002AE35B,0,1,1,4294967295,0,1
oInvisibleSolid,160,688,0025D679,0,1,1,4294967295,0,0
oInvisibleSolid,128,656,0023682C,0,1,1,4294967295,0,1
oInvisibleSolid,80,640,002A251F,0,1,1,4294967295,0,1
oInvisibleSolid,64,656,001FB58F,0,1,1,4294967295,0,0
oInvisibleSolid,48,672,002E3A97,0,1,1,4294967295,0,0
oInvisibleSolid,64,688,0028EB3C,0,1,1,4294967295,0,1
oInvisibleSolid,80,720,001A87D6,0,1,1,4294967295,0,1
oInvisibleSolid,112,816,002F4D51,0,1,1,4294967295,0,1
oInvisibleSolid,96,864,0012F4B3,0,1,1,4294967295,0,1
oInvisibleSolid,160,912,002DF6D6,0,1,1,4294967295,0,1
oInvisibleSolid,432,848,002F2581,0,1,1,4294967295,0,1
oInvisibleSolid,400,800,002822B1,0,1,1,4294967295,0,1
oInvisibleSolid,448,928,00186988,0,1,1,4294967295,0,1
oInvisibleSolid,448,976,001C487A,0,1,1,4294967295,0,0
oInvisibleSolid,448,992,00139BA3,0,1,1,4294967295,0,1
oInvisibleSolid,544,1008,001C2FD5,0,1,1,4294967295,0,1
oInvisibleSolid,64,944,0015D62A,0,1,1,4294967295,0,1
oInvisibleSolid,80,1008,000EAEB1,0,1,1,4294967295,0,1
oInvisibleSolid,80,928,0039E88D,0,1,1,4294967295,0,0
oInvisibleSolid,1088,736,000F30D3,0,1,1,4294967295,0,1
oInvisibleSolid,1168,720,000AFDEB,0,1,1,4294967295,0,0
oInvisibleSolid,1184,704,0015EA1B,0,1,1,4294967295,0,1
oInvisibleSolid,1216,688,003E4EC2,0,1,1,4294967295,0,0
oInvisibleSolid,1232,672,002F4DDF,0,1,1,4294967295,0,0
oInvisibleSolid,1248,656,00264833,0,1,1,4294967295,0,1
oInvisibleSolid,1280,640,00331A3E,0,1,1,4294967295,0,0
oInvisibleSolid,1200,752,0018E8C2,0,1,1,4294967295,0,1
oInvisibleSolid,1120,880,00016A38,0,1,1,4294967295,0,1
oInvisibleSolid,992,896,00122046,0,1,1,4294967295,0,1
oInvisibleSolid,992,912,003A5FBD,0,1,1,4294967295,0,1
oInvisibleSolid,688,976,0017711C,0,1,1,4294967295,0,1
oInvisibleSolid,688,992,0040457F,0,1,1,4294967295,0,1
oInvisibleSolid,1040,992,00338F9B,0,1,1,4294967295,0,1
oInvisibleSolid,1040,1040,002146D5,0,1,1,4294967295,0,1
oInvisibleSolid,688,1056,002EDEF1,0,1,1,4294967295,0,1
oInvisibleSolid,1376,784,00315CDC,0,1,1,4294967295,0,1
oInvisibleSolid,1392,880,000BB68A,0,1,1,4294967295,0,1
oInvisibleSolid,1424,880,000B3834,0,1,1,4294967295,0,1
oInvisibleSolid,1424,992,00056013,0,1,1,4294967295,0,1
oInvisibleSolid,1280,752,00154E5B,0,1,1,4294967295,0,1
oInvisibleSolid,1328,768,000A2B6C,0,1,1,4294967295,0,1
oInvisibleSolid,1472,784,00371782,0,1,1,4294967295,0,1
oInvisibleSolid,1584,800,00242D1A,0,1,1,4294967295,0,1
oInvisibleSolid,1696,816,00152189,0,1,1,4294967295,0,1
oInvisibleSolid,1792,832,001FCA55,0,1,1,4294967295,0,1
oInvisibleSolid,1872,848,000029DB,0,1,1,4294967295,0,1
oInvisibleSolid,1904,864,000B7398,0,1,1,4294967295,0,0
oInvisibleSolid,1920,880,002C7A24,0,1,1,4294967295,0,0
oInvisibleSolid,1936,896,003EBADC,0,1,1,4294967295,0,1
oInvisibleSolid,1936,960,003A0A5F,0,1,1,4294967295,0,1
oInvisibleSolid,1920,992,003F3E7F,0,1,1,4294967295,0,0
oInvisibleSolid,1904,1008,001AA26D,0,1,1,4294967295,0,0
oInvisibleSolid,1872,1024,003BD4F6,0,1,1,4294967295,0,1
oInvisibleSolid,1824,1040,0030F505,0,1,1,4294967295,0,1
oInvisibleSolid,1760,1056,002341BE,0,1,1,4294967295,0,1
oInvisibleSolid,1680,1072,00366266,0,1,1,4294967295,0,1
oInvisibleSolid,1584,1088,00198B86,0,1,1,4294967295,0,1
oInvisibleSolid,1168,1104,003D997A,0,1,1,4294967295,0,1
oInvisibleSolid,976,1088,001DFB72,0,1,1,4294967295,0,1
oInvisibleSolid,944,1104,000C3040,0,1,1,4294967295,0,1
oInvisibleSolid,896,1120,00129F49,0,1,1,4294967295,0,1
oInvisibleSolid,848,1136,00147BA2,0,1,1,4294967295,0,1
oInvisibleSolid,768,1120,00397B32,0,1,1,4294967295,0,1
oInvisibleSolid,512,1104,000795C5,0,1,1,4294967295,0,1
oInvisibleSolid,448,1120,000B3675,0,1,1,4294967295,0,1
oInvisibleSolid,400,1136,001C0413,0,1,1,4294967295,0,1
oInvisibleSolid,368,1152,0016325C,0,1,1,4294967295,0,1
oInvisibleSolid,256,1168,002C1E94,0,1,1,4294967295,0,1
oInvisibleSolid,224,1152,002144CA,0,1,1,4294967295,0,1
oInvisibleSolid,208,1136,0015E507,0,1,1,4294967295,0,0
oInvisibleSolid,192,1104,000EA866,0,1,1,4294967295,0,1
oInvisibleSolid,176,1056,003DB01F,0,1,1,4294967295,0,1
oInvisibleSolid,160,1040,0020C6AC,0,1,1,4294967295,0,0
oInvisibleSolid,112,1024,00044CEF,0,1,1,4294967295,0,1
oInvisibleSolid,64,288,00375C38,0,1,1,4294967295,0,0
oInvisibleSolid,80,304,0001CD79,0,1,1,4294967295,0,1
