oExit,576,1040,0022B348,0,1,1,4294967295,0,1
oExit,1904,336,001B2D3D,0,1,1,4294967295,0,1
oExit,0,656,000A747F,0,1,1,4294967295,0,1
oExit,864,-16,00167E56,0,1,1,4294967295,0,1
oGamePower,1536,496,0003E458,0,1,1,4294967295,0,1
oGamePower,96,784,0037F5BB,0,1,1,4294967295,0,1
oLockedDoor,448,304,0031B2AA,0,1,1,4294967295,0,1
oLockedDoor,640,128,0010F24A,0,1,1,4294967295,0,1
oMovingTrap,1768,456,000CFA70,0,1,1,4294967295,0,1
oLatchCrystal,304,800,003B1725,0,1,1,4294967295,0,0
oLatchCrystal,208,784,002DA24C,0,1,1,4294967295,0,0
oLatchCrystal,1264,768,00256ACB,0,1,1,4294967295,0,0
oLatchCrystal,1136,640,00125C0F,0,1,1,4294967295,0,0
oLatchCrystal,1264,688,0020A7CF,0,1,1,4294967295,0,0
oLatchCrystal,1824,656,0016938B,0,1,1,4294967295,0,0
oLatchCrystal,1712,608,0020C191,0,1,1,4294967295,0,0
oLatchCrystal,1824,576,002CAF27,0,1,1,4294967295,0,0
oLatchCrystal,1712,528,0010235B,0,1,1,4294967295,0,0
oLatchCrystal,1824,496,002E2A2D,0,1,1,4294967295,0,0
oLatchCrystal,832,464,001EAD49,0,1,1,4294967295,0,0
oLatchCrystal,976,432,00247E51,0,1,1,4294967295,0,0
oLatchCrystal,1120,400,0028E2FE,0,1,1,4294967295,0,0
oLatchCrystal,1264,368,00007018,0,1,1,4294967295,0,0
oLatchCrystal,1200,320,00002F89,0,1,1,4294967295,0,0
oLatchCrystal,1056,320,003BE408,0,1,1,4294967295,0,0
oLatchCrystal,896,320,00304524,0,1,1,4294967295,0,0
oLatchCrystal,752,320,0008C9F6,0,1,1,4294967295,0,0
oPT_LavaBeast,1776,800,0035B8EC,0,1,1,4294967295,0,1
oPT_LavaBeast,304,1024,00027F0C,0,1,1,4294967295,0,1
oPT_IceSpirit,1696,192,000880F4,0,1,1,4294967295,0,1
oPT_IceSpirit,448,752,003BE0FB,0,1,1,4294967295,0,1
oPT_IceSpirit,240,352,00231486,0,1,1,4294967295,0,1
oPlayer1,736,976,003016B4,0,1,1,4294967295,0,0
oPT_FireEye,1200,816,00381C64,0,1,1,4294967295,0,1
oPT_FireEye,928,576,00261FEC,0,1,1,4294967295,0,1
oInvCollPH,704,992,00257098,0,1,1,4294967295,0,0
oInvCollPH,704,1008,00109DE6,0,1,1,4294967295,0,0
oInvCollPH,704,1024,001E5AB0,0,1,1,4294967295,0,0
oInvCollPH,704,1040,0039522C,0,1,1,4294967295,0,0
oInvCollPH,720,976,003AB533,0,1,1,4294967295,0,0
oInvCollPH,736,976,002F5FFF,0,1,1,4294967295,0,0
oInvCollPH,752,976,000A9060,0,1,1,4294967295,0,0
oInvCollPH,768,976,0026948D,0,1,1,4294967295,0,0
oInvCollPH,784,976,002D8479,0,1,1,4294967295,0,0
oInvCollPH,800,976,00066C00,0,1,1,4294967295,0,0
oInvCollPH,816,976,003B61FE,0,1,1,4294967295,0,0
oInvCollPH,832,976,003169F4,0,1,1,4294967295,0,0
oInvCollPH,848,976,003822F9,0,1,1,4294967295,0,0
oInvCollPH,944,976,001410FC,0,1,1,4294967295,0,0
oInvCollPH,928,976,003AD8AB,0,1,1,4294967295,0,0
oInvCollPH,912,976,0018061E,0,1,1,4294967295,0,0
oInvCollPH,896,976,0006EB06,0,1,1,4294967295,0,0
oInvCollPH,880,976,001A3950,0,1,1,4294967295,0,0
oInvCollPH,864,976,001A0D0D,0,1,1,4294967295,0,0
oInvCollPH,960,912,00350BA2,0,1,1,4294967295,0,0
oInvCollPH,960,928,00079F5A,0,1,1,4294967295,0,0
oInvCollPH,960,944,003C31E2,0,1,1,4294967295,0,0
oInvCollPH,960,960,003CD634,0,1,1,4294967295,0,0
oInvCollPH,976,896,002B7555,0,1,1,4294967295,0,0
oInvCollPH,992,896,0016D14E,0,1,1,4294967295,0,0
oInvCollPH,1008,896,00142179,0,1,1,4294967295,0,0
oInvCollPH,1024,896,000E7402,0,1,1,4294967295,0,0
oInvCollPH,1040,896,00096BE5,0,1,1,4294967295,0,0
oInvCollPH,1056,896,0027FB5B,0,1,1,4294967295,0,0
oInvCollPH,1072,880,003592CC,0,1,1,4294967295,0,0
oInvCollPH,1088,864,00157026,0,1,1,4294967295,0,0
oInvCollPH,1104,896,00143920,0,1,1,4294967295,0,0
oInvCollPH,1120,896,00187730,0,1,1,4294967295,0,0
oInvCollPH,1136,896,002C5964,0,1,1,4294967295,0,0
oInvCollPH,1136,912,00003813,0,1,1,4294967295,0,0
oInvCollPH,1136,928,0011819E,0,1,1,4294967295,0,0
oInvCollPH,1136,944,002DC64E,0,1,1,4294967295,0,0
oInvCollPH,1136,960,0024C74F,0,1,1,4294967295,0,0
oInvCollPH,1152,976,0016F94A,0,1,1,4294967295,0,0
oInvCollPH,1168,976,0036DAB0,0,1,1,4294967295,0,0
oInvCollPH,1344,976,000A04B0,0,1,1,4294967295,0,0
oInvCollPH,1328,976,0039EC0C,0,1,1,4294967295,0,0
oInvCollPH,1312,976,00290482,0,1,1,4294967295,0,0
oInvCollPH,1296,976,00376947,0,1,1,4294967295,0,0
oInvCollPH,1280,976,000F15AF,0,1,1,4294967295,0,0
oInvCollPH,1264,976,0010063D,0,1,1,4294967295,0,0
oInvCollPH,1248,976,0008D210,0,1,1,4294967295,0,0
oInvCollPH,1232,976,00159744,0,1,1,4294967295,0,0
oInvCollPH,1216,976,00335185,0,1,1,4294967295,0,0
oInvCollPH,1200,976,0029D271,0,1,1,4294967295,0,0
oInvCollPH,1184,976,001C376F,0,1,1,4294967295,0,0
oInvCollPH,1008,656,0011622F,0,1,1,4294967295,0,0
oInvCollPH,1008,672,0026BA14,0,1,1,4294967295,0,0
oInvCollPH,1008,688,0000FA24,0,1,1,4294967295,0,0
oInvCollPH,1008,704,001F5354,0,1,1,4294967295,0,0
oInvCollPH,1024,704,0017BA3E,0,1,1,4294967295,0,0
oInvCollPH,1024,688,0001C819,0,1,1,4294967295,0,0
oInvCollPH,1024,672,00026B58,0,1,1,4294967295,0,0
oInvCollPH,1024,656,00112AF3,0,1,1,4294967295,0,0
oInvCollPH,1024,640,00229A88,0,1,1,4294967295,0,0
oInvCollPH,992,720,0039262F,0,1,1,4294967295,0,0
oInvCollPH,976,720,002F58E0,0,1,1,4294967295,0,0
oInvCollPH,960,720,00134719,0,1,1,4294967295,0,0
oInvCollPH,944,720,0011EC46,0,1,1,4294967295,0,0
oInvCollPH,880,720,0039FDA2,0,1,1,4294967295,0,0
oInvCollPH,896,720,00200C5C,0,1,1,4294967295,0,0
oInvCollPH,912,720,0013F27E,0,1,1,4294967295,0,0
oInvCollPH,928,720,003B433A,0,1,1,4294967295,0,0
oInvCollPH,864,720,00011C82,0,1,1,4294967295,0,0
oInvCollPH,848,736,0012DF70,0,1,1,4294967295,0,0
oInvCollPH,848,752,003FAF4C,0,1,1,4294967295,0,0
oInvCollPH,864,752,00395D1C,0,1,1,4294967295,0,0
oInvCollPH,880,752,003B389A,0,1,1,4294967295,0,0
oInvCollPH,896,752,003B617F,0,1,1,4294967295,0,0
oInvCollPH,912,752,0030AE85,0,1,1,4294967295,0,0
oInvCollPH,928,752,001E3845,0,1,1,4294967295,0,0
oInvCollPH,944,752,00076254,0,1,1,4294967295,0,0
oInvCollPH,960,752,0031922C,0,1,1,4294967295,0,0
oInvCollPH,976,752,00271A49,0,1,1,4294967295,0,0
oInvCollPH,992,752,00328CFC,0,1,1,4294967295,0,0
oInvCollPH,1008,752,003DAA12,0,1,1,4294967295,0,0
oInvCollPH,1024,752,0005B232,0,1,1,4294967295,0,0
oInvCollPH,1024,736,0024D927,0,1,1,4294967295,0,0
oInvCollPH,1024,720,00006B06,0,1,1,4294967295,0,0
oInvCollPH,576,624,0024B73A,0,1,1,4294967295,0,0
oInvCollPH,592,624,00182BDE,0,1,1,4294967295,0,0
oInvCollPH,608,624,00207675,0,1,1,4294967295,0,0
oInvCollPH,624,624,003A932C,0,1,1,4294967295,0,0
oInvCollPH,560,640,000BFD92,0,1,1,4294967295,0,0
oInvCollPH,560,656,000E4DE3,0,1,1,4294967295,0,0
oInvCollPH,560,672,00093EC8,0,1,1,4294967295,0,0
oInvCollPH,560,688,003B74C6,0,1,1,4294967295,0,0
oInvCollPH,640,608,0012E41B,0,1,1,4294967295,0,0
oInvCollPH,656,608,001347B7,0,1,1,4294967295,0,0
oInvCollPH,672,624,000DF188,0,1,1,4294967295,0,0
oInvCollPH,688,624,00051847,0,1,1,4294967295,0,0
oInvCollPH,704,624,0003664C,0,1,1,4294967295,0,0
oInvCollPH,704,640,0036E386,0,1,1,4294967295,0,0
oInvCollPH,704,656,0039324C,0,1,1,4294967295,0,0
oInvCollPH,704,672,0013A763,0,1,1,4294967295,0,0
oInvCollPH,704,688,000EBA7A,0,1,1,4294967295,0,0
oInvCollPH,704,704,0027EA69,0,1,1,4294967295,0,0
oInvCollPH,704,720,001F74D1,0,1,1,4294967295,0,0
oInvCollPH,704,736,00336566,0,1,1,4294967295,0,0
oInvCollPH,704,752,0018366C,0,1,1,4294967295,0,0
oInvCollPH,688,752,00148ED5,0,1,1,4294967295,0,0
oInvCollPH,672,752,003DFCCB,0,1,1,4294967295,0,0
oInvCollPH,656,752,000D0FAD,0,1,1,4294967295,0,0
oInvCollPH,640,752,0025F3F8,0,1,1,4294967295,0,0
oInvCollPH,624,752,004000A1,0,1,1,4294967295,0,0
oInvCollPH,608,752,003C2F1B,0,1,1,4294967295,0,0
oInvCollPH,592,752,002AAE3E,0,1,1,4294967295,0,0
oInvCollPH,576,752,0015D134,0,1,1,4294967295,0,0
oInvCollPH,560,752,003D0782,0,1,1,4294967295,0,0
oInvCollPH,560,736,002E6289,0,1,1,4294967295,0,0
oInvCollPH,560,720,001F22B2,0,1,1,4294967295,0,0
oInvCollPH,560,704,000DC30D,0,1,1,4294967295,0,0
oInvCollPH,288,736,002E93C6,0,1,1,4294967295,0,0
oInvCollPH,304,736,001001AD,0,1,1,4294967295,0,0
oInvCollPH,320,736,0012C994,0,1,1,4294967295,0,0
oInvCollPH,64,736,002B48FC,0,1,1,4294967295,0,0
oInvCollPH,64,752,003CE16F,0,1,1,4294967295,0,0
oInvCollPH,64,768,000834DF,0,1,1,4294967295,0,0
oInvCollPH,64,784,000C82D8,0,1,1,4294967295,0,0
oInvCollPH,80,800,003781F0,0,1,1,4294967295,0,0
oInvCollPH,96,800,00376193,0,1,1,4294967295,0,0
oInvCollPH,112,800,00348E01,0,1,1,4294967295,0,0
oInvCollPH,128,800,003EDEDE,0,1,1,4294967295,0,0
oInvCollPH,128,816,002C2E1E,0,1,1,4294967295,0,0
oInvCollPH,128,832,0002C6D5,0,1,1,4294967295,0,0
oInvCollPH,128,848,00201A1C,0,1,1,4294967295,0,0
oInvCollPH,128,864,0023AF9C,0,1,1,4294967295,0,0
oInvCollPH,128,944,003A9BED,0,1,1,4294967295,0,0
oInvCollPH,128,928,0016DDF1,0,1,1,4294967295,0,0
oInvCollPH,128,912,001F696A,0,1,1,4294967295,0,0
oInvCollPH,128,896,0000C7CE,0,1,1,4294967295,0,0
oInvCollPH,128,880,00291DB2,0,1,1,4294967295,0,0
oInvCollPH,128,960,002A4E5F,0,1,1,4294967295,0,0
oInvCollPH,208,976,0023D5E6,0,1,1,4294967295,0,0
oInvCollPH,192,976,00163E77,0,1,1,4294967295,0,0
oInvCollPH,176,976,00128B13,0,1,1,4294967295,0,0
oInvCollPH,160,976,003D14AE,0,1,1,4294967295,0,0
oInvCollPH,272,976,0000E8D6,0,1,1,4294967295,0,0
oInvCollPH,256,976,001962A8,0,1,1,4294967295,0,0
oInvCollPH,240,976,00121A30,0,1,1,4294967295,0,0
oInvCollPH,224,976,0010FE63,0,1,1,4294967295,0,0
oInvCollPH,288,976,0016778B,0,1,1,4294967295,0,0
oInvCollPH,368,976,000079B1,0,1,1,4294967295,0,0
oInvCollPH,352,976,00258556,0,1,1,4294967295,0,0
oInvCollPH,336,976,00323400,0,1,1,4294967295,0,0
oInvCollPH,320,976,00001B0B,0,1,1,4294967295,0,0
oInvCollPH,304,976,0033A0A9,0,1,1,4294967295,0,0
oInvCollPH,448,976,000C3D6E,0,1,1,4294967295,0,0
oInvCollPH,432,976,002DEE07,0,1,1,4294967295,0,0
oInvCollPH,416,976,003E8970,0,1,1,4294967295,0,0
oInvCollPH,400,976,000C9AF7,0,1,1,4294967295,0,0
oInvCollPH,384,976,003BE19B,0,1,1,4294967295,0,0
oInvCollPH,528,976,00314698,0,1,1,4294967295,0,0
oInvCollPH,512,976,00124045,0,1,1,4294967295,0,0
oInvCollPH,496,976,0026B164,0,1,1,4294967295,0,0
oInvCollPH,480,976,000CACCA,0,1,1,4294967295,0,0
oInvCollPH,464,976,000C7288,0,1,1,4294967295,0,0
oInvCollPH,544,976,0020160D,0,1,1,4294967295,0,0
oInvCollPH,560,976,000028AC,0,1,1,4294967295,0,0
oInvCollPH,560,992,001CA64F,0,1,1,4294967295,0,0
oInvCollPH,560,1008,0032819E,0,1,1,4294967295,0,0
oInvCollPH,560,1024,0033E9E6,0,1,1,4294967295,0,0
oInvCollPH,560,1040,0012828D,0,1,1,4294967295,0,0
oInvCollPH,1408,416,0026D061,0,1,1,4294967295,0,0
oInvCollPH,1408,432,00137B0A,0,1,1,4294967295,0,0
oInvCollPH,1408,448,0019542D,0,1,1,4294967295,0,0
oInvCollPH,1408,464,00033417,0,1,1,4294967295,0,0
oInvCollPH,1408,480,002E1C7E,0,1,1,4294967295,0,0
oInvCollPH,1408,496,000AC7D3,0,1,1,4294967295,0,0
oInvCollPH,1360,496,00056B76,0,1,1,4294967295,0,0
oInvCollPH,1360,480,002FEA9F,0,1,1,4294967295,0,0
oInvCollPH,1360,464,001DB7B5,0,1,1,4294967295,0,0
oInvCollPH,1360,448,001D5EE5,0,1,1,4294967295,0,0
oInvCollPH,1360,432,00201F38,0,1,1,4294967295,0,0
oInvCollPH,1424,512,001A23B9,0,1,1,4294967295,0,0
oInvCollPH,1440,512,001829DE,0,1,1,4294967295,0,0
oInvCollPH,1456,512,001FD283,0,1,1,4294967295,0,0
oInvCollPH,1472,512,000D2203,0,1,1,4294967295,0,0
oInvCollPH,1504,512,001436B4,0,1,1,4294967295,0,0
oInvCollPH,1488,512,003AE93C,0,1,1,4294967295,0,0
oInvCollPH,1664,512,0025FFD9,0,1,1,4294967295,0,0
oInvCollPH,1648,512,002545F4,0,1,1,4294967295,0,0
oInvCollPH,1632,512,0013FF8C,0,1,1,4294967295,0,0
oInvCollPH,1616,512,002DC3EB,0,1,1,4294967295,0,0
oInvCollPH,1600,512,002E3352,0,1,1,4294967295,0,0
oInvCollPH,1584,512,002B3018,0,1,1,4294967295,0,0
oInvCollPH,1568,512,0026F8F1,0,1,1,4294967295,0,0
oInvCollPH,1552,512,000BE3E8,0,1,1,4294967295,0,0
oInvCollPH,1536,512,001B723B,0,1,1,4294967295,0,0
oInvCollPH,1520,512,002D86E8,0,1,1,4294967295,0,0
oInvCollPH,1360,528,001752EE,0,1,1,4294967295,0,0
oInvCollPH,1360,544,0025A9F8,0,1,1,4294967295,0,0
oInvCollPH,1360,560,000FF48F,0,1,1,4294967295,0,0
oInvCollPH,1360,576,0021B831,0,1,1,4294967295,0,0
oInvCollPH,1360,592,0008A884,0,1,1,4294967295,0,0
oInvCollPH,1360,608,00263CA9,0,1,1,4294967295,0,0
oInvCollPH,1360,624,002238FC,0,1,1,4294967295,0,0
oInvCollPH,1376,624,00268AD1,0,1,1,4294967295,0,0
oInvCollPH,1392,624,0003E65B,0,1,1,4294967295,0,0
oInvCollPH,1408,624,001871A3,0,1,1,4294967295,0,0
oInvCollPH,1424,624,000FB126,0,1,1,4294967295,0,0
oInvCollPH,1440,624,00076B80,0,1,1,4294967295,0,0
oInvCollPH,1456,624,00265DEF,0,1,1,4294967295,0,0
oInvCollPH,1472,624,002D0F2D,0,1,1,4294967295,0,0
oInvCollPH,1488,624,00147B89,0,1,1,4294967295,0,0
oInvCollPH,1504,624,001C77DC,0,1,1,4294967295,0,0
oInvCollPH,1520,624,003EA4BA,0,1,1,4294967295,0,0
oInvCollPH,1536,624,000C59B9,0,1,1,4294967295,0,0
oInvCollPH,1552,624,0022D0C4,0,1,1,4294967295,0,0
oInvCollPH,1568,624,000B0F25,0,1,1,4294967295,0,0
oInvCollPH,1584,624,0037AFD0,0,1,1,4294967295,0,0
oInvCollPH,1600,624,003C0FF4,0,1,1,4294967295,0,0
oInvCollPH,1616,624,003B7A89,0,1,1,4294967295,0,0
oInvCollPH,1632,624,000C9854,0,1,1,4294967295,0,0
oInvCollPH,1648,624,003E414F,0,1,1,4294967295,0,0
oInvCollPH,1664,624,0038EB4D,0,1,1,4294967295,0,0
oInvCollPH,1664,608,0031FF13,0,1,1,4294967295,0,0
oInvCollPH,1664,592,000D5EA1,0,1,1,4294967295,0,0
oInvCollPH,1664,576,0027543A,0,1,1,4294967295,0,0
oInvCollPH,1664,560,000C5E85,0,1,1,4294967295,0,0
oInvCollPH,1664,544,0028FDF6,0,1,1,4294967295,0,0
oInvCollPH,1664,528,00206297,0,1,1,4294967295,0,0
oInvCollPH,1360,384,003B4ECF,0,1,1,4294967295,0,0
oInvCollPH,1360,400,000A2649,0,1,1,4294967295,0,0
oInvCollPH,1376,368,0032938B,0,1,1,4294967295,0,0
oInvCollPH,1392,368,000BA84C,0,1,1,4294967295,0,0
oInvCollPH,1408,368,0025B6A7,0,1,1,4294967295,0,0
oInvCollPH,1440,352,003C7D0F,0,1,1,4294967295,0,0
oInvCollPH,1440,336,001B1D74,0,1,1,4294967295,0,0
oInvCollPH,1456,368,003EFC85,0,1,1,4294967295,0,0
oInvCollPH,1472,368,00353FE8,0,1,1,4294967295,0,0
oInvCollPH,1488,368,00037A59,0,1,1,4294967295,0,0
oInvCollPH,1504,368,0033D38B,0,1,1,4294967295,0,0
oInvCollPH,1520,368,001E9FF1,0,1,1,4294967295,0,0
oInvCollPH,1536,368,00099BF8,0,1,1,4294967295,0,0
oInvCollPH,1552,368,00395503,0,1,1,4294967295,0,0
oInvCollPH,1568,368,00288EC4,0,1,1,4294967295,0,0
oInvCollPH,1584,368,00198F2C,0,1,1,4294967295,0,0
oInvCollPH,1600,368,00218FDA,0,1,1,4294967295,0,0
oInvCollPH,1616,368,002164D7,0,1,1,4294967295,0,0
oInvCollPH,1632,368,000E95CC,0,1,1,4294967295,0,0
oInvCollPH,1648,368,00366016,0,1,1,4294967295,0,0
oInvCollPH,1664,368,004045F5,0,1,1,4294967295,0,0
oInvCollPH,1680,368,0023DAC7,0,1,1,4294967295,0,0
oInvCollPH,1664,400,00004566,0,1,1,4294967295,0,0
oInvCollPH,1648,400,0016E8E0,0,1,1,4294967295,0,0
oInvCollPH,1632,400,00093A35,0,1,1,4294967295,0,0
oInvCollPH,1616,400,0025F480,0,1,1,4294967295,0,0
oInvCollPH,1600,400,00222BFB,0,1,1,4294967295,0,0
oInvCollPH,1584,400,0031B5F0,0,1,1,4294967295,0,0
oInvCollPH,1568,400,003BA6CB,0,1,1,4294967295,0,0
oInvCollPH,1552,400,0000AB15,0,1,1,4294967295,0,0
oInvCollPH,1536,400,0007630B,0,1,1,4294967295,0,0
oInvCollPH,1520,400,000561B6,0,1,1,4294967295,0,0
oInvCollPH,1504,400,0015047E,0,1,1,4294967295,0,0
oInvCollPH,1488,400,00128BD7,0,1,1,4294967295,0,0
oInvCollPH,1472,400,0003F7B0,0,1,1,4294967295,0,0
oInvCollPH,1456,400,001E65B8,0,1,1,4294967295,0,0
oInvCollPH,1440,400,000AEADC,0,1,1,4294967295,0,0
oInvCollPH,1424,400,002C22B9,0,1,1,4294967295,0,0
oInvCollPH,1856,368,00343C4B,0,1,1,4294967295,0,0
oInvCollPH,1872,368,00142B69,0,1,1,4294967295,0,0
oInvCollPH,1888,368,000E98A2,0,1,1,4294967295,0,0
oInvCollPH,1904,368,0015EF30,0,1,1,4294967295,0,0
oInvCollPH,1856,416,001CF4C1,0,1,1,4294967295,0,0
oInvCollPH,1856,432,003C5DD8,0,1,1,4294967295,0,0
oInvCollPH,1856,448,00264E84,0,1,1,4294967295,0,0
oInvCollPH,1856,464,002D3F7F,0,1,1,4294967295,0,0
oInvCollPH,1856,544,001951C5,0,1,1,4294967295,0,0
oInvCollPH,1856,528,00400F0C,0,1,1,4294967295,0,0
oInvCollPH,1856,512,00025E8C,0,1,1,4294967295,0,0
oInvCollPH,1856,496,0000EED9,0,1,1,4294967295,0,0
oInvCollPH,1856,480,0038016E,0,1,1,4294967295,0,0
oInvCollPH,1856,624,00375C62,0,1,1,4294967295,0,0
oInvCollPH,1856,608,0011DA26,0,1,1,4294967295,0,0
oInvCollPH,1856,592,0027FF04,0,1,1,4294967295,0,0
oInvCollPH,1856,576,002359A4,0,1,1,4294967295,0,0
oInvCollPH,1856,560,003C5757,0,1,1,4294967295,0,0
oInvCollPH,1856,704,00205327,0,1,1,4294967295,0,0
oInvCollPH,1856,688,00016594,0,1,1,4294967295,0,0
oInvCollPH,1856,672,0015ED37,0,1,1,4294967295,0,0
oInvCollPH,1856,656,003F6BED,0,1,1,4294967295,0,0
oInvCollPH,1856,640,0034E5F6,0,1,1,4294967295,0,0
oInvCollPH,1856,720,000806D7,0,1,1,4294967295,0,0
oInvCollPH,1856,736,00382D7E,0,1,1,4294967295,0,0
oInvCollPH,1376,752,00102541,0,1,1,4294967295,0,0
oInvCollPH,1392,752,002E4F3D,0,1,1,4294967295,0,0
oInvCollPH,1408,752,0016AE1E,0,1,1,4294967295,0,0
oInvCollPH,1424,752,000307DF,0,1,1,4294967295,0,0
oInvCollPH,1440,752,003C61C2,0,1,1,4294967295,0,0
oInvCollPH,1456,752,00344077,0,1,1,4294967295,0,0
oInvCollPH,1472,752,0036A17F,0,1,1,4294967295,0,0
oInvCollPH,1488,752,0000BDD0,0,1,1,4294967295,0,0
oInvCollPH,1504,752,003BE086,0,1,1,4294967295,0,0
oInvCollPH,1520,752,001F199D,0,1,1,4294967295,0,0
oInvCollPH,1536,752,000E9400,0,1,1,4294967295,0,0
oInvCollPH,1552,752,000C7028,0,1,1,4294967295,0,0
oInvCollPH,1568,752,0010CA15,0,1,1,4294967295,0,0
oInvCollPH,1584,752,003982AC,0,1,1,4294967295,0,0
oInvCollPH,1600,752,001A44CB,0,1,1,4294967295,0,0
oInvCollPH,1616,752,00146C80,0,1,1,4294967295,0,0
oInvCollPH,1632,752,0036284D,0,1,1,4294967295,0,0
oInvCollPH,1648,752,0001FC47,0,1,1,4294967295,0,0
oInvCollPH,1664,752,00187C6E,0,1,1,4294967295,0,0
oInvCollPH,1680,752,0016B314,0,1,1,4294967295,0,0
oInvCollPH,1696,752,001EC607,0,1,1,4294967295,0,0
oInvCollPH,1712,752,001D1390,0,1,1,4294967295,0,0
oInvCollPH,1728,752,001A763B,0,1,1,4294967295,0,0
oInvCollPH,1744,752,002F1773,0,1,1,4294967295,0,0
oInvCollPH,1760,752,0023289F,0,1,1,4294967295,0,0
oInvCollPH,1776,752,0037246F,0,1,1,4294967295,0,0
oInvCollPH,1792,752,0034225B,0,1,1,4294967295,0,0
oInvCollPH,1808,752,0035DAE1,0,1,1,4294967295,0,0
oInvCollPH,1824,752,00374296,0,1,1,4294967295,0,0
oInvCollPH,1840,752,00254ACD,0,1,1,4294967295,0,0
oInvCollPH,1360,816,00161F00,0,1,1,4294967295,0,0
oInvCollPH,1360,800,003040E4,0,1,1,4294967295,0,0
oInvCollPH,1360,784,00373C35,0,1,1,4294967295,0,0
oInvCollPH,1360,768,002FF4C1,0,1,1,4294967295,0,0
oInvCollPH,1360,896,003E4712,0,1,1,4294967295,0,0
oInvCollPH,1360,880,002889A1,0,1,1,4294967295,0,0
oInvCollPH,1360,864,003C9582,0,1,1,4294967295,0,0
oInvCollPH,1360,848,00058525,0,1,1,4294967295,0,0
oInvCollPH,1360,832,0034C647,0,1,1,4294967295,0,0
oInvCollPH,1360,928,00150D1B,0,1,1,4294967295,0,0
oInvCollPH,1360,912,003DCDC5,0,1,1,4294967295,0,0
oInvCollPH,1360,960,00284ABA,0,1,1,4294967295,0,0
oInvCollPH,1360,944,0027BF3F,0,1,1,4294967295,0,0
oInvCollPH,1088,880,0005B4E8,0,1,1,4294967295,0,0
oInvCollPH,160,592,000CC4C0,0,1,1,4294967295,0,0
oInvCollPH,176,592,00307DC2,0,1,1,4294967295,0,0
oInvCollPH,192,592,003A30FC,0,1,1,4294967295,0,0
oInvCollPH,16,688,001E4CDA,0,1,1,4294967295,0,0
oInvCollPH,32,688,00174468,0,1,1,4294967295,0,0
oInvCollPH,48,688,00183130,0,1,1,4294967295,0,0
oInvCollPH,64,688,003418D3,0,1,1,4294967295,0,0
oInvCollPH,144,688,00347CAF,0,1,1,4294967295,0,0
oInvCollPH,128,688,00199004,0,1,1,4294967295,0,0
oInvCollPH,112,688,000B2BF6,0,1,1,4294967295,0,0
oInvCollPH,96,688,0039B531,0,1,1,4294967295,0,0
oInvCollPH,80,688,000ABEC8,0,1,1,4294967295,0,0
oInvCollPH,224,688,000B21A8,0,1,1,4294967295,0,0
oInvCollPH,208,688,002B14A9,0,1,1,4294967295,0,0
oInvCollPH,192,688,0026A049,0,1,1,4294967295,0,0
oInvCollPH,176,688,00125336,0,1,1,4294967295,0,0
oInvCollPH,160,688,0007FC95,0,1,1,4294967295,0,0
oInvCollPH,240,688,003F6034,0,1,1,4294967295,0,0
oInvCollPH,256,688,002FF2E5,0,1,1,4294967295,0,0
oInvCollPH,272,688,002AC5E7,0,1,1,4294967295,0,0
oInvCollPH,288,688,001ADE94,0,1,1,4294967295,0,0
oInvCollPH,320,688,0040089B,0,1,1,4294967295,0,0
oInvCollPH,320,704,001A540D,0,1,1,4294967295,0,0
oInvCollPH,320,720,00220058,0,1,1,4294967295,0,0
oInvCollPH,80,720,0025D9B1,0,1,1,4294967295,0,0
oInvCollPH,96,720,001709FC,0,1,1,4294967295,0,0
oInvCollPH,112,720,000E5E0B,0,1,1,4294967295,0,0
oInvCollPH,128,720,000DE68B,0,1,1,4294967295,0,0
oInvCollPH,144,720,002B3E47,0,1,1,4294967295,0,0
oInvCollPH,160,720,001D06EF,0,1,1,4294967295,0,0
oInvCollPH,176,720,000F71B8,0,1,1,4294967295,0,0
oInvCollPH,192,720,003E385A,0,1,1,4294967295,0,0
oInvCollPH,208,720,00159F80,0,1,1,4294967295,0,0
oInvCollPH,224,720,001B2E8F,0,1,1,4294967295,0,0
oInvCollPH,240,720,00134B51,0,1,1,4294967295,0,0
oInvCollPH,256,720,0009D69B,0,1,1,4294967295,0,0
oInvCollPH,304,656,00307B94,0,1,1,4294967295,0,0
oInvCollPH,304,672,001822AB,0,1,1,4294967295,0,0
oInvCollPH,320,672,003CBCFF,0,1,1,4294967295,0,0
oInvCollPH,320,656,00100ED9,0,1,1,4294967295,0,0
oInvCollPH,320,640,000D1E9A,0,1,1,4294967295,0,0
oInvCollPH,32,400,00050BFD,0,1,1,4294967295,0,0
oInvCollPH,32,416,003F7531,0,1,1,4294967295,0,0
oInvCollPH,32,432,0024CC52,0,1,1,4294967295,0,0
oInvCollPH,32,448,00304440,0,1,1,4294967295,0,0
oInvCollPH,32,464,0017C2C7,0,1,1,4294967295,0,0
oInvCollPH,32,544,001C0619,0,1,1,4294967295,0,0
oInvCollPH,32,528,0015E1A1,0,1,1,4294967295,0,0
oInvCollPH,32,512,002D7DF5,0,1,1,4294967295,0,0
oInvCollPH,32,496,001E4979,0,1,1,4294967295,0,0
oInvCollPH,32,480,002BB741,0,1,1,4294967295,0,0
oInvCollPH,32,560,002E2A39,0,1,1,4294967295,0,0
oInvCollPH,32,576,001380B7,0,1,1,4294967295,0,0
oInvCollPH,32,592,0025CD6E,0,1,1,4294967295,0,0
oInvCollPH,32,608,003EF6E7,0,1,1,4294967295,0,0
oInvCollPH,16,608,0039FBCC,0,1,1,4294967295,0,0
oInvCollPH,0,608,000DF7EE,0,1,1,4294967295,0,0
oInvCollPH,304,512,003C4E8F,0,1,1,4294967295,0,0
oInvCollPH,304,528,002B227E,0,1,1,4294967295,0,0
oInvCollPH,304,544,001065AB,0,1,1,4294967295,0,0
oInvCollPH,304,560,001A7DD2,0,1,1,4294967295,0,0
oInvCollPH,336,624,0034C729,0,1,1,4294967295,0,0
oInvCollPH,352,624,001BD536,0,1,1,4294967295,0,0
oInvCollPH,368,624,0034CB2A,0,1,1,4294967295,0,0
oInvCollPH,480,624,00079B32,0,1,1,4294967295,0,0
oInvCollPH,464,624,000C4FD2,0,1,1,4294967295,0,0
oInvCollPH,448,624,00338CA5,0,1,1,4294967295,0,0
oInvCollPH,432,624,00365E14,0,1,1,4294967295,0,0
oInvCollPH,416,624,0007E27A,0,1,1,4294967295,0,0
oInvCollPH,304,576,0022B17E,0,1,1,4294967295,0,0
oInvCollPH,304,592,0030E28B,0,1,1,4294967295,0,0
oInvCollPH,304,608,0029DEFA,0,1,1,4294967295,0,0
oInvCollPH,304,624,0035EC6B,0,1,1,4294967295,0,0
oInvCollPH,384,624,002BDACD,0,1,1,4294967295,0,0
oInvCollPH,400,624,00389D2A,0,1,1,4294967295,0,0
oInvCollPH,480,608,0012E012,0,1,1,4294967295,0,0
oInvCollPH,480,592,00115D05,0,1,1,4294967295,0,0
oInvCollPH,480,576,0000BBF1,0,1,1,4294967295,0,0
oInvCollPH,480,560,0030B64B,0,1,1,4294967295,0,0
oInvCollPH,480,544,002ACF74,0,1,1,4294967295,0,0
oInvCollPH,480,528,000E47F2,0,1,1,4294967295,0,0
oInvCollPH,480,512,00403D35,0,1,1,4294967295,0,0
oInvCollPH,320,496,002E24AE,0,1,1,4294967295,0,0
oInvCollPH,336,496,003ECD3E,0,1,1,4294967295,0,0
oInvCollPH,352,496,00003EE1,0,1,1,4294967295,0,0
oInvCollPH,384,464,00023B34,0,1,1,4294967295,0,0
oInvCollPH,400,464,00319779,0,1,1,4294967295,0,0
oInvCollPH,416,464,00059824,0,1,1,4294967295,0,0
oInvCollPH,432,464,002B3D2A,0,1,1,4294967295,0,0
oInvCollPH,464,368,0008FDFB,0,1,1,4294967295,0,0
oInvCollPH,480,368,003AFBDE,0,1,1,4294967295,0,0
oInvCollPH,496,368,0040038D,0,1,1,4294967295,0,0
oInvCollPH,512,368,001FBEFE,0,1,1,4294967295,0,0
oInvCollPH,576,368,0023FE21,0,1,1,4294967295,0,0
oInvCollPH,576,384,000EE0D7,0,1,1,4294967295,0,0
oInvCollPH,576,400,0036B3E7,0,1,1,4294967295,0,0
oInvCollPH,576,416,00128182,0,1,1,4294967295,0,0
oInvCollPH,576,432,00245F01,0,1,1,4294967295,0,0
oInvCollPH,368,480,002A842D,0,1,1,4294967295,0,0
oInvCollPH,448,400,000730A7,0,1,1,4294967295,0,0
oInvCollPH,448,416,002C4ED6,0,1,1,4294967295,0,0
oInvCollPH,448,432,0031679A,0,1,1,4294967295,0,0
oInvCollPH,448,448,000D1A28,0,1,1,4294967295,0,0
oInvCollPH,448,384,000DE071,0,1,1,4294967295,0,0
oInvCollPH,528,368,003AC8C1,0,1,1,4294967295,0,0
oInvCollPH,544,368,00095C5A,0,1,1,4294967295,0,0
oInvCollPH,560,368,00274B5E,0,1,1,4294967295,0,0
oInvCollPH,576,448,00174E71,0,1,1,4294967295,0,0
oInvCollPH,576,464,000EEA9D,0,1,1,4294967295,0,0
oInvCollPH,576,480,0005D122,0,1,1,4294967295,0,0
oInvCollPH,576,496,003ADCBB,0,1,1,4294967295,0,0
oInvCollPH,560,496,00365F66,0,1,1,4294967295,0,0
oInvCollPH,544,496,001DA9A8,0,1,1,4294967295,0,0
oInvCollPH,528,496,00159EFB,0,1,1,4294967295,0,0
oInvCollPH,512,496,00341270,0,1,1,4294967295,0,0
oInvCollPH,496,496,001FF9AC,0,1,1,4294967295,0,0
oInvCollPH,656,592,00393CF9,0,1,1,4294967295,0,0
oInvCollPH,656,576,0021E708,0,1,1,4294967295,0,0
oInvCollPH,640,592,0029EA27,0,1,1,4294967295,0,0
oInvCollPH,656,560,0032DE63,0,1,1,4294967295,0,0
oInvCollPH,640,576,001235CC,0,1,1,4294967295,0,0
oInvCollPH,1680,400,0002EED4,0,1,1,4294967295,0,0
oInvCollPH,1696,400,000FEE39,0,1,1,4294967295,0,0
oInvCollPH,1712,400,000E1760,0,1,1,4294967295,0,0
oInvCollPH,1728,400,001618FC,0,1,1,4294967295,0,0
oInvCollPH,1744,400,0023090E,0,1,1,4294967295,0,0
oInvCollPH,1760,400,003C206D,0,1,1,4294967295,0,0
oInvCollPH,1776,400,00210F26,0,1,1,4294967295,0,0
oInvCollPH,1792,400,00154A57,0,1,1,4294967295,0,0
oInvCollPH,1808,400,000D7622,0,1,1,4294967295,0,0
oInvCollPH,1824,400,002ECC90,0,1,1,4294967295,0,0
oInvCollPH,1840,400,00006836,0,1,1,4294967295,0,0
oInvCollPH,1696,368,0013DC91,0,1,1,4294967295,0,0
oInvCollPH,1712,368,0003A05F,0,1,1,4294967295,0,0
oInvCollPH,1728,368,0026D842,0,1,1,4294967295,0,0
oInvCollPH,1744,368,0036700A,0,1,1,4294967295,0,0
oInvCollPH,1760,368,0004AD2B,0,1,1,4294967295,0,0
oInvCollPH,1776,368,00003A9C,0,1,1,4294967295,0,0
oInvCollPH,1792,368,00266DBD,0,1,1,4294967295,0,0
oInvCollPH,1808,368,000BDD45,0,1,1,4294967295,0,0
oInvCollPH,1824,368,0001139E,0,1,1,4294967295,0,0
oInvCollPH,1840,368,0001C745,0,1,1,4294967295,0,0
oInvCollPH,1840,256,0017D528,0,1,1,4294967295,0,0
oInvCollPH,1856,256,003E614F,0,1,1,4294967295,0,0
oInvCollPH,1872,288,001CABED,0,1,1,4294967295,0,0
oInvCollPH,1888,288,0003AE34,0,1,1,4294967295,0,0
oInvCollPH,1904,288,00318B8F,0,1,1,4294967295,0,0
oInvCollPH,496,272,003AAE25,0,1,1,4294967295,0,0
oInvCollPH,624,64,000BC29F,0,1,1,4294967295,0,0
oInvCollPH,624,80,0000F0A5,0,1,1,4294967295,0,0
oInvCollPH,624,96,000FFE4F,0,1,1,4294967295,0,0
oInvCollPH,624,112,00196134,0,1,1,4294967295,0,0
oInvCollPH,640,112,000ECBCB,0,1,1,4294967295,0,0
oInvCollPH,656,112,00155451,0,1,1,4294967295,0,0
oInvCollPH,672,112,002D7FCC,0,1,1,4294967295,0,0
oInvCollPH,672,96,001953AA,0,1,1,4294967295,0,0
oInvCollPH,672,80,001C558A,0,1,1,4294967295,0,0
oInvCollPH,672,64,003BCAAE,0,1,1,4294967295,0,0
oInvCollPH,672,48,00326DD2,0,1,1,4294967295,0,0
oInvCollPH,48,384,003FE528,0,1,1,4294967295,0,0
oInvCollPH,64,384,001F144A,0,1,1,4294967295,0,0
oInvCollPH,80,384,000A162D,0,1,1,4294967295,0,0
oInvCollPH,96,384,003F3520,0,1,1,4294967295,0,0
oInvCollPH,112,384,0013D567,0,1,1,4294967295,0,0
oInvCollPH,128,384,0028CA99,0,1,1,4294967295,0,0
oInvCollPH,144,384,002BDBF4,0,1,1,4294967295,0,0
oInvCollPH,160,384,00369DC8,0,1,1,4294967295,0,0
oInvCollPH,160,368,00327B23,0,1,1,4294967295,0,0
oInvCollPH,160,352,001F2B70,0,1,1,4294967295,0,0
oInvCollPH,160,336,00013D65,0,1,1,4294967295,0,0
oInvCollPH,160,320,003932EE,0,1,1,4294967295,0,0
oInvCollPH,160,304,00231C5F,0,1,1,4294967295,0,0
oInvCollPH,1136,64,00107E34,0,1,1,4294967295,0,0
oInvCollPH,1136,80,003063CA,0,1,1,4294967295,0,0
oInvCollPH,1136,96,000DE08B,0,1,1,4294967295,0,0
oInvCollPH,1136,112,003FBA3A,0,1,1,4294967295,0,0
oInvCollPH,1136,192,000AE727,0,1,1,4294967295,0,0
oInvCollPH,1136,176,00346394,0,1,1,4294967295,0,0
oInvCollPH,1136,160,00148DBF,0,1,1,4294967295,0,0
oInvCollPH,1136,144,0000D268,0,1,1,4294967295,0,0
oInvCollPH,1136,128,001EAC9E,0,1,1,4294967295,0,0
oInvCollPH,1136,208,0033F6DB,0,1,1,4294967295,0,0
oInvCollPH,1136,224,0035060F,0,1,1,4294967295,0,0
oInvCollPH,1152,224,002242FE,0,1,1,4294967295,0,0
oInvCollPH,1168,224,00249DAF,0,1,1,4294967295,0,0
oInvCollPH,1184,224,001491F9,0,1,1,4294967295,0,0
oInvCollPH,1184,208,00262DC4,0,1,1,4294967295,0,0
oInvCollPH,1184,192,00104046,0,1,1,4294967295,0,0
oInvCollPH,1184,176,002901A8,0,1,1,4294967295,0,0
oInvCollPH,1184,160,001F92C9,0,1,1,4294967295,0,0
oInvCollPH,1184,144,0000F8D6,0,1,1,4294967295,0,0
oInvCollPH,1184,128,00115DA5,0,1,1,4294967295,0,0
oInvCollPH,1184,112,002D6DB6,0,1,1,4294967295,0,0
oInvCollPH,1184,96,0037E5F5,0,1,1,4294967295,0,0
oInvCollPH,1184,80,002CF839,0,1,1,4294967295,0,0
oInvCollPH,1184,64,00308688,0,1,1,4294967295,0,0
oInvCollPH,1184,48,003CC63B,0,1,1,4294967295,0,0
oInvCollPH,656,192,0029F71C,0,1,1,4294967295,0,0
oInvCollPH,640,192,0008CDB8,0,1,1,4294967295,0,0
oInvCollPH,624,192,001A9704,0,1,1,4294967295,0,0
oInvCollPH,608,192,003BC4D6,0,1,1,4294967295,0,0
oInvCollPH,736,192,002BE6D5,0,1,1,4294967295,0,0
oInvCollPH,720,192,0006C9E4,0,1,1,4294967295,0,0
oInvCollPH,704,192,002EDAC0,0,1,1,4294967295,0,0
oInvCollPH,688,192,0031D4A9,0,1,1,4294967295,0,0
oInvCollPH,672,192,00338408,0,1,1,4294967295,0,0
oInvCollPH,1088,192,0038E024,0,1,1,4294967295,0,0
oInvCollPH,1072,192,000D4F98,0,1,1,4294967295,0,0
oInvCollPH,1056,192,0014325D,0,1,1,4294967295,0,0
oInvCollPH,1040,192,001B3C24,0,1,1,4294967295,0,0
oInvCollPH,1024,192,0007B031,0,1,1,4294967295,0,0
oInvCollPH,1008,192,002F8CF4,0,1,1,4294967295,0,0
oInvCollPH,992,192,001C7A9C,0,1,1,4294967295,0,0
oInvCollPH,976,192,000064F7,0,1,1,4294967295,0,0
oInvCollPH,960,192,001E51FA,0,1,1,4294967295,0,0
oInvCollPH,944,192,0018D24E,0,1,1,4294967295,0,0
oInvCollPH,832,192,0034E342,0,1,1,4294967295,0,0
oInvCollPH,848,192,000BC11C,0,1,1,4294967295,0,0
oInvCollPH,928,192,00249CE2,0,1,1,4294967295,0,0
oInvCollPH,912,192,001F4171,0,1,1,4294967295,0,0
oInvCollPH,896,192,0014C1D6,0,1,1,4294967295,0,0
oInvCollPH,880,192,002DE37F,0,1,1,4294967295,0,0
oInvCollPH,864,192,002A6D70,0,1,1,4294967295,0,0
oInvCollPH,816,192,00176979,0,1,1,4294967295,0,0
oInvCollPH,800,192,00058CE0,0,1,1,4294967295,0,0
oInvCollPH,784,192,0028219E,0,1,1,4294967295,0,0
oInvCollPH,768,192,0033D964,0,1,1,4294967295,0,0
oInvCollPH,752,192,002D8F12,0,1,1,4294967295,0,0
oInvCollPH,592,208,0004383F,0,1,1,4294967295,0,0
oInvCollPH,592,224,00331BEF,0,1,1,4294967295,0,0
oInvCollPH,608,224,003F81C1,0,1,1,4294967295,0,0
oInvCollPH,624,224,0002205F,0,1,1,4294967295,0,0
oInvCollPH,640,224,002B7950,0,1,1,4294967295,0,0
oInvCollPH,656,224,001351F6,0,1,1,4294967295,0,0
oInvCollPH,672,224,0013EBC8,0,1,1,4294967295,0,0
oInvCollPH,688,224,00126FE9,0,1,1,4294967295,0,0
oInvCollPH,704,224,002169B2,0,1,1,4294967295,0,0
oInvCollPH,720,224,000A8E82,0,1,1,4294967295,0,0
oInvCollPH,736,224,002E6663,0,1,1,4294967295,0,0
oInvCollPH,752,224,000AF9CB,0,1,1,4294967295,0,0
oInvCollPH,768,224,001F087F,0,1,1,4294967295,0,0
oInvCollPH,784,224,0024E74C,0,1,1,4294967295,0,0
oInvCollPH,800,224,0018E00D,0,1,1,4294967295,0,0
oInvCollPH,816,224,003F4E4E,0,1,1,4294967295,0,0
oInvCollPH,832,224,0029F236,0,1,1,4294967295,0,0
oInvCollPH,848,224,002C392B,0,1,1,4294967295,0,0
oInvCollPH,864,224,0007FBB1,0,1,1,4294967295,0,0
oInvCollPH,880,224,002E899B,0,1,1,4294967295,0,0
oInvCollPH,896,224,002BE673,0,1,1,4294967295,0,0
oInvCollPH,912,224,00374C0D,0,1,1,4294967295,0,0
oInvCollPH,928,224,0034BB6C,0,1,1,4294967295,0,0
oInvCollPH,944,224,0002EFF9,0,1,1,4294967295,0,0
oInvCollPH,960,224,00356D55,0,1,1,4294967295,0,0
oInvCollPH,976,224,003E9FFE,0,1,1,4294967295,0,0
oInvCollPH,992,224,002870FB,0,1,1,4294967295,0,0
oInvCollPH,1008,224,0009E227,0,1,1,4294967295,0,0
oInvCollPH,1024,224,0002BB7F,0,1,1,4294967295,0,0
oInvCollPH,1040,224,0008F25D,0,1,1,4294967295,0,0
oInvCollPH,1056,224,0030D12D,0,1,1,4294967295,0,0
oInvCollPH,1072,224,000A12FF,0,1,1,4294967295,0,0
oInvCollPH,1088,224,003BD622,0,1,1,4294967295,0,0
oInvCollPH,1088,208,00220C1B,0,1,1,4294967295,0,0
oInvCollPH,1808,80,00172C3C,0,1,1,4294967295,0,0
oInvCollPH,1808,96,003BDF70,0,1,1,4294967295,0,0
oInvCollPH,1808,112,0012394D,0,1,1,4294967295,0,0
oInvCollPH,1808,64,003677FE,0,1,1,4294967295,0,0
oInvCollPH,1808,128,0021433A,0,1,1,4294967295,0,0
oInvCollPH,1808,144,002298D1,0,1,1,4294967295,0,0
oInvCollPH,1808,160,0014DE62,0,1,1,4294967295,0,0
oInvCollPH,1808,176,00250EB9,0,1,1,4294967295,0,0
oInvCollPH,1808,192,000DEDD5,0,1,1,4294967295,0,0
oInvCollPH,1808,208,001F28E9,0,1,1,4294967295,0,0
oInvCollPH,1808,224,000E4A3C,0,1,1,4294967295,0,0
oInvCollPH,1824,224,001D43B2,0,1,1,4294967295,0,0
oInvCollPH,928,16,00191340,0,1,1,4294967295,0,0
oInvCollPH,928,32,0018C617,0,1,1,4294967295,0,0
oInvCollPH,944,32,0024CDA3,0,1,1,4294967295,0,0
oInvCollPH,960,32,0035AA61,0,1,1,4294967295,0,0
oInvCollPH,976,32,003442BD,0,1,1,4294967295,0,0
oInvCollPH,992,32,00365D41,0,1,1,4294967295,0,0
oInvCollPH,1008,32,003685B8,0,1,1,4294967295,0,0
oInvCollPH,1024,32,0023FBC9,0,1,1,4294967295,0,0
oInvCollPH,1040,32,00190FBC,0,1,1,4294967295,0,0
oInvCollPH,1056,32,0001DEA8,0,1,1,4294967295,0,0
oInvCollPH,1072,32,0023FD44,0,1,1,4294967295,0,0
oInvCollPH,1088,32,00260D98,0,1,1,4294967295,0,0
oInvCollPH,1104,32,001AAB24,0,1,1,4294967295,0,0
oInvCollPH,1120,32,0021682A,0,1,1,4294967295,0,0
oInvCollPH,1200,32,00040634,0,1,1,4294967295,0,0
oInvCollPH,1216,32,0024DFAE,0,1,1,4294967295,0,0
oInvCollPH,1232,32,0000D9B5,0,1,1,4294967295,0,0
oInvCollPH,1248,32,001925D6,0,1,1,4294967295,0,0
oInvCollPH,1264,32,000E40F2,0,1,1,4294967295,0,0
oInvCollPH,1280,32,0021F9B9,0,1,1,4294967295,0,0
oInvCollPH,1296,32,0015E69B,0,1,1,4294967295,0,0
oInvCollPH,1312,32,00251D86,0,1,1,4294967295,0,0
oInvCollPH,1328,32,00348B89,0,1,1,4294967295,0,0
oInvCollPH,1344,32,001BFF56,0,1,1,4294967295,0,0
oInvCollPH,1360,32,0022C2A5,0,1,1,4294967295,0,0
oInvCollPH,1376,32,0000FB33,0,1,1,4294967295,0,0
oInvCollPH,1392,32,002C00AB,0,1,1,4294967295,0,0
oInvCollPH,1408,32,00267DC6,0,1,1,4294967295,0,0
oInvCollPH,1424,32,002414EC,0,1,1,4294967295,0,0
oInvCollPH,1440,32,002E253D,0,1,1,4294967295,0,0
oInvCollPH,1456,32,001A6036,0,1,1,4294967295,0,0
oInvCollPH,1472,32,0027CE09,0,1,1,4294967295,0,0
oInvCollPH,1488,32,00055D96,0,1,1,4294967295,0,0
oInvCollPH,1504,32,0024B276,0,1,1,4294967295,0,0
oInvCollPH,1520,32,0004CF04,0,1,1,4294967295,0,0
oInvCollPH,1536,32,00328E18,0,1,1,4294967295,0,0
oInvCollPH,1552,32,002923D6,0,1,1,4294967295,0,0
oInvCollPH,1568,32,0006C656,0,1,1,4294967295,0,0
oInvCollPH,1584,32,0012092E,0,1,1,4294967295,0,0
oInvCollPH,1600,32,003CCF04,0,1,1,4294967295,0,0
oInvCollPH,1616,32,000D8E9E,0,1,1,4294967295,0,0
oInvCollPH,1632,32,001B73AA,0,1,1,4294967295,0,0
oInvCollPH,1648,32,000EA578,0,1,1,4294967295,0,0
oInvCollPH,1664,32,00192B49,0,1,1,4294967295,0,0
oInvCollPH,1680,32,0003BA16,0,1,1,4294967295,0,0
oInvCollPH,1696,32,000809F8,0,1,1,4294967295,0,0
oInvCollPH,1712,32,003769B3,0,1,1,4294967295,0,0
oInvCollPH,1728,32,001C3771,0,1,1,4294967295,0,0
oInvCollPH,1744,32,001D24D4,0,1,1,4294967295,0,0
oInvCollPH,1760,32,0039663C,0,1,1,4294967295,0,0
oInvCollPH,1776,32,0021D77E,0,1,1,4294967295,0,0
oInvCollPH,1792,32,00327C5F,0,1,1,4294967295,0,0
oInvCollPH,848,32,00039305,0,1,1,4294967295,0,0
oInvCollPH,832,32,00083FF7,0,1,1,4294967295,0,0
oInvCollPH,816,32,0024AECC,0,1,1,4294967295,0,0
oInvCollPH,800,32,0031D771,0,1,1,4294967295,0,0
oInvCollPH,784,32,0000DE81,0,1,1,4294967295,0,0
oInvCollPH,768,32,0031B876,0,1,1,4294967295,0,0
oInvCollPH,752,32,0009BCA5,0,1,1,4294967295,0,0
oInvCollPH,736,32,003602F2,0,1,1,4294967295,0,0
oInvCollPH,720,32,00048DAA,0,1,1,4294967295,0,0
oInvCollPH,704,32,0017AEA9,0,1,1,4294967295,0,0
oInvCollPH,592,32,0038ED66,0,1,1,4294967295,0,0
oInvCollPH,576,32,00198B6F,0,1,1,4294967295,0,0
oInvCollPH,560,32,002F205E,0,1,1,4294967295,0,0
oInvCollPH,544,32,00124AFE,0,1,1,4294967295,0,0
oInvCollPH,688,32,00266FA7,0,1,1,4294967295,0,0
oInvCollPH,608,32,000A3495,0,1,1,4294967295,0,0
oInvCollPH,528,32,000FF832,0,1,1,4294967295,0,0
oInvCollPH,512,32,003D4447,0,1,1,4294967295,0,0
oInvCollPH,496,32,0009A4C4,0,1,1,4294967295,0,0
oInvCollPH,480,32,002DB668,0,1,1,4294967295,0,0
oInvCollPH,848,16,002CBBF3,0,1,1,4294967295,0,0
oInvCollPH,848,0,003BBE83,0,1,1,4294967295,0,0
oInvCollPH,464,48,000F6B57,0,1,1,4294967295,0,0
oInvCollPH,464,64,002C038C,0,1,1,4294967295,0,0
oInvCollPH,464,144,00014590,0,1,1,4294967295,0,0
oInvCollPH,464,128,002240B5,0,1,1,4294967295,0,0
oInvCollPH,464,112,0019137A,0,1,1,4294967295,0,0
oInvCollPH,464,96,000F6545,0,1,1,4294967295,0,0
oInvCollPH,464,80,002052A1,0,1,1,4294967295,0,0
oInvCollPH,464,176,003DA621,0,1,1,4294967295,0,0
oInvCollPH,464,192,00102D5F,0,1,1,4294967295,0,0
oInvCollPH,464,208,0025F74A,0,1,1,4294967295,0,0
oInvCollPH,464,160,000088F7,0,1,1,4294967295,0,0
oInvCollPH,464,224,002B7683,0,1,1,4294967295,0,0
oInvCollPH,464,240,003F7C1C,0,1,1,4294967295,0,0
oInvCollPH,464,256,00022EA2,0,1,1,4294967295,0,0
oInvCollPH,464,288,00062E50,0,1,1,4294967295,0,0
oInvCollPH,448,288,002F945A,0,1,1,4294967295,0,0
oInvCollPH,432,288,0031D10A,0,1,1,4294967295,0,0
oInvCollPH,416,288,00015025,0,1,1,4294967295,0,0
oInvCollPH,400,288,00366486,0,1,1,4294967295,0,0
oInvCollPH,384,288,001B5436,0,1,1,4294967295,0,0
oInvCollPH,368,288,0006E693,0,1,1,4294967295,0,0
oInvCollPH,352,288,0018DF43,0,1,1,4294967295,0,0
oInvCollPH,336,288,0002640B,0,1,1,4294967295,0,0
oInvCollPH,320,288,001654B2,0,1,1,4294967295,0,0
oInvCollPH,304,288,001B8C4F,0,1,1,4294967295,0,0
oInvCollPH,288,288,003AB0A2,0,1,1,4294967295,0,0
oInvCollPH,272,288,00079EB5,0,1,1,4294967295,0,0
oInvCollPH,256,288,0010CB6C,0,1,1,4294967295,0,0
oInvCollPH,240,288,00334EFC,0,1,1,4294967295,0,0
oInvCollPH,224,288,00058491,0,1,1,4294967295,0,0
oInvCollPH,208,288,000E4212,0,1,1,4294967295,0,0
oInvCollPH,192,288,0003876A,0,1,1,4294967295,0,0
oInvCollPH,176,288,0023DE9F,0,1,1,4294967295,0,0
oEnemySpawnZone,1424,224,0037E7A5,0,1,1,4294967295,0,1
oInvCollPH,1424,336,000CA7BE,0,1,1,4294967295,0,0
oInvCollPH,1424,352,0037CC3C,0,1,1,4294967295,0,0
oInvCollPH,1440,320,00272111,0,1,1,4294967295,0,0
oInvCollPH,880,112,0021EC0C,0,1,1,4294967295,0,0
oInvCollPH,896,112,003A4986,0,1,1,4294967295,0,0
oInvCollPH,912,112,0032E5A1,0,1,1,4294967295,0,0
oInvisibleSolid,704,976,00111463,0,1,1,4294967295,0,1
oInvisibleSolid,960,896,0023C9AF,0,1,1,4294967295,0,1
oInvisibleSolid,1360,368,00027D1F,0,1,1,4294967295,0,1
oInvisibleSolid,1360,416,003BABD1,0,1,1,4294967295,0,1
oInvisibleSolid,1360,512,0030823E,0,1,1,4294967295,0,1
oInvisibleSolid,1360,752,003B9A41,0,1,1,4294967295,0,1
oInvisibleSolid,1856,400,003F7F22,0,1,1,4294967295,0,1
oInvisibleSolid,848,720,001FE24D,0,1,1,4294967295,0,1
oInvisibleSolid,1008,640,0019A225,0,1,1,4294967295,0,1
oInvisibleSolid,560,624,00299B7B,0,1,1,4294967295,0,1
oInvisibleSolid,144,976,001C81C7,0,1,1,4294967295,0,1
oInvisibleSolid,0,800,00363764,0,1,1,4294967295,0,1
oInvisibleSolid,0,736,001C5D65,0,1,1,4294967295,0,1
oInvisibleSolid,272,736,00319B41,0,1,1,4294967295,0,1
oInvisibleSolid,1072,864,002946CC,0,1,1,4294967295,0,1
oInvisibleSolid,144,592,002A8573,0,1,1,4294967295,0,1
oInvisibleSolid,304,496,00000ADB,0,1,1,4294967295,0,1
oInvisibleSolid,368,464,000033BF,0,1,1,4294967295,0,1
oInvisibleSolid,448,368,00351247,0,1,1,4294967295,0,1
oInvisibleSolid,0,688,0027F17F,0,1,1,4294967295,0,1
oInvisibleSolid,0,400,001BC953,0,1,1,4294967295,0,1
oInvisibleSolid,304,640,003E8F8B,0,1,1,4294967295,0,1
oInvisibleSolid,640,560,003FD899,0,1,1,4294967295,0,1
oInvisibleSolid,1840,240,0015274C,0,1,1,4294967295,0,1
oInvisibleSolid,1872,272,002F894E,0,1,1,4294967295,0,1
oInvisibleSolid,624,48,001D713D,0,1,1,4294967295,0,1
oInvisibleSolid,928,0,002BDBC3,0,1,1,4294967295,0,1
oInvisibleSolid,1136,48,002DCB89,0,1,1,4294967295,0,1
oInvisibleSolid,1808,48,001A3CC6,0,1,1,4294967295,0,1
oInvisibleSolid,592,192,0037D3E1,0,1,1,4294967295,0,1
oInvisibleSolid,480,272,00272218,0,1,1,4294967295,0,1
oInvisibleSolid,0,304,001A174E,0,1,1,4294967295,0,1
oInvisibleSolid,0,0,0028AC43,0,1,1,4294967295,0,1
oInvisibleSolid,480,0,000276AA,0,1,1,4294967295,0,1
oInvisibleSolid,1424,320,0023AB82,0,1,1,4294967295,0,1
oInvisibleSolid,864,112,0001AA48,0,1,1,4294967295,0,1
