oMCastle_TorchA,704,144,0019A6D7,0,1,1,4294967295,0,0
oMCastle_TorchA,1248,192,002D646E,0,1,1,4294967295,0,0
oMCastle_TorchA,1728,240,002BB116,0,1,1,4294967295,0,0
oMCastle_TorchA,2000,112,00107AE1,0,1,1,4294967295,0,0
oMCastle_TorchA,2336,144,0021F7F9,0,1,1,4294967295,0,0
oMCastle_TorchA,1472,160,0013702F,0,1,1,4294967295,0,0
oMCastle_TorchA,1664,160,0035FF2F,0,1,1,4294967295,0,0
oMCastle_TorchA,800,272,0007816F,0,1,1,4294967295,0,0
oMCastle_TorchA,320,224,003C6A06,0,1,1,4294967295,0,0
oMCastle_TorchA,1184,80,003F4082,0,1,1,4294967295,0,0
oMCastle_TorchA,1344,336,0030A1DD,0,1,1,4294967295,0,0
oMCastle_TorchA,320,80,000AF96B,0,1,1,4294967295,0,0
oMCastle_TorchA,1024,176,00233FF8,0,1,1,4294967295,0,0
oMCastle_TorchA,896,80,00303671,0,1,1,4294967295,0,0
oMCastle_TorchA,2144,112,001C5009,0,1,1,4294967295,0,0
oMCastle_TorchA,1208,288,0012BEC2,0,1,1,4294967295,0,0
oMCastle_TorchA,1792,240,002F45D1,0,1,1,4294967295,0,0
oMCastle_TorchA,864,272,0006EA75,0,1,1,4294967295,0,0
oMCastle_TorchA,64,272,000335AE,0,1,1,4294967295,0,0
oMCastle_TorchA,1856,112,00401E08,0,1,1,4294967295,0,0
oMCastle_TorchA,1864,320,0013ACD3,0,1,1,4294967295,0,0
oMCastle_TorchA,1944,320,003AB13D,0,1,1,4294967295,0,0
oMCastle_TorchA,2024,320,00283ED5,0,1,1,4294967295,0,0
oMCastle_TorchA,2104,320,002DA8F9,0,1,1,4294967295,0,0
oMCastle_TorchA,2184,320,001F8C2A,0,1,1,4294967295,0,0
oExit,0,352,001B16E0,0,1,1,4294967295,0,1
oExit,2384,160,003CB3DB,0,1,1,4294967295,0,1
oSwitchHolder,320,112,00333037,0,1,1,4294967295,0,0
oCastlePlatMaker,240,336,003C48A3,0,1,1,4294967295,0,0
oCastlePlatMaker,432,336,0031E1A7,0,1,1,4294967295,0,1
oCastlePlatMaker,464,256,001F29E5,0,1,1,4294967295,0,1
oCastlePlatMaker,512,232,000C4898,0,1,1,4294967295,0,0
oCastlePlatMaker,1056,288,00298AE0,0,1,1,4294967295,0,1
oCastlePlatMaker,1472,368,0016BC8F,0,1,1,4294967295,0,0
oCastlePlatMaker,1936,240,00174A6D,0,1,1,4294967295,0,0
oStrikeChainPoint,800,320,00255C38,0,1,1,4294967295,0,0
oStrikeChainPoint,912,304,0039B0BC,0,1,1,4294967295,0,0
oStrikeChainPoint,1184,112,002391D8,0,1,1,4294967295,0,0
oStrikeChainPoint,1344,384,00120A1C,0,1,1,4294967295,0,0
oSwitchBarrier,576,176,003263D1,0,1,1,4294967295,0,1
oMCastle_PlatA,1680,272,000151FC,0,1,1,4294967295,0,0
oCastleRedSpike,1296,240,003F4F58,0,1,1,4294967295,0,0
oCastleRedSpike,1296,272,0021F8CC,0,1,1,4294967295,0,0
oCastleRedSpike,1296,304,001F4BEB,0,1,1,4294967295,0,0
oCastleRedSpike,1296,336,0038969B,0,1,1,4294967295,0,0
oCastleRedSpike,1200,336,00192FC7,0,1,1,4294967295,0,0
oCastleRedSpike,1232,336,0026B2B9,0,1,1,4294967295,0,0
oCastleRedSpike,1264,336,00351CD3,0,1,1,4294967295,0,0
oCastleRedSpike,1136,176,002744A9,0,1,1,4294967295,0,0
oCastleRedSpike,1168,176,0005912B,0,1,1,4294967295,0,0
oCastleRedSpike,1200,176,002A2D12,0,1,1,4294967295,0,0
oCastleRedSpike,1136,208,0036894F,0,1,1,4294967295,0,0
oCastleRedSpike,1136,240,002F189A,0,1,1,4294967295,0,0
oCastleRedSpike,1136,272,0000FBCB,0,1,1,4294967295,0,0
oCastleRedSpike,1136,304,000E42FC,0,1,1,4294967295,0,0
oCastleRedSpike,1136,336,003A265D,0,1,1,4294967295,0,0
oCastleRedSpike,1136,368,000EF0D7,0,1,1,4294967295,0,0
oCastleRedSpike,1136,400,0000D308,0,1,1,4294967295,0,0
oCastleRedSpike,304,160,002EE311,0,1,1,4294967295,0,0
oCastleRedSpike,336,160,000B2D7F,0,1,1,4294967295,0,0
oCastleRedSpike,368,160,000D555B,0,1,1,4294967295,0,0
oCastleRedSpike,368,192,0025410E,0,1,1,4294967295,0,0
oCastleRedSpike,368,224,000D59E0,0,1,1,4294967295,0,0
oCastleRedSpike,368,304,003E2D9D,0,1,1,4294967295,0,0
oCastleRedSpike,368,336,00243D64,0,1,1,4294967295,0,0
oCastleRedSpike,368,368,000E0581,0,1,1,4294967295,0,0
oStaticSpikeRed,576,240,002EA790,0,1,1,4294967295,0,0
oStaticSpikeRed,592,240,000B9015,0,1,1,4294967295,0,0
oStaticSpikeRed,608,240,00363631,0,1,1,4294967295,0,0
oStaticSpikeRed,624,240,0011AB70,0,1,1,4294967295,0,0
oStaticSpikeRed,576,176,00400B7E,0,1,1,4294967295,0,0
oStaticSpikeRed,592,176,00181E1B,0,1,1,4294967295,0,0
oStaticSpikeRed,608,176,003C0237,0,1,1,4294967295,0,0
oStaticSpikeRed,624,176,0027B5C1,0,1,1,4294967295,0,0
oPlayer1,48,384,002BE36C,0,1,1,4294967295,0,0
oInvCollPH,16,384,003FD95E,0,1,1,4294967295,0,0
oInvCollPH,32,384,0023896F,0,1,1,4294967295,0,0
oInvCollPH,48,384,00020C67,0,1,1,4294967295,0,0
oInvCollPH,64,384,00146102,0,1,1,4294967295,0,0
oInvCollPH,80,384,00375DA9,0,1,1,4294967295,0,0
oInvCollPH,96,384,00313F2A,0,1,1,4294967295,0,0
oInvCollPH,112,384,001A803F,0,1,1,4294967295,0,0
oInvCollPH,112,400,002214F0,0,1,1,4294967295,0,0
oInvCollPH,112,416,000C25B2,0,1,1,4294967295,0,0
oInvCollPH,112,432,000FA7CB,0,1,1,4294967295,0,0
oInvCollPH,112,448,0029901B,0,1,1,4294967295,0,0
oInvCollPH,112,464,000C8340,0,1,1,4294967295,0,0
oInvCollPH,0,176,0010B1D6,0,1,1,4294967295,0,0
oInvCollPH,16,176,0030E460,0,1,1,4294967295,0,0
oInvCollPH,32,176,0009D72C,0,1,1,4294967295,0,0
oInvCollPH,48,176,0036FF26,0,1,1,4294967295,0,0
oInvCollPH,64,176,0034A1FD,0,1,1,4294967295,0,0
oInvCollPH,80,176,0039356F,0,1,1,4294967295,0,0
oInvCollPH,96,176,0031F7F3,0,1,1,4294967295,0,0
oInvCollPH,112,176,0019D449,0,1,1,4294967295,0,0
oInvCollPH,128,176,00177582,0,1,1,4294967295,0,0
oInvCollPH,144,176,00097B28,0,1,1,4294967295,0,0
oInvCollPH,160,176,003DAD1F,0,1,1,4294967295,0,0
oInvCollPH,176,176,0005BD40,0,1,1,4294967295,0,0
oInvCollPH,176,160,000D28DA,0,1,1,4294967295,0,0
oInvCollPH,176,144,003D28E0,0,1,1,4294967295,0,0
oInvCollPH,176,128,003E43CE,0,1,1,4294967295,0,0
oInvCollPH,176,112,0039EDA6,0,1,1,4294967295,0,0
oInvCollPH,176,96,000C4F1E,0,1,1,4294967295,0,0
oInvCollPH,176,80,00005245,0,1,1,4294967295,0,0
oInvCollPH,176,64,00103081,0,1,1,4294967295,0,0
oInvCollPH,592,256,001ED523,0,1,1,4294967295,0,0
oInvCollPH,608,256,003DBE44,0,1,1,4294967295,0,0
oInvCollPH,624,256,000C77F0,0,1,1,4294967295,0,0
oInvCollPH,768,240,00074350,0,1,1,4294967295,0,0
oInvCollPH,784,240,0026D6C4,0,1,1,4294967295,0,0
oInvCollPH,800,240,001E966B,0,1,1,4294967295,0,0
oInvCollPH,816,240,0035B6C8,0,1,1,4294967295,0,0
oInvCollPH,832,240,0020F802,0,1,1,4294967295,0,0
oInvCollPH,848,240,00396696,0,1,1,4294967295,0,0
oInvCollPH,864,240,00015C56,0,1,1,4294967295,0,0
oInvCollPH,880,240,00163EDE,0,1,1,4294967295,0,0
oInvCollPH,880,192,00178A75,0,1,1,4294967295,0,0
oInvCollPH,880,208,0024E9C9,0,1,1,4294967295,0,0
oInvCollPH,880,224,0002FE92,0,1,1,4294967295,0,0
oInvCollPH,848,192,00132451,0,1,1,4294967295,0,0
oInvCollPH,864,192,0013FC8D,0,1,1,4294967295,0,0
oInvCollPH,768,80,00028D24,0,1,1,4294967295,0,0
oInvCollPH,768,96,003AA4A2,0,1,1,4294967295,0,0
oInvCollPH,768,112,000FE6B8,0,1,1,4294967295,0,0
oInvCollPH,768,128,00392AE9,0,1,1,4294967295,0,0
oInvCollPH,768,144,002E0462,0,1,1,4294967295,0,0
oInvCollPH,768,160,0016AF60,0,1,1,4294967295,0,0
oInvCollPH,768,176,003FFBE5,0,1,1,4294967295,0,0
oInvCollPH,768,192,002EB7B0,0,1,1,4294967295,0,0
oInvCollPH,768,208,00203874,0,1,1,4294967295,0,0
oInvCollPH,768,224,003504C6,0,1,1,4294967295,0,0
oInvCollPH,816,176,00111CA2,0,1,1,4294967295,0,0
oInvCollPH,816,160,002BAD37,0,1,1,4294967295,0,0
oInvCollPH,816,144,001E11F3,0,1,1,4294967295,0,0
oInvCollPH,816,128,002E756B,0,1,1,4294967295,0,0
oInvCollPH,816,112,00154783,0,1,1,4294967295,0,0
oInvCollPH,816,96,00217296,0,1,1,4294967295,0,0
oInvCollPH,816,80,00107F17,0,1,1,4294967295,0,0
oInvCollPH,816,64,00400447,0,1,1,4294967295,0,0
oInvCollPH,576,80,00281E62,0,1,1,4294967295,0,0
oInvCollPH,576,96,00392026,0,1,1,4294967295,0,0
oInvCollPH,576,112,0019AE16,0,1,1,4294967295,0,0
oInvCollPH,576,128,004004F8,0,1,1,4294967295,0,0
oInvCollPH,576,144,003D5619,0,1,1,4294967295,0,0
oInvCollPH,576,160,002CB197,0,1,1,4294967295,0,0
oInvCollPH,592,160,003F331B,0,1,1,4294967295,0,0
oInvCollPH,608,160,001EB813,0,1,1,4294967295,0,0
oInvCollPH,624,160,00018254,0,1,1,4294967295,0,0
oInvCollPH,624,144,00272589,0,1,1,4294967295,0,0
oInvCollPH,624,128,004010A6,0,1,1,4294967295,0,0
oInvCollPH,624,112,0016C080,0,1,1,4294967295,0,0
oInvCollPH,624,96,0004DCBF,0,1,1,4294967295,0,0
oInvCollPH,624,80,00341B5A,0,1,1,4294967295,0,0
oInvCollPH,624,64,0027DFD6,0,1,1,4294967295,0,0
oInvCollPH,192,48,0006AC31,0,1,1,4294967295,0,0
oInvCollPH,208,48,00304745,0,1,1,4294967295,0,0
oInvCollPH,224,48,002A8113,0,1,1,4294967295,0,0
oInvCollPH,240,48,001D3BBC,0,1,1,4294967295,0,0
oInvCollPH,256,48,001039BB,0,1,1,4294967295,0,0
oInvCollPH,272,48,002E6FE3,0,1,1,4294967295,0,0
oInvCollPH,288,48,0019405D,0,1,1,4294967295,0,0
oInvCollPH,304,48,0009E4AD,0,1,1,4294967295,0,0
oInvCollPH,320,48,00128E2A,0,1,1,4294967295,0,0
oInvCollPH,336,48,001217F0,0,1,1,4294967295,0,0
oInvCollPH,352,48,001D0346,0,1,1,4294967295,0,0
oInvCollPH,368,48,0028AAB1,0,1,1,4294967295,0,0
oInvCollPH,384,48,003DF397,0,1,1,4294967295,0,0
oInvCollPH,400,48,00348434,0,1,1,4294967295,0,0
oInvCollPH,416,48,001F5FFA,0,1,1,4294967295,0,0
oInvCollPH,432,48,00258E6A,0,1,1,4294967295,0,0
oInvCollPH,448,48,000DEE4F,0,1,1,4294967295,0,0
oInvCollPH,464,48,00056298,0,1,1,4294967295,0,0
oInvCollPH,480,48,003B7D00,0,1,1,4294967295,0,0
oInvCollPH,496,48,00354D61,0,1,1,4294967295,0,0
oInvCollPH,512,48,00394EF1,0,1,1,4294967295,0,0
oInvCollPH,528,48,00206428,0,1,1,4294967295,0,0
oInvCollPH,544,48,000F27A4,0,1,1,4294967295,0,0
oInvCollPH,560,48,0014FC0C,0,1,1,4294967295,0,0
oInvCollPH,576,272,0026269D,0,1,1,4294967295,0,0
oInvCollPH,576,288,00220497,0,1,1,4294967295,0,0
oInvCollPH,576,304,0007DBB2,0,1,1,4294967295,0,0
oInvCollPH,576,320,001E52FA,0,1,1,4294967295,0,0
oInvCollPH,576,336,001CE89C,0,1,1,4294967295,0,0
oInvCollPH,576,352,0012655C,0,1,1,4294967295,0,0
oInvCollPH,576,368,001B2384,0,1,1,4294967295,0,0
oInvCollPH,576,384,000E81B6,0,1,1,4294967295,0,0
oInvCollPH,576,400,0038D199,0,1,1,4294967295,0,0
oInvCollPH,576,416,00300FAC,0,1,1,4294967295,0,0
oInvCollPH,576,432,003812EE,0,1,1,4294967295,0,0
oInvCollPH,576,448,001657AD,0,1,1,4294967295,0,0
oInvCollPH,576,464,0004E554,0,1,1,4294967295,0,0
oInvCollPH,624,464,00006C54,0,1,1,4294967295,0,0
oInvCollPH,624,448,003EA1C4,0,1,1,4294967295,0,0
oInvCollPH,624,432,00021732,0,1,1,4294967295,0,0
oInvCollPH,624,416,00382F7C,0,1,1,4294967295,0,0
oInvCollPH,624,400,0016F658,0,1,1,4294967295,0,0
oInvCollPH,624,384,00008D78,0,1,1,4294967295,0,0
oInvCollPH,624,368,003F6F07,0,1,1,4294967295,0,0
oInvCollPH,624,352,001CFBE9,0,1,1,4294967295,0,0
oInvCollPH,624,336,002E063C,0,1,1,4294967295,0,0
oInvCollPH,624,320,001ACB65,0,1,1,4294967295,0,0
oInvCollPH,624,304,0013AA7D,0,1,1,4294967295,0,0
oInvCollPH,624,288,001DF74B,0,1,1,4294967295,0,0
oInvCollPH,624,272,0002B9FD,0,1,1,4294967295,0,0
oInvCollPH,640,48,000398C6,0,1,1,4294967295,0,0
oInvCollPH,656,48,00149F09,0,1,1,4294967295,0,0
oInvCollPH,672,48,0023DB73,0,1,1,4294967295,0,0
oInvCollPH,688,48,000C557F,0,1,1,4294967295,0,0
oInvCollPH,704,48,00121D3D,0,1,1,4294967295,0,0
oInvCollPH,720,48,003D635D,0,1,1,4294967295,0,0
oInvCollPH,736,48,003467A2,0,1,1,4294967295,0,0
oInvCollPH,752,48,002E3102,0,1,1,4294967295,0,0
oInvCollPH,832,48,0009BA2E,0,1,1,4294967295,0,0
oInvCollPH,848,48,002B3E59,0,1,1,4294967295,0,0
oInvCollPH,864,48,000D46C4,0,1,1,4294967295,0,0
oInvCollPH,880,48,001CDCE6,0,1,1,4294967295,0,0
oInvCollPH,896,48,001EAC6B,0,1,1,4294967295,0,0
oInvCollPH,912,48,002C4FE9,0,1,1,4294967295,0,0
oInvCollPH,928,48,0014829D,0,1,1,4294967295,0,0
oInvCollPH,944,48,002805DA,0,1,1,4294967295,0,0
oInvCollPH,960,48,002E3C5A,0,1,1,4294967295,0,0
oInvCollPH,976,48,001791E8,0,1,1,4294967295,0,0
oInvCollPH,992,48,00017C36,0,1,1,4294967295,0,0
oInvCollPH,1008,48,00299789,0,1,1,4294967295,0,0
oInvCollPH,1024,48,003CE9B0,0,1,1,4294967295,0,0
oInvCollPH,1040,48,003E0011,0,1,1,4294967295,0,0
oInvCollPH,1056,48,003AF943,0,1,1,4294967295,0,0
oInvCollPH,1072,48,00311EBD,0,1,1,4294967295,0,0
oInvCollPH,1088,48,00173035,0,1,1,4294967295,0,0
oInvCollPH,1104,48,000AFAE1,0,1,1,4294967295,0,0
oInvCollPH,1120,48,002ADD84,0,1,1,4294967295,0,0
oInvCollPH,1136,48,000B35E8,0,1,1,4294967295,0,0
oInvCollPH,1152,48,001ABA60,0,1,1,4294967295,0,0
oInvCollPH,1168,48,00138C07,0,1,1,4294967295,0,0
oInvCollPH,1184,48,00070CC3,0,1,1,4294967295,0,0
oInvCollPH,1200,48,0002E20A,0,1,1,4294967295,0,0
oInvCollPH,1216,48,0030B220,0,1,1,4294967295,0,0
oInvCollPH,1232,48,003B0550,0,1,1,4294967295,0,0
oInvCollPH,1248,48,003AE08B,0,1,1,4294967295,0,0
oInvCollPH,1264,48,001AEDAE,0,1,1,4294967295,0,0
oInvCollPH,1280,80,00304466,0,1,1,4294967295,0,0
oInvCollPH,1280,96,003EDAB0,0,1,1,4294967295,0,0
oInvCollPH,1280,112,0026FB38,0,1,1,4294967295,0,0
oInvCollPH,1280,128,0030F35F,0,1,1,4294967295,0,0
oInvCollPH,1280,144,0023E43B,0,1,1,4294967295,0,0
oInvCollPH,1280,160,002D573C,0,1,1,4294967295,0,0
oInvCollPH,1280,176,003263F2,0,1,1,4294967295,0,0
oInvCollPH,1280,192,0032EB9E,0,1,1,4294967295,0,0
oInvCollPH,1280,208,0029BB39,0,1,1,4294967295,0,0
oInvCollPH,1296,208,003D76CD,0,1,1,4294967295,0,0
oInvCollPH,1312,208,00242FE0,0,1,1,4294967295,0,0
oInvCollPH,1328,208,0001668B,0,1,1,4294967295,0,0
oInvCollPH,1344,208,00013D51,0,1,1,4294967295,0,0
oInvCollPH,1360,208,002AC4A0,0,1,1,4294967295,0,0
oInvCollPH,1376,208,00097F9A,0,1,1,4294967295,0,0
oInvCollPH,1392,208,0037B71F,0,1,1,4294967295,0,0
oInvCollPH,1392,192,001EA4DC,0,1,1,4294967295,0,0
oInvCollPH,1392,176,001066A4,0,1,1,4294967295,0,0
oInvCollPH,1392,160,0013CC90,0,1,1,4294967295,0,0
oInvCollPH,1392,144,000DD593,0,1,1,4294967295,0,0
oInvCollPH,1392,128,001A6EF5,0,1,1,4294967295,0,0
oInvCollPH,1392,112,000ADB58,0,1,1,4294967295,0,0
oInvCollPH,1392,96,001F243E,0,1,1,4294967295,0,0
oInvCollPH,1392,80,00092E94,0,1,1,4294967295,0,0
oInvCollPH,1392,64,0013F1E9,0,1,1,4294967295,0,0
oInvCollPH,1408,48,0008FC61,0,1,1,4294967295,0,0
oInvCollPH,1424,48,0024BAF2,0,1,1,4294967295,0,0
oInvCollPH,1440,48,000C805E,0,1,1,4294967295,0,0
oInvCollPH,1456,48,0003837A,0,1,1,4294967295,0,0
oInvCollPH,1472,48,002B3D52,0,1,1,4294967295,0,0
oInvCollPH,1488,48,001C5FC0,0,1,1,4294967295,0,0
oInvCollPH,1504,48,00194BF0,0,1,1,4294967295,0,0
oInvCollPH,1520,48,00218A25,0,1,1,4294967295,0,0
oInvCollPH,1536,48,00184F7A,0,1,1,4294967295,0,0
oInvCollPH,1552,48,003815C9,0,1,1,4294967295,0,0
oInvCollPH,1568,48,00158963,0,1,1,4294967295,0,0
oInvCollPH,1584,48,002046DD,0,1,1,4294967295,0,0
oInvCollPH,1600,48,00170245,0,1,1,4294967295,0,0
oInvCollPH,1616,48,002EF4E0,0,1,1,4294967295,0,0
oInvCollPH,1632,48,00113727,0,1,1,4294967295,0,0
oInvCollPH,1648,48,002770F4,0,1,1,4294967295,0,0
oInvCollPH,1664,48,001493EB,0,1,1,4294967295,0,0
oInvCollPH,1680,48,0019C456,0,1,1,4294967295,0,0
oInvCollPH,1696,48,0005E479,0,1,1,4294967295,0,0
oInvCollPH,1712,48,003E2C78,0,1,1,4294967295,0,0
oInvCollPH,1728,80,00288717,0,1,1,4294967295,0,0
oInvCollPH,1728,96,00210799,0,1,1,4294967295,0,0
oInvCollPH,1728,112,002DFDBB,0,1,1,4294967295,0,0
oInvCollPH,1728,128,00297BC5,0,1,1,4294967295,0,0
oInvCollPH,1728,144,0008FA26,0,1,1,4294967295,0,0
oInvCollPH,1728,160,0011450F,0,1,1,4294967295,0,0
oInvCollPH,1728,176,002790BE,0,1,1,4294967295,0,0
oInvCollPH,1728,192,000B983F,0,1,1,4294967295,0,0
oInvCollPH,1728,208,0000FCE3,0,1,1,4294967295,0,0
oInvCollPH,1744,208,00296802,0,1,1,4294967295,0,0
oInvCollPH,1760,208,00284421,0,1,1,4294967295,0,0
oInvCollPH,1776,208,00174916,0,1,1,4294967295,0,0
oInvCollPH,1776,192,000D4E3B,0,1,1,4294967295,0,0
oInvCollPH,1776,176,0031D5B8,0,1,1,4294967295,0,0
oInvCollPH,1776,160,0021D46E,0,1,1,4294967295,0,0
oInvCollPH,1776,144,0000D887,0,1,1,4294967295,0,0
oInvCollPH,1776,128,0011BA2D,0,1,1,4294967295,0,0
oInvCollPH,1776,112,00351BC9,0,1,1,4294967295,0,0
oInvCollPH,1776,96,001FCB0B,0,1,1,4294967295,0,0
oInvCollPH,1776,80,00145AAF,0,1,1,4294967295,0,0
oInvCollPH,1776,64,0024AD3C,0,1,1,4294967295,0,0
oInvCollPH,1792,48,0021CB7D,0,1,1,4294967295,0,0
oInvCollPH,1808,48,00345A36,0,1,1,4294967295,0,0
oInvCollPH,1824,48,002427D1,0,1,1,4294967295,0,0
oInvCollPH,1840,48,002BAC50,0,1,1,4294967295,0,0
oInvCollPH,1856,48,001C2B83,0,1,1,4294967295,0,0
oInvCollPH,1872,48,000A7846,0,1,1,4294967295,0,0
oInvCollPH,1888,48,001BA07D,0,1,1,4294967295,0,0
oInvCollPH,1904,48,0019C8A8,0,1,1,4294967295,0,0
oInvCollPH,1920,48,00324F49,0,1,1,4294967295,0,0
oInvCollPH,1936,48,00115FC0,0,1,1,4294967295,0,0
oInvCollPH,1952,48,0028C7D3,0,1,1,4294967295,0,0
oInvCollPH,1968,48,001E19C8,0,1,1,4294967295,0,0
oInvCollPH,1984,48,0037D7F1,0,1,1,4294967295,0,0
oInvCollPH,2000,48,0006A8D1,0,1,1,4294967295,0,0
oInvCollPH,2016,48,0004A3A6,0,1,1,4294967295,0,0
oInvCollPH,2032,48,00131969,0,1,1,4294967295,0,0
oInvCollPH,2048,48,0028C6CB,0,1,1,4294967295,0,0
oInvCollPH,2064,48,00092EC7,0,1,1,4294967295,0,0
oInvCollPH,2080,48,002B864D,0,1,1,4294967295,0,0
oInvCollPH,2096,48,0007E9D1,0,1,1,4294967295,0,0
oInvCollPH,2112,48,0035E41D,0,1,1,4294967295,0,0
oInvCollPH,2128,48,0007D229,0,1,1,4294967295,0,0
oInvCollPH,2144,48,002EA025,0,1,1,4294967295,0,0
oInvCollPH,2160,48,000C6568,0,1,1,4294967295,0,0
oInvCollPH,2176,48,0025F4A9,0,1,1,4294967295,0,0
oInvCollPH,2192,48,000D0A5E,0,1,1,4294967295,0,0
oInvCollPH,2208,48,00104C3B,0,1,1,4294967295,0,0
oInvCollPH,2224,48,000269C0,0,1,1,4294967295,0,0
oInvCollPH,2240,48,00333269,0,1,1,4294967295,0,0
oInvCollPH,2256,48,00087CE9,0,1,1,4294967295,0,0
oInvCollPH,2272,48,0000C5F6,0,1,1,4294967295,0,0
oInvCollPH,2288,48,00362B6B,0,1,1,4294967295,0,0
oInvCollPH,2304,48,0028CA2E,0,1,1,4294967295,0,0
oInvCollPH,2320,48,001D82BD,0,1,1,4294967295,0,0
oInvCollPH,2336,48,0021A8AC,0,1,1,4294967295,0,0
oInvCollPH,2352,48,0038C30A,0,1,1,4294967295,0,0
oInvCollPH,2368,48,003042E3,0,1,1,4294967295,0,0
oInvCollPH,2384,48,00083889,0,1,1,4294967295,0,0
oInvCollPH,2288,192,00388032,0,1,1,4294967295,0,0
oInvCollPH,2304,192,00257790,0,1,1,4294967295,0,0
oInvCollPH,2320,192,000CA057,0,1,1,4294967295,0,0
oInvCollPH,2336,192,002FCD95,0,1,1,4294967295,0,0
oInvCollPH,2352,192,000B14AE,0,1,1,4294967295,0,0
oInvCollPH,2368,192,00206AA8,0,1,1,4294967295,0,0
oInvCollPH,2384,192,003F4DBC,0,1,1,4294967295,0,0
oInvCollPH,2272,208,00087962,0,1,1,4294967295,0,0
oInvCollPH,2272,224,0039AF2F,0,1,1,4294967295,0,0
oInvCollPH,2272,240,0014590D,0,1,1,4294967295,0,0
oInvCollPH,2272,256,0013968F,0,1,1,4294967295,0,0
oInvCollPH,2272,272,003478D6,0,1,1,4294967295,0,0
oInvCollPH,2272,288,00166C6A,0,1,1,4294967295,0,0
oInvCollPH,2272,304,002FAB71,0,1,1,4294967295,0,0
oInvCollPH,2272,320,0039276C,0,1,1,4294967295,0,0
oInvCollPH,2272,336,001DC325,0,1,1,4294967295,0,0
oInvCollPH,2272,352,0016729D,0,1,1,4294967295,0,0
oInvCollPH,2272,368,0012FE3C,0,1,1,4294967295,0,0
oInvCollPH,2272,384,000079B0,0,1,1,4294967295,0,0
oInvCollPH,2272,400,002FC0A4,0,1,1,4294967295,0,0
oInvCollPH,2272,416,00233275,0,1,1,4294967295,0,0
oInvCollPH,2272,432,001E2567,0,1,1,4294967295,0,0
oInvCollPH,2272,448,001122E8,0,1,1,4294967295,0,0
oInvCollPH,2272,464,002A74DD,0,1,1,4294967295,0,0
oInvisibleSolid,0,384,000B52F5,0,1,1,4294967295,0,1
oInvisibleSolid,0,0,00122B32,0,1,1,4294967295,0,1
oInvisibleSolid,192,0,002C0505,0,1,1,4294967295,0,1
oInvisibleSolid,576,64,002A4334,0,1,1,4294967295,0,1
oInvisibleSolid,768,64,002E7866,0,1,1,4294967295,0,1
oInvisibleSolid,576,256,0011ADD1,0,1,1,4294967295,0,1
oInvisibleSolid,288,176,001EDB2C,0,1,1,4294967295,0,1
oInvisibleSolid,832,192,00254EC1,0,1,1,4294967295,0,1
oInvisibleSolid,1280,64,003E8C56,0,1,1,4294967295,0,1
oInvisibleSolid,1728,64,000D823E,0,1,1,4294967295,0,1
oInvisibleSolid,2272,192,0007396C,0,1,1,4294967295,0,1
