oExit,0,288,001A3C63,0,1,1,4294967295,0,1
oExit,1184,1072,0030777E,0,1,1,4294967295,0,1
oExit,0,1120,0034F15F,0,1,1,4294967295,0,1
oExit,1184,224,000DC0AB,0,1,1,4294967295,0,1
oMetroidCheckpoint,192,176,001500B1,0,1,1,4294967295,0,0
oMissilePack,448,496,002CEB9C,0,1,1,4294967295,0,1
oWeaponLevelUpgrade,624,864,00375733,0,1,1,4294967295,0,1
oMetGeemer,624,352,002F3BC4,0,1,1,4294967295,0,1
oMetGeemer,800,64,001CA3EC,0,1,1,4294967295,0,1
oMetGeemer,960,720,00051A61,0,1,1,4294967295,0,1
oMetGeemer,832,592,00313446,0,1,1,4294967295,0,1
oMetGeemer,320,1056,002762D8,0,1,1,4294967295,0,1
oMetSmallSidehopper,512,1072,0032CCC1,0,1,1,4294967295,0,0
oMetSmallSidehopper,240,608,002EE814,0,1,1,4294967295,0,0
oMetReo,352,496,000A2087,0,1,1,4294967295,0,0
oMetReo,512,208,0003E4A2,0,1,1,4294967295,0,0
oMetCacatac,752,1120,000CBC68,0,1,1,4294967295,0,0
oMetSkree,592,864,0010EBB2,0,1,1,4294967295,0,1
oMetSkree,672,864,00032ED1,0,1,1,4294967295,0,1
oMetSkree,176,944,001A2B51,0,1,1,4294967295,0,0
oMetRipper,816,320,000C0F35,0,1,1,4294967295,0,1
oMetRipper,848,928,00273E27,0,1,1,4294967295,0,1
oMetRipper,648,744,00178C52,0,1,1,4294967295,0,1
oMetRipper,264,744,00335C4E,0,1,1,4294967295,0,1
oPlayer1,64,320,002DCBE8,0,1,1,4294967295,0,0
oMetroidDoorHolder,16,288,002C9086,0,1,1,4294967295,0,1
oMetroidDoorHolder,16,1120,000EEE1F,0,1,1,4294967295,0,1
oMetroidDoorHolder,1168,1072,000BDB79,0,1,1,4294967295,0,1
oMetroidDoorHolder,1168,224,0039BC36,0,1,1,4294967295,0,1
oBreakableMetroidWall,464,496,00342E42,0,1,1,4294967295,0,1
oBreakableMetroidWall,704,624,0010C9E4,0,1,1,4294967295,0,1
oMetLava,320,336,003CF01C,0,1,1,4294967295,0,1
oMetLava,288,640,003FDBA4,0,1,1,4294967295,0,1
oMetLava,416,656,0025D8D1,0,1,1,4294967295,0,1
oInvCollPH,144,224,000DD912,0,1,1,4294967295,0,0
oInvCollPH,144,240,00395D18,0,1,1,4294967295,0,0
oInvCollPH,160,240,002E1408,0,1,1,4294967295,0,0
oInvCollPH,176,240,0039506F,0,1,1,4294967295,0,0
oInvCollPH,192,240,002382BF,0,1,1,4294967295,0,0
oInvCollPH,208,240,002A5BE0,0,1,1,4294967295,0,0
oInvCollPH,224,240,00332EE5,0,1,1,4294967295,0,0
oInvCollPH,240,240,002E03B9,0,1,1,4294967295,0,0
oInvCollPH,240,224,003230CD,0,1,1,4294967295,0,0
oInvCollPH,240,208,000C9640,0,1,1,4294967295,0,0
oInvCollPH,224,208,00300923,0,1,1,4294967295,0,0
oInvCollPH,208,208,00110B78,0,1,1,4294967295,0,0
oInvCollPH,192,208,00334ACB,0,1,1,4294967295,0,0
oInvCollPH,176,208,00088FFF,0,1,1,4294967295,0,0
oInvCollPH,160,208,000C1452,0,1,1,4294967295,0,0
oInvCollPH,16,320,002DC87D,0,1,1,4294967295,0,0
oInvCollPH,32,320,00288E65,0,1,1,4294967295,0,0
oInvCollPH,48,320,000B4A95,0,1,1,4294967295,0,0
oInvCollPH,64,320,000F2DDB,0,1,1,4294967295,0,0
oInvCollPH,80,320,00181075,0,1,1,4294967295,0,0
oInvCollPH,96,320,00103D34,0,1,1,4294967295,0,0
oInvCollPH,112,320,0037EAEB,0,1,1,4294967295,0,0
oInvCollPH,128,320,00329ED4,0,1,1,4294967295,0,0
oInvCollPH,144,320,00128C96,0,1,1,4294967295,0,0
oInvCollPH,304,368,0019620A,0,1,1,4294967295,0,0
oInvCollPH,304,352,0017079C,0,1,1,4294967295,0,0
oInvCollPH,304,336,002E3DA5,0,1,1,4294967295,0,0
oInvCollPH,304,320,001B08DB,0,1,1,4294967295,0,0
oInvCollPH,288,320,00221B49,0,1,1,4294967295,0,0
oInvCollPH,272,320,003EC8F5,0,1,1,4294967295,0,0
oInvCollPH,256,320,00147F17,0,1,1,4294967295,0,0
oInvCollPH,240,320,003FC224,0,1,1,4294967295,0,0
oInvCollPH,224,320,001CB6A6,0,1,1,4294967295,0,0
oInvCollPH,208,320,0033E25A,0,1,1,4294967295,0,0
oInvCollPH,192,320,001EEFDB,0,1,1,4294967295,0,0
oInvCollPH,176,320,002A62B7,0,1,1,4294967295,0,0
oInvCollPH,160,320,0005205F,0,1,1,4294967295,0,0
oInvCollPH,16,64,0022E577,0,1,1,4294967295,0,0
oInvCollPH,16,80,001E9762,0,1,1,4294967295,0,0
oInvCollPH,16,96,0022312F,0,1,1,4294967295,0,0
oInvCollPH,16,112,00227760,0,1,1,4294967295,0,0
oInvCollPH,16,128,0011D306,0,1,1,4294967295,0,0
oInvCollPH,16,208,0014F57B,0,1,1,4294967295,0,0
oInvCollPH,16,192,0010970D,0,1,1,4294967295,0,0
oInvCollPH,16,176,001E2483,0,1,1,4294967295,0,0
oInvCollPH,16,160,0004CAB6,0,1,1,4294967295,0,0
oInvCollPH,16,144,00067283,0,1,1,4294967295,0,0
oInvCollPH,16,224,002B0D30,0,1,1,4294967295,0,0
oInvCollPH,16,240,000EEF6B,0,1,1,4294967295,0,0
oInvCollPH,0,240,001BC354,0,1,1,4294967295,0,0
oInvCollPH,32,48,002A881C,0,1,1,4294967295,0,0
oInvCollPH,48,48,002DFF09,0,1,1,4294967295,0,0
oInvCollPH,64,48,001F5586,0,1,1,4294967295,0,0
oInvCollPH,80,48,003FD58C,0,1,1,4294967295,0,0
oInvCollPH,96,48,002B2D65,0,1,1,4294967295,0,0
oInvCollPH,448,176,002AFF92,0,1,1,4294967295,0,0
oInvCollPH,464,176,000B840A,0,1,1,4294967295,0,0
oInvCollPH,480,176,0007D459,0,1,1,4294967295,0,0
oInvCollPH,496,176,00399EAB,0,1,1,4294967295,0,0
oInvCollPH,512,176,00364C4B,0,1,1,4294967295,0,0
oInvCollPH,512,160,0003AF65,0,1,1,4294967295,0,0
oInvCollPH,352,128,000C8F7F,0,1,1,4294967295,0,0
oInvCollPH,352,144,00071ACB,0,1,1,4294967295,0,0
oInvCollPH,368,144,000A8A15,0,1,1,4294967295,0,0
oInvCollPH,384,144,002EBD7F,0,1,1,4294967295,0,0
oInvCollPH,400,144,0009803D,0,1,1,4294967295,0,0
oInvCollPH,416,144,00146704,0,1,1,4294967295,0,0
oInvCollPH,432,144,003D9046,0,1,1,4294967295,0,0
oInvCollPH,512,144,002B8847,0,1,1,4294967295,0,0
oInvCollPH,512,128,00396914,0,1,1,4294967295,0,0
oInvCollPH,512,112,001DBC81,0,1,1,4294967295,0,0
oInvCollPH,1168,160,00402CD3,0,1,1,4294967295,0,0
oInvCollPH,1168,176,00241B5D,0,1,1,4294967295,0,0
oInvCollPH,1184,176,0010FCAC,0,1,1,4294967295,0,0
oInvCollPH,1120,256,00319D5C,0,1,1,4294967295,0,0
oInvCollPH,1136,256,00174921,0,1,1,4294967295,0,0
oInvCollPH,1152,256,000E0AB6,0,1,1,4294967295,0,0
oInvCollPH,1168,256,001ED402,0,1,1,4294967295,0,0
oInvCollPH,1184,256,000EEEB7,0,1,1,4294967295,0,0
oInvCollPH,1104,256,000D993B,0,1,1,4294967295,0,0
oInvCollPH,1088,256,0015D79D,0,1,1,4294967295,0,0
oInvCollPH,1088,320,000A3665,0,1,1,4294967295,0,0
oInvCollPH,1104,320,001F0559,0,1,1,4294967295,0,0
oInvCollPH,1120,320,000C1C05,0,1,1,4294967295,0,0
oInvCollPH,784,592,00086FD4,0,1,1,4294967295,0,0
oInvCollPH,784,608,002A02D4,0,1,1,4294967295,0,0
oInvCollPH,800,608,0023BFBB,0,1,1,4294967295,0,0
oInvCollPH,816,608,00261BA9,0,1,1,4294967295,0,0
oInvCollPH,816,592,0010B1E4,0,1,1,4294967295,0,0
oInvCollPH,816,576,00048ADF,0,1,1,4294967295,0,0
oInvCollPH,800,576,002513B0,0,1,1,4294967295,0,0
oInvCollPH,880,688,003D8CF3,0,1,1,4294967295,0,0
oInvCollPH,880,704,0014FE25,0,1,1,4294967295,0,0
oInvCollPH,880,720,0034F8D8,0,1,1,4294967295,0,0
oInvCollPH,880,736,001CEFC8,0,1,1,4294967295,0,0
oInvCollPH,880,752,003A762B,0,1,1,4294967295,0,0
oInvCollPH,896,752,00120823,0,1,1,4294967295,0,0
oInvCollPH,912,752,003A573E,0,1,1,4294967295,0,0
oInvCollPH,928,752,0009B1F9,0,1,1,4294967295,0,0
oInvCollPH,944,752,00198BC2,0,1,1,4294967295,0,0
oInvCollPH,944,736,001F7EE5,0,1,1,4294967295,0,0
oInvCollPH,944,720,000264BA,0,1,1,4294967295,0,0
oInvCollPH,944,704,00184781,0,1,1,4294967295,0,0
oInvCollPH,944,688,0010BD90,0,1,1,4294967295,0,0
oInvCollPH,944,672,00280906,0,1,1,4294967295,0,0
oInvCollPH,928,672,002AB522,0,1,1,4294967295,0,0
oInvCollPH,912,672,002CE1CF,0,1,1,4294967295,0,0
oInvCollPH,896,672,0028F3C2,0,1,1,4294967295,0,0
oInvCollPH,768,864,00287632,0,1,1,4294967295,0,0
oInvCollPH,784,864,00253629,0,1,1,4294967295,0,0
oInvCollPH,784,848,000009F4,0,1,1,4294967295,0,0
oInvCollPH,784,832,001AA661,0,1,1,4294967295,0,0
oInvCollPH,784,816,003B874B,0,1,1,4294967295,0,0
oInvCollPH,768,1040,0020F784,0,1,1,4294967295,0,0
oInvCollPH,784,1040,003D2326,0,1,1,4294967295,0,0
oInvCollPH,800,1040,002D2553,0,1,1,4294967295,0,0
oInvCollPH,816,1040,002CFFEA,0,1,1,4294967295,0,0
oInvCollPH,816,1024,0016D280,0,1,1,4294967295,0,0
oInvCollPH,816,1008,0020555D,0,1,1,4294967295,0,0
oInvCollPH,800,1008,0024456D,0,1,1,4294967295,0,0
oInvCollPH,784,1008,0020BBB8,0,1,1,4294967295,0,0
oInvCollPH,608,896,0035A9BD,0,1,1,4294967295,0,0
oInvCollPH,608,912,00307AB2,0,1,1,4294967295,0,0
oInvCollPH,624,912,001FC899,0,1,1,4294967295,0,0
oInvCollPH,640,912,002660A4,0,1,1,4294967295,0,0
oInvCollPH,640,896,00327BFC,0,1,1,4294967295,0,0
oInvCollPH,640,880,002D0327,0,1,1,4294967295,0,0
oInvCollPH,624,880,0017CA19,0,1,1,4294967295,0,0
oInvCollSM,640,816,00264493,0,1,1,4294967295,0,0
oInvCollSM,656,816,001630A3,0,1,1,4294967295,0,0
oInvCollSM,672,816,002BB659,0,1,1,4294967295,0,0
oInvCollSM,688,816,0037B2F5,0,1,1,4294967295,0,0
oInvCollSM,512,720,002280F9,0,1,1,4294967295,0,0
oInvCollSM,528,720,002D7CC5,0,1,1,4294967295,0,0
oInvCollSM,544,720,0024045F,0,1,1,4294967295,0,0
oInvCollSM,560,720,002489E7,0,1,1,4294967295,0,0
oInvCollSM,576,720,0016698A,0,1,1,4294967295,0,0
oInvCollSM,592,720,0011D69D,0,1,1,4294967295,0,0
oInvCollSM,608,720,003D804D,0,1,1,4294967295,0,0
oInvCollSM,624,720,0010D608,0,1,1,4294967295,0,0
oInvCollSM,640,720,001013B6,0,1,1,4294967295,0,0
oInvCollSM,656,720,00162346,0,1,1,4294967295,0,0
oInvCollSM,672,720,00026E1B,0,1,1,4294967295,0,0
oInvCollSM,688,720,00091595,0,1,1,4294967295,0,0
oInvCollSM,704,720,002E8FAD,0,1,1,4294967295,0,0
oInvCollSM,336,784,00289EA6,0,1,1,4294967295,0,0
oInvCollSM,352,784,002D8899,0,1,1,4294967295,0,0
oInvCollSM,368,784,003ADC42,0,1,1,4294967295,0,0
oInvCollSM,384,784,003F85A5,0,1,1,4294967295,0,0
oInvCollSM,400,784,00155C9C,0,1,1,4294967295,0,0
oInvCollSM,416,784,000E2BAD,0,1,1,4294967295,0,0
oInvCollSM,432,784,000324AF,0,1,1,4294967295,0,0
oInvCollSM,448,784,00086276,0,1,1,4294967295,0,0
oInvCollSM,464,784,001F3A91,0,1,1,4294967295,0,0
oInvCollSM,480,784,00209C1F,0,1,1,4294967295,0,0
oInvCollSM,176,720,0027BA72,0,1,1,4294967295,0,0
oInvCollSM,192,720,0015EA17,0,1,1,4294967295,0,0
oInvCollSM,208,720,00345378,0,1,1,4294967295,0,0
oInvCollSM,224,720,0032A879,0,1,1,4294967295,0,0
oInvCollSM,240,720,0021B3A4,0,1,1,4294967295,0,0
oInvCollSM,256,720,003A03EB,0,1,1,4294967295,0,0
oInvCollSM,272,720,0017952B,0,1,1,4294967295,0,0
oInvCollSM,288,720,000F6B90,0,1,1,4294967295,0,0
oInvCollSM,304,720,00029CF7,0,1,1,4294967295,0,0
oInvCollPH,288,784,0037C59D,0,1,1,4294967295,0,0
oInvCollPH,288,800,003BD98C,0,1,1,4294967295,0,0
oInvCollPH,608,560,0025FC07,0,1,1,4294967295,0,0
oInvCollPH,608,576,002C420F,0,1,1,4294967295,0,0
oInvCollPH,608,592,00123FDA,0,1,1,4294967295,0,0
oInvCollPH,704,592,00283062,0,1,1,4294967295,0,0
oInvCollPH,704,576,0022C0F4,0,1,1,4294967295,0,0
oInvCollPH,704,560,00164FE7,0,1,1,4294967295,0,0
oInvCollPH,704,544,000BC644,0,1,1,4294967295,0,0
oInvCollPH,688,544,0003DD5B,0,1,1,4294967295,0,0
oInvCollPH,512,320,000FF1FE,0,1,1,4294967295,0,0
oInvCollPH,512,336,0040359B,0,1,1,4294967295,0,0
oInvCollPH,512,352,00023B62,0,1,1,4294967295,0,0
oInvCollPH,512,368,003AC818,0,1,1,4294967295,0,0
oInvCollPH,528,304,0037E2D7,0,1,1,4294967295,0,0
oInvCollPH,544,304,002EBFE9,0,1,1,4294967295,0,0
oInvCollPH,560,304,0019C7B5,0,1,1,4294967295,0,0
oInvCollPH,576,304,003299C9,0,1,1,4294967295,0,0
oInvCollPH,592,304,0021FF9F,0,1,1,4294967295,0,0
oInvCollPH,608,304,000ABD3E,0,1,1,4294967295,0,0
oInvCollPH,608,320,00284D1C,0,1,1,4294967295,0,0
oInvCollPH,608,336,00286920,0,1,1,4294967295,0,0
oInvCollPH,608,352,000BAF9C,0,1,1,4294967295,0,0
oInvCollPH,608,368,002A24FE,0,1,1,4294967295,0,0
oInvCollPH,192,624,00278934,0,1,1,4294967295,0,0
oInvCollPH,192,640,003AFD40,0,1,1,4294967295,0,0
oInvCollPH,192,656,002F0152,0,1,1,4294967295,0,0
oInvCollPH,208,608,001AA643,0,1,1,4294967295,0,0
oInvCollPH,224,608,002EB11F,0,1,1,4294967295,0,0
oInvCollPH,240,608,0006621C,0,1,1,4294967295,0,0
oInvCollPH,256,608,003E9FAF,0,1,1,4294967295,0,0
oInvCollPH,272,608,0016BF1B,0,1,1,4294967295,0,0
oInvCollPH,272,624,0012E283,0,1,1,4294967295,0,0
oInvCollPH,272,640,00227B92,0,1,1,4294967295,0,0
oInvCollPH,272,656,0018D0AF,0,1,1,4294967295,0,0
oInvCollPH,176,672,002B2871,0,1,1,4294967295,0,0
oInvCollPH,160,688,00344A4A,0,1,1,4294967295,0,0
oInvCollPH,160,704,003FD549,0,1,1,4294967295,0,0
oInvCollPH,272,672,003D23E5,0,1,1,4294967295,0,0
oInvCollPH,304,688,003780B2,0,1,1,4294967295,0,0
oInvCollPH,112,64,0018D90C,0,1,1,4294967295,0,0
oInvCollPH,112,80,0034F895,0,1,1,4294967295,0,0
oInvCollPH,112,96,001C5B71,0,1,1,4294967295,0,0
oInvCollPH,128,96,00218FFD,0,1,1,4294967295,0,0
oInvCollPH,144,96,00195893,0,1,1,4294967295,0,0
oInvCollPH,160,96,0032B9CF,0,1,1,4294967295,0,0
oInvCollPH,176,96,002B1AD5,0,1,1,4294967295,0,0
oInvCollPH,192,96,00237A53,0,1,1,4294967295,0,0
oInvCollPH,208,96,00113BF5,0,1,1,4294967295,0,0
oInvCollPH,224,96,0015D8D9,0,1,1,4294967295,0,0
oInvCollPH,240,96,0007C534,0,1,1,4294967295,0,0
oInvCollPH,256,96,000E97A8,0,1,1,4294967295,0,0
oInvCollPH,272,96,001DCBC0,0,1,1,4294967295,0,0
oInvCollPH,288,96,003BA142,0,1,1,4294967295,0,0
oInvCollPH,304,96,002ADE84,0,1,1,4294967295,0,0
oInvCollPH,320,96,0030EECA,0,1,1,4294967295,0,0
oInvCollPH,336,96,00402428,0,1,1,4294967295,0,0
oInvCollPH,528,96,0008481F,0,1,1,4294967295,0,0
oInvCollPH,544,96,00191760,0,1,1,4294967295,0,0
oInvCollPH,560,96,00141A4B,0,1,1,4294967295,0,0
oInvCollPH,576,96,000A4F93,0,1,1,4294967295,0,0
oInvCollPH,592,80,0028C377,0,1,1,4294967295,0,0
oInvCollPH,608,80,002DEB7C,0,1,1,4294967295,0,0
oInvCollPH,624,80,00263D6A,0,1,1,4294967295,0,0
oInvCollPH,640,80,00106944,0,1,1,4294967295,0,0
oInvCollPH,656,64,0019AB2F,0,1,1,4294967295,0,0
oInvCollPH,672,64,00161E44,0,1,1,4294967295,0,0
oInvCollPH,688,64,0021271A,0,1,1,4294967295,0,0
oInvCollPH,704,64,001F3640,0,1,1,4294967295,0,0
oInvCollPH,720,48,00205F6B,0,1,1,4294967295,0,0
oInvCollPH,736,48,003002B8,0,1,1,4294967295,0,0
oInvCollPH,752,48,0021441A,0,1,1,4294967295,0,0
oInvCollPH,768,48,0015BEFB,0,1,1,4294967295,0,0
oInvCollPH,784,48,0020FF25,0,1,1,4294967295,0,0
oInvCollPH,800,48,000A1CA7,0,1,1,4294967295,0,0
oInvCollPH,816,48,002297D2,0,1,1,4294967295,0,0
oInvCollPH,832,48,000529DA,0,1,1,4294967295,0,0
oInvCollPH,848,64,0019847F,0,1,1,4294967295,0,0
oInvCollPH,864,64,0015E48D,0,1,1,4294967295,0,0
oInvCollPH,880,64,00314D7F,0,1,1,4294967295,0,0
oInvCollPH,896,64,000E5BE5,0,1,1,4294967295,0,0
oInvCollPH,912,80,001296D2,0,1,1,4294967295,0,0
oInvCollPH,928,80,002688EC,0,1,1,4294967295,0,0
oInvCollPH,944,80,00279977,0,1,1,4294967295,0,0
oInvCollPH,960,80,00046768,0,1,1,4294967295,0,0
oInvCollPH,976,96,0029C91E,0,1,1,4294967295,0,0
oInvCollPH,992,96,0030C340,0,1,1,4294967295,0,0
oInvCollPH,1008,96,00253969,0,1,1,4294967295,0,0
oInvCollPH,1024,96,0027A6DC,0,1,1,4294967295,0,0
oInvCollPH,1040,112,00071B73,0,1,1,4294967295,0,0
oInvCollPH,1056,112,0039DFF3,0,1,1,4294967295,0,0
oInvCollPH,1072,112,003DC0FD,0,1,1,4294967295,0,0
oInvCollPH,1088,112,002640C1,0,1,1,4294967295,0,0
oInvCollPH,1104,128,0023E823,0,1,1,4294967295,0,0
oInvCollPH,1120,128,000E6ED8,0,1,1,4294967295,0,0
oInvCollPH,1136,128,00202F23,0,1,1,4294967295,0,0
oInvCollPH,1152,128,0018C979,0,1,1,4294967295,0,0
oInvCollPH,592,544,001C42D8,0,1,1,4294967295,0,0
oInvCollPH,576,544,0029CC44,0,1,1,4294967295,0,0
oInvCollPH,560,544,00195F68,0,1,1,4294967295,0,0
oInvCollPH,544,544,00310635,0,1,1,4294967295,0,0
oInvCollPH,528,544,00373136,0,1,1,4294967295,0,0
oInvCollPH,656,464,002A69AF,0,1,1,4294967295,0,0
oInvCollPH,672,464,002E8E6E,0,1,1,4294967295,0,0
oInvCollPH,672,480,0036643D,0,1,1,4294967295,0,0
oInvCollPH,672,496,000F5C41,0,1,1,4294967295,0,0
oInvCollPH,672,512,00131129,0,1,1,4294967295,0,0
oInvCollPH,672,528,000C1C6C,0,1,1,4294967295,0,0
oInvCollPH,512,544,0025E82D,0,1,1,4294967295,0,0
oInvCollPH,496,544,002DDBF0,0,1,1,4294967295,0,0
oInvCollPH,480,544,00239C3D,0,1,1,4294967295,0,0
oInvCollPH,464,544,00378165,0,1,1,4294967295,0,0
oInvCollPH,320,384,003E7D9E,0,1,1,4294967295,0,0
oInvCollPH,336,384,002D94D2,0,1,1,4294967295,0,0
oInvCollPH,352,384,00237363,0,1,1,4294967295,0,0
oInvCollPH,368,384,00303CB7,0,1,1,4294967295,0,0
oInvCollPH,384,384,003B4521,0,1,1,4294967295,0,0
oInvCollPH,400,384,00083497,0,1,1,4294967295,0,0
oInvCollPH,416,384,001D2538,0,1,1,4294967295,0,0
oInvCollPH,432,384,0028301D,0,1,1,4294967295,0,0
oInvCollPH,448,384,002E34AD,0,1,1,4294967295,0,0
oInvCollPH,464,384,000D722C,0,1,1,4294967295,0,0
oInvCollPH,480,384,00112460,0,1,1,4294967295,0,0
oInvCollPH,496,384,00139525,0,1,1,4294967295,0,0
oInvCollPH,240,464,0006D750,0,1,1,4294967295,0,0
oInvCollPH,256,464,002E7C21,0,1,1,4294967295,0,0
oInvCollPH,272,464,0035C4E5,0,1,1,4294967295,0,0
oInvCollPH,288,464,0030723A,0,1,1,4294967295,0,0
oInvCollPH,304,464,0016CA4B,0,1,1,4294967295,0,0
oInvCollPH,320,464,003FD922,0,1,1,4294967295,0,0
oInvCollPH,336,464,001A38BA,0,1,1,4294967295,0,0
oInvCollPH,352,464,00053A9C,0,1,1,4294967295,0,0
oInvCollPH,368,464,000B5366,0,1,1,4294967295,0,0
oInvCollPH,384,464,000B22BA,0,1,1,4294967295,0,0
oInvCollPH,400,464,001C73BC,0,1,1,4294967295,0,0
oInvCollPH,416,464,00342695,0,1,1,4294967295,0,0
oInvCollPH,432,464,00011F77,0,1,1,4294967295,0,0
oInvCollPH,448,464,00189D29,0,1,1,4294967295,0,0
oInvCollPH,640,384,002F60B6,0,1,1,4294967295,0,0
oInvCollPH,640,400,002A7D72,0,1,1,4294967295,0,0
oInvCollPH,640,416,003949C5,0,1,1,4294967295,0,0
oInvCollPH,640,432,002445ED,0,1,1,4294967295,0,0
oInvCollPH,640,448,0008F7CA,0,1,1,4294967295,0,0
oInvCollPH,624,384,001431B5,0,1,1,4294967295,0,0
oInvCollPH,64,496,000B59E9,0,1,1,4294967295,0,0
oInvCollPH,80,496,000AB2ED,0,1,1,4294967295,0,0
oInvCollPH,96,496,001A8658,0,1,1,4294967295,0,0
oInvCollPH,112,496,003B2CDB,0,1,1,4294967295,0,0
oInvCollPH,128,496,00039BA4,0,1,1,4294967295,0,0
oInvCollPH,144,496,0001381B,0,1,1,4294967295,0,0
oInvCollPH,160,496,000275DE,0,1,1,4294967295,0,0
oInvCollPH,176,496,0013CECC,0,1,1,4294967295,0,0
oInvCollPH,192,496,0020F3D5,0,1,1,4294967295,0,0
oInvCollPH,208,496,0000377E,0,1,1,4294967295,0,0
oInvCollPH,224,496,0000BE55,0,1,1,4294967295,0,0
oInvCollPH,224,480,00090E01,0,1,1,4294967295,0,0
oInvCollPH,48,512,0003AFAE,0,1,1,4294967295,0,0
oInvCollPH,48,528,00188774,0,1,1,4294967295,0,0
oInvCollPH,48,544,003B37E6,0,1,1,4294967295,0,0
oInvCollPH,48,560,0020A29A,0,1,1,4294967295,0,0
oInvCollPH,48,576,00274DA3,0,1,1,4294967295,0,0
oInvCollPH,48,656,003948D4,0,1,1,4294967295,0,0
oInvCollPH,48,640,000DAD96,0,1,1,4294967295,0,0
oInvCollPH,48,624,003E1DC6,0,1,1,4294967295,0,0
oInvCollPH,48,608,003F233D,0,1,1,4294967295,0,0
oInvCollPH,48,592,0040155F,0,1,1,4294967295,0,0
oInvCollPH,48,672,001E322E,0,1,1,4294967295,0,0
oInvCollPH,48,688,002CA555,0,1,1,4294967295,0,0
oInvCollPH,48,704,002CA6B4,0,1,1,4294967295,0,0
oInvCollPH,48,720,000C1818,0,1,1,4294967295,0,0
oInvCollPH,48,736,003C0872,0,1,1,4294967295,0,0
oInvCollPH,16,944,0017A246,0,1,1,4294967295,0,0
oInvCollPH,16,960,003882E7,0,1,1,4294967295,0,0
oInvCollPH,16,976,001FB662,0,1,1,4294967295,0,0
oInvCollPH,16,992,002F645F,0,1,1,4294967295,0,0
oInvCollPH,16,1008,002611B6,0,1,1,4294967295,0,0
oInvCollPH,16,1024,001C2616,0,1,1,4294967295,0,0
oInvCollPH,16,1040,002D05DE,0,1,1,4294967295,0,0
oInvCollPH,16,1056,00156F39,0,1,1,4294967295,0,0
oInvCollPH,16,1072,000662FB,0,1,1,4294967295,0,0
oInvCollPH,0,1072,000B2E3B,0,1,1,4294967295,0,0
oInvCollPH,16,1152,000EBFAD,0,1,1,4294967295,0,0
oInvCollPH,32,1152,001D570F,0,1,1,4294967295,0,0
oInvCollPH,48,1152,00116439,0,1,1,4294967295,0,0
oInvCollPH,64,1152,00298A3A,0,1,1,4294967295,0,0
oInvCollPH,80,1152,00367524,0,1,1,4294967295,0,0
oInvCollPH,96,1152,002D06E4,0,1,1,4294967295,0,0
oInvCollPH,112,1152,0028F84D,0,1,1,4294967295,0,0
oInvCollPH,128,1152,00041BF1,0,1,1,4294967295,0,0
oInvCollPH,144,1152,0006DE18,0,1,1,4294967295,0,0
oInvCollPH,160,1152,0007AB06,0,1,1,4294967295,0,0
oInvCollPH,176,1152,002A451C,0,1,1,4294967295,0,0
oInvCollPH,192,1152,001A7D7D,0,1,1,4294967295,0,0
oInvCollPH,208,1152,00193B17,0,1,1,4294967295,0,0
oInvCollPH,224,1152,003F5197,0,1,1,4294967295,0,0
oInvCollPH,1136,736,003F80D9,0,1,1,4294967295,0,0
oInvCollPH,1136,720,00196451,0,1,1,4294967295,0,0
oInvCollPH,1136,704,0026BA95,0,1,1,4294967295,0,0
oInvCollPH,1136,688,0032D8BA,0,1,1,4294967295,0,0
oInvCollPH,1136,672,000C8F8D,0,1,1,4294967295,0,0
oInvCollPH,1136,656,0013CB23,0,1,1,4294967295,0,0
oInvCollPH,1136,640,001EE898,0,1,1,4294967295,0,0
oInvCollPH,1136,624,001BEBF0,0,1,1,4294967295,0,0
oInvCollPH,1136,608,00055EFA,0,1,1,4294967295,0,0
oInvCollPH,1136,592,000AFC44,0,1,1,4294967295,0,0
oInvCollPH,1136,352,000F0A55,0,1,1,4294967295,0,0
oInvCollPH,1136,368,0001BF46,0,1,1,4294967295,0,0
oInvCollPH,1136,384,0017425B,0,1,1,4294967295,0,0
oInvCollPH,1136,400,0001BF19,0,1,1,4294967295,0,0
oInvCollPH,1136,416,002C8694,0,1,1,4294967295,0,0
oInvCollPH,1136,432,00386B60,0,1,1,4294967295,0,0
oInvCollPH,1136,448,00014901,0,1,1,4294967295,0,0
oInvCollPH,1136,464,002CD06C,0,1,1,4294967295,0,0
oInvCollPH,1136,480,0032CDF1,0,1,1,4294967295,0,0
oInvCollPH,1136,496,000CCA78,0,1,1,4294967295,0,0
oInvCollPH,1136,512,002B100A,0,1,1,4294967295,0,0
oInvCollPH,1136,528,0034174A,0,1,1,4294967295,0,0
oInvCollPH,1136,544,003B77F9,0,1,1,4294967295,0,0
oInvCollPH,1136,560,000EC53E,0,1,1,4294967295,0,0
oInvCollPH,1136,576,0040240D,0,1,1,4294967295,0,0
oInvCollPH,1088,752,00113747,0,1,1,4294967295,0,0
oInvCollPH,1104,752,0002C4F4,0,1,1,4294967295,0,0
oInvCollPH,1120,752,002BA37C,0,1,1,4294967295,0,0
oInvCollPH,1072,768,00048CBF,0,1,1,4294967295,0,0
oInvCollPH,1072,784,001B12A5,0,1,1,4294967295,0,0
oInvCollPH,1072,800,00009F7D,0,1,1,4294967295,0,0
oInvCollPH,1072,816,003323BB,0,1,1,4294967295,0,0
oInvCollPH,1024,832,001FB69F,0,1,1,4294967295,0,0
oInvCollPH,1040,832,00359F03,0,1,1,4294967295,0,0
oInvCollPH,1056,832,000647E1,0,1,1,4294967295,0,0
oInvCollPH,1008,848,003DE39A,0,1,1,4294967295,0,0
oInvCollPH,1008,864,0001B804,0,1,1,4294967295,0,0
oInvCollPH,1008,880,0012F3AE,0,1,1,4294967295,0,0
oInvCollPH,1008,896,003A5C2F,0,1,1,4294967295,0,0
oInvCollPH,960,912,000F5A93,0,1,1,4294967295,0,0
oInvCollPH,976,912,003F49B1,0,1,1,4294967295,0,0
oInvCollPH,992,912,000EF1A4,0,1,1,4294967295,0,0
oInvCollPH,944,928,00294C16,0,1,1,4294967295,0,0
oInvCollPH,944,944,002A8989,0,1,1,4294967295,0,0
oInvCollPH,944,960,001C6FF9,0,1,1,4294967295,0,0
oInvCollPH,944,976,000D02D3,0,1,1,4294967295,0,0
oInvCollPH,976,1104,002DFA11,0,1,1,4294967295,0,0
oInvCollPH,992,1104,000F4F32,0,1,1,4294967295,0,0
oInvCollPH,944,1024,0037EBEE,0,1,1,4294967295,0,0
oInvCollPH,944,1008,001F2774,0,1,1,4294967295,0,0
oInvCollPH,944,992,003C00FA,0,1,1,4294967295,0,0
oInvCollPH,944,1104,0032B580,0,1,1,4294967295,0,0
oInvCollPH,960,1104,0002EF65,0,1,1,4294967295,0,0
oInvCollPH,912,1104,00060A57,0,1,1,4294967295,0,0
oInvCollPH,928,1104,002F3BC2,0,1,1,4294967295,0,0
oInvCollPH,880,1120,0004A800,0,1,1,4294967295,0,0
oInvCollPH,864,1120,00174F14,0,1,1,4294967295,0,0
oInvCollPH,848,1120,0030105E,0,1,1,4294967295,0,0
oInvCollPH,832,1120,000DCE11,0,1,1,4294967295,0,0
oInvCollPH,816,1120,00373953,0,1,1,4294967295,0,0
oInvCollPH,736,1120,0038F029,0,1,1,4294967295,0,0
oInvCollPH,752,1120,0025D978,0,1,1,4294967295,0,0
oInvCollPH,768,1120,003BACC0,0,1,1,4294967295,0,0
oInvCollPH,784,1120,00385D75,0,1,1,4294967295,0,0
oInvCollPH,800,1120,00317449,0,1,1,4294967295,0,0
oInvCollPH,640,1120,002DA765,0,1,1,4294967295,0,0
oInvCollPH,624,1120,002D08D1,0,1,1,4294967295,0,0
oInvCollPH,608,1120,0033817F,0,1,1,4294967295,0,0
oInvCollPH,656,1120,003975EC,0,1,1,4294967295,0,0
oInvCollPH,672,1120,003206EA,0,1,1,4294967295,0,0
oInvCollPH,688,1120,003BCA08,0,1,1,4294967295,0,0
oInvCollPH,704,1120,002DB894,0,1,1,4294967295,0,0
oInvCollPH,720,1120,003585DF,0,1,1,4294967295,0,0
oInvCollPH,240,1120,00135DCC,0,1,1,4294967295,0,0
oInvCollPH,256,1104,0007BE2C,0,1,1,4294967295,0,0
oInvCollPH,272,1104,002BE16E,0,1,1,4294967295,0,0
oInvCollPH,272,1120,002088E9,0,1,1,4294967295,0,0
oInvCollPH,304,1088,0015E878,0,1,1,4294967295,0,0
oInvCollPH,320,1072,00280B6D,0,1,1,4294967295,0,0
oInvCollPH,336,1072,001C587C,0,1,1,4294967295,0,0
oInvCollPH,336,1088,0008AB5F,0,1,1,4294967295,0,0
oInvCollPH,368,1056,002DC44F,0,1,1,4294967295,0,0
oInvCollPH,384,1040,00351F78,0,1,1,4294967295,0,0
oInvCollPH,400,1040,000FD24B,0,1,1,4294967295,0,0
oInvCollPH,400,1056,00167005,0,1,1,4294967295,0,0
oInvCollPH,336,928,003E5961,0,1,1,4294967295,0,0
oInvCollPH,352,928,0011CD83,0,1,1,4294967295,0,0
oInvCollPH,368,928,001BA561,0,1,1,4294967295,0,0
oInvCollPH,368,912,002452AB,0,1,1,4294967295,0,0
oInvCollPH,400,896,002EE453,0,1,1,4294967295,0,0
oInvCollPH,416,896,001DC593,0,1,1,4294967295,0,0
oInvCollPH,432,896,0010B3BD,0,1,1,4294967295,0,0
oInvCollPH,432,880,003F7EB9,0,1,1,4294967295,0,0
oInvCollPH,192,960,00075997,0,1,1,4294967295,0,0
oInvCollPH,192,976,00101C36,0,1,1,4294967295,0,0
oInvCollPH,192,992,00030D1B,0,1,1,4294967295,0,0
oInvCollPH,208,992,003687D7,0,1,1,4294967295,0,0
oInvCollPH,224,992,0018A550,0,1,1,4294967295,0,0
oInvCollPH,240,992,000CDF0F,0,1,1,4294967295,0,0
oInvCollPH,240,976,002BA82B,0,1,1,4294967295,0,0
oInvCollPH,240,960,002F5825,0,1,1,4294967295,0,0
oInvCollPH,240,944,0001F6B7,0,1,1,4294967295,0,0
oInvCollPH,336,656,00105E00,0,1,1,4294967295,0,0
oInvCollPH,336,672,003F510B,0,1,1,4294967295,0,0
oInvCollPH,352,640,0008D6A0,0,1,1,4294967295,0,0
oInvCollPH,368,640,003A29DE,0,1,1,4294967295,0,0
oInvCollPH,384,640,0021E2B9,0,1,1,4294967295,0,0
oInvCollPH,400,640,0027F2E6,0,1,1,4294967295,0,0
oInvCollPH,400,656,00222C60,0,1,1,4294967295,0,0
oInvCollPH,400,672,000988B7,0,1,1,4294967295,0,0
oInvCollPH,400,688,000B6F22,0,1,1,4294967295,0,0
oInvCollPH,320,736,0018F9AF,0,1,1,4294967295,0,0
oInvCollPH,320,752,002AE8B5,0,1,1,4294967295,0,0
oInvCollPH,320,768,00402470,0,1,1,4294967295,0,0
oInvCollPH,416,704,0027418F,0,1,1,4294967295,0,0
oInvCollPH,432,704,0037BCCB,0,1,1,4294967295,0,0
oInvCollPH,448,704,0030198E,0,1,1,4294967295,0,0
oInvCollPH,480,736,001E9D83,0,1,1,4294967295,0,0
oInvCollPH,480,752,00337F6C,0,1,1,4294967295,0,0
oInvCollPH,480,768,001E5B9C,0,1,1,4294967295,0,0
oInvCollPH,640,752,001B383A,0,1,1,4294967295,0,0
oInvCollPH,656,752,000DD05E,0,1,1,4294967295,0,0
oInvCollPH,672,752,0032F441,0,1,1,4294967295,0,0
oInvCollPH,688,752,003D351E,0,1,1,4294967295,0,0
oInvCollPH,688,768,0007F5CF,0,1,1,4294967295,0,0
oInvCollPH,688,784,003B13E5,0,1,1,4294967295,0,0
oInvCollPH,688,800,000A86AD,0,1,1,4294967295,0,0
oInvCollSM,464,848,0039997D,0,1,1,4294967295,0,0
oInvCollSM,480,848,000BCA5A,0,1,1,4294967295,0,0
oInvCollSM,496,848,001A0FED,0,1,1,4294967295,0,0
oInvCollSM,512,848,003EA278,0,1,1,4294967295,0,0
oInvCollSM,528,848,0001A699,0,1,1,4294967295,0,0
oInvCollSM,544,848,00081F57,0,1,1,4294967295,0,0
oInvCollSM,560,848,000A4973,0,1,1,4294967295,0,0
oInvCollSM,576,848,0031C05B,0,1,1,4294967295,0,0
oInvCollSM,592,848,0012CE5C,0,1,1,4294967295,0,0
oInvCollSM,608,848,001F24F3,0,1,1,4294967295,0,0
oInvCollPH,528,752,001DC2D7,0,1,1,4294967295,0,0
oInvCollPH,544,752,00348DC6,0,1,1,4294967295,0,0
oInvCollPH,560,752,00266A7B,0,1,1,4294967295,0,0
oInvCollPH,576,752,0002D627,0,1,1,4294967295,0,0
oInvCollPH,592,752,002A6048,0,1,1,4294967295,0,0
oInvCollPH,608,752,000B2A12,0,1,1,4294967295,0,0
oInvCollPH,512,768,00349B65,0,1,1,4294967295,0,0
oInvCollPH,512,784,0002EC2B,0,1,1,4294967295,0,0
oInvCollPH,512,800,0029EFCF,0,1,1,4294967295,0,0
oInvCollPH,608,832,00247275,0,1,1,4294967295,0,0
oInvCollPH,464,688,001996C3,0,1,1,4294967295,0,0
oInvCollPH,480,656,0018E2E4,0,1,1,4294967295,0,0
oInvCollPH,496,672,001E0356,0,1,1,4294967295,0,0
oInvCollPH,512,672,0027BA9A,0,1,1,4294967295,0,0
oInvCollPH,528,672,00329AE2,0,1,1,4294967295,0,0
oInvCollPH,544,672,000D682D,0,1,1,4294967295,0,0
oInvCollPH,560,672,003F1F9C,0,1,1,4294967295,0,0
oInvCollPH,576,672,0018BF3F,0,1,1,4294967295,0,0
oInvCollPH,592,672,00159857,0,1,1,4294967295,0,0
oInvCollPH,608,656,0013B37D,0,1,1,4294967295,0,0
oInvCollPH,624,640,000A96AC,0,1,1,4294967295,0,0
oInvCollPH,640,640,0017B32F,0,1,1,4294967295,0,0
oInvCollPH,656,640,00285715,0,1,1,4294967295,0,0
oInvCollPH,672,640,002FB566,0,1,1,4294967295,0,0
oInvCollPH,688,640,0032F87F,0,1,1,4294967295,0,0
oInvCollPH,704,640,00245E60,0,1,1,4294967295,0,0
oInvCollPH,720,832,003BD7B1,0,1,1,4294967295,0,0
oInvCollPH,720,816,0002890D,0,1,1,4294967295,0,0
oInvCollPH,720,800,000885FE,0,1,1,4294967295,0,0
oInvCollPH,720,784,0012C446,0,1,1,4294967295,0,0
oInvCollPH,720,768,0020779A,0,1,1,4294967295,0,0
oInvCollPH,720,752,002976A6,0,1,1,4294967295,0,0
oInvCollPH,720,736,003BABE0,0,1,1,4294967295,0,0
oInvCollPH,736,672,0024D23B,0,1,1,4294967295,0,0
oInvCollPH,752,672,002F999F,0,1,1,4294967295,0,0
oInvCollPH,752,688,0024E782,0,1,1,4294967295,0,0
oInvCollPH,752,704,00145EEC,0,1,1,4294967295,0,0
oInvCollPH,752,720,00099418,0,1,1,4294967295,0,0
oInvCollPH,752,736,0017EDC0,0,1,1,4294967295,0,0
oInvCollPH,752,752,001A76FB,0,1,1,4294967295,0,0
oInvCollPH,752,768,0021A1B7,0,1,1,4294967295,0,0
oInvCollPH,752,784,001937A8,0,1,1,4294967295,0,0
oInvCollPH,752,800,000FF605,0,1,1,4294967295,0,0
oInvCollPH,704,864,0005F6A3,0,1,1,4294967295,0,0
oInvCollPH,704,880,001CC08E,0,1,1,4294967295,0,0
oInvCollPH,704,896,002BB408,0,1,1,4294967295,0,0
oInvCollPH,704,912,0018F2A4,0,1,1,4294967295,0,0
oInvCollPH,704,928,00088172,0,1,1,4294967295,0,0
oInvCollPH,704,944,00205350,0,1,1,4294967295,0,0
oInvCollPH,704,960,00018172,0,1,1,4294967295,0,0
oInvCollPH,704,976,001448D9,0,1,1,4294967295,0,0
oInvCollPH,704,992,000EA28E,0,1,1,4294967295,0,0
oInvCollPH,704,1008,00144F74,0,1,1,4294967295,0,0
oInvCollPH,704,1024,00404604,0,1,1,4294967295,0,0
oInvCollPH,704,1040,0039E5F2,0,1,1,4294967295,0,0
oInvCollPH,720,1040,001A027C,0,1,1,4294967295,0,0
oInvCollPH,736,1040,000934B9,0,1,1,4294967295,0,0
oInvCollPH,752,1040,001211DB,0,1,1,4294967295,0,0
oInvCollPH,752,880,000C83BA,0,1,1,4294967295,0,0
oInvCollPH,752,896,00085275,0,1,1,4294967295,0,0
oInvCollPH,752,912,0007AE2F,0,1,1,4294967295,0,0
oInvCollPH,752,928,0013D703,0,1,1,4294967295,0,0
oInvCollPH,752,944,0003C4D3,0,1,1,4294967295,0,0
oInvCollPH,752,960,002C987F,0,1,1,4294967295,0,0
oInvCollPH,752,976,003A9386,0,1,1,4294967295,0,0
oInvCollPH,752,992,0006C6A1,0,1,1,4294967295,0,0
oInvCollSM,656,848,00165EDD,0,1,1,4294967295,0,0
oInvCollSM,672,848,00377A46,0,1,1,4294967295,0,0
oInvCollSM,688,848,003A97A0,0,1,1,4294967295,0,0
oInvCollPH,400,816,0025A4C5,0,1,1,4294967295,0,0
oInvCollPH,416,816,002C96B4,0,1,1,4294967295,0,0
oInvCollPH,432,816,000412B0,0,1,1,4294967295,0,0
oInvCollPH,432,864,00013069,0,1,1,4294967295,0,0
oInvCollPH,384,864,00180221,0,1,1,4294967295,0,0
oInvCollPH,336,816,0021CC3C,0,1,1,4294967295,0,0
oInvCollPH,352,816,00352EF1,0,1,1,4294967295,0,0
oInvCollPH,368,816,0023968F,0,1,1,4294967295,0,0
oInvCollPH,320,896,00077465,0,1,1,4294967295,0,0
oInvCollPH,368,896,0001CD28,0,1,1,4294967295,0,0
oInvCollPH,368,880,0024844D,0,1,1,4294967295,0,0
oInvCollPH,304,816,0033D504,0,1,1,4294967295,0,0
oInvCollPH,272,944,00087A4A,0,1,1,4294967295,0,0
oInvCollPH,272,960,003A16EF,0,1,1,4294967295,0,0
oInvCollPH,288,960,000649C6,0,1,1,4294967295,0,0
oInvCollPH,304,960,000444C1,0,1,1,4294967295,0,0
oInvCollPH,304,944,0030F3A4,0,1,1,4294967295,0,0
oInvCollPH,304,928,0003ED18,0,1,1,4294967295,0,0
oInvCollPH,304,912,002FB035,0,1,1,4294967295,0,0
oInvCollPH,64,752,00287F96,0,1,1,4294967295,0,0
oInvCollPH,80,752,0025909F,0,1,1,4294967295,0,0
oInvCollPH,96,752,00291AAC,0,1,1,4294967295,0,0
oInvCollPH,112,752,000A0D7A,0,1,1,4294967295,0,0
oInvCollPH,128,752,0014FB66,0,1,1,4294967295,0,0
oInvCollPH,144,752,000F6294,0,1,1,4294967295,0,0
oInvCollPH,160,752,000313B7,0,1,1,4294967295,0,0
oInvCollPH,176,752,00173F7C,0,1,1,4294967295,0,0
oInvCollPH,192,752,003578E3,0,1,1,4294967295,0,0
oInvCollPH,208,752,003C52F5,0,1,1,4294967295,0,0
oInvCollPH,224,752,00227209,0,1,1,4294967295,0,0
oInvCollPH,240,752,0021E002,0,1,1,4294967295,0,0
oInvCollPH,256,752,000A718E,0,1,1,4294967295,0,0
oInvCollPH,256,768,001265F6,0,1,1,4294967295,0,0
oInvCollPH,256,928,00280176,0,1,1,4294967295,0,0
oInvCollPH,176,928,00045F57,0,1,1,4294967295,0,0
oInvCollPH,160,928,0010C455,0,1,1,4294967295,0,0
oInvCollPH,144,928,00401847,0,1,1,4294967295,0,0
oInvCollPH,128,928,00227FC2,0,1,1,4294967295,0,0
oInvCollPH,112,928,0030FDA9,0,1,1,4294967295,0,0
oInvCollPH,96,928,003DB50D,0,1,1,4294967295,0,0
oInvCollPH,80,928,002E0C24,0,1,1,4294967295,0,0
oInvCollPH,64,928,00000C0A,0,1,1,4294967295,0,0
oInvCollPH,48,928,001FCD8D,0,1,1,4294967295,0,0
oInvCollPH,32,928,0030C5A9,0,1,1,4294967295,0,0
oInvCollPH,288,1136,0000672F,0,1,1,4294967295,0,0
oInvCollPH,304,1120,003B55E8,0,1,1,4294967295,0,0
oInvCollPH,352,1104,001718DF,0,1,1,4294967295,0,0
oInvCollPH,368,1088,001567C8,0,1,1,4294967295,0,0
oInvCollPH,416,1072,00049477,0,1,1,4294967295,0,0
oInvCollPH,480,1072,0039CA6A,0,1,1,4294967295,0,0
oInvCollPH,464,1072,003A56E2,0,1,1,4294967295,0,0
oInvCollPH,448,1072,001EF9BC,0,1,1,4294967295,0,0
oInvCollPH,432,1072,000B9D62,0,1,1,4294967295,0,0
oInvCollPH,512,1072,003A4FBA,0,1,1,4294967295,0,0
oInvCollPH,496,1072,001BB930,0,1,1,4294967295,0,0
oInvCollPH,528,1072,001A5ACB,0,1,1,4294967295,0,0
oInvCollPH,544,1072,0035CB6A,0,1,1,4294967295,0,0
oInvCollPH,560,1072,0026E49F,0,1,1,4294967295,0,0
oInvCollPH,576,1072,002CFF41,0,1,1,4294967295,0,0
oInvCollPH,576,1088,0007CA57,0,1,1,4294967295,0,0
oInvCollPH,576,1104,0025DE15,0,1,1,4294967295,0,0
oInvCollPH,464,528,0008F53F,0,1,1,4294967295,0,0
oInvCollSM,480,480,000CB091,0,1,1,4294967295,0,0
oInvCollSM,496,480,00228B63,0,1,1,4294967295,0,0
oInvCollSM,512,480,001444EB,0,1,1,4294967295,0,0
oInvCollPH,480,512,003FBABF,0,1,1,4294967295,0,0
oInvCollPH,496,512,002297A0,0,1,1,4294967295,0,0
oInvCollPH,512,512,00217A17,0,1,1,4294967295,0,0
oInvCollPH,528,496,000150ED,0,1,1,4294967295,0,0
oInvCollSM,624,608,001A1EE4,0,1,1,4294967295,0,0
oInvCollSM,640,608,00336A9E,0,1,1,4294967295,0,0
oInvCollSM,656,608,001E48A7,0,1,1,4294967295,0,0
oInvCollSM,672,608,0020D39C,0,1,1,4294967295,0,0
oInvCollSM,688,608,000CF68C,0,1,1,4294967295,0,0
oInvCollSM,704,608,00308212,0,1,1,4294967295,0,0
oInvCollPH,464,816,001B01B6,0,1,1,4294967295,0,0
oInvCollPH,480,816,00238A5B,0,1,1,4294967295,0,0
oInvCollPH,496,816,000F0A57,0,1,1,4294967295,0,0
oInvCollPH,1008,1104,00331A0B,0,1,1,4294967295,0,0
oInvCollPH,1024,1104,001860A5,0,1,1,4294967295,0,0
oInvCollPH,1040,1104,000D08E0,0,1,1,4294967295,0,0
oInvCollPH,1056,1104,0007391D,0,1,1,4294967295,0,0
oInvCollPH,1072,1104,001181C6,0,1,1,4294967295,0,0
oInvCollPH,1088,1104,00297C61,0,1,1,4294967295,0,0
oInvCollPH,1104,1104,000C44A6,0,1,1,4294967295,0,0
oInvCollPH,1120,1104,0029551A,0,1,1,4294967295,0,0
oInvCollPH,1136,1104,00196A51,0,1,1,4294967295,0,0
oInvCollPH,1152,1104,000D052B,0,1,1,4294967295,0,0
oInvCollPH,1168,1104,0029D1E7,0,1,1,4294967295,0,0
oInvCollPH,1184,1104,000865E6,0,1,1,4294967295,0,0
oInvCollPH,960,1024,00384090,0,1,1,4294967295,0,0
oInvCollPH,976,1024,0012C80B,0,1,1,4294967295,0,0
oInvCollPH,992,1024,003E64F2,0,1,1,4294967295,0,0
oInvCollPH,1008,1024,000B4AE9,0,1,1,4294967295,0,0
oInvCollPH,1024,1024,00301AE2,0,1,1,4294967295,0,0
oInvCollPH,1040,1024,00017A31,0,1,1,4294967295,0,0
oInvCollPH,1056,1024,0004558B,0,1,1,4294967295,0,0
oInvCollPH,1072,1024,003E996B,0,1,1,4294967295,0,0
oInvCollPH,1088,1024,003452C6,0,1,1,4294967295,0,0
oInvCollPH,1104,1024,000F6550,0,1,1,4294967295,0,0
oInvCollPH,1120,1024,000AA0ED,0,1,1,4294967295,0,0
oInvCollPH,1136,1024,001A1A52,0,1,1,4294967295,0,0
oInvCollPH,1152,1024,00013CCF,0,1,1,4294967295,0,0
oInvCollPH,1168,1024,00091C46,0,1,1,4294967295,0,0
oInvCollPH,1184,1024,00155D59,0,1,1,4294967295,0,0
oInvCollPH,1072,320,003A0535,0,1,1,4294967295,0,0
oInvCollPH,1072,304,002E2C9C,0,1,1,4294967295,0,0
oInvCollPH,1072,288,001107B8,0,1,1,4294967295,0,0
oInvCollPH,1072,272,00348403,0,1,1,4294967295,0,0
oInvCollPH,256,240,00145112,0,1,1,4294967295,0,0
oInvisibleSolid,144,208,003EA807,0,1,1,4294967295,0,1
oInvisibleSolid,0,320,002BAC07,0,1,1,4294967295,0,1
oInvisibleSolid,0,64,001F1C3C,0,1,1,4294967295,0,1
oInvisibleSolid,448,160,00127B0C,0,1,1,4294967295,0,1
oInvisibleSolid,352,112,00152FA4,0,1,1,4294967295,0,1
oInvisibleSolid,0,0,00215E85,0,1,1,4294967295,0,1
oInvisibleSolid,112,0,00399307,0,1,1,4294967295,0,1
oInvisibleSolid,512,304,003601DE,0,1,1,4294967295,0,1
oInvisibleSolid,0,384,002D7AB7,0,1,1,4294967295,0,1
oInvisibleSolid,0,480,000CCB69,0,1,1,4294967295,0,1
oInvisibleSolid,0,512,0035B582,0,1,1,4294967295,0,1
oInvisibleSolid,464,512,000BE6E8,0,1,1,4294967295,0,1
oInvisibleSolid,608,544,0018919B,0,1,1,4294967295,0,1
oInvisibleSolid,784,576,003BCA09,0,1,1,4294967295,0,1
oInvisibleSolid,880,672,0014A390,0,1,1,4294967295,0,1
oInvisibleSolid,592,0,003E8D5E,0,1,1,4294967295,0,1
oInvisibleSolid,656,0,000B24FC,0,1,1,4294967295,0,1
oInvisibleSolid,720,0,00192D9F,0,1,1,4294967295,0,1
oInvisibleSolid,848,0,0019E473,0,1,1,4294967295,0,1
oInvisibleSolid,912,0,001EA980,0,1,1,4294967295,0,1
oInvisibleSolid,976,0,00131713,0,1,1,4294967295,0,1
oInvisibleSolid,1040,0,002B1565,0,1,1,4294967295,0,1
oInvisibleSolid,1104,0,00130C34,0,1,1,4294967295,0,1
oInvisibleSolid,1168,144,001C418C,0,1,1,4294967295,0,1
oInvisibleSolid,1072,256,0022C332,0,1,1,4294967295,0,1
oInvisibleSolid,1136,336,0034FE97,0,1,1,4294967295,0,1
oInvisibleSolid,1072,752,00296875,0,1,1,4294967295,0,1
oInvisibleSolid,1008,832,0024AA90,0,1,1,4294967295,0,1
oInvisibleSolid,944,912,002C2716,0,1,1,4294967295,0,1
oInvisibleSolid,896,1104,002C0BDE,0,1,1,4294967295,0,1
oInvisibleSolid,592,1120,003D5BD8,0,1,1,4294967295,0,1
oInvisibleSolid,0,1152,003B9215,0,1,1,4294967295,0,1
oInvisibleSolid,0,944,0016B284,0,1,1,4294967295,0,1
oInvisibleSolid,368,1040,003044C9,0,1,1,4294967295,0,1
oInvisibleSolid,368,1072,00210261,0,1,1,4294967295,0,1
oInvisibleSolid,304,1072,002A9370,0,1,1,4294967295,0,1
oInvisibleSolid,304,1104,002B6AE7,0,1,1,4294967295,0,1
oInvisibleSolid,240,1104,00126487,0,1,1,4294967295,0,1
oInvisibleSolid,240,1136,00146F09,0,1,1,4294967295,0,1
oInvisibleSolid,608,880,0038832F,0,1,1,4294967295,0,1
oInvisibleSolid,768,1008,00205589,0,1,1,4294967295,0,1
oInvisibleSolid,704,848,003F4779,0,1,1,4294967295,0,1
oInvisibleSolid,768,816,00350D73,0,1,1,4294967295,0,1
oInvisibleSolid,720,672,00245AEB,0,1,1,4294967295,0,1
oInvisibleSolid,464,672,0001C6C4,0,1,1,4294967295,0,1
oInvisibleSolid,160,672,0033A83F,0,1,1,4294967295,0,1
oInvisibleSolid,192,608,00249196,0,1,1,4294967295,0,1
oInvisibleSolid,288,688,003709AA,0,1,1,4294967295,0,1
oInvisibleSolid,336,640,00014642,0,1,1,4294967295,0,1
oInvisibleSolid,320,704,0035930E,0,1,1,4294967295,0,1
oInvisibleSolid,0,752,003BF11E,0,1,1,4294967295,0,1
oInvisibleSolid,272,784,0006411E,0,1,1,4294967295,0,1
oInvisibleSolid,192,944,0005FD89,0,1,1,4294967295,0,1
oInvisibleSolid,624,752,001396EA,0,1,1,4294967295,0,1
oInvisibleSolid,512,752,0028CAEC,0,1,1,4294967295,0,1
oInvisibleSolid,448,816,001D0E28,0,1,1,4294967295,0,1
oInvisibleSolid,400,880,002AFFD6,0,1,1,4294967295,0,1
oInvisibleSolid,336,912,00066847,0,1,1,4294967295,0,1
oInvisibleSolid,384,816,002E0FBC,0,1,1,4294967295,0,1
oInvisibleSolid,320,816,0001F3A9,0,1,1,4294967295,0,1
oInvisibleSolid,272,816,0024281A,0,1,1,4294967295,0,1
oInvisibleSolidMorph,624,816,0017ED77,0,1,1,4294967295,0,1
oInvisibleSolidMorph,496,720,0005556A,0,1,1,4294967295,0,1
oInvisibleSolidMorph,320,784,0031FF08,0,1,1,4294967295,0,1
oInvisibleSolidMorph,160,720,0017664D,0,1,1,4294967295,0,1
oInvisibleSolidMorph,448,848,0008E848,0,1,1,4294967295,0,1
oInvisibleSolidMorph,640,848,00393C41,0,1,1,4294967295,0,1
oInvisibleSolid,464,464,0027031F,0,1,1,4294967295,0,1
oInvisibleSolidMorph,464,480,00023E27,0,1,1,4294967295,0,1
oInvisibleSolid,528,480,003CD415,0,1,1,4294967295,0,1
oInvisibleSolid,608,640,0015550C,0,1,1,4294967295,0,1
oInvisibleSolidMorph,608,608,002094E8,0,1,1,4294967295,0,1
oInvisibleSolid,464,656,00192C7A,0,1,1,4294967295,0,1
oInvisibleSolid,128,240,003F265B,0,1,1,4294967295,0,1
