oExit,0,416,00317D83,0,1,1,4294967295,0,1
oExit,2064,384,002ADCB8,0,1,1,4294967295,0,1
oExit,192,416,000B39D6,0,1,1,4294967295,0,1
oExit,256,416,002F855D,0,1,1,4294967295,0,1
oExit,320,416,001EFB6C,0,1,1,4294967295,0,1
oExit,384,416,000045F6,0,1,1,4294967295,0,1
oKeyColor,864,176,003E0A21,0,1,1,4294967295,0,1
oEventBarrier,1136,256,00131764,0,1,1,4294967295,0,1
oLockPanelColor,1104,352,002FA0B5,0,1,1,4294967295,0,1
oKeyColor,1840,112,0038140A,0,1,1,4294967295,0,1
oLockPanelColor,1952,384,0013030F,0,1,1,4294967295,0,1
oEventBarrier,1984,352,00228429,0,1,1,4294967295,0,1
oPlayer1,48,448,001A91FD,0,1,1,4294967295,0,0
oInvCollPH,0,368,00062873,0,1,1,4294967295,0,0
oInvCollPH,16,368,00347B5F,0,1,1,4294967295,0,0
oInvCollPH,32,368,0035B2DB,0,1,1,4294967295,0,0
oInvCollPH,48,368,003A9C20,0,1,1,4294967295,0,0
oInvCollPH,64,368,003E611B,0,1,1,4294967295,0,0
oInvCollPH,80,368,002F4D2D,0,1,1,4294967295,0,0
oInvCollPH,96,368,0027D64C,0,1,1,4294967295,0,0
oInvCollPH,112,368,00033DCF,0,1,1,4294967295,0,0
oInvCollPH,16,448,00099800,0,1,1,4294967295,0,0
oInvCollPH,32,448,00042CF2,0,1,1,4294967295,0,0
oInvCollPH,48,448,001E7E6D,0,1,1,4294967295,0,0
oInvCollPH,64,448,0022BDDC,0,1,1,4294967295,0,0
oInvCollPH,80,448,00229554,0,1,1,4294967295,0,0
oInvCollPH,96,448,003E99AD,0,1,1,4294967295,0,0
oInvCollPH,112,448,003D43AF,0,1,1,4294967295,0,0
oInvCollPH,144,448,001A7EA7,0,1,1,4294967295,0,0
oInvCollPH,128,448,002C3E7E,0,1,1,4294967295,0,0
oInvCollPH,240,448,003C4125,0,1,1,4294967295,0,0
oInvCollPH,224,448,002697E1,0,1,1,4294967295,0,0
oInvCollPH,208,448,00288F17,0,1,1,4294967295,0,0
oInvCollPH,192,448,00300946,0,1,1,4294967295,0,0
oInvCollPH,176,448,0014F410,0,1,1,4294967295,0,0
oInvCollPH,160,448,0016C5E9,0,1,1,4294967295,0,0
oInvCollPH,368,448,000AD9F0,0,1,1,4294967295,0,0
oInvCollPH,352,448,0036806D,0,1,1,4294967295,0,0
oInvCollPH,336,448,002F1526,0,1,1,4294967295,0,0
oInvCollPH,320,448,0008DF4E,0,1,1,4294967295,0,0
oInvCollPH,304,448,0000B4F8,0,1,1,4294967295,0,0
oInvCollPH,288,448,0020D94B,0,1,1,4294967295,0,0
oInvCollPH,272,448,001F1EE8,0,1,1,4294967295,0,0
oInvCollPH,256,448,003D13BC,0,1,1,4294967295,0,0
oInvCollPH,112,288,002DAC46,0,1,1,4294967295,0,0
oInvCollPH,112,304,00036CD0,0,1,1,4294967295,0,0
oInvCollPH,112,320,002B26B9,0,1,1,4294967295,0,0
oInvCollPH,112,336,00221149,0,1,1,4294967295,0,0
oInvCollPH,112,352,0009D509,0,1,1,4294967295,0,0
oInvCollPH,496,448,0026775A,0,1,1,4294967295,0,0
oInvCollPH,480,448,00093123,0,1,1,4294967295,0,0
oInvCollPH,464,448,0001895D,0,1,1,4294967295,0,0
oInvCollPH,448,448,0014F5D4,0,1,1,4294967295,0,0
oInvCollPH,432,448,0010DCC4,0,1,1,4294967295,0,0
oInvCollPH,416,448,00091702,0,1,1,4294967295,0,0
oInvCollPH,400,448,002D3C40,0,1,1,4294967295,0,0
oInvCollPH,384,448,00086FC2,0,1,1,4294967295,0,0
oInvCollPH,112,272,002088DA,0,1,1,4294967295,0,0
oInvCollPH,112,256,0026D859,0,1,1,4294967295,0,0
oInvCollPH,624,448,0029D0C1,0,1,1,4294967295,0,0
oInvCollPH,608,448,0005EC49,0,1,1,4294967295,0,0
oInvCollPH,592,448,0031A53E,0,1,1,4294967295,0,0
oInvCollPH,576,448,003889FB,0,1,1,4294967295,0,0
oInvCollPH,560,448,003B96E2,0,1,1,4294967295,0,0
oInvCollPH,544,448,0037DF80,0,1,1,4294967295,0,0
oInvCollPH,528,448,00064E62,0,1,1,4294967295,0,0
oInvCollPH,512,448,00032D71,0,1,1,4294967295,0,0
oInvCollPH,128,240,000B49ED,0,1,1,4294967295,0,0
oInvCollPH,144,240,00254D97,0,1,1,4294967295,0,0
oInvCollPH,160,240,0016ADCF,0,1,1,4294967295,0,0
oInvCollPH,176,240,0027435E,0,1,1,4294967295,0,0
oInvCollPH,192,240,00188867,0,1,1,4294967295,0,0
oInvCollPH,208,240,001A1818,0,1,1,4294967295,0,0
oInvCollPH,224,240,001D62BC,0,1,1,4294967295,0,0
oInvCollPH,240,240,00008F8C,0,1,1,4294967295,0,0
oInvCollPH,256,240,002ECA77,0,1,1,4294967295,0,0
oInvCollPH,272,240,00335933,0,1,1,4294967295,0,0
oInvCollPH,288,240,00306122,0,1,1,4294967295,0,0
oInvCollPH,304,240,00176779,0,1,1,4294967295,0,0
oInvCollPH,320,240,001147A0,0,1,1,4294967295,0,0
oInvCollPH,336,240,001C9741,0,1,1,4294967295,0,0
oInvCollPH,352,240,003AAC5D,0,1,1,4294967295,0,0
oInvCollPH,368,240,002ABC45,0,1,1,4294967295,0,0
oInvCollPH,384,240,00026781,0,1,1,4294967295,0,0
oInvCollPH,400,240,0002C628,0,1,1,4294967295,0,0
oInvCollPH,416,240,00058E54,0,1,1,4294967295,0,0
oInvCollPH,432,240,001C1AE3,0,1,1,4294967295,0,0
oInvCollPH,448,240,001ED59F,0,1,1,4294967295,0,0
oInvCollPH,464,240,0007D2D7,0,1,1,4294967295,0,0
oInvCollPH,480,240,00012FC1,0,1,1,4294967295,0,0
oInvCollPH,496,240,00000195,0,1,1,4294967295,0,0
oInvCollPH,496,224,003E6EAB,0,1,1,4294967295,0,0
oInvCollPH,496,208,0010ABBA,0,1,1,4294967295,0,0
oInvCollPH,496,192,002CE586,0,1,1,4294967295,0,0
oInvCollPH,496,176,0014C373,0,1,1,4294967295,0,0
oInvCollPH,496,160,0001481A,0,1,1,4294967295,0,0
oInvCollPH,496,144,00317CBA,0,1,1,4294967295,0,0
oInvCollPH,496,128,00047FA7,0,1,1,4294967295,0,0
oInvCollPH,496,112,0036F406,0,1,1,4294967295,0,0
oInvCollPH,496,96,00346F8C,0,1,1,4294967295,0,0
oInvCollPH,640,400,00296681,0,1,1,4294967295,0,0
oInvCollPH,640,416,001F1966,0,1,1,4294967295,0,0
oInvCollPH,640,432,0013EF34,0,1,1,4294967295,0,0
oInvCollPH,656,384,002110C7,0,1,1,4294967295,0,0
oInvCollPH,672,384,0034EFE7,0,1,1,4294967295,0,0
oInvCollPH,688,384,002B99CE,0,1,1,4294967295,0,0
oInvCollPH,704,384,00065F62,0,1,1,4294967295,0,0
oInvCollPH,720,384,000CB587,0,1,1,4294967295,0,0
oInvCollPH,736,384,00348C2F,0,1,1,4294967295,0,0
oInvCollPH,752,384,003364D4,0,1,1,4294967295,0,0
oInvCollPH,512,80,001138E9,0,1,1,4294967295,0,0
oInvCollPH,528,80,0008509A,0,1,1,4294967295,0,0
oInvCollPH,544,80,003B9F58,0,1,1,4294967295,0,0
oInvCollPH,560,80,0005F5FE,0,1,1,4294967295,0,0
oInvCollPH,576,80,0028CFCC,0,1,1,4294967295,0,0
oInvCollPH,592,80,0019D225,0,1,1,4294967295,0,0
oInvCollPH,656,80,0008F87D,0,1,1,4294967295,0,0
oInvCollPH,640,80,002E44DB,0,1,1,4294967295,0,0
oInvCollPH,624,80,000BB994,0,1,1,4294967295,0,0
oInvCollPH,608,80,000581F1,0,1,1,4294967295,0,0
oInvCollPH,752,80,002E5335,0,1,1,4294967295,0,0
oInvCollPH,736,80,0024F3BE,0,1,1,4294967295,0,0
oInvCollPH,720,80,003B50F9,0,1,1,4294967295,0,0
oInvCollPH,704,80,00146464,0,1,1,4294967295,0,0
oInvCollPH,688,80,003728CE,0,1,1,4294967295,0,0
oInvCollPH,672,80,001CE600,0,1,1,4294967295,0,0
oInvCollPH,816,80,003BD053,0,1,1,4294967295,0,0
oInvCollPH,800,80,00296829,0,1,1,4294967295,0,0
oInvCollPH,784,80,001D966F,0,1,1,4294967295,0,0
oInvCollPH,768,80,00232E2D,0,1,1,4294967295,0,0
oInvCollPH,944,80,0006529F,0,1,1,4294967295,0,0
oInvCollPH,928,80,0006BFD1,0,1,1,4294967295,0,0
oInvCollPH,912,80,000007BF,0,1,1,4294967295,0,0
oInvCollPH,896,80,00045CD9,0,1,1,4294967295,0,0
oInvCollPH,880,80,004024AA,0,1,1,4294967295,0,0
oInvCollPH,864,80,0004F367,0,1,1,4294967295,0,0
oInvCollPH,848,80,000C2633,0,1,1,4294967295,0,0
oInvCollPH,832,80,001BD4A5,0,1,1,4294967295,0,0
oInvCollPH,784,384,0035C9DB,0,1,1,4294967295,0,0
oInvCollPH,768,384,001C20FC,0,1,1,4294967295,0,0
oInvCollPH,832,208,0017E53F,0,1,1,4294967295,0,0
oInvCollPH,832,224,001769CA,0,1,1,4294967295,0,0
oInvCollPH,848,224,001B344D,0,1,1,4294967295,0,0
oInvCollPH,864,224,00391973,0,1,1,4294967295,0,0
oInvCollPH,880,224,00306CCB,0,1,1,4294967295,0,0
oInvCollPH,880,208,001E3F7C,0,1,1,4294967295,0,0
oInvCollPH,880,192,002F3688,0,1,1,4294967295,0,0
oInvCollPH,864,192,00123567,0,1,1,4294967295,0,0
oInvCollPH,848,192,002812C8,0,1,1,4294967295,0,0
oInvCollPH,864,416,0033E980,0,1,1,4294967295,0,0
oInvCollPH,848,416,003A46EF,0,1,1,4294967295,0,0
oInvCollPH,944,384,00165449,0,1,1,4294967295,0,0
oInvCollPH,928,384,0033B11B,0,1,1,4294967295,0,0
oInvCollPH,912,384,00296E78,0,1,1,4294967295,0,0
oInvCollPH,896,400,0026E6A1,0,1,1,4294967295,0,0
oInvCollPH,880,416,002AE3C2,0,1,1,4294967295,0,0
oInvCollPH,816,400,003BAD17,0,1,1,4294967295,0,0
oInvCollPH,816,384,0033B6C3,0,1,1,4294967295,0,0
oInvCollPH,800,384,003C58E1,0,1,1,4294967295,0,0
oInvCollPH,1008,384,002BCF7F,0,1,1,4294967295,0,0
oInvCollPH,992,384,00212E02,0,1,1,4294967295,0,0
oInvCollPH,976,384,0017AC8F,0,1,1,4294967295,0,0
oInvCollPH,960,384,00298CEA,0,1,1,4294967295,0,0
oInvCollPH,960,96,003F7038,0,1,1,4294967295,0,0
oInvCollPH,960,112,002322AA,0,1,1,4294967295,0,0
oInvCollPH,960,128,002468BB,0,1,1,4294967295,0,0
oInvCollPH,960,144,00308673,0,1,1,4294967295,0,0
oInvCollPH,960,160,0013C860,0,1,1,4294967295,0,0
oInvCollPH,960,176,000C4298,0,1,1,4294967295,0,0
oInvCollPH,960,192,00324997,0,1,1,4294967295,0,0
oInvCollPH,960,208,000A4CF3,0,1,1,4294967295,0,0
oInvCollPH,960,224,0014A72F,0,1,1,4294967295,0,0
oInvCollPH,960,240,000DA649,0,1,1,4294967295,0,0
oInvCollPH,976,240,0000919E,0,1,1,4294967295,0,0
oInvCollPH,992,240,0020BFF0,0,1,1,4294967295,0,0
oInvCollPH,1008,240,000DE8B4,0,1,1,4294967295,0,0
oInvCollPH,1024,240,001AB0C1,0,1,1,4294967295,0,0
oInvCollPH,1040,240,0009B50D,0,1,1,4294967295,0,0
oInvCollPH,1056,240,002419F3,0,1,1,4294967295,0,0
oInvCollPH,1072,240,00293955,0,1,1,4294967295,0,0
oInvCollPH,1072,384,0011086F,0,1,1,4294967295,0,0
oInvCollPH,1056,384,000E1C42,0,1,1,4294967295,0,0
oInvCollPH,1040,384,003EA140,0,1,1,4294967295,0,0
oInvCollPH,1024,384,003AC4A2,0,1,1,4294967295,0,0
oInvCollPH,1088,240,003E456B,0,1,1,4294967295,0,0
oInvCollPH,1104,240,0039748F,0,1,1,4294967295,0,0
oInvCollPH,1120,240,001B3206,0,1,1,4294967295,0,0
oInvCollPH,1136,240,0002C20F,0,1,1,4294967295,0,0
oInvCollPH,1136,224,00222DA7,0,1,1,4294967295,0,0
oInvCollPH,1136,208,00324EF7,0,1,1,4294967295,0,0
oInvCollPH,1136,192,00278A66,0,1,1,4294967295,0,0
oInvCollPH,1136,176,0028AB0A,0,1,1,4294967295,0,0
oInvCollPH,1136,160,0004E6DC,0,1,1,4294967295,0,0
oInvCollPH,1136,144,002E9DF1,0,1,1,4294967295,0,0
oInvCollPH,1136,128,0028B428,0,1,1,4294967295,0,0
oInvCollPH,1136,112,0011F8F3,0,1,1,4294967295,0,0
oInvCollPH,1136,96,000FB7A7,0,1,1,4294967295,0,0
oInvCollPH,1136,384,003FBBB8,0,1,1,4294967295,0,0
oInvCollPH,1120,384,00382A12,0,1,1,4294967295,0,0
oInvCollPH,1104,384,003CFC72,0,1,1,4294967295,0,0
oInvCollPH,1088,384,0021EA6E,0,1,1,4294967295,0,0
oInvCollPH,1264,384,000775AC,0,1,1,4294967295,0,0
oInvCollPH,1248,384,0009E382,0,1,1,4294967295,0,0
oInvCollPH,1232,384,000CAF3E,0,1,1,4294967295,0,0
oInvCollPH,1216,384,00349FBB,0,1,1,4294967295,0,0
oInvCollPH,1200,384,0036A609,0,1,1,4294967295,0,0
oInvCollPH,1184,384,001A503C,0,1,1,4294967295,0,0
oInvCollPH,1168,384,00169D07,0,1,1,4294967295,0,0
oInvCollPH,1152,384,002F50B7,0,1,1,4294967295,0,0
oInvCollPH,928,304,003E1FAF,0,1,1,4294967295,0,0
oInvCollPH,944,304,002A2270,0,1,1,4294967295,0,0
oInvCollPH,944,288,0040301C,0,1,1,4294967295,0,0
oInvCollPH,1152,80,00211206,0,1,1,4294967295,0,0
oInvCollPH,1168,80,0039E0F8,0,1,1,4294967295,0,0
oInvCollPH,1184,80,00087B39,0,1,1,4294967295,0,0
oInvCollPH,1200,80,00198DC6,0,1,1,4294967295,0,0
oInvCollPH,1200,64,0020C34D,0,1,1,4294967295,0,0
oInvCollPH,1296,224,001DC707,0,1,1,4294967295,0,0
oInvCollPH,1312,224,0033B8F0,0,1,1,4294967295,0,0
oInvCollPH,1328,224,002B91BE,0,1,1,4294967295,0,0
oInvCollPH,1344,224,00278859,0,1,1,4294967295,0,0
oInvCollPH,1360,224,000717C3,0,1,1,4294967295,0,0
oInvCollPH,1376,224,00298070,0,1,1,4294967295,0,0
oInvCollPH,1392,224,003B759F,0,1,1,4294967295,0,0
oInvCollPH,1280,240,0008B319,0,1,1,4294967295,0,0
oInvCollPH,1280,256,00202128,0,1,1,4294967295,0,0
oInvCollPH,1280,272,00175A8B,0,1,1,4294967295,0,0
oInvCollPH,1280,288,00216735,0,1,1,4294967295,0,0
oInvCollPH,1280,304,003AE6EE,0,1,1,4294967295,0,0
oInvCollPH,1280,320,0014ECF2,0,1,1,4294967295,0,0
oInvCollPH,1280,336,00206F51,0,1,1,4294967295,0,0
oInvCollPH,1280,352,00159572,0,1,1,4294967295,0,0
oInvCollPH,1280,368,0031D4C3,0,1,1,4294967295,0,0
oInvCollPH,1392,240,002A56DA,0,1,1,4294967295,0,0
oInvCollPH,1392,256,00068004,0,1,1,4294967295,0,0
oInvCollPH,1392,272,002A622B,0,1,1,4294967295,0,0
oInvCollPH,1392,288,002215F2,0,1,1,4294967295,0,0
oInvCollPH,1392,304,00122D2C,0,1,1,4294967295,0,0
oInvCollPH,1424,320,00121502,0,1,1,4294967295,0,0
oInvCollPH,1440,320,003C2706,0,1,1,4294967295,0,0
oInvCollPH,1456,320,000B4D17,0,1,1,4294967295,0,0
oInvCollPH,1472,320,00309AAD,0,1,1,4294967295,0,0
oInvCollPH,1488,320,00216BEF,0,1,1,4294967295,0,0
oInvCollPH,1504,320,002D5F8F,0,1,1,4294967295,0,0
oInvCollPH,1520,320,004040D5,0,1,1,4294967295,0,0
oInvCollPH,1536,320,000BF74D,0,1,1,4294967295,0,0
oInvCollPH,1552,320,001CC469,0,1,1,4294967295,0,0
oInvCollPH,1568,320,0015D4D2,0,1,1,4294967295,0,0
oInvCollPH,1584,320,002C500D,0,1,1,4294967295,0,0
oInvCollPH,1584,336,003D10A6,0,1,1,4294967295,0,0
oInvCollPH,1584,352,001921CC,0,1,1,4294967295,0,0
oInvCollPH,1584,368,001B78BA,0,1,1,4294967295,0,0
oInvCollPH,1584,384,002EA6D7,0,1,1,4294967295,0,0
oInvCollPH,1584,400,00365E9F,0,1,1,4294967295,0,0
oInvCollPH,1584,160,0004588D,0,1,1,4294967295,0,0
oInvCollPH,1600,160,003C40A5,0,1,1,4294967295,0,0
oInvCollPH,1616,160,0027138D,0,1,1,4294967295,0,0
oInvCollPH,1632,160,0006B62B,0,1,1,4294967295,0,0
oInvCollPH,1648,160,00201911,0,1,1,4294967295,0,0
oInvCollPH,1648,176,002D9687,0,1,1,4294967295,0,0
oInvCollPH,1648,192,00185E64,0,1,1,4294967295,0,0
oInvCollPH,1648,208,00138FE1,0,1,1,4294967295,0,0
oInvCollPH,1632,208,001B3CB5,0,1,1,4294967295,0,0
oInvCollPH,1616,208,00340BE4,0,1,1,4294967295,0,0
oInvCollPH,1600,208,00232581,0,1,1,4294967295,0,0
oInvCollPH,1584,208,0035729D,0,1,1,4294967295,0,0
oInvCollPH,1568,208,0014410F,0,1,1,4294967295,0,0
oInvCollPH,1568,192,0026B2CE,0,1,1,4294967295,0,0
oInvCollPH,1568,176,001E7ADA,0,1,1,4294967295,0,0
oInvCollPH,1792,144,002F6459,0,1,1,4294967295,0,0
oInvCollPH,1792,160,0019138E,0,1,1,4294967295,0,0
oInvCollPH,1792,176,002E2A16,0,1,1,4294967295,0,0
oInvCollPH,1808,176,003450C5,0,1,1,4294967295,0,0
oInvCollPH,1824,176,0020151A,0,1,1,4294967295,0,0
oInvCollPH,1840,176,00373438,0,1,1,4294967295,0,0
oInvCollPH,1856,176,0004B4C8,0,1,1,4294967295,0,0
oInvCollPH,1872,176,000DE6A3,0,1,1,4294967295,0,0
oInvCollPH,1872,160,001FBC7D,0,1,1,4294967295,0,0
oInvCollPH,1872,144,0024DEB3,0,1,1,4294967295,0,0
oInvCollPH,1872,128,0003BAD3,0,1,1,4294967295,0,0
oInvCollPH,1856,128,00251698,0,1,1,4294967295,0,0
oInvCollPH,1840,128,002935C0,0,1,1,4294967295,0,0
oInvCollPH,1824,128,001F440F,0,1,1,4294967295,0,0
oInvCollPH,1808,128,00268510,0,1,1,4294967295,0,0
oInvCollPH,1728,368,00011455,0,1,1,4294967295,0,0
oInvCollPH,1728,384,001C7479,0,1,1,4294967295,0,0
oInvCollPH,1728,400,002B87DF,0,1,1,4294967295,0,0
oInvCollPH,1744,352,002CCED2,0,1,1,4294967295,0,0
oInvCollPH,1760,352,00393746,0,1,1,4294967295,0,0
oInvCollPH,1776,352,00376943,0,1,1,4294967295,0,0
oInvCollPH,1792,352,002CD029,0,1,1,4294967295,0,0
oInvCollPH,1808,352,002D8C19,0,1,1,4294967295,0,0
oInvCollPH,1808,368,003F5F42,0,1,1,4294967295,0,0
oInvCollPH,1808,384,003BC204,0,1,1,4294967295,0,0
oInvCollPH,1808,400,003E1E7A,0,1,1,4294967295,0,0
oInvCollPH,1616,416,0014992A,0,1,1,4294967295,0,0
oInvCollPH,1632,416,002C564D,0,1,1,4294967295,0,0
oInvCollPH,1648,416,0029EB81,0,1,1,4294967295,0,0
oInvCollPH,1664,416,003B769D,0,1,1,4294967295,0,0
oInvCollPH,1680,416,0014D583,0,1,1,4294967295,0,0
oInvCollPH,1696,416,0019156A,0,1,1,4294967295,0,0
oInvCollPH,1712,416,00349E4C,0,1,1,4294967295,0,0
oInvCollPH,1824,416,001AC413,0,1,1,4294967295,0,0
oInvCollPH,1840,416,00318D37,0,1,1,4294967295,0,0
oInvCollPH,1856,416,0002F962,0,1,1,4294967295,0,0
oInvCollPH,1872,416,00248AAC,0,1,1,4294967295,0,0
oInvCollPH,1888,416,0013AF90,0,1,1,4294967295,0,0
oInvCollPH,1904,416,0038B166,0,1,1,4294967295,0,0
oInvCollPH,1920,416,001BE760,0,1,1,4294967295,0,0
oInvCollPH,1936,416,00165650,0,1,1,4294967295,0,0
oInvCollPH,1952,416,002876CF,0,1,1,4294967295,0,0
oInvCollPH,1968,416,00021A44,0,1,1,4294967295,0,0
oInvCollPH,1984,416,0016E0CB,0,1,1,4294967295,0,0
oInvCollPH,2000,416,001DC20C,0,1,1,4294967295,0,0
oInvCollPH,2016,416,001ED72E,0,1,1,4294967295,0,0
oInvCollPH,2032,416,0016D9E7,0,1,1,4294967295,0,0
oInvCollPH,2048,416,0037141F,0,1,1,4294967295,0,0
oInvCollPH,2064,416,00037A72,0,1,1,4294967295,0,0
oInvCollPH,1984,64,0008054D,0,1,1,4294967295,0,0
oInvCollPH,1984,80,0013F3C1,0,1,1,4294967295,0,0
oInvCollPH,1984,96,002D1E9C,0,1,1,4294967295,0,0
oInvCollPH,1984,112,002F5C38,0,1,1,4294967295,0,0
oInvCollPH,1984,128,001651B7,0,1,1,4294967295,0,0
oInvCollPH,1984,144,00052B1B,0,1,1,4294967295,0,0
oInvCollPH,1984,160,003A039A,0,1,1,4294967295,0,0
oInvCollPH,1984,176,00206552,0,1,1,4294967295,0,0
oInvCollPH,1984,192,000B3DF8,0,1,1,4294967295,0,0
oInvCollPH,1984,208,003C32B4,0,1,1,4294967295,0,0
oInvCollPH,1984,224,001743F6,0,1,1,4294967295,0,0
oInvCollPH,1984,240,001C84D1,0,1,1,4294967295,0,0
oInvCollPH,1984,256,000DA10B,0,1,1,4294967295,0,0
oInvCollPH,1984,272,000275FC,0,1,1,4294967295,0,0
oInvCollPH,1984,288,001167D3,0,1,1,4294967295,0,0
oInvCollPH,1984,304,00056745,0,1,1,4294967295,0,0
oInvCollPH,1984,320,003A4E19,0,1,1,4294967295,0,0
oInvCollPH,1984,336,0005FDB4,0,1,1,4294967295,0,0
oInvCollPH,2000,336,002C2ABF,0,1,1,4294967295,0,0
oInvCollPH,2016,336,0004C08A,0,1,1,4294967295,0,0
oInvCollPH,2032,336,000ACF05,0,1,1,4294967295,0,0
oInvCollPH,2048,336,00283402,0,1,1,4294967295,0,0
oInvCollPH,2064,336,0012B494,0,1,1,4294967295,0,0
oInvCollPH,1216,48,0037AE10,0,1,1,4294967295,0,0
oInvCollPH,1232,48,0007FFEB,0,1,1,4294967295,0,0
oInvCollPH,1248,48,000A2F3E,0,1,1,4294967295,0,0
oInvCollPH,1264,48,003EA3E4,0,1,1,4294967295,0,0
oInvCollPH,1280,48,003BD809,0,1,1,4294967295,0,0
oInvCollPH,1296,48,0024DD68,0,1,1,4294967295,0,0
oInvCollPH,1312,48,002EED01,0,1,1,4294967295,0,0
oInvCollPH,1328,48,002D13B6,0,1,1,4294967295,0,0
oInvCollPH,1344,48,000626A0,0,1,1,4294967295,0,0
oInvCollPH,1360,48,003F3E4C,0,1,1,4294967295,0,0
oInvCollPH,1376,48,001860C2,0,1,1,4294967295,0,0
oInvCollPH,1392,48,00100D95,0,1,1,4294967295,0,0
oInvCollPH,1408,48,003B9614,0,1,1,4294967295,0,0
oInvCollPH,1424,48,001E4028,0,1,1,4294967295,0,0
oInvCollPH,1440,48,003967AA,0,1,1,4294967295,0,0
oInvCollPH,1456,48,0017540D,0,1,1,4294967295,0,0
oInvCollPH,1472,48,003BE21F,0,1,1,4294967295,0,0
oInvCollPH,1488,48,0011C062,0,1,1,4294967295,0,0
oInvCollPH,1504,48,0031F83E,0,1,1,4294967295,0,0
oInvCollPH,1520,48,0032B930,0,1,1,4294967295,0,0
oInvCollPH,1536,48,002C9526,0,1,1,4294967295,0,0
oInvCollPH,1552,48,00009604,0,1,1,4294967295,0,0
oInvCollPH,1568,48,003EEB84,0,1,1,4294967295,0,0
oInvCollPH,1584,48,0002FCD2,0,1,1,4294967295,0,0
oInvCollPH,1600,48,00142DCE,0,1,1,4294967295,0,0
oInvCollPH,1616,48,002E3174,0,1,1,4294967295,0,0
oInvCollPH,1632,48,001BFA26,0,1,1,4294967295,0,0
oInvCollPH,1648,48,0020EFE6,0,1,1,4294967295,0,0
oInvCollPH,1664,48,0030F2A7,0,1,1,4294967295,0,0
oInvCollPH,1680,48,00228A10,0,1,1,4294967295,0,0
oInvCollPH,1696,48,001907E2,0,1,1,4294967295,0,0
oInvCollPH,1712,48,0017937A,0,1,1,4294967295,0,0
oInvCollPH,1728,48,0016A806,0,1,1,4294967295,0,0
oInvCollPH,1744,48,00263AB1,0,1,1,4294967295,0,0
oInvCollPH,1760,48,002E7997,0,1,1,4294967295,0,0
oInvCollPH,1776,48,003C559A,0,1,1,4294967295,0,0
oInvCollPH,1792,48,00057B61,0,1,1,4294967295,0,0
oInvCollPH,1808,48,0019A986,0,1,1,4294967295,0,0
oInvCollPH,1824,48,0013E9B3,0,1,1,4294967295,0,0
oInvCollPH,1840,48,00005ACB,0,1,1,4294967295,0,0
oInvCollPH,1856,48,00294CDA,0,1,1,4294967295,0,0
oInvCollPH,1872,48,00059854,0,1,1,4294967295,0,0
oInvCollPH,1888,48,000CB754,0,1,1,4294967295,0,0
oInvCollPH,1904,48,0031BCA2,0,1,1,4294967295,0,0
oInvCollPH,1920,48,00139459,0,1,1,4294967295,0,0
oInvCollPH,1936,48,0008B3CD,0,1,1,4294967295,0,0
oInvCollPH,1952,48,00332148,0,1,1,4294967295,0,0
oInvCollPH,1968,48,003FCF6B,0,1,1,4294967295,0,0
oInvCollPH,1184,304,00345C19,0,1,1,4294967295,0,0
oInvCollPH,1200,304,000D3EEE,0,1,1,4294967295,0,0
oInvCollPH,1200,288,001D39A3,0,1,1,4294967295,0,0
oInvisibleSolid,0,256,0024F5D8,0,1,1,4294967295,0,1
oInvisibleSolid,0,448,003B6881,0,1,1,4294967295,0,1
oInvisibleSolid,0,0,001DA20B,0,1,1,4294967295,0,1
oInvisibleSolid,640,384,00276BBD,0,1,1,4294967295,0,1
oInvisibleSolid,512,0,0022C1C7,0,1,1,4294967295,0,1
oInvisibleSolid,960,0,0018792E,0,1,1,4294967295,0,1
oInvisibleSolid,832,192,002D682C,0,1,1,4294967295,0,1
oCh21GlitchSpot,704,96,0031857D,0,1,1,4294967295,0,1
oInvisibleSolid,832,416,0022440A,0,1,1,4294967295,0,1
oInvisibleSolid,896,384,00146A9D,0,1,1,4294967295,0,1
oInvisibleSolid,928,288,002D617A,0,1,1,4294967295,0,1
oCh21GlitchSpot,1216,320,0032F383,0,1,1,4294967295,0,1
oInvisibleSolid,1216,0,001235A8,0,1,1,4294967295,0,1
oInvisibleSolid,1280,224,003C63AA,0,1,1,4294967295,0,1
oInvisibleSolid,1408,320,0004484E,0,1,1,4294967295,0,1
oInvisibleSolid,1600,416,0015D9DD,0,1,1,4294967295,0,1
oInvisibleSolid,1568,160,000B5D78,0,1,1,4294967295,0,1
oInvisibleSolid,1728,352,00181B89,0,1,1,4294967295,0,1
oInvisibleSolid,1792,128,00401C3F,0,1,1,4294967295,0,1
oInvisibleSolid,1984,0,0014CC83,0,1,1,4294967295,0,1
oCh21GlitchSpot,1728,224,0024C18E,0,1,1,4294967295,0,1
oInvisibleSolid,1184,288,0037ED3A,0,1,1,4294967295,0,1
oEvSpot_FlashTrigger,544,384,0030466A,0,1,1,4294967295,0,0
