oExit,0,240,00092C2C,0,1,1,4294967295,0,1
oExit,2848,240,002187B0,0,1,1,4294967295,0,1
oPT_Slime,1952,240,001E6E5F,0,1,1,4294967295,0,1
oPT_IceSpirit,2400,144,001D5DDE,0,1,1,4294967295,0,1
oPT_IceSpirit,816,128,001C49ED,0,1,1,4294967295,0,1
oPT_Skeleton,528,272,002A10EC,0,1,1,4294967295,0,1
oPlayer1,48,272,0013BCC2,0,1,1,4294967295,0,0
oPT_FireEye,1344,176,000B47EB,0,1,1,4294967295,0,1
oInvCollPFH,2672,176,00130C15,0,1,1,4294967295,0,0
oInvCollPFH,2688,176,0033B4C8,0,1,1,4294967295,0,0
oInvCollPFH,2704,176,000AE66D,0,1,1,4294967295,0,0
oInvCollPFH,2528,160,00397AFB,0,1,1,4294967295,0,0
oInvCollPFH,2544,160,0008A3CA,0,1,1,4294967295,0,0
oInvCollPFH,2560,160,00126C49,0,1,1,4294967295,0,0
oInvCollPFH,2048,192,0018D14A,0,1,1,4294967295,0,0
oInvCollPFH,2064,192,002F65A0,0,1,1,4294967295,0,0
oInvCollPFH,2080,192,0034B43D,0,1,1,4294967295,0,0
oInvCollPFH,1792,208,00199A1C,0,1,1,4294967295,0,0
oInvCollPFH,1808,208,00029411,0,1,1,4294967295,0,0
oInvCollPFH,1824,208,003740B6,0,1,1,4294967295,0,0
oInvCollPFH,1392,208,00241774,0,1,1,4294967295,0,0
oInvCollPFH,1408,208,000704A6,0,1,1,4294967295,0,0
oInvCollPFH,1424,208,00175442,0,1,1,4294967295,0,0
oInvCollPFH,1104,224,000525C0,0,1,1,4294967295,0,0
oInvCollPFH,1120,224,00216362,0,1,1,4294967295,0,0
oInvCollPFH,1136,224,0012C444,0,1,1,4294967295,0,0
oInvCollPFH,928,192,0034E8CF,0,1,1,4294967295,0,0
oInvCollPFH,944,192,00012603,0,1,1,4294967295,0,0
oInvCollPFH,960,192,003B1643,0,1,1,4294967295,0,0
oInvCollPFH,688,224,001EA9AC,0,1,1,4294967295,0,0
oInvCollPFH,704,224,0035DFD0,0,1,1,4294967295,0,0
oInvCollPFH,720,224,0015ACB5,0,1,1,4294967295,0,0
oInvCollPFH,496,176,002E119F,0,1,1,4294967295,0,0
oInvCollPFH,512,176,0017896B,0,1,1,4294967295,0,0
oInvCollPFH,528,176,0011FDC1,0,1,1,4294967295,0,0
oInvCollPH,16,272,003DE4C9,0,1,1,4294967295,0,0
oInvCollPH,32,272,00073182,0,1,1,4294967295,0,0
oInvCollPH,48,272,0025E129,0,1,1,4294967295,0,0
oInvCollPH,64,272,000C9C3A,0,1,1,4294967295,0,0
oInvCollPH,80,272,001815AC,0,1,1,4294967295,0,0
oInvCollPH,224,336,001D78F7,0,1,1,4294967295,0,0
oInvCollPH,240,336,001C343B,0,1,1,4294967295,0,0
oInvCollPH,256,336,001AF988,0,1,1,4294967295,0,0
oInvCollPH,272,336,0015DD89,0,1,1,4294967295,0,0
oInvCollPH,432,272,00177D9B,0,1,1,4294967295,0,0
oInvCollPH,448,272,00245BEB,0,1,1,4294967295,0,0
oInvCollPH,464,272,003F695D,0,1,1,4294967295,0,0
oInvCollPH,480,272,002CB228,0,1,1,4294967295,0,0
oInvCollPH,496,272,000271C6,0,1,1,4294967295,0,0
oInvCollPH,512,272,00380F66,0,1,1,4294967295,0,0
oInvCollPH,528,272,00227D23,0,1,1,4294967295,0,0
oInvCollPH,544,272,00021936,0,1,1,4294967295,0,0
oInvCollPH,560,272,0009F716,0,1,1,4294967295,0,0
oInvCollPH,560,288,00077FA0,0,1,1,4294967295,0,0
oInvCollPH,592,304,003546DC,0,1,1,4294967295,0,0
oInvCollPH,608,304,002FC274,0,1,1,4294967295,0,0
oInvCollPH,624,304,0003D036,0,1,1,4294967295,0,0
oInvCollPH,640,304,001A4530,0,1,1,4294967295,0,0
oInvCollPH,656,304,001CA1F6,0,1,1,4294967295,0,0
oInvCollPH,672,304,0025AB2F,0,1,1,4294967295,0,0
oInvCollPH,688,304,00372CA5,0,1,1,4294967295,0,0
oInvCollPH,704,304,000FB55B,0,1,1,4294967295,0,0
oInvCollPH,720,304,001BB98B,0,1,1,4294967295,0,0
oInvCollPH,736,304,0024F5A7,0,1,1,4294967295,0,0
oInvCollPH,752,304,000DB832,0,1,1,4294967295,0,0
oInvCollPH,768,304,0028A985,0,1,1,4294967295,0,0
oInvCollPH,784,304,000FAAE4,0,1,1,4294967295,0,0
oInvCollPH,800,304,00021247,0,1,1,4294967295,0,0
oInvCollPH,816,304,002ACA02,0,1,1,4294967295,0,0
oInvCollPH,816,320,002B7242,0,1,1,4294967295,0,0
oInvCollPH,816,336,00087861,0,1,1,4294967295,0,0
oInvCollPH,896,320,0028B7BD,0,1,1,4294967295,0,0
oInvCollPH,896,336,001FDB9C,0,1,1,4294967295,0,0
oInvCollPH,912,304,00026B64,0,1,1,4294967295,0,0
oInvCollPH,928,304,001DDC49,0,1,1,4294967295,0,0
oInvCollPH,944,304,000F379D,0,1,1,4294967295,0,0
oInvCollPH,960,304,0033CFAA,0,1,1,4294967295,0,0
oInvCollPH,976,304,0002C1F1,0,1,1,4294967295,0,0
oInvCollPH,976,320,002B5005,0,1,1,4294967295,0,0
oInvCollPH,976,336,003253B8,0,1,1,4294967295,0,0
oInvCollPH,1056,320,003DC600,0,1,1,4294967295,0,0
oInvCollPH,1056,336,00241BAF,0,1,1,4294967295,0,0
oInvCollPH,1072,304,0006EC4B,0,1,1,4294967295,0,0
oInvCollPH,1088,304,0030504D,0,1,1,4294967295,0,0
oInvCollPH,1104,304,0033A596,0,1,1,4294967295,0,0
oInvCollPH,1120,304,003265B3,0,1,1,4294967295,0,0
oInvCollPH,1136,304,001601DC,0,1,1,4294967295,0,0
oInvCollPH,1152,304,003A4EF7,0,1,1,4294967295,0,0
oInvCollPH,1168,304,0014BFB5,0,1,1,4294967295,0,0
oInvCollPH,1168,320,000FC4E6,0,1,1,4294967295,0,0
oInvCollPH,1168,336,00301EB0,0,1,1,4294967295,0,0
oInvCollPH,1504,288,00148062,0,1,1,4294967295,0,0
oInvCollPH,1520,272,002CA57E,0,1,1,4294967295,0,0
oInvCollPH,1536,272,002DD443,0,1,1,4294967295,0,0
oInvCollPH,1552,272,001726E6,0,1,1,4294967295,0,0
oInvCollPH,1552,288,003947FA,0,1,1,4294967295,0,0
oInvCollPH,1552,304,00378E03,0,1,1,4294967295,0,0
oInvCollPH,1552,320,0032E921,0,1,1,4294967295,0,0
oInvCollPH,1552,336,0015E89E,0,1,1,4294967295,0,0
oInvCollPH,1248,320,0038DA90,0,1,1,4294967295,0,0
oInvCollPH,1248,336,0006380D,0,1,1,4294967295,0,0
oInvCollPH,1264,304,00172823,0,1,1,4294967295,0,0
oInvCollPH,1280,304,00265C20,0,1,1,4294967295,0,0
oInvCollPH,1296,304,000AB5B7,0,1,1,4294967295,0,0
oInvCollPH,1312,304,000A81E3,0,1,1,4294967295,0,0
oInvCollPH,1328,304,000C513C,0,1,1,4294967295,0,0
oInvCollPH,1344,304,000B2C04,0,1,1,4294967295,0,0
oInvCollPH,1360,304,0005BBB7,0,1,1,4294967295,0,0
oInvCollPH,1376,304,00184582,0,1,1,4294967295,0,0
oInvCollPH,1392,304,0025EBC1,0,1,1,4294967295,0,0
oInvCollPH,1408,304,0034A669,0,1,1,4294967295,0,0
oInvCollPH,1424,304,002883AD,0,1,1,4294967295,0,0
oInvCollPH,1440,304,0005B55E,0,1,1,4294967295,0,0
oInvCollPH,1456,304,00356B82,0,1,1,4294967295,0,0
oInvCollPH,1472,304,003A3F60,0,1,1,4294967295,0,0
oInvCollPH,1488,304,00004C57,0,1,1,4294967295,0,0
oInvCollPH,1728,288,00388CD6,0,1,1,4294967295,0,0
oInvCollPH,1744,272,0010920E,0,1,1,4294967295,0,0
oInvCollPH,1744,288,00370700,0,1,1,4294967295,0,0
oInvCollPH,1920,256,00076D49,0,1,1,4294967295,0,0
oInvCollPH,1936,240,00294D68,0,1,1,4294967295,0,0
oInvCollPH,1952,240,0007B71B,0,1,1,4294967295,0,0
oInvCollPH,1968,240,001C773D,0,1,1,4294967295,0,0
oInvCollPH,1968,256,00267560,0,1,1,4294967295,0,0
oInvCollPH,1856,288,002A1A92,0,1,1,4294967295,0,0
oInvCollPH,1872,272,001CD046,0,1,1,4294967295,0,0
oInvCollPH,1888,272,0031DCC7,0,1,1,4294967295,0,0
oInvCollPH,1904,272,0022407E,0,1,1,4294967295,0,0
oInvCollPH,1984,272,002F5893,0,1,1,4294967295,0,0
oInvCollPH,2000,272,000C13F5,0,1,1,4294967295,0,0
oInvCollPH,2016,272,0024E1C7,0,1,1,4294967295,0,0
oInvCollPH,2032,272,000E6E6E,0,1,1,4294967295,0,0
oInvCollPH,2048,272,002DC865,0,1,1,4294967295,0,0
oInvCollPH,2064,272,002D73CB,0,1,1,4294967295,0,0
oInvCollPH,2080,272,0011871E,0,1,1,4294967295,0,0
oInvCollPH,2096,272,000C7B0C,0,1,1,4294967295,0,0
oInvCollPH,2096,288,00394C02,0,1,1,4294967295,0,0
oInvCollPH,2096,304,00123B4C,0,1,1,4294967295,0,0
oInvCollPH,2096,320,002EBE6A,0,1,1,4294967295,0,0
oInvCollPH,2096,336,0003D374,0,1,1,4294967295,0,0
oInvCollPH,1632,320,00345735,0,1,1,4294967295,0,0
oInvCollPH,1632,336,00129385,0,1,1,4294967295,0,0
oInvCollPH,1648,304,00264BF7,0,1,1,4294967295,0,0
oInvCollPH,1664,304,000BE9DE,0,1,1,4294967295,0,0
oInvCollPH,1680,304,00274052,0,1,1,4294967295,0,0
oInvCollPH,1696,304,0017E7B3,0,1,1,4294967295,0,0
oInvCollPH,1712,304,0035EAEE,0,1,1,4294967295,0,0
oInvCollPH,1760,304,000A3B84,0,1,1,4294967295,0,0
oInvCollPH,1776,304,0016CE95,0,1,1,4294967295,0,0
oInvCollPH,1792,304,00381985,0,1,1,4294967295,0,0
oInvCollPH,1808,304,00114E4B,0,1,1,4294967295,0,0
oInvCollPH,1824,304,0004C370,0,1,1,4294967295,0,0
oInvCollPH,1840,304,0019DD55,0,1,1,4294967295,0,0
oInvCollPH,2176,288,00319521,0,1,1,4294967295,0,0
oInvCollPH,2176,304,00231358,0,1,1,4294967295,0,0
oInvCollPH,2176,320,003189D3,0,1,1,4294967295,0,0
oInvCollPH,2176,336,001C8E15,0,1,1,4294967295,0,0
oInvCollPH,2192,272,002DCB13,0,1,1,4294967295,0,0
oInvCollPH,2208,272,002614A9,0,1,1,4294967295,0,0
oInvCollPH,2224,272,000808EC,0,1,1,4294967295,0,0
oInvCollPH,2224,288,0038D644,0,1,1,4294967295,0,0
oInvCollPH,2256,304,00255987,0,1,1,4294967295,0,0
oInvCollPH,2272,304,003AD282,0,1,1,4294967295,0,0
oInvCollPH,2288,304,003458B5,0,1,1,4294967295,0,0
oInvCollPH,2304,288,0026DA07,0,1,1,4294967295,0,0
oInvCollPH,2304,272,00011821,0,1,1,4294967295,0,0
oInvCollPH,2304,256,00271F53,0,1,1,4294967295,0,0
oInvCollPH,2320,240,00230158,0,1,1,4294967295,0,0
oInvCollPH,2336,240,000293AF,0,1,1,4294967295,0,0
oInvCollPH,2352,240,001EA2CD,0,1,1,4294967295,0,0
oInvCollPH,2352,256,0006B7AE,0,1,1,4294967295,0,0
oInvCollPH,2352,272,003E99E2,0,1,1,4294967295,0,0
oInvCollPH,2352,288,002F4EE3,0,1,1,4294967295,0,0
oInvCollPH,2352,304,002D1BF4,0,1,1,4294967295,0,0
oInvCollPH,2352,320,003D55BE,0,1,1,4294967295,0,0
oInvCollPH,2352,336,003488F6,0,1,1,4294967295,0,0
oInvCollPH,2496,256,0033CE28,0,1,1,4294967295,0,0
oInvCollPH,2512,240,002D6132,0,1,1,4294967295,0,0
oInvCollPH,2528,240,000C906C,0,1,1,4294967295,0,0
oInvCollPH,2544,240,0037AB9C,0,1,1,4294967295,0,0
oInvCollPH,2560,240,003E3680,0,1,1,4294967295,0,0
oInvCollPH,2576,240,0028E0C4,0,1,1,4294967295,0,0
oInvCollPH,2576,256,0006590D,0,1,1,4294967295,0,0
oInvCollPH,2448,272,003A4763,0,1,1,4294967295,0,0
oInvCollPH,2464,272,0004DA19,0,1,1,4294967295,0,0
oInvCollPH,2480,272,0007A1B5,0,1,1,4294967295,0,0
oInvCollPH,2432,288,0031B4D8,0,1,1,4294967295,0,0
oInvCollPH,2432,304,00148828,0,1,1,4294967295,0,0
oInvCollPH,2432,320,003D4BD6,0,1,1,4294967295,0,0
oInvCollPH,2432,336,0039B9D1,0,1,1,4294967295,0,0
oInvCollPH,2848,272,000136ED,0,1,1,4294967295,0,0
oInvCollPH,2832,272,002156FF,0,1,1,4294967295,0,0
oInvCollPH,2816,272,0010936A,0,1,1,4294967295,0,0
oInvCollPH,2800,272,000E29DA,0,1,1,4294967295,0,0
oInvCollPH,2784,272,003C52B7,0,1,1,4294967295,0,0
oInvCollPH,2768,272,000B41B3,0,1,1,4294967295,0,0
oInvCollPH,2752,272,001B6A16,0,1,1,4294967295,0,0
oInvCollPH,2736,272,001D817E,0,1,1,4294967295,0,0
oInvCollPH,2720,272,003BBAC0,0,1,1,4294967295,0,0
oInvCollPH,2704,272,000DA817,0,1,1,4294967295,0,0
oInvCollPH,2640,272,00210C1D,0,1,1,4294967295,0,0
oInvCollPH,2624,272,0034A3DF,0,1,1,4294967295,0,0
oInvCollPH,2608,272,0024BD59,0,1,1,4294967295,0,0
oInvCollPH,2592,272,0039D5C0,0,1,1,4294967295,0,0
oInvCollPH,2656,272,00146C06,0,1,1,4294967295,0,0
oInvCollPH,2672,272,0037F1B2,0,1,1,4294967295,0,0
oInvCollPH,2688,272,000569F5,0,1,1,4294967295,0,0
oInvisibleRupLowSlope,288,320,00160737,0,1,1,4294967295,0,0
oInvisibleRupLowSlope,320,304,002062B7,0,1,1,4294967295,0,0
oInvisibleRupLowSlope,352,288,0021AB62,0,1,1,4294967295,0,0
oInvisibleRupLowSlope,384,272,001318D6,0,1,1,4294967295,0,0
oInvisibleLupLowSlope,96,272,0032C448,0,1,1,4294967295,0,0
oInvisibleLupLowSlope,128,288,003BBCE7,0,1,1,4294967295,0,0
oInvisibleLupLowSlope,160,304,003F3BD1,0,1,1,4294967295,0,0
oInvisibleLupLowSlope,192,320,000AC61A,0,1,1,4294967295,0,0
oInvisibleSolid,0,272,0022E179,0,1,1,4294967295,0,1
oInvisibleSolid,96,336,001B4A1F,0,1,1,4294967295,0,1
oInvisibleSolid,96,288,0030F53A,0,1,1,4294967295,0,1
oInvisibleSolid,96,304,0033ADDD,0,1,1,4294967295,0,1
oInvisibleSolid,96,320,002974F4,0,1,1,4294967295,0,1
oInvisibleSolid,384,288,001E494B,0,1,1,4294967295,0,1
oInvisibleSolid,352,304,00156D38,0,1,1,4294967295,0,1
oInvisibleSolid,320,320,002B1F8B,0,1,1,4294967295,0,1
oInvisibleSolid,416,272,00267A69,0,1,1,4294967295,0,1
oInvisibleSolid,576,304,000E36A2,0,1,1,4294967295,0,1
oInvisibleSolid,896,304,001B008F,0,1,1,4294967295,0,1
oInvisibleSolid,1056,304,003BF7EC,0,1,1,4294967295,0,1
oInvisibleSolid,1248,304,00316679,0,1,1,4294967295,0,1
oInvisibleSolid,1504,272,003D8E74,0,1,1,4294967295,0,1
oInvisibleSolid,1632,304,001EF624,0,1,1,4294967295,0,1
oInvisibleSolid,1728,272,0037229A,0,1,1,4294967295,0,1
oInvisibleSolid,1856,272,000578FF,0,1,1,4294967295,0,1
oInvisibleSolid,1920,240,0002EE7E,0,1,1,4294967295,0,1
oInvisibleSolid,2176,272,002A2907,0,1,1,4294967295,0,1
oInvisibleSolid,2240,304,001CF1DB,0,1,1,4294967295,0,1
oInvisibleSolid,2304,240,003A2073,0,1,1,4294967295,0,1
oInvisibleSolid,2432,272,002AF2E3,0,1,1,4294967295,0,1
oInvisibleSolid,2496,240,0028666F,0,1,1,4294967295,0,1
oInvisiblePlatform,2656,176,002F9E44,0,1,1,4294967295,0,1
oInvisiblePlatform,2512,160,000894CC,0,1,1,4294967295,0,1
oInvisiblePlatform,2032,192,000AD31B,0,1,1,4294967295,0,1
oInvisiblePlatform,1776,208,00198EEB,0,1,1,4294967295,0,1
oInvisiblePlatform,1376,208,003F48FE,0,1,1,4294967295,0,1
oInvisiblePlatform,1088,224,00390986,0,1,1,4294967295,0,1
oInvisiblePlatform,912,192,00140F36,0,1,1,4294967295,0,1
oInvisiblePlatform,672,224,0025C0CB,0,1,1,4294967295,0,1
oInvisiblePlatform,480,176,003DC4DB,0,1,1,4294967295,0,1
