oExit,2032,256,001D9681,0,1,1,4294967295,0,1
sSwitchPlatformBlock,1080,192,00141C44,0,1,1,4294967295,0,1
sSwitchPlatformBlock,56,240,00190EC1,0,1,1,4294967295,0,0
oMovingPlatform,1312,288,0013F685,0,1,1,4294967295,0,1
oPlatformBlock,1056,192,000AE288,0,1,1,4294967295,0,1
oMovingPlatform,672,288,0037A5AE,0,1,1,4294967295,0,1
oPlatformBlock,672,160,000FD028,0,1,1,4294967295,0,1
oPlatformBlock,672,96,00148FB8,0,1,1,4294967295,0,1
oHeartEnergy,88,224,000CE55A,0,1,1,4294967295,0,1
oMoneyChest,576,288,002A676C,0,1,1,4294967295,0,1
oMarioSpikeCeiling,1056,128,003E8ADE,0,1,1,4294967295,0,0
oMarioSpikeCeiling,1072,128,0025B814,0,1,1,4294967295,0,0
oMarioSpikeCeiling,1088,128,003BB8E1,0,1,1,4294967295,0,0
oMarioSpikeCeiling,1104,128,0018A1C2,0,1,1,4294967295,0,0
oPlayer1,2000,288,001976C0,0,1,1,4294967295,0,0
oInvCollPH,1984,160,00293256,0,1,1,4294967295,0,0
oInvCollPH,1984,176,002C88DC,0,1,1,4294967295,0,0
oInvCollPH,1984,192,003F32C3,0,1,1,4294967295,0,0
oInvCollPH,1984,208,001281AC,0,1,1,4294967295,0,0
oInvCollPH,2000,208,0034F487,0,1,1,4294967295,0,0
oInvCollPH,2016,208,00236E79,0,1,1,4294967295,0,0
oInvCollPH,2032,208,002736A1,0,1,1,4294967295,0,0
oInvCollPH,1824,304,000B71DE,0,1,1,4294967295,0,0
oInvCollPH,1824,320,001D7D9F,0,1,1,4294967295,0,0
oInvCollPH,1824,336,002B4E2B,0,1,1,4294967295,0,0
oInvCollPH,1840,288,0005F528,0,1,1,4294967295,0,0
oInvCollPH,1856,288,0026A785,0,1,1,4294967295,0,0
oInvCollPH,1872,288,003B3D84,0,1,1,4294967295,0,0
oInvCollPH,1888,288,000CC894,0,1,1,4294967295,0,0
oInvCollPH,1904,288,000B075B,0,1,1,4294967295,0,0
oInvCollPH,1920,288,000FF46C,0,1,1,4294967295,0,0
oInvCollPH,1936,288,0016C961,0,1,1,4294967295,0,0
oInvCollPH,1952,288,00027ECA,0,1,1,4294967295,0,0
oInvCollPH,1968,288,000A66A2,0,1,1,4294967295,0,0
oInvCollPH,1984,288,000DF7D1,0,1,1,4294967295,0,0
oInvCollPH,2000,288,0027A4E5,0,1,1,4294967295,0,0
oInvCollPH,2016,288,00047BF1,0,1,1,4294967295,0,0
oInvCollPH,2032,288,00060535,0,1,1,4294967295,0,0
oInvCollPH,1712,288,002A288C,0,1,1,4294967295,0,0
oInvCollPH,1712,304,000B2B84,0,1,1,4294967295,0,0
oInvCollPH,1712,320,0000F786,0,1,1,4294967295,0,0
oInvCollPH,1712,336,001440A6,0,1,1,4294967295,0,0
oInvCollPH,1696,336,002D9C7A,0,1,1,4294967295,0,0
oInvCollPH,1696,320,002254EB,0,1,1,4294967295,0,0
oInvCollPH,1696,304,000454FD,0,1,1,4294967295,0,0
oInvCollPH,1568,304,0032CE96,0,1,1,4294967295,0,0
oInvCollPH,1568,320,003D51C8,0,1,1,4294967295,0,0
oInvCollPH,1568,336,000602AF,0,1,1,4294967295,0,0
oInvCollPH,1584,336,00232E43,0,1,1,4294967295,0,0
oInvCollPH,1584,320,00254664,0,1,1,4294967295,0,0
oInvCollPH,1584,304,002EDADF,0,1,1,4294967295,0,0
oInvCollPH,1584,288,001FDF50,0,1,1,4294967295,0,0
oInvCollPH,1408,304,000948AC,0,1,1,4294967295,0,0
oInvCollPH,1408,320,000F0BD8,0,1,1,4294967295,0,0
oInvCollPH,1408,336,00032251,0,1,1,4294967295,0,0
oInvCollPH,1424,336,0037E80D,0,1,1,4294967295,0,0
oInvCollPH,1424,320,0022A33B,0,1,1,4294967295,0,0
oInvCollPH,1424,304,0005A3D1,0,1,1,4294967295,0,0
oInvCollPH,1424,288,00009300,0,1,1,4294967295,0,0
oInvCollPH,1408,112,0023670C,0,1,1,4294967295,0,0
oInvCollPH,1424,112,001CDEF6,0,1,1,4294967295,0,0
oInvCollPH,1440,112,002C31ED,0,1,1,4294967295,0,0
oInvCollPH,1456,112,00376932,0,1,1,4294967295,0,0
oInvCollPH,1472,112,000986D0,0,1,1,4294967295,0,0
oInvCollPH,1488,112,0019F7F7,0,1,1,4294967295,0,0
oInvCollPH,1504,112,0035DB75,0,1,1,4294967295,0,0
oInvCollPH,1520,112,000BDA24,0,1,1,4294967295,0,0
oInvCollPH,1536,112,00043F39,0,1,1,4294967295,0,0
oInvCollPH,1552,112,00326C12,0,1,1,4294967295,0,0
oInvCollPH,1568,112,004039FC,0,1,1,4294967295,0,0
oInvCollPH,1584,112,0033C779,0,1,1,4294967295,0,0
oInvCollPH,1600,128,0035D472,0,1,1,4294967295,0,0
oInvCollPH,1600,144,003BFDFE,0,1,1,4294967295,0,0
oInvCollPH,1616,144,00018052,0,1,1,4294967295,0,0
oInvCollPH,1632,144,001B21AB,0,1,1,4294967295,0,0
oInvCollPH,1648,144,0038AD35,0,1,1,4294967295,0,0
oInvCollPH,1664,144,00186012,0,1,1,4294967295,0,0
oInvCollPH,1680,144,001D95F1,0,1,1,4294967295,0,0
oInvCollPH,1696,144,00046248,0,1,1,4294967295,0,0
oInvCollPH,1712,144,0022FB5A,0,1,1,4294967295,0,0
oInvCollPH,1728,144,001E4C7B,0,1,1,4294967295,0,0
oInvCollPH,1744,144,003B2274,0,1,1,4294967295,0,0
oInvCollPH,1968,144,00378DDD,0,1,1,4294967295,0,0
oInvCollPH,1952,144,0021E25F,0,1,1,4294967295,0,0
oInvCollPH,1936,144,003E83F9,0,1,1,4294967295,0,0
oInvCollPH,1920,144,000E7641,0,1,1,4294967295,0,0
oInvCollPH,1904,144,002E024E,0,1,1,4294967295,0,0
oInvCollPH,1888,144,00049C14,0,1,1,4294967295,0,0
oInvCollPH,1872,144,001A29D5,0,1,1,4294967295,0,0
oInvCollPH,1856,144,0015AB59,0,1,1,4294967295,0,0
oInvCollPH,1840,144,0038D8E8,0,1,1,4294967295,0,0
oInvCollPH,1824,144,00202D94,0,1,1,4294967295,0,0
oInvCollPH,1808,144,000D8057,0,1,1,4294967295,0,0
oInvCollPH,1792,144,0012D198,0,1,1,4294967295,0,0
oInvCollPH,1776,144,0026BF56,0,1,1,4294967295,0,0
oInvCollPH,1760,144,003EFE6F,0,1,1,4294967295,0,0
oInvCollPH,1056,112,003EBECE,0,1,1,4294967295,0,0
oInvCollPH,1072,112,00289B2F,0,1,1,4294967295,0,0
oInvCollPH,1088,112,0009FF77,0,1,1,4294967295,0,0
oInvCollPH,1104,112,0027459A,0,1,1,4294967295,0,0
oInvCollPH,1120,144,0016AD9B,0,1,1,4294967295,0,0
oInvCollPH,1136,144,00036BEE,0,1,1,4294967295,0,0
oInvCollPH,1152,144,0006425B,0,1,1,4294967295,0,0
oInvCollPH,1120,128,000D7005,0,1,1,4294967295,0,0
oInvCollPH,1168,144,00183710,0,1,1,4294967295,0,0
oInvCollPH,1184,144,00124540,0,1,1,4294967295,0,0
oInvCollPH,1200,144,00222780,0,1,1,4294967295,0,0
oInvCollPH,1216,144,00188DC5,0,1,1,4294967295,0,0
oInvCollPH,1232,144,00133821,0,1,1,4294967295,0,0
oInvCollPH,1248,144,00194D95,0,1,1,4294967295,0,0
oInvCollPH,1264,144,0027BCA8,0,1,1,4294967295,0,0
oInvCollPH,1392,128,00312242,0,1,1,4294967295,0,0
oInvCollPH,1392,144,000CA649,0,1,1,4294967295,0,0
oInvCollPH,1376,144,00026803,0,1,1,4294967295,0,0
oInvCollPH,1360,144,002F83E3,0,1,1,4294967295,0,0
oInvCollPH,1344,144,00215F20,0,1,1,4294967295,0,0
oInvCollPH,1328,144,003AFE90,0,1,1,4294967295,0,0
oInvCollPH,1312,144,0017B483,0,1,1,4294967295,0,0
oInvCollPH,1296,144,003F422B,0,1,1,4294967295,0,0
oInvCollPH,1280,144,001DE3C6,0,1,1,4294967295,0,0
oInvCollPH,672,80,0009EF1E,0,1,1,4294967295,0,0
oInvCollPH,688,80,0026684F,0,1,1,4294967295,0,0
oInvCollPH,704,80,0038F765,0,1,1,4294967295,0,0
oInvCollPH,720,80,001C374E,0,1,1,4294967295,0,0
oInvCollPH,544,128,002CB9C2,0,1,1,4294967295,0,0
oInvCollPH,544,144,001BDC09,0,1,1,4294967295,0,0
oInvCollPH,560,144,00250C1E,0,1,1,4294967295,0,0
oInvCollPH,576,144,003077FD,0,1,1,4294967295,0,0
oInvCollPH,592,144,0009B651,0,1,1,4294967295,0,0
oInvCollPH,608,144,0039B4E6,0,1,1,4294967295,0,0
oInvCollPH,624,144,0031FC27,0,1,1,4294967295,0,0
oInvCollPH,640,144,00375256,0,1,1,4294967295,0,0
oInvCollPH,656,144,002CC047,0,1,1,4294967295,0,0
oInvCollPH,656,128,000F3EC2,0,1,1,4294967295,0,0
oInvCollPH,656,112,00141EEA,0,1,1,4294967295,0,0
oInvCollPH,656,96,0024BFE7,0,1,1,4294967295,0,0
oInvCollPH,736,96,0028DCED,0,1,1,4294967295,0,0
oInvCollPH,736,112,003B7108,0,1,1,4294967295,0,0
oInvCollPH,736,128,00030D05,0,1,1,4294967295,0,0
oInvCollPH,736,144,001D9ACE,0,1,1,4294967295,0,0
oInvCollPH,752,144,00355B16,0,1,1,4294967295,0,0
oInvCollPH,768,144,003F1F91,0,1,1,4294967295,0,0
oInvCollPH,784,144,001C0B85,0,1,1,4294967295,0,0
oInvCollPH,800,144,0012B436,0,1,1,4294967295,0,0
oInvCollPH,816,144,001239D3,0,1,1,4294967295,0,0
oInvCollPH,832,144,0006E0F6,0,1,1,4294967295,0,0
oInvCollPH,848,144,000690EA,0,1,1,4294967295,0,0
oInvCollPH,864,144,0025DBF9,0,1,1,4294967295,0,0
oInvCollPH,880,144,001C4F6F,0,1,1,4294967295,0,0
oInvCollPH,1040,128,0015FD70,0,1,1,4294967295,0,0
oInvCollPH,1040,144,000732BA,0,1,1,4294967295,0,0
oInvCollPH,1024,144,002DFD80,0,1,1,4294967295,0,0
oInvCollPH,1008,144,003F5F6D,0,1,1,4294967295,0,0
oInvCollPH,992,144,00111D80,0,1,1,4294967295,0,0
oInvCollPH,976,144,0038523B,0,1,1,4294967295,0,0
oInvCollPH,960,144,00032B88,0,1,1,4294967295,0,0
oInvCollPH,944,144,000CC6CD,0,1,1,4294967295,0,0
oInvCollPH,928,144,003CD38E,0,1,1,4294967295,0,0
oInvCollPH,912,144,003619C3,0,1,1,4294967295,0,0
oInvCollPH,896,144,00090180,0,1,1,4294967295,0,0
oInvCollPH,144,80,0009D3ED,0,1,1,4294967295,0,0
oInvCollPH,160,80,00086AB6,0,1,1,4294967295,0,0
oInvCollPH,176,80,0019BFEB,0,1,1,4294967295,0,0
oInvCollPH,192,80,003C6C61,0,1,1,4294967295,0,0
oInvCollPH,208,80,00142E82,0,1,1,4294967295,0,0
oInvCollPH,224,80,001B2F9D,0,1,1,4294967295,0,0
oInvCollPH,240,80,002C2C4B,0,1,1,4294967295,0,0
oInvCollPH,256,80,001E7A0E,0,1,1,4294967295,0,0
oInvCollPH,272,80,0015228D,0,1,1,4294967295,0,0
oInvCollPH,288,96,001A83D1,0,1,1,4294967295,0,0
oInvCollPH,288,112,000BCF32,0,1,1,4294967295,0,0
oInvCollPH,304,112,0023EA43,0,1,1,4294967295,0,0
oInvCollPH,320,112,00037567,0,1,1,4294967295,0,0
oInvCollPH,336,112,00007AE6,0,1,1,4294967295,0,0
oInvCollPH,352,112,0013CD2F,0,1,1,4294967295,0,0
oInvCollPH,368,112,001B6C97,0,1,1,4294967295,0,0
oInvCollPH,384,112,0007B139,0,1,1,4294967295,0,0
oInvCollPH,400,112,001C8A39,0,1,1,4294967295,0,0
oInvCollPH,416,112,001A02FF,0,1,1,4294967295,0,0
oInvCollPH,432,112,0017BC95,0,1,1,4294967295,0,0
oInvCollPH,528,112,00253709,0,1,1,4294967295,0,0
oInvCollPH,512,112,002DC7B4,0,1,1,4294967295,0,0
oInvCollPH,496,112,00341C58,0,1,1,4294967295,0,0
oInvCollPH,480,112,00308257,0,1,1,4294967295,0,0
oInvCollPH,464,112,001BDFE1,0,1,1,4294967295,0,0
oInvCollPH,448,112,00188354,0,1,1,4294967295,0,0
oInvCollPH,48,144,003B1411,0,1,1,4294967295,0,0
oInvCollPH,64,144,0001FA61,0,1,1,4294967295,0,0
oInvCollPH,80,144,0005BFB8,0,1,1,4294967295,0,0
oInvCollPH,96,144,0003C712,0,1,1,4294967295,0,0
oInvCollPH,112,144,001A6775,0,1,1,4294967295,0,0
oInvCollPH,128,144,0024DFDE,0,1,1,4294967295,0,0
oInvCollPH,128,128,000229B0,0,1,1,4294967295,0,0
oInvCollPH,128,112,003E2791,0,1,1,4294967295,0,0
oInvCollPH,128,96,0004FC42,0,1,1,4294967295,0,0
oInvCollPH,96,240,001F77F4,0,1,1,4294967295,0,0
oInvCollPH,32,160,00123B8B,0,1,1,4294967295,0,0
oInvCollPH,32,176,0017FB77,0,1,1,4294967295,0,0
oInvCollPH,32,192,003A5A1E,0,1,1,4294967295,0,0
oInvCollPH,32,208,002EF6DC,0,1,1,4294967295,0,0
oInvCollPH,32,224,0019E1CD,0,1,1,4294967295,0,0
oInvCollPH,32,240,003702BE,0,1,1,4294967295,0,0
oInvCollPH,64,256,0016EA31,0,1,1,4294967295,0,0
oInvCollPH,112,256,00089334,0,1,1,4294967295,0,0
oInvCollPH,128,256,000857E4,0,1,1,4294967295,0,0
oInvCollPH,128,272,00295107,0,1,1,4294967295,0,0
oInvCollPH,128,288,003E7C99,0,1,1,4294967295,0,0
oInvCollPH,128,304,000F669A,0,1,1,4294967295,0,0
oInvCollPH,128,320,003B39AB,0,1,1,4294967295,0,0
oInvCollPH,128,336,00206ACB,0,1,1,4294967295,0,0
oInvCollPH,272,304,0033838A,0,1,1,4294967295,0,0
oInvCollPH,272,320,00008996,0,1,1,4294967295,0,0
oInvCollPH,272,336,003D0FE2,0,1,1,4294967295,0,0
oInvCollPH,288,288,003C3A70,0,1,1,4294967295,0,0
oInvCollPH,288,304,000FB9C0,0,1,1,4294967295,0,0
oInvCollPH,288,320,00321E6F,0,1,1,4294967295,0,0
oInvCollPH,288,336,00170BDD,0,1,1,4294967295,0,0
oInvCollPH,432,304,0027F0C0,0,1,1,4294967295,0,0
oInvCollPH,432,320,00122E6C,0,1,1,4294967295,0,0
oInvCollPH,432,336,00064D64,0,1,1,4294967295,0,0
oInvCollPH,448,336,00347AAA,0,1,1,4294967295,0,0
oInvCollPH,448,320,00190046,0,1,1,4294967295,0,0
oInvCollPH,448,304,00100064,0,1,1,4294967295,0,0
oInvCollPH,448,288,00107021,0,1,1,4294967295,0,0
oInvCollPH,560,304,002B4CB4,0,1,1,4294967295,0,0
oInvCollPH,560,320,000BB25C,0,1,1,4294967295,0,0
oInvCollPH,560,336,00244D63,0,1,1,4294967295,0,0
oInvCollPH,576,336,002AC5F2,0,1,1,4294967295,0,0
oInvCollPH,576,320,0010C4B3,0,1,1,4294967295,0,0
oInvCollPH,576,304,002F9F26,0,1,1,4294967295,0,0
oInvCollPH,576,288,000770CC,0,1,1,4294967295,0,0
oInvisibleSolid,1984,0,001B125B,0,1,1,4294967295,0,1
oInvisibleSolid,1824,288,00087CAF,0,1,1,4294967295,0,1
oInvisibleSolid,1696,288,00003A6F,0,1,1,4294967295,0,1
oInvisibleSolid,1568,288,000BE8BC,0,1,1,4294967295,0,1
oInvisibleSolid,1408,288,002A3D32,0,1,1,4294967295,0,1
oInvisibleSolid,560,288,001301E8,0,1,1,4294967295,0,1
oInvisibleSolid,432,288,001D0147,0,1,1,4294967295,0,1
oInvisibleSolid,272,288,0007BA4A,0,1,1,4294967295,0,1
oInvisibleSolid,1600,0,00243C05,0,1,1,4294967295,0,1
oInvisibleSolid,1408,0,002F1CF6,0,1,1,4294967295,0,1
oInvisibleSolid,1056,0,0038DB6F,0,1,1,4294967295,0,1
oInvisibleSolid,1120,0,000AF094,0,1,1,4294967295,0,1
oInvisibleSolid,736,0,0030163D,0,1,1,4294967295,0,1
oInvisibleSolid,672,0,001774F1,0,1,1,4294967295,0,1
oInvisibleSolid,544,0,000204E7,0,1,1,4294967295,0,1
oInvisibleSolid,288,0,00104944,0,1,1,4294967295,0,1
oInvisibleSolid,144,0,003D06EB,0,1,1,4294967295,0,1
oInvisibleSolid,48,256,0013A2F7,0,1,1,4294967295,0,1
oInvisibleSolid,80,240,001C30C0,0,1,1,4294967295,0,1
oInvisibleSolid,48,0,003F16EE,0,1,1,4294967295,0,1
oInvisibleSolid,0,0,003A4407,0,1,1,4294967295,0,1
