oRmHPFJ_Obj,576,128,0010C978,0,1,1,4294967295,0,1
oRmHPFJ_Obj,576,192,003F36F7,0,1,1,4294967295,0,1
oRmHPFJ_Obj,192,448,000600D0,0,1,1,4294967295,0,1
oRmHPFJ_Obj,192,512,001B8A58,0,1,1,4294967295,0,1
oRmHPFJ_Obj,384,576,002FA294,0,1,1,4294967295,0,1
oRmHPFJ_Obj,320,832,00131335,0,1,1,4294967295,0,1
oRmHPFJ_Obj,1024,384,00146FDD,0,1,1,4294967295,0,1
oRmHPFJ_Obj,1024,256,001254E3,0,1,1,4294967295,0,1
oRmHPFJ_Obj,1024,704,003AE977,0,1,1,4294967295,0,1
oRmHPFJ_Obj,1088,704,002FA1C7,0,1,1,4294967295,0,1
oRmHPFJ_Obj,1152,704,003AEC42,0,1,1,4294967295,0,1
oRmHPFJ_Obj,1216,704,00384DE8,0,1,1,4294967295,0,1
oRmHPFJ_Obj,1216,640,001A12AC,0,1,1,4294967295,0,1
oRmHPFJ_Obj,1280,640,00276428,0,1,1,4294967295,0,1
oRmHPFJ_Obj,1344,640,0009BF5C,0,1,1,4294967295,0,1
oRmHPFJ_Obj,1344,576,000A0C97,0,1,1,4294967295,0,1
oRmHPFJ_Obj,1408,576,003DE8B7,0,1,1,4294967295,0,1
oRmHPFJ_Obj,1472,576,00146306,0,1,1,4294967295,0,1
oRmHPFJ_Obj,1536,576,003D71B1,0,1,1,4294967295,0,1
oExit,2032,672,00053861,0,1,1,4294967295,0,1
oExit,152,224,00241ED3,0,1,1,4294967295,0,1
oHealingPost,416,256,001DCCCC,0,1,1,4294967295,0,0
oMarioChainBallRed,1440,224,0036BB30,0,1,1,4294967295,0,1
oMarioChainBallRed,1824,224,001899F4,0,1,1,4294967295,0,1
oInjectorVirus,480,512,000E457A,0,1,1,4294967295,0,1
oInjectorVirus,288,512,002CD8D7,0,1,1,4294967295,0,1
oInjectorVirus,288,768,0022FE59,0,1,1,4294967295,0,1
oInjectorVirus,544,768,002F1532,0,1,1,4294967295,0,1
oInjectorVirus,992,288,0030BC3F,0,1,1,4294967295,0,1
oBloodVirus,992,480,00082D09,0,1,1,4294967295,0,0
oInjectorVirus,1184,864,001FB540,0,1,1,4294967295,0,1
oInjectorVirus,1376,800,00319A62,0,1,1,4294967295,0,1
oInjectorVirus,1504,736,0037D3C9,0,1,1,4294967295,0,1
oInjectorVirus,1696,800,001D152C,0,1,1,4294967295,0,1
oPlayer1,224,256,00402AEC,0,1,1,4294967295,0,0
oInvCollPH,112,0,002FD28B,0,1,1,4294967295,0,0
oInvCollPH,112,16,000F2725,0,1,1,4294967295,0,0
oInvCollPH,112,32,000A49BB,0,1,1,4294967295,0,0
oInvCollPH,112,48,00270C1A,0,1,1,4294967295,0,0
oInvCollPH,112,64,002DF682,0,1,1,4294967295,0,0
oInvCollPH,112,80,00243105,0,1,1,4294967295,0,0
oInvCollPH,112,96,00190B6E,0,1,1,4294967295,0,0
oInvCollPH,112,112,002770D7,0,1,1,4294967295,0,0
oInvCollPH,112,128,002E0A88,0,1,1,4294967295,0,0
oInvCollPH,112,144,00156064,0,1,1,4294967295,0,0
oInvCollPH,112,160,00370D64,0,1,1,4294967295,0,0
oInvCollPH,112,176,002525B6,0,1,1,4294967295,0,0
oInvCollPH,112,192,00195D57,0,1,1,4294967295,0,0
oInvCollPH,112,208,0011851C,0,1,1,4294967295,0,0
oInvCollPH,112,224,0027EFFC,0,1,1,4294967295,0,0
oInvCollPH,112,240,001605E6,0,1,1,4294967295,0,0
oInvCollPH,144,256,00001567,0,1,1,4294967295,0,0
oInvCollPH,160,256,00284EB8,0,1,1,4294967295,0,0
oInvCollPH,176,256,00019CD9,0,1,1,4294967295,0,0
oInvCollPH,192,256,0029C2F7,0,1,1,4294967295,0,0
oInvCollPH,208,256,0028EB71,0,1,1,4294967295,0,0
oInvCollPH,224,256,0026815E,0,1,1,4294967295,0,0
oInvCollPH,240,256,0015FDB6,0,1,1,4294967295,0,0
oInvCollPH,256,256,003B0734,0,1,1,4294967295,0,0
oInvCollPH,272,256,0018B5C5,0,1,1,4294967295,0,0
oInvCollPH,288,256,00132F45,0,1,1,4294967295,0,0
oInvCollPH,304,256,0014C8BD,0,1,1,4294967295,0,0
oInvCollPH,320,256,002A49F3,0,1,1,4294967295,0,0
oInvCollPH,336,256,001C7A4A,0,1,1,4294967295,0,0
oInvCollPH,352,256,0008CDFF,0,1,1,4294967295,0,0
oInvCollPH,368,256,00170E66,0,1,1,4294967295,0,0
oInvCollPH,384,256,00384B45,0,1,1,4294967295,0,0
oInvCollPH,400,256,00401954,0,1,1,4294967295,0,0
oInvCollPH,416,256,0000187A,0,1,1,4294967295,0,0
oInvCollPH,432,256,00364436,0,1,1,4294967295,0,0
oInvCollPH,448,256,0025EC0C,0,1,1,4294967295,0,0
oInvCollPH,464,256,00171518,0,1,1,4294967295,0,0
oInvCollPH,480,256,0023DBC3,0,1,1,4294967295,0,0
oInvCollPH,496,256,001492EF,0,1,1,4294967295,0,0
oInvCollPH,320,16,000F60E1,0,1,1,4294967295,0,0
oInvCollPH,320,32,0011DD40,0,1,1,4294967295,0,0
oInvCollPH,320,48,0026C793,0,1,1,4294967295,0,0
oInvCollPH,320,64,003CEC15,0,1,1,4294967295,0,0
oInvCollPH,320,80,00167064,0,1,1,4294967295,0,0
oInvCollPH,320,96,001D4CFB,0,1,1,4294967295,0,0
oInvCollPH,320,112,00112824,0,1,1,4294967295,0,0
oInvCollPH,336,112,003620E5,0,1,1,4294967295,0,0
oInvCollPH,352,112,000EEAE0,0,1,1,4294967295,0,0
oInvCollPH,368,112,00253CCE,0,1,1,4294967295,0,0
oInvCollPH,384,112,002BF3EC,0,1,1,4294967295,0,0
oInvCollPH,400,112,000D602C,0,1,1,4294967295,0,0
oInvCollPH,416,112,00394DF2,0,1,1,4294967295,0,0
oInvCollPH,432,112,00083446,0,1,1,4294967295,0,0
oInvCollPH,448,112,000D2118,0,1,1,4294967295,0,0
oInvCollPH,464,112,00145F34,0,1,1,4294967295,0,0
oInvCollPH,480,112,0001E3B5,0,1,1,4294967295,0,0
oInvCollPH,496,112,000600C0,0,1,1,4294967295,0,0
oInvCollPH,512,256,003D32E6,0,1,1,4294967295,0,0
oInvCollPH,528,256,0015F5AF,0,1,1,4294967295,0,0
oInvCollPH,544,256,00022236,0,1,1,4294967295,0,0
oInvCollPH,560,256,0031CA1A,0,1,1,4294967295,0,0
oInvCollPH,576,256,003E85C7,0,1,1,4294967295,0,0
oInvCollPH,592,256,000258CD,0,1,1,4294967295,0,0
oInvCollPH,608,256,0028C3FA,0,1,1,4294967295,0,0
oInvCollPH,624,256,002E2F48,0,1,1,4294967295,0,0
oInvCollPH,640,256,0006804E,0,1,1,4294967295,0,0
oInvCollPH,656,256,0022F536,0,1,1,4294967295,0,0
oInvCollPH,672,256,00119DA5,0,1,1,4294967295,0,0
oInvCollPH,688,256,0019C1F3,0,1,1,4294967295,0,0
oInvCollPH,688,272,003F5622,0,1,1,4294967295,0,0
oInvCollPH,688,288,0034B141,0,1,1,4294967295,0,0
oInvCollPH,688,304,00283C61,0,1,1,4294967295,0,0
oInvCollPH,688,320,001DE03F,0,1,1,4294967295,0,0
oInvCollPH,688,336,0008852E,0,1,1,4294967295,0,0
oInvCollPH,688,352,0010F0A2,0,1,1,4294967295,0,0
oInvCollPH,688,368,00100973,0,1,1,4294967295,0,0
oInvCollPH,688,384,003C2D50,0,1,1,4294967295,0,0
oInvCollPH,688,400,003AB472,0,1,1,4294967295,0,0
oInvCollPH,688,416,00242524,0,1,1,4294967295,0,0
oInvCollPH,688,432,00067F4E,0,1,1,4294967295,0,0
oInvCollPH,672,432,003955D9,0,1,1,4294967295,0,0
oInvCollPH,656,432,002EBFCD,0,1,1,4294967295,0,0
oInvCollPH,640,432,002285A5,0,1,1,4294967295,0,0
oInvCollPH,624,432,00096061,0,1,1,4294967295,0,0
oInvCollPH,608,432,000D65A5,0,1,1,4294967295,0,0
oInvCollPH,592,432,003D9DCF,0,1,1,4294967295,0,0
oInvCollPH,576,432,0037FFD5,0,1,1,4294967295,0,0
oInvCollPH,560,432,0017A707,0,1,1,4294967295,0,0
oInvCollPH,544,432,00192E2A,0,1,1,4294967295,0,0
oInvCollPH,528,432,00347D31,0,1,1,4294967295,0,0
oInvCollPH,512,432,00307A9E,0,1,1,4294967295,0,0
oInvCollPH,496,432,000B59F7,0,1,1,4294967295,0,0
oInvCollPH,480,432,00232082,0,1,1,4294967295,0,0
oInvCollPH,464,432,0037A8E4,0,1,1,4294967295,0,0
oInvCollPH,448,432,003E365D,0,1,1,4294967295,0,0
oInvCollPH,432,432,00018F3E,0,1,1,4294967295,0,0
oInvCollPH,416,432,0019F17D,0,1,1,4294967295,0,0
oInvCollPH,400,432,0036E353,0,1,1,4294967295,0,0
oInvCollPH,384,432,001DAA64,0,1,1,4294967295,0,0
oInvCollPH,368,432,001E4833,0,1,1,4294967295,0,0
oInvCollPH,352,432,0025473F,0,1,1,4294967295,0,0
oInvCollPH,336,432,002CB3FA,0,1,1,4294967295,0,0
oInvCollPH,320,432,002DE0A5,0,1,1,4294967295,0,0
oInvCollPH,304,432,000B90BA,0,1,1,4294967295,0,0
oInvCollPH,288,432,001F8E9C,0,1,1,4294967295,0,0
oInvCollPH,272,432,002E9070,0,1,1,4294967295,0,0
oInvCollPH,256,432,001B6C57,0,1,1,4294967295,0,0
oInvCollPH,240,432,00250C55,0,1,1,4294967295,0,0
oInvCollPH,224,432,0025D686,0,1,1,4294967295,0,0
oInvCollPH,208,432,0024B2E7,0,1,1,4294967295,0,0
oInvCollPH,192,432,001686D7,0,1,1,4294967295,0,0
oInvCollPH,176,432,000A2D34,0,1,1,4294967295,0,0
oInvCollPH,160,432,00366E76,0,1,1,4294967295,0,0
oInvCollPH,144,432,0011A0F8,0,1,1,4294967295,0,0
oInvCollPH,128,432,00124BA5,0,1,1,4294967295,0,0
oInvCollPH,112,448,002C4F33,0,1,1,4294967295,0,0
oInvCollPH,112,464,002ABA89,0,1,1,4294967295,0,0
oInvCollPH,112,480,001F817C,0,1,1,4294967295,0,0
oInvCollPH,112,496,00238526,0,1,1,4294967295,0,0
oInvCollPH,112,512,0030D946,0,1,1,4294967295,0,0
oInvCollPH,112,528,00275B91,0,1,1,4294967295,0,0
oInvCollPH,112,544,003A01AE,0,1,1,4294967295,0,0
oInvCollPH,112,560,001FF3BE,0,1,1,4294967295,0,0
oInvCollPH,112,576,001D0AD7,0,1,1,4294967295,0,0
oInvCollPH,112,592,002C2D33,0,1,1,4294967295,0,0
oInvCollPH,112,608,000CBA65,0,1,1,4294967295,0,0
oInvCollPH,112,624,0032F69E,0,1,1,4294967295,0,0
oInvCollPH,112,640,0005B137,0,1,1,4294967295,0,0
oInvCollPH,112,656,00007ACC,0,1,1,4294967295,0,0
oInvCollPH,112,672,000DD06B,0,1,1,4294967295,0,0
oInvCollPH,112,688,00281465,0,1,1,4294967295,0,0
oInvCollPH,112,704,0013CBD0,0,1,1,4294967295,0,0
oInvCollPH,112,720,000706EA,0,1,1,4294967295,0,0
oInvCollPH,112,736,0007DA45,0,1,1,4294967295,0,0
oInvCollPH,112,752,000145B7,0,1,1,4294967295,0,0
oInvCollPH,112,768,003C6AAC,0,1,1,4294967295,0,0
oInvCollPH,112,784,0011A74C,0,1,1,4294967295,0,0
oInvCollPH,112,800,002FAD05,0,1,1,4294967295,0,0
oInvCollPH,112,816,003A3342,0,1,1,4294967295,0,0
oInvCollPH,512,112,001B43C3,0,1,1,4294967295,0,0
oInvCollPH,528,112,0023D8E2,0,1,1,4294967295,0,0
oInvCollPH,544,112,0017D7D6,0,1,1,4294967295,0,0
oInvCollPH,560,112,0029AA65,0,1,1,4294967295,0,0
oInvCollPH,576,112,00306442,0,1,1,4294967295,0,0
oInvCollPH,592,112,001BE9F2,0,1,1,4294967295,0,0
oInvCollPH,608,112,002E044A,0,1,1,4294967295,0,0
oInvCollPH,624,112,000A7514,0,1,1,4294967295,0,0
oInvCollPH,640,112,000B0452,0,1,1,4294967295,0,0
oInvCollPH,656,112,000FBC8F,0,1,1,4294967295,0,0
oInvCollPH,672,144,00330848,0,1,1,4294967295,0,0
oInvCollPH,688,128,00376248,0,1,1,4294967295,0,0
oInvCollPH,704,112,0007E7E5,0,1,1,4294967295,0,0
oInvCollPH,720,112,0036D924,0,1,1,4294967295,0,0
oInvCollPH,736,112,003ADA7A,0,1,1,4294967295,0,0
oInvCollPH,752,112,00002B6D,0,1,1,4294967295,0,0
oInvCollPH,848,384,000AF1B1,0,1,1,4294967295,0,0
oInvCollPH,864,384,000C71DE,0,1,1,4294967295,0,0
oInvCollPH,880,384,0006C062,0,1,1,4294967295,0,0
oInvCollPH,880,400,000EA33B,0,1,1,4294967295,0,0
oInvCollPH,880,416,003880E4,0,1,1,4294967295,0,0
oInvCollPH,880,432,00283D0C,0,1,1,4294967295,0,0
oInvCollPH,864,432,002485A9,0,1,1,4294967295,0,0
oInvCollPH,848,432,0015F3A4,0,1,1,4294967295,0,0
oInvCollPH,832,432,0039BED4,0,1,1,4294967295,0,0
oInvCollPH,768,208,0011A31A,0,1,1,4294967295,0,0
oInvCollPH,768,224,0004608C,0,1,1,4294967295,0,0
oInvCollPH,768,240,00283DD2,0,1,1,4294967295,0,0
oInvCollPH,768,256,002E5B99,0,1,1,4294967295,0,0
oInvCollPH,768,272,00315486,0,1,1,4294967295,0,0
oInvCollPH,768,288,00146271,0,1,1,4294967295,0,0
oInvCollPH,768,304,000F529C,0,1,1,4294967295,0,0
oInvCollPH,768,320,00374A40,0,1,1,4294967295,0,0
oInvCollPH,768,336,000381D9,0,1,1,4294967295,0,0
oInvCollPH,768,352,002FE02B,0,1,1,4294967295,0,0
oInvCollPH,768,368,001F6076,0,1,1,4294967295,0,0
oInvCollPH,768,384,001B29A9,0,1,1,4294967295,0,0
oInvCollPH,768,400,000E16CA,0,1,1,4294967295,0,0
oInvCollPH,768,416,001026A8,0,1,1,4294967295,0,0
oInvCollPH,768,432,0002AEA9,0,1,1,4294967295,0,0
oInvCollPH,784,432,00148994,0,1,1,4294967295,0,0
oInvCollPH,800,432,001D9E20,0,1,1,4294967295,0,0
oInvCollPH,816,432,0033C3E3,0,1,1,4294967295,0,0
oInvCollPH,816,192,00168571,0,1,1,4294967295,0,0
oInvCollPH,816,208,002619FF,0,1,1,4294967295,0,0
oInvCollPH,816,224,002AECD7,0,1,1,4294967295,0,0
oInvCollPH,816,240,00400FA6,0,1,1,4294967295,0,0
oInvCollPH,816,256,003688C4,0,1,1,4294967295,0,0
oInvCollPH,816,272,00263708,0,1,1,4294967295,0,0
oInvCollPH,816,288,001049A9,0,1,1,4294967295,0,0
oInvCollPH,816,304,0039EF61,0,1,1,4294967295,0,0
oInvCollPH,816,320,002E39EA,0,1,1,4294967295,0,0
oInvCollPH,816,336,000040CE,0,1,1,4294967295,0,0
oInvCollPH,816,352,000B48DE,0,1,1,4294967295,0,0
oInvCollPH,816,368,0037F646,0,1,1,4294967295,0,0
oInvCollPH,1024,208,0011AD6A,0,1,1,4294967295,0,0
oInvCollPH,1024,224,003AD01B,0,1,1,4294967295,0,0
oInvCollPH,1024,240,00142B3C,0,1,1,4294967295,0,0
oInvCollPH,1040,240,000685DC,0,1,1,4294967295,0,0
oInvCollPH,1056,240,000FFB3D,0,1,1,4294967295,0,0
oInvCollPH,1072,240,001ED608,0,1,1,4294967295,0,0
oInvCollPH,1088,240,00281BD6,0,1,1,4294967295,0,0
oInvCollPH,1104,240,00065D2E,0,1,1,4294967295,0,0
oInvCollPH,1120,240,0022D821,0,1,1,4294967295,0,0
oInvCollPH,1136,240,00362316,0,1,1,4294967295,0,0
oInvCollPH,1136,224,002FCEBD,0,1,1,4294967295,0,0
oInvCollPH,1136,208,00190C83,0,1,1,4294967295,0,0
oInvCollPH,1136,192,000ED8E5,0,1,1,4294967295,0,0
oInvCollPH,1040,320,00163FE6,0,1,1,4294967295,0,0
oInvCollPH,1056,320,003E520A,0,1,1,4294967295,0,0
oInvCollPH,1072,320,00061D28,0,1,1,4294967295,0,0
oInvCollPH,1024,336,0037F265,0,1,1,4294967295,0,0
oInvCollPH,1024,352,00102DC0,0,1,1,4294967295,0,0
oInvCollPH,1024,368,0031FEE3,0,1,1,4294967295,0,0
oInvCollPH,1040,368,000E7CDD,0,1,1,4294967295,0,0
oInvCollPH,1056,368,0019A793,0,1,1,4294967295,0,0
oInvCollPH,1072,368,001CA200,0,1,1,4294967295,0,0
oInvCollPH,1040,448,00140F0A,0,1,1,4294967295,0,0
oInvCollPH,1056,448,0033868E,0,1,1,4294967295,0,0
oInvCollPH,1072,448,000C35DB,0,1,1,4294967295,0,0
oInvCollPH,1024,464,0020A0D9,0,1,1,4294967295,0,0
oInvCollPH,1024,480,000AB7E7,0,1,1,4294967295,0,0
oInvCollPH,1024,496,0002B125,0,1,1,4294967295,0,0
oInvCollPH,976,512,002DC7DE,0,1,1,4294967295,0,0
oInvCollPH,992,512,0031DC34,0,1,1,4294967295,0,0
oInvCollPH,1008,512,0006169A,0,1,1,4294967295,0,0
oInvCollPH,960,528,001B122F,0,1,1,4294967295,0,0
oInvCollPH,960,544,001AF30F,0,1,1,4294967295,0,0
oInvCollPH,960,560,0023C024,0,1,1,4294967295,0,0
oInvCollPH,208,576,001BC2AE,0,1,1,4294967295,0,0
oInvCollPH,224,576,00140EE6,0,1,1,4294967295,0,0
oInvCollPH,240,576,000CFCE5,0,1,1,4294967295,0,0
oInvCollPH,256,576,001026FD,0,1,1,4294967295,0,0
oInvCollPH,272,576,0020DC3F,0,1,1,4294967295,0,0
oInvCollPH,288,576,000E1169,0,1,1,4294967295,0,0
oInvCollPH,304,576,002FBE9B,0,1,1,4294967295,0,0
oInvCollPH,320,576,00113FE0,0,1,1,4294967295,0,0
oInvCollPH,336,576,00245B14,0,1,1,4294967295,0,0
oInvCollPH,352,576,00160804,0,1,1,4294967295,0,0
oInvCollPH,368,576,002A3041,0,1,1,4294967295,0,0
oInvCollPH,368,592,001EB64B,0,1,1,4294967295,0,0
oInvCollPH,368,608,002B68D3,0,1,1,4294967295,0,0
oInvCollPH,368,624,001EA34C,0,1,1,4294967295,0,0
oInvCollPH,192,592,00277B26,0,1,1,4294967295,0,0
oInvCollPH,192,608,00217A5C,0,1,1,4294967295,0,0
oInvCollPH,192,624,000DE5EE,0,1,1,4294967295,0,0
oInvCollPH,192,640,00064BCC,0,1,1,4294967295,0,0
oInvCollPH,192,656,002FEA83,0,1,1,4294967295,0,0
oInvCollPH,192,672,0020497F,0,1,1,4294967295,0,0
oInvCollPH,192,688,0030ECAB,0,1,1,4294967295,0,0
oInvCollPH,208,688,00033C7B,0,1,1,4294967295,0,0
oInvCollPH,224,688,003003F2,0,1,1,4294967295,0,0
oInvCollPH,240,688,001335AE,0,1,1,4294967295,0,0
oInvCollPH,256,688,00396CC8,0,1,1,4294967295,0,0
oInvCollPH,272,688,003024CE,0,1,1,4294967295,0,0
oInvCollPH,288,688,000EB32C,0,1,1,4294967295,0,0
oInvCollPH,304,688,00348A9E,0,1,1,4294967295,0,0
oInvCollPH,320,688,0037FB4C,0,1,1,4294967295,0,0
oInvCollPH,336,688,002F4AF6,0,1,1,4294967295,0,0
oInvCollPH,352,688,00222CD6,0,1,1,4294967295,0,0
oInvCollPH,368,688,00233D26,0,1,1,4294967295,0,0
oInvCollPH,144,832,001D4533,0,1,1,4294967295,0,0
oInvCollPH,160,832,002429BF,0,1,1,4294967295,0,0
oInvCollPH,176,832,001D26E4,0,1,1,4294967295,0,0
oInvCollPH,192,832,001AE883,0,1,1,4294967295,0,0
oInvCollPH,208,832,002EDFE7,0,1,1,4294967295,0,0
oInvCollPH,224,832,0028005C,0,1,1,4294967295,0,0
oInvCollPH,240,832,002728A4,0,1,1,4294967295,0,0
oInvCollPH,256,832,0020B68A,0,1,1,4294967295,0,0
oInvCollPH,272,832,003810F8,0,1,1,4294967295,0,0
oInvCollPH,288,832,001D2B9B,0,1,1,4294967295,0,0
oInvCollPH,304,832,00297A06,0,1,1,4294967295,0,0
oInvCollPH,304,848,00241726,0,1,1,4294967295,0,0
oInvCollPH,304,864,00397101,0,1,1,4294967295,0,0
oInvCollPH,304,880,0015F38A,0,1,1,4294967295,0,0
oInvCollPH,336,896,003B6357,0,1,1,4294967295,0,0
oInvCollPH,352,896,0035E0D0,0,1,1,4294967295,0,0
oInvCollPH,368,896,0006ED59,0,1,1,4294967295,0,0
oInvCollPH,400,640,00288560,0,1,1,4294967295,0,0
oInvCollPH,416,640,003287C1,0,1,1,4294967295,0,0
oInvCollPH,432,640,00382A30,0,1,1,4294967295,0,0
oInvCollPH,384,688,001B917C,0,1,1,4294967295,0,0
oInvCollPH,400,688,00306A1A,0,1,1,4294967295,0,0
oInvCollPH,416,688,003B34B9,0,1,1,4294967295,0,0
oInvCollPH,432,688,0004FBDE,0,1,1,4294967295,0,0
oInvCollPH,752,576,0027EE5E,0,1,1,4294967295,0,0
oInvCollPH,736,576,0011C291,0,1,1,4294967295,0,0
oInvCollPH,720,576,0008BD8B,0,1,1,4294967295,0,0
oInvCollPH,704,576,0006FEEC,0,1,1,4294967295,0,0
oInvCollPH,688,576,00173848,0,1,1,4294967295,0,0
oInvCollPH,672,576,003967F6,0,1,1,4294967295,0,0
oInvCollPH,656,576,00334F07,0,1,1,4294967295,0,0
oInvCollPH,640,576,00127A54,0,1,1,4294967295,0,0
oInvCollPH,624,576,001E2FCA,0,1,1,4294967295,0,0
oInvCollPH,608,576,0039E8E3,0,1,1,4294967295,0,0
oInvCollPH,592,576,00076840,0,1,1,4294967295,0,0
oInvCollPH,576,576,000032A4,0,1,1,4294967295,0,0
oInvCollPH,560,576,001A1BB6,0,1,1,4294967295,0,0
oInvCollPH,544,576,003A4088,0,1,1,4294967295,0,0
oInvCollPH,528,576,001A1A05,0,1,1,4294967295,0,0
oInvCollPH,512,576,00024098,0,1,1,4294967295,0,0
oInvCollPH,496,576,002F8525,0,1,1,4294967295,0,0
oInvCollPH,480,576,00373917,0,1,1,4294967295,0,0
oInvCollPH,464,576,002DC07D,0,1,1,4294967295,0,0
oInvCollPH,448,592,0032F1F7,0,1,1,4294967295,0,0
oInvCollPH,448,608,00124554,0,1,1,4294967295,0,0
oInvCollPH,448,624,001BCDF8,0,1,1,4294967295,0,0
oInvCollPH,768,576,00085524,0,1,1,4294967295,0,0
oInvCollPH,784,576,000B1F03,0,1,1,4294967295,0,0
oInvCollPH,800,576,00155FD5,0,1,1,4294967295,0,0
oInvCollPH,816,576,001ADC87,0,1,1,4294967295,0,0
oInvCollPH,832,576,0031AE6E,0,1,1,4294967295,0,0
oInvCollPH,848,576,00295E32,0,1,1,4294967295,0,0
oInvCollPH,864,576,00242364,0,1,1,4294967295,0,0
oInvCollPH,880,576,002AEB53,0,1,1,4294967295,0,0
oInvCollPH,896,576,001BFEBD,0,1,1,4294967295,0,0
oInvCollPH,912,576,0007CB74,0,1,1,4294967295,0,0
oInvCollPH,928,576,0010842C,0,1,1,4294967295,0,0
oInvCollPH,944,576,0005C112,0,1,1,4294967295,0,0
oInvCollPH,1072,688,0017CB4E,0,1,1,4294967295,0,0
oInvCollPH,1056,688,00164C60,0,1,1,4294967295,0,0
oInvCollPH,1040,688,00116D5B,0,1,1,4294967295,0,0
oInvCollPH,1024,688,000D88B0,0,1,1,4294967295,0,0
oInvCollPH,1008,688,00150175,0,1,1,4294967295,0,0
oInvCollPH,992,688,00191684,0,1,1,4294967295,0,0
oInvCollPH,976,688,00138E8D,0,1,1,4294967295,0,0
oInvCollPH,960,688,0001F036,0,1,1,4294967295,0,0
oInvCollPH,944,688,00240C4E,0,1,1,4294967295,0,0
oInvCollPH,928,688,0024B8D8,0,1,1,4294967295,0,0
oInvCollPH,912,688,003BCBC7,0,1,1,4294967295,0,0
oInvCollPH,896,688,0024C963,0,1,1,4294967295,0,0
oInvCollPH,880,688,0005FD1A,0,1,1,4294967295,0,0
oInvCollPH,864,688,00197DB0,0,1,1,4294967295,0,0
oInvCollPH,848,688,0018E5E0,0,1,1,4294967295,0,0
oInvCollPH,832,688,002E4A6D,0,1,1,4294967295,0,0
oInvCollPH,816,688,003416AA,0,1,1,4294967295,0,0
oInvCollPH,800,688,003259F4,0,1,1,4294967295,0,0
oInvCollPH,784,688,0008833B,0,1,1,4294967295,0,0
oInvCollPH,768,688,003B2C80,0,1,1,4294967295,0,0
oInvCollPH,752,688,003762F1,0,1,1,4294967295,0,0
oInvCollPH,736,688,0035C761,0,1,1,4294967295,0,0
oInvCollPH,720,688,0009816F,0,1,1,4294967295,0,0
oInvCollPH,704,688,00347BDD,0,1,1,4294967295,0,0
oInvCollPH,688,688,00320E31,0,1,1,4294967295,0,0
oInvCollPH,672,688,000BA4DF,0,1,1,4294967295,0,0
oInvCollPH,656,688,000D3882,0,1,1,4294967295,0,0
oInvCollPH,640,688,002ECEC9,0,1,1,4294967295,0,0
oInvCollPH,624,688,00120BF0,0,1,1,4294967295,0,0
oInvCollPH,608,688,002CCD8C,0,1,1,4294967295,0,0
oInvCollPH,592,688,0003FF20,0,1,1,4294967295,0,0
oInvCollPH,576,688,0029453C,0,1,1,4294967295,0,0
oInvCollPH,560,688,000EF023,0,1,1,4294967295,0,0
oInvCollPH,544,688,001FD022,0,1,1,4294967295,0,0
oInvCollPH,528,688,0039357F,0,1,1,4294967295,0,0
oInvCollPH,512,688,000AF6EB,0,1,1,4294967295,0,0
oInvCollPH,496,688,003448FD,0,1,1,4294967295,0,0
oInvCollPH,480,688,00031110,0,1,1,4294967295,0,0
oInvCollPH,464,688,002B43CE,0,1,1,4294967295,0,0
oInvCollPH,448,688,00055289,0,1,1,4294967295,0,0
oInvCollPH,384,848,0037A557,0,1,1,4294967295,0,0
oInvCollPH,384,864,0023627D,0,1,1,4294967295,0,0
oInvCollPH,384,880,003B9D51,0,1,1,4294967295,0,0
oInvCollPH,400,832,0009956A,0,1,1,4294967295,0,0
oInvCollPH,416,832,003891B1,0,1,1,4294967295,0,0
oInvCollPH,432,832,0025B1FE,0,1,1,4294967295,0,0
oInvCollPH,448,832,00149386,0,1,1,4294967295,0,0
oInvCollPH,464,832,003E0E36,0,1,1,4294967295,0,0
oInvCollPH,480,832,000AB1A7,0,1,1,4294967295,0,0
oInvCollPH,496,832,002FD798,0,1,1,4294967295,0,0
oInvCollPH,512,832,0010275E,0,1,1,4294967295,0,0
oInvCollPH,528,832,0038DF1A,0,1,1,4294967295,0,0
oInvCollPH,544,832,003689E2,0,1,1,4294967295,0,0
oInvCollPH,560,832,001B433F,0,1,1,4294967295,0,0
oInvCollPH,576,832,000D9723,0,1,1,4294967295,0,0
oInvCollPH,592,832,0023F0F1,0,1,1,4294967295,0,0
oInvCollPH,608,832,003C2A51,0,1,1,4294967295,0,0
oInvCollPH,624,832,000B2134,0,1,1,4294967295,0,0
oInvCollPH,640,832,000B9685,0,1,1,4294967295,0,0
oInvCollPH,656,832,0017B70F,0,1,1,4294967295,0,0
oInvCollPH,672,832,001B86E2,0,1,1,4294967295,0,0
oInvCollPH,688,832,0031FC66,0,1,1,4294967295,0,0
oInvCollPH,704,832,0033ADB3,0,1,1,4294967295,0,0
oInvCollPH,720,832,002A3990,0,1,1,4294967295,0,0
oInvCollPH,736,832,0019B9DA,0,1,1,4294967295,0,0
oInvCollPH,752,832,0007D4A4,0,1,1,4294967295,0,0
oInvCollPH,768,832,000404A0,0,1,1,4294967295,0,0
oInvCollPH,784,832,000E0D84,0,1,1,4294967295,0,0
oInvCollPH,800,832,001D81DA,0,1,1,4294967295,0,0
oInvCollPH,816,832,000C6B4A,0,1,1,4294967295,0,0
oInvCollPH,832,832,003C440E,0,1,1,4294967295,0,0
oInvCollPH,848,832,00161738,0,1,1,4294967295,0,0
oInvCollPH,864,832,002873ED,0,1,1,4294967295,0,0
oInvCollPH,880,832,00302B5A,0,1,1,4294967295,0,0
oInvCollPH,896,832,003CEE4F,0,1,1,4294967295,0,0
oInvCollPH,912,832,00039316,0,1,1,4294967295,0,0
oInvCollPH,928,832,0005B890,0,1,1,4294967295,0,0
oInvCollPH,944,832,0032E72F,0,1,1,4294967295,0,0
oInvCollPH,960,832,002306B5,0,1,1,4294967295,0,0
oInvCollPH,976,832,00232569,0,1,1,4294967295,0,0
oInvCollPH,992,832,000D9441,0,1,1,4294967295,0,0
oInvCollPH,1008,832,001A9F87,0,1,1,4294967295,0,0
oInvCollPH,1088,688,0006C045,0,1,1,4294967295,0,0
oInvCollPH,1104,688,0023EBAD,0,1,1,4294967295,0,0
oInvCollPH,1120,688,000AC3BC,0,1,1,4294967295,0,0
oInvCollPH,1136,688,0037E352,0,1,1,4294967295,0,0
oInvCollPH,1152,688,002E8AA8,0,1,1,4294967295,0,0
oInvCollPH,1168,688,000E8103,0,1,1,4294967295,0,0
oInvCollPH,1184,688,0029EC71,0,1,1,4294967295,0,0
oInvCollPH,1200,688,00208A5A,0,1,1,4294967295,0,0
oInvCollPH,1200,672,0011902E,0,1,1,4294967295,0,0
oInvCollPH,1200,656,001315BF,0,1,1,4294967295,0,0
oInvCollPH,1200,640,00086145,0,1,1,4294967295,0,0
oInvCollPH,1216,624,003F1C2E,0,1,1,4294967295,0,0
oInvCollPH,1232,624,001D1A73,0,1,1,4294967295,0,0
oInvCollPH,1248,624,0005F3C9,0,1,1,4294967295,0,0
oInvCollPH,1264,624,00030B19,0,1,1,4294967295,0,0
oInvCollPH,1280,624,00202A5F,0,1,1,4294967295,0,0
oInvCollPH,1296,624,003B287A,0,1,1,4294967295,0,0
oInvCollPH,1312,624,0035945C,0,1,1,4294967295,0,0
oInvCollPH,1328,624,003B137D,0,1,1,4294967295,0,0
oInvCollPH,1328,608,001ACA59,0,1,1,4294967295,0,0
oInvCollPH,1328,592,003D873B,0,1,1,4294967295,0,0
oInvCollPH,1328,576,00166981,0,1,1,4294967295,0,0
oInvCollPH,1920,592,002B967B,0,1,1,4294967295,0,0
oInvCollPH,1920,608,0003E86C,0,1,1,4294967295,0,0
oInvCollPH,1920,624,0011E3F7,0,1,1,4294967295,0,0
oInvCollPH,1936,624,00112BC5,0,1,1,4294967295,0,0
oInvCollPH,1952,624,00381684,0,1,1,4294967295,0,0
oInvCollPH,1968,624,000F0F10,0,1,1,4294967295,0,0
oInvCollPH,1984,624,0006A922,0,1,1,4294967295,0,0
oInvCollPH,2000,624,003CAE1E,0,1,1,4294967295,0,0
oInvCollPH,2016,624,00343A22,0,1,1,4294967295,0,0
oInvCollPH,2032,624,002EF43D,0,1,1,4294967295,0,0
oInvCollPH,1408,656,00245E5F,0,1,1,4294967295,0,0
oInvCollPH,1408,672,001C7884,0,1,1,4294967295,0,0
oInvCollPH,1408,688,000592B4,0,1,1,4294967295,0,0
oInvCollPH,1424,640,001C9BCD,0,1,1,4294967295,0,0
oInvCollPH,1440,640,001B8B92,0,1,1,4294967295,0,0
oInvCollPH,1456,640,0001AB22,0,1,1,4294967295,0,0
oInvCollPH,1472,640,00119522,0,1,1,4294967295,0,0
oInvCollPH,1488,640,00173B6A,0,1,1,4294967295,0,0
oInvCollPH,1504,640,0002A9FE,0,1,1,4294967295,0,0
oInvCollPH,1520,640,00366F60,0,1,1,4294967295,0,0
oInvCollPH,1536,640,000A6CD8,0,1,1,4294967295,0,0
oInvCollPH,1552,640,002F98BA,0,1,1,4294967295,0,0
oInvCollPH,1568,640,002C4574,0,1,1,4294967295,0,0
oInvCollPH,1584,640,000D7ECC,0,1,1,4294967295,0,0
oInvCollPH,1584,656,001C6D50,0,1,1,4294967295,0,0
oInvCollPH,1280,736,0027C4E1,0,1,1,4294967295,0,0
oInvCollPH,1280,752,000FD0BC,0,1,1,4294967295,0,0
oInvCollPH,1280,720,002D96BB,0,1,1,4294967295,0,0
oInvCollPH,1296,704,003A94E4,0,1,1,4294967295,0,0
oInvCollPH,1312,704,00382B12,0,1,1,4294967295,0,0
oInvCollPH,1328,704,001336E5,0,1,1,4294967295,0,0
oInvCollPH,1344,704,00007A8F,0,1,1,4294967295,0,0
oInvCollPH,1360,704,0013DBDF,0,1,1,4294967295,0,0
oInvCollPH,1376,704,00052E78,0,1,1,4294967295,0,0
oInvCollPH,1392,704,00374383,0,1,1,4294967295,0,0
oInvCollPH,1616,688,00271F49,0,1,1,4294967295,0,0
oInvCollPH,1616,672,00076FE4,0,1,1,4294967295,0,0
oInvCollPH,1632,704,000C98C3,0,1,1,4294967295,0,0
oInvCollPH,1648,704,000ECBDC,0,1,1,4294967295,0,0
oInvCollPH,1664,704,0017017D,0,1,1,4294967295,0,0
oInvCollPH,1680,704,003FAF7C,0,1,1,4294967295,0,0
oInvCollPH,1696,704,001BC9F4,0,1,1,4294967295,0,0
oInvCollPH,1712,704,0033D202,0,1,1,4294967295,0,0
oInvCollPH,1728,704,002A0105,0,1,1,4294967295,0,0
oInvCollPH,1744,704,00316584,0,1,1,4294967295,0,0
oInvCollPH,1760,704,003BB690,0,1,1,4294967295,0,0
oInvCollPH,1776,704,00380B9A,0,1,1,4294967295,0,0
oInvCollPH,1792,704,0026DD38,0,1,1,4294967295,0,0
oInvCollPH,1808,704,000BFECA,0,1,1,4294967295,0,0
oInvCollPH,1824,704,00052F19,0,1,1,4294967295,0,0
oInvCollPH,1840,704,002BB8B5,0,1,1,4294967295,0,0
oInvCollPH,1856,704,0027E52B,0,1,1,4294967295,0,0
oInvCollPH,1872,704,00315D33,0,1,1,4294967295,0,0
oInvCollPH,1888,704,0028AC05,0,1,1,4294967295,0,0
oInvCollPH,1904,704,0017813F,0,1,1,4294967295,0,0
oInvCollPH,1920,704,000A95B0,0,1,1,4294967295,0,0
oInvCollPH,1936,704,0021DEF3,0,1,1,4294967295,0,0
oInvCollPH,1952,704,0039FF66,0,1,1,4294967295,0,0
oInvCollPH,1968,704,001F5EE8,0,1,1,4294967295,0,0
oInvCollPH,1984,704,001B3834,0,1,1,4294967295,0,0
oInvCollPH,2000,704,002F36EB,0,1,1,4294967295,0,0
oInvCollPH,2016,704,0010308E,0,1,1,4294967295,0,0
oInvCollPH,2032,704,0030F128,0,1,1,4294967295,0,0
oInvCollPH,1024,784,002F4A14,0,1,1,4294967295,0,0
oInvCollPH,1024,800,00037B04,0,1,1,4294967295,0,0
oInvCollPH,1024,816,002D022B,0,1,1,4294967295,0,0
oInvCollPH,1040,768,0022D656,0,1,1,4294967295,0,0
oInvCollPH,1056,768,0031B914,0,1,1,4294967295,0,0
oInvCollPH,1072,768,0007BFE1,0,1,1,4294967295,0,0
oInvCollPH,1088,768,001B8C93,0,1,1,4294967295,0,0
oInvCollPH,1104,768,000E1761,0,1,1,4294967295,0,0
oInvCollPH,1120,768,0026E3DF,0,1,1,4294967295,0,0
oInvCollPH,1136,768,00366C3B,0,1,1,4294967295,0,0
oInvCollPH,1152,768,0027A126,0,1,1,4294967295,0,0
oInvCollPH,1168,768,00212431,0,1,1,4294967295,0,0
oInvCollPH,1184,768,002E15F7,0,1,1,4294967295,0,0
oInvCollPH,1200,768,0032CFB9,0,1,1,4294967295,0,0
oInvCollPH,1216,768,0034C8BC,0,1,1,4294967295,0,0
oInvCollPH,1232,768,00324A57,0,1,1,4294967295,0,0
oInvCollPH,1248,768,002BA693,0,1,1,4294967295,0,0
oInvCollPH,1264,768,0002D3DB,0,1,1,4294967295,0,0
oInvCollPH,1920,144,002AC587,0,1,1,4294967295,0,0
oInvCollPH,1920,160,003D734F,0,1,1,4294967295,0,0
oInvCollPH,1920,176,0024E557,0,1,1,4294967295,0,0
oInvCollPH,1920,192,003EBC87,0,1,1,4294967295,0,0
oInvCollPH,1920,208,000EB34F,0,1,1,4294967295,0,0
oInvCollPH,1920,224,0017C9B8,0,1,1,4294967295,0,0
oInvCollPH,1920,240,00026BDF,0,1,1,4294967295,0,0
oInvCollPH,1920,256,001272A5,0,1,1,4294967295,0,0
oInvCollPH,1920,272,0038787A,0,1,1,4294967295,0,0
oInvCollPH,1920,288,00305B46,0,1,1,4294967295,0,0
oInvCollPH,1920,304,003A835D,0,1,1,4294967295,0,0
oInvCollPH,768,128,003C40CF,0,1,1,4294967295,0,0
oInvCollPH,768,144,003DFAA2,0,1,1,4294967295,0,0
oInvCollPH,768,160,0015B119,0,1,1,4294967295,0,0
oInvCollPH,768,176,001CED27,0,1,1,4294967295,0,0
oInvCollPH,832,176,0016D2E9,0,1,1,4294967295,0,0
oInvCollPH,848,176,001FD5DD,0,1,1,4294967295,0,0
oInvCollPH,864,176,002C56B9,0,1,1,4294967295,0,0
oInvCollPH,880,176,001E9A0C,0,1,1,4294967295,0,0
oInvCollPH,896,176,001D4E11,0,1,1,4294967295,0,0
oInvCollPH,912,176,002FEB6F,0,1,1,4294967295,0,0
oInvCollPH,928,176,0008F159,0,1,1,4294967295,0,0
oInvCollPH,944,176,000365CE,0,1,1,4294967295,0,0
oInvCollPH,960,176,002BFEFD,0,1,1,4294967295,0,0
oInvCollPH,976,176,000554DD,0,1,1,4294967295,0,0
oInvCollPH,992,176,000A2E85,0,1,1,4294967295,0,0
oInvCollPH,1008,176,0026A3EB,0,1,1,4294967295,0,0
oInvCollPH,1152,176,00297982,0,1,1,4294967295,0,0
oInvCollPH,1168,176,0032623C,0,1,1,4294967295,0,0
oInvCollPH,1184,176,00096FC2,0,1,1,4294967295,0,0
oInvCollPH,1200,176,003D9BFF,0,1,1,4294967295,0,0
oInvCollPH,1216,176,001F1ACF,0,1,1,4294967295,0,0
oInvCollPH,1232,176,00076961,0,1,1,4294967295,0,0
oInvCollPH,1248,176,0038D9A4,0,1,1,4294967295,0,0
oInvCollPH,1264,176,0040000C,0,1,1,4294967295,0,0
oInvCollPH,1280,176,000A1412,0,1,1,4294967295,0,0
oInvCollPH,1296,176,0027E223,0,1,1,4294967295,0,0
oInvCollPH,1312,176,0029640E,0,1,1,4294967295,0,0
oInvCollPH,1328,176,0027677E,0,1,1,4294967295,0,0
oInvCollPH,1328,160,00268D41,0,1,1,4294967295,0,0
oInvCollPH,1328,144,0039DC92,0,1,1,4294967295,0,0
oInvCollPH,1328,128,0032A271,0,1,1,4294967295,0,0
oInvCollPH,1344,112,000A8084,0,1,1,4294967295,0,0
oInvCollPH,1360,112,0001FB0D,0,1,1,4294967295,0,0
oInvCollPH,1376,112,00041B01,0,1,1,4294967295,0,0
oInvCollPH,1392,112,002DA033,0,1,1,4294967295,0,0
oInvCollPH,1408,112,00267D91,0,1,1,4294967295,0,0
oInvCollPH,1424,112,0037FE03,0,1,1,4294967295,0,0
oInvCollPH,1440,112,00117341,0,1,1,4294967295,0,0
oInvCollPH,1456,112,000EE36F,0,1,1,4294967295,0,0
oInvCollPH,1472,112,00390F34,0,1,1,4294967295,0,0
oInvCollPH,1488,112,0001284A,0,1,1,4294967295,0,0
oInvCollPH,1504,112,000269A1,0,1,1,4294967295,0,0
oInvCollPH,1520,112,00342AA8,0,1,1,4294967295,0,0
oInvCollPH,1536,112,001D4CF0,0,1,1,4294967295,0,0
oInvCollPH,1552,112,000E2942,0,1,1,4294967295,0,0
oInvCollPH,1568,112,000B62FC,0,1,1,4294967295,0,0
oInvCollPH,1584,112,00003084,0,1,1,4294967295,0,0
oInvCollPH,1600,112,001C175B,0,1,1,4294967295,0,0
oInvCollPH,1616,112,0037BCF4,0,1,1,4294967295,0,0
oInvCollPH,1632,112,000F6684,0,1,1,4294967295,0,0
oInvCollPH,1648,112,0004F73D,0,1,1,4294967295,0,0
oInvCollPH,1664,112,002E4123,0,1,1,4294967295,0,0
oInvCollPH,1680,112,0015BB63,0,1,1,4294967295,0,0
oInvCollPH,1696,112,0019B377,0,1,1,4294967295,0,0
oInvCollPH,1712,112,001EC5AD,0,1,1,4294967295,0,0
oInvCollPH,1728,112,0026343F,0,1,1,4294967295,0,0
oInvCollPH,1744,112,00186DD3,0,1,1,4294967295,0,0
oInvCollPH,1760,112,0026EE4C,0,1,1,4294967295,0,0
oInvCollPH,1776,112,00312125,0,1,1,4294967295,0,0
oInvCollPH,1792,112,002C22E4,0,1,1,4294967295,0,0
oInvCollPH,1808,112,0004A924,0,1,1,4294967295,0,0
oInvCollPH,1824,112,00316EFB,0,1,1,4294967295,0,0
oInvCollPH,1840,112,00347493,0,1,1,4294967295,0,0
oInvCollPH,1856,112,00314987,0,1,1,4294967295,0,0
oInvCollPH,1872,112,00348E83,0,1,1,4294967295,0,0
oInvCollPH,1888,112,001DD880,0,1,1,4294967295,0,0
oInvCollPH,1904,112,000373AC,0,1,1,4294967295,0,0
oInvCollPH,1088,384,003328FD,0,1,1,4294967295,0,0
oInvCollPH,1088,400,0030A106,0,1,1,4294967295,0,0
oInvCollPH,1088,416,002FF800,0,1,1,4294967295,0,0
oInvCollPH,1088,432,0023F975,0,1,1,4294967295,0,0
oInvCollPH,1344,560,0028961C,0,1,1,4294967295,0,0
oInvCollPH,1360,560,002AF509,0,1,1,4294967295,0,0
oInvCollPH,1376,560,00313F28,0,1,1,4294967295,0,0
oInvCollPH,1392,560,002C1966,0,1,1,4294967295,0,0
oInvCollPH,1408,560,00006EE7,0,1,1,4294967295,0,0
oInvCollPH,1424,560,001386A3,0,1,1,4294967295,0,0
oInvCollPH,1440,560,003CE61C,0,1,1,4294967295,0,0
oInvCollPH,1456,560,002A85EA,0,1,1,4294967295,0,0
oInvCollPH,1472,560,0038B52E,0,1,1,4294967295,0,0
oInvCollPH,1488,560,000A0F58,0,1,1,4294967295,0,0
oInvCollPH,1504,560,001AF8F9,0,1,1,4294967295,0,0
oInvCollPH,1520,560,001E51B1,0,1,1,4294967295,0,0
oInvCollPH,1536,560,0003B0BD,0,1,1,4294967295,0,0
oInvCollPH,1552,560,0004F8E3,0,1,1,4294967295,0,0
oInvCollPH,1568,560,000D1A92,0,1,1,4294967295,0,0
oInvCollPH,1584,560,0004B35F,0,1,1,4294967295,0,0
oInvCollPH,1600,560,00179AD0,0,1,1,4294967295,0,0
oInvCollPH,1616,560,00298403,0,1,1,4294967295,0,0
oInvCollPH,1632,560,002B93A5,0,1,1,4294967295,0,0
oInvCollPH,1648,560,00117D40,0,1,1,4294967295,0,0
oInvCollPH,1664,560,0037410A,0,1,1,4294967295,0,0
oInvCollPH,1680,560,0017AB11,0,1,1,4294967295,0,0
oInvCollPH,1696,560,001D37E9,0,1,1,4294967295,0,0
oInvCollPH,1712,560,0012B770,0,1,1,4294967295,0,0
oInvCollPH,1728,560,000C5E6A,0,1,1,4294967295,0,0
oInvCollPH,1744,560,000078BE,0,1,1,4294967295,0,0
oInvCollPH,1760,560,001DEA23,0,1,1,4294967295,0,0
oInvCollPH,1776,560,0007ED54,0,1,1,4294967295,0,0
oInvCollPH,1792,560,003075A4,0,1,1,4294967295,0,0
oInvCollPH,1808,560,0017E890,0,1,1,4294967295,0,0
oInvCollPH,1824,560,003637A8,0,1,1,4294967295,0,0
oInvCollPH,1840,560,00289BC5,0,1,1,4294967295,0,0
oInvCollPH,1856,560,00269231,0,1,1,4294967295,0,0
oInvCollPH,1872,560,000C5DA4,0,1,1,4294967295,0,0
oInvCollPH,1888,560,000F7266,0,1,1,4294967295,0,0
oInvCollPH,1904,560,0034E490,0,1,1,4294967295,0,0
oInvCollPH,1920,576,001082E9,0,1,1,4294967295,0,0
oInvCollPH,1904,320,00146E89,0,1,1,4294967295,0,0
oInvCollPH,1888,320,00302CDF,0,1,1,4294967295,0,0
oInvCollPH,1872,320,0009BAB4,0,1,1,4294967295,0,0
oInvCollPH,1856,320,002BEAFC,0,1,1,4294967295,0,0
oInvCollPH,1840,320,002E3D68,0,1,1,4294967295,0,0
oInvCollPH,1824,320,00372BDD,0,1,1,4294967295,0,0
oInvCollPH,1808,320,003E28CC,0,1,1,4294967295,0,0
oInvCollPH,1792,320,003C8E00,0,1,1,4294967295,0,0
oInvCollPH,1776,320,00021642,0,1,1,4294967295,0,0
oInvCollPH,1760,320,00066EF6,0,1,1,4294967295,0,0
oInvCollPH,1744,320,001DB6C9,0,1,1,4294967295,0,0
oInvCollPH,1728,320,00182EEB,0,1,1,4294967295,0,0
oInvCollPH,1712,320,00282930,0,1,1,4294967295,0,0
oInvCollPH,1696,320,001516DF,0,1,1,4294967295,0,0
oInvCollPH,1680,320,002EF203,0,1,1,4294967295,0,0
oInvCollPH,1664,320,00159EF5,0,1,1,4294967295,0,0
oInvCollPH,1648,320,001B1F6C,0,1,1,4294967295,0,0
oInvCollPH,1632,320,00325EE1,0,1,1,4294967295,0,0
oInvCollPH,1616,320,0032F8AE,0,1,1,4294967295,0,0
oInvCollPH,1600,320,0030AB21,0,1,1,4294967295,0,0
oInvCollPH,1280,320,003ECCC9,0,1,1,4294967295,0,0
oInvCollPH,1296,320,00186B8E,0,1,1,4294967295,0,0
oInvCollPH,1312,320,002D774B,0,1,1,4294967295,0,0
oInvCollPH,1328,320,00084D3D,0,1,1,4294967295,0,0
oInvCollPH,1344,320,00213C40,0,1,1,4294967295,0,0
oInvCollPH,1360,320,00382920,0,1,1,4294967295,0,0
oInvCollPH,1376,320,0007275C,0,1,1,4294967295,0,0
oInvCollPH,1392,320,002AA118,0,1,1,4294967295,0,0
oInvCollPH,1408,320,003D355E,0,1,1,4294967295,0,0
oInvCollPH,1424,320,00366701,0,1,1,4294967295,0,0
oInvCollPH,1440,320,0034804B,0,1,1,4294967295,0,0
oInvCollPH,1456,320,002C96F0,0,1,1,4294967295,0,0
oInvCollPH,1472,320,00052C77,0,1,1,4294967295,0,0
oInvCollPH,1488,320,002AD686,0,1,1,4294967295,0,0
oInvCollPH,1504,320,0013EC7A,0,1,1,4294967295,0,0
oInvCollPH,1520,320,0027C03C,0,1,1,4294967295,0,0
oInvCollPH,1536,320,001E6EA2,0,1,1,4294967295,0,0
oInvCollPH,1552,320,003700D3,0,1,1,4294967295,0,0
oInvCollPH,1568,320,001142D5,0,1,1,4294967295,0,0
oInvCollPH,1584,320,003B34EB,0,1,1,4294967295,0,0
oInvCollPH,1104,320,0031F11C,0,1,1,4294967295,0,0
oInvCollPH,1120,320,00221210,0,1,1,4294967295,0,0
oInvCollPH,1136,320,001D3804,0,1,1,4294967295,0,0
oInvCollPH,1152,320,0004C00A,0,1,1,4294967295,0,0
oInvCollPH,1168,320,001A7137,0,1,1,4294967295,0,0
oInvCollPH,1184,320,0035DAEC,0,1,1,4294967295,0,0
oInvCollPH,1200,320,00261C15,0,1,1,4294967295,0,0
oInvCollPH,1216,320,001794A5,0,1,1,4294967295,0,0
oInvCollPH,1232,320,002470AD,0,1,1,4294967295,0,0
oInvCollPH,1248,320,00060D9F,0,1,1,4294967295,0,0
oInvCollPH,1264,320,003DBEC5,0,1,1,4294967295,0,0
oInvCollPH,688,144,00166263,0,1,1,4294967295,0,0
oInvisibleSolid,0,0,00160520,0,1,1,4294967295,0,1
oInvisibleSolid,320,0,002F10B2,0,1,1,4294967295,0,1
oInvisibleSolid,128,256,002DA0D3,0,1,1,4294967295,0,1
oInvisibleSolid,192,576,002C9E1F,0,1,1,4294967295,0,1
oInvisibleSolid,128,832,0005AB93,0,1,1,4294967295,0,1
oInvisibleSolid,768,192,0028C706,0,1,1,4294967295,0,1
oInvisibleSolid,768,0,0023A1FF,0,1,1,4294967295,0,1
oInvisibleSolid,1024,192,003A1ACE,0,1,1,4294967295,0,1
oInvisibleSolid,832,384,002B19C3,0,1,1,4294967295,0,1
oInvisibleSolid,384,640,000C8EEE,0,1,1,4294967295,0,1
oInvisibleSolid,320,896,0021AA8D,0,1,1,4294967295,0,1
oInvisibleSolid,384,832,0039EBE8,0,1,1,4294967295,0,1
oInvisibleSolid,448,576,0031ACD4,0,1,1,4294967295,0,1
oInvisibleSolid,1024,320,002A0881,0,1,1,4294967295,0,1
oInvisibleSolid,960,512,00282778,0,1,1,4294967295,0,1
oInvisibleSolid,1024,448,00145704,0,1,1,4294967295,0,1
oInvisibleSolid,1088,320,0011A5E3,0,1,1,4294967295,0,1
oInvisibleSolid,1024,768,001735C5,0,1,1,4294967295,0,1
oInvisibleSolid,1280,704,002156F8,0,1,1,4294967295,0,1
oInvisibleSolid,1408,640,001A3C0F,0,1,1,4294967295,0,1
oInvisibleSolid,1920,128,004018F7,0,1,1,4294967295,0,1
oInvisibleSolid,1344,0,00048FF2,0,1,1,4294967295,0,1
oEmSmokeA,164,464,001BE8D2,0,1,1,4294967295,0,1
oEmSmokeA,856,536,000E77B6,0,1,1,4294967295,0,1
oEmSmokeA,1252,288,0014DAC8,0,1,1,4294967295,0,1
oEmSmokeA,1620,184,00099EA8,0,1,1,4294967295,0,1
oEmSmokeA,1784,668,000BFEB9,0,1,1,4294967295,0,1
oEmSmokeA,876,792,00216692,0,1,1,4294967295,0,1
oInvisibleSolid,672,128,00096021,0,1,1,4294967295,0,1
oInvisibleSolid,1600,672,001BD4D6,0,1,1,4294967295,0,1
oMapDoor,1608,640,00299CA5,0,1,1,4294967295,0,1
