oExit,0,208,001D313F,0,1,1,4294967295,0,1
oExit,3632,144,0018F880,0,1,1,4294967295,0,1
oWS_WarPanelTurret,2768,328,00297192,0,1,1,4294967295,0,0
oWS_WarPanelTurret,3032,280,003CB306,0,1,1,4294967295,0,0
oWS_ShiftingWarTile,1344,160,00109611,0,1,1,4294967295,0,0
oWS_ShiftingWarTile,1472,128,00322E8C,0,1,1,4294967295,0,0
oWS_ShiftingWarTile,1328,80,00327707,0,1,1,4294967295,0,0
oHealingPost,3440,256,0007B18C,0,1,1,4294967295,0,0
oWeaponLevelUpgrade,384,32,00190306,0,1,1,4294967295,0,1
oWeaponLevelUpgrade,1072,32,0008B2E4,0,1,1,4294967295,0,1
oStrikeChainPoint,828,400,000CBDF8,0,1,1,4294967295,0,0
oWeaponLevelUpgrade,376,448,00069952,0,1,1,4294967295,0,1
oStrikeChainPoint,2836,328,001ECA0A,0,1,1,4294967295,0,0
oStrikeChainPoint,2836,272,0019FB11,0,1,1,4294967295,0,0
oStrikeChainPoint,2580,368,00173C6A,0,1,1,4294967295,0,0
oStrikeChainPoint,2700,352,0027FF70,0,1,1,4294967295,0,0
oStrikeChainPoint,2836,384,0028D979,0,1,1,4294967295,0,0
oStrikeChainPoint,2964,360,000C3010,0,1,1,4294967295,0,0
oStrikeChainPoint,3084,280,0016AE2D,0,1,1,4294967295,0,0
oStrikeChainPoint,2964,304,00179204,0,1,1,4294967295,0,0
oEventBarrier,3216,0,00237DA8,0,1,1,4294967295,0,1
oWS_LightningTrap,2000,440,00351CE0,0,1,1,4294967295,0,1
oWS_LightningTrap,2128,440,001D939E,0,1,1,4294967295,0,1
oWS_LightningTrap,240,56,0035DB76,0,1,1,4294967295,0,1
oWS_LightningTrap,3656,272,001F0CD7,0,1,1,4294967295,0,1
oWS_LightningTrap,3648,272,001411B3,0,1,1,4294967295,0,1
oWS_LightningTrap,3640,272,00352736,0,1,1,4294967295,0,1
oWS_LightningTrap,3632,272,00109D06,0,1,1,4294967295,0,1
oWS_LightningTrap,3624,272,0001B2A6,0,1,1,4294967295,0,1
oWS_LightningTrap,3616,272,00312E1D,0,1,1,4294967295,0,1
oWS_LightningTrap,3608,272,001C6F8E,0,1,1,4294967295,0,1
oTimedSwitch,2144,112,001CA6DE,0,1,1,4294967295,0,0
oTimedSwitch,2176,112,00124F8F,0,1,1,4294967295,0,0
oTimedSwitch,2256,112,00220EA3,0,1,1,4294967295,0,0
oTimedSwitch,2288,112,003C6D9A,0,1,1,4294967295,0,0
oTimedSwitch,2192,304,003769A5,0,1,1,4294967295,0,0
oTimedSwitch,2288,336,0033023D,0,1,1,4294967295,0,0
oWS_ScrewWarTurret,2064,336,00099628,0,1,1,4294967295,0,0
oWS_ScrewWarTurret,2240,336,00079B6A,0,1,1,4294967295,0,0
oWS_ScrewWarTurret,2944,176,002B3D08,0,1,1,4294967295,0,0
oCHAOS_Sniper,1696,208,00401068,0,1,1,4294967295,0,0
oPlayerIdle,80,240,002BF07D,0,1,1,4294967295,0,1
oPlayer1,48,240,000EA54E,0,1,1,4294967295,0,0
oSpikeZone,2056,336,0027E922,0,1,1,4294967295,0,1
oSpikeZone,2232,336,00341E35,0,1,1,4294967295,0,1
oSpikeZone,2936,176,001DF4BD,0,1,1,4294967295,0,1
oScaledTrapZone,192,32,001BC453,0,1,1,4294967295,0,1
oInvCollPH,16,240,0020C4F2,0,1,1,4294967295,0,0
oInvCollPH,32,240,001DC098,0,1,1,4294967295,0,0
oInvCollPH,48,240,00192EC1,0,1,1,4294967295,0,0
oInvCollPH,64,240,001AABE9,0,1,1,4294967295,0,0
oInvCollPH,80,240,002AA080,0,1,1,4294967295,0,0
oInvCollPH,96,240,001C310B,0,1,1,4294967295,0,0
oInvCollPH,112,240,0026810E,0,1,1,4294967295,0,0
oInvCollPH,208,272,0008102C,0,1,1,4294967295,0,0
oInvCollPH,224,272,000AD115,0,1,1,4294967295,0,0
oInvCollPH,240,272,0028A628,0,1,1,4294967295,0,0
oInvCollPH,304,304,001BF806,0,1,1,4294967295,0,0
oInvCollPH,320,304,00119169,0,1,1,4294967295,0,0
oInvCollPH,336,304,003A1438,0,1,1,4294967295,0,0
oInvCollPH,400,304,0005692A,0,1,1,4294967295,0,0
oInvCollPH,384,304,00236EBA,0,1,1,4294967295,0,0
oInvCollPH,368,304,00025EA8,0,1,1,4294967295,0,0
oInvCollPH,352,304,0007F2C6,0,1,1,4294967295,0,0
oInvCollPH,464,304,0028AE39,0,1,1,4294967295,0,0
oInvCollPH,448,304,002E2267,0,1,1,4294967295,0,0
oInvCollPH,432,304,0039B29C,0,1,1,4294967295,0,0
oInvCollPH,416,304,000309CB,0,1,1,4294967295,0,0
oInvCollPH,528,304,002F26A6,0,1,1,4294967295,0,0
oInvCollPH,512,304,0039E53C,0,1,1,4294967295,0,0
oInvCollPH,496,304,0030C9A8,0,1,1,4294967295,0,0
oInvCollPH,480,304,0021EFB9,0,1,1,4294967295,0,0
oInvCollPH,448,176,002E4753,0,1,1,4294967295,0,0
oInvCollPH,464,176,001E05D9,0,1,1,4294967295,0,0
oInvCollPH,480,176,00295701,0,1,1,4294967295,0,0
oInvCollPH,496,176,00203DFA,0,1,1,4294967295,0,0
oInvCollPH,512,176,00344201,0,1,1,4294967295,0,0
oInvCollPH,528,176,002D6497,0,1,1,4294967295,0,0
oInvCollPH,544,176,0019F05F,0,1,1,4294967295,0,0
oInvCollPH,560,176,002F07D8,0,1,1,4294967295,0,0
oInvCollPH,576,176,0017ECAA,0,1,1,4294967295,0,0
oInvCollPH,592,176,0032D1C3,0,1,1,4294967295,0,0
oInvCollPH,608,176,002FAE36,0,1,1,4294967295,0,0
oInvCollPH,624,176,001EE9A7,0,1,1,4294967295,0,0
oInvCollPH,640,176,002A1EF5,0,1,1,4294967295,0,0
oInvCollPH,656,176,0017E526,0,1,1,4294967295,0,0
oInvCollPH,672,176,002BFC93,0,1,1,4294967295,0,0
oInvCollPH,688,176,002BF3D9,0,1,1,4294967295,0,0
oInvCollPH,704,176,0002A966,0,1,1,4294967295,0,0
oInvCollPH,720,176,004014BF,0,1,1,4294967295,0,0
oInvCollPH,736,176,000411A7,0,1,1,4294967295,0,0
oInvCollPH,752,176,00257B11,0,1,1,4294967295,0,0
oInvCollPH,768,176,002046E2,0,1,1,4294967295,0,0
oInvCollPH,784,176,0036DC7E,0,1,1,4294967295,0,0
oInvCollPH,800,176,001AE500,0,1,1,4294967295,0,0
oInvCollPH,816,176,002B3192,0,1,1,4294967295,0,0
oInvCollPH,832,176,0011A08F,0,1,1,4294967295,0,0
oInvCollPH,848,176,000A0B60,0,1,1,4294967295,0,0
oInvCollPH,864,176,000A70F2,0,1,1,4294967295,0,0
oInvCollPH,880,176,0028D857,0,1,1,4294967295,0,0
oInvCollPH,896,176,00177526,0,1,1,4294967295,0,0
oInvCollPH,912,176,001A18B4,0,1,1,4294967295,0,0
oInvCollPH,928,176,0035D782,0,1,1,4294967295,0,0
oInvCollPH,944,176,0027FB46,0,1,1,4294967295,0,0
oInvCollPH,960,176,001982E3,0,1,1,4294967295,0,0
oInvCollPH,1024,176,001973B6,0,1,1,4294967295,0,0
oInvCollPH,976,176,00242AD8,0,1,1,4294967295,0,0
oInvCollPH,992,176,000FA179,0,1,1,4294967295,0,0
oInvCollPH,1008,176,000559BB,0,1,1,4294967295,0,0
oInvCollPH,1136,48,002F1F42,0,1,1,4294967295,0,0
oInvCollPH,1120,48,0032BFAF,0,1,1,4294967295,0,0
oInvCollPH,336,48,000A1487,0,1,1,4294967295,0,0
oInvCollPH,352,48,003ACF5F,0,1,1,4294967295,0,0
oInvCollPH,1104,48,00028A9F,0,1,1,4294967295,0,0
oInvCollPH,1088,48,00040C61,0,1,1,4294967295,0,0
oInvCollPH,1072,48,00403305,0,1,1,4294967295,0,0
oInvCollPH,1056,48,0009E2C5,0,1,1,4294967295,0,0
oInvCollPH,1040,48,000A89CD,0,1,1,4294967295,0,0
oInvCollPH,1024,48,003A5E08,0,1,1,4294967295,0,0
oInvCollPH,1008,48,003C5B97,0,1,1,4294967295,0,0
oInvCollPH,992,48,000781D1,0,1,1,4294967295,0,0
oInvCollPH,976,48,002E514E,0,1,1,4294967295,0,0
oInvCollPH,960,48,002426D2,0,1,1,4294967295,0,0
oInvCollPH,944,48,00189D49,0,1,1,4294967295,0,0
oInvCollPH,928,48,00119584,0,1,1,4294967295,0,0
oInvCollPH,912,48,0024FC90,0,1,1,4294967295,0,0
oInvCollPH,896,48,0007BC3E,0,1,1,4294967295,0,0
oInvCollPH,880,48,000F1838,0,1,1,4294967295,0,0
oInvCollPH,864,48,0003FE0C,0,1,1,4294967295,0,0
oInvCollPH,848,48,00103772,0,1,1,4294967295,0,0
oInvCollPH,832,48,0027D451,0,1,1,4294967295,0,0
oInvCollPH,816,48,0021E4D7,0,1,1,4294967295,0,0
oInvCollPH,800,48,003FBB82,0,1,1,4294967295,0,0
oInvCollPH,784,48,003D0EA1,0,1,1,4294967295,0,0
oInvCollPH,768,48,0039D131,0,1,1,4294967295,0,0
oInvCollPH,752,48,00353529,0,1,1,4294967295,0,0
oInvCollPH,736,48,0025480C,0,1,1,4294967295,0,0
oInvCollPH,720,48,000C4AFC,0,1,1,4294967295,0,0
oInvCollPH,704,48,000EB186,0,1,1,4294967295,0,0
oInvCollPH,688,48,000E69AD,0,1,1,4294967295,0,0
oInvCollPH,672,48,0000F2CC,0,1,1,4294967295,0,0
oInvCollPH,656,48,00079BE8,0,1,1,4294967295,0,0
oInvCollPH,640,48,00059311,0,1,1,4294967295,0,0
oInvCollPH,624,48,003A5628,0,1,1,4294967295,0,0
oInvCollPH,608,48,003328DE,0,1,1,4294967295,0,0
oInvCollPH,592,48,0036DE09,0,1,1,4294967295,0,0
oInvCollPH,576,48,003CB6EC,0,1,1,4294967295,0,0
oInvCollPH,560,48,0011C8E9,0,1,1,4294967295,0,0
oInvCollPH,544,48,0039A0DA,0,1,1,4294967295,0,0
oInvCollPH,528,48,003A19C8,0,1,1,4294967295,0,0
oInvCollPH,512,48,0012E678,0,1,1,4294967295,0,0
oInvCollPH,496,48,0014EEBB,0,1,1,4294967295,0,0
oInvCollPH,480,48,002D67E1,0,1,1,4294967295,0,0
oInvCollPH,464,48,00044295,0,1,1,4294967295,0,0
oInvCollPH,448,48,00073567,0,1,1,4294967295,0,0
oInvCollPH,432,48,0029B470,0,1,1,4294967295,0,0
oInvCollPH,416,48,001FDED9,0,1,1,4294967295,0,0
oInvCollPH,400,48,003C2203,0,1,1,4294967295,0,0
oInvCollPH,384,48,0015A915,0,1,1,4294967295,0,0
oInvCollPH,368,48,0020C233,0,1,1,4294967295,0,0
oInvCollPH,1136,272,000CADBD,0,1,1,4294967295,0,0
oInvCollPH,1152,272,00403009,0,1,1,4294967295,0,0
oInvCollPH,1168,272,0011E8A8,0,1,1,4294967295,0,0
oInvCollPH,1184,272,00256F60,0,1,1,4294967295,0,0
oInvCollPH,1200,272,002368BE,0,1,1,4294967295,0,0
oInvCollPH,1216,272,00236986,0,1,1,4294967295,0,0
oInvCollPH,1232,272,000E8618,0,1,1,4294967295,0,0
oInvCollPH,1328,240,003A9610,0,1,1,4294967295,0,0
oInvCollPH,1456,208,003AFFB9,0,1,1,4294967295,0,0
oInvCollPH,1472,208,0002DE77,0,1,1,4294967295,0,0
oInvCollPH,1424,208,0019AB43,0,1,1,4294967295,0,0
oInvCollPH,1440,208,0010E9A1,0,1,1,4294967295,0,0
oInvCollPH,1696,208,002E0B4C,0,1,1,4294967295,0,0
oInvCollPH,1680,208,0014732C,0,1,1,4294967295,0,0
oInvCollPH,1664,208,0025287E,0,1,1,4294967295,0,0
oInvCollPH,1648,208,000F609D,0,1,1,4294967295,0,0
oInvCollPH,1632,208,00090E92,0,1,1,4294967295,0,0
oInvCollPH,1488,208,0034BB03,0,1,1,4294967295,0,0
oInvCollPH,1504,208,000C7314,0,1,1,4294967295,0,0
oInvCollPH,1520,208,0020B3E5,0,1,1,4294967295,0,0
oInvCollPH,1536,208,00282B41,0,1,1,4294967295,0,0
oInvCollPH,1552,208,00044DE6,0,1,1,4294967295,0,0
oInvCollPH,1568,208,0027EC2F,0,1,1,4294967295,0,0
oInvCollPH,1584,208,0023328F,0,1,1,4294967295,0,0
oInvCollPH,1600,208,00194BCF,0,1,1,4294967295,0,0
oInvCollPH,1616,208,0007135C,0,1,1,4294967295,0,0
oInvCollPH,544,304,001E5CBD,0,1,1,4294967295,0,0
oInvCollPH,560,304,000A5BB9,0,1,1,4294967295,0,0
oInvCollPH,576,304,00091209,0,1,1,4294967295,0,0
oInvCollPH,592,304,002DE833,0,1,1,4294967295,0,0
oInvCollPH,608,304,002A39BD,0,1,1,4294967295,0,0
oInvCollPH,624,304,0013F8CE,0,1,1,4294967295,0,0
oInvCollPH,640,304,00181415,0,1,1,4294967295,0,0
oInvCollPH,656,304,00148207,0,1,1,4294967295,0,0
oInvCollPH,672,304,002B0AEA,0,1,1,4294967295,0,0
oInvCollPH,688,304,000FE678,0,1,1,4294967295,0,0
oInvCollPH,704,304,0024312B,0,1,1,4294967295,0,0
oInvCollPH,720,304,001116C6,0,1,1,4294967295,0,0
oInvCollPH,736,304,00048423,0,1,1,4294967295,0,0
oInvCollPH,752,304,0008ADDC,0,1,1,4294967295,0,0
oInvCollPH,768,304,00386D4F,0,1,1,4294967295,0,0
oInvCollPH,784,304,003DEE6F,0,1,1,4294967295,0,0
oInvCollPH,800,304,0038BB9B,0,1,1,4294967295,0,0
oInvCollPH,816,304,0016643E,0,1,1,4294967295,0,0
oInvCollPH,832,304,0016C3D4,0,1,1,4294967295,0,0
oInvCollPH,848,304,0029CF5D,0,1,1,4294967295,0,0
oInvCollPH,864,304,0008419D,0,1,1,4294967295,0,0
oInvCollPH,880,304,00036F9F,0,1,1,4294967295,0,0
oInvCollPH,896,304,00175BF0,0,1,1,4294967295,0,0
oInvCollPH,912,304,0028FBF5,0,1,1,4294967295,0,0
oInvCollPH,928,304,001880CD,0,1,1,4294967295,0,0
oInvCollPH,944,304,003DF1A7,0,1,1,4294967295,0,0
oInvCollPH,960,304,001D337A,0,1,1,4294967295,0,0
oInvCollPH,976,304,00152C88,0,1,1,4294967295,0,0
oInvCollPH,992,304,002E21FB,0,1,1,4294967295,0,0
oInvCollPH,1008,304,001F3351,0,1,1,4294967295,0,0
oInvCollPH,1024,304,00216D4D,0,1,1,4294967295,0,0
oInvCollPH,1040,304,000FE705,0,1,1,4294967295,0,0
oInvCollPH,336,464,0031A9C0,0,1,1,4294967295,0,0
oInvCollPH,352,464,002B8E2E,0,1,1,4294967295,0,0
oInvCollPH,368,464,00021D69,0,1,1,4294967295,0,0
oInvCollPH,384,464,00191878,0,1,1,4294967295,0,0
oInvCollPH,400,464,001EB0CE,0,1,1,4294967295,0,0
oInvCollPH,416,464,0028C14D,0,1,1,4294967295,0,0
oInvCollPH,432,464,00194450,0,1,1,4294967295,0,0
oInvCollPH,528,464,002A299D,0,1,1,4294967295,0,0
oInvCollPH,544,464,00097EEF,0,1,1,4294967295,0,0
oInvCollPH,560,464,002C4214,0,1,1,4294967295,0,0
oInvCollPH,1184,464,001857CC,0,1,1,4294967295,0,0
oInvCollPH,1200,464,0039B2FD,0,1,1,4294967295,0,0
oInvCollPH,1216,464,00314F3C,0,1,1,4294967295,0,0
oInvCollPH,1232,464,001A8C2C,0,1,1,4294967295,0,0
oInvCollPH,1248,464,0000560D,0,1,1,4294967295,0,0
oInvCollPH,1264,464,00188E24,0,1,1,4294967295,0,0
oInvCollPH,1280,464,0026C2FC,0,1,1,4294967295,0,0
oInvCollPH,1536,448,003C5A0E,0,1,1,4294967295,0,0
oInvCollPH,1520,448,00301948,0,1,1,4294967295,0,0
oInvCollPH,1504,448,0024EAFA,0,1,1,4294967295,0,0
oInvCollPH,1488,448,001FE4BC,0,1,1,4294967295,0,0
oInvCollPH,1472,448,00264E31,0,1,1,4294967295,0,0
oInvCollPH,1456,448,0019FCCB,0,1,1,4294967295,0,0
oInvCollPH,1440,448,000186B0,0,1,1,4294967295,0,0
oInvCollPH,1856,48,0038476F,0,1,1,4294967295,0,0
oInvCollPH,1872,48,0011E420,0,1,1,4294967295,0,0
oInvCollPH,1888,48,00079B94,0,1,1,4294967295,0,0
oInvCollPH,1904,48,000EE961,0,1,1,4294967295,0,0
oInvCollPH,1920,48,002262A3,0,1,1,4294967295,0,0
oInvCollPH,1936,48,00341054,0,1,1,4294967295,0,0
oInvCollPH,1952,48,002AE550,0,1,1,4294967295,0,0
oInvCollPH,1968,48,000149B6,0,1,1,4294967295,0,0
oInvCollPH,1984,48,0028D984,0,1,1,4294967295,0,0
oInvCollPH,2464,48,0035BAC1,0,1,1,4294967295,0,0
oInvCollPH,2448,48,000154F9,0,1,1,4294967295,0,0
oInvCollPH,2432,48,003CF22A,0,1,1,4294967295,0,0
oInvCollPH,2416,48,000FAD47,0,1,1,4294967295,0,0
oInvCollPH,2400,48,003CF6B5,0,1,1,4294967295,0,0
oInvCollPH,2384,48,001155CA,0,1,1,4294967295,0,0
oInvCollPH,2368,48,0022BD77,0,1,1,4294967295,0,0
oInvCollPH,2352,48,0034D6CF,0,1,1,4294967295,0,0
oInvCollPH,2336,48,0009735C,0,1,1,4294967295,0,0
oInvCollPH,2320,48,00000D63,0,1,1,4294967295,0,0
oInvCollPH,2000,48,003869CA,0,1,1,4294967295,0,0
oInvCollPH,2016,48,0038041A,0,1,1,4294967295,0,0
oInvCollPH,2032,48,003FC9A6,0,1,1,4294967295,0,0
oInvCollPH,2048,48,0007B2F8,0,1,1,4294967295,0,0
oInvCollPH,2064,48,001C5ACF,0,1,1,4294967295,0,0
oInvCollPH,2080,48,003C9F1C,0,1,1,4294967295,0,0
oInvCollPH,2096,48,000522CF,0,1,1,4294967295,0,0
oInvCollPH,2112,48,002F2DFE,0,1,1,4294967295,0,0
oInvCollPH,2128,48,0022E7BF,0,1,1,4294967295,0,0
oInvCollPH,2144,48,003EB1CF,0,1,1,4294967295,0,0
oInvCollPH,2160,48,0032CD38,0,1,1,4294967295,0,0
oInvCollPH,2176,48,003E8037,0,1,1,4294967295,0,0
oInvCollPH,2192,48,0037CF6B,0,1,1,4294967295,0,0
oInvCollPH,2208,48,00321AEF,0,1,1,4294967295,0,0
oInvCollPH,2224,48,00106579,0,1,1,4294967295,0,0
oInvCollPH,2240,48,00124E07,0,1,1,4294967295,0,0
oInvCollPH,2256,48,000DEA21,0,1,1,4294967295,0,0
oInvCollPH,2272,48,002AB776,0,1,1,4294967295,0,0
oInvCollPH,2288,48,001E28B5,0,1,1,4294967295,0,0
oInvCollPH,2304,48,0029879A,0,1,1,4294967295,0,0
oInvCollPH,2464,128,000D8538,0,1,1,4294967295,0,0
oInvCollPH,2448,128,000F445B,0,1,1,4294967295,0,0
oInvCollPH,2432,128,002C2B2B,0,1,1,4294967295,0,0
oInvCollPH,2416,128,000B5293,0,1,1,4294967295,0,0
oInvCollPH,2400,128,001C0D24,0,1,1,4294967295,0,0
oInvCollPH,2384,128,00077C60,0,1,1,4294967295,0,0
oInvCollPH,2368,128,000B4C8A,0,1,1,4294967295,0,0
oInvCollPH,2352,128,00361D2C,0,1,1,4294967295,0,0
oInvCollPH,2336,128,002941ED,0,1,1,4294967295,0,0
oInvCollPH,2320,128,001699E1,0,1,1,4294967295,0,0
oInvCollPH,2304,128,00209B55,0,1,1,4294967295,0,0
oInvCollPH,2288,128,0037388C,0,1,1,4294967295,0,0
oInvCollPH,2272,128,001BC883,0,1,1,4294967295,0,0
oInvCollPH,2256,128,00169487,0,1,1,4294967295,0,0
oInvCollPH,2240,128,00183059,0,1,1,4294967295,0,0
oInvCollPH,2224,128,002E139A,0,1,1,4294967295,0,0
oInvCollPH,2208,128,00051BAB,0,1,1,4294967295,0,0
oInvCollPH,2192,128,00171E35,0,1,1,4294967295,0,0
oInvCollPH,2176,128,000B55B9,0,1,1,4294967295,0,0
oInvCollPH,2160,128,003FF99A,0,1,1,4294967295,0,0
oInvCollPH,2144,128,00134312,0,1,1,4294967295,0,0
oInvCollPH,2128,128,003255C1,0,1,1,4294967295,0,0
oInvCollPH,2112,128,0034A14B,0,1,1,4294967295,0,0
oInvCollPH,2096,128,0019B035,0,1,1,4294967295,0,0
oInvCollPH,2080,128,000710A9,0,1,1,4294967295,0,0
oInvCollPH,2064,128,003A9E4F,0,1,1,4294967295,0,0
oInvCollPH,2048,128,00220DF3,0,1,1,4294967295,0,0
oInvCollPH,2032,128,002BD34C,0,1,1,4294967295,0,0
oInvCollPH,2016,128,0007F3E1,0,1,1,4294967295,0,0
oInvCollPH,2000,128,0035AB8E,0,1,1,4294967295,0,0
oInvCollPH,1984,128,0027277F,0,1,1,4294967295,0,0
oInvCollPH,1968,128,0017DE91,0,1,1,4294967295,0,0
oInvCollPH,1952,128,003979E8,0,1,1,4294967295,0,0
oInvCollPH,1936,128,00261807,0,1,1,4294967295,0,0
oInvCollPH,1920,128,001F620D,0,1,1,4294967295,0,0
oInvCollPH,1904,128,000A8F8A,0,1,1,4294967295,0,0
oInvCollPH,1888,128,0037B991,0,1,1,4294967295,0,0
oInvCollPH,1872,128,0036A33A,0,1,1,4294967295,0,0
oInvCollPH,1856,128,0008A126,0,1,1,4294967295,0,0
oInvCollPH,1968,256,003074A2,0,1,1,4294967295,0,0
oInvCollPH,1984,256,002DBAF3,0,1,1,4294967295,0,0
oInvCollPH,2000,256,0013AEB1,0,1,1,4294967295,0,0
oInvCollPH,2016,256,0006B247,0,1,1,4294967295,0,0
oInvCollPH,2032,256,001ABD75,0,1,1,4294967295,0,0
oInvCollPH,2048,256,00361C8C,0,1,1,4294967295,0,0
oInvCollPH,2064,256,0035FD70,0,1,1,4294967295,0,0
oInvCollPH,2080,256,000698C1,0,1,1,4294967295,0,0
oInvCollPH,2096,256,002A8CE2,0,1,1,4294967295,0,0
oInvCollPH,2112,256,00174F78,0,1,1,4294967295,0,0
oInvCollPH,2128,256,0000BDEA,0,1,1,4294967295,0,0
oInvCollPH,2144,256,00171DE8,0,1,1,4294967295,0,0
oInvCollPH,2160,256,003025E0,0,1,1,4294967295,0,0
oInvCollPH,2176,256,00366974,0,1,1,4294967295,0,0
oInvCollPH,2192,256,002F2C82,0,1,1,4294967295,0,0
oInvCollPH,2208,256,003D80FD,0,1,1,4294967295,0,0
oInvCollPH,2224,256,0017E34A,0,1,1,4294967295,0,0
oInvCollPH,2240,256,003C59FC,0,1,1,4294967295,0,0
oInvCollPH,2256,256,001D252E,0,1,1,4294967295,0,0
oInvCollPH,2272,256,002ECA15,0,1,1,4294967295,0,0
oInvCollPH,2288,256,001A95E0,0,1,1,4294967295,0,0
oInvCollPH,2304,256,002B956A,0,1,1,4294967295,0,0
oInvCollPH,2320,256,00321457,0,1,1,4294967295,0,0
oInvCollPH,2336,256,001B3129,0,1,1,4294967295,0,0
oInvCollPH,2352,256,0033F01D,0,1,1,4294967295,0,0
oInvCollPH,2592,272,000AD935,0,1,1,4294967295,0,0
oInvCollPH,2608,272,001CF2B7,0,1,1,4294967295,0,0
oInvCollPH,2624,272,003F756B,0,1,1,4294967295,0,0
oInvCollPH,2640,272,00114B12,0,1,1,4294967295,0,0
oInvCollPH,2656,272,002B865C,0,1,1,4294967295,0,0
oInvCollPH,2672,272,00017344,0,1,1,4294967295,0,0
oInvCollPH,2688,272,0004C267,0,1,1,4294967295,0,0
oInvCollPH,2848,208,000CBA03,0,1,1,4294967295,0,0
oInvCollPH,2864,208,002851F2,0,1,1,4294967295,0,0
oInvCollPH,2880,208,001D4500,0,1,1,4294967295,0,0
oInvCollPH,2896,208,001B4BB2,0,1,1,4294967295,0,0
oInvCollPH,3072,208,00314098,0,1,1,4294967295,0,0
oInvCollPH,3056,208,003D4FD1,0,1,1,4294967295,0,0
oInvCollPH,3040,208,00241312,0,1,1,4294967295,0,0
oInvCollPH,3024,208,002343D7,0,1,1,4294967295,0,0
oInvCollPH,3008,208,00209497,0,1,1,4294967295,0,0
oInvCollPH,2912,208,0040276B,0,1,1,4294967295,0,0
oInvCollPH,2928,208,000B2EE6,0,1,1,4294967295,0,0
oInvCollPH,2944,208,000039D2,0,1,1,4294967295,0,0
oInvCollPH,2960,208,0039D596,0,1,1,4294967295,0,0
oInvCollPH,2976,208,0017C443,0,1,1,4294967295,0,0
oInvCollPH,2992,208,00096704,0,1,1,4294967295,0,0
oInvCollPH,3280,16,0034B234,0,1,1,4294967295,0,0
oInvCollPH,3280,32,001CBC70,0,1,1,4294967295,0,0
oInvCollPH,3280,48,00226BFF,0,1,1,4294967295,0,0
oInvCollPH,3280,64,0038A975,0,1,1,4294967295,0,0
oInvCollPH,3280,80,001C011A,0,1,1,4294967295,0,0
oInvCollPH,3280,96,0025C651,0,1,1,4294967295,0,0
oInvCollPH,3280,112,000DE8B8,0,1,1,4294967295,0,0
oInvCollPH,3280,128,00317493,0,1,1,4294967295,0,0
oInvCollPH,3280,144,000A418F,0,1,1,4294967295,0,0
oInvCollPH,3280,160,001852FE,0,1,1,4294967295,0,0
oInvCollPH,3280,176,00319B05,0,1,1,4294967295,0,0
oInvCollPH,3296,176,0011F674,0,1,1,4294967295,0,0
oInvCollPH,3312,176,0000523B,0,1,1,4294967295,0,0
oInvCollPH,3328,176,000E301D,0,1,1,4294967295,0,0
oInvCollPH,3328,160,0030A870,0,1,1,4294967295,0,0
oInvCollPH,3328,144,0024591F,0,1,1,4294967295,0,0
oInvCollPH,3328,128,002C571D,0,1,1,4294967295,0,0
oInvCollPH,3328,112,003474B3,0,1,1,4294967295,0,0
oInvCollPH,3328,96,002E334C,0,1,1,4294967295,0,0
oInvCollPH,3328,80,00321CBE,0,1,1,4294967295,0,0
oInvCollPH,3328,64,003330C3,0,1,1,4294967295,0,0
oInvCollPH,3328,48,0037C5A1,0,1,1,4294967295,0,0
oInvCollPH,3328,32,0007E96F,0,1,1,4294967295,0,0
oInvCollPH,3328,16,003DAB46,0,1,1,4294967295,0,0
oInvCollPH,3328,0,002073FA,0,1,1,4294967295,0,0
oInvCollSH,3296,320,000957F6,0,1,1,4294967295,0,0
oInvCollSH,3312,320,00285FF1,0,1,1,4294967295,0,0
oInvCollSH,3328,320,001147F3,0,1,1,4294967295,0,0
oInvCollSH,3424,256,003F4AA3,0,1,1,4294967295,0,0
oInvCollSH,3440,256,0010B852,0,1,1,4294967295,0,0
oInvCollSH,3456,256,00033D2B,0,1,1,4294967295,0,0
oInvCollSH,3712,192,003E1106,0,1,1,4294967295,0,0
oInvCollSH,3696,192,0006FD17,0,1,1,4294967295,0,0
oInvCollSH,3680,192,0029EEB5,0,1,1,4294967295,0,0
oInvCollSH,3664,192,002E1488,0,1,1,4294967295,0,0
oInvCollSH,3648,192,0003BB11,0,1,1,4294967295,0,0
oInvCollSH,3632,192,001E69F4,0,1,1,4294967295,0,0
oInvCollSH,3552,192,0016D992,0,1,1,4294967295,0,0
oInvCollSH,3568,192,00334B46,0,1,1,4294967295,0,0
oInvCollSH,3584,192,00160927,0,1,1,4294967295,0,0
oInvCollSH,3600,192,0037D274,0,1,1,4294967295,0,0
oInvCollSH,3616,192,001D221F,0,1,1,4294967295,0,0
oInvCollPH,2672,16,000A2CCB,0,1,1,4294967295,0,0
oInvCollPH,2672,32,00350F00,0,1,1,4294967295,0,0
oInvCollPH,2672,48,001379F5,0,1,1,4294967295,0,0
oInvCollPH,2688,48,00345B32,0,1,1,4294967295,0,0
oInvCollPH,2704,48,00140E9F,0,1,1,4294967295,0,0
oInvCollPH,2720,48,0016F615,0,1,1,4294967295,0,0
oInvCollPH,2736,48,003A71B4,0,1,1,4294967295,0,0
oInvCollPH,2752,48,000F84C8,0,1,1,4294967295,0,0
oInvCollPH,2768,48,002E6381,0,1,1,4294967295,0,0
oInvCollPH,2784,48,0010B78D,0,1,1,4294967295,0,0
oInvCollPH,2800,48,00060FC0,0,1,1,4294967295,0,0
oInvCollPH,2816,48,0020A9BB,0,1,1,4294967295,0,0
oInvCollPH,2832,48,002CE061,0,1,1,4294967295,0,0
oInvCollPH,2848,48,00028BAB,0,1,1,4294967295,0,0
oInvCollPH,2848,32,00394401,0,1,1,4294967295,0,0
oInvCollPH,2848,16,0003466C,0,1,1,4294967295,0,0
oInvCollPH,2848,0,0022A4FA,0,1,1,4294967295,0,0
oInvCollPH,1856,368,0020FD09,0,1,1,4294967295,0,0
oInvCollPH,1872,368,0002F77B,0,1,1,4294967295,0,0
oInvCollPH,1888,368,0026E0A0,0,1,1,4294967295,0,0
oInvCollPH,1904,368,002887AF,0,1,1,4294967295,0,0
oInvCollPH,1920,368,000067B7,0,1,1,4294967295,0,0
oInvCollPH,1936,368,003341C6,0,1,1,4294967295,0,0
oInvCollPH,1952,368,003CAE4F,0,1,1,4294967295,0,0
oInvCollPH,1968,368,00022391,0,1,1,4294967295,0,0
oInvCollPH,1984,368,002108E3,0,1,1,4294967295,0,0
oInvCollPH,2000,368,0026DC58,0,1,1,4294967295,0,0
oInvCollPH,2016,368,0014D646,0,1,1,4294967295,0,0
oInvCollPH,2032,368,0029D9F6,0,1,1,4294967295,0,0
oInvCollPH,2048,368,000A86DB,0,1,1,4294967295,0,0
oInvCollPH,2064,368,00227180,0,1,1,4294967295,0,0
oInvCollPH,2080,368,0038972C,0,1,1,4294967295,0,0
oInvCollPH,2096,368,0032CD70,0,1,1,4294967295,0,0
oInvCollPH,2112,368,0031D3F8,0,1,1,4294967295,0,0
oInvCollPH,2128,368,00029176,0,1,1,4294967295,0,0
oInvCollPH,2144,368,00093458,0,1,1,4294967295,0,0
oInvCollPH,2160,368,000C1766,0,1,1,4294967295,0,0
oInvCollPH,2176,368,001DFEC0,0,1,1,4294967295,0,0
oInvCollPH,2192,368,001BB629,0,1,1,4294967295,0,0
oInvCollPH,2208,368,000E9333,0,1,1,4294967295,0,0
oInvCollPH,2224,368,000EA447,0,1,1,4294967295,0,0
oInvCollPH,2240,368,0008E1D6,0,1,1,4294967295,0,0
oInvCollPH,2256,368,000E4AA4,0,1,1,4294967295,0,0
oInvCollPH,2272,368,002590C5,0,1,1,4294967295,0,0
oInvCollPH,2288,368,00307560,0,1,1,4294967295,0,0
oInvCollPH,2304,368,003A78BB,0,1,1,4294967295,0,0
oInvCollPH,2320,368,00359606,0,1,1,4294967295,0,0
oInvCollPH,2336,368,00254994,0,1,1,4294967295,0,0
oInvCollPH,2352,368,003C9996,0,1,1,4294967295,0,0
oInvCollPH,2368,368,00378C2C,0,1,1,4294967295,0,0
oInvCollPH,1856,288,000A097A,0,1,1,4294967295,0,0
oInvCollPH,1872,288,0000F674,0,1,1,4294967295,0,0
oInvCollPH,1888,288,001B2D18,0,1,1,4294967295,0,0
oInvCollPH,3872,64,00385E4F,0,1,1,4294967295,0,0
oInvCollPH,3888,64,002D81A1,0,1,1,4294967295,0,0
oInvCollPH,3904,64,0015B4F9,0,1,1,4294967295,0,0
oInvCollPH,3920,64,001E8BE4,0,1,1,4294967295,0,0
oInvCollPH,3936,64,001BE447,0,1,1,4294967295,0,0
oInvCollPH,3952,64,001E35F1,0,1,1,4294967295,0,0
oInvCollPH,3968,64,00233A98,0,1,1,4294967295,0,0
oInvCollPH,3968,224,00067C1B,0,1,1,4294967295,0,0
oInvCollPH,3952,224,00132591,0,1,1,4294967295,0,0
oInvCollPH,3936,224,003357B5,0,1,1,4294967295,0,0
oInvCollPH,3920,224,00395526,0,1,1,4294967295,0,0
oInvCollPH,3904,224,002663D2,0,1,1,4294967295,0,0
oInvCollPH,3888,224,0002FD47,0,1,1,4294967295,0,0
oInvCollPH,3872,224,003280A5,0,1,1,4294967295,0,0
oInvCollPH,3872,384,0025FF23,0,1,1,4294967295,0,0
oInvCollPH,3888,384,00297BE2,0,1,1,4294967295,0,0
oInvCollPH,3904,384,002CB526,0,1,1,4294967295,0,0
oInvCollPH,3920,384,0013E8C0,0,1,1,4294967295,0,0
oInvCollPH,3936,384,0032FA25,0,1,1,4294967295,0,0
oInvCollPH,3952,384,001FDEF2,0,1,1,4294967295,0,0
oInvCollPH,3968,384,00345E28,0,1,1,4294967295,0,0
oInvCollPH,208,48,0023B66C,0,1,1,4294967295,0,0
oInvCollPH,224,48,00369B1D,0,1,1,4294967295,0,0
oInvCollPH,3600,256,003368B4,0,1,1,4294967295,0,0
oInvCollPH,3616,256,003806E0,0,1,1,4294967295,0,0
oInvCollPH,3632,256,002B09C3,0,1,1,4294967295,0,0
oInvCollPH,3648,256,00123E56,0,1,1,4294967295,0,0
oInvCollPH,3664,256,0038BD20,0,1,1,4294967295,0,0
oInvCollPH,3600,368,00329B43,0,1,1,4294967295,0,0
oInvCollPH,3616,368,001E8A39,0,1,1,4294967295,0,0
oInvCollPH,3632,368,00039928,0,1,1,4294967295,0,0
oInvCollPH,3648,368,002099D4,0,1,1,4294967295,0,0
oInvCollPH,3664,368,003C4B7A,0,1,1,4294967295,0,0
oInvCollPH,1440,16,001AFDCE,0,1,1,4294967295,0,0
oInvCollPH,1456,16,003F4FDF,0,1,1,4294967295,0,0
oInvCollPH,1472,16,001B2071,0,1,1,4294967295,0,0
oInvCollPH,1488,16,0005A6AC,0,1,1,4294967295,0,0
oInvCollPH,1488,0,001C1F5F,0,1,1,4294967295,0,0
oInvCollPH,1312,0,003F6B44,0,1,1,4294967295,0,0
oInvCollPH,1328,0,00245578,0,1,1,4294967295,0,0
oInvCollPH,1344,0,00295832,0,1,1,4294967295,0,0
oInvisibleSolid,0,240,001E4102,0,1,1,4294967295,0,1
oInvisibleLupLowSlope,128,240,00279AC8,0,1,1,4294967295,0,0
oInvisibleLupLowSlope,160,256,002F0F09,0,1,1,4294967295,0,0
oInvisibleRCeilingLowSlope,128,256,000FB7CF,0,1,1,4294967295,0,0
oInvisibleRCeilingLowSlope,160,272,002AE4ED,0,1,1,4294967295,0,0
oInvisibleLupSlope,256,272,0014AF18,0,1,1,4294967295,0,0
oInvisibleLupSlope,272,288,002F3BC6,0,1,1,4294967295,0,0
oInvisibleRCeilingSlope,256,288,003C8BF3,0,1,1,4294967295,0,0
oInvisibleRCeilingSlope,272,304,00086A51,0,1,1,4294967295,0,0
oInvisibleSolid,192,272,0013FF13,0,1,1,4294967295,0,1
oInvisibleSolid,288,304,003EDCAB,0,1,1,4294967295,0,1
oInvisibleLCeilingSteepSlope,328,64,00160900,0,1,1,4294967295,0,0
oInvisibleLCeilingSteepSlope,344,96,0024C751,0,1,1,4294967295,0,0
oInvisibleLCeilingSteepSlope,360,128,001068B6,0,1,1,4294967295,0,0
oInvisibleRCeilingSlope,376,160,000A1C04,0,1,1,4294967295,0,0
oInvisibleRCeilingLowSlope,392,176,00279429,0,1,1,4294967295,0,0
oInvisibleSolid,344,64,003ED928,0,1,1,4294967295,0,1
oInvisibleSolid,360,96,00291A15,0,1,1,4294967295,0,1
oInvisibleSolid,376,128,0037C61F,0,1,1,4294967295,0,1
oInvisibleSolid,392,160,000A970A,0,1,1,4294967295,0,1
oInvisibleSolid,424,176,001DCDA7,0,1,1,4294967295,0,1
oInvisibleRCeilingSteepSlope,1128,64,001CC996,0,1,1,4294967295,0,0
oInvisibleRCeilingSteepSlope,1112,96,000B6F48,0,1,1,4294967295,0,0
oInvisibleLCeilingLowSlope,1048,176,003B8CCB,0,1,1,4294967295,0,0
oInvisibleRCeilingSteepSlope,1096,128,002B6B21,0,1,1,4294967295,0,0
oInvisibleLCeilingSlope,1080,160,0011D18F,0,1,1,4294967295,0,0
oInvisibleRupLowSlope,1376,208,003C7AAD,0,1,1,4294967295,0,0
oInvisibleRupLowSlope,1344,224,00297E81,0,1,1,4294967295,0,0
oInvisibleRupLowSlope,1280,240,003A60DC,0,1,1,4294967295,0,0
oInvisibleRupLowSlope,1248,256,000D5CCE,0,1,1,4294967295,0,0
oInvisibleRupLowSlope,1088,272,00158338,0,1,1,4294967295,0,0
oInvisibleRupLowSlope,1056,288,00362F49,0,1,1,4294967295,0,0
oInvisibleSolid,320,48,0002BD0A,0,1,1,4294967295,0,1
oInvisibleSolid,1120,272,001CEA0F,0,1,1,4294967295,0,1
oInvisibleSolid,1312,240,0006CE3B,0,1,1,4294967295,0,1
oInvisibleSolid,1408,208,001465E6,0,1,1,4294967295,0,1
oInvisibleLCeilingLowSlope,1056,304,001C16ED,0,1,1,4294967295,0,0
oInvisibleLCeilingLowSlope,1088,288,00287875,0,1,1,4294967295,0,0
oInvisibleLCeilingLowSlope,1248,272,000E9189,0,1,1,4294967295,0,0
oInvisibleLCeilingLowSlope,1280,256,003CA793,0,1,1,4294967295,0,0
oInvisibleLCeilingLowSlope,1376,224,000FCEDD,0,1,1,4294967295,0,0
oInvisibleLCeilingLowSlope,1344,240,00392BEA,0,1,1,4294967295,0,0
oInvisibleSolid,1424,448,002F61A6,0,1,1,4294967295,0,1
oInvisibleSolid,1168,464,000EE2ED,0,1,1,4294967295,0,1
oInvisibleSolid,320,464,0030B37C,0,1,1,4294967295,0,1
oInvisibleSolid,512,464,0031CB4F,0,1,1,4294967295,0,1
oInvisibleLCeilingSteepSlope,1848,144,0028D812,0,1,1,4294967295,0,0
oInvisibleLCeilingSteepSlope,1864,176,0011E0E2,0,1,1,4294967295,0,0
oInvisibleLCeilingSteepSlope,1880,208,00111ECE,0,1,1,4294967295,0,0
oInvisibleLCeilingSteepSlope,1816,16,00169F4D,0,1,1,4294967295,0,0
oInvisibleLCeilingSteepSlope,1800,-16,002745C9,0,1,1,4294967295,0,0
oInvisibleRCeilingLowSlope,1912,256,001D12A2,0,1,1,4294967295,0,0
oInvisibleRCeilingSlope,1896,240,00263126,0,1,1,4294967295,0,0
oInvisibleSolid,1840,128,00102A6E,0,1,1,4294967295,0,1
oInvisibleSolid,1840,48,00067124,0,1,1,4294967295,0,1
oInvisibleSolid,1816,0,000E0A6F,0,1,1,4294967295,0,0
oInvisibleSolid,1832,0,00005036,0,1,1,4294967295,0,1
oInvisibleRCeilingSteepSlope,2488,16,00141DBE,0,1,1,4294967295,0,0
oInvisibleRCeilingSteepSlope,2504,-16,00118A33,0,1,1,4294967295,0,0
oInvisibleSolid,2488,0,0007D27E,0,1,1,4294967295,0,0
oInvisibleRCeilingSteepSlope,2456,144,0027CA41,0,1,1,4294967295,0,0
oInvisibleRCeilingSteepSlope,2440,176,002A3BB8,0,1,1,4294967295,0,0
oInvisibleRCeilingSteepSlope,2424,208,00121184,0,1,1,4294967295,0,0
oInvisibleLCeilingSlope,2408,240,000D4714,0,1,1,4294967295,0,0
oInvisibleLCeilingLowSlope,2376,256,00124B12,0,1,1,4294967295,0,0
oInvisibleSolid,1864,144,00137FCE,0,1,1,4294967295,0,1
oInvisibleSolid,1880,176,002DA561,0,1,1,4294967295,0,1
oInvisibleSolid,1896,208,002E770D,0,1,1,4294967295,0,1
oInvisibleSolid,1912,240,00127D3A,0,1,1,4294967295,0,1
oInvisibleSolid,1944,256,000FE29B,0,1,1,4294967295,0,1
oInvisibleSolid,1840,368,003C4D60,0,1,1,4294967295,0,1
oInvisibleSolid,3280,0,00022775,0,1,1,4294967295,0,1
oInvisibleRupLowSlope,2704,256,002B5FF0,0,1,1,4294967295,0,0
oInvisibleRupLowSlope,2736,240,00311213,0,1,1,4294967295,0,0
oInvisibleRupLowSlope,2768,224,000B0AC8,0,1,1,4294967295,0,0
oInvisibleRupLowSlope,2800,208,00056489,0,1,1,4294967295,0,0
oInvisibleLCeilingLowSlope,2704,272,0006A364,0,1,1,4294967295,0,0
oInvisibleLCeilingLowSlope,2736,256,003BA173,0,1,1,4294967295,0,0
oInvisibleLCeilingLowSlope,2768,240,00030341,0,1,1,4294967295,0,0
oInvisibleLCeilingLowSlope,2800,224,002B83E2,0,1,1,4294967295,0,0
oInvisibleSolid,2576,272,001F6543,0,1,1,4294967295,0,1
oInvisibleSolid,2832,208,00238C74,0,1,1,4294967295,0,1
oInvisibleSlimSolid,3280,320,002B5E4C,0,1,1,4294967295,0,1
oInvisibleSlimSolid,3408,256,00159548,0,1,1,4294967295,0,1
oInvisibleSlimSolid,3536,192,001D367B,0,1,1,4294967295,0,1
oInvisibleSolid,2672,0,003B211C,0,1,1,4294967295,0,1
oTimeSwBarrier,2672,64,0001EC75,0,1,1,4294967295,0,1
oInvisibleSolid,1840,288,0002BD11,0,1,1,4294967295,0,1
oInvisibleSolid,3856,64,002159AA,0,1,1,4294967295,0,1
oInvisibleSolid,3856,224,002E2BF3,0,1,1,4294967295,0,1
oInvisibleSolid,3856,384,00353A4B,0,1,1,4294967295,0,1
oInvisibleSolid,1936,432,0012D4FA,0,1,1,4294967295,0,0
oInvisibleSolid,2000,432,000DEC1A,0,1,1,4294967295,0,0
oInvisibleSolid,2112,432,000B30F3,0,1,1,4294967295,0,0
oInvisibleSolid,2176,432,0028697B,0,1,1,4294967295,0,0
oInvisibleSolid,192,48,0015A29D,0,1,1,4294967295,0,1
oInvisibleSolid,3584,256,00336E07,0,1,1,4294967295,0,1
oInvisibleSolid,3584,368,002F3353,0,1,1,4294967295,0,1
oInvisibleSolid,1440,0,002E4BC9,0,1,1,4294967295,0,1
oInvisibleSolid,1296,0,0028ADEC,0,1,1,4294967295,0,1
