oStepDoorA,1264,800,0002B236,0,1,1,4294967295,0,1
oExit,224,896,00029969,0,1,1,4294967295,0,1
oExit,1000,176,0020DBC4,0,1,1,4294967295,0,1
oHealingPost,1072,272,00113DBA,0,1,1,4294967295,0,0
oSwitchHolder,1328,688,00186C49,0,1,1,4294967295,0,1
oSwitchHolder,1616,688,0017CCA1,0,1,1,4294967295,0,1
oSwitchHolder,1744,768,002EA0C8,0,1,1,4294967295,0,1
oSwitchHolder,1784,376,00400932,0,1,1,4294967295,0,1
oStepSwitchA,1048,800,001D8D57,0,1,1,4294967295,0,0
oStepSwitchA,1464,864,002FE2C6,0,1,1,4294967295,0,0
oSwitchBarrier,1648,800,00185986,0,1,1,4294967295,0,1
oSwitchBarrier,1664,800,001EC3CC,0,1,1,4294967295,0,1
oSwitchBarrier,960,528,002670A0,0,1,1,4294967295,0,1
oSwitchBarrier,928,144,00245F07,0,1,1,4294967295,0,1
oZeldaBreakPot,1760,416,0036D413,0,1,1,4294967295,0,0
oZeldaBreakPot,1808,848,00302363,0,1,1,4294967295,0,0
oLargeJumper,36,248,003888FC,0,1,1,4294967295,0,0
oLargeJumper,1892,408,00329758,0,1,1,4294967295,0,0
oMarioSpikeFloor,832,880,00362F5E,0,1,1,4294967295,0,0
oMarioSpikeFloor,848,880,000C9071,0,1,1,4294967295,0,0
oMarioSpikeFloor,864,880,003F1345,0,1,1,4294967295,0,0
oMarioSpikeFloor,880,880,00248F73,0,1,1,4294967295,0,0
oMarioSpikeFloor,896,880,0030DC2F,0,1,1,4294967295,0,0
oMarioSpikeFloor,912,880,0002AF20,0,1,1,4294967295,0,0
oMarioSpikeFloor,928,880,0026D45B,0,1,1,4294967295,0,0
oMarioSpikeFloor,944,880,0005635C,0,1,1,4294967295,0,0
oMarioSpikeFloor,352,512,00242199,0,1,1,4294967295,0,0
oMarioSpikeFloor,368,512,0012DE62,0,1,1,4294967295,0,0
oBallChainControl,400,208,00277EFF,0,1,1,4294967295,0,1
oWB_Crab,256,560,0026C15A,0,1,1,4294967295,0,0
oWB_SilverKnight,336,720,0002CCCD,0,1,1,4294967295,0,0
oWB_BigBat,1680,608,003890B9,0,1,1,4294967295,0,0
oWB_BigBat,1232,256,000C09FE,0,1,1,4294967295,0,0
oWB_BigBat,704,272,00197324,0,1,1,4294967295,0,0
oWB_Monkey,176,320,001203A4,0,1,1,4294967295,0,0
oWB_Monkey,1840,224,002414ED,0,1,1,4294967295,0,0
oWB_Monkey,624,144,00324034,0,1,1,4294967295,0,0
oPlayer1,304,864,00334FC5,0,1,1,4294967295,0,0
oCh7RockSpawner,592,656,0039BBDB,0,1,1,4294967295,0,1
oCh7RockSpawner,1056,656,003DDE32,0,1,1,4294967295,0,1
oCh7RockSpawner,1328,624,003000DA,0,1,1,4294967295,0,1
oCh7RockSpawner,1616,624,001B6BF1,0,1,1,4294967295,0,1
oCh7RockSpawner,592,480,0005C73B,0,1,1,4294967295,0,1
oCh7RockSpawner,1808,96,0015FC77,0,1,1,4294967295,0,1
oCh7RockSpawner,48,64,0026CD30,0,1,1,4294967295,0,1
oInvCollPH,80,864,00320A72,0,1,1,4294967295,0,0
oInvCollPH,96,864,00235815,0,1,1,4294967295,0,0
oInvCollPH,112,864,003D734D,0,1,1,4294967295,0,0
oInvCollPH,128,864,001366CA,0,1,1,4294967295,0,0
oInvCollPH,144,864,002CFE8F,0,1,1,4294967295,0,0
oInvCollPH,160,864,00303AE1,0,1,1,4294967295,0,0
oInvCollPH,176,864,00081092,0,1,1,4294967295,0,0
oInvCollPH,192,864,004001ED,0,1,1,4294967295,0,0
oInvCollPH,208,864,001D4ED2,0,1,1,4294967295,0,0
oInvCollPH,208,880,000ECC5D,0,1,1,4294967295,0,0
oInvCollPH,208,896,0017A9B8,0,1,1,4294967295,0,0
oInvCollPH,288,880,0008E8D9,0,1,1,4294967295,0,0
oInvCollPH,288,896,0018E3CA,0,1,1,4294967295,0,0
oInvCollPH,304,864,00349C3E,0,1,1,4294967295,0,0
oInvCollPH,320,864,000CFF8D,0,1,1,4294967295,0,0
oInvCollPH,336,864,003C74D2,0,1,1,4294967295,0,0
oInvCollPH,352,864,001901A3,0,1,1,4294967295,0,0
oInvCollPH,368,864,003DF1BA,0,1,1,4294967295,0,0
oInvCollPH,384,864,001F0B76,0,1,1,4294967295,0,0
oInvCollPH,400,864,001F5D6D,0,1,1,4294967295,0,0
oInvCollPH,416,864,002CAF5E,0,1,1,4294967295,0,0
oInvCollPH,432,864,002612C5,0,1,1,4294967295,0,0
oInvCollPH,448,864,00187620,0,1,1,4294967295,0,0
oInvCollPH,464,864,00048FE8,0,1,1,4294967295,0,0
oInvCollPH,560,832,002D2187,0,1,1,4294967295,0,0
oInvCollPH,576,832,000ABB95,0,1,1,4294967295,0,0
oInvCollPH,592,832,00171404,0,1,1,4294967295,0,0
oInvCollPH,608,832,0021238D,0,1,1,4294967295,0,0
oInvCollPH,624,832,00348DB8,0,1,1,4294967295,0,0
oInvCollPH,752,864,0037B68A,0,1,1,4294967295,0,0
oInvCollPH,736,864,0031374E,0,1,1,4294967295,0,0
oInvCollPH,720,864,002478D3,0,1,1,4294967295,0,0
oInvCollPH,704,864,002481EB,0,1,1,4294967295,0,0
oInvCollPH,768,864,0003F2C3,0,1,1,4294967295,0,0
oInvCollPH,784,864,00393365,0,1,1,4294967295,0,0
oInvCollPH,800,864,002827FB,0,1,1,4294967295,0,0
oInvCollPH,816,864,001CD825,0,1,1,4294967295,0,0
oInvCollPH,816,880,002041ED,0,1,1,4294967295,0,0
oInvCollPH,848,896,0026A95B,0,1,1,4294967295,0,0
oInvCollPH,864,896,001789FD,0,1,1,4294967295,0,0
oInvCollPH,880,896,00103D98,0,1,1,4294967295,0,0
oInvCollPH,896,896,0039AFD0,0,1,1,4294967295,0,0
oInvCollPH,912,896,003B9841,0,1,1,4294967295,0,0
oInvCollPH,928,896,00049A3C,0,1,1,4294967295,0,0
oInvCollPH,944,896,003741F9,0,1,1,4294967295,0,0
oInvCollPH,976,864,0033ABAA,0,1,1,4294967295,0,0
oInvCollPH,1184,864,000B3E53,0,1,1,4294967295,0,0
oInvCollPH,1200,864,002BCDC7,0,1,1,4294967295,0,0
oInvCollPH,1216,864,002E7A97,0,1,1,4294967295,0,0
oInvCollPH,1232,864,003FBDA6,0,1,1,4294967295,0,0
oInvCollPH,1248,864,001DF437,0,1,1,4294967295,0,0
oInvCollPH,1264,864,0039662B,0,1,1,4294967295,0,0
oInvCollPH,960,880,00227FED,0,1,1,4294967295,0,0
oInvCollPH,1440,880,002E2E45,0,1,1,4294967295,0,0
oInvCollPH,1440,864,003251A2,0,1,1,4294967295,0,0
oInvCollPH,1424,864,0035EC30,0,1,1,4294967295,0,0
oInvCollPH,1408,864,00347F4A,0,1,1,4294967295,0,0
oInvCollPH,1392,864,00250D87,0,1,1,4294967295,0,0
oInvCollPH,1376,864,00396DAB,0,1,1,4294967295,0,0
oInvCollPH,1360,864,000967AF,0,1,1,4294967295,0,0
oInvCollPH,1344,864,00189CF3,0,1,1,4294967295,0,0
oInvCollPH,1328,864,0035C734,0,1,1,4294967295,0,0
oInvCollPH,1312,864,0030EB76,0,1,1,4294967295,0,0
oInvCollPH,1296,864,001B24BD,0,1,1,4294967295,0,0
oInvCollPH,1280,864,003E9DFD,0,1,1,4294967295,0,0
oInvCollPH,1248,688,001DB724,0,1,1,4294967295,0,0
oInvCollPH,1248,704,00132F99,0,1,1,4294967295,0,0
oInvCollPH,1248,720,001DBF3E,0,1,1,4294967295,0,0
oInvCollPH,1248,736,001EF239,0,1,1,4294967295,0,0
oInvCollPH,1248,752,000DB2CA,0,1,1,4294967295,0,0
oInvCollPH,1248,768,00250DBE,0,1,1,4294967295,0,0
oInvCollPH,1248,784,002F1707,0,1,1,4294967295,0,0
oInvCollPH,1264,784,00225300,0,1,1,4294967295,0,0
oInvCollPH,1280,784,0020EB42,0,1,1,4294967295,0,0
oInvCollPH,1296,784,00365A22,0,1,1,4294967295,0,0
oInvCollPH,1296,704,003AA303,0,1,1,4294967295,0,0
oInvCollPH,1296,688,001B1E8E,0,1,1,4294967295,0,0
oInvCollPH,1296,672,00401832,0,1,1,4294967295,0,0
oInvCollPH,1312,768,003F0FDC,0,1,1,4294967295,0,0
oInvCollPH,1328,768,0023F3A0,0,1,1,4294967295,0,0
oInvCollPH,1344,768,0025F179,0,1,1,4294967295,0,0
oInvCollPH,1344,752,003BAFFF,0,1,1,4294967295,0,0
oInvCollPH,1344,736,000D7C95,0,1,1,4294967295,0,0
oInvCollPH,1584,752,000BA2AB,0,1,1,4294967295,0,0
oInvCollPH,1584,768,000C260E,0,1,1,4294967295,0,0
oInvCollPH,1600,768,00384BB7,0,1,1,4294967295,0,0
oInvCollPH,1616,768,000EB71D,0,1,1,4294967295,0,0
oInvCollPH,1680,720,001A82BE,0,1,1,4294967295,0,0
oInvCollPH,1680,736,0016B897,0,1,1,4294967295,0,0
oInvCollPH,1680,752,0004D6A1,0,1,1,4294967295,0,0
oInvCollPH,1680,768,00040198,0,1,1,4294967295,0,0
oInvCollPH,1680,784,00277286,0,1,1,4294967295,0,0
oInvCollPH,1664,784,001536E9,0,1,1,4294967295,0,0
oInvCollPH,1648,784,0016D8E3,0,1,1,4294967295,0,0
oInvCollPH,1632,784,000B87B8,0,1,1,4294967295,0,0
oInvCollPH,1344,624,001B7C27,0,1,1,4294967295,0,0
oInvCollPH,1344,640,00322587,0,1,1,4294967295,0,0
oInvCollPH,1344,656,002CB26A,0,1,1,4294967295,0,0
oInvCollPH,1360,656,0010A252,0,1,1,4294967295,0,0
oInvCollPH,1376,656,0018DD52,0,1,1,4294967295,0,0
oInvCollPH,1392,656,002D2E29,0,1,1,4294967295,0,0
oInvCollPH,1408,656,00215D53,0,1,1,4294967295,0,0
oInvCollPH,1424,656,00141F4E,0,1,1,4294967295,0,0
oInvCollPH,1440,656,003136BD,0,1,1,4294967295,0,0
oInvCollPH,1456,656,0021297F,0,1,1,4294967295,0,0
oInvCollPH,1472,656,001FFE25,0,1,1,4294967295,0,0
oInvCollPH,1488,656,0028D775,0,1,1,4294967295,0,0
oInvCollPH,1504,656,00052959,0,1,1,4294967295,0,0
oInvCollPH,1520,656,001A135F,0,1,1,4294967295,0,0
oInvCollPH,1536,656,00180E0A,0,1,1,4294967295,0,0
oInvCollPH,1552,656,00178F38,0,1,1,4294967295,0,0
oInvCollPH,1568,656,0021FD2A,0,1,1,4294967295,0,0
oInvCollPH,1584,656,003754BF,0,1,1,4294967295,0,0
oInvCollPH,1584,640,003DA3CC,0,1,1,4294967295,0,0
oInvCollPH,1584,624,0003ED16,0,1,1,4294967295,0,0
oInvCollPH,1584,608,003F4B62,0,1,1,4294967295,0,0
oInvCollPH,1472,896,002CB241,0,1,1,4294967295,0,0
oInvCollPH,768,688,0006C1CA,0,1,1,4294967295,0,0
oInvCollPH,768,704,0029CD1E,0,1,1,4294967295,0,0
oInvCollPH,768,720,000B7386,0,1,1,4294967295,0,0
oInvCollPH,784,720,002BB3D9,0,1,1,4294967295,0,0
oInvCollPH,800,720,0000F574,0,1,1,4294967295,0,0
oInvCollPH,816,720,00293E32,0,1,1,4294967295,0,0
oInvCollPH,832,720,0038999B,0,1,1,4294967295,0,0
oInvCollPH,848,720,00260858,0,1,1,4294967295,0,0
oInvCollPH,864,720,003BA5DB,0,1,1,4294967295,0,0
oInvCollPH,880,720,00302CF7,0,1,1,4294967295,0,0
oInvCollPH,896,720,0040028A,0,1,1,4294967295,0,0
oInvCollPH,912,720,00171E7B,0,1,1,4294967295,0,0
oInvCollPH,912,704,00123AA1,0,1,1,4294967295,0,0
oInvCollPH,912,688,00397BB7,0,1,1,4294967295,0,0
oInvCollPH,912,672,001FB015,0,1,1,4294967295,0,0
oInvCollPH,1488,880,001A94F8,0,1,1,4294967295,0,0
oInvCollPH,1504,864,003A1996,0,1,1,4294967295,0,0
oInvCollPH,1520,864,001388A8,0,1,1,4294967295,0,0
oInvCollPH,1536,864,0036B40E,0,1,1,4294967295,0,0
oInvCollPH,1552,864,00265384,0,1,1,4294967295,0,0
oInvCollPH,1568,864,003FDCDC,0,1,1,4294967295,0,0
oInvCollPH,1584,864,002D217B,0,1,1,4294967295,0,0
oInvCollPH,1600,864,003C53F4,0,1,1,4294967295,0,0
oInvCollPH,1616,864,001007F2,0,1,1,4294967295,0,0
oInvCollPH,1632,864,00004A4C,0,1,1,4294967295,0,0
oInvCollPH,1168,816,003498C9,0,1,1,4294967295,0,0
oInvCollPH,1168,832,00201DDA,0,1,1,4294967295,0,0
oInvCollPH,1168,848,00154506,0,1,1,4294967295,0,0
oInvCollPH,1056,832,002A87AE,0,1,1,4294967295,0,0
oInvCollPH,1072,832,002D2A6A,0,1,1,4294967295,0,0
oInvCollPH,1088,832,002AF849,0,1,1,4294967295,0,0
oInvCollPH,1104,832,002B54F3,0,1,1,4294967295,0,0
oInvCollPH,1120,832,002CBD1E,0,1,1,4294967295,0,0
oInvCollPH,960,608,0025686F,0,1,1,4294967295,0,0
oInvCollPH,976,608,000BCDDF,0,1,1,4294967295,0,0
oInvCollPH,976,592,003016E2,0,1,1,4294967295,0,0
oInvCollPH,1056,624,00055EF6,0,1,1,4294967295,0,0
oInvCollPH,576,624,000F5DA6,0,1,1,4294967295,0,0
oInvCollPH,592,624,000E7307,0,1,1,4294967295,0,0
oInvCollPH,608,624,0021F454,0,1,1,4294967295,0,0
oInvCollPH,608,656,0035B1C4,0,1,1,4294967295,0,0
oInvCollPH,624,656,0009BE3A,0,1,1,4294967295,0,0
oInvCollPH,640,656,0002C7C2,0,1,1,4294967295,0,0
oInvCollPH,528,656,00159CB3,0,1,1,4294967295,0,0
oInvCollPH,544,656,0028E543,0,1,1,4294967295,0,0
oInvCollPH,560,656,00382A68,0,1,1,4294967295,0,0
oInvCollPH,560,640,0033F65D,0,1,1,4294967295,0,0
oInvCollPH,416,656,0030D685,0,1,1,4294967295,0,0
oInvCollPH,432,656,00388757,0,1,1,4294967295,0,0
oInvCollPH,448,656,00197027,0,1,1,4294967295,0,0
oInvCollPH,464,656,0015F4F7,0,1,1,4294967295,0,0
oInvCollPH,480,656,0000A909,0,1,1,4294967295,0,0
oInvCollPH,496,656,0039692A,0,1,1,4294967295,0,0
oInvCollPH,512,656,001DDF59,0,1,1,4294967295,0,0
oInvCollPH,176,752,002A6D46,0,1,1,4294967295,0,0
oInvCollPH,176,768,00151E6A,0,1,1,4294967295,0,0
oInvCollPH,144,784,001A22F6,0,1,1,4294967295,0,0
oInvCollPH,160,784,0006980D,0,1,1,4294967295,0,0
oInvCollPH,176,784,00203FBB,0,1,1,4294967295,0,0
oInvCollPH,32,832,001323AD,0,1,1,4294967295,0,0
oInvCollPH,48,832,00237EDB,0,1,1,4294967295,0,0
oInvCollPH,48,848,0033AE29,0,1,1,4294967295,0,0
oInvCollPH,16,656,00104FD4,0,1,1,4294967295,0,0
oInvCollPH,16,672,000B1DC1,0,1,1,4294967295,0,0
oInvCollPH,16,688,003D1AEA,0,1,1,4294967295,0,0
oInvCollPH,16,704,00099E8D,0,1,1,4294967295,0,0
oInvCollPH,16,720,003D77AA,0,1,1,4294967295,0,0
oInvCollPH,16,736,0025B3B5,0,1,1,4294967295,0,0
oInvCollPH,16,752,002B7156,0,1,1,4294967295,0,0
oInvCollPH,16,768,0034A42C,0,1,1,4294967295,0,0
oInvCollPH,16,784,0013743F,0,1,1,4294967295,0,0
oInvCollPH,16,800,000F6029,0,1,1,4294967295,0,0
oInvCollPH,16,816,0009730D,0,1,1,4294967295,0,0
oInvCollPH,400,688,000F30D2,0,1,1,4294967295,0,0
oInvCollPH,400,704,00340A26,0,1,1,4294967295,0,0
oInvCollPH,192,720,001BFD79,0,1,1,4294967295,0,0
oInvCollPH,208,720,000FAB50,0,1,1,4294967295,0,0
oInvCollPH,224,720,00159826,0,1,1,4294967295,0,0
oInvCollPH,240,720,00251A2A,0,1,1,4294967295,0,0
oInvCollPH,256,720,0024D964,0,1,1,4294967295,0,0
oInvCollPH,272,720,000C5B2A,0,1,1,4294967295,0,0
oInvCollPH,288,720,000B7D66,0,1,1,4294967295,0,0
oInvCollPH,304,720,001413C0,0,1,1,4294967295,0,0
oInvCollPH,320,720,003CE500,0,1,1,4294967295,0,0
oInvCollPH,400,720,00012C47,0,1,1,4294967295,0,0
oInvCollPH,384,720,001A21B2,0,1,1,4294967295,0,0
oInvCollPH,368,720,002277E2,0,1,1,4294967295,0,0
oInvCollPH,352,720,001E88B9,0,1,1,4294967295,0,0
oInvCollPH,336,720,002788D2,0,1,1,4294967295,0,0
oInvCollPH,896,640,003151A9,0,1,1,4294967295,0,0
oInvCollPH,912,624,00098D1A,0,1,1,4294967295,0,0
oInvCollPH,928,624,000D26CB,0,1,1,4294967295,0,0
oInvCollPH,944,624,002E65DD,0,1,1,4294967295,0,0
oInvCollPH,992,624,000C9A33,0,1,1,4294967295,0,0
oInvCollPH,1008,624,003181D3,0,1,1,4294967295,0,0
oInvCollPH,1024,624,002DF7E0,0,1,1,4294967295,0,0
oInvCollPH,1024,640,00172CBD,0,1,1,4294967295,0,0
oInvCollPH,1024,656,000BF92C,0,1,1,4294967295,0,0
oInvCollPH,1008,656,00226A5B,0,1,1,4294967295,0,0
oInvCollPH,992,656,00315156,0,1,1,4294967295,0,0
oInvCollPH,976,656,0021E7F2,0,1,1,4294967295,0,0
oInvCollPH,960,656,001BF43B,0,1,1,4294967295,0,0
oInvCollPH,944,656,001085D0,0,1,1,4294967295,0,0
oInvCollPH,928,656,003457F4,0,1,1,4294967295,0,0
oInvCollPH,672,656,000BFE98,0,1,1,4294967295,0,0
oInvCollPH,688,656,0040123E,0,1,1,4294967295,0,0
oInvCollPH,704,656,0008AD33,0,1,1,4294967295,0,0
oInvCollPH,720,656,000F006A,0,1,1,4294967295,0,0
oInvCollPH,736,656,0037609C,0,1,1,4294967295,0,0
oInvCollPH,752,656,001BC57B,0,1,1,4294967295,0,0
oInvCollPH,768,656,001BAEBC,0,1,1,4294967295,0,0
oInvCollPH,784,656,0018C1A9,0,1,1,4294967295,0,0
oInvCollPH,800,656,0017F8C8,0,1,1,4294967295,0,0
oInvCollPH,880,656,002BC81B,0,1,1,4294967295,0,0
oInvCollPH,864,656,00321790,0,1,1,4294967295,0,0
oInvCollPH,848,656,00376EF8,0,1,1,4294967295,0,0
oInvCollPH,832,656,0021564E,0,1,1,4294967295,0,0
oInvCollPH,816,656,0029DF6A,0,1,1,4294967295,0,0
oInvCollPH,1840,224,0003F58C,0,1,1,4294967295,0,0
oInvCollPH,1952,128,002279F1,0,1,1,4294967295,0,0
oInvCollPH,1952,144,002FB9F3,0,1,1,4294967295,0,0
oInvCollPH,1952,160,00303FD2,0,1,1,4294967295,0,0
oInvCollPH,1952,176,00007498,0,1,1,4294967295,0,0
oInvCollPH,1952,192,0010BB58,0,1,1,4294967295,0,0
oInvCollPH,1952,208,0005C53B,0,1,1,4294967295,0,0
oInvCollPH,1952,224,0036A9DE,0,1,1,4294967295,0,0
oInvCollPH,1824,336,003D196E,0,1,1,4294967295,0,0
oInvCollPH,1824,352,0015D4B8,0,1,1,4294967295,0,0
oInvCollPH,1840,352,003FFCF5,0,1,1,4294967295,0,0
oInvCollPH,1856,352,001AB27B,0,1,1,4294967295,0,0
oInvCollPH,1872,352,001A96F0,0,1,1,4294967295,0,0
oInvCollPH,1872,336,00083A73,0,1,1,4294967295,0,0
oInvCollPH,1872,320,00323548,0,1,1,4294967295,0,0
oInvCollPH,1872,304,001BE68B,0,1,1,4294967295,0,0
oInvCollPH,1872,288,001711E4,0,1,1,4294967295,0,0
oInvCollPH,1872,272,0016DF83,0,1,1,4294967295,0,0
oInvCollPH,1872,256,00347C9E,0,1,1,4294967295,0,0
oInvCollPH,1872,240,00343F28,0,1,1,4294967295,0,0
oInvCollPH,1856,240,00049C05,0,1,1,4294967295,0,0
oInvCollPH,1936,240,0004ADE9,0,1,1,4294967295,0,0
oInvCollPH,1920,256,001D2DA1,0,1,1,4294967295,0,0
oInvCollPH,1920,272,002D320C,0,1,1,4294967295,0,0
oInvCollPH,1920,288,000F90AF,0,1,1,4294967295,0,0
oInvCollPH,1920,304,0022164E,0,1,1,4294967295,0,0
oInvCollPH,1920,320,0034D0C3,0,1,1,4294967295,0,0
oInvCollPH,1920,336,000D98A6,0,1,1,4294967295,0,0
oInvCollPH,1920,352,001E9897,0,1,1,4294967295,0,0
oInvCollPH,1920,368,00381022,0,1,1,4294967295,0,0
oInvCollPH,1920,384,003DF59F,0,1,1,4294967295,0,0
oInvCollPH,1920,400,003C05F7,0,1,1,4294967295,0,0
oInvCollPH,1920,416,00182644,0,1,1,4294967295,0,0
oInvCollPH,1792,64,003EFA08,0,1,1,4294967295,0,0
oInvCollPH,1808,64,0018881D,0,1,1,4294967295,0,0
oInvCollPH,1824,80,0026617B,0,1,1,4294967295,0,0
oInvCollPH,1824,96,001C3D82,0,1,1,4294967295,0,0
oInvCollPH,1840,96,0019F03A,0,1,1,4294967295,0,0
oInvCollPH,1856,96,003883D5,0,1,1,4294967295,0,0
oInvCollPH,1872,96,000ED435,0,1,1,4294967295,0,0
oInvCollPH,1888,96,0026A1BD,0,1,1,4294967295,0,0
oInvCollPH,1904,96,002058F3,0,1,1,4294967295,0,0
oInvCollPH,1920,96,001CFCD0,0,1,1,4294967295,0,0
oInvCollPH,1936,96,00227F86,0,1,1,4294967295,0,0
oInvCollPH,1824,864,0031A3D7,0,1,1,4294967295,0,0
oInvCollPH,1808,864,00261310,0,1,1,4294967295,0,0
oInvCollPH,1792,864,000C5DF4,0,1,1,4294967295,0,0
oInvCollPH,1776,864,00189C1E,0,1,1,4294967295,0,0
oInvCollPH,1760,864,003FE403,0,1,1,4294967295,0,0
oInvCollPH,1744,864,0008A683,0,1,1,4294967295,0,0
oInvCollPH,1728,864,001E3576,0,1,1,4294967295,0,0
oInvCollPH,1712,864,0025E477,0,1,1,4294967295,0,0
oInvCollPH,1696,864,0003B5FA,0,1,1,4294967295,0,0
oInvCollPH,1680,864,00129617,0,1,1,4294967295,0,0
oInvCollPH,1664,864,001BC518,0,1,1,4294967295,0,0
oInvCollPH,1648,864,002D6CC6,0,1,1,4294967295,0,0
oInvCollPH,1840,816,00169349,0,1,1,4294967295,0,0
oInvCollPH,1840,832,001A57B6,0,1,1,4294967295,0,0
oInvCollPH,1840,848,002226D1,0,1,1,4294967295,0,0
oInvCollPH,1792,736,0031C691,0,1,1,4294967295,0,0
oInvCollPH,1792,752,0038E1DD,0,1,1,4294967295,0,0
oInvCollPH,1792,768,003027AB,0,1,1,4294967295,0,0
oInvCollPH,1792,784,000370F6,0,1,1,4294967295,0,0
oInvCollPH,1808,784,00380AB0,0,1,1,4294967295,0,0
oInvCollPH,1824,784,00264AA8,0,1,1,4294967295,0,0
oInvCollPH,1072,640,00186C20,0,1,1,4294967295,0,0
oInvCollPH,1072,656,00192C4B,0,1,1,4294967295,0,0
oInvCollPH,1088,656,001EF8A5,0,1,1,4294967295,0,0
oInvCollPH,1104,656,000F56BD,0,1,1,4294967295,0,0
oInvCollPH,1120,656,00226838,0,1,1,4294967295,0,0
oInvCollPH,1136,656,00303181,0,1,1,4294967295,0,0
oInvCollPH,1152,656,00249A46,0,1,1,4294967295,0,0
oInvCollPH,1168,656,00070E9B,0,1,1,4294967295,0,0
oInvCollPH,1184,656,00334A5B,0,1,1,4294967295,0,0
oInvCollPH,1200,656,00137F03,0,1,1,4294967295,0,0
oInvCollPH,1216,656,00046EE5,0,1,1,4294967295,0,0
oInvCollPH,1232,656,003AFB9C,0,1,1,4294967295,0,0
oInvCollPH,1296,656,002969DD,0,1,1,4294967295,0,0
oInvCollPH,1296,640,00370278,0,1,1,4294967295,0,0
oInvCollPH,1296,624,003706BD,0,1,1,4294967295,0,0
oInvCollPH,1296,608,00053199,0,1,1,4294967295,0,0
oInvCollPH,1776,704,0007D698,0,1,1,4294967295,0,0
oInvCollPH,1760,704,000A9547,0,1,1,4294967295,0,0
oInvCollPH,1744,704,0004232D,0,1,1,4294967295,0,0
oInvCollPH,1728,704,003038A3,0,1,1,4294967295,0,0
oInvCollPH,1712,704,00095D1D,0,1,1,4294967295,0,0
oInvCollPH,1696,704,001702F9,0,1,1,4294967295,0,0
oInvCollPH,1632,704,003711D6,0,1,1,4294967295,0,0
oInvCollPH,1632,688,000678B9,0,1,1,4294967295,0,0
oInvCollPH,1632,672,00095D24,0,1,1,4294967295,0,0
oInvCollPH,1632,656,00075398,0,1,1,4294967295,0,0
oInvCollPH,1632,640,00009994,0,1,1,4294967295,0,0
oInvCollPH,1632,624,002C6B1B,0,1,1,4294967295,0,0
oInvCollPH,1792,320,000366D8,0,1,1,4294967295,0,0
oInvCollPH,1808,320,0021BB0A,0,1,1,4294967295,0,0
oInvCollPH,1760,320,003B15F4,0,1,1,4294967295,0,0
oInvCollPH,1776,320,003C4262,0,1,1,4294967295,0,0
oInvCollPH,1744,320,003701C2,0,1,1,4294967295,0,0
oInvCollPH,1728,336,00348146,0,1,1,4294967295,0,0
oInvCollPH,1728,352,00396F03,0,1,1,4294967295,0,0
oInvCollPH,1728,368,00403365,0,1,1,4294967295,0,0
oInvCollPH,1728,384,000DA13B,0,1,1,4294967295,0,0
oInvCollPH,1728,400,00167C9F,0,1,1,4294967295,0,0
oInvCollPH,1728,416,00356651,0,1,1,4294967295,0,0
oInvCollPH,1744,432,0027CD90,0,1,1,4294967295,0,0
oInvCollPH,1760,432,0036BDC3,0,1,1,4294967295,0,0
oInvCollPH,1776,432,0024587A,0,1,1,4294967295,0,0
oInvCollPH,1792,432,0029F67C,0,1,1,4294967295,0,0
oInvCollPH,1808,432,002EB075,0,1,1,4294967295,0,0
oInvCollPH,1824,432,003063CC,0,1,1,4294967295,0,0
oInvCollPH,1840,432,0033F4B7,0,1,1,4294967295,0,0
oInvCollPH,1856,432,000642FC,0,1,1,4294967295,0,0
oInvCollPH,1872,432,0035645E,0,1,1,4294967295,0,0
oInvCollPH,1888,432,001515D6,0,1,1,4294967295,0,0
oInvCollPH,1904,432,000C4663,0,1,1,4294967295,0,0
oInvCollPH,1312,592,002EEF65,0,1,1,4294967295,0,0
oInvCollPH,1328,592,0021A8B9,0,1,1,4294967295,0,0
oInvCollPH,1600,592,00069504,0,1,1,4294967295,0,0
oInvCollPH,1616,592,003B717E,0,1,1,4294967295,0,0
oInvCollPH,768,576,001260BC,0,1,1,4294967295,0,0
oInvCollPH,784,576,0027F910,0,1,1,4294967295,0,0
oInvCollPH,784,560,0027D965,0,1,1,4294967295,0,0
oInvCollPH,544,480,0032A811,0,1,1,4294967295,0,0
oInvCollPH,560,480,002CE418,0,1,1,4294967295,0,0
oInvCollPH,560,464,00306300,0,1,1,4294967295,0,0
oInvCollPH,608,480,00241A0A,0,1,1,4294967295,0,0
oInvCollPH,624,480,002A10D6,0,1,1,4294967295,0,0
oInvCollPH,624,464,001B7F9D,0,1,1,4294967295,0,0
oInvCollPH,544,448,001BA653,0,1,1,4294967295,0,0
oInvCollPH,576,448,0013EB8B,0,1,1,4294967295,0,0
oInvCollPH,592,448,0010323A,0,1,1,4294967295,0,0
oInvCollPH,560,432,003CCA61,0,1,1,4294967295,0,0
oInvCollPH,576,432,003ADD6F,0,1,1,4294967295,0,0
oInvCollPH,592,432,001C8327,0,1,1,4294967295,0,0
oInvCollPH,608,432,00250A58,0,1,1,4294967295,0,0
oInvCollPH,624,432,001F4375,0,1,1,4294967295,0,0
oInvCollPH,624,448,001A97D8,0,1,1,4294967295,0,0
oInvCollPH,528,496,0039B98A,0,1,1,4294967295,0,0
oInvCollPH,512,496,00286019,0,1,1,4294967295,0,0
oInvCollPH,496,496,001B4216,0,1,1,4294967295,0,0
oInvCollPH,480,512,00196295,0,1,1,4294967295,0,0
oInvCollPH,496,512,0031CC2A,0,1,1,4294967295,0,0
oInvCollPH,512,512,0019A439,0,1,1,4294967295,0,0
oInvCollPH,528,512,0038F227,0,1,1,4294967295,0,0
oInvCollPH,544,512,000650F7,0,1,1,4294967295,0,0
oInvCollPH,560,512,000235A5,0,1,1,4294967295,0,0
oInvCollPH,560,496,0011A189,0,1,1,4294967295,0,0
oInvCollPH,608,512,001D863C,0,1,1,4294967295,0,0
oInvCollPH,624,512,00207C92,0,1,1,4294967295,0,0
oInvCollPH,640,512,0023E8DE,0,1,1,4294967295,0,0
oInvCollPH,656,512,0011F1CE,0,1,1,4294967295,0,0
oInvCollPH,672,512,0006A6FE,0,1,1,4294967295,0,0
oInvCollPH,688,512,0015991F,0,1,1,4294967295,0,0
oInvCollPH,688,496,00142D9A,0,1,1,4294967295,0,0
oInvCollPH,672,496,0035AF0C,0,1,1,4294967295,0,0
oInvCollPH,656,496,0028252F,0,1,1,4294967295,0,0
oInvCollPH,640,496,00375086,0,1,1,4294967295,0,0
oInvCollPH,208,432,0026B752,0,1,1,4294967295,0,0
oInvCollPH,224,432,003D3CEC,0,1,1,4294967295,0,0
oInvCollPH,240,432,0014C806,0,1,1,4294967295,0,0
oInvCollPH,272,416,0025183E,0,1,1,4294967295,0,0
oInvCollPH,256,432,0028BF13,0,1,1,4294967295,0,0
oInvCollPH,272,432,0001E4AE,0,1,1,4294967295,0,0
oInvCollPH,288,432,00032F27,0,1,1,4294967295,0,0
oInvCollPH,304,432,003A24A9,0,1,1,4294967295,0,0
oInvCollPH,304,416,002B8AC9,0,1,1,4294967295,0,0
oInvCollPH,304,400,0009DBEE,0,1,1,4294967295,0,0
oInvCollPH,304,384,001D284C,0,1,1,4294967295,0,0
oInvCollPH,288,400,000750AA,0,1,1,4294967295,0,0
oInvCollPH,208,560,00100A89,0,1,1,4294967295,0,0
oInvCollPH,224,560,00234348,0,1,1,4294967295,0,0
oInvCollPH,240,560,00285A7C,0,1,1,4294967295,0,0
oInvCollPH,256,576,0027099A,0,1,1,4294967295,0,0
oInvCollPH,240,592,003F989B,0,1,1,4294967295,0,0
oInvCollPH,224,592,001A0856,0,1,1,4294967295,0,0
oInvCollPH,208,592,002B7590,0,1,1,4294967295,0,0
oInvCollPH,192,592,002523DA,0,1,1,4294967295,0,0
oInvCollPH,160,528,003E94CC,0,1,1,4294967295,0,0
oInvCollPH,176,528,001B198D,0,1,1,4294967295,0,0
oInvCollPH,176,544,001AF664,0,1,1,4294967295,0,0
oInvCollPH,176,592,0020BE9F,0,1,1,4294967295,0,0
oInvCollPH,160,592,00116E87,0,1,1,4294967295,0,0
oInvCollPH,144,592,003C0F68,0,1,1,4294967295,0,0
oInvCollPH,128,592,000F968D,0,1,1,4294967295,0,0
oInvCollPH,112,608,00268A1D,0,1,1,4294967295,0,0
oInvCollPH,112,624,003FA334,0,1,1,4294967295,0,0
oInvCollPH,112,640,0035C608,0,1,1,4294967295,0,0
oInvCollPH,96,640,00088A7D,0,1,1,4294967295,0,0
oInvCollPH,80,640,00092A5F,0,1,1,4294967295,0,0
oInvCollPH,64,640,0008890E,0,1,1,4294967295,0,0
oInvCollPH,48,640,002328FA,0,1,1,4294967295,0,0
oInvCollPH,32,640,003DB023,0,1,1,4294967295,0,0
oInvCollPH,160,320,00070F34,0,1,1,4294967295,0,0
oInvCollPH,176,320,001BF318,0,1,1,4294967295,0,0
oInvCollPH,176,336,0038E999,0,1,1,4294967295,0,0
oInvCollPH,176,352,001285E8,0,1,1,4294967295,0,0
oInvCollPH,160,352,001A5ED5,0,1,1,4294967295,0,0
oInvCollPH,144,352,0026E07B,0,1,1,4294967295,0,0
oInvCollPH,128,352,003DFEEF,0,1,1,4294967295,0,0
oInvCollPH,112,352,0011D3D5,0,1,1,4294967295,0,0
oInvCollPH,96,352,00246553,0,1,1,4294967295,0,0
oInvCollPH,80,352,002934A2,0,1,1,4294967295,0,0
oInvCollPH,64,352,001D6F50,0,1,1,4294967295,0,0
oInvCollPH,48,272,001D68D2,0,1,1,4294967295,0,0
oInvCollPH,48,352,0032B0AC,0,1,1,4294967295,0,0
oInvCollPH,32,352,0009494C,0,1,1,4294967295,0,0
oInvCollPH,176,144,0036E12F,0,1,1,4294967295,0,0
oInvCollPH,192,144,001BEF81,0,1,1,4294967295,0,0
oInvCollPH,208,144,002C133A,0,1,1,4294967295,0,0
oInvCollPH,224,144,00337B80,0,1,1,4294967295,0,0
oInvCollPH,240,144,002382B8,0,1,1,4294967295,0,0
oInvCollPH,256,144,003493C4,0,1,1,4294967295,0,0
oInvCollPH,272,144,0005CE00,0,1,1,4294967295,0,0
oInvCollPH,288,144,001D2DA0,0,1,1,4294967295,0,0
oInvCollPH,304,144,003B12AC,0,1,1,4294967295,0,0
oInvCollPH,304,128,003B10C0,0,1,1,4294967295,0,0
oInvCollPH,288,128,002F8812,0,1,1,4294967295,0,0
oInvCollPH,272,128,001C5051,0,1,1,4294967295,0,0
oInvCollPH,256,128,0029B37C,0,1,1,4294967295,0,0
oInvCollPH,240,128,00010E98,0,1,1,4294967295,0,0
oInvCollPH,480,144,0032D47C,0,1,1,4294967295,0,0
oInvCollPH,496,144,0007249D,0,1,1,4294967295,0,0
oInvCollPH,512,144,000395B3,0,1,1,4294967295,0,0
oInvCollPH,528,144,000F43E8,0,1,1,4294967295,0,0
oInvCollPH,544,144,001A61D6,0,1,1,4294967295,0,0
oInvCollPH,560,144,002D6CE5,0,1,1,4294967295,0,0
oInvCollPH,560,128,00093C59,0,1,1,4294967295,0,0
oInvCollPH,544,128,00165BA8,0,1,1,4294967295,0,0
oInvCollPH,528,128,003AEBE1,0,1,1,4294967295,0,0
oInvCollPH,512,128,0000D8AB,0,1,1,4294967295,0,0
oInvCollPH,496,128,002481E2,0,1,1,4294967295,0,0
oInvCollPH,384,208,000018CF,0,1,1,4294967295,0,0
oInvCollPH,400,208,000DB323,0,1,1,4294967295,0,0
oInvCollPH,400,192,001E04A4,0,1,1,4294967295,0,0
oInvCollPH,576,160,0036962A,0,1,1,4294967295,0,0
oInvCollPH,592,160,000FBD72,0,1,1,4294967295,0,0
oInvCollPH,592,144,001FF47F,0,1,1,4294967295,0,0
oInvCollPH,320,16,0028A2B9,0,1,1,4294967295,0,0
oInvCollPH,336,16,001CBAB6,0,1,1,4294967295,0,0
oInvCollPH,352,16,0014B8CA,0,1,1,4294967295,0,0
oInvCollPH,368,16,001E9A3C,0,1,1,4294967295,0,0
oInvCollPH,384,16,000E3D00,0,1,1,4294967295,0,0
oInvCollPH,400,16,00238A4E,0,1,1,4294967295,0,0
oInvCollPH,416,16,00053695,0,1,1,4294967295,0,0
oInvCollPH,432,16,0025207F,0,1,1,4294967295,0,0
oInvCollPH,448,16,00055FC8,0,1,1,4294967295,0,0
oInvCollPH,464,16,002DDDD4,0,1,1,4294967295,0,0
oInvCollPH,896,256,00217980,0,1,1,4294967295,0,0
oInvCollPH,912,256,00390073,0,1,1,4294967295,0,0
oInvCollPH,912,240,0029351E,0,1,1,4294967295,0,0
oInvCollPH,928,128,001262B4,0,1,1,4294967295,0,0
oInvCollPH,944,128,00332620,0,1,1,4294967295,0,0
oInvCollPH,944,112,0000767B,0,1,1,4294967295,0,0
oInvCollPH,992,224,0034D997,0,1,1,4294967295,0,0
oInvCollPH,1008,224,0009861F,0,1,1,4294967295,0,0
oInvCollPH,1008,208,002681D6,0,1,1,4294967295,0,0
oInvCollPH,928,224,00025E23,0,1,1,4294967295,0,0
oInvCollPH,944,208,003268F3,0,1,1,4294967295,0,0
oInvCollPH,960,208,0031AD6D,0,1,1,4294967295,0,0
oInvCollPH,976,208,00217159,0,1,1,4294967295,0,0
oInvCollPH,928,256,0010BAAF,0,1,1,4294967295,0,0
oInvCollPH,944,256,00083638,0,1,1,4294967295,0,0
oInvCollPH,960,256,00149F07,0,1,1,4294967295,0,0
oInvCollPH,976,256,003A0C9C,0,1,1,4294967295,0,0
oInvCollPH,976,240,003650AD,0,1,1,4294967295,0,0
oInvCollPH,1088,128,002C0B79,0,1,1,4294967295,0,0
oInvCollPH,1088,144,002B9FBD,0,1,1,4294967295,0,0
oInvCollPH,1088,160,00237DCD,0,1,1,4294967295,0,0
oInvCollPH,1088,176,001B396F,0,1,1,4294967295,0,0
oInvCollPH,1088,192,001AAB1F,0,1,1,4294967295,0,0
oInvCollPH,1088,208,00178957,0,1,1,4294967295,0,0
oInvCollPH,1088,224,001D6B56,0,1,1,4294967295,0,0
oInvCollPH,1088,240,002A04F8,0,1,1,4294967295,0,0
oInvCollPH,1088,256,00392FC3,0,1,1,4294967295,0,0
oInvCollPH,1104,256,001AD327,0,1,1,4294967295,0,0
oInvCollPH,1104,240,0018F29F,0,1,1,4294967295,0,0
oInvCollPH,1104,224,0007AFC4,0,1,1,4294967295,0,0
oInvCollPH,1104,208,001F7B2F,0,1,1,4294967295,0,0
oInvCollPH,1104,192,00324316,0,1,1,4294967295,0,0
oInvCollPH,1104,176,00057CB4,0,1,1,4294967295,0,0
oInvCollPH,1104,160,000FC5B4,0,1,1,4294967295,0,0
oInvCollPH,1104,144,002A5DDB,0,1,1,4294967295,0,0
oInvCollPH,1104,128,0002DC80,0,1,1,4294967295,0,0
oInvCollPH,1104,112,00030562,0,1,1,4294967295,0,0
oInvCollPH,1072,272,00093BC7,0,1,1,4294967295,0,0
oInvCollPH,1056,288,0035A26E,0,1,1,4294967295,0,0
oInvCollPH,1104,288,00209F95,0,1,1,4294967295,0,0
oInvCollPH,1104,272,0008560F,0,1,1,4294967295,0,0
oInvCollPH,1040,304,0024A696,0,1,1,4294967295,0,0
oInvCollPH,1024,320,003A452B,0,1,1,4294967295,0,0
oInvCollPH,1024,352,003C243A,0,1,1,4294967295,0,0
oInvCollPH,1040,352,001D75EF,0,1,1,4294967295,0,0
oInvCollPH,1056,352,001A2935,0,1,1,4294967295,0,0
oInvCollPH,1072,352,0014CAA7,0,1,1,4294967295,0,0
oInvCollPH,1088,352,0020A85B,0,1,1,4294967295,0,0
oInvCollPH,1104,352,00181DAB,0,1,1,4294967295,0,0
oInvCollPH,1104,336,00163846,0,1,1,4294967295,0,0
oInvCollPH,1104,320,000C7D9C,0,1,1,4294967295,0,0
oInvCollPH,1104,304,0031DF3B,0,1,1,4294967295,0,0
oInvCollPH,976,336,001A93DB,0,1,1,4294967295,0,0
oInvCollPH,992,336,002C879A,0,1,1,4294967295,0,0
oInvCollPH,1008,336,00003A5B,0,1,1,4294967295,0,0
oInvCollPH,1008,352,002B1EAB,0,1,1,4294967295,0,0
oInvCollPH,992,352,00220D51,0,1,1,4294967295,0,0
oInvCollPH,960,352,001E24AB,0,1,1,4294967295,0,0
oInvCollPH,976,368,00331A10,0,1,1,4294967295,0,0
oInvCollPH,976,384,00377A67,0,1,1,4294967295,0,0
oInvCollPH,976,400,00051A56,0,1,1,4294967295,0,0
oInvCollPH,976,416,000E6B62,0,1,1,4294967295,0,0
oInvCollPH,976,432,003C1A04,0,1,1,4294967295,0,0
oInvCollPH,976,448,0000EA80,0,1,1,4294967295,0,0
oInvCollPH,976,464,00115584,0,1,1,4294967295,0,0
oInvCollPH,976,480,000F8045,0,1,1,4294967295,0,0
oInvCollPH,976,496,003453AD,0,1,1,4294967295,0,0
oInvCollPH,976,512,002E7893,0,1,1,4294967295,0,0
oInvCollPH,960,512,0004CDF0,0,1,1,4294967295,0,0
oInvCollPH,960,496,0002F884,0,1,1,4294967295,0,0
oInvCollPH,960,480,00062E7D,0,1,1,4294967295,0,0
oInvCollPH,960,464,000D76FE,0,1,1,4294967295,0,0
oInvCollPH,960,448,003670BC,0,1,1,4294967295,0,0
oInvCollPH,960,432,001A03E4,0,1,1,4294967295,0,0
oInvCollPH,960,416,00182554,0,1,1,4294967295,0,0
oInvCollPH,960,400,00025CBF,0,1,1,4294967295,0,0
oInvCollPH,960,384,0006FB08,0,1,1,4294967295,0,0
oInvCollPH,880,240,000DF954,0,1,1,4294967295,0,0
oInvCollPH,880,272,0016837F,0,1,1,4294967295,0,0
oInvCollPH,864,272,001AA01C,0,1,1,4294967295,0,0
oInvCollPH,832,240,0010A926,0,1,1,4294967295,0,0
oInvCollPH,848,240,003FD283,0,1,1,4294967295,0,0
oInvCollPH,848,288,0037F5AF,0,1,1,4294967295,0,0
oInvCollPH,832,288,0038AAAA,0,1,1,4294967295,0,0
oInvCollPH,816,288,000BABDF,0,1,1,4294967295,0,0
oInvCollPH,800,288,00348698,0,1,1,4294967295,0,0
oInvCollPH,784,288,001E80DC,0,1,1,4294967295,0,0
oInvCollPH,768,288,001AF434,0,1,1,4294967295,0,0
oInvCollPH,752,288,003F22F5,0,1,1,4294967295,0,0
oInvCollPH,736,288,003FC10C,0,1,1,4294967295,0,0
oInvCollPH,720,288,0011270C,0,1,1,4294967295,0,0
oInvCollPH,704,288,001230F1,0,1,1,4294967295,0,0
oInvCollPH,688,288,001677B0,0,1,1,4294967295,0,0
oInvCollPH,672,288,003112D7,0,1,1,4294967295,0,0
oInvCollPH,656,288,00103781,0,1,1,4294967295,0,0
oInvCollPH,640,288,0006ED3A,0,1,1,4294967295,0,0
oInvCollPH,624,144,001104A7,0,1,1,4294967295,0,0
oInvCollPH,608,176,003467BF,0,1,1,4294967295,0,0
oInvCollPH,608,192,001F07E8,0,1,1,4294967295,0,0
oInvCollPH,608,208,00052C49,0,1,1,4294967295,0,0
oInvCollPH,608,224,0003325B,0,1,1,4294967295,0,0
oInvCollPH,608,240,001C86F1,0,1,1,4294967295,0,0
oInvCollPH,608,256,00284C88,0,1,1,4294967295,0,0
oInvCollPH,608,272,000E880A,0,1,1,4294967295,0,0
oInvCollPH,608,288,003F615A,0,1,1,4294967295,0,0
oInvCollPH,624,288,00260769,0,1,1,4294967295,0,0
oInvCollPH,32,32,0034DC55,0,1,1,4294967295,0,0
oInvCollPH,48,32,0006BE6B,0,1,1,4294967295,0,0
oInvCollPH,80,32,003F9B7D,0,1,1,4294967295,0,0
oInvCollPH,96,32,000A3287,0,1,1,4294967295,0,0
oInvCollPH,112,32,003B11B4,0,1,1,4294967295,0,0
oInvCollPH,128,32,001E1B0E,0,1,1,4294967295,0,0
oInvCollPH,144,32,0004DAAA,0,1,1,4294967295,0,0
oInvCollPH,160,32,0010F086,0,1,1,4294967295,0,0
oInvCollPH,176,32,001E7116,0,1,1,4294967295,0,0
oInvCollPH,192,32,002B009B,0,1,1,4294967295,0,0
oInvCollPH,208,32,002668F9,0,1,1,4294967295,0,0
oInvCollPH,224,32,00183E54,0,1,1,4294967295,0,0
oInvCollPH,240,32,0006C120,0,1,1,4294967295,0,0
oInvCollPH,256,32,00381A5B,0,1,1,4294967295,0,0
oInvCollPH,272,32,001FDBAB,0,1,1,4294967295,0,0
oInvCollPH,288,32,002024A4,0,1,1,4294967295,0,0
oInvCollPH,304,32,00046B77,0,1,1,4294967295,0,0
oInvCollPH,928,48,0017C61E,0,1,1,4294967295,0,0
oInvCollPH,928,64,0002656F,0,1,1,4294967295,0,0
oInvCollPH,928,80,0033C961,0,1,1,4294967295,0,0
oInvCollPH,928,96,000A4CDA,0,1,1,4294967295,0,0
oInvCollPH,960,96,00221B23,0,1,1,4294967295,0,0
oInvCollPH,976,96,00328B6C,0,1,1,4294967295,0,0
oInvCollPH,992,96,001B1346,0,1,1,4294967295,0,0
oInvCollPH,1008,96,0013C699,0,1,1,4294967295,0,0
oInvCollPH,1024,96,000D2343,0,1,1,4294967295,0,0
oInvCollPH,1040,96,00325ACD,0,1,1,4294967295,0,0
oInvCollPH,1056,96,0011407E,0,1,1,4294967295,0,0
oInvCollPH,1072,96,001DADB3,0,1,1,4294967295,0,0
oInvCollPH,1120,96,00270C50,0,1,1,4294967295,0,0
oInvCollPH,1136,96,000B1B18,0,1,1,4294967295,0,0
oInvCollPH,1152,96,0008AFC3,0,1,1,4294967295,0,0
oInvCollPH,1168,96,0029553A,0,1,1,4294967295,0,0
oInvCollPH,1184,96,004014FB,0,1,1,4294967295,0,0
oInvCollPH,1200,96,0030DD7F,0,1,1,4294967295,0,0
oInvCollPH,1216,96,0019C705,0,1,1,4294967295,0,0
oInvCollPH,1232,96,00107421,0,1,1,4294967295,0,0
oInvCollPH,1248,96,002B8FB3,0,1,1,4294967295,0,0
oInvCollPH,1264,96,000F1DAF,0,1,1,4294967295,0,0
oInvCollPH,1280,96,0001D751,0,1,1,4294967295,0,0
oInvCollPH,1296,96,0008F728,0,1,1,4294967295,0,0
oInvCollPH,1312,96,0002C525,0,1,1,4294967295,0,0
oInvCollPH,1328,96,000A0CFA,0,1,1,4294967295,0,0
oInvCollPH,1344,96,000C15D7,0,1,1,4294967295,0,0
oInvCollPH,1360,96,0017D011,0,1,1,4294967295,0,0
oInvCollPH,1376,96,0009123E,0,1,1,4294967295,0,0
oInvCollPH,1392,96,000E6DB0,0,1,1,4294967295,0,0
oInvCollPH,1408,96,00296D95,0,1,1,4294967295,0,0
oInvCollPH,1424,96,0007D7C6,0,1,1,4294967295,0,0
oInvCollPH,1440,96,0007E4A5,0,1,1,4294967295,0,0
oInvCollPH,1456,96,003968D9,0,1,1,4294967295,0,0
oInvCollPH,1472,96,001525DE,0,1,1,4294967295,0,0
oInvCollPH,1488,96,001C53EA,0,1,1,4294967295,0,0
oInvCollPH,1504,96,003E1186,0,1,1,4294967295,0,0
oInvCollPH,1520,96,000CA72A,0,1,1,4294967295,0,0
oInvCollPH,1536,96,002EC64C,0,1,1,4294967295,0,0
oInvCollPH,1552,96,002A1C8C,0,1,1,4294967295,0,0
oInvCollPH,1568,96,0029DB4F,0,1,1,4294967295,0,0
oInvCollPH,1584,96,001EFB54,0,1,1,4294967295,0,0
oInvCollPH,1600,96,001B3C84,0,1,1,4294967295,0,0
oInvCollPH,1616,96,003FCF44,0,1,1,4294967295,0,0
oInvCollPH,1632,96,0040414D,0,1,1,4294967295,0,0
oInvCollPH,1648,96,00199077,0,1,1,4294967295,0,0
oInvCollPH,1664,96,000E2861,0,1,1,4294967295,0,0
oInvCollPH,1680,96,003493BA,0,1,1,4294967295,0,0
oInvCollPH,1696,96,0006A5A9,0,1,1,4294967295,0,0
oInvCollPH,1712,96,00285653,0,1,1,4294967295,0,0
oInvCollPH,1728,96,00028E24,0,1,1,4294967295,0,0
oInvCollPH,1744,96,00368A6A,0,1,1,4294967295,0,0
oInvCollPH,1760,96,003522EB,0,1,1,4294967295,0,0
oInvCollPH,1776,96,0028039E,0,1,1,4294967295,0,0
oInvCollPH,1776,80,0022BF5F,0,1,1,4294967295,0,0
oInvCollPH,480,32,00091797,0,1,1,4294967295,0,0
oInvCollPH,496,32,00020B6E,0,1,1,4294967295,0,0
oInvCollPH,512,32,001530F2,0,1,1,4294967295,0,0
oInvCollPH,528,32,001875C8,0,1,1,4294967295,0,0
oInvCollPH,544,32,00166F5F,0,1,1,4294967295,0,0
oInvCollPH,560,32,00230A24,0,1,1,4294967295,0,0
oInvCollPH,576,32,001D4EAC,0,1,1,4294967295,0,0
oInvCollPH,592,32,002E8552,0,1,1,4294967295,0,0
oInvCollPH,608,32,000C3460,0,1,1,4294967295,0,0
oInvCollPH,624,32,000CE832,0,1,1,4294967295,0,0
oInvCollPH,912,32,0008302C,0,1,1,4294967295,0,0
oInvCollPH,896,32,002E9772,0,1,1,4294967295,0,0
oInvCollPH,880,32,0033F2EB,0,1,1,4294967295,0,0
oInvCollPH,864,32,0014D40E,0,1,1,4294967295,0,0
oInvCollPH,848,32,002FA2E9,0,1,1,4294967295,0,0
oInvCollPH,832,32,003EB12E,0,1,1,4294967295,0,0
oInvCollPH,816,32,003C91AB,0,1,1,4294967295,0,0
oInvCollPH,800,32,0010D06C,0,1,1,4294967295,0,0
oInvCollPH,784,32,000399E1,0,1,1,4294967295,0,0
oInvCollPH,768,32,0009616C,0,1,1,4294967295,0,0
oInvCollPH,752,32,0004CE72,0,1,1,4294967295,0,0
oInvCollPH,736,32,0034B1B0,0,1,1,4294967295,0,0
oInvCollPH,720,32,0034BB09,0,1,1,4294967295,0,0
oInvCollPH,704,32,0013ED8B,0,1,1,4294967295,0,0
oInvCollPH,688,32,003F604A,0,1,1,4294967295,0,0
oInvCollPH,672,32,002E36C5,0,1,1,4294967295,0,0
oInvCollPH,656,32,001EF0A4,0,1,1,4294967295,0,0
oInvCollPH,640,32,002BCF82,0,1,1,4294967295,0,0
oInvCollPH,16,48,001892A6,0,1,1,4294967295,0,0
oInvCollPH,16,64,001B42B7,0,1,1,4294967295,0,0
oInvCollPH,16,80,0031DBC3,0,1,1,4294967295,0,0
oInvCollPH,16,96,003065CC,0,1,1,4294967295,0,0
oInvCollPH,16,112,002191C6,0,1,1,4294967295,0,0
oInvCollPH,16,128,003DBECF,0,1,1,4294967295,0,0
oInvCollPH,16,144,000FCED1,0,1,1,4294967295,0,0
oInvCollPH,16,160,00044204,0,1,1,4294967295,0,0
oInvCollPH,16,176,0000B1D5,0,1,1,4294967295,0,0
oInvCollPH,16,192,0024F22D,0,1,1,4294967295,0,0
oInvCollPH,16,208,003F13C5,0,1,1,4294967295,0,0
oInvCollPH,16,224,00069F5F,0,1,1,4294967295,0,0
oInvCollPH,16,240,000BE3A5,0,1,1,4294967295,0,0
oInvCollPH,16,256,00166B4B,0,1,1,4294967295,0,0
oInvCollPH,16,368,00083E91,0,1,1,4294967295,0,0
oInvCollPH,16,384,0001B06B,0,1,1,4294967295,0,0
oInvCollPH,16,400,0030F7BA,0,1,1,4294967295,0,0
oInvCollPH,16,416,00084315,0,1,1,4294967295,0,0
oInvCollPH,16,432,003E4A55,0,1,1,4294967295,0,0
oInvCollPH,16,448,0010AEA4,0,1,1,4294967295,0,0
oInvCollPH,64,64,002B24F9,0,1,1,4294967295,0,0
oInvCollPH,272,576,0018189A,0,1,1,4294967295,0,0
oInvCollPH,272,560,00277A0F,0,1,1,4294967295,0,0
oInvCollPH,304,560,0008D101,0,1,1,4294967295,0,0
oInvCollPH,368,528,000FC096,0,1,1,4294967295,0,0
oInvisibleSolid,288,864,00333614,0,1,1,4294967295,0,1
oInvisibleSolid,64,864,0026F3C4,0,1,1,4294967295,0,1
oInvisibleSolid,544,832,0007191B,0,1,1,4294967295,0,1
oInvisibleSolid,512,848,000BDF13,0,1,1,4294967295,0,1
oInvisibleRupLowSlope,512,832,00384D86,0,1,1,4294967295,0,0
oInvisibleRupLowSlope,480,848,003F09D0,0,1,1,4294967295,0,0
oInvisibleLupLowSlope,640,832,000FA659,0,1,1,4294967295,0,0
oInvisibleLupLowSlope,672,848,003EE57F,0,1,1,4294967295,0,0
oInvisibleSolid,832,896,00295758,0,1,1,4294967295,0,1
oInvisibleRupSlope,1136,816,00259490,0,1,1,4294967295,0,0
oInvisibleRupSlope,992,848,003F3C2F,0,1,1,4294967295,0,0
oInvisibleRupLowSlope,1008,832,002C7602,0,1,1,4294967295,0,0
oInvisibleSolid,1152,816,00142F47,0,1,1,4294967295,0,1
oInvisibleSolid,1040,832,002C88D0,0,1,1,4294967295,0,1
oInvisibleSolid,1008,848,001C5E10,0,1,1,4294967295,0,1
oInvisibleSolid,960,864,0013493A,0,1,1,4294967295,0,1
oInvisibleLupLowSlope,1312,720,002974E3,0,1,1,4294967295,0,0
oInvisibleRupLowSlope,1600,720,000E83E0,0,1,1,4294967295,0,0
oInvisibleSolid,1344,608,002A8013,0,1,1,4294967295,0,1
oInvisibleSolid,1248,672,003F97A2,0,1,1,4294967295,0,1
oInvisibleSolid,1312,736,000798C6,0,1,1,4294967295,0,1
oInvisibleSolid,1584,736,00073756,0,1,1,4294967295,0,1
oInvisibleSolid,1632,720,00281028,0,1,1,4294967295,0,1
oInvisibleSolid,1456,896,0005F155,0,1,1,4294967295,0,1
oInvisibleSolid,1488,864,001444C7,0,1,1,4294967295,0,1
oInvisibleSolid,768,672,00262AD6,0,1,1,4294967295,0,1
oInvisibleSolid,1792,0,003D56DB,0,1,1,4294967295,0,1
oInvisibleSolid,1824,0,0025B1D5,0,1,1,4294967295,0,1
oInvisibleSolid,1952,112,0005B127,0,1,1,4294967295,0,1
oInvisibleSolid,1920,240,00215C7C,0,1,1,4294967295,0,1
oInvisibleSolid,1824,224,0025A6C4,0,1,1,4294967295,0,1
oInvisibleSolid,1824,240,001496DE,0,1,1,4294967295,0,1
oInvisibleRupLowSlope,1792,240,001905AF,0,1,1,4294967295,0,0
oInvisibleRupLowSlope,1760,256,003B647D,0,1,1,4294967295,0,0
oInvisibleRupLowSlope,1728,272,003630A2,0,1,1,4294967295,0,0
oInvisibleRupLowSlope,1696,288,00198439,0,1,1,4294967295,0,0
oInvisibleRupLowSlope,1664,304,00377CA1,0,1,1,4294967295,0,0
oInvisibleRupLowSlope,1632,320,001C9F62,0,1,1,4294967295,0,0
oInvisibleRupLowSlope,1056,608,002CEE24,0,1,1,4294967295,0,0
oInvisibleRupLowSlope,1088,592,00186722,0,1,1,4294967295,0,0
oInvisibleRupLowSlope,1120,576,0024BD67,0,1,1,4294967295,0,0
oInvisibleRupLowSlope,1152,560,00175A85,0,1,1,4294967295,0,0
oInvisibleRupLowSlope,1184,544,000B64DA,0,1,1,4294967295,0,0
oInvisibleRupLowSlope,1216,528,000FCD57,0,1,1,4294967295,0,0
oInvisibleRupLowSlope,1248,512,001CC3AD,0,1,1,4294967295,0,0
oInvisibleRupLowSlope,1280,496,0014B445,0,1,1,4294967295,0,0
oInvisibleRupLowSlope,1312,480,0008F5F7,0,1,1,4294967295,0,0
oInvisibleRupLowSlope,1344,464,0010B6F9,0,1,1,4294967295,0,0
oInvisibleRupLowSlope,1376,448,001652FE,0,1,1,4294967295,0,0
oInvisibleRupLowSlope,1408,432,0001786B,0,1,1,4294967295,0,0
oInvisibleRupLowSlope,1440,416,003C6CE5,0,1,1,4294967295,0,0
oInvisibleRupLowSlope,1472,400,000C092A,0,1,1,4294967295,0,0
oInvisibleRupLowSlope,1504,384,0033CB96,0,1,1,4294967295,0,0
oInvisibleRupLowSlope,1536,368,001C2A30,0,1,1,4294967295,0,0
oInvisibleRupLowSlope,1568,352,002C0163,0,1,1,4294967295,0,0
oInvisibleRupLowSlope,1600,336,002160F8,0,1,1,4294967295,0,0
oInvisibleRupLowSlope,496,640,0036F50A,0,1,1,4294967295,0,0
oInvisibleRupLowSlope,528,624,00160E9B,0,1,1,4294967295,0,0
oInvisibleLupLowSlope,624,624,0004C1CF,0,1,1,4294967295,0,0
oInvisibleLupLowSlope,656,640,0028DA80,0,1,1,4294967295,0,0
oInvisibleSolid,560,624,002127DF,0,1,1,4294967295,0,1
oInvisibleSolid,528,640,000D96C2,0,1,1,4294967295,0,1
oInvisibleSolid,400,656,00048AD5,0,1,1,4294967295,0,1
oInvisibleSolid,400,672,000486CB,0,1,1,4294967295,0,1
oInvisibleSolid,176,720,0034D647,0,1,1,4294967295,0,1
oInvisibleSolid,176,736,00319B55,0,1,1,4294967295,0,1
oInvisibleSolid,128,784,0037ECB8,0,1,1,4294967295,0,1
oInvisibleSolid,0,656,0013D786,0,1,1,4294967295,0,1
oInvisibleSolid,0,832,001F3414,0,1,1,4294967295,0,1
oInvisibleSolid,608,640,0031AF67,0,1,1,4294967295,0,1
oInvisibleSolid,656,656,003AA375,0,1,1,4294967295,0,1
oInvisibleSolid,896,624,00323AF3,0,1,1,4294967295,0,1
oInvisibleSolid,960,592,00242C39,0,1,1,4294967295,0,1
oInvisibleSolid,1040,624,003071A6,0,1,1,4294967295,0,1
oInvisibleSolid,1072,624,003B071A,0,1,1,4294967295,0,1
oInvisibleSolid,1088,608,003F3EBE,0,1,1,4294967295,0,1
oInvisibleSolid,1120,592,002F0CEB,0,1,1,4294967295,0,1
oInvisibleSolid,1152,576,00378334,0,1,1,4294967295,0,1
oInvisibleSolid,1184,560,000BE129,0,1,1,4294967295,0,1
oInvisibleSolid,1216,544,00390881,0,1,1,4294967295,0,1
oInvisibleSolid,1248,528,0002841C,0,1,1,4294967295,0,1
oInvisibleSolid,1280,512,00022F22,0,1,1,4294967295,0,1
oInvisibleSolid,1312,496,0027FD13,0,1,1,4294967295,0,1
oInvisibleSolid,1344,480,00044239,0,1,1,4294967295,0,1
oInvisibleSolid,1792,256,000E64EA,0,1,1,4294967295,0,1
oInvisibleSolid,1632,608,0002C0EB,0,1,1,4294967295,0,1
oInvisibleSolid,1792,720,0011565F,0,1,1,4294967295,0,1
oInvisibleSolid,1840,800,000DC99C,0,1,1,4294967295,0,1
oInvisibleSolid,1760,272,003F3B1A,0,1,1,4294967295,0,1
oInvisibleSolid,1728,288,00118FA8,0,1,1,4294967295,0,1
oInvisibleSolid,1696,304,00119BD6,0,1,1,4294967295,0,1
oInvisibleSolid,1376,464,003E4FC7,0,1,1,4294967295,0,1
oInvisibleSolid,1408,448,00327C4D,0,1,1,4294967295,0,1
oInvisibleSolid,1440,432,000D8414,0,1,1,4294967295,0,1
oInvisibleSolid,1472,416,00241868,0,1,1,4294967295,0,1
oInvisibleSolid,1504,400,000E0A32,0,1,1,4294967295,0,1
oInvisibleSolid,1536,384,000575C9,0,1,1,4294967295,0,1
oInvisibleSolid,1568,368,003EA97A,0,1,1,4294967295,0,1
oInvisibleSolid,1600,352,002C9F68,0,1,1,4294967295,0,1
oInvisibleSolid,1632,336,0013DADF,0,1,1,4294967295,0,1
oInvisibleSolid,1664,320,000408D3,0,1,1,4294967295,0,1
oInvisibleSolid,544,464,001C429E,0,1,1,4294967295,0,1
oInvisibleSolid,544,432,002902B8,0,1,1,4294967295,0,1
oInvisibleSolid,608,464,00358618,0,1,1,4294967295,0,1
oInvisibleSolid,608,496,000F2680,0,1,1,4294967295,0,1
oInvisibleSolid,768,560,002EA620,0,1,1,4294967295,0,1
oInvisibleSolid,960,368,001BCA07,0,1,1,4294967295,0,1
oInvisibleSolid,960,336,003A6104,0,1,1,4294967295,0,1
oInvisibleSolid,1024,304,00239D06,0,1,1,4294967295,0,1
oInvisibleSolid,1056,272,00080E78,0,1,1,4294967295,0,1
oInvisibleSolid,1088,112,003FCB63,0,1,1,4294967295,0,1
oInvisibleSolid,928,112,000870D5,0,1,1,4294967295,0,1
oInvisibleSolid,928,0,003636BD,0,1,1,4294967295,0,1
oInvisibleSolid,992,208,0030211F,0,1,1,4294967295,0,1
oInvisibleSolid,928,208,0022199F,0,1,1,4294967295,0,1
oInvisibleSolid,896,240,0027A823,0,1,1,4294967295,0,1
oInvisibleSolid,864,240,002D09A5,0,1,1,4294967295,0,1
oInvisibleLupLowSlope,640,144,001C5E22,0,1,1,4294967295,0,0
oInvisibleLupLowSlope,672,160,00152137,0,1,1,4294967295,0,0
oInvisibleLupLowSlope,704,176,0033A5C8,0,1,1,4294967295,0,0
oInvisibleLupLowSlope,736,192,000D1143,0,1,1,4294967295,0,0
oInvisibleLupLowSlope,768,208,00315F87,0,1,1,4294967295,0,0
oInvisibleLupLowSlope,800,224,0036A074,0,1,1,4294967295,0,0
oInvisibleLupLowSlope,64,272,003C8958,0,1,1,4294967295,0,0
oInvisibleLupLowSlope,96,288,0002AF1D,0,1,1,4294967295,0,0
oInvisibleLupLowSlope,128,304,00073D8F,0,1,1,4294967295,0,0
oInvisibleLupLowSlope,32,464,001AE7EF,0,1,1,4294967295,0,0
oInvisibleLupLowSlope,64,480,001C4FDC,0,1,1,4294967295,0,0
oInvisibleLupLowSlope,96,496,003C07C0,0,1,1,4294967295,0,0
oInvisibleLupLowSlope,128,512,000C0468,0,1,1,4294967295,0,0
oInvisibleSolid,224,128,003DA4D3,0,1,1,4294967295,0,1
oInvisibleSolid,480,128,001F7AE0,0,1,1,4294967295,0,1
oInvisibleSolid,576,144,001BB4C9,0,1,1,4294967295,0,1
oInvisibleSolid,608,144,00201A97,0,1,1,4294967295,0,1
oInvisibleSolid,160,144,00218830,0,1,1,4294967295,0,1
oInvisibleSolid,288,384,0028D5DD,0,1,1,4294967295,0,1
oInvisibleSolid,256,416,001E89A5,0,1,1,4294967295,0,1
oInvisibleSolid,192,432,00252353,0,1,1,4294967295,0,1
oInvisibleSolid,384,192,0025A168,0,1,1,4294967295,0,1
oInvisibleSolid,480,496,000E68E1,0,1,1,4294967295,0,1
oInvisibleSolid,640,160,00144ED6,0,1,1,4294967295,0,1
oInvisibleSolid,672,176,003FDAF7,0,1,1,4294967295,0,1
oInvisibleSolid,704,192,0017A554,0,1,1,4294967295,0,1
oInvisibleSolid,736,208,0039860B,0,1,1,4294967295,0,1
oInvisibleSolid,768,224,0029B184,0,1,1,4294967295,0,1
oInvisibleSolid,800,240,001F2BC8,0,1,1,4294967295,0,1
oInvisibleSolid,480,0,00286DEF,0,1,1,4294967295,0,1
oInvisibleSolid,320,0,00224343,0,1,1,4294967295,0,1
oInvisibleSolid,0,0,00051D31,0,1,1,4294967295,0,1
oInvisibleSolid,0,48,002EB6D2,0,1,1,4294967295,0,1
oInvisibleSolid,32,272,002D2480,0,1,1,4294967295,0,1
oInvisibleSolid,64,288,001771BA,0,1,1,4294967295,0,1
oInvisibleSolid,96,304,00121438,0,1,1,4294967295,0,1
oInvisibleSolid,128,320,0022B7E7,0,1,1,4294967295,0,1
oInvisibleSolid,32,480,002F716B,0,1,1,4294967295,0,1
oInvisibleSolid,64,496,00070D73,0,1,1,4294967295,0,1
oInvisibleSolid,96,512,001C9927,0,1,1,4294967295,0,1
oInvisibleSolid,128,528,0026299A,0,1,1,4294967295,0,1
oInvisibleSolid,192,560,00193D3D,0,1,1,4294967295,0,1
oInvisibleSolid,64,48,00178335,0,1,1,4294967295,0,1
oInvisibleSolid,288,560,0039387D,0,1,1,4294967295,0,1
oInvisibleSolid,256,560,0039340A,0,1,1,4294967295,0,1
oInvisibleSolid,352,528,001CD3CC,0,1,1,4294967295,0,1
