oExit,40,320,00293BB7,0,1,1,4294967295,0,1
oExit,2032,272,001B3F5B,0,1,1,4294967295,0,1
oZeldaBreakPot,952,256,00174675,0,1,1,4294967295,0,0
oUseElevator,48,336,002DD602,0,1,1,4294967295,0,1
oLavaGuy,1416,320,002AC63C,0,1,1,4294967295,0,0
oLavaGuy,1528,320,0009DA30,0,1,1,4294967295,0,0
oPlatformBreak1,1248,240,000A9AA8,0,1,1,4294967295,0,0
oPlatformBreak1,1264,240,000329F0,0,1,1,4294967295,0,0
oPlatformBreak1,1280,240,002ABF1B,0,1,1,4294967295,0,0
oPlatformBreak1,1296,240,0012F558,0,1,1,4294967295,0,0
oPlatformBreak1,1360,240,0015F2BC,0,1,1,4294967295,0,0
oPlatformBreak1,1344,240,000120E9,0,1,1,4294967295,0,0
oPlatformBreak1,1328,240,002A8DA5,0,1,1,4294967295,0,0
oPlatformBreak1,1312,240,002BFDC3,0,1,1,4294967295,0,0
oPlatformBreak1,1424,240,001CF6BB,0,1,1,4294967295,0,0
oPlatformBreak1,1408,240,000495FD,0,1,1,4294967295,0,0
oPlatformBreak1,1392,240,003DDF1A,0,1,1,4294967295,0,0
oPlatformBreak1,1376,240,00337EAC,0,1,1,4294967295,0,0
oPlatformBreak1,1488,240,0018BDA8,0,1,1,4294967295,0,0
oPlatformBreak1,1472,240,0039AFFD,0,1,1,4294967295,0,0
oPlatformBreak1,1456,240,0038199B,0,1,1,4294967295,0,0
oPlatformBreak1,1440,240,0012519D,0,1,1,4294967295,0,0
oPlatformBreak1,1552,240,002917C4,0,1,1,4294967295,0,0
oPlatformBreak1,1536,240,000CC61F,0,1,1,4294967295,0,0
oPlatformBreak1,1520,240,003351AD,0,1,1,4294967295,0,0
oPlatformBreak1,1504,240,0017E051,0,1,1,4294967295,0,0
oPlatformBreak1,1616,240,000B3C6B,0,1,1,4294967295,0,0
oPlatformBreak1,1600,240,001CEF01,0,1,1,4294967295,0,0
oPlatformBreak1,1584,240,000DA789,0,1,1,4294967295,0,0
oPlatformBreak1,1568,240,002AE898,0,1,1,4294967295,0,0
oPlatformBreak1,1680,240,003F6889,0,1,1,4294967295,0,0
oPlatformBreak1,1664,240,000B4250,0,1,1,4294967295,0,0
oPlatformBreak1,1648,240,000E7E5A,0,1,1,4294967295,0,0
oPlatformBreak1,1632,240,003C7791,0,1,1,4294967295,0,0
oMegmet,640,224,002F3558,0,1,1,4294967295,0,0
oMegmet,752,192,0022B474,0,1,1,4294967295,0,0
oMyu,704,272,002FBF76,0,1,1,4294967295,0,0
oMyu,928,272,003620D5,0,1,1,4294967295,0,0
oMyu,1008,272,00031B02,0,1,1,4294967295,0,0
oMyu,1200,240,0014002A,0,1,1,4294967295,0,0
oMyu,1728,240,001C77CD,0,1,1,4294967295,0,0
oAche,408,136,002F54F4,0,1,1,4294967295,0,0
oPlayer1,80,208,00175C83,0,1,1,4294967295,0,0
oInvCollPH,272,304,001E94A3,0,1,1,4294967295,0,0
oInvCollPH,288,304,0003F25D,0,1,1,4294967295,0,0
oInvCollPH,304,304,0003D6BD,0,1,1,4294967295,0,0
oInvCollPH,304,320,0019A22C,0,1,1,4294967295,0,0
oInvCollPH,304,336,00045D66,0,1,1,4294967295,0,0
oInvCollPH,208,272,002DFF0C,0,1,1,4294967295,0,0
oInvCollPH,224,272,00387559,0,1,1,4294967295,0,0
oInvCollPH,240,272,0028E1BC,0,1,1,4294967295,0,0
oInvCollPH,240,288,00001808,0,1,1,4294967295,0,0
oInvCollPH,48,144,00103BE5,0,1,1,4294967295,0,0
oInvCollPH,80,208,00248A8E,0,1,1,4294967295,0,0
oInvCollPH,96,208,001A44B4,0,1,1,4294967295,0,0
oInvCollPH,112,208,003D4F7D,0,1,1,4294967295,0,0
oInvCollPH,128,208,00371570,0,1,1,4294967295,0,0
oInvCollPH,144,208,0032D917,0,1,1,4294967295,0,0
oInvCollPH,160,208,001DA6CA,0,1,1,4294967295,0,0
oInvCollPH,176,208,002678B0,0,1,1,4294967295,0,0
oInvCollPH,176,224,0019C9AA,0,1,1,4294967295,0,0
oInvCollPH,176,240,000BAB9D,0,1,1,4294967295,0,0
oInvCollPH,176,256,00059FC1,0,1,1,4294967295,0,0
oInvCollPH,16,160,002F2486,0,1,1,4294967295,0,0
oInvCollPH,16,176,00119829,0,1,1,4294967295,0,0
oInvCollPH,16,192,001B836F,0,1,1,4294967295,0,0
oInvCollPH,16,208,000D46F7,0,1,1,4294967295,0,0
oInvCollPH,16,224,00068030,0,1,1,4294967295,0,0
oInvCollPH,16,240,002AFF7B,0,1,1,4294967295,0,0
oInvCollPH,16,256,002A5122,0,1,1,4294967295,0,0
oInvCollPH,16,272,003F8018,0,1,1,4294967295,0,0
oInvCollPH,16,288,003CFE68,0,1,1,4294967295,0,0
oInvCollPH,16,304,0024DB2A,0,1,1,4294967295,0,0
oInvCollPH,16,320,0013DD3D,0,1,1,4294967295,0,0
oInvCollPH,16,336,00281FFD,0,1,1,4294967295,0,0
oInvCollPH,384,288,003BF5C0,0,1,1,4294967295,0,0
oInvCollPH,384,304,0039B243,0,1,1,4294967295,0,0
oInvCollPH,384,320,000B119A,0,1,1,4294967295,0,0
oInvCollPH,384,336,003078D2,0,1,1,4294967295,0,0
oInvCollPH,400,272,002F2EEB,0,1,1,4294967295,0,0
oInvCollPH,416,272,0017C27A,0,1,1,4294967295,0,0
oInvCollPH,432,272,00193499,0,1,1,4294967295,0,0
oInvCollPH,432,288,0033A520,0,1,1,4294967295,0,0
oInvCollPH,432,304,003F67E4,0,1,1,4294967295,0,0
oInvCollPH,432,320,003CA542,0,1,1,4294967295,0,0
oInvCollPH,432,336,000F8E3F,0,1,1,4294967295,0,0
oInvCollPH,64,224,0003EACC,0,1,1,4294967295,0,0
oInvCollPH,64,240,0035CBF5,0,1,1,4294967295,0,0
oInvCollPH,64,256,002811B6,0,1,1,4294967295,0,0
oInvCollPH,64,272,0035F984,0,1,1,4294967295,0,0
oInvCollPH,64,288,00165E9A,0,1,1,4294967295,0,0
oInvCollPH,64,304,00138367,0,1,1,4294967295,0,0
oInvCollPH,64,320,0033AAC8,0,1,1,4294967295,0,0
oInvCollPH,64,336,001B9F78,0,1,1,4294967295,0,0
oInvCollPH,448,144,00402F4E,0,1,1,4294967295,0,0
oInvCollPH,448,160,001738AD,0,1,1,4294967295,0,0
oInvCollPH,464,160,0028E66F,0,1,1,4294967295,0,0
oInvCollPH,480,160,003A31C9,0,1,1,4294967295,0,0
oInvCollPH,496,160,003A3B66,0,1,1,4294967295,0,0
oInvCollPH,496,144,00176E9F,0,1,1,4294967295,0,0
oInvCollPH,496,128,0005336A,0,1,1,4294967295,0,0
oInvCollPH,768,144,00306802,0,1,1,4294967295,0,0
oInvCollPH,768,160,002BFF0E,0,1,1,4294967295,0,0
oInvCollPH,784,160,0002AE73,0,1,1,4294967295,0,0
oInvCollPH,800,160,00345552,0,1,1,4294967295,0,0
oInvCollPH,816,160,0011FD38,0,1,1,4294967295,0,0
oInvCollPH,816,144,000F891A,0,1,1,4294967295,0,0
oInvCollPH,816,128,002301FB,0,1,1,4294967295,0,0
oInvCollPH,1056,144,001AAED6,0,1,1,4294967295,0,0
oInvCollPH,1056,160,000EE40D,0,1,1,4294967295,0,0
oInvCollPH,1072,160,0013DBB9,0,1,1,4294967295,0,0
oInvCollPH,1088,160,00128866,0,1,1,4294967295,0,0
oInvCollPH,1104,160,00204402,0,1,1,4294967295,0,0
oInvCollPH,1104,144,000A78C7,0,1,1,4294967295,0,0
oInvCollPH,1104,128,002EB48C,0,1,1,4294967295,0,0
oInvCollPH,1984,144,002457BD,0,1,1,4294967295,0,0
oInvCollPH,1984,160,002F97BA,0,1,1,4294967295,0,0
oInvCollPH,1984,176,000AB457,0,1,1,4294967295,0,0
oInvCollPH,1984,192,002225E8,0,1,1,4294967295,0,0
oInvCollPH,1984,208,000ADA69,0,1,1,4294967295,0,0
oInvCollPH,1984,224,003999DD,0,1,1,4294967295,0,0
oInvCollPH,2000,224,0034EFB9,0,1,1,4294967295,0,0
oInvCollPH,2016,224,0009167D,0,1,1,4294967295,0,0
oInvCollPH,2032,224,0020ACF6,0,1,1,4294967295,0,0
oInvCollPH,1696,256,0016AFB9,0,1,1,4294967295,0,0
oInvCollPH,1712,240,001EF7E5,0,1,1,4294967295,0,0
oInvCollPH,1728,240,000C2099,0,1,1,4294967295,0,0
oInvCollPH,1744,240,003D4F48,0,1,1,4294967295,0,0
oInvCollPH,1744,256,00316D78,0,1,1,4294967295,0,0
oInvCollPH,1184,256,000E58E1,0,1,1,4294967295,0,0
oInvCollPH,1200,240,0032E10B,0,1,1,4294967295,0,0
oInvCollPH,1216,240,0019231F,0,1,1,4294967295,0,0
oInvCollPH,1232,240,0032E641,0,1,1,4294967295,0,0
oInvCollPH,1232,256,00084906,0,1,1,4294967295,0,0
oInvCollPH,1760,272,00147179,0,1,1,4294967295,0,0
oInvCollPH,1776,272,000E624B,0,1,1,4294967295,0,0
oInvCollPH,1776,288,00006235,0,1,1,4294967295,0,0
oInvCollPH,1696,288,002D15F0,0,1,1,4294967295,0,0
oInvCollPH,1696,320,003C192A,0,1,1,4294967295,0,0
oInvCollPH,1696,336,0013AA11,0,1,1,4294967295,0,0
oInvCollPH,1792,304,00223C20,0,1,1,4294967295,0,0
oInvCollPH,1808,304,002395D5,0,1,1,4294967295,0,0
oInvCollPH,1824,304,001F7A12,0,1,1,4294967295,0,0
oInvCollPH,1840,304,0022ACBA,0,1,1,4294967295,0,0
oInvCollPH,2032,304,003D6903,0,1,1,4294967295,0,0
oInvCollPH,2016,304,002E83DA,0,1,1,4294967295,0,0
oInvCollPH,2000,304,00219229,0,1,1,4294967295,0,0
oInvCollPH,1984,304,0007CA91,0,1,1,4294967295,0,0
oInvCollPH,1968,304,001FAE36,0,1,1,4294967295,0,0
oInvCollPH,1952,304,000E780E,0,1,1,4294967295,0,0
oInvCollPH,1936,304,001D2DD6,0,1,1,4294967295,0,0
oInvCollPH,1920,304,002B515A,0,1,1,4294967295,0,0
oInvCollPH,1904,304,002C7B6D,0,1,1,4294967295,0,0
oInvCollPH,1888,304,001009C5,0,1,1,4294967295,0,0
oInvCollPH,1872,304,002FE0EF,0,1,1,4294967295,0,0
oInvCollPH,1856,304,00168D8B,0,1,1,4294967295,0,0
oInvCollPH,96,112,000EA5E7,0,1,1,4294967295,0,0
oInvCollPH,112,112,00066F2D,0,1,1,4294967295,0,0
oInvCollPH,128,112,001A3426,0,1,1,4294967295,0,0
oInvCollPH,144,112,001F05EB,0,1,1,4294967295,0,0
oInvCollPH,160,112,003498CC,0,1,1,4294967295,0,0
oInvCollPH,176,112,003B5AAB,0,1,1,4294967295,0,0
oInvCollPH,192,112,003D1978,0,1,1,4294967295,0,0
oInvCollPH,208,112,002B780D,0,1,1,4294967295,0,0
oInvCollPH,224,112,003AE23B,0,1,1,4294967295,0,0
oInvCollPH,240,112,002ECA9E,0,1,1,4294967295,0,0
oInvCollPH,256,112,0038F3F2,0,1,1,4294967295,0,0
oInvCollPH,272,112,00260BFD,0,1,1,4294967295,0,0
oInvCollPH,288,112,0003CF2B,0,1,1,4294967295,0,0
oInvCollPH,304,112,0008EE4B,0,1,1,4294967295,0,0
oInvCollPH,320,112,0031436A,0,1,1,4294967295,0,0
oInvCollPH,336,112,00382521,0,1,1,4294967295,0,0
oInvCollPH,352,112,00288089,0,1,1,4294967295,0,0
oInvCollPH,368,112,00289A37,0,1,1,4294967295,0,0
oInvCollPH,384,112,0022A5E9,0,1,1,4294967295,0,0
oInvCollPH,400,112,00377959,0,1,1,4294967295,0,0
oInvCollPH,416,112,00076760,0,1,1,4294967295,0,0
oInvCollPH,432,112,001159A8,0,1,1,4294967295,0,0
oInvCollPH,512,112,001B65BF,0,1,1,4294967295,0,0
oInvCollPH,528,112,003C4385,0,1,1,4294967295,0,0
oInvCollPH,544,112,001E9B97,0,1,1,4294967295,0,0
oInvCollPH,560,112,00400C46,0,1,1,4294967295,0,0
oInvCollPH,576,112,00243E97,0,1,1,4294967295,0,0
oInvCollPH,592,112,00291883,0,1,1,4294967295,0,0
oInvCollPH,608,112,001F7DD5,0,1,1,4294967295,0,0
oInvCollPH,624,112,0031958A,0,1,1,4294967295,0,0
oInvCollPH,640,112,0038C401,0,1,1,4294967295,0,0
oInvCollPH,656,112,000172AD,0,1,1,4294967295,0,0
oInvCollPH,672,112,000ACB55,0,1,1,4294967295,0,0
oInvCollPH,688,112,0006E432,0,1,1,4294967295,0,0
oInvCollPH,704,112,003E565C,0,1,1,4294967295,0,0
oInvCollPH,720,112,00390558,0,1,1,4294967295,0,0
oInvCollPH,736,112,00277AB2,0,1,1,4294967295,0,0
oInvCollPH,752,112,003319F7,0,1,1,4294967295,0,0
oInvCollPH,832,112,0038ECB2,0,1,1,4294967295,0,0
oInvCollPH,848,112,0034DCCF,0,1,1,4294967295,0,0
oInvCollPH,864,112,003BD515,0,1,1,4294967295,0,0
oInvCollPH,880,112,0037F5AE,0,1,1,4294967295,0,0
oInvCollPH,896,112,000BED4E,0,1,1,4294967295,0,0
oInvCollPH,912,112,000EF0F4,0,1,1,4294967295,0,0
oInvCollPH,928,112,0001FF2D,0,1,1,4294967295,0,0
oInvCollPH,944,112,000780B9,0,1,1,4294967295,0,0
oInvCollPH,960,112,00279E23,0,1,1,4294967295,0,0
oInvCollPH,976,112,00311F92,0,1,1,4294967295,0,0
oInvCollPH,992,112,001E22B5,0,1,1,4294967295,0,0
oInvCollPH,1008,112,0029ABF4,0,1,1,4294967295,0,0
oInvCollPH,1024,112,000EBDD1,0,1,1,4294967295,0,0
oInvCollPH,1040,112,0034250A,0,1,1,4294967295,0,0
oInvCollPH,1120,112,002966B3,0,1,1,4294967295,0,0
oInvCollPH,1136,112,00183E43,0,1,1,4294967295,0,0
oInvCollPH,1152,112,00396D30,0,1,1,4294967295,0,0
oInvCollPH,1168,112,0000E9F7,0,1,1,4294967295,0,0
oInvCollPH,1184,112,003FE240,0,1,1,4294967295,0,0
oInvCollPH,1200,112,0019F971,0,1,1,4294967295,0,0
oInvCollPH,1216,112,001C5B4F,0,1,1,4294967295,0,0
oInvCollPH,1232,112,003BD5DE,0,1,1,4294967295,0,0
oInvCollPH,1248,112,0001C75C,0,1,1,4294967295,0,0
oInvCollPH,1264,112,0028C2E2,0,1,1,4294967295,0,0
oInvCollPH,1280,112,003C04EF,0,1,1,4294967295,0,0
oInvCollPH,1296,112,001307A8,0,1,1,4294967295,0,0
oInvCollPH,1312,112,0014674A,0,1,1,4294967295,0,0
oInvCollPH,1328,112,000A723F,0,1,1,4294967295,0,0
oInvCollPH,1344,112,0031FE65,0,1,1,4294967295,0,0
oInvCollPH,1360,112,00230AB7,0,1,1,4294967295,0,0
oInvCollPH,1376,112,003371D4,0,1,1,4294967295,0,0
oInvCollPH,1392,112,000EA826,0,1,1,4294967295,0,0
oInvCollPH,1408,112,002BAD72,0,1,1,4294967295,0,0
oInvCollPH,1424,112,002187BC,0,1,1,4294967295,0,0
oInvCollPH,1440,112,00005386,0,1,1,4294967295,0,0
oInvCollPH,1456,112,00322B24,0,1,1,4294967295,0,0
oInvCollPH,1472,112,002B1300,0,1,1,4294967295,0,0
oInvCollPH,1488,112,0022CAC6,0,1,1,4294967295,0,0
oInvCollPH,1504,112,0003DC0C,0,1,1,4294967295,0,0
oInvCollPH,1520,112,003DACFC,0,1,1,4294967295,0,0
oInvCollPH,1536,112,002C23CD,0,1,1,4294967295,0,0
oInvCollPH,1552,112,000F1393,0,1,1,4294967295,0,0
oInvCollPH,1568,112,00261FDE,0,1,1,4294967295,0,0
oInvCollPH,1584,112,000200D6,0,1,1,4294967295,0,0
oInvCollPH,1600,112,001C7E26,0,1,1,4294967295,0,0
oInvCollPH,1616,112,0035F4EC,0,1,1,4294967295,0,0
oInvCollPH,1632,112,0038B976,0,1,1,4294967295,0,0
oInvCollPH,1648,112,00254306,0,1,1,4294967295,0,0
oInvCollPH,1664,112,00250B0C,0,1,1,4294967295,0,0
oInvCollPH,1680,112,0037A8DC,0,1,1,4294967295,0,0
oInvCollPH,1696,112,0037C8C9,0,1,1,4294967295,0,0
oInvCollPH,1712,112,00000A39,0,1,1,4294967295,0,0
oInvCollPH,1728,112,00133503,0,1,1,4294967295,0,0
oInvCollPH,1744,112,00139968,0,1,1,4294967295,0,0
oInvCollPH,1760,112,0038A6FC,0,1,1,4294967295,0,0
oInvCollPH,1776,112,00261DF3,0,1,1,4294967295,0,0
oInvCollPH,1792,112,000314E0,0,1,1,4294967295,0,0
oInvCollPH,1808,112,0033980D,0,1,1,4294967295,0,0
oInvCollPH,1824,112,000D562B,0,1,1,4294967295,0,0
oInvCollPH,1840,112,0033355E,0,1,1,4294967295,0,0
oInvCollPH,1856,112,003743F7,0,1,1,4294967295,0,0
oInvCollPH,1872,112,001E64DE,0,1,1,4294967295,0,0
oInvCollPH,1888,112,00357521,0,1,1,4294967295,0,0
oInvCollPH,1904,112,0017EDA6,0,1,1,4294967295,0,0
oInvCollPH,1920,112,001D5299,0,1,1,4294967295,0,0
oInvCollPH,1936,112,00114247,0,1,1,4294967295,0,0
oInvCollPH,1952,112,003F67B3,0,1,1,4294967295,0,0
oInvCollPH,1968,112,0024A912,0,1,1,4294967295,0,0
oInvCollPH,896,304,0011DF3F,0,1,1,4294967295,0,0
oInvCollPH,896,320,000578B6,0,1,1,4294967295,0,0
oInvCollPH,896,336,0016D2C2,0,1,1,4294967295,0,0
oInvCollPH,944,304,0025B3EE,0,1,1,4294967295,0,0
oInvCollPH,944,320,003D005E,0,1,1,4294967295,0,0
oInvCollPH,944,336,00011BAD,0,1,1,4294967295,0,0
oInvCollPH,960,288,0002B11E,0,1,1,4294967295,0,0
oInvCollPH,960,304,0036A33D,0,1,1,4294967295,0,0
oInvCollPH,960,320,003A2117,0,1,1,4294967295,0,0
oInvCollPH,960,336,001C4A9C,0,1,1,4294967295,0,0
oInvCollPH,1008,304,002AF209,0,1,1,4294967295,0,0
oInvCollPH,1008,320,003C8285,0,1,1,4294967295,0,0
oInvCollPH,1008,336,000ADF18,0,1,1,4294967295,0,0
oInvCollPH,912,272,0035E7F2,0,1,1,4294967295,0,0
oInvCollPH,928,272,000D14BE,0,1,1,4294967295,0,0
oInvCollPH,944,272,000C116C,0,1,1,4294967295,0,0
oInvCollPH,960,272,00217534,0,1,1,4294967295,0,0
oInvCollPH,976,272,0023A9AF,0,1,1,4294967295,0,0
oInvCollPH,992,272,00193C23,0,1,1,4294967295,0,0
oInvCollPH,1008,272,000EDEDD,0,1,1,4294967295,0,0
oInvCollPH,1056,288,00214620,0,1,1,4294967295,0,0
oInvCollPH,1056,304,00385A23,0,1,1,4294967295,0,0
oInvCollPH,1056,320,0038E100,0,1,1,4294967295,0,0
oInvCollPH,1056,336,00079BFC,0,1,1,4294967295,0,0
oInvCollPH,1072,272,0008A791,0,1,1,4294967295,0,0
oInvCollPH,1088,272,0008F3BE,0,1,1,4294967295,0,0
oInvCollPH,1104,272,001B8E91,0,1,1,4294967295,0,0
oInvCollPH,1120,272,002D5B08,0,1,1,4294967295,0,0
oInvCollPH,1136,272,003F00F7,0,1,1,4294967295,0,0
oInvCollPH,1152,272,0030E473,0,1,1,4294967295,0,0
oInvCollPH,1168,272,002F6EB9,0,1,1,4294967295,0,0
oInvCollPH,1232,272,001BB327,0,1,1,4294967295,0,0
oInvCollPH,1232,288,0015BF50,0,1,1,4294967295,0,0
oInvCollPH,1232,304,0018ADB9,0,1,1,4294967295,0,0
oInvCollPH,1232,320,00393F79,0,1,1,4294967295,0,0
oInvCollPH,1232,336,002FE8D1,0,1,1,4294967295,0,0
oInvCollPH,624,272,00212230,0,1,1,4294967295,0,0
oInvCollPH,640,272,00233D1E,0,1,1,4294967295,0,0
oInvCollPH,656,272,0017C3E7,0,1,1,4294967295,0,0
oInvCollPH,672,272,0030608A,0,1,1,4294967295,0,0
oInvCollPH,688,272,000E9149,0,1,1,4294967295,0,0
oInvCollPH,704,272,0023EFE7,0,1,1,4294967295,0,0
oInvCollPH,720,272,0006B5D4,0,1,1,4294967295,0,0
oInvCollPH,752,272,0036E72B,0,1,1,4294967295,0,0
oInvCollPH,768,272,00006F54,0,1,1,4294967295,0,0
oInvCollPH,784,272,001EF498,0,1,1,4294967295,0,0
oInvCollPH,800,272,0007D47C,0,1,1,4294967295,0,0
oInvCollPH,816,272,001C9FC0,0,1,1,4294967295,0,0
oInvCollPH,832,272,003899B3,0,1,1,4294967295,0,0
oInvCollPH,848,272,001B72D7,0,1,1,4294967295,0,0
oInvCollPH,848,288,002AFBE4,0,1,1,4294967295,0,0
oInvCollPH,848,304,003DC0D1,0,1,1,4294967295,0,0
oInvCollPH,848,320,0031D652,0,1,1,4294967295,0,0
oInvCollPH,848,336,0023B69A,0,1,1,4294967295,0,0
oInvCollPH,512,288,003A9EBB,0,1,1,4294967295,0,0
oInvCollPH,512,304,00345CB7,0,1,1,4294967295,0,0
oInvCollPH,512,320,001A78E9,0,1,1,4294967295,0,0
oInvCollPH,512,336,001DFF75,0,1,1,4294967295,0,0
oInvCollPH,528,272,002522D7,0,1,1,4294967295,0,0
oInvCollPH,544,272,000230B4,0,1,1,4294967295,0,0
oInvCollPH,560,272,002A3436,0,1,1,4294967295,0,0
oInvCollPH,576,272,0039C573,0,1,1,4294967295,0,0
oInvCollPH,592,272,0008E59A,0,1,1,4294967295,0,0
oInvCollPH,32,144,002892A9,0,1,1,4294967295,0,0
oInvCollPH,48,128,0024AD18,0,1,1,4294967295,0,0
oInvCollPH,64,112,003A8A07,0,1,1,4294967295,0,0
oInvCollPH,80,112,001A25E2,0,1,1,4294967295,0,0
oInvisibleSolid,0,80,0000BB89,0,1,1,4294967295,0,1
oInvisibleSolid,0,128,00291114,0,1,1,4294967295,0,1
oInvisibleSolid,32,128,003E2030,0,1,1,4294967295,0,1
oInvisibleSolid,64,208,00299390,0,1,1,4294967295,0,1
oInvisibleSolid,192,272,003E069F,0,1,1,4294967295,0,1
oInvisibleSolid,256,304,003AD04D,0,1,1,4294967295,0,1
oInvisibleSolid,384,272,00263FB3,0,1,1,4294967295,0,1
oInvisibleSolid,512,272,002404FC,0,1,1,4294967295,0,1
oInvisibleSolid,608,272,000272E6,0,1,1,4294967295,0,1
oInvisibleSolid,736,272,000427FE,0,1,1,4294967295,0,1
oInvisibleSolid,448,128,00232ABD,0,1,1,4294967295,0,1
oInvisibleSolid,768,128,0030CFCD,0,1,1,4294967295,0,1
oInvisibleSolid,1056,128,00154B84,0,1,1,4294967295,0,1
oInvisibleSolid,1184,240,0022F4A4,0,1,1,4294967295,0,1
oInvisibleSolid,1056,272,0027ED06,0,1,1,4294967295,0,1
oInvisibleSolid,896,288,00257372,0,1,1,4294967295,0,1
oInvisibleSolid,896,272,000153ED,0,1,1,4294967295,0,1
oInvisibleSolid,944,288,001954DA,0,1,1,4294967295,0,1
oInvisibleSolid,1008,288,0025488A,0,1,1,4294967295,0,1
oInvisibleSolid,1984,128,001792F4,0,1,1,4294967295,0,1
oInvisibleSolid,1696,240,0009A97E,0,1,1,4294967295,0,1
oInvisibleSolid,1696,272,001928D0,0,1,1,4294967295,0,1
oInvisibleSolid,1696,304,0035613B,0,1,1,4294967295,0,1
