oExit,1904,160,00328F95,0,1,1,4294967295,0,1
oExit,1904,512,002E66D0,0,1,1,4294967295,0,1
oPlatform_CVFall,1392,464,001CF52C,0,1,1,4294967295,0,1
oPlatform_CVFall,1200,432,00354DC3,0,1,1,4294967295,0,1
oPlatform_CVFall,944,400,0001A125,0,1,1,4294967295,0,1
oPlatform_CVFall,928,288,00392534,0,1,1,4294967295,0,1
oPlatform_CVFall,1072,336,002EE5E6,0,1,1,4294967295,0,1
oPlatform_CVFall,1072,224,00150CBF,0,1,1,4294967295,0,1
oPlatform_CVFall,736,240,001D7FC9,0,1,1,4294967295,0,1
oPlatform_CVFall,1616,192,003AA8AB,0,1,1,4294967295,0,1
oPlatform_CVFall,592,400,00363AE5,0,1,1,4294967295,0,1
oPlatform_CVFall,48,368,001E1A8E,0,1,1,4294967295,0,1
oExit,0,128,003DB853,0,1,1,4294967295,0,1
oMoneyChest,352,336,00081181,0,1,1,4294967295,0,1
oMovingPlatform,528,176,00033B79,0,1,1,4294967295,0,1
oCVCandle,1648,432,00103A2F,0,1,1,4294967295,0,0
oCVCandle,1504,144,00365AF2,0,1,1,4294967295,0,0
oCVCandle,1360,416,001B69BA,0,1,1,4294967295,0,0
oCVCandle,1360,352,000B1FF1,0,1,1,4294967295,0,0
oCVCandle,1520,400,000CF902,0,1,1,4294967295,0,0
oCVCandle,368,160,001FD6A4,0,1,1,4294967295,0,0
oCVCandle,368,80,001464AC,0,1,1,4294967295,0,0
oCVCandle,1040,352,001EB957,0,1,1,4294967295,0,0
oCVCandle,1040,272,000B8573,0,1,1,4294967295,0,0
oCVCandle,1040,192,002904F8,0,1,1,4294967295,0,0
oCVCandle,1040,112,00111A72,0,1,1,4294967295,0,0
oZeldaBreakPot,1440,192,000B4BCC,0,1,1,4294967295,0,0
oZeldaBreakPot,1040,448,0015B60D,0,1,1,4294967295,0,0
oZeldaBreakPot,240,416,001264FC,0,1,1,4294967295,0,0
oWeaponLevelUpgrade,512,384,00146797,0,1,1,4294967295,0,1
oLargeJumper,400,472,000A4221,0,1,1,4294967295,0,0
oLargeJumper,82,344,000FDDD7,0,1,1,4294967295,0,0
oMarioSpikeFloor,624,256,00238BF2,0,1,1,4294967295,0,0
oMarioSpikeFloor,640,256,0007CA2D,0,1,1,4294967295,0,0
oMarioSpikeFloor,656,256,0035D970,0,1,1,4294967295,0,0
oMarioSpikeFloor,672,256,001FA200,0,1,1,4294967295,0,0
oMarioSpikeFloor,688,256,003602F5,0,1,1,4294967295,0,0
oMarioSpikeFloor,704,256,003392D5,0,1,1,4294967295,0,0
oMarioSpikeFloor,720,288,000AEB5C,0,1,1,4294967295,0,0
oMarioSpikeFloor,736,288,00130246,0,1,1,4294967295,0,0
oMarioSpikeFloor,752,288,0008225B,0,1,1,4294967295,0,0
oMarioSpikeFloor,768,288,001614BB,0,1,1,4294967295,0,0
oMarioSpikeFloor,784,288,00112E36,0,1,1,4294967295,0,0
oMarioSpikeFloor,800,288,003D526B,0,1,1,4294967295,0,0
oMarioSpikeFloor,816,288,001612BA,0,1,1,4294967295,0,0
oMarioSpikeFloor,224,224,0019D94A,0,1,1,4294967295,0,0
oMarioSpikeFloor,240,224,000AA5E5,0,1,1,4294967295,0,0
oMarioSpikeFloor,256,224,0008F4B6,0,1,1,4294967295,0,0
oMarioSpikeFloor,464,224,0004A813,0,1,1,4294967295,0,0
oMarioSpikeFloor,480,224,002F2B6A,0,1,1,4294967295,0,0
oMarioSpikeFloor,496,224,0028835B,0,1,1,4294967295,0,0
oMarioSpikeFloor,512,224,00175BA8,0,1,1,4294967295,0,0
oMarioSpikeFloor,528,224,00031B50,0,1,1,4294967295,0,0
oMarioSpikeFloor,544,224,00296A90,0,1,1,4294967295,0,0
oMarioSpikeFloor,560,224,00069907,0,1,1,4294967295,0,0
oMarioSpikeFloor,576,224,0009840E,0,1,1,4294967295,0,0
oMarioSpikeFloor,592,224,000CF544,0,1,1,4294967295,0,0
oMarioSpikeFloor,608,224,00091858,0,1,1,4294967295,0,0
oBreakableW_Coded,496,320,00098859,0,1,1,4294967295,0,1
oBreakableW_Coded,496,336,002D1696,0,1,1,4294967295,0,1
oBreakableW_Coded,496,352,000E865B,0,1,1,4294967295,0,1
oBreakableW_Coded,496,368,002D9B01,0,1,1,4294967295,0,1
oBreakableW_Coded,496,384,0000F2A8,0,1,1,4294967295,0,1
oBreakableW_Coded,480,320,00095D03,0,1,1,4294967295,0,1
oBreakableW_Coded,480,336,003A24A6,0,1,1,4294967295,0,1
oBreakableW_Coded,480,352,00385AB7,0,1,1,4294967295,0,1
oBreakableW_Coded,480,368,000A3D13,0,1,1,4294967295,0,1
oBreakableW_Coded,480,384,00262079,0,1,1,4294967295,0,1
oDonutPlatformStart,288,336,002BA4EE,0,1,1,4294967295,0,0
oDonutPlatformStart,304,336,00404387,0,1,1,4294967295,0,0
oCV_Mimic,544,384,003703A3,0,1,1,4294967295,0,0
oCV_PhantomSkull,1264,256,0027C0CA,0,1,1,4294967295,0,0
oCV_PhantomSkull,720,112,000C9FA6,0,1,1,4294967295,0,0
oCV_PhantomSkull,224,560,003C196F,0,1,1,4294967295,0,0
oCV_PhantomSkull,128,480,000F7430,0,1,1,4294967295,0,0
oCV_BoneSkeleton,304,208,003B4D8B,0,1,1,4294967295,0,0
oCV_VampireBat,288,464,00349502,0,1,1,4294967295,0,0
oCV_VampireBat,848,320,002165DE,0,1,1,4294967295,0,0
oCV_VampireBat,1632,160,0019FA28,0,1,1,4294967295,0,0
oPlayer1,1872,544,000F3364,0,1,1,4294967295,0,0
oInvCollPH,1856,432,0014D813,0,1,1,4294967295,0,0
oInvCollPH,1856,448,000233DF,0,1,1,4294967295,0,0
oInvCollPH,1856,464,00194FCE,0,1,1,4294967295,0,0
oInvCollPH,1872,464,0030E508,0,1,1,4294967295,0,0
oInvCollPH,1888,464,00134F3C,0,1,1,4294967295,0,0
oInvCollPH,1904,464,0004717A,0,1,1,4294967295,0,0
oInvCollPH,1552,496,000EB52E,0,1,1,4294967295,0,0
oInvCollPH,1568,496,002C362B,0,1,1,4294967295,0,0
oInvCollPH,1584,496,003C3E7C,0,1,1,4294967295,0,0
oInvCollPH,1568,480,001DDECB,0,1,1,4294967295,0,0
oInvCollPH,1584,480,0012EB9A,0,1,1,4294967295,0,0
oInvCollPH,1600,480,0026E97D,0,1,1,4294967295,0,0
oInvCollPH,1616,480,000EDD0F,0,1,1,4294967295,0,0
oInvCollPH,1632,480,00101496,0,1,1,4294967295,0,0
oInvCollPH,1648,480,00350433,0,1,1,4294967295,0,0
oInvCollPH,1664,480,00349E61,0,1,1,4294967295,0,0
oInvCollPH,1680,480,00303E00,0,1,1,4294967295,0,0
oInvCollPH,1696,480,00269ABF,0,1,1,4294967295,0,0
oInvCollPH,1712,480,003C1100,0,1,1,4294967295,0,0
oInvCollPH,1600,528,003B9865,0,1,1,4294967295,0,0
oInvCollPH,1600,560,0012477E,0,1,1,4294967295,0,0
oInvCollPH,1904,544,000B71AA,0,1,1,4294967295,0,0
oInvCollPH,1888,544,0007EA3E,0,1,1,4294967295,0,0
oInvCollPH,1872,544,000BA2B9,0,1,1,4294967295,0,0
oInvCollPH,1856,544,0008051C,0,1,1,4294967295,0,0
oInvCollPH,1840,544,00150B96,0,1,1,4294967295,0,0
oInvCollPH,1824,544,00048C2E,0,1,1,4294967295,0,0
oInvCollPH,1808,544,000F93A2,0,1,1,4294967295,0,0
oInvCollPH,1792,544,0029692A,0,1,1,4294967295,0,0
oInvCollPH,1632,592,003E8518,0,1,1,4294967295,0,0
oInvCollPH,976,480,001D25BD,0,1,1,4294967295,0,0
oInvCollPH,992,480,0021ABB7,0,1,1,4294967295,0,0
oInvCollPH,1008,480,00347B81,0,1,1,4294967295,0,0
oInvCollPH,1024,480,00121DF4,0,1,1,4294967295,0,0
oInvCollPH,1040,480,00172106,0,1,1,4294967295,0,0
oInvCollPH,1056,480,001D677D,0,1,1,4294967295,0,0
oInvCollPH,1072,480,001FE7F4,0,1,1,4294967295,0,0
oInvCollPH,1088,480,00308483,0,1,1,4294967295,0,0
oInvCollPH,1088,464,000A9CB3,0,1,1,4294967295,0,0
oInvCollPH,1072,464,00036676,0,1,1,4294967295,0,0
oInvCollPH,1056,464,0009A5FA,0,1,1,4294967295,0,0
oInvCollPH,1040,464,00240FC4,0,1,1,4294967295,0,0
oInvCollPH,1024,464,002A708A,0,1,1,4294967295,0,0
oInvCollPH,1008,464,002EF5D3,0,1,1,4294967295,0,0
oInvCollPH,992,464,003D8B00,0,1,1,4294967295,0,0
oInvCollPH,1776,208,002F7A6B,0,1,1,4294967295,0,0
oInvCollPH,1792,192,001F0844,0,1,1,4294967295,0,0
oInvCollPH,1808,192,002AA186,0,1,1,4294967295,0,0
oInvCollPH,1824,192,001D6D4E,0,1,1,4294967295,0,0
oInvCollPH,1840,192,00073D92,0,1,1,4294967295,0,0
oInvCollPH,1856,192,00096763,0,1,1,4294967295,0,0
oInvCollPH,1872,192,000721B3,0,1,1,4294967295,0,0
oInvCollPH,1888,192,000A70B4,0,1,1,4294967295,0,0
oInvCollPH,1904,192,0002BC15,0,1,1,4294967295,0,0
oInvCollPH,1792,240,000DD966,0,1,1,4294967295,0,0
oInvCollPH,1792,256,001F167C,0,1,1,4294967295,0,0
oInvCollPH,1792,272,0033AD02,0,1,1,4294967295,0,0
oInvCollPH,1808,304,0017063A,0,1,1,4294967295,0,0
oInvCollPH,1808,320,001B357D,0,1,1,4294967295,0,0
oInvCollPH,1808,336,0007680F,0,1,1,4294967295,0,0
oInvCollPH,1808,352,00095BFC,0,1,1,4294967295,0,0
oInvCollPH,1808,368,00060548,0,1,1,4294967295,0,0
oInvCollPH,1808,384,003200DE,0,1,1,4294967295,0,0
oInvCollPH,1808,400,003F4776,0,1,1,4294967295,0,0
oInvCollPH,1824,400,002190EB,0,1,1,4294967295,0,0
oInvCollPH,1840,400,003875A6,0,1,1,4294967295,0,0
oInvCollPH,1520,224,003D6641,0,1,1,4294967295,0,0
oInvCollPH,1456,240,0037AAEA,0,1,1,4294967295,0,0
oInvCollPH,1472,240,00225031,0,1,1,4294967295,0,0
oInvCollPH,1488,240,00061351,0,1,1,4294967295,0,0
oInvCollPH,1504,240,0021B90D,0,1,1,4294967295,0,0
oInvCollPH,1520,240,00299953,0,1,1,4294967295,0,0
oInvCollPH,1424,208,002455ED,0,1,1,4294967295,0,0
oInvCollPH,1440,208,000A5A69,0,1,1,4294967295,0,0
oInvCollPH,1456,208,0033BD5C,0,1,1,4294967295,0,0
oInvCollPH,1472,208,0032FBEB,0,1,1,4294967295,0,0
oInvCollPH,1488,208,00035D08,0,1,1,4294967295,0,0
oInvCollPH,1504,208,00197ABB,0,1,1,4294967295,0,0
oInvCollPH,1520,208,000CAAC7,0,1,1,4294967295,0,0
oInvCollPH,1536,208,002ADE89,0,1,1,4294967295,0,0
oInvCollPH,1552,208,001A7E9C,0,1,1,4294967295,0,0
oInvCollPH,1280,192,002C29DE,0,1,1,4294967295,0,0
oInvCollPH,1296,176,0039AE07,0,1,1,4294967295,0,0
oInvCollPH,1312,176,0036342A,0,1,1,4294967295,0,0
oInvCollPH,1328,176,0037FF21,0,1,1,4294967295,0,0
oInvCollPH,1344,176,00388318,0,1,1,4294967295,0,0
oInvCollPH,1360,176,0019964F,0,1,1,4294967295,0,0
oInvCollPH,1376,176,001458BC,0,1,1,4294967295,0,0
oInvCollPH,1392,176,001B88F4,0,1,1,4294967295,0,0
oInvCollPH,1408,176,00156962,0,1,1,4294967295,0,0
oInvCollPH,1424,176,00250A4A,0,1,1,4294967295,0,0
oInvCollPH,1424,192,00265511,0,1,1,4294967295,0,0
oInvCollPH,1392,192,0000592C,0,1,1,4294967295,0,0
oInvCollPH,1376,192,0011B7CF,0,1,1,4294967295,0,0
oInvCollPH,1360,192,001A5C68,0,1,1,4294967295,0,0
oInvCollPH,1344,192,00231E1E,0,1,1,4294967295,0,0
oInvCollPH,1328,192,00223E93,0,1,1,4294967295,0,0
oInvCollPH,1312,192,000AE04A,0,1,1,4294967295,0,0
oInvCollPH,1296,192,0000DB10,0,1,1,4294967295,0,0
oInvCollPH,1856,80,001FA67A,0,1,1,4294967295,0,0
oInvCollPH,1856,96,000B69EE,0,1,1,4294967295,0,0
oInvCollPH,1856,112,00129754,0,1,1,4294967295,0,0
oInvCollPH,1872,112,002D94EB,0,1,1,4294967295,0,0
oInvCollPH,1888,112,0022201A,0,1,1,4294967295,0,0
oInvCollPH,1904,112,0024D384,0,1,1,4294967295,0,0
oInvCollPH,672,320,0013B165,0,1,1,4294967295,0,0
oInvCollPH,688,320,0008488C,0,1,1,4294967295,0,0
oInvCollPH,704,320,003DA627,0,1,1,4294967295,0,0
oInvCollPH,720,320,002A387C,0,1,1,4294967295,0,0
oInvCollPH,736,320,003B2B0A,0,1,1,4294967295,0,0
oInvCollPH,752,320,00249A89,0,1,1,4294967295,0,0
oInvCollPH,768,320,00403C8E,0,1,1,4294967295,0,0
oInvCollPH,784,320,003F16C1,0,1,1,4294967295,0,0
oInvCollPH,800,320,0036339C,0,1,1,4294967295,0,0
oInvCollPH,816,320,00060685,0,1,1,4294967295,0,0
oInvCollPH,816,304,000F623A,0,1,1,4294967295,0,0
oInvCollPH,800,304,0026A4F1,0,1,1,4294967295,0,0
oInvCollPH,784,304,002B763C,0,1,1,4294967295,0,0
oInvCollPH,768,304,0006FD6A,0,1,1,4294967295,0,0
oInvCollPH,752,304,001D8F20,0,1,1,4294967295,0,0
oInvCollPH,736,304,0039CBAA,0,1,1,4294967295,0,0
oInvCollPH,720,304,001EEEB0,0,1,1,4294967295,0,0
oInvCollPH,672,416,001A10DE,0,1,1,4294967295,0,0
oInvCollPH,704,416,0031A2A4,0,1,1,4294967295,0,0
oInvCollPH,720,416,003DD0F4,0,1,1,4294967295,0,0
oInvCollPH,736,416,0005D292,0,1,1,4294967295,0,0
oInvCollPH,752,416,00398EB5,0,1,1,4294967295,0,0
oInvCollPH,768,416,000F3A5A,0,1,1,4294967295,0,0
oInvCollPH,768,400,001726AB,0,1,1,4294967295,0,0
oInvCollPH,752,400,001D14CD,0,1,1,4294967295,0,0
oInvCollPH,736,400,0021E250,0,1,1,4294967295,0,0
oInvCollPH,720,400,0018D1D2,0,1,1,4294967295,0,0
oInvCollPH,704,400,001CDE91,0,1,1,4294967295,0,0
oInvCollPH,544,384,0023FC76,0,1,1,4294967295,0,0
oInvCollPH,704,288,00079EA0,0,1,1,4294967295,0,0
oInvCollPH,704,272,00149E22,0,1,1,4294967295,0,0
oInvCollPH,688,272,0022BF0A,0,1,1,4294967295,0,0
oInvCollPH,672,272,0030D4FE,0,1,1,4294967295,0,0
oInvCollPH,656,272,0005AA84,0,1,1,4294967295,0,0
oInvCollPH,640,272,00139A96,0,1,1,4294967295,0,0
oInvCollPH,624,272,002438C8,0,1,1,4294967295,0,0
oInvCollPH,560,288,001F5EDB,0,1,1,4294967295,0,0
oInvCollPH,576,288,00149621,0,1,1,4294967295,0,0
oInvCollPH,592,288,0001E72F,0,1,1,4294967295,0,0
oInvCollPH,608,288,00046667,0,1,1,4294967295,0,0
oInvCollPH,624,288,002EE2D2,0,1,1,4294967295,0,0
oInvCollPH,640,288,0029AC83,0,1,1,4294967295,0,0
oInvCollPH,656,288,003E1C67,0,1,1,4294967295,0,0
oInvCollPH,432,416,002C13AE,0,1,1,4294967295,0,0
oInvCollPH,448,416,002FFA8C,0,1,1,4294967295,0,0
oInvCollPH,464,416,002C66E1,0,1,1,4294967295,0,0
oInvCollPH,480,416,001F2072,0,1,1,4294967295,0,0
oInvCollPH,496,416,001989EB,0,1,1,4294967295,0,0
oInvCollPH,512,416,00385C10,0,1,1,4294967295,0,0
oInvCollPH,528,416,000187F7,0,1,1,4294967295,0,0
oInvCollPH,544,416,0029E934,0,1,1,4294967295,0,0
oInvCollPH,560,416,000EE6E1,0,1,1,4294967295,0,0
oInvCollPH,576,416,001C9711,0,1,1,4294967295,0,0
oInvCollPH,576,400,003B7FC6,0,1,1,4294967295,0,0
oInvCollPH,560,400,003988E8,0,1,1,4294967295,0,0
oInvCollPH,512,400,000F8362,0,1,1,4294967295,0,0
oInvCollPH,432,288,00055E64,0,1,1,4294967295,0,0
oInvCollPH,432,304,000B4EB1,0,1,1,4294967295,0,0
oInvCollPH,432,336,003BEBA0,0,1,1,4294967295,0,0
oInvCollPH,432,352,0037EC6D,0,1,1,4294967295,0,0
oInvCollPH,432,368,0000FFC1,0,1,1,4294967295,0,0
oInvCollPH,432,384,0029835C,0,1,1,4294967295,0,0
oInvCollPH,464,368,002A8A21,0,1,1,4294967295,0,0
oInvCollPH,464,352,0004BBAE,0,1,1,4294967295,0,0
oInvCollPH,464,336,0005A947,0,1,1,4294967295,0,0
oInvCollPH,464,320,002A8F31,0,1,1,4294967295,0,0
oInvCollPH,480,304,003B2B3C,0,1,1,4294967295,0,0
oInvCollPH,496,304,003366B7,0,1,1,4294967295,0,0
oInvCollPH,496,288,00273881,0,1,1,4294967295,0,0
oInvCollPH,496,272,00186E42,0,1,1,4294967295,0,0
oInvCollPH,416,496,001259A0,0,1,1,4294967295,0,0
oInvCollPH,432,496,002C2396,0,1,1,4294967295,0,0
oInvCollPH,448,496,00128968,0,1,1,4294967295,0,0
oInvCollPH,464,496,0029C4FF,0,1,1,4294967295,0,0
oInvCollPH,480,496,00160878,0,1,1,4294967295,0,0
oInvCollPH,496,496,0005FF69,0,1,1,4294967295,0,0
oInvCollPH,512,496,0033F1D2,0,1,1,4294967295,0,0
oInvCollPH,528,496,00070EDC,0,1,1,4294967295,0,0
oInvCollPH,544,496,0005FD6F,0,1,1,4294967295,0,0
oInvCollPH,544,512,00346962,0,1,1,4294967295,0,0
oInvCollPH,528,512,003717FF,0,1,1,4294967295,0,0
oInvCollPH,512,512,001FA9AB,0,1,1,4294967295,0,0
oInvCollPH,496,512,001ADBCB,0,1,1,4294967295,0,0
oInvCollPH,480,512,00067CC2,0,1,1,4294967295,0,0
oInvCollPH,464,512,00290921,0,1,1,4294967295,0,0
oInvCollPH,448,512,001834B4,0,1,1,4294967295,0,0
oInvCollPH,432,512,0031D2A1,0,1,1,4294967295,0,0
oInvCollPH,416,512,0034E10E,0,1,1,4294967295,0,0
oInvCollPH,400,512,000AE268,0,1,1,4294967295,0,0
oInvCollPH,192,432,0037D70E,0,1,1,4294967295,0,0
oInvCollPH,208,432,002368A8,0,1,1,4294967295,0,0
oInvCollPH,224,432,003AEBF9,0,1,1,4294967295,0,0
oInvCollPH,240,432,003AB905,0,1,1,4294967295,0,0
oInvCollPH,256,432,003D3121,0,1,1,4294967295,0,0
oInvCollPH,272,432,002F2F4F,0,1,1,4294967295,0,0
oInvCollPH,288,432,001CC2DA,0,1,1,4294967295,0,0
oInvCollPH,304,432,0022E5A5,0,1,1,4294967295,0,0
oInvCollPH,304,448,001F027B,0,1,1,4294967295,0,0
oInvCollPH,288,448,0035F123,0,1,1,4294967295,0,0
oInvCollPH,272,448,003A5F82,0,1,1,4294967295,0,0
oInvCollPH,256,448,0038508A,0,1,1,4294967295,0,0
oInvCollPH,240,448,00048045,0,1,1,4294967295,0,0
oInvCollPH,224,448,000FECF9,0,1,1,4294967295,0,0
oInvCollPH,208,448,00278D1A,0,1,1,4294967295,0,0
oInvCollPH,192,448,0012B4A0,0,1,1,4294967295,0,0
oInvCollPH,176,448,00150E6A,0,1,1,4294967295,0,0
oInvCollPH,208,304,00191D5F,0,1,1,4294967295,0,0
oInvCollPH,208,320,0013D087,0,1,1,4294967295,0,0
oInvCollPH,208,336,000A1F9C,0,1,1,4294967295,0,0
oInvCollPH,208,352,000E4870,0,1,1,4294967295,0,0
oInvCollPH,224,352,001C7F03,0,1,1,4294967295,0,0
oInvCollPH,240,352,00140403,0,1,1,4294967295,0,0
oInvCollPH,256,352,0005A081,0,1,1,4294967295,0,0
oInvCollPH,272,352,002106EF,0,1,1,4294967295,0,0
oInvCollPH,272,336,001D3C06,0,1,1,4294967295,0,0
oInvCollPH,272,320,0037E624,0,1,1,4294967295,0,0
oInvCollPH,272,304,00033231,0,1,1,4294967295,0,0
oInvCollPH,272,288,0021164A,0,1,1,4294967295,0,0
oInvCollPH,144,208,00056C64,0,1,1,4294967295,0,0
oInvCollPH,160,208,00212BD6,0,1,1,4294967295,0,0
oInvCollPH,176,208,0029722F,0,1,1,4294967295,0,0
oInvCollPH,192,208,002A1D97,0,1,1,4294967295,0,0
oInvCollPH,208,208,00177F71,0,1,1,4294967295,0,0
oInvCollPH,208,224,00255AA3,0,1,1,4294967295,0,0
oInvCollPH,128,224,0005BB64,0,1,1,4294967295,0,0
oInvCollPH,144,224,0025D5CC,0,1,1,4294967295,0,0
oInvCollPH,160,224,000AF961,0,1,1,4294967295,0,0
oInvCollPH,400,256,000D09F6,0,1,1,4294967295,0,0
oInvCollPH,416,256,002D3A40,0,1,1,4294967295,0,0
oInvCollPH,464,240,0034CD99,0,1,1,4294967295,0,0
oInvCollPH,480,240,00132341,0,1,1,4294967295,0,0
oInvCollPH,496,240,001CC183,0,1,1,4294967295,0,0
oInvCollPH,512,240,003D451E,0,1,1,4294967295,0,0
oInvCollPH,528,240,00068D2E,0,1,1,4294967295,0,0
oInvCollPH,544,240,00168656,0,1,1,4294967295,0,0
oInvCollPH,512,256,0019A800,0,1,1,4294967295,0,0
oInvCollPH,528,256,00159DBA,0,1,1,4294967295,0,0
oInvCollPH,544,256,0003514A,0,1,1,4294967295,0,0
oInvCollPH,560,240,0035AD66,0,1,1,4294967295,0,0
oInvCollPH,576,240,00153D58,0,1,1,4294967295,0,0
oInvCollPH,592,240,002B0048,0,1,1,4294967295,0,0
oInvCollPH,608,240,0031CF78,0,1,1,4294967295,0,0
oInvCollPH,608,256,00094783,0,1,1,4294967295,0,0
oInvCollPH,272,224,0013DDDF,0,1,1,4294967295,0,0
oInvCollPH,288,208,00241A7E,0,1,1,4294967295,0,0
oInvCollPH,304,208,001BA651,0,1,1,4294967295,0,0
oInvCollPH,320,208,00169260,0,1,1,4294967295,0,0
oInvCollPH,336,208,0036E854,0,1,1,4294967295,0,0
oInvCollPH,352,208,0008B0A8,0,1,1,4294967295,0,0
oInvCollPH,368,208,004019F2,0,1,1,4294967295,0,0
oInvCollPH,384,208,003F3713,0,1,1,4294967295,0,0
oInvCollPH,400,208,00201628,0,1,1,4294967295,0,0
oInvCollPH,416,208,00118B0C,0,1,1,4294967295,0,0
oInvCollPH,432,208,002EA59F,0,1,1,4294967295,0,0
oInvCollPH,448,208,000D098C,0,1,1,4294967295,0,0
oInvCollPH,448,224,0017DAD1,0,1,1,4294967295,0,0
oInvCollPH,384,224,003D7192,0,1,1,4294967295,0,0
oInvCollPH,368,224,004026C1,0,1,1,4294967295,0,0
oInvCollPH,352,224,0003BC36,0,1,1,4294967295,0,0
oInvCollPH,336,224,000968D2,0,1,1,4294967295,0,0
oInvCollPH,320,224,001EB67B,0,1,1,4294967295,0,0
oInvCollPH,304,224,0026109D,0,1,1,4294967295,0,0
oInvCollPH,288,224,002F4ECE,0,1,1,4294967295,0,0
oInvCollPH,176,256,003FBB92,0,1,1,4294967295,0,0
oInvCollPH,176,272,0025B9FD,0,1,1,4294967295,0,0
oInvCollPH,192,272,00252A57,0,1,1,4294967295,0,0
oInvCollPH,272,272,003F0777,0,1,1,4294967295,0,0
oInvCollPH,272,256,0016688A,0,1,1,4294967295,0,0
oInvCollPH,272,240,0036B956,0,1,1,4294967295,0,0
oInvCollPH,256,240,0015603B,0,1,1,4294967295,0,0
oInvCollPH,240,240,0006ADDB,0,1,1,4294967295,0,0
oInvCollPH,224,240,002B68D0,0,1,1,4294967295,0,0
oInvCollPH,16,288,00331AE8,0,1,1,4294967295,0,0
oInvCollPH,16,304,001A104A,0,1,1,4294967295,0,0
oInvCollPH,0,304,0010A920,0,1,1,4294967295,0,0
oInvCollPH,368,432,001FFEB0,0,1,1,4294967295,0,0
oInvCollPH,368,448,0026A3A6,0,1,1,4294967295,0,0
oInvCollPH,368,464,000E74A0,0,1,1,4294967295,0,0
oInvCollPH,368,480,0039BD95,0,1,1,4294967295,0,0
oInvCollPH,368,496,0018D91C,0,1,1,4294967295,0,0
oInvCollPH,368,512,001B9929,0,1,1,4294967295,0,0
oInvCollPH,320,528,0038096A,0,1,1,4294967295,0,0
oInvCollPH,320,512,0025A9C3,0,1,1,4294967295,0,0
oInvCollPH,320,496,002DF9F1,0,1,1,4294967295,0,0
oInvCollPH,320,480,00297511,0,1,1,4294967295,0,0
oInvCollPH,320,464,001A6D31,0,1,1,4294967295,0,0
oInvCollPH,320,416,002612F2,0,1,1,4294967295,0,0
oInvCollPH,320,400,0013EC2F,0,1,1,4294967295,0,0
oInvCollPH,320,384,002079E4,0,1,1,4294967295,0,0
oInvCollPH,320,368,0020FA7C,0,1,1,4294967295,0,0
oInvCollPH,320,352,003C247B,0,1,1,4294967295,0,0
oInvCollPH,368,416,0016829B,0,1,1,4294967295,0,0
oInvCollPH,368,400,0006813A,0,1,1,4294967295,0,0
oInvCollPH,368,384,00166137,0,1,1,4294967295,0,0
oInvCollPH,368,368,00333882,0,1,1,4294967295,0,0
oInvCollPH,368,352,00085EE5,0,1,1,4294967295,0,0
oInvCollPH,368,336,0026A032,0,1,1,4294967295,0,0
oInvCollPH,352,336,003FC166,0,1,1,4294967295,0,0
oInvCollPH,336,336,001EBF5F,0,1,1,4294967295,0,0
oInvCollPH,32,272,0022B22C,0,1,1,4294967295,0,0
oInvCollPH,48,272,0005E05F,0,1,1,4294967295,0,0
oInvCollPH,48,256,0034D03B,0,1,1,4294967295,0,0
oInvCollPH,48,240,00151D88,0,1,1,4294967295,0,0
oInvCollPH,48,224,00180B79,0,1,1,4294967295,0,0
oInvCollPH,48,208,002467AD,0,1,1,4294967295,0,0
oInvCollPH,48,192,00294672,0,1,1,4294967295,0,0
oInvCollPH,16,160,00138729,0,1,1,4294967295,0,0
oInvCollPH,32,160,0035813C,0,1,1,4294967295,0,0
oInvCollPH,48,160,0037008E,0,1,1,4294967295,0,0
oInvCollPH,64,160,00218C95,0,1,1,4294967295,0,0
oInvCollPH,64,176,0005D3E1,0,1,1,4294967295,0,0
oInvCollPH,0,80,00345718,0,1,1,4294967295,0,0
oInvCollPH,16,80,0025121E,0,1,1,4294967295,0,0
oInvCollPH,32,80,003D9E9E,0,1,1,4294967295,0,0
oInvCollPH,48,80,00382053,0,1,1,4294967295,0,0
oInvCollPH,48,64,000B94ED,0,1,1,4294967295,0,0
oInvCollPH,48,48,000BC41A,0,1,1,4294967295,0,0
oInvCollPH,48,32,00314AA2,0,1,1,4294967295,0,0
oInvCollPH,64,16,003C335E,0,1,1,4294967295,0,0
oInvCollPH,80,16,0013BAE0,0,1,1,4294967295,0,0
oInvCollPH,96,16,0016F6B4,0,1,1,4294967295,0,0
oInvCollPH,112,16,00332845,0,1,1,4294967295,0,0
oInvCollPH,128,16,0009C5D7,0,1,1,4294967295,0,0
oInvCollPH,144,16,0008D8E9,0,1,1,4294967295,0,0
oInvCollPH,160,16,00123B52,0,1,1,4294967295,0,0
oInvCollPH,176,16,0014FB53,0,1,1,4294967295,0,0
oInvCollPH,192,16,001E2442,0,1,1,4294967295,0,0
oInvCollPH,208,16,0039A6B3,0,1,1,4294967295,0,0
oInvCollPH,224,16,000E9056,0,1,1,4294967295,0,0
oInvCollPH,240,16,0008D0C7,0,1,1,4294967295,0,0
oInvCollPH,256,16,0034578B,0,1,1,4294967295,0,0
oInvCollPH,272,16,0008FE30,0,1,1,4294967295,0,0
oInvCollPH,288,16,0013F8AF,0,1,1,4294967295,0,0
oInvCollPH,304,16,00160EDD,0,1,1,4294967295,0,0
oInvCollPH,320,16,003E9236,0,1,1,4294967295,0,0
oInvCollPH,336,16,0026083B,0,1,1,4294967295,0,0
oInvCollPH,352,16,003A1647,0,1,1,4294967295,0,0
oInvCollPH,368,16,000FE566,0,1,1,4294967295,0,0
oInvCollPH,384,16,00224BA2,0,1,1,4294967295,0,0
oInvCollPH,400,16,00137DF0,0,1,1,4294967295,0,0
oInvCollPH,416,16,0025A777,0,1,1,4294967295,0,0
oInvCollPH,432,16,000818CD,0,1,1,4294967295,0,0
oInvCollPH,448,16,00202AF0,0,1,1,4294967295,0,0
oInvCollPH,464,16,000B16D1,0,1,1,4294967295,0,0
oInvCollPH,480,16,003C7D7A,0,1,1,4294967295,0,0
oInvCollPH,496,16,0007CDB0,0,1,1,4294967295,0,0
oInvCollPH,512,16,001CC1A0,0,1,1,4294967295,0,0
oInvCollPH,528,16,00081A0D,0,1,1,4294967295,0,0
oInvCollPH,544,16,002A043D,0,1,1,4294967295,0,0
oInvCollPH,560,16,002A9205,0,1,1,4294967295,0,0
oInvCollPH,576,16,0013A2E9,0,1,1,4294967295,0,0
oInvCollPH,592,16,0020B521,0,1,1,4294967295,0,0
oInvCollPH,608,16,00297197,0,1,1,4294967295,0,0
oInvCollPH,624,16,00056D8A,0,1,1,4294967295,0,0
oInvCollPH,640,16,0009FBC8,0,1,1,4294967295,0,0
oInvCollPH,656,16,001ECBC9,0,1,1,4294967295,0,0
oInvCollPH,672,16,000F0118,0,1,1,4294967295,0,0
oInvCollPH,688,16,00180879,0,1,1,4294967295,0,0
oInvCollPH,704,16,002866CC,0,1,1,4294967295,0,0
oInvCollPH,720,16,001D3A5D,0,1,1,4294967295,0,0
oInvCollPH,736,16,0023C830,0,1,1,4294967295,0,0
oInvCollPH,752,16,000D1358,0,1,1,4294967295,0,0
oInvCollPH,768,16,00321A82,0,1,1,4294967295,0,0
oInvCollPH,784,16,003A6271,0,1,1,4294967295,0,0
oInvCollPH,800,32,002F1221,0,1,1,4294967295,0,0
oInvCollPH,800,48,002C0E61,0,1,1,4294967295,0,0
oInvCollPH,816,48,00227020,0,1,1,4294967295,0,0
oInvCollPH,832,48,0003B849,0,1,1,4294967295,0,0
oInvCollPH,848,48,00201C48,0,1,1,4294967295,0,0
oInvCollPH,864,48,0020E81D,0,1,1,4294967295,0,0
oInvCollPH,880,48,00059EBE,0,1,1,4294967295,0,0
oInvCollPH,896,48,00100F6D,0,1,1,4294967295,0,0
oInvCollPH,912,48,0014AC78,0,1,1,4294967295,0,0
oInvCollPH,928,48,001A0765,0,1,1,4294967295,0,0
oInvCollPH,944,48,0034F57B,0,1,1,4294967295,0,0
oInvCollPH,960,48,000538ED,0,1,1,4294967295,0,0
oInvCollPH,976,48,000BD9DE,0,1,1,4294967295,0,0
oInvCollPH,992,48,00030A6B,0,1,1,4294967295,0,0
oInvCollPH,1008,48,002B94C0,0,1,1,4294967295,0,0
oInvCollPH,1024,48,0023DFDB,0,1,1,4294967295,0,0
oInvCollPH,1040,48,00250232,0,1,1,4294967295,0,0
oInvCollPH,1056,48,003AFCE9,0,1,1,4294967295,0,0
oInvCollPH,1072,48,003F710F,0,1,1,4294967295,0,0
oInvCollPH,1088,48,0035CB01,0,1,1,4294967295,0,0
oInvCollPH,1104,48,001871CD,0,1,1,4294967295,0,0
oInvCollPH,1120,48,002D0266,0,1,1,4294967295,0,0
oInvCollPH,1136,48,000EB909,0,1,1,4294967295,0,0
oInvCollPH,1152,48,001637F3,0,1,1,4294967295,0,0
oInvCollPH,1168,48,002B429F,0,1,1,4294967295,0,0
oInvCollPH,1184,48,000C5059,0,1,1,4294967295,0,0
oInvCollPH,1200,48,000FCA77,0,1,1,4294967295,0,0
oInvCollPH,1216,48,00155D08,0,1,1,4294967295,0,0
oInvCollPH,1232,48,0029973F,0,1,1,4294967295,0,0
oInvCollPH,1248,48,00385B62,0,1,1,4294967295,0,0
oInvCollPH,1264,48,0033F3CB,0,1,1,4294967295,0,0
oInvCollPH,1280,48,0008C117,0,1,1,4294967295,0,0
oInvCollPH,1296,48,000A406E,0,1,1,4294967295,0,0
oInvCollPH,1312,48,00264BA4,0,1,1,4294967295,0,0
oInvCollPH,1328,48,00291456,0,1,1,4294967295,0,0
oInvCollPH,1344,48,002EEC5D,0,1,1,4294967295,0,0
oInvCollPH,1360,48,00287C7C,0,1,1,4294967295,0,0
oInvCollPH,1376,48,003E8C5D,0,1,1,4294967295,0,0
oInvCollPH,1392,48,000FCE74,0,1,1,4294967295,0,0
oInvCollPH,1408,48,001530CA,0,1,1,4294967295,0,0
oInvCollPH,1424,48,0011B0BA,0,1,1,4294967295,0,0
oInvCollPH,1440,48,00222944,0,1,1,4294967295,0,0
oInvCollPH,1456,48,000B819F,0,1,1,4294967295,0,0
oInvCollPH,1472,48,0007974C,0,1,1,4294967295,0,0
oInvCollPH,1488,48,003AF068,0,1,1,4294967295,0,0
oInvCollPH,1504,48,002A9584,0,1,1,4294967295,0,0
oInvCollPH,1520,48,0024B06C,0,1,1,4294967295,0,0
oInvCollPH,1536,48,00186DC1,0,1,1,4294967295,0,0
oInvCollPH,1552,48,00362C05,0,1,1,4294967295,0,0
oInvCollPH,1568,48,00384228,0,1,1,4294967295,0,0
oInvCollPH,1584,48,00044AE8,0,1,1,4294967295,0,0
oInvCollPH,1600,48,0026409C,0,1,1,4294967295,0,0
oInvCollPH,1616,48,001D8586,0,1,1,4294967295,0,0
oInvCollPH,1632,48,003FF6B6,0,1,1,4294967295,0,0
oInvCollPH,1648,48,0020A543,0,1,1,4294967295,0,0
oInvCollPH,1664,48,00125AB2,0,1,1,4294967295,0,0
oInvCollPH,1680,48,002E2E89,0,1,1,4294967295,0,0
oInvCollPH,1696,48,000F199C,0,1,1,4294967295,0,0
oInvCollPH,1712,48,003E83B3,0,1,1,4294967295,0,0
oInvCollPH,1728,48,002ACE77,0,1,1,4294967295,0,0
oInvCollPH,1744,48,00238F7E,0,1,1,4294967295,0,0
oInvCollPH,1760,48,0013EA77,0,1,1,4294967295,0,0
oInvCollPH,1776,48,000283A6,0,1,1,4294967295,0,0
oInvCollPH,1792,48,00192835,0,1,1,4294967295,0,0
oInvCollPH,1808,48,0033D048,0,1,1,4294967295,0,0
oInvCollPH,1824,48,0001289D,0,1,1,4294967295,0,0
oInvCollPH,1840,48,00183BDF,0,1,1,4294967295,0,0
oInvCollPH,320,544,003D23B2,0,1,1,4294967295,0,0
oInvCollPH,320,560,0018C3B5,0,1,1,4294967295,0,0
oInvCollPH,320,576,003DA805,0,1,1,4294967295,0,0
oInvCollPH,320,592,0001B256,0,1,1,4294967295,0,0
oInvCollPH,368,528,00207553,0,1,1,4294967295,0,0
oInvCollPH,368,544,0028AF99,0,1,1,4294967295,0,0
oInvCollPH,368,560,00141692,0,1,1,4294967295,0,0
oInvCollPH,368,576,003EBA22,0,1,1,4294967295,0,0
oInvCollPH,368,592,000D6291,0,1,1,4294967295,0,0
oInvCollPH,688,400,0008F817,0,1,1,4294967295,0,0
oInvCollPH,688,416,003664A3,0,1,1,4294967295,0,0
oInvCollPH,464,384,0039A9EF,0,1,1,4294967295,0,0
oInvisibleSolid,1856,416,0014CE34,0,1,1,4294967295,0,1
oInvisibleLupSlope,1728,480,001F6A77,0,1,1,4294967295,0,0
oInvisibleLupSlope,1744,496,00254AFF,0,1,1,4294967295,0,0
oInvisibleLupSlope,1760,512,000968F1,0,1,1,4294967295,0,0
oInvisibleLupSlope,1776,528,002ACB30,0,1,1,4294967295,0,0
oInvisibleSolid,1728,496,002AEB6A,0,1,1,4294967295,0,0
oInvisibleSolid,1552,480,0031C27F,0,1,1,4294967295,0,1
oInvisibleSolid,1600,544,00193376,0,1,1,4294967295,0,1
oInvisibleSolid,1760,528,000B4129,0,1,1,4294967295,0,0
oInvisibleSolid,1600,512,00082165,0,1,1,4294967295,0,1
oInvisibleSolid,1616,576,000A71C5,0,1,1,4294967295,0,0
oInvisibleSolid,1632,576,001EA952,0,1,1,4294967295,0,1
oInvisibleSolid,976,464,002B0C55,0,1,1,4294967295,0,1
oInvisibleSolid,1776,192,002E5EE8,0,1,1,4294967295,0,1
oInvisibleSolid,1792,224,00271D8E,0,1,1,4294967295,0,1
oInvisibleSolid,1808,288,00183094,0,1,1,4294967295,0,1
oInvisibleSolid,1280,176,00047ACD,0,1,1,4294967295,0,1
oInvisibleSolid,1408,208,0001B208,0,1,1,4294967295,0,1
oInvisibleSolid,1440,240,0026815B,0,1,1,4294967295,0,1
oInvisibleSolid,1440,224,00171067,0,1,1,4294967295,0,1
oInvisibleSolid,1504,224,00294EA1,0,1,1,4294967295,0,1
oInvisibleSolid,1856,64,0030064B,0,1,1,4294967295,0,1
oInvisibleSolid,560,272,0010316B,0,1,1,4294967295,0,1
oInvisibleSolid,672,304,002DC45F,0,1,1,4294967295,0,1
oInvisibleSolid,672,400,0004402A,0,1,1,4294967295,0,1
oInvisibleSolid,528,384,000E42FF,0,1,1,4294967295,0,1
oInvisibleSolid,432,272,0030BDBB,0,1,1,4294967295,0,1
oInvisibleSolid,432,400,00292476,0,1,1,4294967295,0,1
oInvisibleSolid,400,496,0016D0F9,0,1,1,4294967295,0,1
oInvisibleSolid,400,240,000FAA5D,0,1,1,4294967295,0,1
oInvisibleSolid,272,208,001BB1C3,0,1,1,4294967295,0,1
oInvisibleSolid,128,208,000C766A,0,1,1,4294967295,0,1
oInvisibleSolid,176,240,003CFF58,0,1,1,4294967295,0,1
oInvisibleSolid,208,288,002C3FBD,0,1,1,4294967295,0,1
oInvisibleSolid,320,336,00323315,0,1,1,4294967295,0,1
oInvisibleSolid,176,432,001609DF,0,1,1,4294967295,0,1
oInvisibleSolid,0,288,0020BA0E,0,1,1,4294967295,0,1
oInvisibleSolid,0,192,002BDA4C,0,1,1,4294967295,0,1
oInvisibleSolid,0,160,0012FE43,0,1,1,4294967295,0,1
oInvisibleSolid,0,32,0023315F,0,1,1,4294967295,0,1
oInvisibleSolid,0,0,000E1001,0,1,1,4294967295,0,1
oInvisibleSolid,800,0,0012ED5F,0,1,1,4294967295,0,1
oInvisibleSolid,432,320,0035BC9C,0,1,1,4294967295,0,1
