oExit,0,1328,00318098,0,1,1,4294967295,0,1
oExit,0,64,003043A7,0,1,1,4294967295,0,1
oExit,416,32,0028A311,0,1,1,4294967295,0,1
oMetroidCheckpoint,128,1328,0004AF1A,0,1,1,4294967295,0,0
oMetGeemer,96,624,001B4FAC,0,1,1,4294967295,0,1
oMetGeemer,96,1088,00049C69,0,1,1,4294967295,0,1
oMetSkree,192,496,002D9344,0,1,1,4294967295,0,0
oPlayer1,64,1360,00005925,0,1,1,4294967295,0,0
oMetroidDoorHolder,16,1328,0031015E,0,1,1,4294967295,0,1
oMetroidDoorHolder,16,64,00332B64,0,1,1,4294967295,0,1
oMetFireFlea,320,1216,002C1FBB,0,1,1,4294967295,0,1
oMetFireFlea,320,1264,001B99AF,0,1,1,4294967295,0,1
oMetFireFlea,256,1088,0037E262,0,1,1,4294967295,0,1
oMetFireFlea,160,1104,00021066,0,1,1,4294967295,0,1
oMetFireFlea,112,992,0025EBEE,0,1,1,4294967295,0,1
oMetFireFlea,240,964,00004E71,0,1,1,4294967295,0,1
oMetFireFlea,336,988,003EFC54,0,1,1,4294967295,0,1
oMetFireFlea,256,848,001E746D,0,1,1,4294967295,0,1
oMetFireFlea,256,736,0036D7CD,0,1,1,4294967295,0,1
oMetFireFlea,368,736,0028F8A2,0,1,1,4294967295,0,1
oMetFireFlea,400,632,003C189C,0,1,1,4294967295,0,1
oMetFireFlea,336,704,00109F02,0,1,1,4294967295,0,1
oMetFireFlea,272,632,0004C067,0,1,1,4294967295,0,1
oMetFireFlea,304,560,001E3713,0,1,1,4294967295,0,1
oMetFireFlea,304,472,003E47C6,0,1,1,4294967295,0,1
oMetFireFlea,128,232,003A780F,0,1,1,4294967295,0,1
oMetFireFlea,272,128,00180F86,0,1,1,4294967295,0,1
oMetFireFlea,416,232,00197E1A,0,1,1,4294967295,0,1
oMetLava,0,1408,002E00E3,0,1,1,4294967295,0,1
oInvCollPH,352,1264,000AF05A,0,1,1,4294967295,0,0
oInvCollPH,352,1280,0005D69F,0,1,1,4294967295,0,0
oInvCollPH,368,1280,003CFB67,0,1,1,4294967295,0,0
oInvCollPH,384,1280,003564CC,0,1,1,4294967295,0,0
oInvCollPH,384,1264,00034D69,0,1,1,4294967295,0,0
oInvCollPH,384,1248,002CF64B,0,1,1,4294967295,0,0
oInvCollPH,368,1248,00171E38,0,1,1,4294967295,0,0
oInvCollPH,176,304,001FEA59,0,1,1,4294967295,0,0
oInvCollPH,192,304,0035B88D,0,1,1,4294967295,0,0
oInvCollPH,192,288,00068746,0,1,1,4294967295,0,0
oInvCollPH,256,224,00131B67,0,1,1,4294967295,0,0
oInvCollPH,272,224,002CE53E,0,1,1,4294967295,0,0
oInvCollPH,272,208,002156AA,0,1,1,4294967295,0,0
oInvCollPH,176,144,000C82C8,0,1,1,4294967295,0,0
oInvCollPH,192,144,0039D350,0,1,1,4294967295,0,0
oInvCollPH,192,128,003C50EB,0,1,1,4294967295,0,0
oInvCollPH,336,144,00350B2E,0,1,1,4294967295,0,0
oInvCollPH,352,144,0026077C,0,1,1,4294967295,0,0
oInvCollPH,352,128,002AD813,0,1,1,4294967295,0,0
oInvCollPH,336,304,001AC404,0,1,1,4294967295,0,0
oInvCollPH,352,304,00066394,0,1,1,4294967295,0,0
oInvCollPH,352,288,002E17EC,0,1,1,4294967295,0,0
oInvCollPH,0,16,002FA11E,0,1,1,4294967295,0,0
oInvCollPH,16,16,00199DAF,0,1,1,4294967295,0,0
oInvCollPH,32,16,003BBFF4,0,1,1,4294967295,0,0
oInvCollPH,48,16,003475EA,0,1,1,4294967295,0,0
oInvCollPH,64,16,002EFF96,0,1,1,4294967295,0,0
oInvCollPH,80,16,0025D6DB,0,1,1,4294967295,0,0
oInvCollPH,96,16,0039D5E3,0,1,1,4294967295,0,0
oInvCollPH,112,16,002D1522,0,1,1,4294967295,0,0
oInvCollPH,128,16,00258FE5,0,1,1,4294967295,0,0
oInvCollPH,144,16,00083BEA,0,1,1,4294967295,0,0
oInvCollPH,160,16,003A1819,0,1,1,4294967295,0,0
oInvCollPH,176,16,0018A666,0,1,1,4294967295,0,0
oInvCollPH,192,16,0027FD08,0,1,1,4294967295,0,0
oInvCollPH,208,16,001BC0B0,0,1,1,4294967295,0,0
oInvCollPH,224,16,003978B9,0,1,1,4294967295,0,0
oInvCollPH,240,16,000BBE17,0,1,1,4294967295,0,0
oInvCollPH,256,16,0012D145,0,1,1,4294967295,0,0
oInvCollPH,272,16,0015E889,0,1,1,4294967295,0,0
oInvCollPH,288,16,00087974,0,1,1,4294967295,0,0
oInvCollPH,304,16,0019A02C,0,1,1,4294967295,0,0
oInvCollPH,320,16,00159609,0,1,1,4294967295,0,0
oInvCollPH,336,16,0020A43E,0,1,1,4294967295,0,0
oInvCollPH,352,16,0019F06B,0,1,1,4294967295,0,0
oInvCollPH,368,16,00158501,0,1,1,4294967295,0,0
oInvCollPH,384,16,00381377,0,1,1,4294967295,0,0
oInvCollPH,400,16,0013E071,0,1,1,4294967295,0,0
oInvCollPH,416,16,000CBBE8,0,1,1,4294967295,0,0
oInvCollPH,448,448,000DEDDC,0,1,1,4294967295,0,0
oInvCollPH,448,464,002C13DD,0,1,1,4294967295,0,0
oInvCollPH,448,480,002C2445,0,1,1,4294967295,0,0
oInvCollPH,448,496,000663F7,0,1,1,4294967295,0,0
oInvCollPH,368,576,0005F11B,0,1,1,4294967295,0,0
oInvCollPH,352,608,001A4F3C,0,1,1,4294967295,0,0
oInvCollPH,368,608,0021B0AA,0,1,1,4294967295,0,0
oInvCollPH,192,592,00373F40,0,1,1,4294967295,0,0
oInvCollPH,208,592,0008BAEE,0,1,1,4294967295,0,0
oInvCollPH,224,592,002F0191,0,1,1,4294967295,0,0
oInvCollPH,240,592,0038FDF6,0,1,1,4294967295,0,0
oInvCollPH,176,608,00019BCF,0,1,1,4294967295,0,0
oInvCollPH,192,608,003EAC0E,0,1,1,4294967295,0,0
oInvCollPH,208,608,001DF2CC,0,1,1,4294967295,0,0
oInvCollPH,224,608,00088F8F,0,1,1,4294967295,0,0
oInvCollPH,240,608,0014761D,0,1,1,4294967295,0,0
oInvCollPH,272,560,002ABC65,0,1,1,4294967295,0,0
oInvCollPH,288,560,0028ECC1,0,1,1,4294967295,0,0
oInvCollPH,304,560,0027A71E,0,1,1,4294967295,0,0
oInvCollPH,320,560,004030CA,0,1,1,4294967295,0,0
oInvCollPH,336,560,003C38DC,0,1,1,4294967295,0,0
oInvCollPH,256,576,000A1C50,0,1,1,4294967295,0,0
oInvCollPH,256,608,0003E263,0,1,1,4294967295,0,0
oInvCollPH,272,608,0027245F,0,1,1,4294967295,0,0
oInvCollPH,288,608,003A12B8,0,1,1,4294967295,0,0
oInvCollPH,304,608,0014EF05,0,1,1,4294967295,0,0
oInvCollPH,320,608,0018A98B,0,1,1,4294967295,0,0
oInvCollPH,336,608,0029D146,0,1,1,4294967295,0,0
oInvCollPH,224,400,00154D39,0,1,1,4294967295,0,0
oInvCollPH,240,400,0001D4E5,0,1,1,4294967295,0,0
oInvCollPH,256,400,00021850,0,1,1,4294967295,0,0
oInvCollPH,272,400,000AA670,0,1,1,4294967295,0,0
oInvCollPH,288,400,000F9FB0,0,1,1,4294967295,0,0
oInvCollPH,304,400,000BD1E4,0,1,1,4294967295,0,0
oInvCollPH,320,400,001867C5,0,1,1,4294967295,0,0
oInvCollPH,336,400,002B7E6B,0,1,1,4294967295,0,0
oInvCollPH,352,416,001340E9,0,1,1,4294967295,0,0
oInvCollPH,352,432,00061B80,0,1,1,4294967295,0,0
oInvCollPH,336,448,002BB3BE,0,1,1,4294967295,0,0
oInvCollPH,320,448,0004D98D,0,1,1,4294967295,0,0
oInvCollPH,304,448,0010D555,0,1,1,4294967295,0,0
oInvCollPH,288,448,00145ADA,0,1,1,4294967295,0,0
oInvCollPH,272,448,003BD257,0,1,1,4294967295,0,0
oInvCollPH,256,448,00259884,0,1,1,4294967295,0,0
oInvCollPH,240,448,001CC97F,0,1,1,4294967295,0,0
oInvCollPH,224,448,0014BA79,0,1,1,4294967295,0,0
oInvCollPH,208,448,00302290,0,1,1,4294967295,0,0
oInvCollPH,16,96,002AE6E5,0,1,1,4294967295,0,0
oInvCollPH,32,96,00031603,0,1,1,4294967295,0,0
oInvCollPH,48,96,001A38CC,0,1,1,4294967295,0,0
oInvCollPH,64,96,0015A17C,0,1,1,4294967295,0,0
oInvCollPH,80,96,00060DA0,0,1,1,4294967295,0,0
oInvCollPH,96,96,00039CD4,0,1,1,4294967295,0,0
oInvCollPH,96,112,003F44CE,0,1,1,4294967295,0,0
oInvCollPH,96,128,002DAB7A,0,1,1,4294967295,0,0
oInvCollPH,96,144,00204F7E,0,1,1,4294967295,0,0
oInvCollPH,80,144,000B67CF,0,1,1,4294967295,0,0
oInvCollPH,64,160,003AB3F3,0,1,1,4294967295,0,0
oInvCollPH,64,176,002765A9,0,1,1,4294967295,0,0
oInvCollPH,64,192,00217293,0,1,1,4294967295,0,0
oInvCollPH,64,208,0038BF0C,0,1,1,4294967295,0,0
oInvCollPH,64,224,003E495B,0,1,1,4294967295,0,0
oInvCollPH,64,304,0030B957,0,1,1,4294967295,0,0
oInvCollPH,64,288,002C1804,0,1,1,4294967295,0,0
oInvCollPH,64,272,001D27F8,0,1,1,4294967295,0,0
oInvCollPH,64,256,000FD34D,0,1,1,4294967295,0,0
oInvCollPH,64,240,00341664,0,1,1,4294967295,0,0
oInvCollPH,64,384,0001CDC3,0,1,1,4294967295,0,0
oInvCollPH,64,368,00140673,0,1,1,4294967295,0,0
oInvCollPH,64,352,0040351F,0,1,1,4294967295,0,0
oInvCollPH,64,336,00212F5B,0,1,1,4294967295,0,0
oInvCollPH,64,320,001A5D0F,0,1,1,4294967295,0,0
oInvCollPH,144,400,000BB511,0,1,1,4294967295,0,0
oInvCollPH,128,400,002A790E,0,1,1,4294967295,0,0
oInvCollPH,112,400,00001D67,0,1,1,4294967295,0,0
oInvCollPH,96,400,0039105A,0,1,1,4294967295,0,0
oInvCollPH,80,400,003ADEFE,0,1,1,4294967295,0,0
oInvCollPH,160,400,003190F3,0,1,1,4294967295,0,0
oInvCollPH,176,400,00348CB6,0,1,1,4294967295,0,0
oInvCollPH,192,400,0019C558,0,1,1,4294967295,0,0
oInvCollPH,192,464,002F8C81,0,1,1,4294967295,0,0
oInvCollPH,192,480,00370B34,0,1,1,4294967295,0,0
oInvCollPH,176,480,0017D7FB,0,1,1,4294967295,0,0
oInvCollPH,160,480,003CC256,0,1,1,4294967295,0,0
oInvCollPH,144,480,0032A18A,0,1,1,4294967295,0,0
oInvCollPH,128,480,003BCB2B,0,1,1,4294967295,0,0
oInvCollPH,112,496,003B422B,0,1,1,4294967295,0,0
oInvCollPH,112,512,002A7E34,0,1,1,4294967295,0,0
oInvCollPH,112,528,001C57DF,0,1,1,4294967295,0,0
oInvCollPH,112,544,003A7B91,0,1,1,4294967295,0,0
oInvCollPH,112,560,00066E2B,0,1,1,4294967295,0,0
oInvCollPH,96,560,00218ADA,0,1,1,4294967295,0,0
oInvCollPH,80,576,001C5D47,0,1,1,4294967295,0,0
oInvCollPH,80,592,0028576B,0,1,1,4294967295,0,0
oInvCollPH,80,608,001C1093,0,1,1,4294967295,0,0
oInvCollPH,80,624,003201EB,0,1,1,4294967295,0,0
oInvCollPH,80,640,0031125E,0,1,1,4294967295,0,0
oInvCollPH,80,656,001487B9,0,1,1,4294967295,0,0
oInvCollPH,160,784,002B237B,0,1,1,4294967295,0,0
oInvCollPH,176,784,002B9FD2,0,1,1,4294967295,0,0
oInvCollPH,192,784,000A5500,0,1,1,4294967295,0,0
oInvCollPH,208,784,0002908C,0,1,1,4294967295,0,0
oInvCollPH,224,784,00111D21,0,1,1,4294967295,0,0
oInvCollSM,304,880,000F010C,0,1,1,4294967295,0,0
oInvCollSM,320,880,003A8F83,0,1,1,4294967295,0,0
oInvCollSM,336,880,000515E7,0,1,1,4294967295,0,0
oInvCollSM,160,752,003B9FDB,0,1,1,4294967295,0,0
oInvCollSM,176,752,00402985,0,1,1,4294967295,0,0
oInvCollSM,192,752,002BFCB9,0,1,1,4294967295,0,0
oInvCollSM,208,752,003F94A3,0,1,1,4294967295,0,0
oInvCollSM,288,752,000B4044,0,1,1,4294967295,0,0
oInvCollSM,272,752,0007B8A7,0,1,1,4294967295,0,0
oInvCollSM,256,752,002D4C0F,0,1,1,4294967295,0,0
oInvCollSM,240,752,00052E4E,0,1,1,4294967295,0,0
oInvCollSM,224,752,0010E7AA,0,1,1,4294967295,0,0
oInvCollSM,304,752,00081610,0,1,1,4294967295,0,0
oInvCollSM,320,752,00285D53,0,1,1,4294967295,0,0
oInvCollSM,336,752,00200AC2,0,1,1,4294967295,0,0
oInvCollSM,352,752,0040040B,0,1,1,4294967295,0,0
oInvCollSM,368,752,000BFE6A,0,1,1,4294967295,0,0
oInvCollSM,384,752,0033DE19,0,1,1,4294967295,0,0
oInvCollSM,400,752,000F2B9A,0,1,1,4294967295,0,0
oInvCollSM,144,832,000F2F7F,0,1,1,4294967295,0,0
oInvCollSM,160,832,0036654E,0,1,1,4294967295,0,0
oInvCollSM,176,832,0037AE97,0,1,1,4294967295,0,0
oInvCollSM,192,832,0009C311,0,1,1,4294967295,0,0
oInvCollSM,224,864,001C93E7,0,1,1,4294967295,0,0
oInvCollSM,240,864,0030C856,0,1,1,4294967295,0,0
oInvCollSM,256,864,002AA83E,0,1,1,4294967295,0,0
oInvCollSM,272,864,00201840,0,1,1,4294967295,0,0
oInvCollSM,352,864,002E69B9,0,1,1,4294967295,0,0
oInvCollPH,272,800,002EA656,0,1,1,4294967295,0,0
oInvCollPH,288,784,00327481,0,1,1,4294967295,0,0
oInvCollPH,304,784,001F81CA,0,1,1,4294967295,0,0
oInvCollPH,320,784,0015CB0A,0,1,1,4294967295,0,0
oInvCollPH,336,784,00355EB1,0,1,1,4294967295,0,0
oInvCollPH,352,784,003C288B,0,1,1,4294967295,0,0
oInvCollPH,352,800,00026806,0,1,1,4294967295,0,0
oInvCollPH,400,560,0012F45D,0,1,1,4294967295,0,0
oInvCollPH,416,560,003FAFE4,0,1,1,4294967295,0,0
oInvCollPH,384,608,00043ACF,0,1,1,4294967295,0,0
oInvCollPH,400,608,001B8C21,0,1,1,4294967295,0,0
oInvCollPH,416,608,001EE250,0,1,1,4294967295,0,0
oInvCollPH,432,528,002BC662,0,1,1,4294967295,0,0
oInvCollPH,432,544,001910F5,0,1,1,4294967295,0,0
oInvCollPH,432,608,002E68D1,0,1,1,4294967295,0,0
oInvCollPH,144,672,00369487,0,1,1,4294967295,0,0
oInvCollPH,128,672,002E67FF,0,1,1,4294967295,0,0
oInvCollPH,112,672,0002479E,0,1,1,4294967295,0,0
oInvCollPH,96,672,001AA482,0,1,1,4294967295,0,0
oInvCollPH,160,672,003C6A88,0,1,1,4294967295,0,0
oInvCollPH,176,672,0035BFA4,0,1,1,4294967295,0,0
oInvCollPH,192,672,0020302F,0,1,1,4294967295,0,0
oInvCollPH,208,672,000B490A,0,1,1,4294967295,0,0
oInvCollPH,224,672,002F7061,0,1,1,4294967295,0,0
oInvCollPH,224,688,0039011D,0,1,1,4294967295,0,0
oInvCollPH,80,720,00229135,0,1,1,4294967295,0,0
oInvCollPH,96,720,002CC415,0,1,1,4294967295,0,0
oInvCollPH,112,720,0006D4EC,0,1,1,4294967295,0,0
oInvCollPH,128,720,003E8AEE,0,1,1,4294967295,0,0
oInvCollPH,288,704,001457F6,0,1,1,4294967295,0,0
oInvCollPH,272,704,003D0D74,0,1,1,4294967295,0,0
oInvCollPH,256,704,0011836C,0,1,1,4294967295,0,0
oInvCollPH,240,704,0033A471,0,1,1,4294967295,0,0
oInvCollPH,144,736,001A3915,0,1,1,4294967295,0,0
oInvCollPH,304,704,0006D7AD,0,1,1,4294967295,0,0
oInvCollPH,320,704,0001500F,0,1,1,4294967295,0,0
oInvCollPH,336,704,003D7F86,0,1,1,4294967295,0,0
oInvCollPH,352,704,0000FFC3,0,1,1,4294967295,0,0
oInvCollPH,368,704,000B0F77,0,1,1,4294967295,0,0
oInvCollPH,384,704,001973A6,0,1,1,4294967295,0,0
oInvCollPH,400,704,0027B0BC,0,1,1,4294967295,0,0
oInvCollPH,400,720,003DFA4C,0,1,1,4294967295,0,0
oInvCollPH,400,736,00329E8A,0,1,1,4294967295,0,0
oInvCollPH,224,800,000496A7,0,1,1,4294967295,0,0
oInvCollPH,128,816,000B1DA3,0,1,1,4294967295,0,0
oInvCollPH,256,896,00245CAF,0,1,1,4294967295,0,0
oInvCollPH,240,896,002535E9,0,1,1,4294967295,0,0
oInvCollPH,224,896,0010EDC3,0,1,1,4294967295,0,0
oInvCollPH,208,896,0038E014,0,1,1,4294967295,0,0
oInvCollPH,336,912,00318BC7,0,1,1,4294967295,0,0
oInvCollPH,320,912,0006E449,0,1,1,4294967295,0,0
oInvCollPH,304,912,003E72CD,0,1,1,4294967295,0,0
oInvCollPH,288,912,00086003,0,1,1,4294967295,0,0
oInvCollPH,272,912,0023FEF0,0,1,1,4294967295,0,0
oInvCollPH,192,944,00341D6A,0,1,1,4294967295,0,0
oInvCollPH,208,944,000FC6D0,0,1,1,4294967295,0,0
oInvCollPH,224,944,0000E4F8,0,1,1,4294967295,0,0
oInvCollPH,240,944,002261B9,0,1,1,4294967295,0,0
oInvCollPH,256,944,00133E1C,0,1,1,4294967295,0,0
oInvCollPH,272,944,0000486C,0,1,1,4294967295,0,0
oInvCollPH,288,944,002776FA,0,1,1,4294967295,0,0
oInvCollPH,304,944,002C4A7C,0,1,1,4294967295,0,0
oInvCollPH,320,944,001ED543,0,1,1,4294967295,0,0
oInvCollPH,336,944,0009C27D,0,1,1,4294967295,0,0
oInvCollPH,352,944,0024BF3A,0,1,1,4294967295,0,0
oInvCollPH,368,944,00227CEE,0,1,1,4294967295,0,0
oInvCollPH,368,928,0032E776,0,1,1,4294967295,0,0
oInvCollPH,368,912,003F8620,0,1,1,4294967295,0,0
oInvCollPH,352,912,0028E94E,0,1,1,4294967295,0,0
oInvCollSM,368,864,0033F6D2,0,1,1,4294967295,0,0
oInvCollSM,384,864,00241F26,0,1,1,4294967295,0,0
oInvCollSM,400,864,000FD2AC,0,1,1,4294967295,0,0
oInvCollPH,208,848,002F658F,0,1,1,4294967295,0,0
oInvCollPH,240,816,000EE411,0,1,1,4294967295,0,0
oInvCollPH,256,816,00258517,0,1,1,4294967295,0,0
oInvCollPH,368,816,001C4793,0,1,1,4294967295,0,0
oInvCollPH,384,816,003B1B39,0,1,1,4294967295,0,0
oInvCollPH,448,640,000994E9,0,1,1,4294967295,0,0
oInvCollPH,448,656,003A38AA,0,1,1,4294967295,0,0
oInvCollPH,448,672,000F2CC0,0,1,1,4294967295,0,0
oInvCollPH,448,688,0018A287,0,1,1,4294967295,0,0
oInvCollPH,448,704,0029E3AB,0,1,1,4294967295,0,0
oInvCollPH,448,720,000BA84A,0,1,1,4294967295,0,0
oInvCollPH,448,736,00293129,0,1,1,4294967295,0,0
oInvCollPH,448,752,002733C9,0,1,1,4294967295,0,0
oInvCollPH,448,768,000960B5,0,1,1,4294967295,0,0
oInvCollPH,416,784,000C4CA9,0,1,1,4294967295,0,0
oInvCollPH,432,784,00035B18,0,1,1,4294967295,0,0
oInvCollPH,400,800,00340004,0,1,1,4294967295,0,0
oInvCollPH,416,976,0021E050,0,1,1,4294967295,0,0
oInvCollPH,416,960,0019A968,0,1,1,4294967295,0,0
oInvCollPH,416,944,001E6896,0,1,1,4294967295,0,0
oInvCollPH,416,928,000B0174,0,1,1,4294967295,0,0
oInvCollPH,416,912,00187E5A,0,1,1,4294967295,0,0
oInvCollPH,416,896,0029A56A,0,1,1,4294967295,0,0
oInvCollPH,416,880,001BC6EC,0,1,1,4294967295,0,0
oInvCollPH,176,992,002A82BE,0,1,1,4294967295,0,0
oInvCollPH,192,992,0039005E,0,1,1,4294967295,0,0
oInvCollPH,208,992,0016F853,0,1,1,4294967295,0,0
oInvCollPH,224,992,001A5AA2,0,1,1,4294967295,0,0
oInvCollPH,240,992,00158EE8,0,1,1,4294967295,0,0
oInvCollPH,256,992,0015D80A,0,1,1,4294967295,0,0
oInvCollPH,160,1008,003586F9,0,1,1,4294967295,0,0
oInvCollPH,176,1008,00348182,0,1,1,4294967295,0,0
oInvCollPH,192,1008,001E4317,0,1,1,4294967295,0,0
oInvCollPH,208,1008,0022D7E0,0,1,1,4294967295,0,0
oInvCollPH,224,1008,0034A177,0,1,1,4294967295,0,0
oInvCollPH,240,1008,0027987F,0,1,1,4294967295,0,0
oInvCollPH,256,1008,003EEE74,0,1,1,4294967295,0,0
oInvCollPH,384,992,001E6A41,0,1,1,4294967295,0,0
oInvCollPH,368,992,0023FAD6,0,1,1,4294967295,0,0
oInvCollPH,352,992,001B6B6B,0,1,1,4294967295,0,0
oInvCollPH,336,992,003D572A,0,1,1,4294967295,0,0
oInvCollPH,320,992,003BB749,0,1,1,4294967295,0,0
oInvCollPH,304,992,0025015E,0,1,1,4294967295,0,0
oInvCollPH,288,992,0018B965,0,1,1,4294967295,0,0
oInvCollPH,400,992,0006EDA2,0,1,1,4294967295,0,0
oInvCollPH,272,1024,0017D632,0,1,1,4294967295,0,0
oInvCollPH,272,1040,001CCEB2,0,1,1,4294967295,0,0
oInvCollPH,272,1056,003F4F3E,0,1,1,4294967295,0,0
oInvCollPH,288,1056,000AD7C8,0,1,1,4294967295,0,0
oInvCollPH,304,1056,003FE251,0,1,1,4294967295,0,0
oInvCollPH,320,1056,0020C110,0,1,1,4294967295,0,0
oInvCollPH,336,1056,00255854,0,1,1,4294967295,0,0
oInvCollPH,352,1056,0017ADFD,0,1,1,4294967295,0,0
oInvCollPH,368,1056,00228962,0,1,1,4294967295,0,0
oInvCollPH,384,1056,000C6321,0,1,1,4294967295,0,0
oInvCollPH,400,1056,000215E7,0,1,1,4294967295,0,0
oInvCollPH,416,1056,0035A4D1,0,1,1,4294967295,0,0
oInvCollPH,432,1056,00041314,0,1,1,4294967295,0,0
oInvCollPH,256,1168,0023CA9B,0,1,1,4294967295,0,0
oInvCollPH,272,1168,00139B8E,0,1,1,4294967295,0,0
oInvCollPH,272,1184,00185ADD,0,1,1,4294967295,0,0
oInvCollPH,272,1200,00131239,0,1,1,4294967295,0,0
oInvCollPH,256,1200,001380D7,0,1,1,4294967295,0,0
oInvCollPH,240,1200,000344D1,0,1,1,4294967295,0,0
oInvCollPH,448,1216,002F2522,0,1,1,4294967295,0,0
oInvCollPH,448,1200,000046A3,0,1,1,4294967295,0,0
oInvCollPH,448,1184,00239B39,0,1,1,4294967295,0,0
oInvCollPH,448,1168,00039F0E,0,1,1,4294967295,0,0
oInvCollPH,448,1152,001EB2B0,0,1,1,4294967295,0,0
oInvCollPH,448,1136,00047423,0,1,1,4294967295,0,0
oInvCollPH,448,1120,003D4053,0,1,1,4294967295,0,0
oInvCollPH,448,1104,0011EB57,0,1,1,4294967295,0,0
oInvCollPH,448,1088,000874BB,0,1,1,4294967295,0,0
oInvCollPH,448,1344,001451E1,0,1,1,4294967295,0,0
oInvCollPH,448,1328,000733CD,0,1,1,4294967295,0,0
oInvCollPH,448,1312,00039B51,0,1,1,4294967295,0,0
oInvCollPH,448,1296,00362D48,0,1,1,4294967295,0,0
oInvCollPH,448,1280,00254DE9,0,1,1,4294967295,0,0
oInvCollPH,448,1264,003B85BE,0,1,1,4294967295,0,0
oInvCollPH,448,1248,00021DA7,0,1,1,4294967295,0,0
oInvCollPH,448,1232,002C93BF,0,1,1,4294967295,0,0
oInvCollPH,0,1280,00028988,0,1,1,4294967295,0,0
oInvCollPH,16,1280,0015764D,0,1,1,4294967295,0,0
oInvCollPH,32,1280,003828D2,0,1,1,4294967295,0,0
oInvCollPH,32,1264,0018F0A1,0,1,1,4294967295,0,0
oInvCollPH,112,1280,002B1B9D,0,1,1,4294967295,0,0
oInvCollPH,128,1280,0003CD64,0,1,1,4294967295,0,0
oInvCollPH,144,1280,000E44D0,0,1,1,4294967295,0,0
oInvCollPH,160,1280,000A9DFC,0,1,1,4294967295,0,0
oInvCollPH,160,1264,001109E0,0,1,1,4294967295,0,0
oInvCollPH,16,1360,000C065E,0,1,1,4294967295,0,0
oInvCollPH,32,1360,00272382,0,1,1,4294967295,0,0
oInvCollPH,48,1360,000825CE,0,1,1,4294967295,0,0
oInvCollPH,64,1360,0030D348,0,1,1,4294967295,0,0
oInvCollPH,80,1360,0018E43B,0,1,1,4294967295,0,0
oInvCollPH,96,1360,0014E563,0,1,1,4294967295,0,0
oInvCollPH,112,1360,002B1744,0,1,1,4294967295,0,0
oInvCollPH,128,1360,000E19CF,0,1,1,4294967295,0,0
oInvCollPH,144,1360,0002797C,0,1,1,4294967295,0,0
oInvCollPH,160,1360,0024097A,0,1,1,4294967295,0,0
oInvCollPH,176,1360,00358E90,0,1,1,4294967295,0,0
oInvCollPH,192,1360,0019EB2A,0,1,1,4294967295,0,0
oInvCollPH,208,1360,0001CFDA,0,1,1,4294967295,0,0
oInvCollPH,224,1360,003E5583,0,1,1,4294967295,0,0
oInvCollPH,240,1360,002E8820,0,1,1,4294967295,0,0
oInvCollPH,256,1360,0032F55E,0,1,1,4294967295,0,0
oInvCollPH,272,1360,000D3874,0,1,1,4294967295,0,0
oInvCollPH,288,1360,003087EB,0,1,1,4294967295,0,0
oInvCollPH,304,1360,0038DCC3,0,1,1,4294967295,0,0
oInvCollPH,320,1360,001FBE10,0,1,1,4294967295,0,0
oInvCollPH,336,1360,00351E53,0,1,1,4294967295,0,0
oInvCollPH,352,1360,0024F792,0,1,1,4294967295,0,0
oInvCollPH,368,1360,0011238F,0,1,1,4294967295,0,0
oInvCollPH,384,1360,001375A7,0,1,1,4294967295,0,0
oInvCollPH,400,1360,0034C55A,0,1,1,4294967295,0,0
oInvCollPH,416,1360,00252DD1,0,1,1,4294967295,0,0
oInvCollPH,432,1360,0035BF0A,0,1,1,4294967295,0,0
oInvCollPH,192,1136,003B465F,0,1,1,4294967295,0,0
oInvCollPH,224,1152,00342D82,0,1,1,4294967295,0,0
oInvCollPH,176,1200,000B0CEC,0,1,1,4294967295,0,0
oInvCollPH,192,1200,00370E99,0,1,1,4294967295,0,0
oInvCollPH,208,1200,0024073A,0,1,1,4294967295,0,0
oInvCollPH,224,1200,0003121F,0,1,1,4294967295,0,0
oInvCollPH,160,1120,0018C088,0,1,1,4294967295,0,0
oInvCollPH,160,1216,0019B2F2,0,1,1,4294967295,0,0
oInvCollPH,160,1232,002BC773,0,1,1,4294967295,0,0
oInvCollPH,160,1248,003C4270,0,1,1,4294967295,0,0
oInvCollPH,64,1104,00366D86,0,1,1,4294967295,0,0
oInvCollPH,80,1104,002ACD46,0,1,1,4294967295,0,0
oInvCollPH,96,1104,00038CD9,0,1,1,4294967295,0,0
oInvCollPH,112,1104,0017CB05,0,1,1,4294967295,0,0
oInvCollPH,128,1104,00224AF0,0,1,1,4294967295,0,0
oInvCollPH,48,1248,00125966,0,1,1,4294967295,0,0
oInvCollPH,64,1248,003BB4B0,0,1,1,4294967295,0,0
oInvCollPH,80,1248,0036A0A2,0,1,1,4294967295,0,0
oInvCollPH,96,1248,002A3DCA,0,1,1,4294967295,0,0
oInvCollPH,48,944,0017724D,0,1,1,4294967295,0,0
oInvCollPH,48,960,0033C266,0,1,1,4294967295,0,0
oInvCollPH,48,976,00207936,0,1,1,4294967295,0,0
oInvCollPH,48,992,002B275A,0,1,1,4294967295,0,0
oInvCollPH,48,1008,003E933A,0,1,1,4294967295,0,0
oInvCollPH,48,1024,0032D083,0,1,1,4294967295,0,0
oInvCollPH,48,1040,001A0585,0,1,1,4294967295,0,0
oInvCollPH,48,1056,001708CA,0,1,1,4294967295,0,0
oInvCollPH,48,1072,003E4A12,0,1,1,4294967295,0,0
oInvCollPH,48,1088,0029E962,0,1,1,4294967295,0,0
oInvCollPH,144,864,002277DF,0,1,1,4294967295,0,0
oInvCollPH,128,864,000A5DEF,0,1,1,4294967295,0,0
oInvCollPH,112,864,00365299,0,1,1,4294967295,0,0
oInvCollPH,96,864,00402E83,0,1,1,4294967295,0,0
oInvCollPH,80,864,00196565,0,1,1,4294967295,0,0
oInvCollPH,160,864,00248428,0,1,1,4294967295,0,0
oInvCollPH,176,864,0035EDC1,0,1,1,4294967295,0,0
oInvCollPH,176,880,00307E79,0,1,1,4294967295,0,0
oInvCollPH,64,928,0002D8EF,0,1,1,4294967295,0,0
oInvCollPH,80,928,0036427D,0,1,1,4294967295,0,0
oInvCollPH,96,928,003245F3,0,1,1,4294967295,0,0
oInvCollPH,112,928,00168498,0,1,1,4294967295,0,0
oInvCollPH,128,928,003057CF,0,1,1,4294967295,0,0
oInvCollPH,144,928,002A715A,0,1,1,4294967295,0,0
oInvCollPH,160,928,001B8595,0,1,1,4294967295,0,0
oInvCollPH,176,928,00134E09,0,1,1,4294967295,0,0
oInvCollPH,64,736,00248BB4,0,1,1,4294967295,0,0
oInvCollPH,64,752,001A9487,0,1,1,4294967295,0,0
oInvCollPH,64,768,000F9EAD,0,1,1,4294967295,0,0
oInvCollPH,64,784,0005C502,0,1,1,4294967295,0,0
oInvCollPH,64,800,001CF0B7,0,1,1,4294967295,0,0
oInvCollPH,64,816,00126ABF,0,1,1,4294967295,0,0
oInvCollPH,64,832,00394508,0,1,1,4294967295,0,0
oInvCollPH,64,848,0022F594,0,1,1,4294967295,0,0
oInvCollPH,432,176,0032E3B8,0,1,1,4294967295,0,0
oInvCollPH,432,160,00161793,0,1,1,4294967295,0,0
oInvCollPH,432,144,0039F5FF,0,1,1,4294967295,0,0
oInvCollPH,432,128,00066D78,0,1,1,4294967295,0,0
oInvCollPH,432,112,001E7524,0,1,1,4294967295,0,0
oInvCollPH,432,96,000D7F63,0,1,1,4294967295,0,0
oInvCollPH,432,80,0010383C,0,1,1,4294967295,0,0
oInvCollPH,448,64,002A1A31,0,1,1,4294967295,0,0
oInvCollPH,432,336,0032A947,0,1,1,4294967295,0,0
oInvCollPH,432,320,00085646,0,1,1,4294967295,0,0
oInvCollPH,432,304,00368D3E,0,1,1,4294967295,0,0
oInvCollPH,432,288,003A76F6,0,1,1,4294967295,0,0
oInvCollPH,432,272,0036663B,0,1,1,4294967295,0,0
oInvCollPH,432,256,001D0E27,0,1,1,4294967295,0,0
oInvCollPH,432,240,00188764,0,1,1,4294967295,0,0
oInvCollPH,432,224,00158057,0,1,1,4294967295,0,0
oInvCollPH,432,208,00360114,0,1,1,4294967295,0,0
oInvCollPH,432,192,0016CB0A,0,1,1,4294967295,0,0
oInvCollPH,432,416,0020D1A5,0,1,1,4294967295,0,0
oInvCollPH,432,400,002E67D4,0,1,1,4294967295,0,0
oInvCollPH,432,384,003046A2,0,1,1,4294967295,0,0
oInvCollPH,432,368,000539F5,0,1,1,4294967295,0,0
oInvCollPH,432,352,0021B127,0,1,1,4294967295,0,0
oInvCollPH,352,400,00122AF0,0,1,1,4294967295,0,0
oInvCollPH,352,448,003F25D3,0,1,1,4294967295,0,0
oInvCollPH,464,64,000CA34F,0,1,1,4294967295,0,0
oInvCollSM,448,32,003FA034,0,1,1,4294967295,0,0
oInvCollSM,464,32,0022BAEB,0,1,1,4294967295,0,0
oInvisibleSolid,352,1248,001578C2,0,1,1,4294967295,0,1
oInvisibleSolid,176,128,0016EB1F,0,1,1,4294967295,0,1
oInvisibleSolid,256,208,000E516E,0,1,1,4294967295,0,1
oInvisibleSolid,336,128,003FF90A,0,1,1,4294967295,0,1
oInvisibleSolid,336,288,002BBB3E,0,1,1,4294967295,0,1
oInvisibleSolid,176,288,0023279F,0,1,1,4294967295,0,1
oInvisibleSolid,0,0,003E7A23,0,1,1,4294967295,0,1
oInvisibleSolid,432,64,000F9DC6,0,1,1,4294967295,0,1
oInvisibleSolid,448,432,00000A31,0,1,1,4294967295,0,1
oInvisibleSolid,0,96,001B30E8,0,1,1,4294967295,0,1
oInvisibleSolid,0,160,0003A65B,0,1,1,4294967295,0,1
oInvisibleSolid,176,592,00363CE1,0,1,1,4294967295,0,1
oInvisibleSolid,256,560,000A94B5,0,1,1,4294967295,0,1
oInvisibleSolid,352,576,001B3FD3,0,1,1,4294967295,0,1
oInvisibleSolid,384,560,002387B0,0,1,1,4294967295,0,1
oInvisibleSolid,432,512,00216361,0,1,1,4294967295,0,1
oInvisibleSolid,448,624,00398E18,0,1,1,4294967295,0,1
oInvisibleSolid,208,400,003D843D,0,1,1,4294967295,0,1
oInvisibleSolid,0,400,003171DE,0,1,1,4294967295,0,1
oInvisibleSolid,0,496,0024FBCC,0,1,1,4294967295,0,1
oInvisibleSolid,0,576,002D621C,0,1,1,4294967295,0,1
oInvisibleSolid,144,704,003F0799,0,1,1,4294967295,0,1
oInvisibleSolid,0,672,00144A66,0,1,1,4294967295,0,1
oInvisibleSolid,0,736,0015AB4F,0,1,1,4294967295,0,1
oInvisibleSolid,0,864,0005D9C8,0,1,1,4294967295,0,1
oInvisibleSolid,0,944,003BCAC9,0,1,1,4294967295,0,1
oInvisibleSolid,0,1264,003A2A8A,0,1,1,4294967295,0,1
oInvisibleSolid,112,1264,0004F9CB,0,1,1,4294967295,0,1
oInvisibleSolid,240,1168,002D7D8C,0,1,1,4294967295,0,1
oInvisibleSolid,208,1152,0013FE6C,0,1,1,4294967295,0,1
oInvisibleSolid,176,1136,00268F7F,0,1,1,4294967295,0,1
oInvisibleSolid,0,1104,0008D534,0,1,1,4294967295,0,1
oInvisibleSolid,144,1120,00265206,0,1,1,4294967295,0,1
oInvisibleSolid,0,1360,0010D9FD,0,1,1,4294967295,0,1
oInvisibleSolid,448,1072,0012847D,0,1,1,4294967295,0,1
oInvisibleSolid,160,992,0014736B,0,1,1,4294967295,0,1
oInvisibleSolid,272,992,0014FFBF,0,1,1,4294967295,0,1
oInvisibleSolid,192,896,002C436D,0,1,1,4294967295,0,1
oInvisibleSolid,192,912,001F557B,0,1,1,4294967295,0,1
oInvisibleSolid,128,800,002945F0,0,1,1,4294967295,0,1
oInvisibleSolid,144,784,00228C50,0,1,1,4294967295,0,1
oInvisibleSolid,416,864,001EC090,0,1,1,4294967295,0,1
oInvisibleSolid,400,784,00011D69,0,1,1,4294967295,0,1
oInvisibleSolid,272,784,002D2979,0,1,1,4294967295,0,1
oInvisibleSolid,208,816,001B9BCE,0,1,1,4294967295,0,1
oInvisibleSolidMorph,144,752,0023D289,0,1,1,4294967295,0,1
oInvisibleSolidMorph,128,832,0037403B,0,1,1,4294967295,0,1
oInvisibleSolidMorph,208,864,003B75F5,0,1,1,4294967295,0,1
oInvisibleSolidMorph,288,880,001DAA44,0,1,1,4294967295,0,1
oGametSpawner,368,592,002857D9,0,1,1,4294967295,0,1
oInvisibleSolidMorph,432,32,00149C10,0,1,1,4294967295,0,1
