oExit,1424,192,002D3D42,0,1,1,4294967295,0,1
oExit,0,96,001F3BB9,0,1,1,4294967295,0,1
oExit,1424,608,001B7376,0,1,1,4294967295,0,1
oExit,960,-16,00106E51,0,1,1,4294967295,0,1
oRBswitch,696,304,00248F16,0,1,1,4294967295,0,1
oRedBlocker,896,480,001979CA,0,1,1,4294967295,0,0
oRedBlocker,896,496,00086F7B,0,1,1,4294967295,0,0
oRedBlocker,896,512,001EB298,0,1,1,4294967295,0,0
oRedBlocker,896,528,001033F2,0,1,1,4294967295,0,0
oRedBlocker,912,528,00008470,0,1,1,4294967295,0,0
oRedBlocker,912,512,00337F44,0,1,1,4294967295,0,0
oRedBlocker,912,496,0004006D,0,1,1,4294967295,0,0
oRedBlocker,912,480,000FBD6C,0,1,1,4294967295,0,0
oBlueBlocker,1024,96,00328E22,0,1,1,4294967295,0,0
oBlueBlocker,1024,112,0006B667,0,1,1,4294967295,0,0
oBlueBlocker,1008,112,00151EFA,0,1,1,4294967295,0,0
oBlueBlocker,992,112,00334494,0,1,1,4294967295,0,0
oRedBlocker,1056,320,0000E395,0,1,1,4294967295,0,0
oRedBlocker,1056,336,0016A435,0,1,1,4294967295,0,0
oRedBlocker,1072,336,000554DE,0,1,1,4294967295,0,0
oRedBlocker,1088,336,003CCD33,0,1,1,4294967295,0,0
oRedBlocker,1104,336,0028F09E,0,1,1,4294967295,0,0
oRedBlocker,1104,320,0037EF49,0,1,1,4294967295,0,0
oRedBlocker,1088,320,002A809C,0,1,1,4294967295,0,0
oRedBlocker,1072,320,002A4ABB,0,1,1,4294967295,0,0
oRedBlocker,416,384,002C6101,0,1,1,4294967295,0,0
oRedBlocker,432,384,00237F9D,0,1,1,4294967295,0,0
oRedBlocker,448,384,0038EE16,0,1,1,4294967295,0,0
oRedBlocker,464,384,0023C760,0,1,1,4294967295,0,0
oRedBlocker,288,464,002652B3,0,1,1,4294967295,0,0
oRedBlocker,304,464,003313D9,0,1,1,4294967295,0,0
oRedBlocker,320,464,0008EF6E,0,1,1,4294967295,0,0
oRedBlocker,336,464,003CEE0A,0,1,1,4294967295,0,0
oRedBlocker,352,480,001120CD,0,1,1,4294967295,0,0
oRedBlocker,368,480,002ABB5D,0,1,1,4294967295,0,0
oRedBlocker,352,464,0029269F,0,1,1,4294967295,0,0
oRedBlocker,368,464,003C9441,0,1,1,4294967295,0,0
oRedBlocker,352,496,001728AD,0,1,1,4294967295,0,0
oRedBlocker,368,496,0008B2E3,0,1,1,4294967295,0,0
oLockedDoor,1280,224,001D1337,0,1,1,4294967295,0,1
oHeartPiece,88,432,0022FEFB,0,1,1,4294967295,0,1
oZeldaBreakPot,40,560,00024B3F,0,1,1,4294967295,0,0
oLargeJumper,1076,243,001C9A21,0,1,1,4294967295,0,1
oLargeJumper,132,85,003C8EB8,0,1,1,4294967295,0,1
oMyu,240,160,00172BF9,0,1,1,4294967295,0,0
oWolfos,560,208,0030EA61,0,1,1,4294967295,0,0
oWolfos,608,640,00322300,0,1,1,4294967295,0,0
oOctorok,1056,640,002516AD,0,1,1,4294967295,0,0
oOctorok,528,480,001AF01D,0,1,1,4294967295,0,0
oPlayer1,48,128,0034DD66,0,1,1,4294967295,0,0
oInvCollPH,1392,224,000A83EB,0,1,1,4294967295,0,0
oInvCollPH,1408,224,0014DE4A,0,1,1,4294967295,0,0
oInvCollPH,1424,224,0032F853,0,1,1,4294967295,0,0
oInvCollPH,944,176,0028C2E8,0,1,1,4294967295,0,0
oInvCollPH,832,80,0020F658,0,1,1,4294967295,0,0
oInvCollPH,848,80,001915C1,0,1,1,4294967295,0,0
oInvCollPH,848,64,000333D7,0,1,1,4294967295,0,0
oInvCollPH,752,112,000E07F8,0,1,1,4294967295,0,0
oInvCollPH,656,112,000D6986,0,1,1,4294967295,0,0
oInvCollPH,496,272,000824CF,0,1,1,4294967295,0,0
oInvCollPH,512,272,003B95B1,0,1,1,4294967295,0,0
oInvCollPH,528,272,0007FE41,0,1,1,4294967295,0,0
oInvCollPH,544,272,002F9AE2,0,1,1,4294967295,0,0
oInvCollPH,560,272,0030B763,0,1,1,4294967295,0,0
oInvCollPH,576,272,00118764,0,1,1,4294967295,0,0
oInvCollPH,592,272,002DDD4C,0,1,1,4294967295,0,0
oInvCollPH,608,272,00081078,0,1,1,4294967295,0,0
oInvCollPH,624,272,00365FD7,0,1,1,4294967295,0,0
oInvCollPH,560,208,00308C9A,0,1,1,4294967295,0,0
oInvCollPH,1072,208,00052B99,0,1,1,4294967295,0,0
oInvCollPH,1088,208,001FD274,0,1,1,4294967295,0,0
oInvCollPH,1104,208,001C7DC0,0,1,1,4294967295,0,0
oInvCollPH,976,336,001DD50C,0,1,1,4294967295,0,0
oInvCollPH,1216,624,002F9F98,0,1,1,4294967295,0,0
oInvCollPH,1232,624,000677AA,0,1,1,4294967295,0,0
oInvCollPH,1232,608,00265357,0,1,1,4294967295,0,0
oInvCollPH,1184,400,001D433F,0,1,1,4294967295,0,0
oInvCollPH,1200,400,001E475B,0,1,1,4294967295,0,0
oInvCollPH,1200,384,002C6230,0,1,1,4294967295,0,0
oInvCollPH,544,496,0034F45D,0,1,1,4294967295,0,0
oInvCollPH,560,496,0033A2AE,0,1,1,4294967295,0,0
oInvCollPH,560,480,000DF77A,0,1,1,4294967295,0,0
oInvCollPH,144,352,003F4044,0,1,1,4294967295,0,0
oInvCollPH,144,368,0000FEF7,0,1,1,4294967295,0,0
oInvCollPH,144,384,003F3402,0,1,1,4294967295,0,0
oInvCollPH,288,336,000E8726,0,1,1,4294967295,0,0
oInvCollPH,304,336,001E7389,0,1,1,4294967295,0,0
oInvCollPH,320,336,000CF296,0,1,1,4294967295,0,0
oInvCollPH,336,336,000891C6,0,1,1,4294967295,0,0
oInvCollPH,272,368,00302A53,0,1,1,4294967295,0,0
oInvCollPH,272,352,0013E4ED,0,1,1,4294967295,0,0
oInvCollPH,336,320,00100424,0,1,1,4294967295,0,0
oInvCollPH,320,320,002535DB,0,1,1,4294967295,0,0
oInvCollPH,304,320,0014C3E2,0,1,1,4294967295,0,0
oInvCollPH,272,320,001DE9C9,0,1,1,4294967295,0,0
oInvCollPH,256,336,00103A57,0,1,1,4294967295,0,0
oInvCollPH,256,352,002A24EB,0,1,1,4294967295,0,0
oInvCollPH,256,368,002DAA1F,0,1,1,4294967295,0,0
oInvCollPH,240,384,003BD4DD,0,1,1,4294967295,0,0
oInvCollPH,224,400,0031EB46,0,1,1,4294967295,0,0
oInvCollPH,240,400,0001E6D0,0,1,1,4294967295,0,0
oInvCollPH,256,400,000C2C90,0,1,1,4294967295,0,0
oInvCollPH,272,400,0025A8B3,0,1,1,4294967295,0,0
oInvCollPH,272,384,001B1CB5,0,1,1,4294967295,0,0
oInvCollPH,144,496,001D07A9,0,1,1,4294967295,0,0
oInvCollPH,160,512,0000DA13,0,1,1,4294967295,0,0
oInvCollPH,176,512,003C76B0,0,1,1,4294967295,0,0
oInvCollPH,128,528,002D814A,0,1,1,4294967295,0,0
oInvCollPH,144,528,00079E9D,0,1,1,4294967295,0,0
oInvCollPH,160,528,003A0C70,0,1,1,4294967295,0,0
oInvCollPH,176,528,00312AE3,0,1,1,4294967295,0,0
oInvCollPH,208,512,000402E3,0,1,1,4294967295,0,0
oInvCollPH,208,528,002BD5C1,0,1,1,4294967295,0,0
oInvCollPH,192,544,00034A1D,0,1,1,4294967295,0,0
oInvCollPH,192,560,0024312F,0,1,1,4294967295,0,0
oInvCollPH,208,560,000F6E6F,0,1,1,4294967295,0,0
oInvCollPH,224,560,001A5F40,0,1,1,4294967295,0,0
oInvCollPH,240,560,001AF3F8,0,1,1,4294967295,0,0
oInvCollPH,256,560,002AEF17,0,1,1,4294967295,0,0
oInvCollPH,272,560,000FBBF2,0,1,1,4294967295,0,0
oInvCollPH,272,544,00289325,0,1,1,4294967295,0,0
oInvCollPH,256,544,001F8835,0,1,1,4294967295,0,0
oInvCollPH,240,544,00307734,0,1,1,4294967295,0,0
oInvCollPH,16,480,00342DCD,0,1,1,4294967295,0,0
oInvCollPH,16,496,0025AB61,0,1,1,4294967295,0,0
oInvCollPH,16,512,000304E6,0,1,1,4294967295,0,0
oInvCollPH,16,528,0017390D,0,1,1,4294967295,0,0
oInvCollPH,16,544,0022AE03,0,1,1,4294967295,0,0
oInvCollPH,16,560,0020AD1D,0,1,1,4294967295,0,0
oInvCollPH,32,576,000D9C93,0,1,1,4294967295,0,0
oInvCollPH,48,576,00287C6A,0,1,1,4294967295,0,0
oInvCollPH,48,592,002013A5,0,1,1,4294967295,0,0
oInvCollPH,48,608,0016F4DD,0,1,1,4294967295,0,0
oInvCollPH,48,624,00236972,0,1,1,4294967295,0,0
oInvCollPH,80,352,0040037F,0,1,1,4294967295,0,0
oInvCollPH,96,352,0029ED13,0,1,1,4294967295,0,0
oInvCollPH,112,352,0026657D,0,1,1,4294967295,0,0
oInvCollPH,144,400,001AA08A,0,1,1,4294967295,0,0
oInvCollPH,112,400,001037AF,0,1,1,4294967295,0,0
oInvCollPH,96,400,00391120,0,1,1,4294967295,0,0
oInvCollPH,80,400,00343B45,0,1,1,4294967295,0,0
oInvCollPH,64,400,00121B7A,0,1,1,4294967295,0,0
oInvCollPH,48,256,002993CE,0,1,1,4294967295,0,0
oInvCollPH,48,272,003282AF,0,1,1,4294967295,0,0
oInvCollPH,48,288,001848D2,0,1,1,4294967295,0,0
oInvCollPH,48,304,002E9CA9,0,1,1,4294967295,0,0
oInvCollPH,48,320,000A109B,0,1,1,4294967295,0,0
oInvCollPH,48,336,00353253,0,1,1,4294967295,0,0
oInvCollPH,48,416,000D0C21,0,1,1,4294967295,0,0
oInvCollPH,48,432,002C4C50,0,1,1,4294967295,0,0
oInvCollPH,48,448,003D23F9,0,1,1,4294967295,0,0
oInvCollPH,48,464,002631CA,0,1,1,4294967295,0,0
oInvCollPH,32,464,00272715,0,1,1,4294967295,0,0
oInvCollPH,16,128,00270BF7,0,1,1,4294967295,0,0
oInvCollPH,32,128,00060386,0,1,1,4294967295,0,0
oInvCollPH,48,128,0027FC60,0,1,1,4294967295,0,0
oInvCollPH,64,128,0008B52D,0,1,1,4294967295,0,0
oInvCollPH,80,128,000DA970,0,1,1,4294967295,0,0
oInvCollPH,80,144,000B4A0D,0,1,1,4294967295,0,0
oInvCollPH,96,160,001134DA,0,1,1,4294967295,0,0
oInvCollPH,112,160,001353C9,0,1,1,4294967295,0,0
oInvCollPH,112,176,0021ECA6,0,1,1,4294967295,0,0
oInvCollPH,112,192,000DE601,0,1,1,4294967295,0,0
oInvCollPH,112,208,0038F04D,0,1,1,4294967295,0,0
oInvCollPH,112,224,003BD644,0,1,1,4294967295,0,0
oInvCollPH,112,240,002CC34C,0,1,1,4294967295,0,0
oInvCollPH,96,240,002FD0E1,0,1,1,4294967295,0,0
oInvCollPH,80,240,003BCDEC,0,1,1,4294967295,0,0
oInvCollPH,64,240,000694DA,0,1,1,4294967295,0,0
oInvCollPH,1024,64,0038AFCB,0,1,1,4294967295,0,0
oInvCollPH,1024,80,000F2AF2,0,1,1,4294967295,0,0
oInvCollPH,1040,80,0035DC17,0,1,1,4294967295,0,0
oInvCollPH,1056,80,003FFAF9,0,1,1,4294967295,0,0
oInvCollPH,1072,80,002E898E,0,1,1,4294967295,0,0
oInvCollPH,448,192,00159C43,0,1,1,4294967295,0,0
oInvCollPH,464,192,00338FDB,0,1,1,4294967295,0,0
oInvCollPH,464,208,000D3457,0,1,1,4294967295,0,0
oInvCollPH,464,224,0005717E,0,1,1,4294967295,0,0
oInvCollPH,464,240,0021916D,0,1,1,4294967295,0,0
oInvCollPH,464,256,00336DC7,0,1,1,4294967295,0,0
oInvCollPH,464,272,0013F4D3,0,1,1,4294967295,0,0
oInvCollPH,448,272,00046A2D,0,1,1,4294967295,0,0
oInvCollPH,432,272,000958CC,0,1,1,4294967295,0,0
oInvCollPH,416,272,001EB8C6,0,1,1,4294967295,0,0
oInvCollPH,416,256,002F7CD6,0,1,1,4294967295,0,0
oInvCollPH,416,240,002385B1,0,1,1,4294967295,0,0
oInvCollPH,416,224,0000EF05,0,1,1,4294967295,0,0
oInvCollPH,416,208,0030AC3E,0,1,1,4294967295,0,0
oInvCollPH,208,160,000F2D28,0,1,1,4294967295,0,0
oInvCollPH,224,160,002D7A1C,0,1,1,4294967295,0,0
oInvCollPH,240,160,003CC20C,0,1,1,4294967295,0,0
oInvCollPH,256,160,0011537E,0,1,1,4294967295,0,0
oInvCollPH,272,160,001EBCEC,0,1,1,4294967295,0,0
oInvCollPH,192,176,003CE27E,0,1,1,4294967295,0,0
oInvCollPH,192,192,003F03E3,0,1,1,4294967295,0,0
oInvCollPH,192,208,00283649,0,1,1,4294967295,0,0
oInvCollPH,192,224,001988C4,0,1,1,4294967295,0,0
oInvCollPH,192,240,003E6A9A,0,1,1,4294967295,0,0
oInvCollPH,208,240,00273486,0,1,1,4294967295,0,0
oInvCollPH,224,240,0037C777,0,1,1,4294967295,0,0
oInvCollPH,240,240,0032BB41,0,1,1,4294967295,0,0
oInvCollPH,256,240,0018D51C,0,1,1,4294967295,0,0
oInvCollPH,272,240,00104A37,0,1,1,4294967295,0,0
oInvCollPH,272,224,00344778,0,1,1,4294967295,0,0
oInvCollPH,272,208,00276C8E,0,1,1,4294967295,0,0
oInvCollPH,272,192,00216C24,0,1,1,4294967295,0,0
oInvCollPH,304,160,0016BD6D,0,1,1,4294967295,0,0
oInvCollPH,320,160,00076751,0,1,1,4294967295,0,0
oInvCollPH,336,160,00254099,0,1,1,4294967295,0,0
oInvCollPH,352,160,003AD9BE,0,1,1,4294967295,0,0
oInvCollPH,368,160,0023B6B9,0,1,1,4294967295,0,0
oInvCollPH,384,160,003B5E60,0,1,1,4294967295,0,0
oInvCollPH,400,160,0008DBB9,0,1,1,4294967295,0,0
oInvCollPH,416,160,000202A7,0,1,1,4294967295,0,0
oInvCollPH,432,160,002E7BF7,0,1,1,4294967295,0,0
oInvCollPH,432,176,0007958D,0,1,1,4294967295,0,0
oInvCollPH,400,176,000557DD,0,1,1,4294967295,0,0
oInvCollPH,384,176,002BDABA,0,1,1,4294967295,0,0
oInvCollPH,368,176,00391461,0,1,1,4294967295,0,0
oInvCollPH,352,176,003BF2AC,0,1,1,4294967295,0,0
oInvCollPH,336,176,0013F877,0,1,1,4294967295,0,0
oInvCollPH,320,176,0026C3DE,0,1,1,4294967295,0,0
oInvCollPH,304,176,001DA2A4,0,1,1,4294967295,0,0
oInvCollPH,288,176,003A8F70,0,1,1,4294967295,0,0
oInvCollPH,592,416,000727A9,0,1,1,4294967295,0,0
oInvCollPH,608,416,00377789,0,1,1,4294967295,0,0
oInvCollPH,624,416,002766C9,0,1,1,4294967295,0,0
oInvCollPH,576,432,003238A5,0,1,1,4294967295,0,0
oInvCollPH,576,448,0010033F,0,1,1,4294967295,0,0
oInvCollPH,576,464,0029DAC2,0,1,1,4294967295,0,0
oInvCollPH,576,496,0038E7A2,0,1,1,4294967295,0,0
oInvCollPH,592,496,003E8F87,0,1,1,4294967295,0,0
oInvCollPH,608,496,000F2048,0,1,1,4294967295,0,0
oInvCollPH,624,496,00056A57,0,1,1,4294967295,0,0
oInvCollPH,656,352,001A7957,0,1,1,4294967295,0,0
oInvCollPH,672,352,002AB054,0,1,1,4294967295,0,0
oInvCollPH,688,352,000FAB60,0,1,1,4294967295,0,0
oInvCollPH,704,352,000E2EEA,0,1,1,4294967295,0,0
oInvCollPH,720,352,000B9E8C,0,1,1,4294967295,0,0
oInvCollPH,736,352,00018E4E,0,1,1,4294967295,0,0
oInvCollPH,752,352,0001C207,0,1,1,4294967295,0,0
oInvCollPH,752,368,00052A4D,0,1,1,4294967295,0,0
oInvCollPH,752,384,001494D0,0,1,1,4294967295,0,0
oInvCollPH,752,400,00259917,0,1,1,4294967295,0,0
oInvCollPH,752,416,001C9713,0,1,1,4294967295,0,0
oInvCollPH,752,432,002E0E63,0,1,1,4294967295,0,0
oInvCollPH,752,448,00295AAF,0,1,1,4294967295,0,0
oInvCollPH,752,464,0039E0B5,0,1,1,4294967295,0,0
oInvCollPH,752,480,001D6262,0,1,1,4294967295,0,0
oInvCollPH,752,496,0028D7CA,0,1,1,4294967295,0,0
oInvCollPH,736,496,003C3355,0,1,1,4294967295,0,0
oInvCollPH,720,496,003B7A62,0,1,1,4294967295,0,0
oInvCollPH,704,496,002D382A,0,1,1,4294967295,0,0
oInvCollPH,688,496,0007363F,0,1,1,4294967295,0,0
oInvCollPH,672,496,002E94C3,0,1,1,4294967295,0,0
oInvCollPH,656,496,0000F617,0,1,1,4294967295,0,0
oInvCollPH,640,496,000CC87F,0,1,1,4294967295,0,0
oInvCollPH,640,400,00200ECA,0,1,1,4294967295,0,0
oInvCollPH,640,384,00350FA9,0,1,1,4294967295,0,0
oInvCollPH,640,368,001EA52C,0,1,1,4294967295,0,0
oInvCollPH,832,288,001E4DC8,0,1,1,4294967295,0,0
oInvCollPH,832,304,00291CE8,0,1,1,4294967295,0,0
oInvCollPH,832,320,000E20CE,0,1,1,4294967295,0,0
oInvCollPH,832,336,0039AC93,0,1,1,4294967295,0,0
oInvCollPH,832,352,003448B2,0,1,1,4294967295,0,0
oInvCollPH,832,368,0021950F,0,1,1,4294967295,0,0
oInvCollPH,832,384,0018459F,0,1,1,4294967295,0,0
oInvCollPH,832,400,0033065A,0,1,1,4294967295,0,0
oInvCollPH,832,560,003244C4,0,1,1,4294967295,0,0
oInvCollPH,832,544,00227772,0,1,1,4294967295,0,0
oInvCollPH,832,528,000052E6,0,1,1,4294967295,0,0
oInvCollPH,832,512,00105C89,0,1,1,4294967295,0,0
oInvCollPH,832,496,0016CEF5,0,1,1,4294967295,0,0
oInvCollPH,832,480,0000284D,0,1,1,4294967295,0,0
oInvCollPH,832,464,00289AA4,0,1,1,4294967295,0,0
oInvCollPH,832,448,00125904,0,1,1,4294967295,0,0
oInvCollPH,832,432,0006950E,0,1,1,4294967295,0,0
oInvCollPH,832,416,00342758,0,1,1,4294967295,0,0
oInvCollPH,848,560,00204715,0,1,1,4294967295,0,0
oInvCollPH,864,560,00057998,0,1,1,4294967295,0,0
oInvCollPH,880,560,000B5471,0,1,1,4294967295,0,0
oInvCollPH,880,544,001A9AA8,0,1,1,4294967295,0,0
oInvCollPH,880,528,0011BC91,0,1,1,4294967295,0,0
oInvCollPH,880,512,000152D4,0,1,1,4294967295,0,0
oInvCollPH,880,496,001F7704,0,1,1,4294967295,0,0
oInvCollPH,880,480,002BAC46,0,1,1,4294967295,0,0
oInvCollPH,880,464,002C8D4F,0,1,1,4294967295,0,0
oInvCollPH,880,448,0021463E,0,1,1,4294967295,0,0
oInvCollPH,880,432,0036A7D3,0,1,1,4294967295,0,0
oInvCollPH,880,416,003D8B2B,0,1,1,4294967295,0,0
oInvCollPH,880,400,003C3ECE,0,1,1,4294967295,0,0
oInvCollPH,880,384,001B5D7B,0,1,1,4294967295,0,0
oInvCollPH,880,368,003AA6BD,0,1,1,4294967295,0,0
oInvCollPH,880,352,00136AF4,0,1,1,4294967295,0,0
oInvCollPH,880,336,003D4E3B,0,1,1,4294967295,0,0
oInvCollPH,880,320,002636EA,0,1,1,4294967295,0,0
oInvCollPH,880,304,00128B39,0,1,1,4294967295,0,0
oInvCollPH,880,288,00163CE4,0,1,1,4294967295,0,0
oInvCollPH,1184,496,002083C5,0,1,1,4294967295,0,0
oInvCollPH,1200,496,00260D54,0,1,1,4294967295,0,0
oInvCollPH,1216,496,001502C0,0,1,1,4294967295,0,0
oInvCollPH,1232,496,0007F7D9,0,1,1,4294967295,0,0
oInvCollPH,1232,480,003F1B27,0,1,1,4294967295,0,0
oInvCollPH,1216,480,000B6488,0,1,1,4294967295,0,0
oInvCollPH,1200,480,002AA89B,0,1,1,4294967295,0,0
oInvCollPH,1328,544,003173E9,0,1,1,4294967295,0,0
oInvCollPH,1344,544,00242039,0,1,1,4294967295,0,0
oInvCollPH,1360,544,0024F7B6,0,1,1,4294967295,0,0
oInvCollPH,1360,560,003254BE,0,1,1,4294967295,0,0
oInvCollPH,1344,560,00104C54,0,1,1,4294967295,0,0
oInvCollPH,1328,560,0026FFD2,0,1,1,4294967295,0,0
oInvCollPH,1312,560,00369873,0,1,1,4294967295,0,0
oInvCollPH,80,640,00048EA4,0,1,1,4294967295,0,0
oInvCollPH,96,640,00260F12,0,1,1,4294967295,0,0
oInvCollPH,112,640,003B3A21,0,1,1,4294967295,0,0
oInvCollPH,128,640,00062FD5,0,1,1,4294967295,0,0
oInvCollPH,144,640,000C12EE,0,1,1,4294967295,0,0
oInvCollPH,160,640,0002069C,0,1,1,4294967295,0,0
oInvCollPH,176,640,0006AFCE,0,1,1,4294967295,0,0
oInvCollPH,192,640,000F0D92,0,1,1,4294967295,0,0
oInvCollPH,208,640,0012AE16,0,1,1,4294967295,0,0
oInvCollPH,224,640,002C4C6D,0,1,1,4294967295,0,0
oInvCollPH,240,640,003D5D6E,0,1,1,4294967295,0,0
oInvCollPH,256,640,0016758B,0,1,1,4294967295,0,0
oInvCollPH,272,640,001B64C9,0,1,1,4294967295,0,0
oInvCollPH,288,640,001A5163,0,1,1,4294967295,0,0
oInvCollPH,304,640,003FE5E0,0,1,1,4294967295,0,0
oInvCollPH,320,640,0037914E,0,1,1,4294967295,0,0
oInvCollPH,336,640,00324FC4,0,1,1,4294967295,0,0
oInvCollPH,352,640,0025D8BA,0,1,1,4294967295,0,0
oInvCollPH,368,640,001C0718,0,1,1,4294967295,0,0
oInvCollPH,384,624,00373B1F,0,1,1,4294967295,0,0
oInvCollPH,560,608,002B51C5,0,1,1,4294967295,0,0
oInvCollPH,560,624,0013F4D5,0,1,1,4294967295,0,0
oInvCollPH,576,640,003A4458,0,1,1,4294967295,0,0
oInvCollPH,592,640,000C5D1E,0,1,1,4294967295,0,0
oInvCollPH,608,640,00004485,0,1,1,4294967295,0,0
oInvCollPH,624,640,002576DC,0,1,1,4294967295,0,0
oInvCollPH,640,640,003B75A5,0,1,1,4294967295,0,0
oInvCollPH,656,640,0024E199,0,1,1,4294967295,0,0
oInvCollPH,672,640,000E7392,0,1,1,4294967295,0,0
oInvCollPH,688,640,0016EE8A,0,1,1,4294967295,0,0
oInvCollPH,704,640,0036A260,0,1,1,4294967295,0,0
oInvCollPH,720,640,0031E579,0,1,1,4294967295,0,0
oInvCollPH,736,640,0015A6F7,0,1,1,4294967295,0,0
oInvCollPH,752,640,002D8767,0,1,1,4294967295,0,0
oInvCollPH,768,640,00120E09,0,1,1,4294967295,0,0
oInvCollPH,784,640,0015A99F,0,1,1,4294967295,0,0
oInvCollPH,800,640,003ADEE5,0,1,1,4294967295,0,0
oInvCollPH,816,640,000DA924,0,1,1,4294967295,0,0
oInvCollPH,832,640,00211B14,0,1,1,4294967295,0,0
oInvCollPH,848,640,001A3547,0,1,1,4294967295,0,0
oInvCollPH,864,640,001C8C7D,0,1,1,4294967295,0,0
oInvCollPH,880,640,000686A6,0,1,1,4294967295,0,0
oInvCollPH,896,640,0004607C,0,1,1,4294967295,0,0
oInvCollPH,912,640,00041A67,0,1,1,4294967295,0,0
oInvCollPH,928,640,003BE10E,0,1,1,4294967295,0,0
oInvCollPH,944,640,0015AF5D,0,1,1,4294967295,0,0
oInvCollPH,960,640,000425A0,0,1,1,4294967295,0,0
oInvCollPH,976,640,000FFA6D,0,1,1,4294967295,0,0
oInvCollPH,992,640,00339C19,0,1,1,4294967295,0,0
oInvCollPH,1008,640,00133DE2,0,1,1,4294967295,0,0
oInvCollPH,1024,640,0025F113,0,1,1,4294967295,0,0
oInvCollPH,1040,640,0009F243,0,1,1,4294967295,0,0
oInvCollPH,1056,640,0007109E,0,1,1,4294967295,0,0
oInvCollPH,1072,640,002E0594,0,1,1,4294967295,0,0
oInvCollPH,1088,640,0006F3B6,0,1,1,4294967295,0,0
oInvCollPH,1104,640,0018391E,0,1,1,4294967295,0,0
oInvCollPH,1120,640,002F14B4,0,1,1,4294967295,0,0
oInvCollPH,1136,640,0013CA15,0,1,1,4294967295,0,0
oInvCollPH,1152,640,0005812F,0,1,1,4294967295,0,0
oInvCollPH,1168,640,003DED54,0,1,1,4294967295,0,0
oInvCollPH,1184,640,0029DF4F,0,1,1,4294967295,0,0
oInvCollPH,1200,640,00274970,0,1,1,4294967295,0,0
oInvCollPH,1248,640,00183E10,0,1,1,4294967295,0,0
oInvCollPH,1264,640,0008A167,0,1,1,4294967295,0,0
oInvCollPH,1280,640,0011275A,0,1,1,4294967295,0,0
oInvCollPH,1296,640,001DEF48,0,1,1,4294967295,0,0
oInvCollPH,1312,640,001957D6,0,1,1,4294967295,0,0
oInvCollPH,1328,640,000F1734,0,1,1,4294967295,0,0
oInvCollPH,1344,640,00138645,0,1,1,4294967295,0,0
oInvCollPH,1360,640,0027F855,0,1,1,4294967295,0,0
oInvCollPH,1376,640,00223972,0,1,1,4294967295,0,0
oInvCollPH,1392,640,000D67F3,0,1,1,4294967295,0,0
oInvCollPH,1408,640,00040EB5,0,1,1,4294967295,0,0
oInvCollPH,1424,640,000FFCC1,0,1,1,4294967295,0,0
oInvCollPH,0,48,002D6B71,0,1,1,4294967295,0,0
oInvCollPH,16,48,002EA8F5,0,1,1,4294967295,0,0
oInvCollPH,32,48,0007F071,0,1,1,4294967295,0,0
oInvCollPH,48,48,00080FF0,0,1,1,4294967295,0,0
oInvCollPH,64,48,003FE91A,0,1,1,4294967295,0,0
oInvCollPH,80,48,0035BEA7,0,1,1,4294967295,0,0
oInvCollPH,96,48,0032D84B,0,1,1,4294967295,0,0
oInvCollPH,112,48,0035499B,0,1,1,4294967295,0,0
oInvCollPH,128,48,0010F513,0,1,1,4294967295,0,0
oInvCollPH,144,48,00232878,0,1,1,4294967295,0,0
oInvCollPH,160,48,000BC5BE,0,1,1,4294967295,0,0
oInvCollPH,176,48,0005E35B,0,1,1,4294967295,0,0
oInvCollPH,192,48,0029A111,0,1,1,4294967295,0,0
oInvCollPH,208,48,002855BE,0,1,1,4294967295,0,0
oInvCollPH,224,48,001BB691,0,1,1,4294967295,0,0
oInvCollPH,240,48,00301D6B,0,1,1,4294967295,0,0
oInvCollPH,256,48,003E4DA5,0,1,1,4294967295,0,0
oInvCollPH,272,48,000BAABC,0,1,1,4294967295,0,0
oInvCollPH,288,48,002F33EE,0,1,1,4294967295,0,0
oInvCollPH,304,48,003CFBE5,0,1,1,4294967295,0,0
oInvCollPH,320,48,001F1D64,0,1,1,4294967295,0,0
oInvCollPH,336,48,001030AC,0,1,1,4294967295,0,0
oInvCollPH,352,48,00235C32,0,1,1,4294967295,0,0
oInvCollPH,368,48,0022E32A,0,1,1,4294967295,0,0
oInvCollPH,384,48,00109427,0,1,1,4294967295,0,0
oInvCollPH,400,48,00043506,0,1,1,4294967295,0,0
oInvCollPH,416,48,0037FE42,0,1,1,4294967295,0,0
oInvCollPH,432,48,0002629B,0,1,1,4294967295,0,0
oInvCollPH,448,48,00131784,0,1,1,4294967295,0,0
oInvCollPH,464,48,002CDBB4,0,1,1,4294967295,0,0
oInvCollPH,480,48,000E2F17,0,1,1,4294967295,0,0
oInvCollPH,496,48,002F65C6,0,1,1,4294967295,0,0
oInvCollPH,512,48,003B3B85,0,1,1,4294967295,0,0
oInvCollPH,528,48,0038987E,0,1,1,4294967295,0,0
oInvCollPH,544,48,001962A4,0,1,1,4294967295,0,0
oInvCollPH,560,48,0036135D,0,1,1,4294967295,0,0
oInvCollPH,576,48,001CBE73,0,1,1,4294967295,0,0
oInvCollPH,592,48,0027C5F6,0,1,1,4294967295,0,0
oInvCollPH,608,48,0032CF01,0,1,1,4294967295,0,0
oInvCollPH,624,48,001F4444,0,1,1,4294967295,0,0
oInvCollPH,640,48,00301B3A,0,1,1,4294967295,0,0
oInvCollPH,656,48,0019040B,0,1,1,4294967295,0,0
oInvCollPH,672,48,00196A52,0,1,1,4294967295,0,0
oInvCollPH,688,48,002C0750,0,1,1,4294967295,0,0
oInvCollPH,704,48,003A4BCF,0,1,1,4294967295,0,0
oInvCollPH,720,48,002315E4,0,1,1,4294967295,0,0
oInvCollPH,736,48,003BAA66,0,1,1,4294967295,0,0
oInvCollPH,752,48,002F98AD,0,1,1,4294967295,0,0
oInvCollPH,768,48,0017135C,0,1,1,4294967295,0,0
oInvCollPH,784,48,0012B383,0,1,1,4294967295,0,0
oInvCollPH,800,48,00027A97,0,1,1,4294967295,0,0
oInvCollPH,816,48,0018753B,0,1,1,4294967295,0,0
oInvCollPH,864,48,0004A335,0,1,1,4294967295,0,0
oInvCollPH,880,48,002089D9,0,1,1,4294967295,0,0
oInvCollPH,896,16,00089869,0,1,1,4294967295,0,0
oInvCollPH,912,16,002CF586,0,1,1,4294967295,0,0
oInvCollPH,928,16,00285A47,0,1,1,4294967295,0,0
oInvCollPH,944,16,00345CB5,0,1,1,4294967295,0,0
oInvCollPH,944,0,003D65CC,0,1,1,4294967295,0,0
oInvCollPH,1024,16,000EE51C,0,1,1,4294967295,0,0
oInvCollPH,1024,32,0025092C,0,1,1,4294967295,0,0
oInvCollPH,1024,48,000B33AE,0,1,1,4294967295,0,0
oInvCollPH,880,256,001AA700,0,1,1,4294967295,0,0
oInvCollPH,896,256,0013F168,0,1,1,4294967295,0,0
oInvCollPH,912,256,002EF22A,0,1,1,4294967295,0,0
oInvCollPH,928,256,0009F82E,0,1,1,4294967295,0,0
oInvCollPH,944,256,000E577E,0,1,1,4294967295,0,0
oInvCollPH,960,256,00097119,0,1,1,4294967295,0,0
oInvCollPH,976,256,000FDE02,0,1,1,4294967295,0,0
oInvCollPH,992,256,000DE07D,0,1,1,4294967295,0,0
oInvCollPH,1008,256,003EBA52,0,1,1,4294967295,0,0
oInvCollPH,1008,272,001C742A,0,1,1,4294967295,0,0
oInvCollPH,896,272,0035209E,0,1,1,4294967295,0,0
oInvCollPH,912,272,0034BBC1,0,1,1,4294967295,0,0
oInvCollPH,928,272,0022B819,0,1,1,4294967295,0,0
oInvCollPH,944,272,0035624B,0,1,1,4294967295,0,0
oInvCollPH,960,272,002668A8,0,1,1,4294967295,0,0
oInvCollPH,976,272,003B81BD,0,1,1,4294967295,0,0
oInvCollPH,1024,288,00018406,0,1,1,4294967295,0,0
oInvCollPH,1040,288,002980F5,0,1,1,4294967295,0,0
oInvCollPH,1040,304,000FA2EC,0,1,1,4294967295,0,0
oInvCollPH,1040,320,003559AD,0,1,1,4294967295,0,0
oInvCollPH,1040,336,001394A1,0,1,1,4294967295,0,0
oInvCollPH,1040,352,0017B607,0,1,1,4294967295,0,0
oInvCollPH,1040,368,0014C754,0,1,1,4294967295,0,0
oInvCollPH,1024,368,0019BECD,0,1,1,4294967295,0,0
oInvCollPH,1008,368,0010E9F2,0,1,1,4294967295,0,0
oInvCollPH,992,368,003D612A,0,1,1,4294967295,0,0
oInvCollPH,992,352,0022F322,0,1,1,4294967295,0,0
oInvCollPH,992,320,0024B6D2,0,1,1,4294967295,0,0
oInvCollPH,992,304,0022A7A8,0,1,1,4294967295,0,0
oInvCollPH,416,496,0036E67F,0,1,1,4294967295,0,0
oInvCollPH,416,512,002A9106,0,1,1,4294967295,0,0
oInvCollPH,416,528,001A3726,0,1,1,4294967295,0,0
oInvCollPH,416,544,0026BDA2,0,1,1,4294967295,0,0
oInvCollPH,432,480,0037D8D1,0,1,1,4294967295,0,0
oInvCollPH,448,480,002CFCE9,0,1,1,4294967295,0,0
oInvCollPH,464,480,0034507A,0,1,1,4294967295,0,0
oInvCollPH,480,480,002D89CB,0,1,1,4294967295,0,0
oInvCollPH,496,480,002DC9E9,0,1,1,4294967295,0,0
oInvCollPH,512,480,000B2FE2,0,1,1,4294967295,0,0
oInvCollPH,528,480,00389825,0,1,1,4294967295,0,0
oInvCollPH,416,560,0025A535,0,1,1,4294967295,0,0
oInvCollPH,416,576,00097325,0,1,1,4294967295,0,0
oInvCollPH,416,592,000E8BCC,0,1,1,4294967295,0,0
oInvCollPH,400,608,002DF1E7,0,1,1,4294967295,0,0
oInvCollPH,528,512,00212C5F,0,1,1,4294967295,0,0
oInvCollPH,528,528,0003E9A5,0,1,1,4294967295,0,0
oInvCollPH,528,544,001C7A52,0,1,1,4294967295,0,0
oInvCollPH,528,560,002EEBFB,0,1,1,4294967295,0,0
oInvCollPH,528,576,002E5E46,0,1,1,4294967295,0,0
oInvCollPH,528,592,0005EB00,0,1,1,4294967295,0,0
oInvCollPH,544,608,001AAFC6,0,1,1,4294967295,0,0
oInvCollPH,656,224,00289572,0,1,1,4294967295,0,0
oInvCollPH,672,224,000EE653,0,1,1,4294967295,0,0
oInvCollPH,688,224,002A75E7,0,1,1,4294967295,0,0
oInvCollPH,704,224,001578D0,0,1,1,4294967295,0,0
oInvCollPH,720,224,002580D5,0,1,1,4294967295,0,0
oInvCollPH,736,224,002A55C1,0,1,1,4294967295,0,0
oInvCollPH,752,224,00213166,0,1,1,4294967295,0,0
oInvCollPH,768,224,000AF299,0,1,1,4294967295,0,0
oInvCollPH,784,224,0012C156,0,1,1,4294967295,0,0
oInvCollPH,800,224,0022C966,0,1,1,4294967295,0,0
oInvCollPH,816,224,000A895D,0,1,1,4294967295,0,0
oInvCollPH,832,224,000EF5D7,0,1,1,4294967295,0,0
oInvCollPH,848,224,003F47E0,0,1,1,4294967295,0,0
oInvCollPH,848,240,000C4FFB,0,1,1,4294967295,0,0
oInvCollPH,640,240,00319754,0,1,1,4294967295,0,0
oInvCollPH,640,256,0009E112,0,1,1,4294967295,0,0
oInvCollPH,640,272,0021E3E2,0,1,1,4294967295,0,0
oInvCollPH,656,272,000D5A8B,0,1,1,4294967295,0,0
oInvCollPH,672,272,001B5CF6,0,1,1,4294967295,0,0
oInvCollPH,688,272,0026762C,0,1,1,4294967295,0,0
oInvCollPH,704,272,000A1503,0,1,1,4294967295,0,0
oInvCollPH,720,272,00050360,0,1,1,4294967295,0,0
oInvCollPH,736,272,0035FBFE,0,1,1,4294967295,0,0
oInvCollPH,752,272,000FB4DD,0,1,1,4294967295,0,0
oInvCollPH,768,272,00384CCD,0,1,1,4294967295,0,0
oInvCollPH,784,272,00354780,0,1,1,4294967295,0,0
oInvCollPH,800,272,00154455,0,1,1,4294967295,0,0
oInvCollPH,816,272,002B164A,0,1,1,4294967295,0,0
oInvCollPH,1008,448,001F7035,0,1,1,4294967295,0,0
oInvCollPH,1024,448,0013EBD5,0,1,1,4294967295,0,0
oInvCollPH,1040,448,003991CA,0,1,1,4294967295,0,0
oInvCollPH,1056,448,002E0CF0,0,1,1,4294967295,0,0
oInvCollPH,1072,448,003D66C2,0,1,1,4294967295,0,0
oInvCollPH,1088,448,001C34DC,0,1,1,4294967295,0,0
oInvCollPH,1104,448,00289C5A,0,1,1,4294967295,0,0
oInvCollPH,1104,464,00170F6C,0,1,1,4294967295,0,0
oInvCollPH,1088,464,001F6D9F,0,1,1,4294967295,0,0
oInvCollPH,1072,464,0012AE08,0,1,1,4294967295,0,0
oInvCollPH,1056,464,002B461E,0,1,1,4294967295,0,0
oInvCollPH,1040,464,003404AA,0,1,1,4294967295,0,0
oInvCollPH,1024,464,00235179,0,1,1,4294967295,0,0
oInvCollPH,1008,464,0022256A,0,1,1,4294967295,0,0
oInvCollPH,992,464,00352E96,0,1,1,4294967295,0,0
oInvCollPH,1136,288,00393B5A,0,1,1,4294967295,0,0
oInvCollPH,1136,304,00264A26,0,1,1,4294967295,0,0
oInvCollPH,1136,320,002E1FDF,0,1,1,4294967295,0,0
oInvCollPH,1136,336,0031A7A0,0,1,1,4294967295,0,0
oInvCollPH,1120,304,0037E424,0,1,1,4294967295,0,0
oInvCollPH,1120,320,002C738E,0,1,1,4294967295,0,0
oInvCollPH,1120,336,00375257,0,1,1,4294967295,0,0
oInvCollPH,1120,368,0007DBD0,0,1,1,4294967295,0,0
oInvCollPH,1136,368,00179ED3,0,1,1,4294967295,0,0
oInvCollPH,1152,368,003438F0,0,1,1,4294967295,0,0
oInvCollPH,1168,368,0003288E,0,1,1,4294967295,0,0
oInvCollPH,1152,352,0008422E,0,1,1,4294967295,0,0
oInvCollPH,1168,352,001BF52F,0,1,1,4294967295,0,0
oInvCollPH,1184,352,003B2BEA,0,1,1,4294967295,0,0
oInvCollPH,1200,352,0018EB01,0,1,1,4294967295,0,0
oInvCollPH,1216,368,00223C4C,0,1,1,4294967295,0,0
oInvCollPH,1232,368,0027F77B,0,1,1,4294967295,0,0
oInvCollPH,1232,352,002EC677,0,1,1,4294967295,0,0
oInvCollPH,1232,336,00402FF5,0,1,1,4294967295,0,0
oInvCollPH,1232,320,0020F529,0,1,1,4294967295,0,0
oInvCollPH,1216,336,0019A966,0,1,1,4294967295,0,0
oInvCollPH,1216,304,000FB549,0,1,1,4294967295,0,0
oInvCollPH,1232,288,003D5CB2,0,1,1,4294967295,0,0
oInvCollPH,1248,288,00123EEB,0,1,1,4294967295,0,0
oInvCollPH,1264,288,00369222,0,1,1,4294967295,0,0
oInvCollPH,1248,304,002A8A08,0,1,1,4294967295,0,0
oInvCollPH,1264,304,00385703,0,1,1,4294967295,0,0
oInvCollPH,1280,304,000180D4,0,1,1,4294967295,0,0
oInvCollPH,1296,304,003EDB34,0,1,1,4294967295,0,0
oInvCollPH,1296,288,0017606A,0,1,1,4294967295,0,0
oInvCollPH,1296,272,000B8EE5,0,1,1,4294967295,0,0
oInvCollPH,1296,256,00113E46,0,1,1,4294967295,0,0
oInvCollPH,1280,272,0007652A,0,1,1,4294967295,0,0
oInvCollPH,1280,240,000D3DEF,0,1,1,4294967295,0,0
oInvCollPH,1296,224,0018A64A,0,1,1,4294967295,0,0
oInvCollPH,1312,224,0014C217,0,1,1,4294967295,0,0
oInvCollPH,1328,224,002E9171,0,1,1,4294967295,0,0
oInvCollPH,1344,224,002E5B5D,0,1,1,4294967295,0,0
oInvCollPH,1360,224,000F723E,0,1,1,4294967295,0,0
oInvCollPH,1312,240,002DE7E3,0,1,1,4294967295,0,0
oInvCollPH,1328,240,002EB7BA,0,1,1,4294967295,0,0
oInvCollPH,1344,240,00214629,0,1,1,4294967295,0,0
oInvCollPH,1360,240,003AD792,0,1,1,4294967295,0,0
oInvCollPH,1376,560,001977AB,0,1,1,4294967295,0,0
oInvCollPH,1392,560,0038C96E,0,1,1,4294967295,0,0
oInvCollPH,1408,560,000694CB,0,1,1,4294967295,0,0
oInvCollPH,1424,560,000C6E0F,0,1,1,4294967295,0,0
oInvCollPH,1376,528,0012B087,0,1,1,4294967295,0,0
oInvCollPH,1376,512,00232541,0,1,1,4294967295,0,0
oInvCollPH,1376,496,001517B5,0,1,1,4294967295,0,0
oInvCollPH,1376,480,003A24E3,0,1,1,4294967295,0,0
oInvCollPH,1376,464,000BEF45,0,1,1,4294967295,0,0
oInvCollPH,1376,448,000687E2,0,1,1,4294967295,0,0
oInvCollPH,1376,432,0003AF3F,0,1,1,4294967295,0,0
oInvCollPH,1376,416,0005B0D6,0,1,1,4294967295,0,0
oInvCollPH,1376,256,003D45BB,0,1,1,4294967295,0,0
oInvCollPH,1376,272,00145CD0,0,1,1,4294967295,0,0
oInvCollPH,1376,288,0013299D,0,1,1,4294967295,0,0
oInvCollPH,1376,304,0030860C,0,1,1,4294967295,0,0
oInvCollPH,1376,320,002D29AF,0,1,1,4294967295,0,0
oInvCollPH,1376,336,00251A51,0,1,1,4294967295,0,0
oInvCollPH,1376,352,003DF1A9,0,1,1,4294967295,0,0
oInvCollPH,1376,368,0038837F,0,1,1,4294967295,0,0
oInvCollPH,1376,384,000D22F1,0,1,1,4294967295,0,0
oInvCollPH,1376,400,003EA72D,0,1,1,4294967295,0,0
oInvCollPH,1088,96,00332CF0,0,1,1,4294967295,0,0
oInvCollPH,1088,112,00271C71,0,1,1,4294967295,0,0
oInvCollPH,1104,112,002A3CCA,0,1,1,4294967295,0,0
oInvCollPH,1264,144,001869A5,0,1,1,4294967295,0,0
oInvCollPH,1248,144,00174212,0,1,1,4294967295,0,0
oInvCollPH,1232,144,000E1AB1,0,1,1,4294967295,0,0
oInvCollPH,1216,144,000129AC,0,1,1,4294967295,0,0
oInvCollPH,1200,144,002BECC7,0,1,1,4294967295,0,0
oInvCollPH,1184,144,000D91BB,0,1,1,4294967295,0,0
oInvCollPH,1168,144,00146C1D,0,1,1,4294967295,0,0
oInvCollPH,1152,144,002F9F97,0,1,1,4294967295,0,0
oInvCollPH,1136,144,001413DF,0,1,1,4294967295,0,0
oInvCollPH,1120,144,002E82C5,0,1,1,4294967295,0,0
oInvCollPH,1120,128,0034E9ED,0,1,1,4294967295,0,0
oInvCollPH,1344,144,000990BD,0,1,1,4294967295,0,0
oInvCollPH,1360,144,0021CBAB,0,1,1,4294967295,0,0
oInvCollPH,1376,144,00310CC8,0,1,1,4294967295,0,0
oInvCollPH,1392,144,00005DD2,0,1,1,4294967295,0,0
oInvCollPH,1408,144,000DD7AA,0,1,1,4294967295,0,0
oInvCollPH,1424,144,0004E692,0,1,1,4294967295,0,0
oInvCollPH,1280,144,00365C20,0,1,1,4294967295,0,0
oInvCollPH,1296,144,0011B947,0,1,1,4294967295,0,0
oInvCollPH,1312,144,00389CCA,0,1,1,4294967295,0,0
oInvCollPH,1328,144,00086637,0,1,1,4294967295,0,0
oInvCollPH,880,32,0020F202,0,1,1,4294967295,0,0
oInvCollPH,128,352,0017A3F0,0,1,1,4294967295,0,0
oInvCollPH,144,480,000341C3,0,1,1,4294967295,0,0
oInvCollPH,144,464,000895AC,0,1,1,4294967295,0,0
oInvCollPH,144,448,00144065,0,1,1,4294967295,0,0
oInvCollPH,144,432,001BD8D1,0,1,1,4294967295,0,0
oInvCollPH,144,416,000D1517,0,1,1,4294967295,0,0
oInvCollPH,128,432,003596D1,0,1,1,4294967295,0,0
oInvCollPH,128,448,00224456,0,1,1,4294967295,0,0
oInvCollPH,128,464,00186AE4,0,1,1,4294967295,0,0
oInvCollPH,128,480,002B1241,0,1,1,4294967295,0,0
oInvCollPH,128,496,0012C5B3,0,1,1,4294967295,0,0
oInvisibleSolid,1376,224,00403DE7,0,1,1,4294967295,0,1
oInvisibleSolid,1280,224,001F3866,0,1,1,4294967295,0,1
oInvisibleSolid,1280,256,002E9D6A,0,1,1,4294967295,0,1
oInvisibleSolid,1216,288,002139EA,0,1,1,4294967295,0,1
oInvisibleSolid,1216,320,001DFC68,0,1,1,4294967295,0,1
oInvisibleSolid,1120,288,00215374,0,1,1,4294967295,0,1
oInvisibleSolid,1120,352,0012CFCB,0,1,1,4294967295,0,1
oInvisibleSolid,1184,384,003D8DBC,0,1,1,4294967295,0,1
oInvisibleSolid,1312,544,00274E6F,0,1,1,4294967295,0,1
oInvisibleSolid,1216,608,0024FA1B,0,1,1,4294967295,0,1
oInvisibleSolid,1184,480,0016DF56,0,1,1,4294967295,0,1
oInvisibleSolid,992,448,00317DE5,0,1,1,4294967295,0,1
oInvisibleSolid,960,336,000A32C2,0,1,1,4294967295,0,1
oInvisibleSolid,992,288,00306270,0,1,1,4294967295,0,1
oInvisibleSolid,1056,208,0018DC39,0,1,1,4294967295,0,1
oInvisibleSolid,1120,0,003C66BC,0,1,1,4294967295,0,1
oInvisibleSolid,1088,0,001324AD,0,1,1,4294967295,0,1
oInvisibleSolid,1024,0,000E9359,0,1,1,4294967295,0,1
oInvisibleSolid,832,64,002AA167,0,1,1,4294967295,0,1
oInvisibleSolid,0,0,0023E36F,0,1,1,4294967295,0,1
oInvisibleSolid,0,128,0027CA12,0,1,1,4294967295,0,1
oInvisibleSolid,0,160,000CF845,0,1,1,4294967295,0,1
oInvisibleSolid,0,256,002223CA,0,1,1,4294967295,0,1
oInvisibleSolid,64,352,00268522,0,1,1,4294967295,0,1
oInvisibleSolid,128,416,00011A28,0,1,1,4294967295,0,1
oInvisibleSolid,288,320,00261387,0,1,1,4294967295,0,1
oInvisibleSolid,256,320,00298BE5,0,1,1,4294967295,0,1
oInvisibleSolid,224,384,003394A9,0,1,1,4294967295,0,1
oInvisibleSolid,224,544,000FC805,0,1,1,4294967295,0,1
oInvisibleSolid,192,512,000BB4F0,0,1,1,4294967295,0,1
oInvisibleSolid,128,512,00311734,0,1,1,4294967295,0,1
oInvisibleSolid,0,480,00109926,0,1,1,4294967295,0,1
oInvisibleSolid,0,576,0024FDD7,0,1,1,4294967295,0,1
oInvisibleSolid,64,640,0034F515,0,1,1,4294967295,0,1
oInvisibleSolid,416,480,003795A5,0,1,1,4294967295,0,1
oInvisibleSolid,544,208,00179219,0,1,1,4294967295,0,1
oInvisibleSolid,640,112,003F6828,0,1,1,4294967295,0,1
oInvisibleSolid,736,112,0010B3DD,0,1,1,4294967295,0,1
oInvisibleSolid,928,176,00193E95,0,1,1,4294967295,0,1
oInvisibleSolid,192,160,0026422C,0,1,1,4294967295,0,1
oInvisibleSolid,288,160,0006072F,0,1,1,4294967295,0,1
oInvisibleSolid,416,192,001000E9,0,1,1,4294967295,0,1
oInvisibleSolid,480,272,001347E4,0,1,1,4294967295,0,1
oInvisibleSolid,640,224,00337F1D,0,1,1,4294967295,0,1
oInvisibleSolid,864,256,0018E305,0,1,1,4294967295,0,1
oInvisibleSolid,832,256,0006E055,0,1,1,4294967295,0,1
oInvisibleSolid,640,352,00368FF2,0,1,1,4294967295,0,1
oInvisibleSolid,576,416,001FCFEE,0,1,1,4294967295,0,1
oInvisibleSolid,544,480,0031C0C4,0,1,1,4294967295,0,1
oInvisibleSolid,896,0,001F3666,0,1,1,4294967295,0,1
oInvisibleSolid,384,608,000F2EF2,0,1,1,4294967295,0,1
oMapDoor,392,576,00111B9D,0,1,1,4294967295,0,1
oMapDoor,552,576,00276D17,0,1,1,4294967295,0,1
