oExit,1328,416,003BA3E4,0,1,1,4294967295,0,1
oBlownUpPixel,528,208,003BCB1E,0,1,1,4294967295,0,1
oBlownUpPixel,544,224,0024244E,0,1,1,4294967295,0,1
oBlownUpPixel,528,224,002279B1,0,1,1,4294967295,0,0
oBlownUpPixel,544,208,0012BB80,0,1,1,4294967295,0,0
oBlownUpPixel,288,304,0034A1C6,0,1,1,4294967295,0,0
oBlownUpPixel,480,592,0006E34F,0,1,1,4294967295,0,0
oBlownUpPixel,608,656,00212679,0,1,1,4294967295,0,0
oBlownUpPixel,144,592,000C1BF2,0,1,1,4294967295,0,1
oBlownUpPixel,1264,640,003BE3C2,0,1,1,4294967295,0,0
oBlownUpPixel,1248,656,003D2EFD,0,1,1,4294967295,0,0
oBlownUpPixel,1264,672,0035DD90,0,1,1,4294967295,0,0
oBlownUpPixel,1248,688,00327C7C,0,1,1,4294967295,0,0
oBlownUpPixel,1184,640,00003C5A,0,1,1,4294967295,0,1
oBlownUpPixel,1168,656,002111AA,0,1,1,4294967295,0,1
oBlownUpPixel,1184,672,0010C668,0,1,1,4294967295,0,1
oBlownUpPixel,1168,688,000B8857,0,1,1,4294967295,0,1
oBlownUpPixel,448,80,0004351C,0,1,1,4294967295,0,1
oBlownUpPixel,448,112,000265F2,0,1,1,4294967295,0,1
oBlownUpPixel,480,112,000DF803,0,1,1,4294967295,0,1
oBlownUpPixel,480,80,00022B0B,0,1,1,4294967295,0,1
oBlownUpPixel,464,80,0020E23E,0,1,1,4294967295,0,0
oBlownUpPixel,448,96,000CBC5B,0,1,1,4294967295,0,0
oBlownUpPixel,464,96,003DC13F,0,1,1,4294967295,0,1
oBlownUpPixel,480,96,00390FB4,0,1,1,4294967295,0,0
oBlownUpPixel,464,112,002AF55D,0,1,1,4294967295,0,0
oBlownUpPixel,1248,112,001B718A,0,1,1,4294967295,0,1
oBlownUpPixel,1232,96,0018B2A0,0,1,1,4294967295,0,1
oBlownUpPixel,1232,112,002B23B6,0,1,1,4294967295,0,0
oBlownUpPixel,1248,96,00108F81,0,1,1,4294967295,0,0
oBlownUpPixel,704,192,001CD69B,0,1,1,4294967295,0,0
oBlownUpPixel,1008,192,001C1C08,0,1,1,4294967295,0,1
oBlownUpPixel,192,64,0020881B,0,1,1,4294967295,0,0
oBlownUpPixel,192,112,00138597,0,1,1,4294967295,0,1
oAPBoost,1224,664,001ACABB,0,1,1,4294967295,0,1
oAPBoost,472,104,00066249,0,1,1,4294967295,0,1
oMoneyChest,1248,128,0001EDA8,0,1,1,4294967295,0,1
oLargeJumper,68,616,00243A3E,0,1,1,4294967295,0,0
oLargeJumper,164,424,002A985A,0,1,1,4294967295,0,0
oLargeJumper,68,232,0003E8E5,0,1,1,4294967295,0,0
oPlayer1,1296,448,002385E3,0,1,1,4294967295,0,0
oInvCollPH,592,192,002CF195,0,1,1,4294967295,0,0
oInvCollPH,608,192,00022E59,0,1,1,4294967295,0,0
oInvCollPH,624,192,0032B75B,0,1,1,4294967295,0,0
oInvCollPH,576,208,002531AA,0,1,1,4294967295,0,0
oInvCollPH,576,224,003901A6,0,1,1,4294967295,0,0
oInvCollPH,576,240,003B202A,0,1,1,4294967295,0,0
oInvCollPH,592,240,00103698,0,1,1,4294967295,0,0
oInvCollPH,608,240,0022EE97,0,1,1,4294967295,0,0
oInvCollPH,624,240,001696D0,0,1,1,4294967295,0,0
oInvCollPH,688,240,003A3D45,0,1,1,4294967295,0,0
oInvCollPH,688,224,000926CD,0,1,1,4294967295,0,0
oInvCollPH,688,208,001608A0,0,1,1,4294967295,0,0
oInvCollPH,688,192,0016F95D,0,1,1,4294967295,0,0
oInvCollPH,640,144,0015D297,0,1,1,4294967295,0,0
oInvCollPH,640,160,0011A2B9,0,1,1,4294967295,0,0
oInvCollPH,640,176,002E3FEC,0,1,1,4294967295,0,0
oInvCollPH,704,176,0012D21D,0,1,1,4294967295,0,0
oInvCollPH,720,176,002778C7,0,1,1,4294967295,0,0
oInvCollPH,736,176,00153142,0,1,1,4294967295,0,0
oInvCollPH,752,176,00389688,0,1,1,4294967295,0,0
oInvCollPH,752,160,00385281,0,1,1,4294967295,0,0
oInvCollPH,752,144,000E1931,0,1,1,4294967295,0,0
oInvCollPH,752,128,0030AAC3,0,1,1,4294967295,0,0
oInvCollPH,640,272,0034E12E,0,1,1,4294967295,0,0
oInvCollPH,640,288,002763F9,0,1,1,4294967295,0,0
oInvCollPH,640,304,000174F7,0,1,1,4294967295,0,0
oInvCollPH,656,304,0023E273,0,1,1,4294967295,0,0
oInvCollPH,672,304,0020D23C,0,1,1,4294967295,0,0
oInvCollPH,688,304,00299601,0,1,1,4294967295,0,0
oInvCollPH,704,304,00017F4E,0,1,1,4294967295,0,0
oInvCollPH,720,304,0012D8C9,0,1,1,4294967295,0,0
oInvCollPH,736,304,001A5C4F,0,1,1,4294967295,0,0
oInvCollPH,752,304,000DB864,0,1,1,4294967295,0,0
oInvCollPH,752,288,001F2EF3,0,1,1,4294967295,0,0
oInvCollPH,752,272,000AECCF,0,1,1,4294967295,0,0
oInvCollPH,752,256,002F58E1,0,1,1,4294967295,0,0
oInvCollPH,736,256,0005410F,0,1,1,4294967295,0,0
oInvCollPH,720,256,0027BC87,0,1,1,4294967295,0,0
oInvCollPH,704,256,0036F187,0,1,1,4294967295,0,0
oInvCollPH,832,208,0032D1A2,0,1,1,4294967295,0,0
oInvCollPH,832,224,002B1CD1,0,1,1,4294967295,0,0
oInvCollPH,832,240,0004D48A,0,1,1,4294967295,0,0
oInvCollPH,848,240,0032732F,0,1,1,4294967295,0,0
oInvCollPH,864,240,001954CA,0,1,1,4294967295,0,0
oInvCollPH,880,240,00053447,0,1,1,4294967295,0,0
oInvCollPH,896,240,002A1858,0,1,1,4294967295,0,0
oInvCollPH,912,240,0009B105,0,1,1,4294967295,0,0
oInvCollPH,928,240,0002CE31,0,1,1,4294967295,0,0
oInvCollPH,944,240,00085F8A,0,1,1,4294967295,0,0
oInvCollPH,944,224,003B4DA6,0,1,1,4294967295,0,0
oInvCollPH,944,208,003ACFCB,0,1,1,4294967295,0,0
oInvCollPH,944,192,001D28EC,0,1,1,4294967295,0,0
oInvCollPH,928,192,00198B7D,0,1,1,4294967295,0,0
oInvCollPH,912,192,001C95F2,0,1,1,4294967295,0,0
oInvCollPH,896,192,003DC096,0,1,1,4294967295,0,0
oInvCollPH,880,192,0017F259,0,1,1,4294967295,0,0
oInvCollPH,864,192,000106B6,0,1,1,4294967295,0,0
oInvCollPH,848,192,0021B042,0,1,1,4294967295,0,0
oInvCollPH,448,176,0027F25B,0,1,1,4294967295,0,0
oInvCollPH,464,176,0016F053,0,1,1,4294967295,0,0
oInvCollPH,480,176,00154309,0,1,1,4294967295,0,0
oInvCollPH,496,176,001E4483,0,1,1,4294967295,0,0
oInvCollPH,496,160,00306490,0,1,1,4294967295,0,0
oInvCollPH,496,144,001DD06B,0,1,1,4294967295,0,0
oInvCollPH,496,128,002FC637,0,1,1,4294967295,0,0
oInvCollPH,480,128,0006EFFB,0,1,1,4294967295,0,0
oInvCollPH,464,128,002FDE87,0,1,1,4294967295,0,0
oInvCollPH,432,64,0007A800,0,1,1,4294967295,0,0
oInvCollPH,432,80,00346691,0,1,1,4294967295,0,0
oInvCollPH,432,96,0001727B,0,1,1,4294967295,0,0
oInvCollPH,432,112,003ECDAB,0,1,1,4294967295,0,0
oInvCollPH,832,336,00017FDC,0,1,1,4294967295,0,0
oInvCollPH,832,352,00291CF2,0,1,1,4294967295,0,0
oInvCollPH,832,368,0022489A,0,1,1,4294967295,0,0
oInvCollPH,832,384,000596AB,0,1,1,4294967295,0,0
oInvCollPH,832,400,00294D49,0,1,1,4294967295,0,0
oInvCollPH,832,416,001B6601,0,1,1,4294967295,0,0
oInvCollPH,832,432,003DD0F3,0,1,1,4294967295,0,0
oInvCollPH,848,320,003AC173,0,1,1,4294967295,0,0
oInvCollPH,864,320,00106B77,0,1,1,4294967295,0,0
oInvCollPH,880,320,00082097,0,1,1,4294967295,0,0
oInvCollPH,896,320,003871D7,0,1,1,4294967295,0,0
oInvCollPH,912,320,003AD451,0,1,1,4294967295,0,0
oInvCollPH,928,320,0010DFCA,0,1,1,4294967295,0,0
oInvCollPH,944,320,003D2040,0,1,1,4294967295,0,0
oInvCollPH,944,336,00077EFF,0,1,1,4294967295,0,0
oInvCollPH,944,352,0028B7D7,0,1,1,4294967295,0,0
oInvCollPH,944,368,0010DF52,0,1,1,4294967295,0,0
oInvCollPH,944,384,00399694,0,1,1,4294967295,0,0
oInvCollPH,944,400,0004BE54,0,1,1,4294967295,0,0
oInvCollPH,944,416,000769F2,0,1,1,4294967295,0,0
oInvCollPH,944,432,0034E3E2,0,1,1,4294967295,0,0
oInvCollPH,1024,208,0033D701,0,1,1,4294967295,0,0
oInvCollPH,1024,224,003CAB30,0,1,1,4294967295,0,0
oInvCollPH,1024,240,003AB91A,0,1,1,4294967295,0,0
oInvCollPH,1024,256,0017843A,0,1,1,4294967295,0,0
oInvCollPH,1024,272,0035EFF3,0,1,1,4294967295,0,0
oInvCollPH,1024,288,001F00AE,0,1,1,4294967295,0,0
oInvCollPH,1024,304,001B328D,0,1,1,4294967295,0,0
oInvCollPH,1040,304,002D15FC,0,1,1,4294967295,0,0
oInvCollPH,1056,304,003E1EF6,0,1,1,4294967295,0,0
oInvCollPH,1072,304,003B284B,0,1,1,4294967295,0,0
oInvCollPH,1088,304,0018FF2B,0,1,1,4294967295,0,0
oInvCollPH,1104,304,00102F07,0,1,1,4294967295,0,0
oInvCollPH,1120,304,0022B45F,0,1,1,4294967295,0,0
oInvCollPH,1136,304,003E0B7F,0,1,1,4294967295,0,0
oInvCollPH,1136,288,00367C31,0,1,1,4294967295,0,0
oInvCollPH,1136,272,001CE716,0,1,1,4294967295,0,0
oInvCollPH,1136,256,002E1448,0,1,1,4294967295,0,0
oInvCollPH,1136,240,0007E88D,0,1,1,4294967295,0,0
oInvCollPH,1136,224,002B7D8F,0,1,1,4294967295,0,0
oInvCollPH,1136,208,000ACF78,0,1,1,4294967295,0,0
oInvCollPH,1136,192,00031D48,0,1,1,4294967295,0,0
oInvCollPH,1120,192,00351A13,0,1,1,4294967295,0,0
oInvCollPH,1104,192,000AF19C,0,1,1,4294967295,0,0
oInvCollPH,1088,192,0012D1CE,0,1,1,4294967295,0,0
oInvCollPH,1072,192,0031DECB,0,1,1,4294967295,0,0
oInvCollPH,1056,192,000680BB,0,1,1,4294967295,0,0
oInvCollPH,1040,192,00146845,0,1,1,4294967295,0,0
oInvCollPH,1024,400,0033052C,0,1,1,4294967295,0,0
oInvCollPH,1024,416,0028904D,0,1,1,4294967295,0,0
oInvCollPH,1024,432,0030F492,0,1,1,4294967295,0,0
oInvCollPH,1040,384,002D0773,0,1,1,4294967295,0,0
oInvCollPH,1056,384,003A723E,0,1,1,4294967295,0,0
oInvCollPH,1072,384,00170BFB,0,1,1,4294967295,0,0
oInvCollPH,1088,384,000C17BA,0,1,1,4294967295,0,0
oInvCollPH,1104,384,00132CE8,0,1,1,4294967295,0,0
oInvCollPH,1120,384,0004AE80,0,1,1,4294967295,0,0
oInvCollPH,1136,384,00181DC8,0,1,1,4294967295,0,0
oInvCollPH,1136,400,0036478C,0,1,1,4294967295,0,0
oInvCollPH,1136,416,00118396,0,1,1,4294967295,0,0
oInvCollPH,1136,432,0022E237,0,1,1,4294967295,0,0
oInvCollPH,784,448,00199E6D,0,1,1,4294967295,0,0
oInvCollPH,800,448,002EA1DA,0,1,1,4294967295,0,0
oInvCollPH,816,448,001DF78D,0,1,1,4294967295,0,0
oInvCollPH,960,448,0012D64D,0,1,1,4294967295,0,0
oInvCollPH,976,448,001047F7,0,1,1,4294967295,0,0
oInvCollPH,992,448,0023AF11,0,1,1,4294967295,0,0
oInvCollPH,1008,448,001EAD12,0,1,1,4294967295,0,0
oInvCollPH,1152,448,001550B3,0,1,1,4294967295,0,0
oInvCollPH,1168,448,003DF502,0,1,1,4294967295,0,0
oInvCollPH,1184,448,0038A942,0,1,1,4294967295,0,0
oInvCollPH,1200,448,00118882,0,1,1,4294967295,0,0
oInvCollPH,1216,448,0026D342,0,1,1,4294967295,0,0
oInvCollPH,1232,448,00062C0F,0,1,1,4294967295,0,0
oInvCollPH,1248,448,002202C7,0,1,1,4294967295,0,0
oInvCollPH,1264,448,0002E46F,0,1,1,4294967295,0,0
oInvCollPH,1280,448,000B52EF,0,1,1,4294967295,0,0
oInvCollPH,1296,448,0012F843,0,1,1,4294967295,0,0
oInvCollPH,1312,448,001D7467,0,1,1,4294967295,0,0
oInvCollPH,1328,448,0009B6D4,0,1,1,4294967295,0,0
oInvCollPH,592,384,001B9802,0,1,1,4294967295,0,0
oInvCollPH,608,384,00119237,0,1,1,4294967295,0,0
oInvCollPH,624,384,003C207A,0,1,1,4294967295,0,0
oInvCollPH,640,384,00253855,0,1,1,4294967295,0,0
oInvCollPH,656,384,0015E73C,0,1,1,4294967295,0,0
oInvCollPH,672,384,0020034A,0,1,1,4294967295,0,0
oInvCollPH,688,384,001BDAE0,0,1,1,4294967295,0,0
oInvCollPH,704,384,00087FFE,0,1,1,4294967295,0,0
oInvCollPH,720,384,00182EE4,0,1,1,4294967295,0,0
oInvCollPH,736,384,00325AAE,0,1,1,4294967295,0,0
oInvCollPH,752,384,000D17E3,0,1,1,4294967295,0,0
oInvCollPH,752,400,002E5789,0,1,1,4294967295,0,0
oInvCollPH,752,416,00063F83,0,1,1,4294967295,0,0
oInvCollPH,752,432,002F8842,0,1,1,4294967295,0,0
oInvCollPH,512,320,0003D136,0,1,1,4294967295,0,0
oInvCollPH,528,320,003E7C23,0,1,1,4294967295,0,0
oInvCollPH,544,320,000CD504,0,1,1,4294967295,0,0
oInvCollPH,560,320,0019DCBE,0,1,1,4294967295,0,0
oInvCollPH,560,336,002DCC97,0,1,1,4294967295,0,0
oInvCollPH,560,352,00370515,0,1,1,4294967295,0,0
oInvCollPH,560,368,00158179,0,1,1,4294967295,0,0
oInvCollPH,448,48,0031D37F,0,1,1,4294967295,0,0
oInvCollPH,464,48,002AEC12,0,1,1,4294967295,0,0
oInvCollPH,480,48,0005DC70,0,1,1,4294967295,0,0
oInvCollPH,496,48,0034BEDF,0,1,1,4294967295,0,0
oInvCollPH,512,48,00352E68,0,1,1,4294967295,0,0
oInvCollPH,528,48,001A18EF,0,1,1,4294967295,0,0
oInvCollPH,544,48,004046B6,0,1,1,4294967295,0,0
oInvCollPH,560,48,0027041D,0,1,1,4294967295,0,0
oInvCollPH,1152,48,00302227,0,1,1,4294967295,0,0
oInvCollPH,1168,48,00362426,0,1,1,4294967295,0,0
oInvCollPH,1184,48,002F40A7,0,1,1,4294967295,0,0
oInvCollPH,1200,48,0006466D,0,1,1,4294967295,0,0
oInvCollPH,1216,48,002081B4,0,1,1,4294967295,0,0
oInvCollPH,1232,48,0012CBEA,0,1,1,4294967295,0,0
oInvCollPH,1248,48,00034F0C,0,1,1,4294967295,0,0
oInvCollPH,1264,48,002C9FA0,0,1,1,4294967295,0,0
oInvCollPH,1280,80,003FF40D,0,1,1,4294967295,0,0
oInvCollPH,1280,96,001BD5EC,0,1,1,4294967295,0,0
oInvCollPH,1280,112,0002BFC7,0,1,1,4294967295,0,0
oInvCollPH,1232,128,000AD967,0,1,1,4294967295,0,0
oInvCollPH,1248,128,00161DFA,0,1,1,4294967295,0,0
oInvCollPH,1264,128,003F917E,0,1,1,4294967295,0,0
oInvCollPH,1216,144,00213054,0,1,1,4294967295,0,0
oInvCollPH,1216,160,000E7256,0,1,1,4294967295,0,0
oInvCollPH,1216,176,0009E490,0,1,1,4294967295,0,0
oInvCollPH,1216,192,0008833D,0,1,1,4294967295,0,0
oInvCollPH,1216,208,0037007E,0,1,1,4294967295,0,0
oInvCollPH,1216,224,002EEA58,0,1,1,4294967295,0,0
oInvCollPH,1216,240,00354AED,0,1,1,4294967295,0,0
oInvCollPH,1216,256,00173993,0,1,1,4294967295,0,0
oInvCollPH,1216,272,00268FBC,0,1,1,4294967295,0,0
oInvCollPH,1216,288,00277598,0,1,1,4294967295,0,0
oInvCollPH,1216,304,003176DE,0,1,1,4294967295,0,0
oInvCollPH,1216,320,000860C8,0,1,1,4294967295,0,0
oInvCollPH,1216,336,00379DF3,0,1,1,4294967295,0,0
oInvCollPH,1216,352,00223D87,0,1,1,4294967295,0,0
oInvCollPH,1216,368,00322968,0,1,1,4294967295,0,0
oInvCollPH,1232,368,00234884,0,1,1,4294967295,0,0
oInvCollPH,1248,368,000BA225,0,1,1,4294967295,0,0
oInvCollPH,1264,368,000EF954,0,1,1,4294967295,0,0
oInvCollPH,1280,368,003B5D54,0,1,1,4294967295,0,0
oInvCollPH,1296,368,00296FD8,0,1,1,4294967295,0,0
oInvCollPH,1312,368,001A9603,0,1,1,4294967295,0,0
oInvCollPH,1328,368,001C2C4C,0,1,1,4294967295,0,0
oInvCollPH,576,64,0021AB66,0,1,1,4294967295,0,0
oInvCollPH,576,80,0014EA00,0,1,1,4294967295,0,0
oInvCollPH,576,96,0012B6F4,0,1,1,4294967295,0,0
oInvCollPH,576,112,00024627,0,1,1,4294967295,0,0
oInvCollPH,592,112,0014B148,0,1,1,4294967295,0,0
oInvCollPH,608,112,001D7A8E,0,1,1,4294967295,0,0
oInvCollPH,624,112,0013292D,0,1,1,4294967295,0,0
oInvCollPH,768,112,002D5CD1,0,1,1,4294967295,0,0
oInvCollPH,784,112,000C7F1C,0,1,1,4294967295,0,0
oInvCollPH,800,112,0008F420,0,1,1,4294967295,0,0
oInvCollPH,816,112,003767F7,0,1,1,4294967295,0,0
oInvCollPH,832,112,000B2ABC,0,1,1,4294967295,0,0
oInvCollPH,848,112,0000BB6F,0,1,1,4294967295,0,0
oInvCollPH,864,112,0031DAD2,0,1,1,4294967295,0,0
oInvCollPH,880,112,0028D667,0,1,1,4294967295,0,0
oInvCollPH,896,112,000B3AB9,0,1,1,4294967295,0,0
oInvCollPH,912,112,002412DB,0,1,1,4294967295,0,0
oInvCollPH,928,112,0027D1C5,0,1,1,4294967295,0,0
oInvCollPH,944,112,000B8AFD,0,1,1,4294967295,0,0
oInvCollPH,960,112,0031B4A4,0,1,1,4294967295,0,0
oInvCollPH,976,112,000D2C09,0,1,1,4294967295,0,0
oInvCollPH,992,112,001AB71F,0,1,1,4294967295,0,0
oInvCollPH,1008,112,002AB15C,0,1,1,4294967295,0,0
oInvCollPH,1024,112,00333779,0,1,1,4294967295,0,0
oInvCollPH,1040,112,002EF25A,0,1,1,4294967295,0,0
oInvCollPH,1056,112,0006FAFB,0,1,1,4294967295,0,0
oInvCollPH,1072,112,0025EE6E,0,1,1,4294967295,0,0
oInvCollPH,1088,112,00191B7E,0,1,1,4294967295,0,0
oInvCollPH,1104,112,0034785F,0,1,1,4294967295,0,0
oInvCollPH,1120,112,0026B07F,0,1,1,4294967295,0,0
oInvCollPH,1136,112,0031A48D,0,1,1,4294967295,0,0
oInvCollPH,1136,96,0037C279,0,1,1,4294967295,0,0
oInvCollPH,1136,80,003E208C,0,1,1,4294967295,0,0
oInvCollPH,1136,64,0037A187,0,1,1,4294967295,0,0
oInvCollPH,320,208,0004301A,0,1,1,4294967295,0,0
oInvCollPH,320,224,00017A44,0,1,1,4294967295,0,0
oInvCollPH,320,240,003C58ED,0,1,1,4294967295,0,0
oInvCollPH,336,240,00245B74,0,1,1,4294967295,0,0
oInvCollPH,352,240,00159EB5,0,1,1,4294967295,0,0
oInvCollPH,368,240,0027AFA5,0,1,1,4294967295,0,0
oInvCollPH,368,224,00284801,0,1,1,4294967295,0,0
oInvCollPH,368,208,0011E02D,0,1,1,4294967295,0,0
oInvCollPH,368,192,002F6057,0,1,1,4294967295,0,0
oInvCollPH,320,80,000AF754,0,1,1,4294967295,0,0
oInvCollPH,320,96,003C006A,0,1,1,4294967295,0,0
oInvCollPH,320,112,001E95BA,0,1,1,4294967295,0,0
oInvCollPH,320,128,00364564,0,1,1,4294967295,0,0
oInvCollPH,320,144,00133DCD,0,1,1,4294967295,0,0
oInvCollPH,320,160,000F992D,0,1,1,4294967295,0,0
oInvCollPH,320,176,00178EB1,0,1,1,4294967295,0,0
oInvCollPH,384,176,002F88C7,0,1,1,4294967295,0,0
oInvCollPH,400,176,003550C5,0,1,1,4294967295,0,0
oInvCollPH,416,176,003BCBBA,0,1,1,4294967295,0,0
oInvCollPH,432,176,0024D4C6,0,1,1,4294967295,0,0
oInvCollPH,304,48,00095783,0,1,1,4294967295,0,0
oInvCollPH,288,48,0018378E,0,1,1,4294967295,0,0
oInvCollPH,272,48,00210D20,0,1,1,4294967295,0,0
oInvCollPH,256,48,0000E00A,0,1,1,4294967295,0,0
oInvCollPH,240,48,00180CEA,0,1,1,4294967295,0,0
oInvCollPH,224,48,0030706F,0,1,1,4294967295,0,0
oInvCollPH,208,48,00056BF0,0,1,1,4294967295,0,0
oInvCollPH,192,48,003A4DB5,0,1,1,4294967295,0,0
oInvCollPH,176,48,00090329,0,1,1,4294967295,0,0
oInvCollPH,160,48,003D453F,0,1,1,4294967295,0,0
oInvCollPH,144,48,0027D7F9,0,1,1,4294967295,0,0
oInvCollPH,128,48,003EAC71,0,1,1,4294967295,0,0
oInvCollPH,112,48,000B3BAC,0,1,1,4294967295,0,0
oInvCollPH,96,48,00077E41,0,1,1,4294967295,0,0
oInvCollPH,80,48,003A678D,0,1,1,4294967295,0,0
oInvCollPH,64,48,0017D16D,0,1,1,4294967295,0,0
oInvCollPH,128,144,00384116,0,1,1,4294967295,0,0
oInvCollPH,128,160,000351A7,0,1,1,4294967295,0,0
oInvCollPH,128,176,00366395,0,1,1,4294967295,0,0
oInvCollPH,144,176,0036CFB9,0,1,1,4294967295,0,0
oInvCollPH,160,176,002B6B46,0,1,1,4294967295,0,0
oInvCollPH,176,176,000583EB,0,1,1,4294967295,0,0
oInvCollPH,144,128,0026DBD3,0,1,1,4294967295,0,0
oInvCollPH,160,128,002D6978,0,1,1,4294967295,0,0
oInvCollPH,176,128,003824B8,0,1,1,4294967295,0,0
oInvCollPH,192,128,0034CF7C,0,1,1,4294967295,0,0
oInvCollPH,208,128,00213058,0,1,1,4294967295,0,0
oInvCollPH,224,128,003CBC71,0,1,1,4294967295,0,0
oInvCollPH,240,128,00024C70,0,1,1,4294967295,0,0
oInvCollPH,240,144,00169468,0,1,1,4294967295,0,0
oInvCollPH,240,160,000585A8,0,1,1,4294967295,0,0
oInvCollPH,240,176,0003704A,0,1,1,4294967295,0,0
oInvCollPH,80,256,000A329A,0,1,1,4294967295,0,0
oInvCollPH,96,256,000FD4B4,0,1,1,4294967295,0,0
oInvCollPH,112,256,00381E6D,0,1,1,4294967295,0,0
oInvCollPH,112,272,00062331,0,1,1,4294967295,0,0
oInvCollPH,112,288,00287AB4,0,1,1,4294967295,0,0
oInvCollPH,112,304,0023ACC6,0,1,1,4294967295,0,0
oInvCollPH,112,320,001B0328,0,1,1,4294967295,0,0
oInvCollPH,112,336,00025251,0,1,1,4294967295,0,0
oInvCollPH,112,352,00129245,0,1,1,4294967295,0,0
oInvCollPH,112,368,0012E59E,0,1,1,4294967295,0,0
oInvCollPH,96,368,002986DD,0,1,1,4294967295,0,0
oInvCollPH,80,368,00197E6C,0,1,1,4294967295,0,0
oInvCollPH,64,368,0008A5E4,0,1,1,4294967295,0,0
oInvCollPH,320,656,000AB6B9,0,1,1,4294967295,0,0
oInvCollPH,320,672,00182AA4,0,1,1,4294967295,0,0
oInvCollPH,320,688,0026545B,0,1,1,4294967295,0,0
oInvCollPH,336,640,001E57C8,0,1,1,4294967295,0,0
oInvCollPH,352,640,001FC0B7,0,1,1,4294967295,0,0
oInvCollPH,368,640,003BF971,0,1,1,4294967295,0,0
oInvCollPH,384,640,00261999,0,1,1,4294967295,0,0
oInvCollPH,400,640,002378D8,0,1,1,4294967295,0,0
oInvCollPH,416,640,0025FFAF,0,1,1,4294967295,0,0
oInvCollPH,432,640,003DAFDC,0,1,1,4294967295,0,0
oInvCollPH,448,640,002BA4BE,0,1,1,4294967295,0,0
oInvCollPH,464,640,003FD96D,0,1,1,4294967295,0,0
oInvCollPH,480,640,0004D7F0,0,1,1,4294967295,0,0
oInvCollPH,496,640,003967F8,0,1,1,4294967295,0,0
oInvCollPH,512,640,00233168,0,1,1,4294967295,0,0
oInvCollPH,528,640,0022D3DB,0,1,1,4294967295,0,0
oInvCollPH,544,640,0035E265,0,1,1,4294967295,0,0
oInvCollPH,560,640,003136A2,0,1,1,4294967295,0,0
oInvCollPH,560,656,003F0058,0,1,1,4294967295,0,0
oInvCollPH,560,672,003D6DBF,0,1,1,4294967295,0,0
oInvCollPH,560,688,002AF25D,0,1,1,4294967295,0,0
oInvCollPH,448,272,001039EA,0,1,1,4294967295,0,0
oInvCollPH,448,288,0031B20A,0,1,1,4294967295,0,0
oInvCollPH,448,304,000479C5,0,1,1,4294967295,0,0
oInvCollPH,496,304,00308EA0,0,1,1,4294967295,0,0
oInvCollPH,464,256,0008DD38,0,1,1,4294967295,0,0
oInvCollPH,480,256,0030ADE5,0,1,1,4294967295,0,0
oInvCollPH,496,256,00155EAC,0,1,1,4294967295,0,0
oInvCollPH,496,272,002470F4,0,1,1,4294967295,0,0
oInvCollPH,496,288,00280AED,0,1,1,4294967295,0,0
oInvCollPH,336,320,00016A88,0,1,1,4294967295,0,0
oInvCollPH,352,320,00176D0D,0,1,1,4294967295,0,0
oInvCollPH,368,320,0034DA7D,0,1,1,4294967295,0,0
oInvCollPH,384,320,000952D1,0,1,1,4294967295,0,0
oInvCollPH,400,320,002D2BFF,0,1,1,4294967295,0,0
oInvCollPH,416,320,001563B8,0,1,1,4294967295,0,0
oInvCollPH,432,320,0023D03C,0,1,1,4294967295,0,0
oInvCollPH,320,336,003C821D,0,1,1,4294967295,0,0
oInvCollPH,320,352,000C447A,0,1,1,4294967295,0,0
oInvCollPH,320,368,0020ACAD,0,1,1,4294967295,0,0
oInvCollPH,320,384,001798E8,0,1,1,4294967295,0,0
oInvCollPH,320,400,00387D15,0,1,1,4294967295,0,0
oInvCollPH,320,416,000513D3,0,1,1,4294967295,0,0
oInvCollPH,320,432,00138565,0,1,1,4294967295,0,0
oInvCollPH,320,448,0037EEA5,0,1,1,4294967295,0,0
oInvCollPH,320,464,0032BEB8,0,1,1,4294967295,0,0
oInvCollPH,320,480,001BD3C4,0,1,1,4294967295,0,0
oInvCollPH,320,496,001FD5F4,0,1,1,4294967295,0,0
oInvCollPH,320,512,00266363,0,1,1,4294967295,0,0
oInvCollPH,320,528,00136A2E,0,1,1,4294967295,0,0
oInvCollPH,320,544,00290AC6,0,1,1,4294967295,0,0
oInvCollPH,320,560,000DDA5A,0,1,1,4294967295,0,0
oInvCollPH,336,560,003FAD18,0,1,1,4294967295,0,0
oInvCollPH,352,560,00299CC2,0,1,1,4294967295,0,0
oInvCollPH,368,560,002FD2EC,0,1,1,4294967295,0,0
oInvCollPH,384,560,0004C08E,0,1,1,4294967295,0,0
oInvCollPH,400,560,0007B389,0,1,1,4294967295,0,0
oInvCollPH,416,560,00193252,0,1,1,4294967295,0,0
oInvCollPH,432,560,0021C85D,0,1,1,4294967295,0,0
oInvCollPH,448,560,000680AE,0,1,1,4294967295,0,0
oInvCollPH,464,560,003F9012,0,1,1,4294967295,0,0
oInvCollPH,480,560,000527F5,0,1,1,4294967295,0,0
oInvCollPH,496,560,0004DC04,0,1,1,4294967295,0,0
oInvCollPH,512,560,00175EF5,0,1,1,4294967295,0,0
oInvCollPH,528,560,002D0C5B,0,1,1,4294967295,0,0
oInvCollPH,544,560,003598B2,0,1,1,4294967295,0,0
oInvCollPH,560,560,0032629C,0,1,1,4294967295,0,0
oInvCollPH,576,560,001DE07F,0,1,1,4294967295,0,0
oInvCollPH,592,560,001336D0,0,1,1,4294967295,0,0
oInvCollPH,608,560,002FD9EC,0,1,1,4294967295,0,0
oInvCollPH,624,560,000F4217,0,1,1,4294967295,0,0
oInvCollPH,192,208,002F2774,0,1,1,4294967295,0,0
oInvCollPH,192,224,00093A3A,0,1,1,4294967295,0,0
oInvCollPH,192,240,003CDDBC,0,1,1,4294967295,0,0
oInvCollPH,192,256,0021AFDB,0,1,1,4294967295,0,0
oInvCollPH,192,272,001B8952,0,1,1,4294967295,0,0
oInvCollPH,192,288,0017F1BB,0,1,1,4294967295,0,0
oInvCollPH,192,304,0006E6D1,0,1,1,4294967295,0,0
oInvCollPH,192,320,0027496C,0,1,1,4294967295,0,0
oInvCollPH,192,336,00146EEB,0,1,1,4294967295,0,0
oInvCollPH,192,352,0013FD86,0,1,1,4294967295,0,0
oInvCollPH,192,368,002E5913,0,1,1,4294967295,0,0
oInvCollPH,192,384,000FDCE5,0,1,1,4294967295,0,0
oInvCollPH,192,400,0018F349,0,1,1,4294967295,0,0
oInvCollPH,192,416,00257E6E,0,1,1,4294967295,0,0
oInvCollPH,192,432,00384890,0,1,1,4294967295,0,0
oInvCollPH,240,432,00231FD6,0,1,1,4294967295,0,0
oInvCollPH,240,416,00151767,0,1,1,4294967295,0,0
oInvCollPH,240,400,00220E40,0,1,1,4294967295,0,0
oInvCollPH,240,384,00020E1A,0,1,1,4294967295,0,0
oInvCollPH,240,368,0019AE0F,0,1,1,4294967295,0,0
oInvCollPH,240,352,002DA7EF,0,1,1,4294967295,0,0
oInvCollPH,240,336,00353C21,0,1,1,4294967295,0,0
oInvCollPH,240,320,001EE2AD,0,1,1,4294967295,0,0
oInvCollPH,240,304,00214E94,0,1,1,4294967295,0,0
oInvCollPH,240,288,0009814C,0,1,1,4294967295,0,0
oInvCollPH,240,272,0023D124,0,1,1,4294967295,0,0
oInvCollPH,240,256,001B794C,0,1,1,4294967295,0,0
oInvCollPH,240,240,002FE425,0,1,1,4294967295,0,0
oInvCollPH,240,224,002A7668,0,1,1,4294967295,0,0
oInvCollPH,240,208,00266315,0,1,1,4294967295,0,0
oInvCollPH,240,192,003C0B78,0,1,1,4294967295,0,0
oInvCollPH,144,448,001C0FB4,0,1,1,4294967295,0,0
oInvCollPH,160,448,0001CF8D,0,1,1,4294967295,0,0
oInvCollPH,176,448,0025A93A,0,1,1,4294967295,0,0
oInvCollPH,128,464,0028C980,0,1,1,4294967295,0,0
oInvCollPH,128,480,002F6A7E,0,1,1,4294967295,0,0
oInvCollPH,128,496,0026B512,0,1,1,4294967295,0,0
oInvCollPH,128,512,000A94AB,0,1,1,4294967295,0,0
oInvCollPH,128,528,003A07EF,0,1,1,4294967295,0,0
oInvCollPH,128,544,0006EC46,0,1,1,4294967295,0,0
oInvCollPH,128,560,0017F1F0,0,1,1,4294967295,0,0
oInvCollPH,144,560,00200C50,0,1,1,4294967295,0,0
oInvCollPH,160,560,00194326,0,1,1,4294967295,0,0
oInvCollPH,176,560,002D6C2D,0,1,1,4294967295,0,0
oInvCollPH,192,560,001596FE,0,1,1,4294967295,0,0
oInvCollPH,208,560,0013AF3A,0,1,1,4294967295,0,0
oInvCollPH,224,560,0007E6C4,0,1,1,4294967295,0,0
oInvCollPH,240,560,002031BF,0,1,1,4294967295,0,0
oInvCollPH,240,544,001DBCCF,0,1,1,4294967295,0,0
oInvCollPH,240,528,0038ABAA,0,1,1,4294967295,0,0
oInvCollPH,240,512,0021A529,0,1,1,4294967295,0,0
oInvCollPH,240,496,00340674,0,1,1,4294967295,0,0
oInvCollPH,240,480,003645BA,0,1,1,4294967295,0,0
oInvCollPH,240,464,0017DFDE,0,1,1,4294967295,0,0
oInvCollPH,240,448,0024E0BB,0,1,1,4294967295,0,0
oInvCollPH,48,64,0026A636,0,1,1,4294967295,0,0
oInvCollPH,48,80,0033F106,0,1,1,4294967295,0,0
oInvCollPH,48,96,00186685,0,1,1,4294967295,0,0
oInvCollPH,48,112,0008E7BB,0,1,1,4294967295,0,0
oInvCollPH,48,128,0030877E,0,1,1,4294967295,0,0
oInvCollPH,48,144,0031C263,0,1,1,4294967295,0,0
oInvCollPH,48,160,003CD894,0,1,1,4294967295,0,0
oInvCollPH,48,176,003C9148,0,1,1,4294967295,0,0
oInvCollPH,48,192,002BFC7F,0,1,1,4294967295,0,0
oInvCollPH,48,208,00208969,0,1,1,4294967295,0,0
oInvCollPH,48,224,003C86DB,0,1,1,4294967295,0,0
oInvCollPH,48,240,0035DF96,0,1,1,4294967295,0,0
oInvCollPH,48,384,00276132,0,1,1,4294967295,0,0
oInvCollPH,48,400,002B4783,0,1,1,4294967295,0,0
oInvCollPH,48,416,0033CC53,0,1,1,4294967295,0,0
oInvCollPH,48,432,0013DCB5,0,1,1,4294967295,0,0
oInvCollPH,48,448,00303D91,0,1,1,4294967295,0,0
oInvCollPH,48,464,001CF424,0,1,1,4294967295,0,0
oInvCollPH,48,480,003D0E6A,0,1,1,4294967295,0,0
oInvCollPH,48,496,0001E22B,0,1,1,4294967295,0,0
oInvCollPH,48,512,0001DADB,0,1,1,4294967295,0,0
oInvCollPH,48,528,003711A6,0,1,1,4294967295,0,0
oInvCollPH,48,544,001F73DF,0,1,1,4294967295,0,0
oInvCollPH,48,560,00056A35,0,1,1,4294967295,0,0
oInvCollPH,48,576,0012E506,0,1,1,4294967295,0,0
oInvCollPH,48,592,00094FCF,0,1,1,4294967295,0,0
oInvCollPH,48,608,000ECE5E,0,1,1,4294967295,0,0
oInvCollPH,48,624,0019528E,0,1,1,4294967295,0,0
oInvCollPH,80,640,000D41A0,0,1,1,4294967295,0,0
oInvCollPH,96,640,001EE31C,0,1,1,4294967295,0,0
oInvCollPH,112,640,00180082,0,1,1,4294967295,0,0
oInvCollPH,128,640,003F1945,0,1,1,4294967295,0,0
oInvCollPH,144,640,002B4BE8,0,1,1,4294967295,0,0
oInvCollPH,160,640,00131323,0,1,1,4294967295,0,0
oInvCollPH,176,640,0001C030,0,1,1,4294967295,0,0
oInvCollPH,192,640,003F84A2,0,1,1,4294967295,0,0
oInvCollPH,208,640,00310AE9,0,1,1,4294967295,0,0
oInvCollPH,224,640,00387256,0,1,1,4294967295,0,0
oInvCollPH,240,640,00373C2C,0,1,1,4294967295,0,0
oInvCollPH,240,656,000279EB,0,1,1,4294967295,0,0
oInvCollPH,240,672,0032B1EC,0,1,1,4294967295,0,0
oInvCollPH,240,688,001FA04E,0,1,1,4294967295,0,0
oInvCollPH,1280,656,001C0D14,0,1,1,4294967295,0,0
oInvCollPH,1280,672,0037CC6D,0,1,1,4294967295,0,0
oInvCollPH,1280,688,002BE428,0,1,1,4294967295,0,0
oInvCollPH,272,704,00352A79,0,1,1,4294967295,0,0
oInvCollPH,288,704,0005F467,0,1,1,4294967295,0,0
oInvCollPH,304,704,002470B4,0,1,1,4294967295,0,0
oInvCollPH,576,704,00027884,0,1,1,4294967295,0,0
oInvCollPH,592,704,0005DCAC,0,1,1,4294967295,0,0
oInvCollPH,608,704,003F7E4E,0,1,1,4294967295,0,0
oInvCollPH,624,704,002B2FD1,0,1,1,4294967295,0,0
oInvCollPH,640,704,002269A5,0,1,1,4294967295,0,0
oInvCollPH,656,704,00403A1F,0,1,1,4294967295,0,0
oInvCollPH,672,704,0009E103,0,1,1,4294967295,0,0
oInvCollPH,688,704,000FE178,0,1,1,4294967295,0,0
oInvCollPH,704,704,001DFF4D,0,1,1,4294967295,0,0
oInvCollPH,720,704,0014B1BB,0,1,1,4294967295,0,0
oInvCollPH,736,704,0026A985,0,1,1,4294967295,0,0
oInvCollPH,752,704,001680F4,0,1,1,4294967295,0,0
oInvCollPH,768,704,0031C416,0,1,1,4294967295,0,0
oInvCollPH,784,704,000B9066,0,1,1,4294967295,0,0
oInvCollPH,800,704,00124AEC,0,1,1,4294967295,0,0
oInvCollPH,816,704,002C7D5E,0,1,1,4294967295,0,0
oInvCollPH,832,704,003AEA3B,0,1,1,4294967295,0,0
oInvCollPH,848,704,00034D52,0,1,1,4294967295,0,0
oInvCollPH,864,704,001C0890,0,1,1,4294967295,0,0
oInvCollPH,880,704,00197A98,0,1,1,4294967295,0,0
oInvCollPH,896,704,00031EE3,0,1,1,4294967295,0,0
oInvCollPH,912,704,0009F4CF,0,1,1,4294967295,0,0
oInvCollPH,928,704,0007AA8B,0,1,1,4294967295,0,0
oInvCollPH,944,704,00187EC5,0,1,1,4294967295,0,0
oInvCollPH,960,704,00219C3F,0,1,1,4294967295,0,0
oInvCollPH,976,704,0034218F,0,1,1,4294967295,0,0
oInvCollPH,992,704,001E7122,0,1,1,4294967295,0,0
oInvCollPH,1008,704,0032083E,0,1,1,4294967295,0,0
oInvCollPH,1024,704,003B410A,0,1,1,4294967295,0,0
oInvCollPH,1040,704,0012994E,0,1,1,4294967295,0,0
oInvCollPH,1056,704,0018F192,0,1,1,4294967295,0,0
oInvCollPH,1072,704,0030BC82,0,1,1,4294967295,0,0
oInvCollPH,1088,704,00000801,0,1,1,4294967295,0,0
oInvCollPH,1104,704,0039B441,0,1,1,4294967295,0,0
oInvCollPH,1120,704,00160A75,0,1,1,4294967295,0,0
oInvCollPH,1136,704,00112A7B,0,1,1,4294967295,0,0
oInvCollPH,1152,704,00091EB7,0,1,1,4294967295,0,0
oInvCollPH,1168,704,0036B123,0,1,1,4294967295,0,0
oInvCollPH,1184,704,002957FB,0,1,1,4294967295,0,0
oInvCollPH,1200,704,000A1B87,0,1,1,4294967295,0,0
oInvCollPH,1216,704,00295E6E,0,1,1,4294967295,0,0
oInvCollPH,1232,704,00005F1B,0,1,1,4294967295,0,0
oInvCollPH,1248,704,00378F99,0,1,1,4294967295,0,0
oInvCollPH,1264,704,0027C77D,0,1,1,4294967295,0,0
oInvCollPH,768,448,0004696C,0,1,1,4294967295,0,0
oInvCollPH,640,576,0027BC16,0,1,1,4294967295,0,0
oInvCollPH,640,592,00193258,0,1,1,4294967295,0,0
oInvCollPH,640,608,0024FB74,0,1,1,4294967295,0,0
oInvCollPH,640,624,00292A05,0,1,1,4294967295,0,0
oInvCollPH,656,624,00364477,0,1,1,4294967295,0,0
oInvCollPH,672,624,000C4877,0,1,1,4294967295,0,0
oInvCollPH,688,624,001F5621,0,1,1,4294967295,0,0
oInvCollPH,704,624,0029D368,0,1,1,4294967295,0,0
oInvCollPH,720,624,0039007A,0,1,1,4294967295,0,0
oInvCollPH,736,624,003EC27B,0,1,1,4294967295,0,0
oInvCollPH,752,624,0021FE43,0,1,1,4294967295,0,0
oInvCollPH,768,624,003CA4FE,0,1,1,4294967295,0,0
oInvCollPH,784,624,000B235D,0,1,1,4294967295,0,0
oInvCollPH,800,624,0035AD62,0,1,1,4294967295,0,0
oInvCollPH,816,624,00269EE1,0,1,1,4294967295,0,0
oInvCollPH,832,624,001BD52B,0,1,1,4294967295,0,0
oInvCollPH,848,624,001D48DE,0,1,1,4294967295,0,0
oInvCollPH,864,624,0016A036,0,1,1,4294967295,0,0
oInvCollPH,880,624,0018258F,0,1,1,4294967295,0,0
oInvCollPH,896,624,0024DB14,0,1,1,4294967295,0,0
oInvCollPH,912,624,000438D3,0,1,1,4294967295,0,0
oInvCollPH,928,624,00355154,0,1,1,4294967295,0,0
oInvCollPH,944,624,0014FD49,0,1,1,4294967295,0,0
oInvCollPH,960,624,001292E8,0,1,1,4294967295,0,0
oInvCollPH,976,624,000AC11E,0,1,1,4294967295,0,0
oInvCollPH,992,624,00230593,0,1,1,4294967295,0,0
oInvCollPH,1008,624,0038D28A,0,1,1,4294967295,0,0
oInvCollPH,1024,624,002D0D21,0,1,1,4294967295,0,0
oInvCollPH,1040,624,003D9C79,0,1,1,4294967295,0,0
oInvCollPH,1056,624,000CE9F6,0,1,1,4294967295,0,0
oInvCollPH,1072,624,0038426E,0,1,1,4294967295,0,0
oInvCollPH,1088,624,0010CCB5,0,1,1,4294967295,0,0
oInvCollPH,1104,624,000203DD,0,1,1,4294967295,0,0
oInvCollPH,1120,624,000A7098,0,1,1,4294967295,0,0
oInvCollPH,1136,624,00397B4A,0,1,1,4294967295,0,0
oInvCollPH,1152,624,0022D103,0,1,1,4294967295,0,0
oInvCollPH,1168,624,00402FEE,0,1,1,4294967295,0,0
oInvCollPH,1184,624,0001A4C8,0,1,1,4294967295,0,0
oInvCollPH,1200,624,0015A71C,0,1,1,4294967295,0,0
oInvCollPH,1216,624,00162AC9,0,1,1,4294967295,0,0
oInvCollPH,1232,624,002FEE1C,0,1,1,4294967295,0,0
oInvCollPH,1248,624,001467E2,0,1,1,4294967295,0,0
oInvCollPH,1264,624,00057B02,0,1,1,4294967295,0,0
oInvisibleSolid,640,448,00043FB4,0,1,1,4294967295,0,1
oInvisibleSolid,832,320,003B0F33,0,1,1,4294967295,0,1
oInvisibleSolid,1024,384,0017EC0C,0,1,1,4294967295,0,1
oInvisibleSolid,1216,128,0004E7E3,0,1,1,4294967295,0,1
oInvisibleSolid,1280,64,001E4DDA,0,1,1,4294967295,0,1
oInvisibleSolid,1152,0,00209A93,0,1,1,4294967295,0,1
oInvisibleSolid,1024,192,002BBFAC,0,1,1,4294967295,0,1
oInvisibleSolid,832,192,000F4C96,0,1,1,4294967295,0,1
oInvisibleSolid,576,0,00146C18,0,1,1,4294967295,0,1
oInvisibleSolid,640,128,00287C5A,0,1,1,4294967295,0,1
oInvisibleSolid,576,192,0010C3DE,0,1,1,4294967295,0,1
oInvisibleSolid,640,256,0021F7A7,0,1,1,4294967295,0,1
oInvisibleSolid,64,0,001F2D50,0,1,1,4294967295,0,1
oInvisibleSolid,320,64,0038E6B7,0,1,1,4294967295,0,1
oInvisibleSolid,448,128,00365BB0,0,1,1,4294967295,0,1
oInvisibleSolid,320,320,0003F7B5,0,1,1,4294967295,0,1
oInvisibleSolid,576,384,0038361A,0,1,1,4294967295,0,1
oInvisibleSolid,320,192,003C14B3,0,1,1,4294967295,0,1
oInvisibleSolid,448,256,0023B18D,0,1,1,4294967295,0,1
oInvisibleSolid,128,128,003BAFB1,0,1,1,4294967295,0,1
oInvisibleSolid,128,448,00309FFC,0,1,1,4294967295,0,1
oInvisibleSolid,192,192,0000780A,0,1,1,4294967295,0,1
oInvisibleSolid,64,256,0008F21B,0,1,1,4294967295,0,1
oInvisibleSolid,0,0,003CB423,0,1,1,4294967295,0,1
oInvisibleSolid,64,640,001C871B,0,1,1,4294967295,0,1
oInvisibleSolid,256,704,00178A4E,0,1,1,4294967295,0,1
oInvisibleSolid,320,640,00295E87,0,1,1,4294967295,0,1
oInvisibleSolid,1280,640,003D2749,0,1,1,4294967295,0,1
