oExit,0,256,0015E6DF,0,1,1,4294967295,0,1
oExit,2720,192,003810E5,0,1,1,4294967295,0,1
oMovingPlatform,1296,224,0018B42F,0,1,1,4294967295,0,1
oMovingPlatform,1808,176,003554BF,0,1,1,4294967295,0,1
oMovingPlatform,1936,192,0032AF7D,0,1,1,4294967295,0,1
oMovingPlatform,2448,240,00021641,0,1,1,4294967295,0,1
oCVCandle,288,256,002CD55B,0,1,1,4294967295,0,0
oCVCandle,304,256,0006ECD2,0,1,1,4294967295,0,0
oCVCandle,544,256,0005FE8A,0,1,1,4294967295,0,0
oCVCandle,560,256,0007C1D0,0,1,1,4294967295,0,0
oCVCandle,800,256,000B21C9,0,1,1,4294967295,0,0
oCVCandle,816,256,00161B73,0,1,1,4294967295,0,0
oCVCandle,1376,192,00297A12,0,1,1,4294967295,0,0
oCVCandle,1392,192,000B16C1,0,1,1,4294967295,0,0
oCVCandle,1728,160,0004C3EC,0,1,1,4294967295,0,0
oCVCandle,1744,160,003E6622,0,1,1,4294967295,0,0
oCVCandle,2080,176,003D62C0,0,1,1,4294967295,0,0
oCVCandle,2096,176,001B6A03,0,1,1,4294967295,0,0
oCVCandle,2432,192,00006BB1,0,1,1,4294967295,0,0
oCVCandle,2448,192,00282128,0,1,1,4294967295,0,0
oZeldaBreakPot,1152,208,0024E2B6,0,1,1,4294967295,0,0
oZeldaBreakPot,1168,208,000FAD43,0,1,1,4294967295,0,0
oBallChainControl,1472,32,00233BD3,0,1,1,4294967295,0,1
oBallChainControl,1648,32,0033624D,0,1,1,4294967295,0,1
oBallChainControl,1824,32,0030A505,0,1,1,4294967295,0,1
oBallChainControl,2000,32,0023A4AF,0,1,1,4294967295,0,1
oBallChainControl,2176,32,0017F8E8,0,1,1,4294967295,0,1
oBallChainControl,2352,32,002FB1B2,0,1,1,4294967295,0,1
oCrushingSpike,2512,48,00376E9E,0,1,1,4294967295,0,0
oCrushingSpike,432,48,00230088,0,1,1,4294967295,0,0
oCrushingSpike,544,48,0008424F,0,1,1,4294967295,0,0
oCrushingSpike,688,48,00017149,0,1,1,4294967295,0,0
oCrushingSpike,800,48,000A0A96,0,1,1,4294967295,0,0
oCV_InvisibleMan,512,288,00173601,0,1,1,4294967295,0,0
oCV_InvisibleMan,816,288,001972F3,0,1,1,4294967295,0,0
oCV_InvisibleMan,1184,224,0021AA5D,0,1,1,4294967295,0,0
oCV_VampireBat,2336,176,002C5384,0,1,1,4294967295,0,0
oPlayer1,48,288,000C6455,0,1,1,4294967295,0,0
oInvCollPH,16,288,00221126,0,1,1,4294967295,0,0
oInvCollPH,32,288,00354A3B,0,1,1,4294967295,0,0
oInvCollPH,48,288,000B3FC9,0,1,1,4294967295,0,0
oInvCollPH,64,288,00159083,0,1,1,4294967295,0,0
oInvCollPH,80,288,001B6047,0,1,1,4294967295,0,0
oInvCollPH,96,288,000FA17E,0,1,1,4294967295,0,0
oInvCollPH,112,288,0001FD3D,0,1,1,4294967295,0,0
oInvCollPH,128,288,00069E2E,0,1,1,4294967295,0,0
oInvCollPH,144,288,0020C315,0,1,1,4294967295,0,0
oInvCollPH,160,288,003BEC6C,0,1,1,4294967295,0,0
oInvCollPH,176,288,00011BA6,0,1,1,4294967295,0,0
oInvCollPH,192,288,002C7401,0,1,1,4294967295,0,0
oInvCollPH,208,288,003ADB98,0,1,1,4294967295,0,0
oInvCollPH,240,288,00088FC1,0,1,1,4294967295,0,0
oInvCollPH,224,288,00170902,0,1,1,4294967295,0,0
oInvCollPH,64,32,002F1099,0,1,1,4294967295,0,0
oInvCollPH,64,48,00398C73,0,1,1,4294967295,0,0
oInvCollPH,64,64,002D0436,0,1,1,4294967295,0,0
oInvCollPH,64,80,002190ED,0,1,1,4294967295,0,0
oInvCollPH,64,96,000706AD,0,1,1,4294967295,0,0
oInvCollPH,64,112,000A0261,0,1,1,4294967295,0,0
oInvCollPH,64,128,003384B0,0,1,1,4294967295,0,0
oInvCollPH,64,144,0029946A,0,1,1,4294967295,0,0
oInvCollPH,64,160,003CE59D,0,1,1,4294967295,0,0
oInvCollPH,64,176,00014D7F,0,1,1,4294967295,0,0
oInvCollPH,48,176,002007D6,0,1,1,4294967295,0,0
oInvCollPH,32,176,00010744,0,1,1,4294967295,0,0
oInvCollPH,16,176,0012B953,0,1,1,4294967295,0,0
oInvCollPH,0,176,0026605D,0,1,1,4294967295,0,0
oInvCollPH,1104,240,00201276,0,1,1,4294967295,0,0
oInvCollPH,1104,256,0030C857,0,1,1,4294967295,0,0
oInvCollPH,1104,272,001EE49A,0,1,1,4294967295,0,0
oInvCollPH,1120,224,00336071,0,1,1,4294967295,0,0
oInvCollPH,1136,224,000CB601,0,1,1,4294967295,0,0
oInvCollPH,1152,224,002F5A96,0,1,1,4294967295,0,0
oInvCollPH,1168,224,0001257B,0,1,1,4294967295,0,0
oInvCollPH,1184,224,00383A6D,0,1,1,4294967295,0,0
oInvCollPH,1200,224,0010A4BE,0,1,1,4294967295,0,0
oInvCollPH,1216,224,00098598,0,1,1,4294967295,0,0
oInvCollPH,1216,240,000247DA,0,1,1,4294967295,0,0
oInvCollPH,1216,256,003BA74F,0,1,1,4294967295,0,0
oInvCollPH,1216,272,000AAD25,0,1,1,4294967295,0,0
oInvCollPH,1216,288,003E0419,0,1,1,4294967295,0,0
oInvCollPH,1216,304,003A6599,0,1,1,4294967295,0,0
oInvCollPH,1216,320,000AF59E,0,1,1,4294967295,0,0
oInvCollPH,1216,336,001A51A5,0,1,1,4294967295,0,0
oInvCollPH,256,288,0023A1DD,0,1,1,4294967295,0,0
oInvCollPH,272,288,00340205,0,1,1,4294967295,0,0
oInvCollPH,288,288,0038B46B,0,1,1,4294967295,0,0
oInvCollPH,304,288,000EF21D,0,1,1,4294967295,0,0
oInvCollPH,320,288,00068E61,0,1,1,4294967295,0,0
oInvCollPH,336,288,00102295,0,1,1,4294967295,0,0
oInvCollPH,352,288,00148E3E,0,1,1,4294967295,0,0
oInvCollPH,368,288,00071888,0,1,1,4294967295,0,0
oInvCollPH,384,288,002C4ABF,0,1,1,4294967295,0,0
oInvCollPH,400,288,003B1E0E,0,1,1,4294967295,0,0
oInvCollPH,416,288,0003958D,0,1,1,4294967295,0,0
oInvCollPH,432,288,001881DF,0,1,1,4294967295,0,0
oInvCollPH,448,288,0008DE86,0,1,1,4294967295,0,0
oInvCollPH,464,288,001590F2,0,1,1,4294967295,0,0
oInvCollPH,480,288,001EF9BF,0,1,1,4294967295,0,0
oInvCollPH,496,288,002D3229,0,1,1,4294967295,0,0
oInvCollPH,512,288,003F3A24,0,1,1,4294967295,0,0
oInvCollPH,528,288,00097302,0,1,1,4294967295,0,0
oInvCollPH,544,288,001DBD4B,0,1,1,4294967295,0,0
oInvCollPH,560,288,00108E15,0,1,1,4294967295,0,0
oInvCollPH,576,288,000B8BFC,0,1,1,4294967295,0,0
oInvCollPH,592,288,000679F6,0,1,1,4294967295,0,0
oInvCollPH,608,288,0017EE74,0,1,1,4294967295,0,0
oInvCollPH,624,288,003815D8,0,1,1,4294967295,0,0
oInvCollPH,640,288,0019B193,0,1,1,4294967295,0,0
oInvCollPH,656,288,003F4F81,0,1,1,4294967295,0,0
oInvCollPH,672,288,0000001D,0,1,1,4294967295,0,0
oInvCollPH,688,288,001F3B9A,0,1,1,4294967295,0,0
oInvCollPH,704,288,0002C209,0,1,1,4294967295,0,0
oInvCollPH,720,288,0005FF26,0,1,1,4294967295,0,0
oInvCollPH,736,288,0003B4DD,0,1,1,4294967295,0,0
oInvCollPH,752,288,0027F666,0,1,1,4294967295,0,0
oInvCollPH,768,288,00136FDF,0,1,1,4294967295,0,0
oInvCollPH,784,288,00006EBC,0,1,1,4294967295,0,0
oInvCollPH,800,288,0011A56A,0,1,1,4294967295,0,0
oInvCollPH,816,288,00337C82,0,1,1,4294967295,0,0
oInvCollPH,832,288,003A4EAF,0,1,1,4294967295,0,0
oInvCollPH,848,288,002F7E60,0,1,1,4294967295,0,0
oInvCollPH,864,288,00142143,0,1,1,4294967295,0,0
oInvCollPH,880,288,0003CB31,0,1,1,4294967295,0,0
oInvCollPH,896,288,00196DC9,0,1,1,4294967295,0,0
oInvCollPH,912,288,0022E54C,0,1,1,4294967295,0,0
oInvCollPH,928,288,003FB542,0,1,1,4294967295,0,0
oInvCollPH,944,288,003FB3B7,0,1,1,4294967295,0,0
oInvCollPH,960,288,000207EE,0,1,1,4294967295,0,0
oInvCollPH,976,288,003B8C56,0,1,1,4294967295,0,0
oInvCollPH,992,288,0022DE9E,0,1,1,4294967295,0,0
oInvCollPH,1008,288,004022CC,0,1,1,4294967295,0,0
oInvCollPH,1024,288,002E4D38,0,1,1,4294967295,0,0
oInvCollPH,1040,288,002B243C,0,1,1,4294967295,0,0
oInvCollPH,1056,288,003A1C8F,0,1,1,4294967295,0,0
oInvCollPH,1072,288,002A0378,0,1,1,4294967295,0,0
oInvCollPH,1088,288,002268D5,0,1,1,4294967295,0,0
oInvCollPH,2640,224,003A2431,0,1,1,4294967295,0,0
oInvCollPH,2656,224,0010B8DA,0,1,1,4294967295,0,0
oInvCollPH,2672,224,0017AAC2,0,1,1,4294967295,0,0
oInvCollPH,2688,224,002DF5E2,0,1,1,4294967295,0,0
oInvCollPH,2704,224,0021648F,0,1,1,4294967295,0,0
oInvCollPH,2720,224,0015414A,0,1,1,4294967295,0,0
oInvCollPH,2624,240,00311DC7,0,1,1,4294967295,0,0
oInvCollPH,2624,256,000F5195,0,1,1,4294967295,0,0
oInvCollPH,2624,272,001F8731,0,1,1,4294967295,0,0
oInvCollPH,2624,288,0008C7BF,0,1,1,4294967295,0,0
oInvCollPH,2624,304,001C6C86,0,1,1,4294967295,0,0
oInvCollPH,2624,320,0015C5D1,0,1,1,4294967295,0,0
oInvCollPH,2624,336,0038A3FC,0,1,1,4294967295,0,0
oInvCollPH,80,16,000EA03D,0,1,1,4294967295,0,0
oInvCollPH,96,16,0003A0FC,0,1,1,4294967295,0,0
oInvCollPH,112,16,002465DA,0,1,1,4294967295,0,0
oInvCollPH,128,16,002609BC,0,1,1,4294967295,0,0
oInvCollPH,144,16,0026EB19,0,1,1,4294967295,0,0
oInvCollPH,160,16,0037F2A6,0,1,1,4294967295,0,0
oInvCollPH,176,16,00107EAA,0,1,1,4294967295,0,0
oInvCollPH,192,16,000928AD,0,1,1,4294967295,0,0
oInvCollPH,208,16,00354B6F,0,1,1,4294967295,0,0
oInvCollPH,224,16,000DEC09,0,1,1,4294967295,0,0
oInvCollPH,240,16,00213C47,0,1,1,4294967295,0,0
oInvCollPH,256,16,00029065,0,1,1,4294967295,0,0
oInvCollPH,272,16,0002278D,0,1,1,4294967295,0,0
oInvCollPH,288,16,00222D5B,0,1,1,4294967295,0,0
oInvCollPH,304,16,0005A81C,0,1,1,4294967295,0,0
oInvCollPH,320,16,0021A09A,0,1,1,4294967295,0,0
oInvCollPH,336,16,003690DE,0,1,1,4294967295,0,0
oInvCollPH,352,16,0039187C,0,1,1,4294967295,0,0
oInvCollPH,368,16,002C5F4E,0,1,1,4294967295,0,0
oInvCollPH,384,16,002F60E1,0,1,1,4294967295,0,0
oInvCollPH,400,16,001D2185,0,1,1,4294967295,0,0
oInvCollPH,416,16,000C9166,0,1,1,4294967295,0,0
oInvCollPH,432,16,002E157F,0,1,1,4294967295,0,0
oInvCollPH,448,16,00286BA5,0,1,1,4294967295,0,0
oInvCollPH,464,16,000FA0A0,0,1,1,4294967295,0,0
oInvCollPH,480,16,001F9529,0,1,1,4294967295,0,0
oInvCollPH,496,16,00185CB9,0,1,1,4294967295,0,0
oInvCollPH,512,16,0007656E,0,1,1,4294967295,0,0
oInvCollPH,528,16,00371C87,0,1,1,4294967295,0,0
oInvCollPH,544,16,00400AB1,0,1,1,4294967295,0,0
oInvCollPH,560,16,002AC1D2,0,1,1,4294967295,0,0
oInvCollPH,576,16,00145866,0,1,1,4294967295,0,0
oInvCollPH,592,16,00228442,0,1,1,4294967295,0,0
oInvCollPH,608,16,0036D220,0,1,1,4294967295,0,0
oInvCollPH,624,16,002E87C6,0,1,1,4294967295,0,0
oInvCollPH,640,16,003A494B,0,1,1,4294967295,0,0
oInvCollPH,656,16,0003A80C,0,1,1,4294967295,0,0
oInvCollPH,672,16,002E5229,0,1,1,4294967295,0,0
oInvCollPH,688,16,0021EDB7,0,1,1,4294967295,0,0
oInvCollPH,704,16,003810E7,0,1,1,4294967295,0,0
oInvCollPH,720,16,002DD80F,0,1,1,4294967295,0,0
oInvCollPH,736,16,0029CAA7,0,1,1,4294967295,0,0
oInvCollPH,752,16,003BC9F4,0,1,1,4294967295,0,0
oInvCollPH,768,16,000ECA37,0,1,1,4294967295,0,0
oInvCollPH,784,16,000674A8,0,1,1,4294967295,0,0
oInvCollPH,800,16,003A4AAC,0,1,1,4294967295,0,0
oInvCollPH,816,16,001E4C14,0,1,1,4294967295,0,0
oInvCollPH,832,16,00203755,0,1,1,4294967295,0,0
oInvCollPH,848,16,002AA278,0,1,1,4294967295,0,0
oInvCollPH,864,16,002ADE05,0,1,1,4294967295,0,0
oInvCollPH,880,16,00232666,0,1,1,4294967295,0,0
oInvCollPH,896,16,003F4964,0,1,1,4294967295,0,0
oInvCollPH,912,16,001084AD,0,1,1,4294967295,0,0
oInvCollPH,928,16,0030ACA3,0,1,1,4294967295,0,0
oInvCollPH,944,16,00330A44,0,1,1,4294967295,0,0
oInvCollPH,960,16,00086602,0,1,1,4294967295,0,0
oInvCollPH,976,16,000CED5E,0,1,1,4294967295,0,0
oInvCollPH,992,16,00375D52,0,1,1,4294967295,0,0
oInvCollPH,1008,16,0033FA17,0,1,1,4294967295,0,0
oInvCollPH,1024,16,00240210,0,1,1,4294967295,0,0
oInvCollPH,1040,16,00240A44,0,1,1,4294967295,0,0
oInvCollPH,1056,16,00377100,0,1,1,4294967295,0,0
oInvCollPH,1072,16,00234D60,0,1,1,4294967295,0,0
oInvCollPH,1088,16,0021C092,0,1,1,4294967295,0,0
oInvCollPH,1104,16,00291710,0,1,1,4294967295,0,0
oInvCollPH,1120,16,000FE2F4,0,1,1,4294967295,0,0
oInvCollPH,1136,16,00029263,0,1,1,4294967295,0,0
oInvCollPH,1152,16,003737EE,0,1,1,4294967295,0,0
oInvCollPH,1168,16,003B0777,0,1,1,4294967295,0,0
oInvCollPH,1184,16,002F80AD,0,1,1,4294967295,0,0
oInvCollPH,1200,16,000ED2C8,0,1,1,4294967295,0,0
oInvCollPH,1216,16,002DE34A,0,1,1,4294967295,0,0
oInvCollPH,1232,16,003B9D7D,0,1,1,4294967295,0,0
oInvCollPH,1248,16,0025BB5D,0,1,1,4294967295,0,0
oInvCollPH,1264,16,0007DC9F,0,1,1,4294967295,0,0
oInvCollPH,1280,16,00287197,0,1,1,4294967295,0,0
oInvCollPH,1296,16,00321685,0,1,1,4294967295,0,0
oInvCollPH,1312,16,000B7551,0,1,1,4294967295,0,0
oInvCollPH,1328,16,0021765C,0,1,1,4294967295,0,0
oInvCollPH,1344,16,002F077D,0,1,1,4294967295,0,0
oInvCollPH,1360,16,0016BFD6,0,1,1,4294967295,0,0
oInvCollPH,1376,16,0039BB33,0,1,1,4294967295,0,0
oInvCollPH,1392,16,00017639,0,1,1,4294967295,0,0
oInvCollPH,1408,16,000725A1,0,1,1,4294967295,0,0
oInvCollPH,1424,16,0017A238,0,1,1,4294967295,0,0
oInvCollPH,1440,16,001A4C9C,0,1,1,4294967295,0,0
oInvCollPH,1456,16,0006758D,0,1,1,4294967295,0,0
oInvCollPH,1472,16,002B1FA3,0,1,1,4294967295,0,0
oInvCollPH,1488,16,003400D7,0,1,1,4294967295,0,0
oInvCollPH,1504,16,00318D2E,0,1,1,4294967295,0,0
oInvCollPH,1520,16,0018D5E8,0,1,1,4294967295,0,0
oInvCollPH,1536,16,004017B0,0,1,1,4294967295,0,0
oInvCollPH,1552,16,0004A7B6,0,1,1,4294967295,0,0
oInvCollPH,1568,16,0021ACB2,0,1,1,4294967295,0,0
oInvCollPH,1584,16,000309DE,0,1,1,4294967295,0,0
oInvCollPH,1600,16,00274C2E,0,1,1,4294967295,0,0
oInvCollPH,1616,16,00201B80,0,1,1,4294967295,0,0
oInvCollPH,1632,16,000C3BD0,0,1,1,4294967295,0,0
oInvCollPH,1648,16,002D1DCD,0,1,1,4294967295,0,0
oInvCollPH,1664,16,00356E47,0,1,1,4294967295,0,0
oInvCollPH,1680,16,0000826C,0,1,1,4294967295,0,0
oInvCollPH,1696,16,0009C448,0,1,1,4294967295,0,0
oInvCollPH,1712,16,001EAFE8,0,1,1,4294967295,0,0
oInvCollPH,1728,16,0039A07C,0,1,1,4294967295,0,0
oInvCollPH,1744,16,0001A40F,0,1,1,4294967295,0,0
oInvCollPH,1760,16,001D9BF7,0,1,1,4294967295,0,0
oInvCollPH,1776,16,003CE7C1,0,1,1,4294967295,0,0
oInvCollPH,1792,16,00400E2F,0,1,1,4294967295,0,0
oInvCollPH,1808,16,0036E719,0,1,1,4294967295,0,0
oInvCollPH,1824,16,0009BEED,0,1,1,4294967295,0,0
oInvCollPH,1840,16,002AFFF4,0,1,1,4294967295,0,0
oInvCollPH,1856,16,00248562,0,1,1,4294967295,0,0
oInvCollPH,1872,16,002C9659,0,1,1,4294967295,0,0
oInvCollPH,1888,16,00034FB2,0,1,1,4294967295,0,0
oInvCollPH,1904,16,002A61D9,0,1,1,4294967295,0,0
oInvCollPH,1920,16,00380E61,0,1,1,4294967295,0,0
oInvCollPH,1936,16,001D9527,0,1,1,4294967295,0,0
oInvCollPH,1952,16,0023BEFC,0,1,1,4294967295,0,0
oInvCollPH,1968,16,002E8124,0,1,1,4294967295,0,0
oInvCollPH,1984,16,00342F13,0,1,1,4294967295,0,0
oInvCollPH,2000,16,0034B5C0,0,1,1,4294967295,0,0
oInvCollPH,2016,16,001F50BC,0,1,1,4294967295,0,0
oInvCollPH,2032,16,000B42A6,0,1,1,4294967295,0,0
oInvCollPH,2048,16,002EFA25,0,1,1,4294967295,0,0
oInvCollPH,2064,16,00071F45,0,1,1,4294967295,0,0
oInvCollPH,2080,16,0018EF59,0,1,1,4294967295,0,0
oInvCollPH,2096,16,0030503C,0,1,1,4294967295,0,0
oInvCollPH,2112,16,000AFD5E,0,1,1,4294967295,0,0
oInvCollPH,2128,16,0004B398,0,1,1,4294967295,0,0
oInvCollPH,2144,16,0037ABED,0,1,1,4294967295,0,0
oInvCollPH,2160,16,003148AA,0,1,1,4294967295,0,0
oInvCollPH,2176,16,00353479,0,1,1,4294967295,0,0
oInvCollPH,2192,16,00242F50,0,1,1,4294967295,0,0
oInvCollPH,2208,16,003647D4,0,1,1,4294967295,0,0
oInvCollPH,2224,16,00337A7D,0,1,1,4294967295,0,0
oInvCollPH,2240,16,000BEFE2,0,1,1,4294967295,0,0
oInvCollPH,2256,16,002AE4B6,0,1,1,4294967295,0,0
oInvCollPH,2272,16,003535E6,0,1,1,4294967295,0,0
oInvCollPH,2288,16,001E6FB2,0,1,1,4294967295,0,0
oInvCollPH,2304,16,00249C8F,0,1,1,4294967295,0,0
oInvCollPH,2320,16,003993DD,0,1,1,4294967295,0,0
oInvCollPH,2336,16,0023187B,0,1,1,4294967295,0,0
oInvCollPH,2352,16,00062727,0,1,1,4294967295,0,0
oInvCollPH,2368,16,00262E0F,0,1,1,4294967295,0,0
oInvCollPH,2384,16,0017AC08,0,1,1,4294967295,0,0
oInvCollPH,2400,16,00256D2B,0,1,1,4294967295,0,0
oInvCollPH,2416,16,00100979,0,1,1,4294967295,0,0
oInvCollPH,2432,16,000FEA01,0,1,1,4294967295,0,0
oInvCollPH,2448,16,000B175D,0,1,1,4294967295,0,0
oInvCollPH,2464,16,00366653,0,1,1,4294967295,0,0
oInvCollPH,2480,16,0025F62C,0,1,1,4294967295,0,0
oInvCollPH,2496,16,00061DE0,0,1,1,4294967295,0,0
oInvCollPH,2512,16,00140B11,0,1,1,4294967295,0,0
oInvCollPH,2528,16,00001909,0,1,1,4294967295,0,0
oInvCollPH,2544,16,001B1FCD,0,1,1,4294967295,0,0
oInvCollPH,2560,16,00155A3E,0,1,1,4294967295,0,0
oInvCollPH,2576,16,003AD937,0,1,1,4294967295,0,0
oInvCollPH,2592,16,000D37F3,0,1,1,4294967295,0,0
oInvCollPH,2608,16,0035A866,0,1,1,4294967295,0,0
oInvCollPH,2624,16,002B79FF,0,1,1,4294967295,0,0
oInvCollPH,2640,16,0028C8B2,0,1,1,4294967295,0,0
oInvCollPH,2656,16,0031C406,0,1,1,4294967295,0,0
oInvCollPH,2672,16,001DC430,0,1,1,4294967295,0,0
oInvCollPH,2688,16,00153EAA,0,1,1,4294967295,0,0
oInvCollPH,2704,16,00193D2A,0,1,1,4294967295,0,0
oInvCollPH,2720,16,002842DD,0,1,1,4294967295,0,0
oInvisibleSolid,0,288,0009AB16,0,1,1,4294967295,0,1
oInvisibleSolid,0,0,002033FB,0,1,1,4294967295,0,1
oInvisibleSolid,1104,224,003AF0F6,0,1,1,4294967295,0,1
oInvisibleSolid,80,0,0027FD47,0,1,1,4294967295,0,1
oInvisibleSolid,2624,224,0004BD89,0,1,1,4294967295,0,1
