oCh17SecDoor,704,224,00334233,0,1,1,4294967295,0,1
oCh17SecDoor,3520,224,00371200,0,1,1,4294967295,0,1
oExit,0,288,002CCE2C,0,1,1,4294967295,0,1
oHPF_Console,304,320,000D8095,0,1,1,4294967295,0,1
oHPF_Console,2752,352,0036E978,0,1,1,4294967295,0,1
oExit,3664,320,00152DF4,0,1,1,4294967295,0,1
oZeldaBreakPot,1648,208,002168F2,0,1,1,4294967295,0,0
oZeldaBreakPot,1664,208,0020A501,0,1,1,4294967295,0,0
oStaticSpikeRed,3360,176,002DCB09,0,1,1,4294967295,0,1
oStaticSpikeRed,3360,208,002D7580,0,1,1,4294967295,0,1
oStaticSpikeRed,3360,240,00032E91,0,1,1,4294967295,0,1
oStaticSpikeRed,3168,192,00193E59,0,1,1,4294967295,0,1
oStaticSpikeRed,3184,176,001E222C,0,1,1,4294967295,0,1
oStaticSpikeRed,3200,160,003A41D6,0,1,1,4294967295,0,1
oStaticSpikeRed,3296,272,003FC133,0,1,1,4294967295,0,1
oStaticSpikeRed,3328,272,001B5367,0,1,1,4294967295,0,1
oStaticSpikeRed,3264,176,00210BCF,0,1,1,4294967295,0,1
oStaticSpikeRed,2960,160,000CAEA2,0,1,1,4294967295,0,1
oStaticSpikeRed,2976,144,000B9E18,0,1,1,4294967295,0,1
oStaticSpikeRed,2928,192,000441FD,0,1,1,4294967295,0,1
oStaticSpikeRed,2928,224,000F7B54,0,1,1,4294967295,0,1
oStaticSpikeRed,3040,128,00284CB7,0,1,1,4294967295,0,1
oStaticSpikeRed,3056,128,0010BEE5,0,1,1,4294967295,0,1
oStaticSpikeRed,3072,128,0038CD5D,0,1,1,4294967295,0,1
oStaticSpikeRed,3088,128,000E6CD7,0,1,1,4294967295,0,1
oStaticSpikeRed,3104,128,0002EA75,0,1,1,4294967295,0,1
oStaticSpikeRed,3120,128,003CF74E,0,1,1,4294967295,0,1
oHexCircle,3136,304,00314205,0,1,1,4294967295,0,1
oStaticSpikeRed,2784,176,000B0A75,0,1,1,4294967295,0,1
oStaticSpikeRed,2768,208,000331F6,0,1,1,4294967295,0,1
oStaticSpikeRed,2816,64,0012BD57,0,1,1,4294967295,0,1
oStaticSpikeRed,2816,96,00005AFA,0,1,1,4294967295,0,1
oStaticSpikeRed,2816,128,0024C1EA,0,1,1,4294967295,0,1
oStaticSpikeRed,2656,256,003FEE0F,0,1,1,4294967295,0,1
oStaticSpikeRed,2656,240,001748A9,0,1,1,4294967295,0,1
oStaticSpikeRed,2656,224,001DD398,0,1,1,4294967295,0,1
oStaticSpikeRed,2656,208,00319DDE,0,1,1,4294967295,0,1
oStaticSpikeRed,2656,192,00365DDB,0,1,1,4294967295,0,1
oStaticSpikeRed,2672,176,002C2836,0,1,1,4294967295,0,1
oStaticSpikeRed,2688,160,0002A6B6,0,1,1,4294967295,0,1
oStaticSpikeRed,2704,144,0038793A,0,1,1,4294967295,0,1
oStaticSpikeRed,2704,128,0003AAC7,0,1,1,4294967295,0,1
oStaticSpikeRed,2592,288,0010B77A,0,1,1,4294967295,0,1
oStaticSpikeRed,2592,320,00357AEC,0,1,1,4294967295,0,1
oStaticSpikeRed,2592,256,002FFF91,0,1,1,4294967295,0,1
oStaticSpikeRed,2608,256,000CD2CF,0,1,1,4294967295,0,1
oStaticSpikeRed,2624,256,00083D6D,0,1,1,4294967295,0,1
oStaticSpikeRed,2640,256,002C5133,0,1,1,4294967295,0,1
oStaticSpikeRed,2552,320,001393C6,0,1,1,4294967295,0,1
oStaticSpikeRed,2512,320,0031C6A3,0,1,1,4294967295,0,1
oStaticSpikeRed,2472,320,00329522,0,1,1,4294967295,0,1
oStaticSpikeRed,2432,320,000E4747,0,1,1,4294967295,0,1
oStaticSpikeRed,2392,320,0039CA01,0,1,1,4294967295,0,1
oStaticSpikeRed,2352,320,00153175,0,1,1,4294967295,0,1
oStaticSpikeRed,2320,160,001B10EE,0,1,1,4294967295,0,1
oStaticSpikeRed,2320,192,003134FF,0,1,1,4294967295,0,1
oStaticSpikeRed,2320,224,001DEC0E,0,1,1,4294967295,0,1
oStaticSpikeRed,2096,240,00261A75,0,1,1,4294967295,0,1
oStaticSpikeRed,2112,224,0013D4C1,0,1,1,4294967295,0,1
oStaticSpikeRed,2128,208,000FE32C,0,1,1,4294967295,0,1
oStaticSpikeRed,2144,192,0033CC6B,0,1,1,4294967295,0,1
oStaticSpikeRed,2160,176,00207074,0,1,1,4294967295,0,1
oHexCircle,368,272,002AF286,0,1,1,4294967295,0,1
oHexFullCircle,224,304,0032DE3C,0,1,1,4294967295,0,1
oHexFullCircle,512,320,003F2DED,0,1,1,4294967295,0,1
oHexFullCircle,384,128,00146D25,0,1,1,4294967295,0,1
oFacLaserTurret,224,128,000956F5,0,1,1,4294967295,0,0
oFacLaserTurret,352,128,0031A7D1,0,1,1,4294967295,0,0
oFacLaserTurret,480,128,00338A6C,0,1,1,4294967295,0,0
oInjectorVirus,176,144,00396895,0,1,1,4294967295,0,1
oInjectorVirus,384,144,002DBF27,0,1,1,4294967295,0,1
oInjectorVirus,448,272,0003D9BD,0,1,1,4294967295,0,1
oFacDrone,1216,112,00179046,0,1,1,4294967295,0,1
oFacDrone,1152,240,002559D2,0,1,1,4294967295,0,0
oFacDrone,1552,272,000C2B7B,0,1,1,4294967295,0,1
oFacDrone,1664,160,001E5EE2,0,1,1,4294967295,0,0
oFacDrone,1584,112,000A5C10,0,1,1,4294967295,0,1
oFacDrone,2096,112,00229468,0,1,1,4294967295,0,1
oFacDrone,2208,96,000BACDB,0,1,1,4294967295,0,0
oFacDrone,2512,240,003ABBE1,0,1,1,4294967295,0,0
oFacDrone,2896,320,003E3B68,0,1,1,4294967295,0,1
oFacDrone,2736,112,0025C0C7,0,1,1,4294967295,0,0
oFacDrone,3264,320,0023A68A,0,1,1,4294967295,0,1
oFacDrone,3216,208,002B93AE,0,1,1,4294967295,0,0
oFacDrone,2048,320,0028647D,0,1,1,4294967295,0,0
oInjectorVirus,2672,160,003354BA,0,1,1,4294967295,0,1
oInjectorVirus,2864,224,002EEF34,0,1,1,4294967295,0,1
oInjectorVirus,2624,304,00403B5D,0,1,1,4294967295,0,1
oInjectorVirus,2832,384,002C2111,0,1,1,4294967295,0,1
oPlayer1,48,320,0010E299,0,1,1,4294967295,0,0
oInvCollPH,16,320,0027FF59,0,1,1,4294967295,0,0
oInvCollPH,32,320,001EAD8B,0,1,1,4294967295,0,0
oInvCollPH,48,320,000DEA68,0,1,1,4294967295,0,0
oInvCollPH,64,320,0017FE80,0,1,1,4294967295,0,0
oInvCollPH,80,320,001A58BA,0,1,1,4294967295,0,0
oInvCollPH,96,320,0036DB32,0,1,1,4294967295,0,0
oInvCollPH,112,320,00273A72,0,1,1,4294967295,0,0
oInvCollPH,48,160,0021AC25,0,1,1,4294967295,0,0
oInvCollPH,48,176,0009C379,0,1,1,4294967295,0,0
oInvCollPH,48,192,003ACCB7,0,1,1,4294967295,0,0
oInvCollPH,48,208,002CF910,0,1,1,4294967295,0,0
oInvCollPH,48,224,000101D0,0,1,1,4294967295,0,0
oInvCollPH,48,240,001654DF,0,1,1,4294967295,0,0
oInvCollPH,32,240,003B7031,0,1,1,4294967295,0,0
oInvCollPH,16,240,00366EAD,0,1,1,4294967295,0,0
oInvCollPH,0,240,000ACA3D,0,1,1,4294967295,0,0
oInvCollPH,128,320,000EF788,0,1,1,4294967295,0,0
oInvCollPH,144,320,00295D85,0,1,1,4294967295,0,0
oInvCollPH,304,320,00141757,0,1,1,4294967295,0,0
oInvCollPH,288,320,003B20AD,0,1,1,4294967295,0,0
oInvCollPH,272,320,001C056A,0,1,1,4294967295,0,0
oInvCollPH,256,320,0020CFF6,0,1,1,4294967295,0,0
oInvCollPH,240,320,00055F9F,0,1,1,4294967295,0,0
oInvCollPH,224,320,0036A726,0,1,1,4294967295,0,0
oInvCollPH,208,320,003BE230,0,1,1,4294967295,0,0
oInvCollPH,192,320,00232058,0,1,1,4294967295,0,0
oInvCollPH,176,320,002FF227,0,1,1,4294967295,0,0
oInvCollPH,160,320,0002E2EB,0,1,1,4294967295,0,0
oInvCollPH,464,320,002BAAC9,0,1,1,4294967295,0,0
oInvCollPH,448,320,003CFE73,0,1,1,4294967295,0,0
oInvCollPH,432,320,000260EE,0,1,1,4294967295,0,0
oInvCollPH,416,320,002CB201,0,1,1,4294967295,0,0
oInvCollPH,400,320,003A27A7,0,1,1,4294967295,0,0
oInvCollPH,384,320,003C414B,0,1,1,4294967295,0,0
oInvCollPH,368,320,0010E803,0,1,1,4294967295,0,0
oInvCollPH,352,320,0007C1F4,0,1,1,4294967295,0,0
oInvCollPH,336,320,0039B68E,0,1,1,4294967295,0,0
oInvCollPH,320,320,000BC08A,0,1,1,4294967295,0,0
oInvCollPH,624,320,002886D5,0,1,1,4294967295,0,0
oInvCollPH,608,320,00177ADD,0,1,1,4294967295,0,0
oInvCollPH,592,320,002C3145,0,1,1,4294967295,0,0
oInvCollPH,576,320,0027992C,0,1,1,4294967295,0,0
oInvCollPH,560,320,001EB6D6,0,1,1,4294967295,0,0
oInvCollPH,544,320,0012D3A2,0,1,1,4294967295,0,0
oInvCollPH,528,320,000CE85A,0,1,1,4294967295,0,0
oInvCollPH,496,320,002AA346,0,1,1,4294967295,0,0
oInvCollPH,480,320,00292C58,0,1,1,4294967295,0,0
oInvCollPH,784,320,00168274,0,1,1,4294967295,0,0
oInvCollPH,768,320,000D3881,0,1,1,4294967295,0,0
oInvCollPH,752,320,001BED50,0,1,1,4294967295,0,0
oInvCollPH,736,320,001B0DF8,0,1,1,4294967295,0,0
oInvCollPH,720,320,00050B79,0,1,1,4294967295,0,0
oInvCollPH,704,320,0033F798,0,1,1,4294967295,0,0
oInvCollPH,688,320,003FBF76,0,1,1,4294967295,0,0
oInvCollPH,672,320,001C7481,0,1,1,4294967295,0,0
oInvCollPH,656,320,003D8D47,0,1,1,4294967295,0,0
oInvCollPH,640,320,00012E81,0,1,1,4294967295,0,0
oInvCollPH,64,144,003C010F,0,1,1,4294967295,0,0
oInvCollPH,80,144,002D8CAC,0,1,1,4294967295,0,0
oInvCollPH,96,144,0023C337,0,1,1,4294967295,0,0
oInvCollPH,112,144,0031D016,0,1,1,4294967295,0,0
oInvCollPH,128,144,00277831,0,1,1,4294967295,0,0
oInvCollPH,144,144,00019C53,0,1,1,4294967295,0,0
oInvCollPH,144,128,00356E9E,0,1,1,4294967295,0,0
oInvCollPH,464,112,000EF5D1,0,1,1,4294967295,0,0
oInvCollPH,448,112,001B07DC,0,1,1,4294967295,0,0
oInvCollPH,432,112,00098191,0,1,1,4294967295,0,0
oInvCollPH,416,112,001A7A68,0,1,1,4294967295,0,0
oInvCollPH,400,112,0022D79A,0,1,1,4294967295,0,0
oInvCollPH,384,112,0037756B,0,1,1,4294967295,0,0
oInvCollPH,368,112,000ADB55,0,1,1,4294967295,0,0
oInvCollPH,352,112,000E34F1,0,1,1,4294967295,0,0
oInvCollPH,336,112,0018AFF9,0,1,1,4294967295,0,0
oInvCollPH,320,112,001C1E78,0,1,1,4294967295,0,0
oInvCollPH,304,112,0031C5AC,0,1,1,4294967295,0,0
oInvCollPH,288,112,001D2E81,0,1,1,4294967295,0,0
oInvCollPH,272,112,0013CDB3,0,1,1,4294967295,0,0
oInvCollPH,256,112,00203531,0,1,1,4294967295,0,0
oInvCollPH,240,112,00320EA2,0,1,1,4294967295,0,0
oInvCollPH,224,112,000ABEF2,0,1,1,4294967295,0,0
oInvCollPH,208,112,0028E325,0,1,1,4294967295,0,0
oInvCollPH,192,112,00379103,0,1,1,4294967295,0,0
oInvCollPH,176,112,000CD1CA,0,1,1,4294967295,0,0
oInvCollPH,160,112,000FBA8A,0,1,1,4294967295,0,0
oInvCollPH,480,112,000A342C,0,1,1,4294967295,0,0
oInvCollPH,496,112,00267C0C,0,1,1,4294967295,0,0
oInvCollPH,512,112,00237513,0,1,1,4294967295,0,0
oInvCollPH,528,112,0016C6A4,0,1,1,4294967295,0,0
oInvCollPH,672,208,000B149C,0,1,1,4294967295,0,0
oInvCollPH,688,208,0026BCCB,0,1,1,4294967295,0,0
oInvCollPH,704,208,0012C4A6,0,1,1,4294967295,0,0
oInvCollPH,720,208,0037E5CE,0,1,1,4294967295,0,0
oInvCollPH,736,208,0037A5EA,0,1,1,4294967295,0,0
oInvCollPH,752,208,000D7501,0,1,1,4294967295,0,0
oInvCollPH,752,192,00308587,0,1,1,4294967295,0,0
oInvCollPH,912,176,003A9BB1,0,1,1,4294967295,0,0
oInvCollPH,1648,224,00380E99,0,1,1,4294967295,0,0
oInvCollPH,1664,224,003CC063,0,1,1,4294967295,0,0
oInvCollPH,1680,224,002FBF7A,0,1,1,4294967295,0,0
oInvCollPH,1696,224,0032D125,0,1,1,4294967295,0,0
oInvCollPH,1712,224,0010657D,0,1,1,4294967295,0,0
oInvCollPH,2160,160,0021D402,0,1,1,4294967295,0,0
oInvCollPH,2176,160,003E8AA4,0,1,1,4294967295,0,0
oInvCollPH,2192,160,0029C48F,0,1,1,4294967295,0,0
oInvCollPH,2208,160,001CCFB8,0,1,1,4294967295,0,0
oInvCollPH,2224,160,00302E3D,0,1,1,4294967295,0,0
oInvCollPH,3376,272,000F66AD,0,1,1,4294967295,0,0
oInvCollPH,3392,272,0002EFB6,0,1,1,4294967295,0,0
oInvCollPH,3408,272,0013366A,0,1,1,4294967295,0,0
oInvCollPH,3248,160,00096F97,0,1,1,4294967295,0,0
oInvCollPH,3264,160,0038EF86,0,1,1,4294967295,0,0
oInvCollPH,3280,160,0011DFAF,0,1,1,4294967295,0,0
oInvCollPH,2944,256,003EF926,0,1,1,4294967295,0,0
oInvCollPH,2960,256,002CEB9D,0,1,1,4294967295,0,0
oInvCollPH,2976,256,0009F763,0,1,1,4294967295,0,0
oInvCollPH,2992,256,0000D7D4,0,1,1,4294967295,0,0
oInvCollPH,3008,256,00342A61,0,1,1,4294967295,0,0
oInvCollPH,3024,256,002DAAEA,0,1,1,4294967295,0,0
oInvCollPH,3120,208,0034CBB6,0,1,1,4294967295,0,0
oInvCollPH,3136,208,0007A363,0,1,1,4294967295,0,0
oInvCollPH,3152,208,003874F0,0,1,1,4294967295,0,0
oInvCollPH,3248,272,0004832D,0,1,1,4294967295,0,0
oInvCollPH,3264,272,00223BF8,0,1,1,4294967295,0,0
oInvCollPH,3280,272,00339032,0,1,1,4294967295,0,0
oInvCollPH,2736,240,00144AE2,0,1,1,4294967295,0,0
oInvCollPH,2752,240,00226FCE,0,1,1,4294967295,0,0
oInvCollPH,2768,240,0011612F,0,1,1,4294967295,0,0
oInvCollPH,2512,160,000E9D66,0,1,1,4294967295,0,0
oInvCollPH,2528,160,000F5D3F,0,1,1,4294967295,0,0
oInvCollPH,2544,160,002E4B4F,0,1,1,4294967295,0,0
oInvCollPH,2560,160,003C3B4A,0,1,1,4294967295,0,0
oInvCollPH,2576,160,0033F940,0,1,1,4294967295,0,0
oInvCollPH,2592,160,00011149,0,1,1,4294967295,0,0
oInvCollPH,2608,160,000811D3,0,1,1,4294967295,0,0
oInvCollPH,1936,144,001648DE,0,1,1,4294967295,0,0
oInvCollPH,1952,144,0030477B,0,1,1,4294967295,0,0
oInvCollPH,1968,144,00376043,0,1,1,4294967295,0,0
oInvCollPH,1136,176,000745F2,0,1,1,4294967295,0,0
oInvCollPH,1152,176,0015A2DA,0,1,1,4294967295,0,0
oInvCollPH,1168,176,002655F4,0,1,1,4294967295,0,0
oInvCollPH,1456,240,001484DC,0,1,1,4294967295,0,0
oInvCollPH,1472,240,0001839E,0,1,1,4294967295,0,0
oInvCollPH,1488,240,00067F2C,0,1,1,4294967295,0,0
oInvCollPH,1328,160,0002A82A,0,1,1,4294967295,0,0
oInvCollPH,1344,160,002824AE,0,1,1,4294967295,0,0
oInvCollPH,1360,160,0032E3F6,0,1,1,4294967295,0,0
oInvCollPH,1008,240,0016250F,0,1,1,4294967295,0,0
oInvCollPH,1024,240,000FAB17,0,1,1,4294967295,0,0
oInvCollPH,1040,240,001B135B,0,1,1,4294967295,0,0
oInvCollPH,1216,288,003FA84F,0,1,1,4294967295,0,0
oInvCollPH,1232,288,00377132,0,1,1,4294967295,0,0
oInvCollPH,1248,288,0039A89F,0,1,1,4294967295,0,0
oInvCollPH,1264,288,0031C4B7,0,1,1,4294967295,0,0
oInvCollPH,1552,160,0012DB43,0,1,1,4294967295,0,0
oInvCollPH,1808,272,003666D8,0,1,1,4294967295,0,0
oInvCollPH,2096,256,00075C3E,0,1,1,4294967295,0,0
oInvCollPH,2368,144,003391A9,0,1,1,4294967295,0,0
oInvCollPH,2608,272,001839BC,0,1,1,4294967295,0,0
oInvCollPH,2800,160,000C0B04,0,1,1,4294967295,0,0
oInvCollPH,2944,176,001E037F,0,1,1,4294967295,0,0
oInvCollPH,3024,128,003D32F4,0,1,1,4294967295,0,0
oInvCollPH,3504,208,0034CD6F,0,1,1,4294967295,0,0
oInvCollPH,1232,320,002B3020,0,1,1,4294967295,0,0
oInvCollPH,1232,336,0007A294,0,1,1,4294967295,0,0
oInvCollPH,1040,272,003DD8BD,0,1,1,4294967295,0,0
oInvCollPH,1040,288,0029AA9E,0,1,1,4294967295,0,0
oInvCollPH,1040,304,00336ACE,0,1,1,4294967295,0,0
oInvCollPH,1040,320,0012BDE6,0,1,1,4294967295,0,0
oInvCollPH,1040,336,001318D4,0,1,1,4294967295,0,0
oInvCollPH,1360,80,002E07DC,0,1,1,4294967295,0,0
oInvCollPH,1360,96,00130043,0,1,1,4294967295,0,0
oInvCollPH,1360,112,00205BCF,0,1,1,4294967295,0,0
oInvCollPH,1360,128,00325EB0,0,1,1,4294967295,0,0
oInvCollPH,1360,144,0005B89C,0,1,1,4294967295,0,0
oInvCollPH,1632,80,003898B4,0,1,1,4294967295,0,0
oInvCollPH,1632,96,0007DAF6,0,1,1,4294967295,0,0
oInvCollPH,1632,112,00344EDF,0,1,1,4294967295,0,0
oInvCollPH,1632,128,000F6993,0,1,1,4294967295,0,0
oInvCollPH,1632,144,000ED929,0,1,1,4294967295,0,0
oInvCollPH,1632,160,00361ACF,0,1,1,4294967295,0,0
oInvCollPH,1632,176,000A7363,0,1,1,4294967295,0,0
oInvCollPH,1632,192,0014ED04,0,1,1,4294967295,0,0
oInvCollPH,1632,208,0012D28A,0,1,1,4294967295,0,0
oInvCollPH,2144,96,003C66FA,0,1,1,4294967295,0,0
oInvCollPH,2144,112,000134B2,0,1,1,4294967295,0,0
oInvCollPH,2144,128,0017FD67,0,1,1,4294967295,0,0
oInvCollPH,2144,144,001B7F73,0,1,1,4294967295,0,0
oInvCollPH,2144,80,002A832F,0,1,1,4294967295,0,0
oInvCollPH,1904,240,0028613F,0,1,1,4294967295,0,0
oInvCollPH,1920,240,002BF2F5,0,1,1,4294967295,0,0
oInvCollPH,1936,240,001D14A1,0,1,1,4294967295,0,0
oInvCollPH,1952,240,003B397F,0,1,1,4294967295,0,0
oInvCollPH,1968,240,001FC714,0,1,1,4294967295,0,0
oInvCollPH,1984,240,00106292,0,1,1,4294967295,0,0
oInvCollPH,2000,240,0023B9F9,0,1,1,4294967295,0,0
oInvCollPH,2224,256,003A2CDA,0,1,1,4294967295,0,0
oInvCollPH,2240,256,003974A2,0,1,1,4294967295,0,0
oInvCollPH,2256,256,001964B1,0,1,1,4294967295,0,0
oInvCollPH,2272,256,002A3B05,0,1,1,4294967295,0,0
oInvCollPH,2288,256,003660B0,0,1,1,4294967295,0,0
oInvCollPH,2304,256,003C339A,0,1,1,4294967295,0,0
oInvCollPH,2320,256,00075DDD,0,1,1,4294967295,0,0
oInvCollPH,2336,256,003764C1,0,1,1,4294967295,0,0
oInvCollPH,2352,256,0012AB7F,0,1,1,4294967295,0,0
oInvCollPH,2368,256,000C441A,0,1,1,4294967295,0,0
oInvCollPH,2000,272,000C1CEE,0,1,1,4294967295,0,0
oInvCollPH,2000,288,001DA4D2,0,1,1,4294967295,0,0
oInvCollPH,2000,304,0021E801,0,1,1,4294967295,0,0
oInvCollPH,2000,320,00014B7E,0,1,1,4294967295,0,0
oInvCollPH,2000,336,0031FB89,0,1,1,4294967295,0,0
oInvCollPH,2336,288,002EC8F8,0,1,1,4294967295,0,0
oInvCollPH,2336,304,00007FC9,0,1,1,4294967295,0,0
oInvCollPH,2336,320,0037B0A3,0,1,1,4294967295,0,0
oInvCollPH,2336,336,00324AC6,0,1,1,4294967295,0,0
oInvCollPH,2576,80,0017C029,0,1,1,4294967295,0,0
oInvCollPH,2576,96,00032741,0,1,1,4294967295,0,0
oInvCollPH,2576,112,003DEEAE,0,1,1,4294967295,0,0
oInvCollPH,2576,128,001671DB,0,1,1,4294967295,0,0
oInvCollPH,2576,144,003027C1,0,1,1,4294967295,0,0
oInvCollPH,3280,80,001810D0,0,1,1,4294967295,0,0
oInvCollPH,3280,96,000DEA1F,0,1,1,4294967295,0,0
oInvCollPH,3280,112,000CF93A,0,1,1,4294967295,0,0
oInvCollPH,3280,128,000EDD37,0,1,1,4294967295,0,0
oInvCollPH,3280,144,0012039C,0,1,1,4294967295,0,0
oInvCollPH,3408,304,000EC1D4,0,1,1,4294967295,0,0
oInvCollPH,3408,320,002E5381,0,1,1,4294967295,0,0
oInvCollPH,3408,336,0010E912,0,1,1,4294967295,0,0
oInvCollPH,800,320,001EF2C5,0,1,1,4294967295,0,0
oInvCollPH,816,320,002E2CD9,0,1,1,4294967295,0,0
oInvCollPH,832,320,003C70A4,0,1,1,4294967295,0,0
oInvCollPH,848,320,00034847,0,1,1,4294967295,0,0
oInvCollPH,864,320,003BC40A,0,1,1,4294967295,0,0
oInvCollPH,880,320,0032C52A,0,1,1,4294967295,0,0
oInvCollPH,896,320,00391091,0,1,1,4294967295,0,0
oInvCollPH,912,320,003C7D36,0,1,1,4294967295,0,0
oInvCollPH,912,336,00350DAC,0,1,1,4294967295,0,0
oInvCollPH,576,176,003C0FB1,0,1,1,4294967295,0,0
oInvCollPH,592,176,00376860,0,1,1,4294967295,0,0
oInvCollPH,608,176,003A8B78,0,1,1,4294967295,0,0
oInvCollPH,624,176,003D1378,0,1,1,4294967295,0,0
oInvCollPH,640,176,00053700,0,1,1,4294967295,0,0
oInvCollPH,656,176,001C75E0,0,1,1,4294967295,0,0
oInvCollPH,768,176,000DED56,0,1,1,4294967295,0,0
oInvCollPH,784,176,0014DA07,0,1,1,4294967295,0,0
oInvCollPH,800,176,001691F2,0,1,1,4294967295,0,0
oInvCollPH,816,176,002A7BE1,0,1,1,4294967295,0,0
oInvCollPH,832,176,00013112,0,1,1,4294967295,0,0
oInvCollPH,848,176,002F8C0A,0,1,1,4294967295,0,0
oInvCollPH,848,160,002DA59D,0,1,1,4294967295,0,0
oInvCollPH,544,144,00088F61,0,1,1,4294967295,0,0
oInvCollPH,560,144,0005BB25,0,1,1,4294967295,0,0
oInvCollPH,848,144,000C0B75,0,1,1,4294967295,0,0
oInvCollPH,848,128,001A2681,0,1,1,4294967295,0,0
oInvCollPH,848,112,003B2EEC,0,1,1,4294967295,0,0
oInvCollPH,848,96,00376789,0,1,1,4294967295,0,0
oInvCollPH,848,80,00079D13,0,1,1,4294967295,0,0
oInvCollPH,848,64,002B26BE,0,1,1,4294967295,0,0
oInvCollPH,3584,240,001974EF,0,1,1,4294967295,0,0
oInvCollPH,3584,256,002BD6F1,0,1,1,4294967295,0,0
oInvCollPH,3584,272,001D9289,0,1,1,4294967295,0,0
oInvCollPH,3600,272,000D65B5,0,1,1,4294967295,0,0
oInvCollPH,3616,272,0009CDD8,0,1,1,4294967295,0,0
oInvCollPH,3632,272,0033A7A6,0,1,1,4294967295,0,0
oInvCollPH,3648,272,0023D9B8,0,1,1,4294967295,0,0
oInvCollPH,3664,272,00136A21,0,1,1,4294967295,0,0
oInvCollPH,3520,80,0022BE33,0,1,1,4294967295,0,0
oInvCollPH,3520,96,00341ECC,0,1,1,4294967295,0,0
oInvCollPH,3520,112,001155D3,0,1,1,4294967295,0,0
oInvCollPH,3520,128,003C1952,0,1,1,4294967295,0,0
oInvCollPH,3520,144,0022DDAA,0,1,1,4294967295,0,0
oInvCollPH,3520,160,00177AAD,0,1,1,4294967295,0,0
oInvCollPH,3520,176,0023E178,0,1,1,4294967295,0,0
oInvCollPH,3520,192,003B164E,0,1,1,4294967295,0,0
oInvCollPH,3520,208,003E7B80,0,1,1,4294967295,0,0
oInvCollPH,3536,208,000379F8,0,1,1,4294967295,0,0
oInvCollPH,3552,208,002D0BD0,0,1,1,4294967295,0,0
oInvCollPH,3568,208,000670BD,0,1,1,4294967295,0,0
oInvCollPH,3520,64,00061D1C,0,1,1,4294967295,0,0
oInvCollPH,864,48,0009A4E2,0,1,1,4294967295,0,0
oInvCollPH,880,48,00222C39,0,1,1,4294967295,0,0
oInvCollPH,896,48,0022A865,0,1,1,4294967295,0,0
oInvCollPH,912,48,0036851D,0,1,1,4294967295,0,0
oInvCollPH,928,48,00040A27,0,1,1,4294967295,0,0
oInvCollPH,944,48,0037B8E7,0,1,1,4294967295,0,0
oInvCollPH,960,48,002D06BF,0,1,1,4294967295,0,0
oInvCollPH,976,48,003F813F,0,1,1,4294967295,0,0
oInvCollPH,992,48,00223B3C,0,1,1,4294967295,0,0
oInvCollPH,1008,48,00260A8C,0,1,1,4294967295,0,0
oInvCollPH,1024,48,0034B399,0,1,1,4294967295,0,0
oInvCollPH,1040,48,0007B7E8,0,1,1,4294967295,0,0
oInvCollPH,1056,48,000B5733,0,1,1,4294967295,0,0
oInvCollPH,1072,48,00111028,0,1,1,4294967295,0,0
oInvCollPH,1088,48,00099C50,0,1,1,4294967295,0,0
oInvCollPH,1104,48,0001C3D0,0,1,1,4294967295,0,0
oInvCollPH,1120,48,00115BFF,0,1,1,4294967295,0,0
oInvCollPH,1136,48,0034C532,0,1,1,4294967295,0,0
oInvCollPH,1152,48,0038B4E4,0,1,1,4294967295,0,0
oInvCollPH,1168,48,0003D44B,0,1,1,4294967295,0,0
oInvCollPH,1184,48,000F5238,0,1,1,4294967295,0,0
oInvCollPH,1200,48,0021722F,0,1,1,4294967295,0,0
oInvCollPH,1216,48,00313171,0,1,1,4294967295,0,0
oInvCollPH,1232,48,003931A5,0,1,1,4294967295,0,0
oInvCollPH,1248,48,0038873A,0,1,1,4294967295,0,0
oInvCollPH,1264,48,0010C826,0,1,1,4294967295,0,0
oInvCollPH,1280,48,0024B8C4,0,1,1,4294967295,0,0
oInvCollPH,1296,48,0023A837,0,1,1,4294967295,0,0
oInvCollPH,1312,48,00403EE3,0,1,1,4294967295,0,0
oInvCollPH,1328,48,003C5283,0,1,1,4294967295,0,0
oInvCollPH,1344,48,0036663F,0,1,1,4294967295,0,0
oInvCollPH,1376,48,0038EC6C,0,1,1,4294967295,0,0
oInvCollPH,1392,48,00006079,0,1,1,4294967295,0,0
oInvCollPH,1408,48,002669F3,0,1,1,4294967295,0,0
oInvCollPH,1424,48,00272795,0,1,1,4294967295,0,0
oInvCollPH,1440,48,002C5902,0,1,1,4294967295,0,0
oInvCollPH,1456,48,001061F9,0,1,1,4294967295,0,0
oInvCollPH,1472,48,00172C42,0,1,1,4294967295,0,0
oInvCollPH,1488,48,003B47CB,0,1,1,4294967295,0,0
oInvCollPH,1504,48,0012EBA7,0,1,1,4294967295,0,0
oInvCollPH,1520,48,000CF002,0,1,1,4294967295,0,0
oInvCollPH,1536,48,001737FC,0,1,1,4294967295,0,0
oInvCollPH,1552,48,00208FDC,0,1,1,4294967295,0,0
oInvCollPH,1568,48,0013B343,0,1,1,4294967295,0,0
oInvCollPH,1584,48,002990BB,0,1,1,4294967295,0,0
oInvCollPH,1600,48,000B3A27,0,1,1,4294967295,0,0
oInvCollPH,1616,48,0034DDF2,0,1,1,4294967295,0,0
oInvCollPH,1648,48,0028B07D,0,1,1,4294967295,0,0
oInvCollPH,1664,48,001E63FD,0,1,1,4294967295,0,0
oInvCollPH,1680,48,001281F0,0,1,1,4294967295,0,0
oInvCollPH,1696,48,0028377E,0,1,1,4294967295,0,0
oInvCollPH,1712,48,003213F4,0,1,1,4294967295,0,0
oInvCollPH,1728,48,00396119,0,1,1,4294967295,0,0
oInvCollPH,1744,48,0023CA80,0,1,1,4294967295,0,0
oInvCollPH,1760,48,001B66CE,0,1,1,4294967295,0,0
oInvCollPH,1776,48,0006C78D,0,1,1,4294967295,0,0
oInvCollPH,1792,48,00168CFF,0,1,1,4294967295,0,0
oInvCollPH,1808,48,0001CEC8,0,1,1,4294967295,0,0
oInvCollPH,1824,48,003C0C8A,0,1,1,4294967295,0,0
oInvCollPH,1840,48,00298D11,0,1,1,4294967295,0,0
oInvCollPH,1856,48,00128ABD,0,1,1,4294967295,0,0
oInvCollPH,1872,48,00009336,0,1,1,4294967295,0,0
oInvCollPH,1888,48,003C7FBD,0,1,1,4294967295,0,0
oInvCollPH,1904,48,001954D1,0,1,1,4294967295,0,0
oInvCollPH,1920,48,00255EBC,0,1,1,4294967295,0,0
oInvCollPH,1936,48,000D010B,0,1,1,4294967295,0,0
oInvCollPH,1952,48,00155CE0,0,1,1,4294967295,0,0
oInvCollPH,1968,48,0017FBD6,0,1,1,4294967295,0,0
oInvCollPH,1984,48,000665D8,0,1,1,4294967295,0,0
oInvCollPH,2000,48,001C6DBD,0,1,1,4294967295,0,0
oInvCollPH,2016,48,001CD6DC,0,1,1,4294967295,0,0
oInvCollPH,2032,48,0039521A,0,1,1,4294967295,0,0
oInvCollPH,2048,48,0009AB3C,0,1,1,4294967295,0,0
oInvCollPH,2064,48,00368101,0,1,1,4294967295,0,0
oInvCollPH,2080,48,00230014,0,1,1,4294967295,0,0
oInvCollPH,2096,48,00112223,0,1,1,4294967295,0,0
oInvCollPH,2112,48,0012AB18,0,1,1,4294967295,0,0
oInvCollPH,2128,48,003497BB,0,1,1,4294967295,0,0
oInvCollPH,2160,48,001CE034,0,1,1,4294967295,0,0
oInvCollPH,2176,48,00247FDF,0,1,1,4294967295,0,0
oInvCollPH,2192,48,000F5ADE,0,1,1,4294967295,0,0
oInvCollPH,2208,48,0022AB10,0,1,1,4294967295,0,0
oInvCollPH,2224,48,0032EB50,0,1,1,4294967295,0,0
oInvCollPH,2240,48,000BB677,0,1,1,4294967295,0,0
oInvCollPH,2256,48,00387FFC,0,1,1,4294967295,0,0
oInvCollPH,2272,48,003B973F,0,1,1,4294967295,0,0
oInvCollPH,2288,48,0019BE5C,0,1,1,4294967295,0,0
oInvCollPH,2304,48,000F680F,0,1,1,4294967295,0,0
oInvCollPH,2320,48,0025473A,0,1,1,4294967295,0,0
oInvCollPH,2336,48,000B3F36,0,1,1,4294967295,0,0
oInvCollPH,2352,48,002EE3C1,0,1,1,4294967295,0,0
oInvCollPH,2368,48,000CF47E,0,1,1,4294967295,0,0
oInvCollPH,2384,48,0014E352,0,1,1,4294967295,0,0
oInvCollPH,2400,48,00154F07,0,1,1,4294967295,0,0
oInvCollPH,2416,48,001BE539,0,1,1,4294967295,0,0
oInvCollPH,2432,48,000A10E2,0,1,1,4294967295,0,0
oInvCollPH,2448,48,00185D12,0,1,1,4294967295,0,0
oInvCollPH,2464,48,001C5E75,0,1,1,4294967295,0,0
oInvCollPH,2480,48,0027FC65,0,1,1,4294967295,0,0
oInvCollPH,2496,48,001EF026,0,1,1,4294967295,0,0
oInvCollPH,2512,48,0007DC5C,0,1,1,4294967295,0,0
oInvCollPH,2528,48,0008A27C,0,1,1,4294967295,0,0
oInvCollPH,2544,48,00399D1A,0,1,1,4294967295,0,0
oInvCollPH,2560,48,00332E48,0,1,1,4294967295,0,0
oInvCollPH,2592,48,003A0993,0,1,1,4294967295,0,0
oInvCollPH,2608,48,002064B1,0,1,1,4294967295,0,0
oInvCollPH,2624,48,0010B92A,0,1,1,4294967295,0,0
oInvCollPH,2640,48,0006ECC8,0,1,1,4294967295,0,0
oInvCollPH,2656,48,001F48C3,0,1,1,4294967295,0,0
oInvCollPH,2672,48,001881AF,0,1,1,4294967295,0,0
oInvCollPH,2688,48,0024E3F0,0,1,1,4294967295,0,0
oInvCollPH,2704,48,003FB655,0,1,1,4294967295,0,0
oInvCollPH,2720,48,0037FF67,0,1,1,4294967295,0,0
oInvCollPH,2736,48,000443C9,0,1,1,4294967295,0,0
oInvCollPH,2752,48,003CDE5D,0,1,1,4294967295,0,0
oInvCollPH,2768,48,0005BD99,0,1,1,4294967295,0,0
oInvCollPH,2784,48,00104E40,0,1,1,4294967295,0,0
oInvCollPH,2800,48,002EF538,0,1,1,4294967295,0,0
oInvCollPH,2816,48,003340AE,0,1,1,4294967295,0,0
oInvCollPH,2832,48,000FA18C,0,1,1,4294967295,0,0
oInvCollPH,2848,48,000366FC,0,1,1,4294967295,0,0
oInvCollPH,2864,48,0017592B,0,1,1,4294967295,0,0
oInvCollPH,2880,48,001110B1,0,1,1,4294967295,0,0
oInvCollPH,2896,48,00400FEA,0,1,1,4294967295,0,0
oInvCollPH,2912,48,0015551F,0,1,1,4294967295,0,0
oInvCollPH,2928,48,0023DB9F,0,1,1,4294967295,0,0
oInvCollPH,2944,48,001C8CFE,0,1,1,4294967295,0,0
oInvCollPH,2960,48,003CF6D7,0,1,1,4294967295,0,0
oInvCollPH,2976,48,0022F435,0,1,1,4294967295,0,0
oInvCollPH,2992,48,0001BE4C,0,1,1,4294967295,0,0
oInvCollPH,3008,48,00033EA6,0,1,1,4294967295,0,0
oInvCollPH,3024,48,0025A192,0,1,1,4294967295,0,0
oInvCollPH,3040,48,0021D00D,0,1,1,4294967295,0,0
oInvCollPH,3056,48,002BF06F,0,1,1,4294967295,0,0
oInvCollPH,3072,48,0027DE51,0,1,1,4294967295,0,0
oInvCollPH,3088,48,002BAF8B,0,1,1,4294967295,0,0
oInvCollPH,3104,48,0010DAC8,0,1,1,4294967295,0,0
oInvCollPH,3120,48,0038A288,0,1,1,4294967295,0,0
oInvCollPH,3136,48,00092E75,0,1,1,4294967295,0,0
oInvCollPH,3152,48,002ED840,0,1,1,4294967295,0,0
oInvCollPH,3168,48,001FA3FE,0,1,1,4294967295,0,0
oInvCollPH,3184,48,003E6E96,0,1,1,4294967295,0,0
oInvCollPH,3200,48,0018DDD3,0,1,1,4294967295,0,0
oInvCollPH,3216,48,00184E17,0,1,1,4294967295,0,0
oInvCollPH,3232,48,000D2A4F,0,1,1,4294967295,0,0
oInvCollPH,3248,48,001D90C8,0,1,1,4294967295,0,0
oInvCollPH,3264,48,001C753D,0,1,1,4294967295,0,0
oInvCollPH,3296,48,0028E781,0,1,1,4294967295,0,0
oInvCollPH,3312,48,003EB15A,0,1,1,4294967295,0,0
oInvCollPH,3328,48,0028BEC6,0,1,1,4294967295,0,0
oInvCollPH,3344,48,0022F080,0,1,1,4294967295,0,0
oInvCollPH,3360,48,001ACA0A,0,1,1,4294967295,0,0
oInvCollPH,3376,48,00373AF8,0,1,1,4294967295,0,0
oInvCollPH,3392,48,003E10FA,0,1,1,4294967295,0,0
oInvCollPH,3408,48,0031F914,0,1,1,4294967295,0,0
oInvCollPH,3424,48,00227C0A,0,1,1,4294967295,0,0
oInvCollPH,3440,48,00250186,0,1,1,4294967295,0,0
oInvCollPH,3456,48,003E4292,0,1,1,4294967295,0,0
oInvCollPH,3472,48,000342C9,0,1,1,4294967295,0,0
oInvCollPH,3488,48,003E62C8,0,1,1,4294967295,0,0
oInvCollPH,3504,48,003E10A9,0,1,1,4294967295,0,0
oInvCollPH,944,352,001B4CC3,0,1,1,4294967295,0,0
oInvCollPH,960,352,003A9C97,0,1,1,4294967295,0,0
oInvCollPH,976,352,001A35AA,0,1,1,4294967295,0,0
oInvCollPH,992,352,003D928B,0,1,1,4294967295,0,0
oInvCollPH,1008,352,0009F917,0,1,1,4294967295,0,0
oInvCollPH,1024,352,000611AD,0,1,1,4294967295,0,0
oInvCollPH,1056,352,001A0B01,0,1,1,4294967295,0,0
oInvCollPH,1072,352,0022130D,0,1,1,4294967295,0,0
oInvCollPH,1088,352,0030B1E1,0,1,1,4294967295,0,0
oInvCollPH,1104,352,002C3A1F,0,1,1,4294967295,0,0
oInvCollPH,1120,352,0019685C,0,1,1,4294967295,0,0
oInvCollPH,1136,352,003F08B8,0,1,1,4294967295,0,0
oInvCollPH,1152,352,002D98A0,0,1,1,4294967295,0,0
oInvCollPH,1168,352,00193763,0,1,1,4294967295,0,0
oInvCollPH,1184,352,0019CF33,0,1,1,4294967295,0,0
oInvCollPH,1200,352,002A53D4,0,1,1,4294967295,0,0
oInvCollPH,1216,352,001C4B81,0,1,1,4294967295,0,0
oInvCollPH,1248,352,0013073A,0,1,1,4294967295,0,0
oInvCollPH,1264,352,00386A54,0,1,1,4294967295,0,0
oInvCollPH,1280,352,00183113,0,1,1,4294967295,0,0
oInvCollPH,1296,352,001DDB04,0,1,1,4294967295,0,0
oInvCollPH,1312,352,0015AF26,0,1,1,4294967295,0,0
oInvCollPH,1328,352,001A521D,0,1,1,4294967295,0,0
oInvCollPH,1344,352,00129C51,0,1,1,4294967295,0,0
oInvCollPH,1360,352,001C4E4E,0,1,1,4294967295,0,0
oInvCollPH,1376,352,003E0998,0,1,1,4294967295,0,0
oInvCollPH,1392,352,003235C3,0,1,1,4294967295,0,0
oInvCollPH,1408,352,0031589B,0,1,1,4294967295,0,0
oInvCollPH,1424,352,000D90D8,0,1,1,4294967295,0,0
oInvCollPH,1440,352,0007B07B,0,1,1,4294967295,0,0
oInvCollPH,1456,352,00043B05,0,1,1,4294967295,0,0
oInvCollPH,1472,352,003287D6,0,1,1,4294967295,0,0
oInvCollPH,1488,352,001CD799,0,1,1,4294967295,0,0
oInvCollPH,1504,352,00393525,0,1,1,4294967295,0,0
oInvCollPH,1520,352,00067500,0,1,1,4294967295,0,0
oInvCollPH,1536,352,000F2B60,0,1,1,4294967295,0,0
oInvCollPH,1552,352,003969C1,0,1,1,4294967295,0,0
oInvCollPH,1568,352,00095455,0,1,1,4294967295,0,0
oInvCollPH,1584,352,00353DA2,0,1,1,4294967295,0,0
oInvCollPH,1600,352,0024FDBB,0,1,1,4294967295,0,0
oInvCollPH,1616,352,0012F3A3,0,1,1,4294967295,0,0
oInvCollPH,1632,352,002C104E,0,1,1,4294967295,0,0
oInvCollPH,1648,352,000FB0BA,0,1,1,4294967295,0,0
oInvCollPH,1664,352,001FB6B5,0,1,1,4294967295,0,0
oInvCollPH,1680,352,001B0CE3,0,1,1,4294967295,0,0
oInvCollPH,1696,352,002DC0E7,0,1,1,4294967295,0,0
oInvCollPH,1712,352,003B8F44,0,1,1,4294967295,0,0
oInvCollPH,1728,352,0020A007,0,1,1,4294967295,0,0
oInvCollPH,1744,352,002F320C,0,1,1,4294967295,0,0
oInvCollPH,1760,352,002A5065,0,1,1,4294967295,0,0
oInvCollPH,1776,352,00192AD9,0,1,1,4294967295,0,0
oInvCollPH,1792,352,002B0BD1,0,1,1,4294967295,0,0
oInvCollPH,1808,352,0026EA12,0,1,1,4294967295,0,0
oInvCollPH,1824,352,002C2ADA,0,1,1,4294967295,0,0
oInvCollPH,1840,352,00304923,0,1,1,4294967295,0,0
oInvCollPH,1856,352,0033504C,0,1,1,4294967295,0,0
oInvCollPH,1872,352,000A9A78,0,1,1,4294967295,0,0
oInvCollPH,1888,352,00191BD1,0,1,1,4294967295,0,0
oInvCollPH,1904,352,001A8FCA,0,1,1,4294967295,0,0
oInvCollPH,1920,352,003AA1DA,0,1,1,4294967295,0,0
oInvCollPH,1936,352,000A23DA,0,1,1,4294967295,0,0
oInvCollPH,1952,352,00200BAB,0,1,1,4294967295,0,0
oInvCollPH,1968,352,0033B577,0,1,1,4294967295,0,0
oInvCollPH,1984,352,001A2AD6,0,1,1,4294967295,0,0
oInvCollPH,2016,352,0028F1FF,0,1,1,4294967295,0,0
oInvCollPH,2032,352,0016B16B,0,1,1,4294967295,0,0
oInvCollPH,2048,352,001C07FC,0,1,1,4294967295,0,0
oInvCollPH,2064,352,000DC4F5,0,1,1,4294967295,0,0
oInvCollPH,2080,352,001FF7BD,0,1,1,4294967295,0,0
oInvCollPH,2096,352,00224352,0,1,1,4294967295,0,0
oInvCollPH,2112,352,001E6A40,0,1,1,4294967295,0,0
oInvCollPH,2128,352,0023C99E,0,1,1,4294967295,0,0
oInvCollPH,2144,352,0008846F,0,1,1,4294967295,0,0
oInvCollPH,2160,352,00113400,0,1,1,4294967295,0,0
oInvCollPH,2176,352,003412FD,0,1,1,4294967295,0,0
oInvCollPH,2192,352,00021D38,0,1,1,4294967295,0,0
oInvCollPH,2208,352,0035434C,0,1,1,4294967295,0,0
oInvCollPH,2224,352,000785DF,0,1,1,4294967295,0,0
oInvCollPH,2240,352,0037614D,0,1,1,4294967295,0,0
oInvCollPH,2256,352,0007307F,0,1,1,4294967295,0,0
oInvCollPH,2272,352,00154E26,0,1,1,4294967295,0,0
oInvCollPH,2288,352,000AB600,0,1,1,4294967295,0,0
oInvCollPH,2304,352,0030FD97,0,1,1,4294967295,0,0
oInvCollPH,2320,352,00309677,0,1,1,4294967295,0,0
oInvCollPH,2352,352,00298D68,0,1,1,4294967295,0,0
oInvCollPH,2368,352,000A898C,0,1,1,4294967295,0,0
oInvCollPH,2384,352,003B822D,0,1,1,4294967295,0,0
oInvCollPH,2400,352,0038E113,0,1,1,4294967295,0,0
oInvCollPH,2416,352,003D378E,0,1,1,4294967295,0,0
oInvCollPH,2432,352,003241FD,0,1,1,4294967295,0,0
oInvCollPH,2448,352,00134CF3,0,1,1,4294967295,0,0
oInvCollPH,2464,352,0015532E,0,1,1,4294967295,0,0
oInvCollPH,2480,352,00207F0E,0,1,1,4294967295,0,0
oInvCollPH,2496,352,000A3C12,0,1,1,4294967295,0,0
oInvCollPH,2592,352,00294E69,0,1,1,4294967295,0,0
oInvCollPH,2608,352,0038F49C,0,1,1,4294967295,0,0
oInvCollPH,2512,352,0018FC43,0,1,1,4294967295,0,0
oInvCollPH,2528,352,0015F757,0,1,1,4294967295,0,0
oInvCollPH,2544,352,0027E51F,0,1,1,4294967295,0,0
oInvCollPH,2560,352,001A3289,0,1,1,4294967295,0,0
oInvCollPH,2576,352,002B23A3,0,1,1,4294967295,0,0
oInvCollPH,2624,352,002E5C1D,0,1,1,4294967295,0,0
oInvCollPH,2640,352,002E7873,0,1,1,4294967295,0,0
oInvCollPH,2656,352,001DC982,0,1,1,4294967295,0,0
oInvCollPH,2672,352,000F9ACB,0,1,1,4294967295,0,0
oInvCollPH,2688,352,0009472F,0,1,1,4294967295,0,0
oInvCollPH,2704,352,00017955,0,1,1,4294967295,0,0
oInvCollPH,2720,352,0010544F,0,1,1,4294967295,0,0
oInvCollPH,2736,352,0031B64F,0,1,1,4294967295,0,0
oInvCollPH,2752,352,0013942D,0,1,1,4294967295,0,0
oInvCollPH,2768,352,001D9ECB,0,1,1,4294967295,0,0
oInvCollPH,2784,352,00085279,0,1,1,4294967295,0,0
oInvCollPH,2800,352,000624DA,0,1,1,4294967295,0,0
oInvCollPH,2816,352,000DC3B5,0,1,1,4294967295,0,0
oInvCollPH,2832,352,001799F8,0,1,1,4294967295,0,0
oInvCollPH,2848,352,0029E9BE,0,1,1,4294967295,0,0
oInvCollPH,2864,352,002A0EDE,0,1,1,4294967295,0,0
oInvCollPH,2880,352,000F5FDD,0,1,1,4294967295,0,0
oInvCollPH,2896,352,001A67A6,0,1,1,4294967295,0,0
oInvCollPH,2912,352,0029CEC5,0,1,1,4294967295,0,0
oInvCollPH,2928,352,002F4543,0,1,1,4294967295,0,0
oInvCollPH,2944,352,002F78DA,0,1,1,4294967295,0,0
oInvCollPH,2960,288,00277BAD,0,1,1,4294967295,0,0
oInvCollPH,2960,304,0018F096,0,1,1,4294967295,0,0
oInvCollPH,2960,320,003D8B6E,0,1,1,4294967295,0,0
oInvCollPH,2960,336,00349A13,0,1,1,4294967295,0,0
oInvCollPH,2976,352,003A3534,0,1,1,4294967295,0,0
oInvCollPH,2992,352,003AE96E,0,1,1,4294967295,0,0
oInvCollPH,3008,352,0010E70C,0,1,1,4294967295,0,0
oInvCollPH,3024,352,0032C76E,0,1,1,4294967295,0,0
oInvCollPH,3040,352,00152CC5,0,1,1,4294967295,0,0
oInvCollPH,3056,352,001D2029,0,1,1,4294967295,0,0
oInvCollPH,3072,352,003EC3F9,0,1,1,4294967295,0,0
oInvCollPH,3088,352,000EDA7B,0,1,1,4294967295,0,0
oInvCollPH,3104,352,0020E496,0,1,1,4294967295,0,0
oInvCollPH,3120,352,0012AA15,0,1,1,4294967295,0,0
oInvCollPH,3136,352,00001957,0,1,1,4294967295,0,0
oInvCollPH,3152,352,002699B9,0,1,1,4294967295,0,0
oInvCollPH,3168,352,00353171,0,1,1,4294967295,0,0
oInvCollPH,3184,352,001D6D46,0,1,1,4294967295,0,0
oInvCollPH,3200,352,00006627,0,1,1,4294967295,0,0
oInvCollPH,3216,352,0025E20E,0,1,1,4294967295,0,0
oInvCollPH,3232,352,000F5A94,0,1,1,4294967295,0,0
oInvCollPH,3248,352,00031CF8,0,1,1,4294967295,0,0
oInvCollPH,3264,352,0027E132,0,1,1,4294967295,0,0
oInvCollPH,3280,352,003B39E8,0,1,1,4294967295,0,0
oInvCollPH,3296,352,003F4935,0,1,1,4294967295,0,0
oInvCollPH,3312,352,0006CB8D,0,1,1,4294967295,0,0
oInvCollPH,3328,352,0003BC4E,0,1,1,4294967295,0,0
oInvCollPH,3344,352,0019C0E6,0,1,1,4294967295,0,0
oInvCollPH,3360,352,00207CA5,0,1,1,4294967295,0,0
oInvCollPH,3376,352,002C2B06,0,1,1,4294967295,0,0
oInvCollPH,3392,352,00280E11,0,1,1,4294967295,0,0
oInvCollPH,3424,352,00184B09,0,1,1,4294967295,0,0
oInvCollPH,3440,352,001DD7F0,0,1,1,4294967295,0,0
oInvCollPH,3456,352,0019CEDB,0,1,1,4294967295,0,0
oInvCollPH,3472,352,00257A48,0,1,1,4294967295,0,0
oInvCollPH,3488,352,0003BB4A,0,1,1,4294967295,0,0
oInvCollPH,3504,352,003E5ACA,0,1,1,4294967295,0,0
oInvCollPH,3520,352,003E25B8,0,1,1,4294967295,0,0
oInvCollPH,3536,352,00095D69,0,1,1,4294967295,0,0
oInvCollPH,3552,352,00149076,0,1,1,4294967295,0,0
oInvCollPH,3568,352,00177958,0,1,1,4294967295,0,0
oInvCollPH,3584,352,003E6B5B,0,1,1,4294967295,0,0
oInvCollPH,3600,352,000BF6C6,0,1,1,4294967295,0,0
oInvCollPH,3616,352,000BC9ED,0,1,1,4294967295,0,0
oInvCollPH,3632,352,00142CA8,0,1,1,4294967295,0,0
oInvCollPH,3648,352,00271FD5,0,1,1,4294967295,0,0
oInvCollPH,3664,352,0034248D,0,1,1,4294967295,0,0
oInvCollPH,3376,160,0020B69C,0,1,1,4294967295,0,0
oInvCollPH,2624,272,0014763E,0,1,1,4294967295,0,0
oInvCollPH,2640,272,00305923,0,1,1,4294967295,0,0
oInvCollPH,2656,272,000A7C62,0,1,1,4294967295,0,0
oInvCollPH,2672,272,000DEC16,0,1,1,4294967295,0,0
oInvCollPH,512,320,002B46C9,0,1,1,4294967295,0,0
oInvisibleSolid,0,320,0008BF10,0,1,1,4294967295,0,1
oInvisibleSolid,0,160,003B44CC,0,1,1,4294967295,0,1
oInvisibleSolid,0,0,0006B48B,0,1,1,4294967295,0,1
oInvisibleSolid,160,0,00291A09,0,1,1,4294967295,0,1
oInvisibleSolid,672,192,000BC169,0,1,1,4294967295,0,1
oInvisibleSolid,576,160,0034F33B,0,1,1,4294967295,0,1
oInvisibleSolid,544,128,002D7B1E,0,1,1,4294967295,0,1
oInvisibleSolid,3520,0,0005537D,0,1,1,4294967295,0,1
oInvisibleSolid,3488,208,00327803,0,1,1,4294967295,0,1
oInvisibleSolid,3584,224,003998E7,0,1,1,4294967295,0,1
oInvisibleSolid,928,352,00036368,0,1,1,4294967295,0,1
oInvisibleSolid,864,0,0007C25C,0,1,1,4294967295,0,1
oInvisibleSolid,896,176,00204872,0,1,1,4294967295,0,1
oInvisibleSolid,992,240,003DACA2,0,1,1,4294967295,0,1
oInvisibleSolid,1120,176,003D5600,0,1,1,4294967295,0,1
oInvisibleSolid,1200,288,0021872B,0,1,1,4294967295,0,1
oInvisibleSolid,1312,160,00220F5B,0,1,1,4294967295,0,1
oInvisibleSolid,1440,240,0037BAA2,0,1,1,4294967295,0,1
oInvisibleSolid,1536,160,002C4A13,0,1,1,4294967295,0,1
oInvisibleSolid,1632,224,000BF640,0,1,1,4294967295,0,1
oInvisibleSolid,1792,272,00184941,0,1,1,4294967295,0,1
oInvisibleSolid,1920,144,003EC70A,0,1,1,4294967295,0,1
oInvisibleSolid,1888,240,003E034E,0,1,1,4294967295,0,1
oInvisibleSolid,2144,160,0005E47B,0,1,1,4294967295,0,1
oInvisibleSolid,2080,256,003F8E65,0,1,1,4294967295,0,1
oInvisibleSolid,2208,256,002C32D6,0,1,1,4294967295,0,1
oInvisibleSolid,2352,144,00007A40,0,1,1,4294967295,0,1
oInvisibleSolid,2496,160,0031CC37,0,1,1,4294967295,0,1
oInvisibleSolid,2592,272,003A0AB5,0,1,1,4294967295,0,1
oInvisibleSolid,2720,240,0020D585,0,1,1,4294967295,0,1
oInvisibleSolid,2784,160,000AD1D0,0,1,1,4294967295,0,1
oInvisibleSolid,2928,176,002E90EF,0,1,1,4294967295,0,1
oInvisibleSolid,2928,256,003F26DF,0,1,1,4294967295,0,1
oInvisibleSolid,3008,128,00259B7A,0,1,1,4294967295,0,1
oInvisibleSolid,3104,208,00024CF8,0,1,1,4294967295,0,1
oInvisibleSolid,3232,160,0006B32F,0,1,1,4294967295,0,1
oInvisibleSolid,3232,272,0039EFBA,0,1,1,4294967295,0,1
oInvisibleSolid,3360,272,00145B25,0,1,1,4294967295,0,1
oInvisibleSolid,3408,288,0024B198,0,1,1,4294967295,0,1
oInvisibleSolid,3280,64,00077A0E,0,1,1,4294967295,0,1
oInvisibleSolid,2960,272,003806AA,0,1,1,4294967295,0,1
oInvisibleSolid,2576,64,0020798E,0,1,1,4294967295,0,1
oInvisibleSolid,2336,272,002BB3B8,0,1,1,4294967295,0,1
oInvisibleSolid,2144,64,000970F6,0,1,1,4294967295,0,1
oInvisibleSolid,2000,256,00206C07,0,1,1,4294967295,0,1
oInvisibleSolid,1632,64,003B6642,0,1,1,4294967295,0,1
oInvisibleSolid,1360,64,0007593B,0,1,1,4294967295,0,1
oInvisibleSolid,1232,304,003D9EEA,0,1,1,4294967295,0,1
oInvisibleSolid,1040,256,000D30D3,0,1,1,4294967295,0,1
oInvisibleSolid,3360,160,00072870,0,1,1,4294967295,0,1
