oExit,192,-8,00285748,0,1,1,4294967295,0,1
oExit,464,768,0038F6E3,0,1,1,4294967295,0,1
oExit,64,768,00264104,0,1,1,4294967295,0,1
oMetGeemer,208,352,00033D57,0,1,1,4294967295,0,1
oMetGeemer,400,528,00126D05,0,1,1,4294967295,0,1
oPlayer1,224,128,00235312,0,1,1,4294967295,0,0
oMetroidDoorHolder,224,0,0031BC49,0,1,1,4294967295,0,1
oMetroidDoorHolder,448,768,002698B6,0,1,1,4294967295,0,1
oMetroidDoorHolder,80,768,001BB93D,0,1,1,4294967295,0,1
oBreakableMetroidWall,48,736,0002C2B9,0,1,1,4294967295,0,1
oBreakableMetroidWall,48,752,001FAFDC,0,1,1,4294967295,0,1
oBreakableMetroidWall,48,768,001E8E3F,0,1,1,4294967295,0,1
oBreakableMetroidWall,48,784,000AC6C6,0,1,1,4294967295,0,1
oBreakableMetroidWall,0,736,0017F423,0,1,1,4294967295,0,1
oBreakableMetroidWall,16,736,0024FCB5,0,1,1,4294967295,0,1
oBreakableMetroidWall,0,752,0001DF2C,0,1,1,4294967295,0,1
oBreakableMetroidWall,16,752,00204A85,0,1,1,4294967295,0,1
oBreakableMetroidWall,0,768,000AC40B,0,1,1,4294967295,0,1
oBreakableMetroidWall,16,768,00279BFC,0,1,1,4294967295,0,1
oBreakableMetroidWall,16,784,0037A968,0,1,1,4294967295,0,1
oBreakableMetroidWall,0,784,0016793A,0,1,1,4294967295,0,1
oBreakableMetroidWall,32,736,000DD3D9,0,1,1,4294967295,0,1
oBreakableMetroidWall,32,752,0018D606,0,1,1,4294967295,0,1
oBreakableMetroidWall,32,768,003084C0,0,1,1,4294967295,0,1
oBreakableMetroidWall,32,784,00382903,0,1,1,4294967295,0,1
oInvCollPH,192,128,002BD8C4,0,1,1,4294967295,0,0
oInvCollPH,208,128,000C9B5F,0,1,1,4294967295,0,0
oInvCollPH,224,128,0018A207,0,1,1,4294967295,0,0
oInvCollPH,240,128,003CB28F,0,1,1,4294967295,0,0
oInvCollPH,256,128,00354A5B,0,1,1,4294967295,0,0
oInvCollPH,96,176,002A42C5,0,1,1,4294967295,0,0
oInvCollPH,112,176,0006ED27,0,1,1,4294967295,0,0
oInvCollPH,128,528,00251ECE,0,1,1,4294967295,0,0
oInvCollPH,144,528,0029EB3C,0,1,1,4294967295,0,0
oInvCollPH,368,640,00052D84,0,1,1,4294967295,0,0
oInvCollPH,384,640,00382A11,0,1,1,4294967295,0,0
oInvCollPH,336,416,000E3AB5,0,1,1,4294967295,0,0
oInvCollPH,352,416,0030226E,0,1,1,4294967295,0,0
oInvCollPH,176,240,003F897A,0,1,1,4294967295,0,0
oInvCollPH,192,240,002EA590,0,1,1,4294967295,0,0
oInvCollPH,368,192,003FFF70,0,1,1,4294967295,0,0
oInvCollPH,384,192,003D4C98,0,1,1,4294967295,0,0
oInvCollPH,304,256,001F1D86,0,1,1,4294967295,0,0
oInvCollPH,320,256,00254E28,0,1,1,4294967295,0,0
oInvCollPH,336,256,000FBA96,0,1,1,4294967295,0,0
oInvCollPH,96,304,0022CD91,0,1,1,4294967295,0,0
oInvCollPH,112,304,001D340C,0,1,1,4294967295,0,0
oInvCollPH,128,304,000BDD4E,0,1,1,4294967295,0,0
oInvCollPH,192,368,0000E4D0,0,1,1,4294967295,0,0
oInvCollPH,208,368,0002E5AF,0,1,1,4294967295,0,0
oInvCollPH,224,368,003657E1,0,1,1,4294967295,0,0
oInvCollPH,272,480,001B984A,0,1,1,4294967295,0,0
oInvCollPH,288,480,0013C582,0,1,1,4294967295,0,0
oInvCollPH,304,480,003F4152,0,1,1,4294967295,0,0
oInvCollPH,192,592,001FBED9,0,1,1,4294967295,0,0
oInvCollPH,208,592,001C6ACF,0,1,1,4294967295,0,0
oInvCollPH,224,592,000F5C42,0,1,1,4294967295,0,0
oInvCollPH,256,704,00034B2A,0,1,1,4294967295,0,0
oInvCollPH,272,704,000FE88D,0,1,1,4294967295,0,0
oInvCollPH,288,704,00085838,0,1,1,4294967295,0,0
oInvCollPH,112,784,001BB3F0,0,1,1,4294967295,0,0
oInvCollPH,128,768,0023A369,0,1,1,4294967295,0,0
oInvCollPH,144,768,0017329A,0,1,1,4294967295,0,0
oInvCollPH,160,768,00060076,0,1,1,4294967295,0,0
oInvCollPH,160,784,0011D55D,0,1,1,4294967295,0,0
oInvCollPH,64,48,000A4424,0,1,1,4294967295,0,0
oInvCollPH,80,48,00058C87,0,1,1,4294967295,0,0
oInvCollPH,96,48,003B6400,0,1,1,4294967295,0,0
oInvCollPH,112,48,000F0200,0,1,1,4294967295,0,0
oInvCollPH,128,48,0008DC71,0,1,1,4294967295,0,0
oInvCollPH,144,48,001C3F9F,0,1,1,4294967295,0,0
oInvCollPH,160,48,000500E7,0,1,1,4294967295,0,0
oInvCollPH,176,48,0015340B,0,1,1,4294967295,0,0
oInvCollPH,176,32,0007E734,0,1,1,4294967295,0,0
oInvCollPH,176,16,00006F16,0,1,1,4294967295,0,0
oInvCollPH,176,0,0027E4E7,0,1,1,4294967295,0,0
oInvCollPH,256,16,00140F84,0,1,1,4294967295,0,0
oInvCollPH,256,32,0017A9A7,0,1,1,4294967295,0,0
oInvCollPH,256,48,00158624,0,1,1,4294967295,0,0
oInvCollPH,272,48,0014347B,0,1,1,4294967295,0,0
oInvCollPH,288,48,0030A25D,0,1,1,4294967295,0,0
oInvCollPH,304,48,00015422,0,1,1,4294967295,0,0
oInvCollPH,320,48,001FE91B,0,1,1,4294967295,0,0
oInvCollPH,336,48,00173CDF,0,1,1,4294967295,0,0
oInvCollPH,352,48,003AC742,0,1,1,4294967295,0,0
oInvCollPH,368,48,000308AD,0,1,1,4294967295,0,0
oInvCollPH,384,48,003D74EF,0,1,1,4294967295,0,0
oInvCollPH,400,48,003FD4E1,0,1,1,4294967295,0,0
oInvCollPH,64,800,000EC1A7,0,1,1,4294967295,0,0
oInvCollPH,80,800,0037B9E0,0,1,1,4294967295,0,0
oInvCollPH,96,800,0023A940,0,1,1,4294967295,0,0
oInvCollPH,176,800,00391768,0,1,1,4294967295,0,0
oInvCollPH,192,800,000E2A43,0,1,1,4294967295,0,0
oInvCollPH,208,800,001BAC2B,0,1,1,4294967295,0,0
oInvCollPH,224,800,002603F4,0,1,1,4294967295,0,0
oInvCollPH,240,800,00014261,0,1,1,4294967295,0,0
oInvCollPH,256,800,00394CDA,0,1,1,4294967295,0,0
oInvCollPH,272,800,000DFED0,0,1,1,4294967295,0,0
oInvCollPH,288,800,0020123A,0,1,1,4294967295,0,0
oInvCollPH,304,800,001E546E,0,1,1,4294967295,0,0
oInvCollPH,320,800,0000E3A1,0,1,1,4294967295,0,0
oInvCollPH,336,800,002508B3,0,1,1,4294967295,0,0
oInvCollPH,352,800,000E7235,0,1,1,4294967295,0,0
oInvCollPH,368,800,00322A15,0,1,1,4294967295,0,0
oInvCollPH,384,800,000083AC,0,1,1,4294967295,0,0
oInvCollPH,400,800,0004A4DB,0,1,1,4294967295,0,0
oInvCollPH,416,800,002B59C5,0,1,1,4294967295,0,0
oInvCollPH,432,800,0025CE8F,0,1,1,4294967295,0,0
oInvCollPH,448,800,001A9012,0,1,1,4294967295,0,0
oInvCollPH,464,800,0031F862,0,1,1,4294967295,0,0
oInvCollPH,48,64,00353EDC,0,1,1,4294967295,0,0
oInvCollPH,48,80,002AD045,0,1,1,4294967295,0,0
oInvCollPH,48,96,002A6C0E,0,1,1,4294967295,0,0
oInvCollPH,48,112,00191C59,0,1,1,4294967295,0,0
oInvCollPH,48,128,00263D9B,0,1,1,4294967295,0,0
oInvCollPH,48,144,0010B9C3,0,1,1,4294967295,0,0
oInvCollPH,48,160,00208774,0,1,1,4294967295,0,0
oInvCollPH,48,176,00051DE1,0,1,1,4294967295,0,0
oInvCollPH,48,192,002A1F73,0,1,1,4294967295,0,0
oInvCollPH,48,208,00107CDC,0,1,1,4294967295,0,0
oInvCollPH,48,224,000295E0,0,1,1,4294967295,0,0
oInvCollPH,48,240,003B1412,0,1,1,4294967295,0,0
oInvCollPH,48,256,002E6CEA,0,1,1,4294967295,0,0
oInvCollPH,48,272,00048BE9,0,1,1,4294967295,0,0
oInvCollPH,48,288,000AD21F,0,1,1,4294967295,0,0
oInvCollPH,48,304,000905B7,0,1,1,4294967295,0,0
oInvCollPH,48,320,000D9A82,0,1,1,4294967295,0,0
oInvCollPH,48,336,00355BA4,0,1,1,4294967295,0,0
oInvCollPH,48,352,002110E6,0,1,1,4294967295,0,0
oInvCollPH,48,368,0023969C,0,1,1,4294967295,0,0
oInvCollPH,48,384,001821AF,0,1,1,4294967295,0,0
oInvCollPH,48,400,00234835,0,1,1,4294967295,0,0
oInvCollPH,48,416,002B45A3,0,1,1,4294967295,0,0
oInvCollPH,48,432,00200E22,0,1,1,4294967295,0,0
oInvCollPH,48,448,001FA2BD,0,1,1,4294967295,0,0
oInvCollPH,48,464,00114C5D,0,1,1,4294967295,0,0
oInvCollPH,48,480,0036AB64,0,1,1,4294967295,0,0
oInvCollPH,48,496,002F2C1F,0,1,1,4294967295,0,0
oInvCollPH,48,512,0030367B,0,1,1,4294967295,0,0
oInvCollPH,48,528,002A9CEA,0,1,1,4294967295,0,0
oInvCollPH,48,544,0034448B,0,1,1,4294967295,0,0
oInvCollPH,48,560,0038206D,0,1,1,4294967295,0,0
oInvCollPH,48,576,0037DE7B,0,1,1,4294967295,0,0
oInvCollPH,48,592,00154DC2,0,1,1,4294967295,0,0
oInvCollPH,48,608,001494BD,0,1,1,4294967295,0,0
oInvCollPH,48,624,000ECE73,0,1,1,4294967295,0,0
oInvCollPH,48,640,0030D743,0,1,1,4294967295,0,0
oInvCollPH,48,656,00124203,0,1,1,4294967295,0,0
oInvCollPH,48,672,001D6B92,0,1,1,4294967295,0,0
oInvCollPH,48,688,000B8D5B,0,1,1,4294967295,0,0
oInvCollPH,48,704,00311C9B,0,1,1,4294967295,0,0
oInvCollPH,48,720,00156885,0,1,1,4294967295,0,0
oInvCollPH,464,720,00234208,0,1,1,4294967295,0,0
oInvCollPH,448,720,00194152,0,1,1,4294967295,0,0
oInvCollPH,432,720,0011C9B4,0,1,1,4294967295,0,0
oInvCollPH,416,720,0018E7A1,0,1,1,4294967295,0,0
oInvCollPH,416,704,0023F216,0,1,1,4294967295,0,0
oInvCollPH,416,688,00240DFA,0,1,1,4294967295,0,0
oInvCollPH,416,672,003306AF,0,1,1,4294967295,0,0
oInvCollPH,416,656,00389AD8,0,1,1,4294967295,0,0
oInvCollPH,416,640,000B4F67,0,1,1,4294967295,0,0
oInvCollPH,416,624,001DA231,0,1,1,4294967295,0,0
oInvCollPH,416,608,002BF4CB,0,1,1,4294967295,0,0
oInvCollPH,416,592,003475BA,0,1,1,4294967295,0,0
oInvCollPH,416,576,003E6DB0,0,1,1,4294967295,0,0
oInvCollPH,416,560,001EB46E,0,1,1,4294967295,0,0
oInvCollPH,416,544,000ECADA,0,1,1,4294967295,0,0
oInvCollPH,416,528,000AAEDA,0,1,1,4294967295,0,0
oInvCollPH,416,512,0015687E,0,1,1,4294967295,0,0
oInvCollPH,416,496,003C3A08,0,1,1,4294967295,0,0
oInvCollPH,416,480,002F986F,0,1,1,4294967295,0,0
oInvCollPH,416,464,0027037C,0,1,1,4294967295,0,0
oInvCollPH,416,448,000517BB,0,1,1,4294967295,0,0
oInvCollPH,416,432,0037851F,0,1,1,4294967295,0,0
oInvCollPH,416,416,00318A27,0,1,1,4294967295,0,0
oInvCollPH,416,400,003B9E45,0,1,1,4294967295,0,0
oInvCollPH,416,384,00015DD1,0,1,1,4294967295,0,0
oInvCollPH,416,368,0030D8EE,0,1,1,4294967295,0,0
oInvCollPH,416,352,0038865F,0,1,1,4294967295,0,0
oInvCollPH,416,336,000FB38F,0,1,1,4294967295,0,0
oInvCollPH,416,320,0015FFD1,0,1,1,4294967295,0,0
oInvCollPH,416,304,00281073,0,1,1,4294967295,0,0
oInvCollPH,416,288,0016CB1F,0,1,1,4294967295,0,0
oInvCollPH,416,272,002FCE33,0,1,1,4294967295,0,0
oInvCollPH,416,256,00072057,0,1,1,4294967295,0,0
oInvCollPH,416,240,00066B14,0,1,1,4294967295,0,0
oInvCollPH,416,224,0003C359,0,1,1,4294967295,0,0
oInvCollPH,416,208,00207A1D,0,1,1,4294967295,0,0
oInvCollPH,416,192,000654BF,0,1,1,4294967295,0,0
oInvCollPH,416,176,0016D2F8,0,1,1,4294967295,0,0
oInvCollPH,416,160,00171CE9,0,1,1,4294967295,0,0
oInvCollPH,416,144,003E04C3,0,1,1,4294967295,0,0
oInvCollPH,416,128,0001E1D3,0,1,1,4294967295,0,0
oInvCollPH,416,112,001A9B20,0,1,1,4294967295,0,0
oInvCollPH,416,96,001069D0,0,1,1,4294967295,0,0
oInvCollPH,416,80,0015B105,0,1,1,4294967295,0,0
oInvCollPH,32,720,0032C752,0,1,1,4294967295,0,0
oInvCollPH,16,720,00368916,0,1,1,4294967295,0,0
oInvCollPH,0,720,00135B12,0,1,1,4294967295,0,0
oInvCollPH,16,800,002187B7,0,1,1,4294967295,0,0
oInvCollPH,32,800,001BBF25,0,1,1,4294967295,0,0
oInvCollPH,48,800,0018997C,0,1,1,4294967295,0,0
oInvisibleSolid,176,128,000D80A6,0,1,1,4294967295,0,1
oInvisibleSolid,80,176,001303EB,0,1,1,4294967295,0,1
oInvisibleSolid,160,240,002A6CC1,0,1,1,4294967295,0,1
oInvisibleSolid,288,256,0017369F,0,1,1,4294967295,0,1
oInvisibleSolid,256,0,00225FC0,0,1,1,4294967295,0,1
oInvisibleSolid,352,192,00150563,0,1,1,4294967295,0,1
oInvisibleSolid,320,416,003A905A,0,1,1,4294967295,0,1
oInvisibleSolid,176,368,000AD6B3,0,1,1,4294967295,0,1
oInvisibleSolid,80,304,0007688C,0,1,1,4294967295,0,1
oInvisibleSolid,256,480,0006E355,0,1,1,4294967295,0,1
oInvisibleSolid,112,528,001BB266,0,1,1,4294967295,0,1
oInvisibleSolid,176,592,001E6BD2,0,1,1,4294967295,0,1
oInvisibleSolid,352,640,00045E2D,0,1,1,4294967295,0,1
oInvisibleSolid,240,704,0021BD6F,0,1,1,4294967295,0,1
oInvisibleSolid,416,64,0014E2CC,0,1,1,4294967295,0,1
oInvisibleSolid,0,0,00293802,0,1,1,4294967295,0,1
oInvisibleSolid,0,64,003048BE,0,1,1,4294967295,0,1
oInvisibleSolid,0,800,003BC6B5,0,1,1,4294967295,0,1
oInvisibleSolid,112,768,000A217D,0,1,1,4294967295,0,1
