oExit,0,416,0003F10E,0,1,1,4294967295,0,1
oExit,2528,160,000C313A,0,1,1,4294967295,0,1
oExit,2528,512,003D6267,0,1,1,4294967295,0,1
oGamePower,400,256,0019F7C3,0,1,1,4294967295,0,1
oMoneyChest,48,128,0002703D,0,1,1,4294967295,0,1
oBustBlock,512,256,00322326,0,1,1,4294967295,0,0
oBustBlock,512,224,002FB9AB,0,1,1,4294967295,0,0
oBustBlock,512,192,00014F2B,0,1,1,4294967295,0,0
oBustBlock,1584,384,000098D4,0,1,1,4294967295,0,0
oBustBlock,1584,416,00288935,0,1,1,4294967295,0,0
oBustBlock,2048,464,0013B325,0,1,1,4294967295,0,0
oBustBlock,1104,416,00075E11,0,1,1,4294967295,0,0
oBustBlock,1104,384,002D1583,0,1,1,4294967295,0,0
oBustBlock,1136,416,002810D9,0,1,1,4294967295,0,0
oBustBlock,2208,160,002DE61A,0,1,1,4294967295,0,0
oBustBlock,1888,160,0021B8C4,0,1,1,4294967295,0,0
oInstakillZone,464,480,0017B33E,0,1,1,4294967295,0,1
oPT_Slime,336,448,00356ADC,0,1,1,4294967295,0,1
oPT_Slime,1280,448,0001D8C4,0,1,1,4294967295,0,1
oPT_Slime,1408,448,000558EE,0,1,1,4294967295,0,1
oPT_Slime,1856,192,0007100A,0,1,1,4294967295,0,1
oPT_Slime,2032,144,00191988,0,1,1,4294967295,0,1
oPlayer1,48,448,002A2462,0,1,1,4294967295,0,0
oInvCollPH,640,272,000B1DE2,0,1,1,4294967295,0,0
oInvCollPH,16,128,00180514,0,1,1,4294967295,0,0
oInvCollPH,32,128,003EADCD,0,1,1,4294967295,0,0
oInvCollPH,48,128,0037356E,0,1,1,4294967295,0,0
oInvCollPH,64,128,00169061,0,1,1,4294967295,0,0
oInvCollPH,80,128,00385491,0,1,1,4294967295,0,0
oInvCollPH,80,144,001440AE,0,1,1,4294967295,0,0
oInvCollPH,80,160,0033C766,0,1,1,4294967295,0,0
oInvCollPH,80,176,001B010C,0,1,1,4294967295,0,0
oInvCollPH,64,176,0025DC56,0,1,1,4294967295,0,0
oInvCollPH,48,176,003A5B04,0,1,1,4294967295,0,0
oInvCollPH,32,176,0006278F,0,1,1,4294967295,0,0
oInvCollPH,16,176,00175EB0,0,1,1,4294967295,0,0
oInvCollPH,0,176,0019331C,0,1,1,4294967295,0,0
oInvCollPH,608,288,001E5254,0,1,1,4294967295,0,0
oInvCollPH,592,304,0010AAB4,0,1,1,4294967295,0,0
oInvCollPH,608,304,003A2B59,0,1,1,4294967295,0,0
oInvCollPH,624,304,001A54D7,0,1,1,4294967295,0,0
oInvCollPH,640,304,00209B18,0,1,1,4294967295,0,0
oInvCollPH,640,288,0031558B,0,1,1,4294967295,0,0
oInvCollPH,448,288,00142993,0,1,1,4294967295,0,0
oInvCollPH,464,288,001C4169,0,1,1,4294967295,0,0
oInvCollPH,480,288,0009524D,0,1,1,4294967295,0,0
oInvCollPH,496,288,0033CF68,0,1,1,4294967295,0,0
oInvCollPH,512,288,0033762A,0,1,1,4294967295,0,0
oInvCollPH,528,288,0024FA6A,0,1,1,4294967295,0,0
oInvCollPH,544,288,001EA0BA,0,1,1,4294967295,0,0
oInvCollPH,560,288,001DEBD2,0,1,1,4294967295,0,0
oInvCollPH,576,288,00331F54,0,1,1,4294967295,0,0
oInvCollPH,400,288,001E1991,0,1,1,4294967295,0,0
oInvCollPH,416,288,002D1683,0,1,1,4294967295,0,0
oInvCollPH,416,304,000D3737,0,1,1,4294967295,0,0
oInvCollPH,400,304,0029C3B2,0,1,1,4294967295,0,0
oInvCollPH,384,304,00398D90,0,1,1,4294967295,0,0
oInvCollPH,368,208,0022BEB0,0,1,1,4294967295,0,0
oInvCollPH,368,224,00242F5A,0,1,1,4294967295,0,0
oInvCollPH,368,240,001DCAE0,0,1,1,4294967295,0,0
oInvCollPH,368,256,000C1D28,0,1,1,4294967295,0,0
oInvCollPH,368,272,0024C654,0,1,1,4294967295,0,0
oInvCollPH,336,224,0031AB84,0,1,1,4294967295,0,0
oInvCollPH,336,240,0038958A,0,1,1,4294967295,0,0
oInvCollPH,336,256,002A064D,0,1,1,4294967295,0,0
oInvCollPH,336,272,0021207E,0,1,1,4294967295,0,0
oInvCollPH,336,288,0007D883,0,1,1,4294967295,0,0
oInvCollPH,336,304,0022CDE1,0,1,1,4294967295,0,0
oInvCollPH,352,304,0011CE8C,0,1,1,4294967295,0,0
oInvCollPH,368,304,003CB00F,0,1,1,4294967295,0,0
oInvCollPH,336,128,001D5760,0,1,1,4294967295,0,0
oInvCollPH,336,144,0010D270,0,1,1,4294967295,0,0
oInvCollPH,336,160,000AA6FF,0,1,1,4294967295,0,0
oInvCollPH,336,176,0020E202,0,1,1,4294967295,0,0
oInvCollPH,336,192,00266458,0,1,1,4294967295,0,0
oInvCollPH,352,112,000CAE1D,0,1,1,4294967295,0,0
oInvCollPH,368,112,00100581,0,1,1,4294967295,0,0
oInvCollPH,384,112,003FC246,0,1,1,4294967295,0,0
oInvCollPH,400,112,001F1180,0,1,1,4294967295,0,0
oInvCollPH,416,112,003A1C44,0,1,1,4294967295,0,0
oInvCollPH,432,112,001C20BD,0,1,1,4294967295,0,0
oInvCollPH,448,112,00248E15,0,1,1,4294967295,0,0
oInvCollPH,464,112,0016C668,0,1,1,4294967295,0,0
oInvCollPH,480,112,00102D61,0,1,1,4294967295,0,0
oInvCollPH,496,112,001B7CF7,0,1,1,4294967295,0,0
oInvCollPH,496,128,000E0969,0,1,1,4294967295,0,0
oInvCollPH,496,144,00136B8D,0,1,1,4294967295,0,0
oInvCollPH,496,160,002008D9,0,1,1,4294967295,0,0
oInvCollPH,496,176,00104429,0,1,1,4294967295,0,0
oInvCollPH,496,192,0024E36D,0,1,1,4294967295,0,0
oInvCollPH,480,192,002446EE,0,1,1,4294967295,0,0
oInvCollPH,464,192,003CE187,0,1,1,4294967295,0,0
oInvCollPH,448,192,003076AB,0,1,1,4294967295,0,0
oInvCollPH,432,192,000D8699,0,1,1,4294967295,0,0
oInvCollPH,416,192,002933BA,0,1,1,4294967295,0,0
oInvCollPH,400,192,003E214C,0,1,1,4294967295,0,0
oInvCollPH,384,192,0037C800,0,1,1,4294967295,0,0
oInvCollPH,16,448,00026E90,0,1,1,4294967295,0,0
oInvCollPH,32,448,003C9F80,0,1,1,4294967295,0,0
oInvCollPH,48,448,002B3CEA,0,1,1,4294967295,0,0
oInvCollPH,64,448,000E87FC,0,1,1,4294967295,0,0
oInvCollPH,80,448,000E3662,0,1,1,4294967295,0,0
oInvCollPH,96,448,00349F25,0,1,1,4294967295,0,0
oInvCollPH,112,448,0032D718,0,1,1,4294967295,0,0
oInvCollPH,128,448,00135C31,0,1,1,4294967295,0,0
oInvCollPH,144,448,000AD04B,0,1,1,4294967295,0,0
oInvCollPH,160,448,002C54D0,0,1,1,4294967295,0,0
oInvCollPH,176,448,00212F05,0,1,1,4294967295,0,0
oInvCollPH,192,448,001C254D,0,1,1,4294967295,0,0
oInvCollPH,208,448,002CDCFC,0,1,1,4294967295,0,0
oInvCollPH,224,448,00032B5B,0,1,1,4294967295,0,0
oInvCollPH,240,448,001131BC,0,1,1,4294967295,0,0
oInvCollPH,256,448,003CD7FC,0,1,1,4294967295,0,0
oInvCollPH,272,448,003C6AD8,0,1,1,4294967295,0,0
oInvCollPH,288,448,001BF0AB,0,1,1,4294967295,0,0
oInvCollPH,304,448,001F2949,0,1,1,4294967295,0,0
oInvCollPH,320,448,0023693B,0,1,1,4294967295,0,0
oInvCollPH,336,448,00387727,0,1,1,4294967295,0,0
oInvCollPH,352,448,00164D50,0,1,1,4294967295,0,0
oInvCollPH,368,448,0014C92D,0,1,1,4294967295,0,0
oInvCollPH,384,448,00017CB0,0,1,1,4294967295,0,0
oInvCollPH,400,448,0006AE02,0,1,1,4294967295,0,0
oInvCollPH,416,448,0008A596,0,1,1,4294967295,0,0
oInvCollPH,432,448,001077EE,0,1,1,4294967295,0,0
oInvCollPH,448,448,00089CB7,0,1,1,4294967295,0,0
oInvCollPH,448,464,0010100B,0,1,1,4294967295,0,0
oInvCollPH,448,480,002789C0,0,1,1,4294967295,0,0
oInvCollPFH,1840,128,000564E9,0,1,1,4294967295,0,0
oInvCollPFH,2288,128,0035CF7E,0,1,1,4294967295,0,0
oInvCollPFH,1008,288,002F3128,0,1,1,4294967295,0,0
oInvCollPFH,1024,288,003725D3,0,1,1,4294967295,0,0
oInvCollPFH,1040,288,0035DC2F,0,1,1,4294967295,0,0
oInvCollPFH,1184,256,0033D5A0,0,1,1,4294967295,0,0
oInvCollPFH,1200,256,0018EA5A,0,1,1,4294967295,0,0
oInvCollPFH,1216,256,000242D8,0,1,1,4294967295,0,0
oInvCollPFH,1440,256,0008CBE9,0,1,1,4294967295,0,0
oInvCollPFH,1456,256,001B173D,0,1,1,4294967295,0,0
oInvCollPFH,1472,256,00197843,0,1,1,4294967295,0,0
oInvCollPFH,1312,320,000534DF,0,1,1,4294967295,0,0
oInvCollPFH,1328,320,00047137,0,1,1,4294967295,0,0
oInvCollPFH,1344,320,00289161,0,1,1,4294967295,0,0
oInvCollPFH,1232,384,00335627,0,1,1,4294967295,0,0
oInvCollPFH,1200,384,003B7601,0,1,1,4294967295,0,0
oInvCollPFH,1216,384,0030A6C3,0,1,1,4294967295,0,0
oInvCollPFH,1440,384,003CCEB6,0,1,1,4294967295,0,0
oInvCollPFH,1456,384,001C863C,0,1,1,4294967295,0,0
oInvCollPFH,1424,384,003D7E91,0,1,1,4294967295,0,0
oInvCollPH,2416,464,000D401E,0,1,1,4294967295,0,0
oInvCollPH,2432,464,003D2A12,0,1,1,4294967295,0,0
oInvCollPH,2448,464,00328794,0,1,1,4294967295,0,0
oInvCollPH,2464,464,00359BB3,0,1,1,4294967295,0,0
oInvCollPH,2480,464,0018BC2C,0,1,1,4294967295,0,0
oInvCollPH,2496,464,002826ED,0,1,1,4294967295,0,0
oInvCollPH,2512,464,00097777,0,1,1,4294967295,0,0
oInvCollPH,2528,464,000684C5,0,1,1,4294967295,0,0
oInvCollPH,2192,400,001CB264,0,1,1,4294967295,0,0
oInvCollPH,2192,416,00292657,0,1,1,4294967295,0,0
oInvCollPH,2400,432,000BFC42,0,1,1,4294967295,0,0
oInvCollPH,2384,432,000EBC46,0,1,1,4294967295,0,0
oInvCollPH,2368,432,00177A5F,0,1,1,4294967295,0,0
oInvCollPH,2352,432,002F2090,0,1,1,4294967295,0,0
oInvCollPH,2336,432,0029B7EF,0,1,1,4294967295,0,0
oInvCollPH,2320,432,0002DF49,0,1,1,4294967295,0,0
oInvCollPH,2304,432,002201AE,0,1,1,4294967295,0,0
oInvCollPH,2288,432,0036B6A4,0,1,1,4294967295,0,0
oInvCollPH,2272,432,003ABFF5,0,1,1,4294967295,0,0
oInvCollPH,2256,432,00059865,0,1,1,4294967295,0,0
oInvCollPH,2240,432,0005347C,0,1,1,4294967295,0,0
oInvCollPH,2224,432,0014BA20,0,1,1,4294967295,0,0
oInvCollPH,1936,144,00124D9B,0,1,1,4294967295,0,0
oInvCollPH,1952,144,000665EB,0,1,1,4294967295,0,0
oInvCollPH,1968,144,002589F8,0,1,1,4294967295,0,0
oInvCollPH,1984,144,0011D988,0,1,1,4294967295,0,0
oInvCollPH,2192,144,001CCFD0,0,1,1,4294967295,0,0
oInvCollPH,2176,144,003286AE,0,1,1,4294967295,0,0
oInvCollPH,2160,144,00019B30,0,1,1,4294967295,0,0
oInvCollPH,2144,144,00360A15,0,1,1,4294967295,0,0
oInvCollPH,2128,144,00288680,0,1,1,4294967295,0,0
oInvCollPH,2000,144,001AEFDB,0,1,1,4294967295,0,0
oInvCollPH,2016,144,000EABFA,0,1,1,4294967295,0,0
oInvCollPH,2032,144,000C4A95,0,1,1,4294967295,0,0
oInvCollPH,2048,144,00319FE0,0,1,1,4294967295,0,0
oInvCollPH,2064,144,002A70E3,0,1,1,4294967295,0,0
oInvCollPH,2080,144,0002EFA6,0,1,1,4294967295,0,0
oInvCollPH,2096,144,0003AF05,0,1,1,4294967295,0,0
oInvCollPH,2112,144,0026ED4D,0,1,1,4294967295,0,0
oInvCollPH,1920,160,0018CBD9,0,1,1,4294967295,0,0
oInvCollPH,1920,176,002B24FA,0,1,1,4294967295,0,0
oInvCollPH,2192,160,003942D2,0,1,1,4294967295,0,0
oInvCollPH,2192,176,00132305,0,1,1,4294967295,0,0
oInvCollPH,752,368,0038F054,0,1,1,4294967295,0,0
oInvCollPH,752,384,002CFA8F,0,1,1,4294967295,0,0
oInvCollPH,768,352,003ADB0C,0,1,1,4294967295,0,0
oInvCollPH,784,352,0037D88D,0,1,1,4294967295,0,0
oInvCollPH,800,352,003E32F1,0,1,1,4294967295,0,0
oInvCollPH,816,352,000CAB3F,0,1,1,4294967295,0,0
oInvCollPH,896,352,002816A6,0,1,1,4294967295,0,0
oInvCollPH,880,352,001AC768,0,1,1,4294967295,0,0
oInvCollPH,864,352,00384019,0,1,1,4294967295,0,0
oInvCollPH,848,352,003ECD60,0,1,1,4294967295,0,0
oInvCollPH,832,352,0016CED1,0,1,1,4294967295,0,0
oInvCollPH,912,352,0024C97E,0,1,1,4294967295,0,0
oInvCollPH,928,352,001F7764,0,1,1,4294967295,0,0
oInvCollPH,944,352,001A9717,0,1,1,4294967295,0,0
oInvCollPH,960,352,0004E580,0,1,1,4294967295,0,0
oInvCollPH,976,352,0018F9C2,0,1,1,4294967295,0,0
oInvCollPH,992,352,0020B8A2,0,1,1,4294967295,0,0
oInvCollPH,1008,352,003A4CE3,0,1,1,4294967295,0,0
oInvCollPH,1024,352,0008AAED,0,1,1,4294967295,0,0
oInvCollPH,1040,352,00014B6C,0,1,1,4294967295,0,0
oInvCollPH,1056,352,000CECD5,0,1,1,4294967295,0,0
oInvCollPH,1072,352,001026DE,0,1,1,4294967295,0,0
oInvCollPH,1088,352,00164311,0,1,1,4294967295,0,0
oInvCollPH,720,400,003831C9,0,1,1,4294967295,0,0
oInvCollPH,736,400,000C16C6,0,1,1,4294967295,0,0
oInvCollPH,704,416,001C0C5D,0,1,1,4294967295,0,0
oInvCollPH,704,432,00371A1F,0,1,1,4294967295,0,0
oInvCollPH,1088,368,0001FFFA,0,1,1,4294967295,0,0
oInvCollPH,1088,384,00171093,0,1,1,4294967295,0,0
oInvCollPH,1088,400,0005E18E,0,1,1,4294967295,0,0
oInvCollPH,1088,416,001F87F4,0,1,1,4294967295,0,0
oInvCollPH,1088,432,002F7808,0,1,1,4294967295,0,0
oInvCollPH,560,464,00176B5F,0,1,1,4294967295,0,0
oInvCollPH,560,480,001261DD,0,1,1,4294967295,0,0
oInvCollPH,576,448,001A9610,0,1,1,4294967295,0,0
oInvCollPH,592,448,002C3D89,0,1,1,4294967295,0,0
oInvCollPH,608,448,002C6336,0,1,1,4294967295,0,0
oInvCollPH,624,448,001535E8,0,1,1,4294967295,0,0
oInvCollPH,640,448,00153D9A,0,1,1,4294967295,0,0
oInvCollPH,656,448,003ADE93,0,1,1,4294967295,0,0
oInvCollPH,672,448,003613CE,0,1,1,4294967295,0,0
oInvCollPH,688,448,00082F2E,0,1,1,4294967295,0,0
oInvCollPH,1104,448,001BD23F,0,1,1,4294967295,0,0
oInvCollPH,1120,448,001FB247,0,1,1,4294967295,0,0
oInvCollPH,1136,448,001F922B,0,1,1,4294967295,0,0
oInvCollPH,1152,448,0018397B,0,1,1,4294967295,0,0
oInvCollPH,1168,448,00263772,0,1,1,4294967295,0,0
oInvCollPH,1184,448,001C1C0D,0,1,1,4294967295,0,0
oInvCollPH,1200,448,002E1BEA,0,1,1,4294967295,0,0
oInvCollPH,1216,448,000AE1A3,0,1,1,4294967295,0,0
oInvCollPH,1232,448,0022EBBD,0,1,1,4294967295,0,0
oInvCollPH,1248,448,0020A0EB,0,1,1,4294967295,0,0
oInvCollPH,1264,448,002B0F97,0,1,1,4294967295,0,0
oInvCollPH,1280,448,0031E824,0,1,1,4294967295,0,0
oInvCollPH,1296,448,003FE905,0,1,1,4294967295,0,0
oInvCollPH,1312,448,003425AE,0,1,1,4294967295,0,0
oInvCollPH,1328,448,0012A682,0,1,1,4294967295,0,0
oInvCollPH,1344,448,002BAFC4,0,1,1,4294967295,0,0
oInvCollPH,1360,448,003F0424,0,1,1,4294967295,0,0
oInvCollPH,1376,448,001924A4,0,1,1,4294967295,0,0
oInvCollPH,1392,448,003C2899,0,1,1,4294967295,0,0
oInvCollPH,1408,448,0008A7CC,0,1,1,4294967295,0,0
oInvCollPH,1424,448,003773BD,0,1,1,4294967295,0,0
oInvCollPH,1440,448,000DEF07,0,1,1,4294967295,0,0
oInvCollPH,1456,448,0001834C,0,1,1,4294967295,0,0
oInvCollPH,1472,448,0034A5BF,0,1,1,4294967295,0,0
oInvCollPH,1488,448,00309E5E,0,1,1,4294967295,0,0
oInvCollPH,1504,448,001015AB,0,1,1,4294967295,0,0
oInvCollPH,1520,448,0002F70C,0,1,1,4294967295,0,0
oInvCollPH,1536,448,00172015,0,1,1,4294967295,0,0
oInvCollPH,1552,448,0016DCFD,0,1,1,4294967295,0,0
oInvCollPH,1568,448,0020C035,0,1,1,4294967295,0,0
oInvCollPH,1584,448,00251103,0,1,1,4294967295,0,0
oInvCollPH,1632,448,00329F43,0,1,1,4294967295,0,0
oInvCollPH,1648,448,00194287,0,1,1,4294967295,0,0
oInvCollPH,1600,448,0013510E,0,1,1,4294967295,0,0
oInvCollPH,1616,448,000DCC2A,0,1,1,4294967295,0,0
oInvCollPH,1664,448,000DDD36,0,1,1,4294967295,0,0
oInvCollPH,1680,448,00029312,0,1,1,4294967295,0,0
oInvCollPH,1696,448,00399493,0,1,1,4294967295,0,0
oInvCollPH,1712,448,00123909,0,1,1,4294967295,0,0
oInvCollPH,1728,448,000DE3B6,0,1,1,4294967295,0,0
oInvCollPH,1744,448,0015F305,0,1,1,4294967295,0,0
oInvCollPH,1760,448,003FD127,0,1,1,4294967295,0,0
oInvCollPH,1776,448,000BB781,0,1,1,4294967295,0,0
oInvCollPH,1792,448,000647E6,0,1,1,4294967295,0,0
oInvCollPH,1808,448,00124E8E,0,1,1,4294967295,0,0
oInvCollPH,1824,448,0017B393,0,1,1,4294967295,0,0
oInvCollPH,1840,448,0011AFD0,0,1,1,4294967295,0,0
oInvCollPH,1856,448,000DB5BE,0,1,1,4294967295,0,0
oInvCollPH,1872,448,0002CB87,0,1,1,4294967295,0,0
oInvCollPH,1888,448,002C5E68,0,1,1,4294967295,0,0
oInvCollPH,1904,448,00295B3D,0,1,1,4294967295,0,0
oInvCollPH,1920,448,001D72FB,0,1,1,4294967295,0,0
oInvCollPH,1936,448,00129853,0,1,1,4294967295,0,0
oInvCollPH,1952,448,0002AB77,0,1,1,4294967295,0,0
oInvCollPH,1968,448,00056F58,0,1,1,4294967295,0,0
oInvCollPH,1984,448,001D2B4C,0,1,1,4294967295,0,0
oInvCollPH,2000,448,00030D1E,0,1,1,4294967295,0,0
oInvCollPH,2016,448,00390DAB,0,1,1,4294967295,0,0
oInvCollPH,2032,448,001791F2,0,1,1,4294967295,0,0
oInvCollPH,2032,464,00006020,0,1,1,4294967295,0,0
oInvCollPH,2032,480,003B65E3,0,1,1,4294967295,0,0
oInvCollPH,480,496,0039B63A,0,1,1,4294967295,0,0
oInvCollPH,496,496,003265D8,0,1,1,4294967295,0,0
oInvCollPH,512,496,00048CF7,0,1,1,4294967295,0,0
oInvCollPH,528,496,00385EEA,0,1,1,4294967295,0,0
oInvCollPH,544,496,001F7865,0,1,1,4294967295,0,0
oInvCollPH,2048,496,00140841,0,1,1,4294967295,0,0
oInvCollPH,2064,496,002E0422,0,1,1,4294967295,0,0
oInvCollPH,2080,496,003D42B9,0,1,1,4294967295,0,0
oInvCollPH,2096,496,000CE41E,0,1,1,4294967295,0,0
oInvCollPH,2112,496,003A3065,0,1,1,4294967295,0,0
oInvCollPH,2128,496,0033D75A,0,1,1,4294967295,0,0
oInvCollPH,2144,496,002A9982,0,1,1,4294967295,0,0
oInvCollPH,2160,496,00100D91,0,1,1,4294967295,0,0
oInvCollPH,2160,512,002FCE08,0,1,1,4294967295,0,0
oInvCollPH,2160,528,001A12C2,0,1,1,4294967295,0,0
oInvCollPH,2224,544,003AC680,0,1,1,4294967295,0,0
oInvCollPH,2208,544,00399DD9,0,1,1,4294967295,0,0
oInvCollPH,2192,544,001D9B3A,0,1,1,4294967295,0,0
oInvCollPH,2320,544,0007ACFD,0,1,1,4294967295,0,0
oInvCollPH,2304,544,002BB3E9,0,1,1,4294967295,0,0
oInvCollPH,2288,544,001D4BC8,0,1,1,4294967295,0,0
oInvCollPH,2272,544,002A8D60,0,1,1,4294967295,0,0
oInvCollPH,2256,544,00382625,0,1,1,4294967295,0,0
oInvCollPH,2240,544,00344FBB,0,1,1,4294967295,0,0
oInvCollPH,2336,544,000549C6,0,1,1,4294967295,0,0
oInvCollPH,2352,544,0011D1FC,0,1,1,4294967295,0,0
oInvCollPH,2368,544,0036EB87,0,1,1,4294967295,0,0
oInvCollPH,2384,544,002CD628,0,1,1,4294967295,0,0
oInvCollPH,2400,544,002B8F2F,0,1,1,4294967295,0,0
oInvCollPH,2416,544,0022AF0A,0,1,1,4294967295,0,0
oInvCollPH,2432,544,00269396,0,1,1,4294967295,0,0
oInvCollPH,2448,544,00288803,0,1,1,4294967295,0,0
oInvCollPH,2464,544,0022666F,0,1,1,4294967295,0,0
oInvCollPH,2480,544,00295EAF,0,1,1,4294967295,0,0
oInvCollPH,2496,544,001E87DD,0,1,1,4294967295,0,0
oInvCollPH,2512,544,00090CA0,0,1,1,4294967295,0,0
oInvCollPH,2528,544,00252B92,0,1,1,4294967295,0,0
oInvCollPH,1584,368,00182EDA,0,1,1,4294967295,0,0
oInvCollPH,1600,368,0000C4E1,0,1,1,4294967295,0,0
oInvCollPH,1616,368,0028DADE,0,1,1,4294967295,0,0
oInvCollPH,1632,368,00138064,0,1,1,4294967295,0,0
oInvCollPH,1648,368,00113F19,0,1,1,4294967295,0,0
oInvCollPH,1664,368,00372C47,0,1,1,4294967295,0,0
oInvCollPH,1680,368,0004359C,0,1,1,4294967295,0,0
oInvCollPH,1696,368,00328AFA,0,1,1,4294967295,0,0
oInvCollPH,1712,368,000415E3,0,1,1,4294967295,0,0
oInvCollPH,1728,368,0013C427,0,1,1,4294967295,0,0
oInvCollPH,1744,368,0021976F,0,1,1,4294967295,0,0
oInvCollPH,1760,368,001736F2,0,1,1,4294967295,0,0
oInvCollPH,2176,368,002376F5,0,1,1,4294967295,0,0
oInvCollPH,2160,368,0029F496,0,1,1,4294967295,0,0
oInvCollPH,2144,368,003CC2A6,0,1,1,4294967295,0,0
oInvCollPH,2128,368,00040B0F,0,1,1,4294967295,0,0
oInvCollPH,2112,368,003660B2,0,1,1,4294967295,0,0
oInvCollPH,2096,368,00169414,0,1,1,4294967295,0,0
oInvCollPH,2080,368,0014E91A,0,1,1,4294967295,0,0
oInvCollPH,2064,368,000AEBB2,0,1,1,4294967295,0,0
oInvCollPH,2048,368,000CAED4,0,1,1,4294967295,0,0
oInvCollPH,2032,368,00116C79,0,1,1,4294967295,0,0
oInvCollPH,2016,368,00094DCF,0,1,1,4294967295,0,0
oInvCollPH,2000,368,00196ABA,0,1,1,4294967295,0,0
oInvCollPH,1984,368,0006531E,0,1,1,4294967295,0,0
oInvCollPH,1968,368,00137CEA,0,1,1,4294967295,0,0
oInvCollPH,1584,208,000F151D,0,1,1,4294967295,0,0
oInvCollPH,1584,224,003E6B26,0,1,1,4294967295,0,0
oInvCollPH,1584,240,00004E78,0,1,1,4294967295,0,0
oInvCollPH,1584,256,003DEE0B,0,1,1,4294967295,0,0
oInvCollPH,1584,272,00075AE7,0,1,1,4294967295,0,0
oInvCollPH,1584,288,003CBC69,0,1,1,4294967295,0,0
oInvCollPH,1584,304,001014D9,0,1,1,4294967295,0,0
oInvCollPH,1584,320,00192D22,0,1,1,4294967295,0,0
oInvCollPH,1584,336,000BDD0A,0,1,1,4294967295,0,0
oInvCollPH,1840,336,0033CFA0,0,1,1,4294967295,0,0
oInvCollPH,1856,336,00266015,0,1,1,4294967295,0,0
oInvCollPH,1872,336,000DBC24,0,1,1,4294967295,0,0
oInvCollPH,1888,336,0004AF7E,0,1,1,4294967295,0,0
oInvCollPH,1600,192,003593EE,0,1,1,4294967295,0,0
oInvCollPH,1616,192,0008B0E2,0,1,1,4294967295,0,0
oInvCollPH,1632,192,001128AC,0,1,1,4294967295,0,0
oInvCollPH,1648,192,003C953F,0,1,1,4294967295,0,0
oInvCollPH,1664,192,000A23DD,0,1,1,4294967295,0,0
oInvCollPH,1680,192,001C20ED,0,1,1,4294967295,0,0
oInvCollPH,1696,192,000BD0F5,0,1,1,4294967295,0,0
oInvCollPH,1712,192,00232433,0,1,1,4294967295,0,0
oInvCollPH,1728,192,001047E0,0,1,1,4294967295,0,0
oInvCollPH,1744,192,000AA5FB,0,1,1,4294967295,0,0
oInvCollPH,1760,192,001DF199,0,1,1,4294967295,0,0
oInvCollPH,1776,192,00275BDF,0,1,1,4294967295,0,0
oInvCollPH,1792,192,0012C350,0,1,1,4294967295,0,0
oInvCollPH,1808,192,00122ECF,0,1,1,4294967295,0,0
oInvCollPH,1824,192,0032179A,0,1,1,4294967295,0,0
oInvCollPH,1840,192,00067F73,0,1,1,4294967295,0,0
oInvCollPH,1856,192,0034A97C,0,1,1,4294967295,0,0
oInvCollPH,1872,192,0030B6DC,0,1,1,4294967295,0,0
oInvCollPH,1888,192,001CE2D1,0,1,1,4294967295,0,0
oInvCollPH,1904,192,001CEF19,0,1,1,4294967295,0,0
oInvCollPH,2208,192,000AE586,0,1,1,4294967295,0,0
oInvCollPH,2224,192,00264FC6,0,1,1,4294967295,0,0
oInvCollPH,2240,192,001891B2,0,1,1,4294967295,0,0
oInvCollPH,2256,192,00174CD7,0,1,1,4294967295,0,0
oInvCollPH,2272,192,002A94B6,0,1,1,4294967295,0,0
oInvCollPH,2288,192,000AD30E,0,1,1,4294967295,0,0
oInvCollPH,2304,192,0002D47D,0,1,1,4294967295,0,0
oInvCollPH,2320,192,003EA6B4,0,1,1,4294967295,0,0
oInvCollPH,2336,192,0030B36B,0,1,1,4294967295,0,0
oInvCollPH,2352,192,001A459A,0,1,1,4294967295,0,0
oInvCollPH,2368,192,0001FBBF,0,1,1,4294967295,0,0
oInvCollPH,2384,192,002A10CD,0,1,1,4294967295,0,0
oInvCollPH,2400,192,003F10F3,0,1,1,4294967295,0,0
oInvCollPH,2416,192,00088E93,0,1,1,4294967295,0,0
oInvCollPH,2432,192,0006BE8F,0,1,1,4294967295,0,0
oInvCollPH,2448,192,0017C537,0,1,1,4294967295,0,0
oInvCollPH,2464,192,002D83F0,0,1,1,4294967295,0,0
oInvCollPH,2480,192,0029484D,0,1,1,4294967295,0,0
oInvCollPH,2496,192,00294552,0,1,1,4294967295,0,0
oInvCollPH,2512,192,000752B1,0,1,1,4294967295,0,0
oInvCollPH,2528,192,000E6917,0,1,1,4294967295,0,0
oInvisibleSolid,0,128,002DF060,0,1,1,4294967295,0,1
oInvisibleRCeilingLowSlope,560,304,000262B9,0,1,1,4294967295,0,0
oInvisibleLCeilingLowSlope,432,304,0007B2BF,0,1,1,4294967295,0,0
oInvisibleSolid,0,448,002F5F04,0,1,1,4294967295,0,1
oInvisibleSolid,464,496,00169B1A,0,1,1,4294967295,0,1
oInvisibleSolid,336,112,00379062,0,1,1,4294967295,0,1
oInvisibleSolid,336,208,003697DE,0,1,1,4294967295,0,1
oInvisibleSolid,384,288,0010AA1D,0,1,1,4294967295,0,1
oInvisibleSolid,432,288,0038B204,0,1,1,4294967295,0,1
oInvisibleSolid,592,288,0035F9F1,0,1,1,4294967295,0,1
oInvisibleSolid,624,272,003FBD02,0,1,1,4294967295,0,1
oInvisiblePlatform,1824,128,00228032,0,1,1,4294967295,0,1
oInvisiblePlatform,2272,128,00126BB5,0,1,1,4294967295,0,1
oInvisiblePlatform,992,288,0038A1E8,0,1,1,4294967295,0,1
oInvisiblePlatform,1168,256,003D4EDB,0,1,1,4294967295,0,1
oInvisiblePlatform,1184,384,001C59DB,0,1,1,4294967295,0,1
oInvisiblePlatform,1296,320,0036C785,0,1,1,4294967295,0,1
oInvisiblePlatform,1424,256,003460D9,0,1,1,4294967295,0,1
oInvisiblePlatform,1408,384,0025474A,0,1,1,4294967295,0,1
oInvisibleSolid,560,448,002107E2,0,1,1,4294967295,0,1
oInvisibleSolid,704,400,0021BABF,0,1,1,4294967295,0,1
oInvisibleSolid,752,352,00053F17,0,1,1,4294967295,0,1
oInvisibleSolid,2176,544,001FA589,0,1,1,4294967295,0,1
oInvisibleRCeilingLowSlope,1904,352,001FCD02,0,1,1,4294967295,0,0
oInvisibleRCeilingLowSlope,1936,368,0025DFB6,0,1,1,4294967295,0,0
oInvisibleRCeilingLowSlope,2192,432,001AA7F9,0,1,1,4294967295,0,0
oInvisibleLCeilingLowSlope,1808,352,0010C676,0,1,1,4294967295,0,0
oInvisibleLCeilingLowSlope,1776,368,0006A6ED,0,1,1,4294967295,0,0
oInvisibleSolid,1920,144,002D5E01,0,1,1,4294967295,0,1
oInvisibleSolid,1584,192,0025BA8D,0,1,1,4294967295,0,1
oInvisibleSolid,1776,352,000CABC4,0,1,1,4294967295,0,1
oInvisibleSolid,1584,352,00334FD2,0,1,1,4294967295,0,1
oInvisibleSolid,1936,352,001CCB50,0,1,1,4294967295,0,1
oInvisibleSolid,1968,352,00288A73,0,1,1,4294967295,0,1
oInvisibleSolid,2416,448,00025509,0,1,1,4294967295,0,1
oInvisibleSolid,2224,384,00385659,0,1,1,4294967295,0,1
oInvisibleSolid,2192,384,0009C755,0,1,1,4294967295,0,1
