oExit,1328,272,000BB656,0,1,1,4294967295,0,1
oExit,0,272,003C0674,0,1,1,4294967295,0,1
oPlayer1,1280,304,003AEF1C,0,1,1,4294967295,0,0
oMetroidDoorHolder,1312,272,0038C387,0,1,1,4294967295,0,1
oMetroidDoorHolder,16,272,0036A29E,0,1,1,4294967295,0,1
oInvCollPH,1264,80,0000DE69,0,1,1,4294967295,0,0
oInvCollPH,1264,96,003F009A,0,1,1,4294967295,0,0
oInvCollPH,1264,112,0014C4A3,0,1,1,4294967295,0,0
oInvCollPH,1264,128,002ADE31,0,1,1,4294967295,0,0
oInvCollPH,1264,144,000B69C2,0,1,1,4294967295,0,0
oInvCollPH,1264,160,000B1935,0,1,1,4294967295,0,0
oInvCollPH,1264,176,0001A27E,0,1,1,4294967295,0,0
oInvCollPH,1264,192,00112320,0,1,1,4294967295,0,0
oInvCollPH,1264,208,002445FE,0,1,1,4294967295,0,0
oInvCollPH,1264,224,0032B1B4,0,1,1,4294967295,0,0
oInvCollPH,1280,224,000E4F4C,0,1,1,4294967295,0,0
oInvCollPH,1296,224,0017B8BF,0,1,1,4294967295,0,0
oInvCollPH,1312,224,003CC802,0,1,1,4294967295,0,0
oInvCollPH,1328,224,001B3C38,0,1,1,4294967295,0,0
oInvCollPH,0,224,003869E9,0,1,1,4294967295,0,0
oInvCollPH,16,224,001E73E2,0,1,1,4294967295,0,0
oInvCollPH,32,224,0018DE29,0,1,1,4294967295,0,0
oInvCollPH,48,224,00177888,0,1,1,4294967295,0,0
oInvCollPH,64,224,0014A3FC,0,1,1,4294967295,0,0
oInvCollPH,64,208,002BB9A5,0,1,1,4294967295,0,0
oInvCollPH,64,192,003A077F,0,1,1,4294967295,0,0
oInvCollPH,64,176,00035F9C,0,1,1,4294967295,0,0
oInvCollPH,64,160,00302CD5,0,1,1,4294967295,0,0
oInvCollPH,64,144,00029FDC,0,1,1,4294967295,0,0
oInvCollPH,64,128,0006A944,0,1,1,4294967295,0,0
oInvCollPH,64,112,00244D9B,0,1,1,4294967295,0,0
oInvCollPH,64,96,001C7F28,0,1,1,4294967295,0,0
oInvCollPH,64,80,0008C1AB,0,1,1,4294967295,0,0
oInvCollPH,64,64,002216BD,0,1,1,4294967295,0,0
oInvCollPH,208,288,0022EEBA,0,1,1,4294967295,0,0
oInvCollPH,272,272,0002F920,0,1,1,4294967295,0,0
oInvCollPH,288,272,00076E35,0,1,1,4294967295,0,0
oInvCollPH,304,272,002291C6,0,1,1,4294967295,0,0
oInvCollPH,352,288,003EF1B0,0,1,1,4294967295,0,0
oInvCollPH,368,288,000D4740,0,1,1,4294967295,0,0
oInvCollPH,912,272,000168D6,0,1,1,4294967295,0,0
oInvCollPH,928,272,002868C5,0,1,1,4294967295,0,0
oInvCollPH,944,272,000FDB42,0,1,1,4294967295,0,0
oInvCollPH,848,288,000BC65B,0,1,1,4294967295,0,0
oInvCollPH,992,288,003E345A,0,1,1,4294967295,0,0
oInvCollPH,1008,288,0000256D,0,1,1,4294967295,0,0
oInvCollPH,496,64,003FDF83,0,1,1,4294967295,0,0
oInvCollPH,640,64,0025D78C,0,1,1,4294967295,0,0
oInvCollPH,656,64,002EECF6,0,1,1,4294967295,0,0
oInvCollPH,560,80,00197B2A,0,1,1,4294967295,0,0
oInvCollPH,576,80,001B3436,0,1,1,4294967295,0,0
oInvCollPH,592,80,0030DEB1,0,1,1,4294967295,0,0
oInvCollPH,80,48,0016CA91,0,1,1,4294967295,0,0
oInvCollPH,96,48,0025EF22,0,1,1,4294967295,0,0
oInvCollPH,112,48,003D32B5,0,1,1,4294967295,0,0
oInvCollPH,128,48,000B88E5,0,1,1,4294967295,0,0
oInvCollPH,144,48,00171EC6,0,1,1,4294967295,0,0
oInvCollPH,160,48,00258909,0,1,1,4294967295,0,0
oInvCollPH,176,48,0006B09F,0,1,1,4294967295,0,0
oInvCollPH,192,48,0037B073,0,1,1,4294967295,0,0
oInvCollPH,208,48,0024C182,0,1,1,4294967295,0,0
oInvCollPH,224,48,001016B0,0,1,1,4294967295,0,0
oInvCollPH,240,48,00036C70,0,1,1,4294967295,0,0
oInvCollPH,256,48,00295FD6,0,1,1,4294967295,0,0
oInvCollPH,272,48,0015A7AC,0,1,1,4294967295,0,0
oInvCollPH,288,48,0004F074,0,1,1,4294967295,0,0
oInvCollPH,304,48,000F083E,0,1,1,4294967295,0,0
oInvCollPH,320,48,004002AA,0,1,1,4294967295,0,0
oInvCollPH,336,48,0019481E,0,1,1,4294967295,0,0
oInvCollPH,352,48,00058D8E,0,1,1,4294967295,0,0
oInvCollPH,368,48,000A896E,0,1,1,4294967295,0,0
oInvCollPH,384,48,00123727,0,1,1,4294967295,0,0
oInvCollPH,400,48,000956DC,0,1,1,4294967295,0,0
oInvCollPH,416,48,0003A3B6,0,1,1,4294967295,0,0
oInvCollPH,432,48,0011067A,0,1,1,4294967295,0,0
oInvCollPH,16,304,0001CFB3,0,1,1,4294967295,0,0
oInvCollPH,32,304,0001A97D,0,1,1,4294967295,0,0
oInvCollPH,48,304,00017224,0,1,1,4294967295,0,0
oInvCollPH,64,304,00341E9B,0,1,1,4294967295,0,0
oInvCollPH,80,304,00367E72,0,1,1,4294967295,0,0
oInvCollPH,96,304,0006DE83,0,1,1,4294967295,0,0
oInvCollPH,112,304,0000E5C5,0,1,1,4294967295,0,0
oInvCollPH,128,304,00038678,0,1,1,4294967295,0,0
oInvCollPH,144,304,001197E1,0,1,1,4294967295,0,0
oInvCollPH,704,48,00083A6E,0,1,1,4294967295,0,0
oInvCollPH,720,48,00391BE7,0,1,1,4294967295,0,0
oInvCollPH,736,48,00354444,0,1,1,4294967295,0,0
oInvCollPH,752,48,003C4CAC,0,1,1,4294967295,0,0
oInvCollPH,768,48,0017911D,0,1,1,4294967295,0,0
oInvCollPH,784,48,00179D18,0,1,1,4294967295,0,0
oInvCollPH,800,48,000A7AA6,0,1,1,4294967295,0,0
oInvCollPH,816,48,00377091,0,1,1,4294967295,0,0
oInvCollPH,832,48,00014CD2,0,1,1,4294967295,0,0
oInvCollPH,848,48,0028E4FC,0,1,1,4294967295,0,0
oInvCollPH,864,48,002E9FAA,0,1,1,4294967295,0,0
oInvCollPH,880,48,00359A17,0,1,1,4294967295,0,0
oInvCollPH,896,48,0001832A,0,1,1,4294967295,0,0
oInvCollPH,912,48,00068D24,0,1,1,4294967295,0,0
oInvCollPH,928,48,001E576A,0,1,1,4294967295,0,0
oInvCollPH,944,48,0011B3BE,0,1,1,4294967295,0,0
oInvCollPH,960,48,00171C86,0,1,1,4294967295,0,0
oInvCollPH,976,48,0038ACC1,0,1,1,4294967295,0,0
oInvCollPH,992,48,0004BE2E,0,1,1,4294967295,0,0
oInvCollPH,1008,48,002438A4,0,1,1,4294967295,0,0
oInvCollPH,1024,48,000143BE,0,1,1,4294967295,0,0
oInvCollPH,1040,48,00197FB5,0,1,1,4294967295,0,0
oInvCollPH,1056,48,00136215,0,1,1,4294967295,0,0
oInvCollPH,1072,48,00380384,0,1,1,4294967295,0,0
oInvCollPH,1088,48,003BDBB3,0,1,1,4294967295,0,0
oInvCollPH,1104,48,001CAD57,0,1,1,4294967295,0,0
oInvCollPH,1120,48,000AB81C,0,1,1,4294967295,0,0
oInvCollPH,416,304,00055BA7,0,1,1,4294967295,0,0
oInvCollPH,432,304,0019B3A0,0,1,1,4294967295,0,0
oInvCollPH,448,304,002EFE2B,0,1,1,4294967295,0,0
oInvCollPH,464,304,0032A21A,0,1,1,4294967295,0,0
oInvCollPH,480,304,0026F1EA,0,1,1,4294967295,0,0
oInvCollPH,496,304,00124275,0,1,1,4294967295,0,0
oInvCollPH,512,304,001B3B54,0,1,1,4294967295,0,0
oInvCollPH,528,304,000B23CC,0,1,1,4294967295,0,0
oInvCollPH,544,304,003EA5BA,0,1,1,4294967295,0,0
oInvCollPH,560,304,001E05D4,0,1,1,4294967295,0,0
oInvCollPH,576,304,002DE434,0,1,1,4294967295,0,0
oInvCollPH,592,304,0039D5C7,0,1,1,4294967295,0,0
oInvCollPH,608,304,00217C64,0,1,1,4294967295,0,0
oInvCollPH,624,304,00147B69,0,1,1,4294967295,0,0
oInvCollPH,640,304,00246C42,0,1,1,4294967295,0,0
oInvCollPH,656,304,00171603,0,1,1,4294967295,0,0
oInvCollPH,672,304,00273993,0,1,1,4294967295,0,0
oInvCollPH,688,304,000BF720,0,1,1,4294967295,0,0
oInvCollPH,704,304,0013E45D,0,1,1,4294967295,0,0
oInvCollPH,720,304,00267E56,0,1,1,4294967295,0,0
oInvCollPH,736,304,003BE06C,0,1,1,4294967295,0,0
oInvCollPH,752,304,0038B4A5,0,1,1,4294967295,0,0
oInvCollPH,768,304,0027932C,0,1,1,4294967295,0,0
oInvCollPH,784,304,0009A41C,0,1,1,4294967295,0,0
oInvCollPH,1056,304,000F2CAD,0,1,1,4294967295,0,0
oInvCollPH,1072,304,001919BE,0,1,1,4294967295,0,0
oInvCollPH,1088,304,0012AE95,0,1,1,4294967295,0,0
oInvCollPH,1104,304,000E43BD,0,1,1,4294967295,0,0
oInvCollPH,1120,304,000EF166,0,1,1,4294967295,0,0
oInvCollPH,1136,304,00142022,0,1,1,4294967295,0,0
oInvCollPH,1152,288,001920B1,0,1,1,4294967295,0,0
oInvCollPH,1152,272,00052C60,0,1,1,4294967295,0,0
oInvCollPH,1200,272,003ADD1D,0,1,1,4294967295,0,0
oInvCollPH,1200,288,002D4220,0,1,1,4294967295,0,0
oInvCollPH,1216,304,00154BB7,0,1,1,4294967295,0,0
oInvCollPH,1232,304,00116DF5,0,1,1,4294967295,0,0
oInvCollPH,1248,304,0007BCC8,0,1,1,4294967295,0,0
oInvCollPH,1264,304,00016632,0,1,1,4294967295,0,0
oInvCollPH,1280,304,00257667,0,1,1,4294967295,0,0
oInvCollPH,1296,304,00332D8E,0,1,1,4294967295,0,0
oInvCollPH,1312,304,00363BCA,0,1,1,4294967295,0,0
oInvCollPH,1328,304,003BFE1B,0,1,1,4294967295,0,0
oInvCollPH,1152,256,0028B4D4,0,1,1,4294967295,0,0
oInvCollPH,1152,240,0026E7D6,0,1,1,4294967295,0,0
oInvCollPH,1152,224,0008CA8E,0,1,1,4294967295,0,0
oInvCollPH,1152,208,003D7703,0,1,1,4294967295,0,0
oInvCollPH,1152,192,00088580,0,1,1,4294967295,0,0
oInvCollPH,1152,176,00009519,0,1,1,4294967295,0,0
oInvCollPH,1168,160,00272A4D,0,1,1,4294967295,0,0
oInvCollPH,1184,160,000B0164,0,1,1,4294967295,0,0
oInvCollPH,1200,160,00195801,0,1,1,4294967295,0,0
oInvCollPH,1200,176,00383E4D,0,1,1,4294967295,0,0
oInvCollPH,1200,192,00366103,0,1,1,4294967295,0,0
oInvCollPH,1200,208,001F8B94,0,1,1,4294967295,0,0
oInvCollPH,1200,224,002B6D51,0,1,1,4294967295,0,0
oInvCollPH,1200,240,002DEC32,0,1,1,4294967295,0,0
oInvCollPH,1200,256,001209DF,0,1,1,4294967295,0,0
oInvCollPH,1136,48,000DFAB6,0,1,1,4294967295,0,0
oInvCollPH,1152,48,003A568B,0,1,1,4294967295,0,0
oInvCollPH,1168,48,00015C65,0,1,1,4294967295,0,0
oInvCollPH,1184,48,0038638B,0,1,1,4294967295,0,0
oInvCollPH,1200,48,00333F89,0,1,1,4294967295,0,0
oInvCollPH,1216,48,001E373E,0,1,1,4294967295,0,0
oInvCollPH,1232,48,00337F7B,0,1,1,4294967295,0,0
oInvCollPH,1248,48,00240C22,0,1,1,4294967295,0,0
oInvisibleRupLowSlope,864,272,001E783B,0,1,1,4294967295,0,0
oInvisibleRupLowSlope,800,288,0035B235,0,1,1,4294967295,0,0
oInvisibleRupLowSlope,160,288,003E366C,0,1,1,4294967295,0,0
oInvisibleRupLowSlope,224,272,0010A0FF,0,1,1,4294967295,0,0
oInvisibleLupLowSlope,320,272,000683D7,0,1,1,4294967295,0,0
oInvisibleLupLowSlope,384,288,002F7388,0,1,1,4294967295,0,0
oInvisibleLupLowSlope,960,272,002CE7ED,0,1,1,4294967295,0,0
oInvisibleLupLowSlope,1024,288,003B617D,0,1,1,4294967295,0,0
oInvisibleRCeilingLowSlope,448,64,000825BB,0,1,1,4294967295,0,0
oInvisibleRCeilingLowSlope,512,80,002574A6,0,1,1,4294967295,0,0
oInvisibleLCeilingLowSlope,672,64,0026699F,0,1,1,4294967295,0,0
oInvisibleLCeilingLowSlope,608,80,000FC79A,0,1,1,4294967295,0,0
oInvisibleSolid,896,272,0005D713,0,1,1,4294967295,0,1
oInvisibleSolid,832,288,00129E69,0,1,1,4294967295,0,1
oInvisibleSolid,256,272,0006D820,0,1,1,4294967295,0,1
oInvisibleSolid,192,288,0017D067,0,1,1,4294967295,0,1
oInvisibleSolid,0,304,000AD050,0,1,1,4294967295,0,1
oInvisibleSolid,0,64,002C33CF,0,1,1,4294967295,0,1
oInvisibleSolid,544,80,0039AD3E,0,1,1,4294967295,0,1
oInvisibleSolid,480,64,00037868,0,1,1,4294967295,0,1
oInvisibleSolid,0,0,00375E30,0,1,1,4294967295,0,1
oInvisibleSolid,1264,64,002B1D34,0,1,1,4294967295,0,1
oInvisibleSolid,1152,160,00064D5C,0,1,1,4294967295,0,1
