oExit,0,272,00356E4E,0,1,1,4294967295,0,1
oExit,880,272,0017F239,0,1,1,4294967295,0,1
oMoneyChest,624,304,0025D820,0,1,1,4294967295,0,1
oGreenSlime,128,304,001550A8,0,1,1,4294967295,0,0
oAche,624,128,0009980E,0,1,1,4294967295,0,0
oAche,288,112,0032C449,0,1,1,4294967295,0,0
oPlayer1,448,304,001E01FB,0,1,1,4294967295,0,0
oInvCollPH,464,304,003A165C,0,1,1,4294967295,0,0
oInvCollPH,480,304,001D0964,0,1,1,4294967295,0,0
oInvCollPH,16,304,001FD436,0,1,1,4294967295,0,0
oInvCollPH,32,304,00399C55,0,1,1,4294967295,0,0
oInvCollPH,48,304,001A7EA1,0,1,1,4294967295,0,0
oInvCollPH,64,304,003030A2,0,1,1,4294967295,0,0
oInvCollPH,80,304,002057FF,0,1,1,4294967295,0,0
oInvCollPH,96,304,000EFDD9,0,1,1,4294967295,0,0
oInvCollPH,112,304,00073344,0,1,1,4294967295,0,0
oInvCollPH,128,304,003EAC29,0,1,1,4294967295,0,0
oInvCollPH,144,304,00213CEC,0,1,1,4294967295,0,0
oInvCollPH,880,304,000CBD1A,0,1,1,4294967295,0,0
oInvCollPH,864,304,00368476,0,1,1,4294967295,0,0
oInvCollPH,848,304,0028231F,0,1,1,4294967295,0,0
oInvCollPH,832,304,002B0220,0,1,1,4294967295,0,0
oInvCollPH,816,304,00274893,0,1,1,4294967295,0,0
oInvCollPH,800,304,002B9447,0,1,1,4294967295,0,0
oInvCollPH,160,304,00374169,0,1,1,4294967295,0,0
oInvCollPH,176,304,00253597,0,1,1,4294967295,0,0
oInvCollPH,192,304,00165955,0,1,1,4294967295,0,0
oInvCollPH,208,304,00394FBD,0,1,1,4294967295,0,0
oInvCollPH,224,304,00231945,0,1,1,4294967295,0,0
oInvCollPH,720,304,003B3DEC,0,1,1,4294967295,0,0
oInvCollPH,736,304,002DBA6F,0,1,1,4294967295,0,0
oInvCollPH,752,304,001C7BE5,0,1,1,4294967295,0,0
oInvCollPH,768,304,0018C92A,0,1,1,4294967295,0,0
oInvCollPH,784,304,00277621,0,1,1,4294967295,0,0
oInvCollPH,304,304,00047E46,0,1,1,4294967295,0,0
oInvCollPH,288,304,00365649,0,1,1,4294967295,0,0
oInvCollPH,272,304,00042C12,0,1,1,4294967295,0,0
oInvCollPH,256,304,001D1A9A,0,1,1,4294967295,0,0
oInvCollPH,240,304,003EE847,0,1,1,4294967295,0,0
oInvCollPH,640,304,001E93BF,0,1,1,4294967295,0,0
oInvCollPH,656,304,000E5994,0,1,1,4294967295,0,0
oInvCollPH,672,304,000932FF,0,1,1,4294967295,0,0
oInvCollPH,688,304,00106050,0,1,1,4294967295,0,0
oInvCollPH,704,304,0028B9A4,0,1,1,4294967295,0,0
oInvCollPH,384,304,000B45A4,0,1,1,4294967295,0,0
oInvCollPH,368,304,00066261,0,1,1,4294967295,0,0
oInvCollPH,352,304,003B5615,0,1,1,4294967295,0,0
oInvCollPH,336,304,003D8C56,0,1,1,4294967295,0,0
oInvCollPH,320,304,001C088E,0,1,1,4294967295,0,0
oInvCollPH,560,304,001070FE,0,1,1,4294967295,0,0
oInvCollPH,576,304,000D3F24,0,1,1,4294967295,0,0
oInvCollPH,592,304,000403E1,0,1,1,4294967295,0,0
oInvCollPH,608,304,00161792,0,1,1,4294967295,0,0
oInvCollPH,624,304,0017D0FA,0,1,1,4294967295,0,0
oInvCollPH,496,304,003EF71F,0,1,1,4294967295,0,0
oInvCollPH,512,304,00208705,0,1,1,4294967295,0,0
oInvCollPH,528,304,00151A8C,0,1,1,4294967295,0,0
oInvCollPH,544,304,0023C37C,0,1,1,4294967295,0,0
oInvCollPH,448,304,0017890E,0,1,1,4294967295,0,0
oInvCollPH,432,304,001C7BF5,0,1,1,4294967295,0,0
oInvCollPH,416,304,0028128A,0,1,1,4294967295,0,0
oInvCollPH,400,304,00018D8F,0,1,1,4294967295,0,0
oInvisibleSolid,0,304,0024605D,0,1,1,4294967295,0,1
