oExit,0,224,000ECAED,0,1,1,4294967295,0,1
oExit,0,592,00080771,0,1,1,4294967295,0,1
oExit,184,592,001DB35B,0,1,1,4294967295,0,1
oABubblePile,1240,640,003E4BB6,0,1,1,4294967295,0,0
oExit,1304,208,0018E071,0,1,1,4294967295,0,1
oWaterSwitch,944,160,00011655,0,1,1,4294967295,0,1
oWaterFloatPlatform,296,576,0030DA5E,0,1,1,4294967295,0,0
oWaterFloatPlatform,320,400,00097B80,0,1,1,4294967295,0,0
oDoorKey,1008,436,000DF5D1,0,1,1,4294967295,0,1
oWaterFloatPlatform,624,464,00158167,0,1,1,4294967295,0,0
oWaterFloatPlatform,768,464,00240040,0,1,1,4294967295,0,0
oWaterFloatPlatform,1032,624,0006369A,0,1,1,4294967295,0,0
oWaterFloatPlatform,1224,272,0009FB79,0,1,1,4294967295,0,0
oWaterFloatPlatform,952,192,000EAE0E,0,1,1,4294967295,0,0
oWaterFloatPlatform,144,224,00102870,0,1,1,4294967295,0,0
oLockedDoor,352,560,002CA5FD,0,1,1,4294967295,0,1
oWaterFloatPlatform,688,208,000037CC,0,1,1,4294967295,0,0
oZeldaBreakPot,416,608,002149EB,0,1,1,4294967295,0,0
oZeldaBreakPot,464,608,002ECD65,0,1,1,4294967295,0,0
oZeldaBreakPot,472,192,000958B0,0,1,1,4294967295,0,0
oZeldaBreakPot,1144,640,000CB4F1,0,1,1,4294967295,0,0
oZeldaBreakPot,968,224,000DB072,0,1,1,4294967295,0,0
oLargeJumper,780,440,003C0B92,0,1,1,4294967295,0,0
oLargeJumper,324,376,00190EAC,0,1,1,4294967295,0,0
oLargeJumper,596,568,001337A0,0,1,1,4294967295,0,0
oLargeJumper,576,440,0009DED8,0,1,1,4294967295,0,0
sStoryBreakable,448,544,00402D32,0,1,1,4294967295,0,1
oAquaticDemon,704,368,001E342B,0,1,1,4294967295,0,0
oAquaticDemon,832,528,00203F49,0,1,1,4294967295,0,0
oSkullFish,544,368,0028B26E,0,1,1,4294967295,0,0
oCyclopsBat,432,160,000D5058,0,1,1,4294967295,0,0
oCyclopsBat,992,144,000E3EE5,0,1,1,4294967295,0,0
oCyclopsBat,1104,400,000487D0,0,1,1,4294967295,0,0
oPlayer1,48,256,002E0DD4,0,1,1,4294967295,0,0
oSpikeZone,288,624,0033A767,0,1,1,4294967295,0,0
oSpikeZone,304,624,000143C6,0,1,1,4294967295,0,0
oSpikeZone,320,624,002E94C8,0,1,1,4294967295,0,0
oSpikeZone,336,624,000EE3ED,0,1,1,4294967295,0,0
oSpikeZone,384,496,000E769A,0,1,1,4294967295,0,0
oSpikeZone,400,496,001E7DDA,0,1,1,4294967295,0,0
oSpikeZone,416,496,00159EE6,0,1,1,4294967295,0,0
oSpikeZone,432,496,003F4866,0,1,1,4294967295,0,0
oSpikeZone,448,496,001E94C7,0,1,1,4294967295,0,0
oSpikeZone,464,496,000F0BFF,0,1,1,4294967295,0,0
oSpikeZone,480,496,000201AB,0,1,1,4294967295,0,0
oSpikeZone,496,496,00318F4D,0,1,1,4294967295,0,0
oSpikeZone,1200,272,0008018C,0,1,1,4294967295,0,0
oSpikeZone,1280,272,0035B774,0,1,1,4294967295,0,0
oSpikeZone,1200,320,002D90F4,0,1,1,4294967295,0,0
oSpikeZone,1200,368,003AF489,0,1,1,4294967295,0,0
oSpikeZone,1280,320,002C6619,0,1,1,4294967295,0,0
oSpikeZone,1280,368,0004AB6F,0,1,1,4294967295,0,0
oSpikeZone,1200,416,0004A302,0,1,1,4294967295,0,0
oSpikeZone,1200,464,00174EC3,0,1,1,4294967295,0,0
oSpikeZone,1280,464,003035AC,0,1,1,4294967295,0,0
oSpikeZone,1280,416,003DDAF0,0,1,1,4294967295,0,0
oSpikeZone,1200,512,0029BE94,0,1,1,4294967295,0,0
oSpikeZone,1280,512,002DA45A,0,1,1,4294967295,0,0
oSpikeZone,640,240,0037E655,0,1,1,4294967295,0,0
oSpikeZone,640,256,00372741,0,1,1,4294967295,0,0
oSpikeZone,672,272,002302CF,0,1,1,4294967295,0,0
oSpikeZone,688,272,003AA98D,0,1,1,4294967295,0,0
oSpikeZone,704,240,002F09C3,0,1,1,4294967295,0,0
oSpikeZone,704,256,00206C13,0,1,1,4294967295,0,0
oSpikeZone,1024,656,0039CD22,0,1,1,4294967295,0,0
oSpikeZone,1040,656,00217438,0,1,1,4294967295,0,0
oSpikeZone,1056,656,0003864D,0,1,1,4294967295,0,0
oSpikeZone,1072,656,000536ED,0,1,1,4294967295,0,0
oSpikeZone,656,272,00134770,0,1,1,4294967295,0,0
oWaterVolume,0,368,002A5CF3,0,1,1,4294967295,0,1
oInvCollPH,0,144,000B0F1D,0,1,1,4294967295,0,0
oInvCollPH,16,144,00224983,0,1,1,4294967295,0,0
oInvCollPH,32,144,0027B99A,0,1,1,4294967295,0,0
oInvCollPH,48,144,000A54C6,0,1,1,4294967295,0,0
oInvCollPH,48,128,00183530,0,1,1,4294967295,0,0
oInvCollPH,48,112,002F415E,0,1,1,4294967295,0,0
oInvCollPH,48,96,0000D2FD,0,1,1,4294967295,0,0
oInvCollPH,48,80,00218378,0,1,1,4294967295,0,0
oInvCollPH,48,64,00193F77,0,1,1,4294967295,0,0
oInvCollPH,48,48,00122318,0,1,1,4294967295,0,0
oInvCollPH,256,512,00057A3A,0,1,1,4294967295,0,0
oInvCollPH,256,528,0026D6E5,0,1,1,4294967295,0,0
oInvCollPH,256,544,002570AB,0,1,1,4294967295,0,0
oInvCollPH,272,544,003DD6BA,0,1,1,4294967295,0,0
oInvCollPH,288,544,001AA499,0,1,1,4294967295,0,0
oInvCollPH,304,544,0010E1B5,0,1,1,4294967295,0,0
oInvCollPH,320,544,002FF859,0,1,1,4294967295,0,0
oInvCollPH,336,544,000CB4B8,0,1,1,4294967295,0,0
oInvCollPH,352,544,003DF170,0,1,1,4294967295,0,0
oInvCollPH,368,544,001383BE,0,1,1,4294967295,0,0
oInvCollPH,368,528,00286E1A,0,1,1,4294967295,0,0
oInvCollPH,368,512,0000BB8D,0,1,1,4294967295,0,0
oInvCollPH,368,496,00059A58,0,1,1,4294967295,0,0
oInvCollPH,304,640,001DD3EF,0,1,1,4294967295,0,0
oInvCollPH,320,640,001F615F,0,1,1,4294967295,0,0
oInvCollPH,336,640,0013B11D,0,1,1,4294967295,0,0
oInvCollPH,16,624,0008133B,0,1,1,4294967295,0,0
oInvCollPH,32,624,0014AC9B,0,1,1,4294967295,0,0
oInvCollPH,48,624,00159A0D,0,1,1,4294967295,0,0
oInvCollPH,64,624,0020EBA6,0,1,1,4294967295,0,0
oInvCollPH,80,624,0034D155,0,1,1,4294967295,0,0
oInvCollPH,96,624,00140F6B,0,1,1,4294967295,0,0
oInvCollPH,112,624,002DD6FB,0,1,1,4294967295,0,0
oInvCollPH,128,624,00395275,0,1,1,4294967295,0,0
oInvCollPH,144,624,0002ADF0,0,1,1,4294967295,0,0
oInvCollPH,272,624,0011A813,0,1,1,4294967295,0,0
oInvCollPH,256,624,0006ABA9,0,1,1,4294967295,0,0
oInvCollPH,240,624,00039EBC,0,1,1,4294967295,0,0
oInvCollPH,224,624,00228A1E,0,1,1,4294967295,0,0
oInvCollPH,208,624,000CBCD0,0,1,1,4294967295,0,0
oInvCollPH,192,624,0016AB8B,0,1,1,4294967295,0,0
oInvCollPH,176,624,001F2A46,0,1,1,4294967295,0,0
oInvCollPH,160,624,002F0933,0,1,1,4294967295,0,0
oInvCollPH,368,624,0005AFEA,0,1,1,4294967295,0,0
oInvCollPH,384,624,002C74D7,0,1,1,4294967295,0,0
oInvCollPH,400,624,0006263B,0,1,1,4294967295,0,0
oInvCollPH,416,624,0031211D,0,1,1,4294967295,0,0
oInvCollPH,432,624,00086651,0,1,1,4294967295,0,0
oInvCollPH,448,624,000F2A79,0,1,1,4294967295,0,0
oInvCollPH,464,624,000AB5E9,0,1,1,4294967295,0,0
oInvCollPH,480,624,0011EACF,0,1,1,4294967295,0,0
oInvCollPH,496,624,002469D3,0,1,1,4294967295,0,0
oInvCollPH,240,480,0003DFE0,0,1,1,4294967295,0,0
oInvCollPH,224,480,0009AE1A,0,1,1,4294967295,0,0
oInvCollPH,208,480,002C43AF,0,1,1,4294967295,0,0
oInvCollPH,192,480,003DAF74,0,1,1,4294967295,0,0
oInvCollPH,176,480,000DA9F4,0,1,1,4294967295,0,0
oInvCollPH,160,480,000BCBDF,0,1,1,4294967295,0,0
oInvCollPH,144,480,003A2A4A,0,1,1,4294967295,0,0
oInvCollPH,128,480,00318BA7,0,1,1,4294967295,0,0
oInvCollPH,16,256,0011BE5B,0,1,1,4294967295,0,0
oInvCollPH,32,256,0015519C,0,1,1,4294967295,0,0
oInvCollPH,48,256,0030D2C3,0,1,1,4294967295,0,0
oInvCollPH,64,256,001A9900,0,1,1,4294967295,0,0
oInvCollPH,96,240,0015BFF4,0,1,1,4294967295,0,0
oInvCollPH,112,224,00383E56,0,1,1,4294967295,0,0
oInvCollPH,128,208,0027397C,0,1,1,4294967295,0,0
oInvCollPH,144,256,000DD8A9,0,1,1,4294967295,0,0
oInvCollPH,160,256,001EB0FF,0,1,1,4294967295,0,0
oInvCollPH,176,256,000B27BF,0,1,1,4294967295,0,0
oInvCollPH,304,256,00373FA1,0,1,1,4294967295,0,0
oInvCollPH,304,272,003D13B1,0,1,1,4294967295,0,0
oInvCollPH,304,288,0007EC51,0,1,1,4294967295,0,0
oInvCollPH,304,304,003ABD01,0,1,1,4294967295,0,0
oInvCollPH,304,320,001808D0,0,1,1,4294967295,0,0
oInvCollPH,304,336,0038114D,0,1,1,4294967295,0,0
oInvCollPH,304,352,003A287C,0,1,1,4294967295,0,0
oInvCollPH,304,368,00323D18,0,1,1,4294967295,0,0
oInvCollPH,304,384,000258C4,0,1,1,4294967295,0,0
oInvCollPH,304,400,001AC2D0,0,1,1,4294967295,0,0
oInvCollPH,192,240,00361E63,0,1,1,4294967295,0,0
oInvCollPH,192,224,003733C7,0,1,1,4294967295,0,0
oInvCollPH,192,192,003AFF3C,0,1,1,4294967295,0,0
oInvCollPH,192,160,003F9812,0,1,1,4294967295,0,0
oInvCollPH,256,176,003FBCB1,0,1,1,4294967295,0,0
oInvCollPH,272,176,0012AE49,0,1,1,4294967295,0,0
oInvCollPH,272,192,00335DB8,0,1,1,4294967295,0,0
oInvCollPH,288,208,0021BBBA,0,1,1,4294967295,0,0
oInvCollPH,304,208,003A4952,0,1,1,4294967295,0,0
oInvCollPH,304,224,00014A0C,0,1,1,4294967295,0,0
oInvCollPH,304,240,00021A9A,0,1,1,4294967295,0,0
oInvCollPH,0,528,002E6530,0,1,1,4294967295,0,0
oInvCollPH,16,528,00215F68,0,1,1,4294967295,0,0
oInvCollPH,32,528,0028ED75,0,1,1,4294967295,0,0
oInvCollPH,48,528,003E9764,0,1,1,4294967295,0,0
oInvCollPH,64,528,000904A5,0,1,1,4294967295,0,0
oInvCollPH,80,528,00138210,0,1,1,4294967295,0,0
oInvCollPH,96,528,0028EE2C,0,1,1,4294967295,0,0
oInvCollPH,112,528,001E0527,0,1,1,4294967295,0,0
oInvCollPH,112,512,0024F6FB,0,1,1,4294967295,0,0
oInvCollPH,112,496,00359394,0,1,1,4294967295,0,0
oInvCollPH,336,416,00293270,0,1,1,4294967295,0,0
oInvCollPH,352,416,00080444,0,1,1,4294967295,0,0
oInvCollPH,368,400,00186231,0,1,1,4294967295,0,0
oInvCollPH,384,384,0005BB5C,0,1,1,4294967295,0,0
oInvCollPH,432,400,00179B21,0,1,1,4294967295,0,0
oInvCollPH,432,384,001848FF,0,1,1,4294967295,0,0
oInvCollPH,448,416,002A7C8E,0,1,1,4294967295,0,0
oInvCollPH,464,416,0007FAE7,0,1,1,4294967295,0,0
oInvCollPH,576,480,001A15ED,0,1,1,4294967295,0,0
oInvCollPH,560,448,00227ED7,0,1,1,4294967295,0,0
oInvCollPH,560,432,00219262,0,1,1,4294967295,0,0
oInvCollPH,560,416,003D3E93,0,1,1,4294967295,0,0
oInvCollPH,544,416,0005E7E0,0,1,1,4294967295,0,0
oInvCollPH,528,416,001626E6,0,1,1,4294967295,0,0
oInvCollPH,512,416,00313AB1,0,1,1,4294967295,0,0
oInvCollPH,496,416,0031441F,0,1,1,4294967295,0,0
oInvCollPH,480,416,000194F1,0,1,1,4294967295,0,0
oInvCollPH,384,480,0030CEDF,0,1,1,4294967295,0,0
oInvCollPH,400,480,0035E146,0,1,1,4294967295,0,0
oInvCollPH,416,480,0001D0DA,0,1,1,4294967295,0,0
oInvCollPH,432,480,003CC885,0,1,1,4294967295,0,0
oInvCollPH,448,480,000EE34D,0,1,1,4294967295,0,0
oInvCollPH,464,480,002EA2D5,0,1,1,4294967295,0,0
oInvCollPH,480,480,002DF784,0,1,1,4294967295,0,0
oInvCollPH,496,480,0027E94C,0,1,1,4294967295,0,0
oInvCollPH,512,512,00287CD5,0,1,1,4294967295,0,0
oInvCollPH,512,528,000A36A7,0,1,1,4294967295,0,0
oInvCollPH,512,544,00399AFD,0,1,1,4294967295,0,0
oInvCollPH,512,560,0029B684,0,1,1,4294967295,0,0
oInvCollPH,512,576,00017F13,0,1,1,4294967295,0,0
oInvCollPH,512,592,0025F699,0,1,1,4294967295,0,0
oInvCollPH,512,608,0017B7FA,0,1,1,4294967295,0,0
oInvCollPH,576,496,0022C1A3,0,1,1,4294967295,0,0
oInvCollPH,576,512,0039E54A,0,1,1,4294967295,0,0
oInvCollPH,576,528,003E7315,0,1,1,4294967295,0,0
oInvCollPH,560,544,0030383C,0,1,1,4294967295,0,0
oInvCollPH,560,560,001758D0,0,1,1,4294967295,0,0
oInvCollPH,560,576,00113395,0,1,1,4294967295,0,0
oInvCollPH,560,592,001BCFB3,0,1,1,4294967295,0,0
oInvCollPH,560,608,003DC3DD,0,1,1,4294967295,0,0
oInvCollPH,432,192,0033B488,0,1,1,4294967295,0,0
oInvCollPH,448,208,002E7416,0,1,1,4294967295,0,0
oInvCollPH,464,208,0020E5E2,0,1,1,4294967295,0,0
oInvCollPH,416,384,000A82CF,0,1,1,4294967295,0,0
oInvCollPH,496,208,0032F7F9,0,1,1,4294967295,0,0
oInvCollPH,528,192,000FB1C4,0,1,1,4294967295,0,0
oInvCollPH,544,208,0021AC09,0,1,1,4294967295,0,0
oInvCollPH,560,208,003375B9,0,1,1,4294967295,0,0
oInvCollPH,416,224,00288C94,0,1,1,4294967295,0,0
oInvCollPH,400,256,0022B608,0,1,1,4294967295,0,0
oInvCollPH,400,272,00301D09,0,1,1,4294967295,0,0
oInvCollPH,416,288,002E507F,0,1,1,4294967295,0,0
oInvCollPH,432,288,00240654,0,1,1,4294967295,0,0
oInvCollPH,448,288,0024AF63,0,1,1,4294967295,0,0
oInvCollPH,464,288,001EFF94,0,1,1,4294967295,0,0
oInvCollPH,480,208,00282F1F,0,1,1,4294967295,0,0
oInvCollPH,400,384,003C4B2E,0,1,1,4294967295,0,0
oInvCollPH,480,320,0006B74F,0,1,1,4294967295,0,0
oInvCollPH,496,320,001027D9,0,1,1,4294967295,0,0
oInvCollPH,512,320,0014B811,0,1,1,4294967295,0,0
oInvCollPH,528,320,001BFD27,0,1,1,4294967295,0,0
oInvCollPH,544,320,001A9B2C,0,1,1,4294967295,0,0
oInvCollPH,560,320,002F1D25,0,1,1,4294967295,0,0
oInvCollPH,576,320,00215BD2,0,1,1,4294967295,0,0
oInvCollPH,560,288,003C94C4,0,1,1,4294967295,0,0
oInvCollPH,560,272,001E72B2,0,1,1,4294967295,0,0
oInvCollPH,560,256,000BA462,0,1,1,4294967295,0,0
oInvCollPH,560,240,0008E38F,0,1,1,4294967295,0,0
oInvCollPH,560,224,0005D415,0,1,1,4294967295,0,0
oInvCollPH,560,624,00114410,0,1,1,4294967295,0,0
oInvCollPH,560,640,0019FF9A,0,1,1,4294967295,0,0
oInvCollPH,560,656,0019745E,0,1,1,4294967295,0,0
oInvCollPH,560,672,0024BDB9,0,1,1,4294967295,0,0
oInvCollPH,560,688,0004972B,0,1,1,4294967295,0,0
oInvCollPH,976,560,00261667,0,1,1,4294967295,0,0
oInvCollPH,992,560,0007AEB0,0,1,1,4294967295,0,0
oInvCollPH,1008,560,002B193E,0,1,1,4294967295,0,0
oInvCollPH,1040,672,00336630,0,1,1,4294967295,0,0
oInvCollPH,1056,672,00228FE9,0,1,1,4294967295,0,0
oInvCollPH,1072,672,0002E155,0,1,1,4294967295,0,0
oInvCollPH,896,672,002C3A7D,0,1,1,4294967295,0,0
oInvCollPH,896,688,00341ED9,0,1,1,4294967295,0,0
oInvCollPH,912,656,00032BCA,0,1,1,4294967295,0,0
oInvCollPH,928,656,0004D3FD,0,1,1,4294967295,0,0
oInvCollPH,944,656,000B061B,0,1,1,4294967295,0,0
oInvCollPH,960,656,002FF4A0,0,1,1,4294967295,0,0
oInvCollPH,976,656,00270BC5,0,1,1,4294967295,0,0
oInvCollPH,992,656,002F4E83,0,1,1,4294967295,0,0
oInvCollPH,1008,656,00082B27,0,1,1,4294967295,0,0
oInvCollPH,1104,560,0011FECA,0,1,1,4294967295,0,0
oInvCollPH,1120,560,00237DCF,0,1,1,4294967295,0,0
oInvCollPH,1136,560,0013FA98,0,1,1,4294967295,0,0
oInvCollPH,1152,560,0028E330,0,1,1,4294967295,0,0
oInvCollPH,1168,560,003915C6,0,1,1,4294967295,0,0
oInvCollPH,1184,560,0016E913,0,1,1,4294967295,0,0
oInvCollPH,1200,560,001930B1,0,1,1,4294967295,0,0
oInvCollPH,1088,560,0023171E,0,1,1,4294967295,0,0
oInvCollPH,1200,528,003F9DF8,0,1,1,4294967295,0,0
oInvCollPH,1200,544,00320C81,0,1,1,4294967295,0,0
oInvCollPH,960,464,00355CFC,0,1,1,4294967295,0,0
oInvCollPH,960,480,000A2AEF,0,1,1,4294967295,0,0
oInvCollPH,960,496,0004E6B3,0,1,1,4294967295,0,0
oInvCollPH,960,512,003C881E,0,1,1,4294967295,0,0
oInvCollPH,960,528,00148845,0,1,1,4294967295,0,0
oInvCollPH,960,544,000586BE,0,1,1,4294967295,0,0
oInvCollPH,976,448,002BFEA7,0,1,1,4294967295,0,0
oInvCollPH,992,448,0028E518,0,1,1,4294967295,0,0
oInvCollPH,1008,448,00065056,0,1,1,4294967295,0,0
oInvCollPH,1024,544,002D1A39,0,1,1,4294967295,0,0
oInvCollPH,1040,544,0014C829,0,1,1,4294967295,0,0
oInvCollPH,1056,544,00194E0C,0,1,1,4294967295,0,0
oInvCollPH,1072,544,00206FF9,0,1,1,4294967295,0,0
oInvCollPH,1184,432,00367B2E,0,1,1,4294967295,0,0
oInvCollPH,1184,448,002DF6A6,0,1,1,4294967295,0,0
oInvCollPH,1184,464,00083097,0,1,1,4294967295,0,0
oInvCollPH,1184,480,0017A25C,0,1,1,4294967295,0,0
oInvCollPH,1184,496,002F0017,0,1,1,4294967295,0,0
oInvCollPH,1184,512,003D9B89,0,1,1,4294967295,0,0
oInvCollPH,1024,384,0018EA4D,0,1,1,4294967295,0,0
oInvCollPH,1024,400,001E3A4D,0,1,1,4294967295,0,0
oInvCollPH,1024,416,000B5DC7,0,1,1,4294967295,0,0
oInvCollPH,1184,368,001E8068,0,1,1,4294967295,0,0
oInvCollPH,1184,384,0021E844,0,1,1,4294967295,0,0
oInvCollPH,1184,400,00247B7F,0,1,1,4294967295,0,0
oInvCollPH,1184,416,002A23EF,0,1,1,4294967295,0,0
oInvCollPH,1200,256,003641BE,0,1,1,4294967295,0,0
oInvCollPH,1104,656,00150E82,0,1,1,4294967295,0,0
oInvCollPH,1120,656,002CB757,0,1,1,4294967295,0,0
oInvCollPH,1136,656,00313418,0,1,1,4294967295,0,0
oInvCollPH,1152,656,003995CA,0,1,1,4294967295,0,0
oInvCollPH,1168,656,00383A03,0,1,1,4294967295,0,0
oInvCollPH,1184,656,00307E05,0,1,1,4294967295,0,0
oInvCollPH,1200,656,000560CE,0,1,1,4294967295,0,0
oInvCollPH,1216,656,002A1EA6,0,1,1,4294967295,0,0
oInvCollPH,1232,656,002FC1F4,0,1,1,4294967295,0,0
oInvCollPH,1248,656,0026841C,0,1,1,4294967295,0,0
oInvCollPH,1264,656,00242CB5,0,1,1,4294967295,0,0
oInvCollPH,832,256,0000D1CD,0,1,1,4294967295,0,0
oInvCollPH,832,272,0031B14B,0,1,1,4294967295,0,0
oInvCollPH,832,288,000817A2,0,1,1,4294967295,0,0
oInvCollPH,832,304,0039615E,0,1,1,4294967295,0,0
oInvCollPH,832,320,000E3A7C,0,1,1,4294967295,0,0
oInvCollPH,832,336,00401D5E,0,1,1,4294967295,0,0
oInvCollPH,832,352,00055954,0,1,1,4294967295,0,0
oInvCollPH,848,352,002028FF,0,1,1,4294967295,0,0
oInvCollPH,864,352,00257315,0,1,1,4294967295,0,0
oInvCollPH,880,352,00209F5F,0,1,1,4294967295,0,0
oInvCollPH,896,352,002661D8,0,1,1,4294967295,0,0
oInvCollPH,912,352,0007018D,0,1,1,4294967295,0,0
oInvCollPH,928,352,003BCE39,0,1,1,4294967295,0,0
oInvCollPH,944,352,0013F424,0,1,1,4294967295,0,0
oInvCollPH,960,352,00293ACC,0,1,1,4294967295,0,0
oInvCollPH,976,352,0001DD32,0,1,1,4294967295,0,0
oInvCollPH,992,352,0031A02C,0,1,1,4294967295,0,0
oInvCollPH,1008,352,001E5251,0,1,1,4294967295,0,0
oInvCollPH,832,224,003C5DC5,0,1,1,4294967295,0,0
oInvCollPH,832,208,0026AD1F,0,1,1,4294967295,0,0
oInvCollPH,832,192,000C96EA,0,1,1,4294967295,0,0
oInvCollPH,832,176,0005DBA2,0,1,1,4294967295,0,0
oInvCollPH,832,160,0001D94B,0,1,1,4294967295,0,0
oInvCollPH,928,240,001E2082,0,1,1,4294967295,0,0
oInvCollPH,944,240,003A2B41,0,1,1,4294967295,0,0
oInvCollPH,960,240,003A625E,0,1,1,4294967295,0,0
oInvCollPH,976,240,001EDD78,0,1,1,4294967295,0,0
oInvCollPH,992,240,0025CF64,0,1,1,4294967295,0,0
oInvCollPH,1008,240,003F60D0,0,1,1,4294967295,0,0
oInvCollPH,1024,224,00259ACA,0,1,1,4294967295,0,0
oInvCollPH,1040,208,001FC0BD,0,1,1,4294967295,0,0
oInvCollPH,1056,208,000AF250,0,1,1,4294967295,0,0
oInvCollPH,1072,208,00118D88,0,1,1,4294967295,0,0
oInvCollPH,1088,240,003DCE04,0,1,1,4294967295,0,0
oInvCollPH,1104,240,0017BE8C,0,1,1,4294967295,0,0
oInvCollPH,1120,240,003D3FD6,0,1,1,4294967295,0,0
oInvCollPH,1136,240,001AB58D,0,1,1,4294967295,0,0
oInvCollPH,1152,240,0035872D,0,1,1,4294967295,0,0
oInvCollPH,1168,240,0024EC00,0,1,1,4294967295,0,0
oInvCollPH,1184,240,001F8674,0,1,1,4294967295,0,0
oInvCollPH,1184,272,0000952A,0,1,1,4294967295,0,0
oInvCollPH,1184,288,0002BBE6,0,1,1,4294967295,0,0
oInvCollPH,1184,304,0019E69A,0,1,1,4294967295,0,0
oInvCollPH,1184,320,00184513,0,1,1,4294967295,0,0
oInvCollPH,1184,336,0019B7EC,0,1,1,4294967295,0,0
oInvCollPH,1184,352,003C87D7,0,1,1,4294967295,0,0
oInvCollPH,1280,256,001D24F0,0,1,1,4294967295,0,0
oInvCollPH,1344,64,00252F8D,0,1,1,4294967295,0,0
oInvCollPH,1344,80,0001699A,0,1,1,4294967295,0,0
oInvCollPH,1344,96,00209ABF,0,1,1,4294967295,0,0
oInvCollPH,1344,112,001A86CE,0,1,1,4294967295,0,0
oInvCollPH,1344,128,00125733,0,1,1,4294967295,0,0
oInvCollPH,1344,144,0017F9C5,0,1,1,4294967295,0,0
oInvCollPH,1344,160,002B0FC8,0,1,1,4294967295,0,0
oInvCollPH,1344,176,003896FF,0,1,1,4294967295,0,0
oInvCollPH,1344,192,003EC109,0,1,1,4294967295,0,0
oInvCollPH,1344,208,003FFAD1,0,1,1,4294967295,0,0
oInvCollPH,1344,224,00298ADC,0,1,1,4294967295,0,0
oInvCollPH,1280,544,000DF860,0,1,1,4294967295,0,0
oInvCollPH,1280,560,00264F91,0,1,1,4294967295,0,0
oInvCollPH,1280,576,00042338,0,1,1,4294967295,0,0
oInvCollPH,1280,592,0014BE39,0,1,1,4294967295,0,0
oInvCollPH,1280,608,0029FAB5,0,1,1,4294967295,0,0
oInvCollPH,1280,624,0001EDF2,0,1,1,4294967295,0,0
oInvCollPH,1280,640,001CC6E2,0,1,1,4294967295,0,0
oInvCollPH,1312,240,003F81F6,0,1,1,4294967295,0,0
oInvCollPH,1328,240,0008C16D,0,1,1,4294967295,0,0
oInvCollPH,64,32,0012F184,0,1,1,4294967295,0,0
oInvCollPH,80,32,00160F07,0,1,1,4294967295,0,0
oInvCollPH,96,32,003DCD9A,0,1,1,4294967295,0,0
oInvCollPH,112,32,002A97AC,0,1,1,4294967295,0,0
oInvCollPH,128,32,0007672B,0,1,1,4294967295,0,0
oInvCollPH,144,32,00370051,0,1,1,4294967295,0,0
oInvCollPH,160,32,003AB887,0,1,1,4294967295,0,0
oInvCollPH,176,32,000432B8,0,1,1,4294967295,0,0
oInvCollPH,192,32,00343CBC,0,1,1,4294967295,0,0
oInvCollPH,208,32,0007CCAB,0,1,1,4294967295,0,0
oInvCollPH,224,32,003B7A31,0,1,1,4294967295,0,0
oInvCollPH,240,32,00203159,0,1,1,4294967295,0,0
oInvCollPH,256,32,002B4845,0,1,1,4294967295,0,0
oInvCollPH,272,32,0035F62D,0,1,1,4294967295,0,0
oInvCollPH,288,32,00259400,0,1,1,4294967295,0,0
oInvCollPH,304,32,00077575,0,1,1,4294967295,0,0
oInvCollPH,320,32,000E2D04,0,1,1,4294967295,0,0
oInvCollPH,336,32,00149CB1,0,1,1,4294967295,0,0
oInvCollPH,352,32,002ABCA7,0,1,1,4294967295,0,0
oInvCollPH,368,32,0028829B,0,1,1,4294967295,0,0
oInvCollPH,384,32,0003FC16,0,1,1,4294967295,0,0
oInvCollPH,400,32,001A6C47,0,1,1,4294967295,0,0
oInvCollPH,416,32,000BD04F,0,1,1,4294967295,0,0
oInvCollPH,432,32,003479B5,0,1,1,4294967295,0,0
oInvCollPH,448,32,000F1077,0,1,1,4294967295,0,0
oInvCollPH,464,32,0039FBC2,0,1,1,4294967295,0,0
oInvCollPH,480,32,00392522,0,1,1,4294967295,0,0
oInvCollPH,496,32,00077B30,0,1,1,4294967295,0,0
oInvCollPH,512,32,000DEAF6,0,1,1,4294967295,0,0
oInvCollPH,528,32,001249C9,0,1,1,4294967295,0,0
oInvCollPH,544,32,001E077F,0,1,1,4294967295,0,0
oInvCollPH,560,32,00383617,0,1,1,4294967295,0,0
oInvCollPH,576,32,00022C5F,0,1,1,4294967295,0,0
oInvCollPH,592,32,003D893C,0,1,1,4294967295,0,0
oInvCollPH,608,32,00018525,0,1,1,4294967295,0,0
oInvCollPH,624,32,003B5393,0,1,1,4294967295,0,0
oInvCollPH,640,32,000806F0,0,1,1,4294967295,0,0
oInvCollPH,656,32,00100492,0,1,1,4294967295,0,0
oInvCollPH,672,32,002878B1,0,1,1,4294967295,0,0
oInvCollPH,688,32,00207633,0,1,1,4294967295,0,0
oInvCollPH,704,32,0039692E,0,1,1,4294967295,0,0
oInvCollPH,720,32,0037819F,0,1,1,4294967295,0,0
oInvCollPH,736,32,003F34F5,0,1,1,4294967295,0,0
oInvCollPH,752,32,00316CF7,0,1,1,4294967295,0,0
oInvCollPH,1024,32,00075F17,0,1,1,4294967295,0,0
oInvCollPH,1040,32,0026E81E,0,1,1,4294967295,0,0
oInvCollPH,1056,32,001F0438,0,1,1,4294967295,0,0
oInvCollPH,1072,32,00146AF7,0,1,1,4294967295,0,0
oInvCollPH,1088,32,00282423,0,1,1,4294967295,0,0
oInvCollPH,1104,32,00201EB6,0,1,1,4294967295,0,0
oInvCollPH,1120,32,00106516,0,1,1,4294967295,0,0
oInvCollPH,1136,32,00234533,0,1,1,4294967295,0,0
oInvCollPH,1152,32,003D3EFE,0,1,1,4294967295,0,0
oInvCollPH,1168,32,002A89DC,0,1,1,4294967295,0,0
oInvCollPH,1184,32,003CAEBD,0,1,1,4294967295,0,0
oInvCollPH,1200,32,0031634C,0,1,1,4294967295,0,0
oInvCollPH,1216,32,00359775,0,1,1,4294967295,0,0
oInvCollPH,1232,32,0021D352,0,1,1,4294967295,0,0
oInvCollPH,1248,32,0012F6F3,0,1,1,4294967295,0,0
oInvCollPH,1264,32,001436BB,0,1,1,4294967295,0,0
oInvCollPH,1280,32,0030B157,0,1,1,4294967295,0,0
oInvCollPH,1296,32,0013190E,0,1,1,4294967295,0,0
oInvCollPH,1312,32,00361C0D,0,1,1,4294967295,0,0
oInvCollPH,1328,32,000B1DAC,0,1,1,4294967295,0,0
oInvCollPH,768,32,003F911B,0,1,1,4294967295,0,0
oInvCollPH,784,32,002EB464,0,1,1,4294967295,0,0
oInvCollPH,800,32,000F42D2,0,1,1,4294967295,0,0
oInvCollPH,816,32,0034C766,0,1,1,4294967295,0,0
oInvCollPH,832,32,002E7A58,0,1,1,4294967295,0,0
oInvCollPH,848,32,00256B6F,0,1,1,4294967295,0,0
oInvCollPH,864,32,0001CE6A,0,1,1,4294967295,0,0
oInvCollPH,880,32,001237EA,0,1,1,4294967295,0,0
oInvCollPH,896,32,0013599C,0,1,1,4294967295,0,0
oInvCollPH,912,32,001A75FD,0,1,1,4294967295,0,0
oInvCollPH,928,32,003ADFCF,0,1,1,4294967295,0,0
oInvCollPH,944,32,0028B90C,0,1,1,4294967295,0,0
oInvCollPH,960,32,002A37C7,0,1,1,4294967295,0,0
oInvCollPH,976,32,001DEF9C,0,1,1,4294967295,0,0
oInvCollPH,992,32,0033ECE7,0,1,1,4294967295,0,0
oInvCollPH,1008,32,001B6AF9,0,1,1,4294967295,0,0
oInvCollPH,832,144,001AD529,0,1,1,4294967295,0,0
oInvCollPH,848,112,0038FC25,0,1,1,4294967295,0,0
oInvCollPH,864,112,000CB55D,0,1,1,4294967295,0,0
oInvCollPH,880,112,0033384F,0,1,1,4294967295,0,0
oInvCollPH,896,112,001521C2,0,1,1,4294967295,0,0
oInvCollPH,912,128,002199C5,0,1,1,4294967295,0,0
oInvCollPH,912,144,002B9AF4,0,1,1,4294967295,0,0
oInvCollPH,912,160,000D2C94,0,1,1,4294967295,0,0
oInvCollPH,912,176,003BA16C,0,1,1,4294967295,0,0
oInvCollPH,912,192,003EFA5A,0,1,1,4294967295,0,0
oInvCollPH,912,208,00287F6F,0,1,1,4294967295,0,0
oInvCollPH,912,224,000466D5,0,1,1,4294967295,0,0
oInvCollPH,1072,224,0028BE07,0,1,1,4294967295,0,0
oInvCollPH,592,608,003126B4,0,1,1,4294967295,0,0
oInvCollPH,592,624,001899AC,0,1,1,4294967295,0,0
oInvCollPH,592,640,0030E9D8,0,1,1,4294967295,0,0
oInvCollPH,592,656,002BD40F,0,1,1,4294967295,0,0
oInvCollPH,592,672,0028D50D,0,1,1,4294967295,0,0
oInvCollPH,592,688,0019A655,0,1,1,4294967295,0,0
oInvCollPH,608,688,002DDAB3,0,1,1,4294967295,0,0
oInvCollPH,608,672,00246715,0,1,1,4294967295,0,0
oInvCollPH,608,656,0020F2B5,0,1,1,4294967295,0,0
oInvCollPH,608,640,0011A33F,0,1,1,4294967295,0,0
oInvCollPH,608,624,0026BC09,0,1,1,4294967295,0,0
oInvCollPH,608,608,003B3B2B,0,1,1,4294967295,0,0
oInvCollPH,608,592,002468DC,0,1,1,4294967295,0,0
oInvCollPH,688,640,0026A805,0,1,1,4294967295,0,0
oInvCollPH,688,656,00375A8C,0,1,1,4294967295,0,0
oInvCollPH,688,672,000073FA,0,1,1,4294967295,0,0
oInvCollPH,688,688,00156458,0,1,1,4294967295,0,0
oInvCollPH,736,688,003FFB8A,0,1,1,4294967295,0,0
oInvCollPH,736,672,003FCAE0,0,1,1,4294967295,0,0
oInvCollPH,736,656,000E52C7,0,1,1,4294967295,0,0
oInvCollPH,736,640,003E8E94,0,1,1,4294967295,0,0
oInvCollPH,736,624,00353B87,0,1,1,4294967295,0,0
oInvCollPH,720,624,0014C34D,0,1,1,4294967295,0,0
oInvCollPH,816,672,00023CF0,0,1,1,4294967295,0,0
oInvCollPH,816,688,001DF855,0,1,1,4294967295,0,0
oInvCollPH,832,688,0039C29D,0,1,1,4294967295,0,0
oInvCollPH,832,672,0010417B,0,1,1,4294967295,0,0
oInvCollPH,832,656,0014A3AB,0,1,1,4294967295,0,0
oInvCollPH,832,128,0003F137,0,1,1,4294967295,0,0
oInvCollPH,912,112,0025F05C,0,1,1,4294967295,0,0
oInvCollPH,128,240,003219F8,0,1,1,4294967295,0,0
oInvCollPH,192,144,002F0C40,0,1,1,4294967295,0,0
oInvCollPH,208,112,000C2523,0,1,1,4294967295,0,0
oInvCollPH,224,128,0020AFE9,0,1,1,4294967295,0,0
oInvCollPH,240,128,0015B30D,0,1,1,4294967295,0,0
oInvCollPH,240,144,000BC55E,0,1,1,4294967295,0,0
oInvCollPH,240,160,0038C087,0,1,1,4294967295,0,0
oInvCollPH,128,224,00366D2B,0,1,1,4294967295,0,0
oInvCollPH,1296,272,003122B7,0,1,1,4294967295,0,0
oInvCollPH,1296,288,003DFA9B,0,1,1,4294967295,0,0
oInvCollPH,1296,304,003768DF,0,1,1,4294967295,0,0
oInvCollPH,1296,320,00139D98,0,1,1,4294967295,0,0
oInvCollPH,1296,336,00362ACD,0,1,1,4294967295,0,0
oInvCollPH,1296,352,00094361,0,1,1,4294967295,0,0
oInvCollPH,1296,368,00400829,0,1,1,4294967295,0,0
oInvCollPH,1296,384,00272308,0,1,1,4294967295,0,0
oInvCollPH,1296,400,0035186B,0,1,1,4294967295,0,0
oInvCollPH,1296,416,0038D4E6,0,1,1,4294967295,0,0
oInvCollPH,1296,432,0013D14F,0,1,1,4294967295,0,0
oInvCollPH,1296,448,002D5ACB,0,1,1,4294967295,0,0
oInvCollPH,1296,464,00179A66,0,1,1,4294967295,0,0
oInvCollPH,1296,480,00315490,0,1,1,4294967295,0,0
oInvCollPH,1296,496,0003D7FE,0,1,1,4294967295,0,0
oInvCollPH,1296,512,00185FB1,0,1,1,4294967295,0,0
oInvCollPH,672,256,00218BF6,0,1,1,4294967295,0,0
oInvCollPH,688,256,00206F05,0,1,1,4294967295,0,0
oInvCollPH,688,240,002DFA1A,0,1,1,4294967295,0,0
oInvCollPH,672,240,0010D9F2,0,1,1,4294967295,0,0
oInvCollPH,656,256,003028B2,0,1,1,4294967295,0,0
oInvCollPH,704,624,002821F5,0,1,1,4294967295,0,0
oInvCollPH,1024,432,0035A344,0,1,1,4294967295,0,0
oInvisibleSolid,0,48,001EFD20,0,1,1,4294967295,0,1
oInvisibleSolid,0,624,00053B63,0,1,1,4294967295,0,1
oInvisibleSolid,288,640,00009A1E,0,1,1,4294967295,0,1
oInvisibleSolid,352,624,000C0F3A,0,1,1,4294967295,0,1
oInvisibleSolid,256,496,001B6650,0,1,1,4294967295,0,1
oInvisibleSolid,0,256,0038D69D,0,1,1,4294967295,0,1
oInvisibleSolid,0,0,0018CC23,0,1,1,4294967295,0,1
oInvisibleSolid,192,208,00293C4F,0,1,1,4294967295,0,1
oInvisibleSolid,320,416,00170EFD,0,1,1,4294967295,0,1
oInvisibleSolid,512,496,003893E5,0,1,1,4294967295,0,1
oInvisibleSolid,400,240,00081F56,0,1,1,4294967295,0,1
oInvisibleSolid,0,496,002760D2,0,1,1,4294967295,0,1
oInvisibleSolid,832,240,003834ED,0,1,1,4294967295,0,1
oInvisibleSolid,960,448,0016E368,0,1,1,4294967295,0,1
oInvisibleSolid,1200,240,003EC6DE,0,1,1,4294967295,0,1
oInvisibleSolid,1280,240,0008A954,0,1,1,4294967295,0,1
oInvisibleSolid,1296,240,001B47C5,0,1,1,4294967295,0,1
oInvisibleSolid,1024,368,002EC006,0,1,1,4294967295,0,1
oInvisibleSolid,960,560,00242FAB,0,1,1,4294967295,0,1
oInvisibleSolid,1088,528,0035DA1D,0,1,1,4294967295,0,1
oInvisibleSolid,896,656,0019844A,0,1,1,4294967295,0,1
oInvisibleSolid,1024,672,00389426,0,1,1,4294967295,0,1
oInvisibleSolid,1088,656,0032F19C,0,1,1,4294967295,0,1
oInvisibleSolid,1280,528,0018B361,0,1,1,4294967295,0,1
oInvisibleSolid,832,112,001F6788,0,1,1,4294967295,0,1
oInvisibleSolid,1344,48,003E0493,0,1,1,4294967295,0,1
oInvisibleSolid,576,464,002067A9,0,1,1,4294967295,0,1
oInvisibleSolid,1024,208,000A5B9F,0,1,1,4294967295,0,1
oInvisibleSolid,592,592,001673C8,0,1,1,4294967295,0,1
oInvisibleSolid,688,624,0023F7F0,0,1,1,4294967295,0,1
oInvisibleSolid,816,656,003EF1F7,0,1,1,4294967295,0,1
oInvisibleSolid,368,384,00118BB9,0,1,1,4294967295,0,1
oInvisibleSolid,480,304,002F6251,0,1,1,4294967295,0,1
oInvisibleSolid,112,208,00186C33,0,1,1,4294967295,0,1
oInvisibleSolid,192,128,000B1F47,0,1,1,4294967295,0,1
oInvisibleSolid,192,176,00089C65,0,1,1,4294967295,0,1
oInvisibleSolid,80,240,002AC5E6,0,1,1,4294967295,0,1
oInvisibleSolid,416,192,003D429F,0,1,1,4294967295,0,1
oInvisibleSolid,512,192,0031C5BF,0,1,1,4294967295,0,1
oInvisibleSolid,416,208,000D35B7,0,1,1,4294967295,0,1
oInvisibleSolid,656,240,0011D7DD,0,1,1,4294967295,0,1
oInvisibleSolid,576,304,003BC1C7,0,1,1,4294967295,0,1
oInvisibleSolid,192,112,001D2EE1,0,1,1,4294967295,0,1
