oExit,0,240,001FBD8D,0,1,1,4294967295,0,1
oMissilePack,496,96,00033A55,0,1,1,4294967295,0,1
oEventBarrier,560,176,003EB181,0,1,1,4294967295,0,1
oEventBarrier,960,240,000E95E9,0,1,1,4294967295,0,1
oMetroidCheckpoint,448,272,001B231D,0,1,1,4294967295,0,0
oPlayer1,64,272,0017BFFE,0,1,1,4294967295,0,0
oMetroidDoorHolder,16,240,0028B151,0,1,1,4294967295,0,1
oMetChozoStatue,1568,152,000CA5E7,0,1,1,4294967295,0,1
oStoryObject,1515,176,002330FB,0,1,1,4294967295,0,1
oInvCollPH,16,272,002EB48F,0,1,1,4294967295,0,0
oInvCollPH,32,272,0035029E,0,1,1,4294967295,0,0
oInvCollPH,48,272,003D0D61,0,1,1,4294967295,0,0
oInvCollPH,64,272,0007177A,0,1,1,4294967295,0,0
oInvCollPH,80,272,002983BD,0,1,1,4294967295,0,0
oInvCollPH,96,272,0021DD17,0,1,1,4294967295,0,0
oInvCollPH,112,272,00398B85,0,1,1,4294967295,0,0
oInvCollPH,112,288,00228EF7,0,1,1,4294967295,0,0
oInvCollPH,160,208,003ACC5B,0,1,1,4294967295,0,0
oInvCollPH,176,224,002C80E6,0,1,1,4294967295,0,0
oInvCollPH,176,240,002821FC,0,1,1,4294967295,0,0
oInvCollPH,176,256,003A7FAB,0,1,1,4294967295,0,0
oInvCollPH,144,256,00349BAA,0,1,1,4294967295,0,0
oInvCollPH,144,240,001C2AB1,0,1,1,4294967295,0,0
oInvCollSM,160,272,0035F23D,0,1,1,4294967295,0,0
oInvCollSM,176,272,000AC0E0,0,1,1,4294967295,0,0
oInvCollPH,496,128,002EF358,0,1,1,4294967295,0,0
oInvCollPH,352,176,003D5A55,0,1,1,4294967295,0,0
oInvCollPH,352,192,0015BAD0,0,1,1,4294967295,0,0
oInvCollPH,352,208,003B9AAB,0,1,1,4294967295,0,0
oInvCollPH,368,208,001049B3,0,1,1,4294967295,0,0
oInvCollPH,368,192,0009D389,0,1,1,4294967295,0,0
oInvCollPH,544,80,00058DB9,0,1,1,4294967295,0,0
oInvCollPH,544,96,0029753A,0,1,1,4294967295,0,0
oInvCollPH,544,112,002C9173,0,1,1,4294967295,0,0
oInvCollPH,544,128,001E1A62,0,1,1,4294967295,0,0
oInvCollPH,560,128,002252D8,0,1,1,4294967295,0,0
oInvCollPH,560,112,002CA53E,0,1,1,4294967295,0,0
oInvCollPH,560,96,0032DDEE,0,1,1,4294967295,0,0
oInvCollPH,560,80,00066DCC,0,1,1,4294967295,0,0
oInvCollPH,560,64,00308874,0,1,1,4294967295,0,0
oInvCollPH,448,32,0008710F,0,1,1,4294967295,0,0
oInvCollPH,464,32,001F2F2E,0,1,1,4294967295,0,0
oInvCollPH,480,32,002CBCE2,0,1,1,4294967295,0,0
oInvCollPH,496,32,002745B8,0,1,1,4294967295,0,0
oInvCollPH,512,32,00401E1D,0,1,1,4294967295,0,0
oInvCollPH,528,32,00320BF1,0,1,1,4294967295,0,0
oInvCollPH,288,144,00083B66,0,1,1,4294967295,0,0
oInvCollPH,288,160,0019762C,0,1,1,4294967295,0,0
oInvCollPH,288,176,00094A83,0,1,1,4294967295,0,0
oInvCollPH,288,192,001B69C6,0,1,1,4294967295,0,0
oInvCollPH,288,208,000D7D5E,0,1,1,4294967295,0,0
oInvCollPH,304,208,0027E9D7,0,1,1,4294967295,0,0
oInvCollPH,304,192,00219ED0,0,1,1,4294967295,0,0
oInvCollPH,304,176,00199AB1,0,1,1,4294967295,0,0
oInvCollPH,304,160,00206AB5,0,1,1,4294967295,0,0
oInvCollPH,304,144,001D872A,0,1,1,4294967295,0,0
oInvCollPH,304,128,00200840,0,1,1,4294967295,0,0
oInvCollPH,384,144,003D23BA,0,1,1,4294967295,0,0
oInvCollPH,416,144,001D2CE9,0,1,1,4294967295,0,0
oInvCollPH,432,144,0009D845,0,1,1,4294967295,0,0
oInvCollPH,448,144,0032C25A,0,1,1,4294967295,0,0
oInvCollPH,464,144,003F39BF,0,1,1,4294967295,0,0
oInvCollPH,480,144,00345945,0,1,1,4294967295,0,0
oInvCollPH,512,144,0022F113,0,1,1,4294967295,0,0
oInvCollPH,528,144,002ABAA6,0,1,1,4294967295,0,0
oInvCollPH,384,176,00393F33,0,1,1,4294967295,0,0
oInvCollPH,400,160,00261340,0,1,1,4294967295,0,0
oInvCollPH,416,160,0024D72F,0,1,1,4294967295,0,0
oInvCollPH,432,160,0008B515,0,1,1,4294967295,0,0
oInvCollPH,448,160,001425CA,0,1,1,4294967295,0,0
oInvCollPH,464,160,00245807,0,1,1,4294967295,0,0
oInvCollPH,480,160,0002E946,0,1,1,4294967295,0,0
oInvCollPH,496,160,00161FA9,0,1,1,4294967295,0,0
oInvCollPH,512,160,00255AF4,0,1,1,4294967295,0,0
oInvCollPH,528,160,003D68D4,0,1,1,4294967295,0,0
oInvCollPH,544,160,001A3264,0,1,1,4294967295,0,0
oInvCollPH,560,160,003FECA0,0,1,1,4294967295,0,0
oInvCollPH,560,144,003A7748,0,1,1,4294967295,0,0
oInvCollPH,288,64,0019298D,0,1,1,4294967295,0,0
oInvCollPH,288,80,0026D465,0,1,1,4294967295,0,0
oInvCollPH,288,96,00126C54,0,1,1,4294967295,0,0
oInvCollPH,432,96,00043147,0,1,1,4294967295,0,0
oInvCollPH,432,80,00188CFE,0,1,1,4294967295,0,0
oInvCollPH,432,64,001384E3,0,1,1,4294967295,0,0
oInvCollPH,432,48,003D4157,0,1,1,4294967295,0,0
oInvCollPH,176,48,0019D731,0,1,1,4294967295,0,0
oInvCollPH,192,48,003A4930,0,1,1,4294967295,0,0
oInvCollPH,208,48,0011CBED,0,1,1,4294967295,0,0
oInvCollPH,224,48,003B5CA4,0,1,1,4294967295,0,0
oInvCollPH,240,48,002AE456,0,1,1,4294967295,0,0
oInvCollPH,256,48,003FF985,0,1,1,4294967295,0,0
oInvCollPH,272,48,000D8255,0,1,1,4294967295,0,0
oInvCollPH,160,64,0003B08A,0,1,1,4294967295,0,0
oInvCollPH,160,80,003990DF,0,1,1,4294967295,0,0
oInvCollPH,160,96,00027CF8,0,1,1,4294967295,0,0
oInvCollPH,160,112,001ED59D,0,1,1,4294967295,0,0
oInvCollPH,0,192,00182E7C,0,1,1,4294967295,0,0
oInvCollPH,16,192,003988C6,0,1,1,4294967295,0,0
oInvCollPH,32,192,00344297,0,1,1,4294967295,0,0
oInvCollPH,48,192,00301B1B,0,1,1,4294967295,0,0
oInvCollPH,64,192,002F39B7,0,1,1,4294967295,0,0
oInvCollPH,80,192,0002D756,0,1,1,4294967295,0,0
oInvCollPH,96,192,00404139,0,1,1,4294967295,0,0
oInvCollPH,112,192,002A1881,0,1,1,4294967295,0,0
oInvCollPH,128,192,00315D95,0,1,1,4294967295,0,0
oInvCollPH,160,192,003FF3D0,0,1,1,4294967295,0,0
oInvCollPH,160,176,0004DD35,0,1,1,4294967295,0,0
oInvCollPH,160,160,002A169F,0,1,1,4294967295,0,0
oInvCollPH,160,144,0039D0E2,0,1,1,4294967295,0,0
oInvCollPH,160,128,001F10B2,0,1,1,4294967295,0,0
oInvCollPH,144,304,0021E63F,0,1,1,4294967295,0,0
oInvCollPH,160,304,000F181C,0,1,1,4294967295,0,0
oInvCollPH,176,304,00317B08,0,1,1,4294967295,0,0
oInvCollPH,192,304,001FEE4C,0,1,1,4294967295,0,0
oInvCollPH,208,304,003DCDAB,0,1,1,4294967295,0,0
oInvCollPH,224,304,0021E420,0,1,1,4294967295,0,0
oInvCollPH,240,304,00121F0C,0,1,1,4294967295,0,0
oInvCollPH,256,304,0020C4DA,0,1,1,4294967295,0,0
oInvCollPH,272,304,001337A1,0,1,1,4294967295,0,0
oInvCollPH,288,304,00287D8D,0,1,1,4294967295,0,0
oInvCollPH,304,304,0008FD31,0,1,1,4294967295,0,0
oInvCollPH,320,304,00379DE6,0,1,1,4294967295,0,0
oInvCollPH,336,304,0007A629,0,1,1,4294967295,0,0
oInvCollPH,352,304,0014B084,0,1,1,4294967295,0,0
oInvCollPH,368,304,00353FCB,0,1,1,4294967295,0,0
oInvCollPH,384,304,0017987D,0,1,1,4294967295,0,0
oInvCollPH,400,304,00303768,0,1,1,4294967295,0,0
oInvCollPH,416,304,002A736B,0,1,1,4294967295,0,0
oInvCollPH,432,304,000B2672,0,1,1,4294967295,0,0
oInvCollPH,448,304,002E9037,0,1,1,4294967295,0,0
oInvCollPH,464,304,002329F3,0,1,1,4294967295,0,0
oInvCollPH,480,304,003D126A,0,1,1,4294967295,0,0
oInvCollPH,496,304,001A7251,0,1,1,4294967295,0,0
oInvCollPH,512,304,000BE5FD,0,1,1,4294967295,0,0
oInvCollPH,528,304,0034CB97,0,1,1,4294967295,0,0
oInvCollPH,544,304,00107586,0,1,1,4294967295,0,0
oInvCollPH,560,304,0001396F,0,1,1,4294967295,0,0
oInvCollPH,576,304,00290D57,0,1,1,4294967295,0,0
oInvCollPH,592,304,0013294D,0,1,1,4294967295,0,0
oInvCollPH,608,304,00162135,0,1,1,4294967295,0,0
oInvCollPH,624,304,00205F48,0,1,1,4294967295,0,0
oInvCollPH,640,304,0037CA8F,0,1,1,4294967295,0,0
oInvCollPH,656,304,001A1723,0,1,1,4294967295,0,0
oInvCollPH,672,304,002593EE,0,1,1,4294967295,0,0
oInvCollPH,688,304,002DAA36,0,1,1,4294967295,0,0
oInvCollPH,704,304,002C31B6,0,1,1,4294967295,0,0
oInvCollPH,720,304,0015A198,0,1,1,4294967295,0,0
oInvCollPH,736,304,00253D6C,0,1,1,4294967295,0,0
oInvCollPH,752,304,0030B28E,0,1,1,4294967295,0,0
oInvCollPH,768,304,0017A9AD,0,1,1,4294967295,0,0
oInvCollPH,784,304,0030E75F,0,1,1,4294967295,0,0
oInvCollPH,800,304,0019245B,0,1,1,4294967295,0,0
oInvCollPH,816,304,003DE574,0,1,1,4294967295,0,0
oInvCollPH,832,304,0026754D,0,1,1,4294967295,0,0
oInvCollPH,848,304,00127C41,0,1,1,4294967295,0,0
oInvCollPH,864,304,002CC825,0,1,1,4294967295,0,0
oInvCollPH,880,304,0033FB1D,0,1,1,4294967295,0,0
oInvCollPH,896,304,000DF610,0,1,1,4294967295,0,0
oInvCollPH,912,304,00155645,0,1,1,4294967295,0,0
oInvCollPH,928,304,002A9C03,0,1,1,4294967295,0,0
oInvCollPH,944,304,0015AD53,0,1,1,4294967295,0,0
oInvCollPH,960,304,000E8171,0,1,1,4294967295,0,0
oInvCollPH,976,304,00261072,0,1,1,4294967295,0,0
oInvCollPH,992,304,00001A92,0,1,1,4294967295,0,0
oInvCollPH,1008,304,003DB997,0,1,1,4294967295,0,0
oInvCollPH,1024,304,002C91F8,0,1,1,4294967295,0,0
oInvCollPH,1040,304,000E65F9,0,1,1,4294967295,0,0
oInvCollPH,1056,304,0011E69F,0,1,1,4294967295,0,0
oInvCollPH,1072,304,000C3671,0,1,1,4294967295,0,0
oInvCollPH,1088,304,0016B52C,0,1,1,4294967295,0,0
oInvCollPH,1104,304,002027DF,0,1,1,4294967295,0,0
oInvCollPH,1120,304,0029AC78,0,1,1,4294967295,0,0
oInvCollPH,1136,304,00206DF6,0,1,1,4294967295,0,0
oInvCollPH,1152,304,00379830,0,1,1,4294967295,0,0
oInvCollPH,1168,304,0034658E,0,1,1,4294967295,0,0
oInvCollPH,1184,304,00143532,0,1,1,4294967295,0,0
oInvCollPH,1200,304,00356A3B,0,1,1,4294967295,0,0
oInvCollPH,1216,304,000AD658,0,1,1,4294967295,0,0
oInvCollPH,1232,304,00092C61,0,1,1,4294967295,0,0
oInvCollPH,1248,304,001095A9,0,1,1,4294967295,0,0
oInvCollPH,1264,304,00188757,0,1,1,4294967295,0,0
oInvCollPH,1280,304,0026BA0B,0,1,1,4294967295,0,0
oInvCollPH,1296,304,00024BE5,0,1,1,4294967295,0,0
oInvCollPH,1312,304,00351E1F,0,1,1,4294967295,0,0
oInvCollPH,1328,304,002D3C08,0,1,1,4294967295,0,0
oInvCollSM,320,112,002C130A,0,1,1,4294967295,0,0
oInvCollSM,336,112,002C62CF,0,1,1,4294967295,0,0
oInvCollSM,352,112,000262B4,0,1,1,4294967295,0,0
oInvCollSM,368,112,0037B3FD,0,1,1,4294967295,0,0
oInvCollSM,384,112,000ADFD6,0,1,1,4294967295,0,0
oInvCollSM,400,112,0004C5DA,0,1,1,4294967295,0,0
oInvCollSM,416,112,00390A52,0,1,1,4294967295,0,0
oInvCollSM,432,112,0011E7E5,0,1,1,4294967295,0,0
oInvCollPH,576,48,00232CE9,0,1,1,4294967295,0,0
oInvCollPH,592,48,00083DF5,0,1,1,4294967295,0,0
oInvCollPH,608,48,0036200D,0,1,1,4294967295,0,0
oInvCollPH,624,48,0033DDA7,0,1,1,4294967295,0,0
oInvCollPH,640,48,0027D06E,0,1,1,4294967295,0,0
oInvCollPH,656,48,0014AB68,0,1,1,4294967295,0,0
oInvCollPH,672,48,0030A6A2,0,1,1,4294967295,0,0
oInvCollPH,688,48,002B8188,0,1,1,4294967295,0,0
oInvCollPH,704,48,001E60C4,0,1,1,4294967295,0,0
oInvCollPH,720,48,002B5AA2,0,1,1,4294967295,0,0
oInvCollPH,944,48,000CFA76,0,1,1,4294967295,0,0
oInvCollPH,928,48,002E0832,0,1,1,4294967295,0,0
oInvCollPH,912,48,0002FA5C,0,1,1,4294967295,0,0
oInvCollPH,896,48,00277F12,0,1,1,4294967295,0,0
oInvCollPH,880,48,0039A8A6,0,1,1,4294967295,0,0
oInvCollPH,864,48,000369D2,0,1,1,4294967295,0,0
oInvCollPH,848,48,001E0F23,0,1,1,4294967295,0,0
oInvCollPH,832,48,00231F0C,0,1,1,4294967295,0,0
oInvCollPH,816,48,0019D159,0,1,1,4294967295,0,0
oInvCollPH,800,48,001912A4,0,1,1,4294967295,0,0
oInvCollPH,736,48,000A9ED4,0,1,1,4294967295,0,0
oInvCollPH,752,48,0034B7C1,0,1,1,4294967295,0,0
oInvCollPH,768,48,0013C734,0,1,1,4294967295,0,0
oInvCollPH,784,48,0029B3FF,0,1,1,4294967295,0,0
oInvCollPH,1344,272,001402A6,0,1,1,4294967295,0,0
oInvCollPH,1344,288,0037760B,0,1,1,4294967295,0,0
oInvCollPH,1360,256,00154F79,0,1,1,4294967295,0,0
oInvCollPH,1376,256,00043314,0,1,1,4294967295,0,0
oInvCollPH,1392,256,0006D90B,0,1,1,4294967295,0,0
oInvCollPH,1568,96,00220238,0,1,1,4294967295,0,0
oInvCollPH,1568,112,003067DF,0,1,1,4294967295,0,0
oInvCollPH,1568,128,0034D898,0,1,1,4294967295,0,0
oInvCollPH,1568,144,000834AA,0,1,1,4294967295,0,0
oInvCollPH,1568,160,0031EB7C,0,1,1,4294967295,0,0
oInvCollPH,1568,176,001EE2D9,0,1,1,4294967295,0,0
oInvCollPH,1568,192,00340CE6,0,1,1,4294967295,0,0
oInvCollPH,1424,208,0014DBC9,0,1,1,4294967295,0,0
oInvCollPH,1440,208,0025D64D,0,1,1,4294967295,0,0
oInvCollPH,1456,208,00168B2D,0,1,1,4294967295,0,0
oInvCollPH,1472,208,00245C69,0,1,1,4294967295,0,0
oInvCollPH,1488,208,0039E672,0,1,1,4294967295,0,0
oInvCollPH,1504,208,001446F3,0,1,1,4294967295,0,0
oInvCollPH,1520,208,0021B030,0,1,1,4294967295,0,0
oInvCollPH,1536,208,002C211A,0,1,1,4294967295,0,0
oInvCollPH,1552,208,00242FEA,0,1,1,4294967295,0,0
oInvCollPH,1408,224,003711E8,0,1,1,4294967295,0,0
oInvCollPH,1408,240,0005600D,0,1,1,4294967295,0,0
oInvCollPH,1248,64,0010C525,0,1,1,4294967295,0,0
oInvCollPH,1264,64,00380DA5,0,1,1,4294967295,0,0
oInvCollPH,1280,64,0016E9E9,0,1,1,4294967295,0,0
oInvCollPH,1296,64,000CB179,0,1,1,4294967295,0,0
oInvCollPH,1312,64,0007AEEC,0,1,1,4294967295,0,0
oInvCollPH,1328,64,002BCF95,0,1,1,4294967295,0,0
oInvCollPH,1344,64,00156264,0,1,1,4294967295,0,0
oInvCollPH,1360,64,001D33FE,0,1,1,4294967295,0,0
oInvCollPH,1376,64,003D0CD6,0,1,1,4294967295,0,0
oInvCollPH,1392,64,0039B45E,0,1,1,4294967295,0,0
oInvCollPH,1552,64,001A9119,0,1,1,4294967295,0,0
oInvCollPH,1536,64,000ED907,0,1,1,4294967295,0,0
oInvCollPH,1456,64,0024B506,0,1,1,4294967295,0,0
oInvCollPH,1472,64,0002DA6D,0,1,1,4294967295,0,0
oInvCollPH,1488,64,00067793,0,1,1,4294967295,0,0
oInvCollPH,1504,64,000CF710,0,1,1,4294967295,0,0
oInvCollPH,1520,64,003B0CFB,0,1,1,4294967295,0,0
oInvCollPH,1440,64,0017B4AA,0,1,1,4294967295,0,0
oInvCollPH,1424,64,000F272A,0,1,1,4294967295,0,0
oInvCollPH,1408,64,00166202,0,1,1,4294967295,0,0
oInvCollPH,960,64,00223213,0,1,1,4294967295,0,0
oInvCollPH,960,80,001E491C,0,1,1,4294967295,0,0
oInvCollPH,960,144,00057B26,0,1,1,4294967295,0,0
oInvCollPH,960,128,00052AD5,0,1,1,4294967295,0,0
oInvCollPH,960,112,00263D8F,0,1,1,4294967295,0,0
oInvCollPH,960,96,002C9235,0,1,1,4294967295,0,0
oInvCollPH,960,160,000E423E,0,1,1,4294967295,0,0
oInvCollPH,960,176,0014FC6B,0,1,1,4294967295,0,0
oInvCollPH,960,192,003500DB,0,1,1,4294967295,0,0
oInvCollPH,960,208,0030440B,0,1,1,4294967295,0,0
oInvCollPH,960,224,002D27A4,0,1,1,4294967295,0,0
oInvCollPH,976,224,0015F70A,0,1,1,4294967295,0,0
oInvCollPH,992,224,00294C58,0,1,1,4294967295,0,0
oInvCollPH,1008,224,0007B5F1,0,1,1,4294967295,0,0
oInvCollPH,1024,224,000DFDF5,0,1,1,4294967295,0,0
oInvCollPH,1040,224,002E2794,0,1,1,4294967295,0,0
oInvCollPH,1056,224,003553CD,0,1,1,4294967295,0,0
oInvCollPH,1072,224,001C6664,0,1,1,4294967295,0,0
oInvCollPH,1088,224,000334AA,0,1,1,4294967295,0,0
oInvCollPH,1104,224,001D2597,0,1,1,4294967295,0,0
oInvCollPH,1232,224,002B9E58,0,1,1,4294967295,0,0
oInvCollPH,1216,224,0002E73C,0,1,1,4294967295,0,0
oInvCollPH,1200,224,0016C905,0,1,1,4294967295,0,0
oInvCollPH,1184,224,00394A1D,0,1,1,4294967295,0,0
oInvCollPH,1168,224,0034B0E5,0,1,1,4294967295,0,0
oInvCollPH,1152,224,0019C493,0,1,1,4294967295,0,0
oInvCollPH,1136,224,00356EC3,0,1,1,4294967295,0,0
oInvCollPH,1120,224,00007E63,0,1,1,4294967295,0,0
oInvCollPH,1232,208,00116491,0,1,1,4294967295,0,0
oInvCollPH,1232,192,0001DE09,0,1,1,4294967295,0,0
oInvCollPH,1232,176,003FCF84,0,1,1,4294967295,0,0
oInvCollPH,1232,160,002B5B24,0,1,1,4294967295,0,0
oInvCollPH,1232,144,002C2264,0,1,1,4294967295,0,0
oInvCollPH,1232,128,001C47A8,0,1,1,4294967295,0,0
oInvCollPH,1232,112,0013A7F6,0,1,1,4294967295,0,0
oInvCollPH,1232,96,0023B355,0,1,1,4294967295,0,0
oInvCollPH,1232,80,00322E43,0,1,1,4294967295,0,0
oInvisibleSolid,0,272,003B1B18,0,1,1,4294967295,0,1
oInvisibleSolid,144,208,0023D463,0,1,1,4294967295,0,1
oInvisibleSolid,144,224,0007C1AB,0,1,1,4294967295,0,1
oInvisibleSolidMorph,144,272,00157172,0,1,1,4294967295,0,1
oInvisibleSolid,1568,80,00114B50,0,1,1,4294967295,0,1
oInvisibleSolid,1248,0,00210EB7,0,1,1,4294967295,0,1
oInvisibleSolid,960,0,001E092B,0,1,1,4294967295,0,1
oInvisibleSolid,1408,208,00372E2C,0,1,1,4294967295,0,1
oInvisibleSolid,1344,256,00006520,0,1,1,4294967295,0,1
oInvisibleSolid,128,304,0010939D,0,1,1,4294967295,0,1
oInvisibleSolid,544,0,000693A6,0,1,1,4294967295,0,1
oInvisibleSolid,448,0,0026B430,0,1,1,4294967295,0,1
oInvisibleSolid,176,0,001F172E,0,1,1,4294967295,0,1
oInvisibleSolid,0,0,0001AF6D,0,1,1,4294967295,0,1
oInvisibleSolid,288,0,002E1BB7,0,1,1,4294967295,0,1
oInvisibleSolid,496,112,00006F71,0,1,1,4294967295,0,1
oInvisibleSolid,544,64,003EDE75,0,1,1,4294967295,0,1
oInvisibleSolid,400,144,000DE318,0,1,1,4294967295,0,1
oInvisibleSolid,368,144,00180864,0,1,1,4294967295,0,1
oInvisibleSolid,288,128,00183F5F,0,1,1,4294967295,0,1
oInvisibleSolidMorph,288,112,001B08AE,0,1,1,4294967295,0,1
oInvisibleSolid,352,160,002641CB,0,1,1,4294967295,0,1
