oExit,0,224,00356E4E,0,1,1,4294967295,0,1
oExit,2864,192,001FF634,0,1,1,4294967295,0,1
oZeldaBreakPot,1760,240,0026D65A,0,1,1,4294967295,0,0
oMegmet,240,240,0020346B,0,1,1,4294967295,0,0
oMegmet,336,192,002FDC87,0,1,1,4294967295,0,0
oMegmet,464,208,0030AB57,0,1,1,4294967295,0,0
oMegmet,640,176,0001F013,0,1,1,4294967295,0,0
oMegmet,1056,176,00387DAB,0,1,1,4294967295,0,0
oMegmet,1152,208,003D6169,0,1,1,4294967295,0,0
oMegmet,1408,224,0034B7CA,0,1,1,4294967295,0,0
oMegmet,1296,240,001B8AE7,0,1,1,4294967295,0,0
oMegmet,2000,32,001AF524,0,1,1,4294967295,0,0
oMegmet,2144,32,0003F0A4,0,1,1,4294967295,0,0
oMegmet,2512,240,002AD365,0,1,1,4294967295,0,0
oOctorok,616,224,002D9312,0,1,1,4294967295,0,0
oOctorok,936,256,001E2B51,0,1,1,4294967295,0,0
oOctorok,1240,224,00226711,0,1,1,4294967295,0,0
oOctorok,1640,224,0005F5F8,0,1,1,4294967295,0,0
oOctorok,1528,256,0033FFC8,0,1,1,4294967295,0,0
oOctorok,2136,256,000E1CAE,0,1,1,4294967295,0,0
oOctorok,2296,224,0026D217,0,1,1,4294967295,0,0
oOctorok,2648,256,0016A3B5,0,1,1,4294967295,0,0
oMyu,1984,64,0014A3DA,0,1,1,4294967295,0,0
oMyu,1968,256,00021F52,0,1,1,4294967295,0,0
oMyu,688,224,00354237,0,1,1,4294967295,0,0
oWolfos,1744,224,002EDEC8,0,1,1,4294967295,0,0
oPlayer1,48,256,001E01FB,0,1,1,4294967295,0,0
oInvCollPH,16,256,00345711,0,1,1,4294967295,0,0
oInvCollPH,32,256,000F1B2A,0,1,1,4294967295,0,0
oInvCollPH,48,256,003FB6F1,0,1,1,4294967295,0,0
oInvCollPH,64,256,002AB6A3,0,1,1,4294967295,0,0
oInvCollPH,80,256,00396709,0,1,1,4294967295,0,0
oInvCollPH,96,256,0026842E,0,1,1,4294967295,0,0
oInvCollPH,112,256,001DD42C,0,1,1,4294967295,0,0
oInvCollPH,128,256,0012751C,0,1,1,4294967295,0,0
oInvCollPH,144,256,0012DFCC,0,1,1,4294967295,0,0
oInvCollPH,160,256,0000F179,0,1,1,4294967295,0,0
oInvCollPH,176,256,001EF01D,0,1,1,4294967295,0,0
oInvCollPH,176,272,001DB8E2,0,1,1,4294967295,0,0
oInvCollPH,192,288,00242F80,0,1,1,4294967295,0,0
oInvCollPH,208,288,00045D13,0,1,1,4294967295,0,0
oInvCollPH,224,288,003F6C48,0,1,1,4294967295,0,0
oInvCollPH,240,288,002E07AD,0,1,1,4294967295,0,0
oInvCollPH,256,288,0007872F,0,1,1,4294967295,0,0
oInvCollPH,272,288,0021AF08,0,1,1,4294967295,0,0
oInvCollPH,384,288,003ED929,0,1,1,4294967295,0,0
oInvCollPH,400,288,00296A50,0,1,1,4294967295,0,0
oInvCollPH,416,288,002EBEB1,0,1,1,4294967295,0,0
oInvCollPH,432,288,003C902B,0,1,1,4294967295,0,0
oInvCollPH,512,288,00216193,0,1,1,4294967295,0,0
oInvCollPH,528,288,002AE9C8,0,1,1,4294967295,0,0
oInvCollPH,544,288,002ED0DF,0,1,1,4294967295,0,0
oInvCollPH,560,288,003A69D3,0,1,1,4294967295,0,0
oInvCollPH,576,288,00367D1F,0,1,1,4294967295,0,0
oInvCollPH,592,288,000F65CF,0,1,1,4294967295,0,0
oInvCollPH,288,272,00201765,0,1,1,4294967295,0,0
oInvCollPH,304,256,00280EDD,0,1,1,4294967295,0,0
oInvCollPH,320,256,000F42E9,0,1,1,4294967295,0,0
oInvCollPH,336,256,0037D480,0,1,1,4294967295,0,0
oInvCollPH,352,240,00009DE6,0,1,1,4294967295,0,0
oInvCollPH,368,224,0034C521,0,1,1,4294967295,0,0
oInvCollPH,368,240,00238A32,0,1,1,4294967295,0,0
oInvCollPH,368,256,00242B16,0,1,1,4294967295,0,0
oInvCollPH,368,272,001EEC1C,0,1,1,4294967295,0,0
oInvCollPH,448,272,001130CC,0,1,1,4294967295,0,0
oInvCollPH,464,256,002A2CD0,0,1,1,4294967295,0,0
oInvCollPH,480,256,0023C729,0,1,1,4294967295,0,0
oInvCollPH,496,256,001D8F40,0,1,1,4294967295,0,0
oInvCollPH,496,272,0013C98B,0,1,1,4294967295,0,0
oInvCollPH,608,272,0005FA71,0,1,1,4294967295,0,0
oInvCollPH,608,256,001BA7C3,0,1,1,4294967295,0,0
oInvCollPH,608,240,003675B1,0,1,1,4294967295,0,0
oInvCollPH,624,224,000D4B79,0,1,1,4294967295,0,0
oInvCollPH,640,224,002EE8E9,0,1,1,4294967295,0,0
oInvCollPH,656,224,003EE215,0,1,1,4294967295,0,0
oInvCollPH,672,224,002C03CE,0,1,1,4294967295,0,0
oInvCollPH,688,224,0010E557,0,1,1,4294967295,0,0
oInvCollPH,688,240,0010CDD6,0,1,1,4294967295,0,0
oInvCollPH,688,256,001C4A2D,0,1,1,4294967295,0,0
oInvCollPH,688,272,002FA81A,0,1,1,4294967295,0,0
oInvCollPH,704,288,003BD8B7,0,1,1,4294967295,0,0
oInvCollPH,720,288,00311EB9,0,1,1,4294967295,0,0
oInvCollPH,736,288,003D085A,0,1,1,4294967295,0,0
oInvCollPH,752,288,000CD0A7,0,1,1,4294967295,0,0
oInvCollPH,768,288,001C3E0E,0,1,1,4294967295,0,0
oInvCollPH,784,288,002DDFC8,0,1,1,4294967295,0,0
oInvCollPH,800,288,001422CA,0,1,1,4294967295,0,0
oInvCollPH,816,288,003F5495,0,1,1,4294967295,0,0
oInvCollPH,832,272,0028A6A8,0,1,1,4294967295,0,0
oInvCollPH,848,256,00091086,0,1,1,4294967295,0,0
oInvCollPH,864,256,001EC38A,0,1,1,4294967295,0,0
oInvCollPH,880,256,0022F107,0,1,1,4294967295,0,0
oInvCollPH,896,256,0001B9CD,0,1,1,4294967295,0,0
oInvCollPH,912,256,0036863E,0,1,1,4294967295,0,0
oInvCollPH,928,256,001328E1,0,1,1,4294967295,0,0
oInvCollPH,944,256,00066C78,0,1,1,4294967295,0,0
oInvCollPH,944,272,001425E2,0,1,1,4294967295,0,0
oInvCollPH,1024,240,0036F8E8,0,1,1,4294967295,0,0
oInvCollPH,1024,256,001D0D28,0,1,1,4294967295,0,0
oInvCollPH,1024,272,002D9E86,0,1,1,4294967295,0,0
oInvCollPH,1040,272,0032C046,0,1,1,4294967295,0,0
oInvCollPH,1040,256,0020237B,0,1,1,4294967295,0,0
oInvCollPH,1040,240,0028F44C,0,1,1,4294967295,0,0
oInvCollPH,1040,224,0029273E,0,1,1,4294967295,0,0
oInvCollPH,1120,272,001D5AB5,0,1,1,4294967295,0,0
oInvCollPH,1136,256,00378E0E,0,1,1,4294967295,0,0
oInvCollPH,1136,272,00188D36,0,1,1,4294967295,0,0
oInvCollPH,1216,240,0038BD42,0,1,1,4294967295,0,0
oInvCollPH,1216,256,00315732,0,1,1,4294967295,0,0
oInvCollPH,1216,272,001CAA4B,0,1,1,4294967295,0,0
oInvCollPH,1232,272,00063410,0,1,1,4294967295,0,0
oInvCollPH,1232,256,00360BB3,0,1,1,4294967295,0,0
oInvCollPH,1232,240,00108622,0,1,1,4294967295,0,0
oInvCollPH,1232,224,00101B75,0,1,1,4294967295,0,0
oInvCollPH,1312,272,000DFC03,0,1,1,4294967295,0,0
oInvCollPH,1312,256,001FB03B,0,1,1,4294967295,0,0
oInvCollPH,1312,240,0022C358,0,1,1,4294967295,0,0
oInvCollPH,1312,224,002E8578,0,1,1,4294967295,0,0
oInvCollPH,1312,208,0023D784,0,1,1,4294967295,0,0
oInvCollPH,1328,192,0024FB21,0,1,1,4294967295,0,0
oInvCollPH,1328,208,001ACE3C,0,1,1,4294967295,0,0
oInvCollPH,1328,224,000C9870,0,1,1,4294967295,0,0
oInvCollPH,1328,240,000DF913,0,1,1,4294967295,0,0
oInvCollPH,1328,256,002562ED,0,1,1,4294967295,0,0
oInvCollPH,1328,272,0003850B,0,1,1,4294967295,0,0
oInvCollPH,1440,272,0031012B,0,1,1,4294967295,0,0
oInvCollPH,1456,256,002B276A,0,1,1,4294967295,0,0
oInvCollPH,1472,256,00285D15,0,1,1,4294967295,0,0
oInvCollPH,1488,256,002060B4,0,1,1,4294967295,0,0
oInvCollPH,1504,256,0031697C,0,1,1,4294967295,0,0
oInvCollPH,1520,256,0038E67A,0,1,1,4294967295,0,0
oInvCollPH,1520,272,001EBB1D,0,1,1,4294967295,0,0
oInvCollPH,960,288,00009BB1,0,1,1,4294967295,0,0
oInvCollPH,976,288,0014EE8D,0,1,1,4294967295,0,0
oInvCollPH,992,288,0024F812,0,1,1,4294967295,0,0
oInvCollPH,1008,288,0011D231,0,1,1,4294967295,0,0
oInvCollPH,1056,288,0037DC7C,0,1,1,4294967295,0,0
oInvCollPH,1072,288,0021A391,0,1,1,4294967295,0,0
oInvCollPH,1088,288,003E395E,0,1,1,4294967295,0,0
oInvCollPH,1104,288,0032CF3B,0,1,1,4294967295,0,0
oInvCollPH,1152,288,00341A96,0,1,1,4294967295,0,0
oInvCollPH,1168,288,001139F8,0,1,1,4294967295,0,0
oInvCollPH,1184,288,002B31DB,0,1,1,4294967295,0,0
oInvCollPH,1200,288,000C63CB,0,1,1,4294967295,0,0
oInvCollPH,1248,288,00087D4D,0,1,1,4294967295,0,0
oInvCollPH,1264,288,003AA86B,0,1,1,4294967295,0,0
oInvCollPH,1280,288,00213559,0,1,1,4294967295,0,0
oInvCollPH,1296,288,002D8503,0,1,1,4294967295,0,0
oInvCollPH,1344,288,000556B1,0,1,1,4294967295,0,0
oInvCollPH,1360,288,00069CA1,0,1,1,4294967295,0,0
oInvCollPH,1376,288,001E5E23,0,1,1,4294967295,0,0
oInvCollPH,1392,288,0029638D,0,1,1,4294967295,0,0
oInvCollPH,1408,288,000E654E,0,1,1,4294967295,0,0
oInvCollPH,1424,288,0020E886,0,1,1,4294967295,0,0
oInvCollPH,1632,240,00008DA2,0,1,1,4294967295,0,0
oInvCollPH,1632,256,0027ACFB,0,1,1,4294967295,0,0
oInvCollPH,1632,272,00300993,0,1,1,4294967295,0,0
oInvCollPH,1648,224,0018A74B,0,1,1,4294967295,0,0
oInvCollPH,1664,224,00200FD6,0,1,1,4294967295,0,0
oInvCollPH,1680,224,00016172,0,1,1,4294967295,0,0
oInvCollPH,1696,224,003FFA84,0,1,1,4294967295,0,0
oInvCollPH,1712,224,0003AC34,0,1,1,4294967295,0,0
oInvCollPH,1728,224,00225253,0,1,1,4294967295,0,0
oInvCollPH,1744,224,0001CDE0,0,1,1,4294967295,0,0
oInvCollPH,1744,240,002A4AA8,0,1,1,4294967295,0,0
oInvCollPH,1776,256,0039A0C0,0,1,1,4294967295,0,0
oInvCollPH,1792,256,001031A3,0,1,1,4294967295,0,0
oInvCollPH,1808,256,002B2E05,0,1,1,4294967295,0,0
oInvCollPH,1824,256,0018D2FA,0,1,1,4294967295,0,0
oInvCollPH,1840,256,0012D97A,0,1,1,4294967295,0,0
oInvCollPH,1840,272,0002C376,0,1,1,4294967295,0,0
oInvCollPH,1536,288,00346CF3,0,1,1,4294967295,0,0
oInvCollPH,1552,288,0033BB20,0,1,1,4294967295,0,0
oInvCollPH,1568,288,002AE63C,0,1,1,4294967295,0,0
oInvCollPH,1584,288,000F777B,0,1,1,4294967295,0,0
oInvCollPH,1600,288,0002BFAC,0,1,1,4294967295,0,0
oInvCollPH,1616,288,000A2FB5,0,1,1,4294967295,0,0
oInvCollPH,1952,272,0028F421,0,1,1,4294967295,0,0
oInvCollPH,1968,256,002A3D15,0,1,1,4294967295,0,0
oInvCollPH,1984,256,00319FC7,0,1,1,4294967295,0,0
oInvCollPH,2000,256,0004EE89,0,1,1,4294967295,0,0
oInvCollPH,2000,272,0032157C,0,1,1,4294967295,0,0
oInvCollPH,2368,272,0004B5C4,0,1,1,4294967295,0,0
oInvCollPH,2384,256,000938C3,0,1,1,4294967295,0,0
oInvCollPH,2400,256,000C43BB,0,1,1,4294967295,0,0
oInvCollPH,2416,256,0029E770,0,1,1,4294967295,0,0
oInvCollPH,2416,272,0002ACCA,0,1,1,4294967295,0,0
oInvCollPH,2112,272,001E5867,0,1,1,4294967295,0,0
oInvCollPH,2128,256,0025C8A9,0,1,1,4294967295,0,0
oInvCollPH,2144,256,00003383,0,1,1,4294967295,0,0
oInvCollPH,2160,256,00275BC8,0,1,1,4294967295,0,0
oInvCollPH,2160,272,0014416A,0,1,1,4294967295,0,0
oInvCollPH,2592,272,00159937,0,1,1,4294967295,0,0
oInvCollPH,2608,256,00157ABF,0,1,1,4294967295,0,0
oInvCollPH,2624,256,0036162A,0,1,1,4294967295,0,0
oInvCollPH,2640,256,001CFB08,0,1,1,4294967295,0,0
oInvCollPH,2640,272,00245FAE,0,1,1,4294967295,0,0
oInvCollPH,2240,272,000F92D3,0,1,1,4294967295,0,0
oInvCollPH,2240,256,000C4482,0,1,1,4294967295,0,0
oInvCollPH,2240,240,00144497,0,1,1,4294967295,0,0
oInvCollPH,2256,224,00360F94,0,1,1,4294967295,0,0
oInvCollPH,2272,224,000DB89E,0,1,1,4294967295,0,0
oInvCollPH,2288,224,000B81E3,0,1,1,4294967295,0,0
oInvCollPH,2288,240,002C9977,0,1,1,4294967295,0,0
oInvCollPH,2288,256,0033AAA5,0,1,1,4294967295,0,0
oInvCollPH,2288,272,003297A7,0,1,1,4294967295,0,0
oInvCollPH,2112,80,003958C1,0,1,1,4294967295,0,0
oInvCollPH,2112,96,002DEC87,0,1,1,4294967295,0,0
oInvCollPH,2112,112,00152ADD,0,1,1,4294967295,0,0
oInvCollPH,2112,128,001100D4,0,1,1,4294967295,0,0
oInvCollPH,2112,144,000DD2D2,0,1,1,4294967295,0,0
oInvCollPH,2128,144,002B43BA,0,1,1,4294967295,0,0
oInvCollPH,2144,144,0018AC39,0,1,1,4294967295,0,0
oInvCollPH,2160,144,00394A29,0,1,1,4294967295,0,0
oInvCollPH,2160,128,0026DE7D,0,1,1,4294967295,0,0
oInvCollPH,2160,112,00163988,0,1,1,4294967295,0,0
oInvCollPH,2160,96,00289C55,0,1,1,4294967295,0,0
oInvCollPH,2160,80,00319529,0,1,1,4294967295,0,0
oInvCollPH,2160,64,001305EF,0,1,1,4294967295,0,0
oInvCollPH,2144,64,002D00E0,0,1,1,4294967295,0,0
oInvCollPH,2128,64,00076F44,0,1,1,4294967295,0,0
oInvCollPH,1952,80,00373E52,0,1,1,4294967295,0,0
oInvCollPH,1952,96,0027F360,0,1,1,4294967295,0,0
oInvCollPH,1952,112,001DD5C1,0,1,1,4294967295,0,0
oInvCollPH,1952,128,000AB45E,0,1,1,4294967295,0,0
oInvCollPH,1952,144,00010F96,0,1,1,4294967295,0,0
oInvCollPH,1968,144,002ACB1D,0,1,1,4294967295,0,0
oInvCollPH,1984,144,002D4E67,0,1,1,4294967295,0,0
oInvCollPH,2000,144,000626FF,0,1,1,4294967295,0,0
oInvCollPH,2000,128,001BB17A,0,1,1,4294967295,0,0
oInvCollPH,2000,112,0011D897,0,1,1,4294967295,0,0
oInvCollPH,2000,96,003D84C9,0,1,1,4294967295,0,0
oInvCollPH,2000,80,0031EA4C,0,1,1,4294967295,0,0
oInvCollPH,2000,64,000DBF53,0,1,1,4294967295,0,0
oInvCollPH,1984,64,001F6F5A,0,1,1,4294967295,0,0
oInvCollPH,1968,64,0020413B,0,1,1,4294967295,0,0
oInvCollPH,2752,240,003E8D08,0,1,1,4294967295,0,0
oInvCollPH,2752,256,002F0BD9,0,1,1,4294967295,0,0
oInvCollPH,2752,272,00272DCA,0,1,1,4294967295,0,0
oInvCollPH,2768,224,0001D094,0,1,1,4294967295,0,0
oInvCollPH,2784,224,0025CD64,0,1,1,4294967295,0,0
oInvCollPH,2800,224,002234BF,0,1,1,4294967295,0,0
oInvCollPH,2816,224,0012F46D,0,1,1,4294967295,0,0
oInvCollPH,2832,224,000A89CF,0,1,1,4294967295,0,0
oInvCollPH,2848,224,0010267F,0,1,1,4294967295,0,0
oInvCollPH,2864,224,003E8D4E,0,1,1,4294967295,0,0
oInvCollPH,1856,288,0008C327,0,1,1,4294967295,0,0
oInvCollPH,1872,288,00270EE3,0,1,1,4294967295,0,0
oInvCollPH,1888,288,003B2ED5,0,1,1,4294967295,0,0
oInvCollPH,1904,288,003B0906,0,1,1,4294967295,0,0
oInvCollPH,1920,288,00246DD5,0,1,1,4294967295,0,0
oInvCollPH,1936,288,00368F56,0,1,1,4294967295,0,0
oInvCollPH,2016,288,001AEAE3,0,1,1,4294967295,0,0
oInvCollPH,2032,288,0006A3F5,0,1,1,4294967295,0,0
oInvCollPH,2048,288,00087351,0,1,1,4294967295,0,0
oInvCollPH,2064,288,002D8E07,0,1,1,4294967295,0,0
oInvCollPH,2080,288,0004C456,0,1,1,4294967295,0,0
oInvCollPH,2096,288,00022A25,0,1,1,4294967295,0,0
oInvCollPH,2176,288,001B0203,0,1,1,4294967295,0,0
oInvCollPH,2192,288,000C052E,0,1,1,4294967295,0,0
oInvCollPH,2208,288,00396283,0,1,1,4294967295,0,0
oInvCollPH,2224,288,0021D69D,0,1,1,4294967295,0,0
oInvCollPH,2304,288,000D46C7,0,1,1,4294967295,0,0
oInvCollPH,2320,288,001664EE,0,1,1,4294967295,0,0
oInvCollPH,2336,288,003BA8EE,0,1,1,4294967295,0,0
oInvCollPH,2352,288,0010212F,0,1,1,4294967295,0,0
oInvCollPH,2432,288,002620B8,0,1,1,4294967295,0,0
oInvCollPH,2448,288,000F04E2,0,1,1,4294967295,0,0
oInvCollPH,2464,288,0031CC0D,0,1,1,4294967295,0,0
oInvCollPH,2480,288,00389F20,0,1,1,4294967295,0,0
oInvCollPH,2496,288,000D5BDB,0,1,1,4294967295,0,0
oInvCollPH,2512,288,0001E65C,0,1,1,4294967295,0,0
oInvCollPH,2528,288,0016C5F2,0,1,1,4294967295,0,0
oInvCollPH,2544,288,002E00DC,0,1,1,4294967295,0,0
oInvCollPH,2560,288,003021A2,0,1,1,4294967295,0,0
oInvCollPH,2576,288,003F1D2A,0,1,1,4294967295,0,0
oInvCollPH,2656,288,001AECFF,0,1,1,4294967295,0,0
oInvCollPH,2672,288,0038A582,0,1,1,4294967295,0,0
oInvCollPH,2688,288,001B55B0,0,1,1,4294967295,0,0
oInvCollPH,2704,288,00328424,0,1,1,4294967295,0,0
oInvCollPH,2720,288,001C57AE,0,1,1,4294967295,0,0
oInvCollPH,2736,288,001E2565,0,1,1,4294967295,0,0
oInvisibleSolid,0,256,0024605D,0,1,1,4294967295,0,1
oInvisibleSolid,0,288,0005D081,0,1,1,4294967295,0,1
oInvisibleSolid,448,256,001C3767,0,1,1,4294967295,0,1
oInvisibleSolid,608,224,00344542,0,1,1,4294967295,0,1
oInvisibleSolid,288,256,000E5160,0,1,1,4294967295,0,1
oInvisibleSolid,352,224,00075235,0,1,1,4294967295,0,1
oInvisibleSolid,832,256,0032BBF0,0,1,1,4294967295,0,1
oInvisibleSolid,1024,224,00221290,0,1,1,4294967295,0,1
oInvisibleSolid,1120,256,0028B134,0,1,1,4294967295,0,1
oInvisibleSolid,1216,224,00129EFE,0,1,1,4294967295,0,1
oInvisibleSolid,1312,192,00110BD4,0,1,1,4294967295,0,1
oInvisibleSolid,1440,256,0031A5F8,0,1,1,4294967295,0,1
oInvisibleSolid,1952,64,002336F1,0,1,1,4294967295,0,1
oInvisibleSolid,1952,256,00151557,0,1,1,4294967295,0,1
oInvisibleSolid,2112,256,002169E3,0,1,1,4294967295,0,1
oInvisibleSolid,2112,64,00044F6C,0,1,1,4294967295,0,1
oInvisibleSolid,2240,224,002A5FED,0,1,1,4294967295,0,1
oInvisibleSolid,2368,256,002EAF7D,0,1,1,4294967295,0,1
oInvisibleSolid,2592,256,003EA987,0,1,1,4294967295,0,1
oInvisibleSolid,2752,224,003CB0A6,0,1,1,4294967295,0,1
oInvisibleSolid,1632,224,001E92B0,0,1,1,4294967295,0,1
oInvisibleSolid,1760,256,000454BB,0,1,1,4294967295,0,1
oSandCrawlerSpawner,192,272,00200609,0,1,1,4294967295,0,1
