oExit,0,784,001FE1BD,0,1,1,4294967295,0,1
oG6Organ,240,816,0036141E,0,1,1,4294967295,0,0
oTriviaLord,336,816,0000946A,0,1,1,4294967295,0,1
oPlayer1,48,816,002F3CB1,0,1,1,4294967295,0,0
oInvCollPH,16,816,0030724C,0,1,1,4294967295,0,0
oInvCollPH,32,816,00254BCD,0,1,1,4294967295,0,0
oInvCollPH,48,816,002997DE,0,1,1,4294967295,0,0
oInvCollPH,64,816,002E544D,0,1,1,4294967295,0,0
oInvCollPH,80,816,001C1989,0,1,1,4294967295,0,0
oInvCollPH,96,816,00013DAE,0,1,1,4294967295,0,0
oInvCollPH,112,816,000F371D,0,1,1,4294967295,0,0
oInvCollPH,128,816,0028E5BA,0,1,1,4294967295,0,0
oInvCollPH,144,816,0016225A,0,1,1,4294967295,0,0
oInvCollPH,160,816,001B5A65,0,1,1,4294967295,0,0
oInvCollPH,176,816,002EC36D,0,1,1,4294967295,0,0
oInvCollPH,192,816,003BD054,0,1,1,4294967295,0,0
oInvCollPH,208,816,002EC0A2,0,1,1,4294967295,0,0
oInvCollPH,224,816,001CCEA0,0,1,1,4294967295,0,0
oInvCollPH,256,816,00083BEE,0,1,1,4294967295,0,0
oInvCollPH,272,816,0007776D,0,1,1,4294967295,0,0
oInvCollPH,288,816,0012E983,0,1,1,4294967295,0,0
oInvCollPH,304,816,0006B051,0,1,1,4294967295,0,0
oInvCollPH,320,816,002A1324,0,1,1,4294967295,0,0
oInvCollPH,336,816,002BCBA6,0,1,1,4294967295,0,0
oInvCollPH,352,816,0011B884,0,1,1,4294967295,0,0
oInvCollPH,368,816,000FC91D,0,1,1,4294967295,0,0
oInvCollPH,384,816,003448B5,0,1,1,4294967295,0,0
oInvCollPH,400,816,00088BD9,0,1,1,4294967295,0,0
oInvCollPH,64,48,00353CBD,0,1,1,4294967295,0,0
oInvCollPH,48,240,00210EAD,0,1,1,4294967295,0,0
oInvCollPH,48,224,00372793,0,1,1,4294967295,0,0
oInvCollPH,48,208,002E10E6,0,1,1,4294967295,0,0
oInvCollPH,48,144,0034C88F,0,1,1,4294967295,0,0
oInvCollPH,48,112,000DBC3E,0,1,1,4294967295,0,0
oInvCollPH,48,128,0036014B,0,1,1,4294967295,0,0
oInvCollPH,48,160,00071586,0,1,1,4294967295,0,0
oInvCollPH,48,176,001F9EFE,0,1,1,4294967295,0,0
oInvCollPH,48,192,00219C52,0,1,1,4294967295,0,0
oInvCollPH,416,64,00177372,0,1,1,4294967295,0,0
oInvCollPH,416,80,0028FDD6,0,1,1,4294967295,0,0
oInvCollPH,416,96,002D3D7C,0,1,1,4294967295,0,0
oInvCollPH,416,112,001A5111,0,1,1,4294967295,0,0
oInvCollPH,416,128,00337B44,0,1,1,4294967295,0,0
oInvCollPH,416,144,0016EE9B,0,1,1,4294967295,0,0
oInvCollPH,416,160,003465CC,0,1,1,4294967295,0,0
oInvCollPH,416,176,000B3E7C,0,1,1,4294967295,0,0
oInvCollPH,416,192,000E496B,0,1,1,4294967295,0,0
oInvCollPH,416,208,00200810,0,1,1,4294967295,0,0
oInvCollPH,416,224,0013FE9F,0,1,1,4294967295,0,0
oInvCollPH,416,240,003E0A0A,0,1,1,4294967295,0,0
oInvCollPH,48,256,00251BF5,0,1,1,4294967295,0,0
oInvCollPH,48,272,00231DA7,0,1,1,4294967295,0,0
oInvCollPH,48,288,000B879B,0,1,1,4294967295,0,0
oInvCollPH,48,304,00319EAC,0,1,1,4294967295,0,0
oInvCollPH,48,320,00239678,0,1,1,4294967295,0,0
oInvCollPH,48,336,000E325C,0,1,1,4294967295,0,0
oInvCollPH,48,352,003B43F2,0,1,1,4294967295,0,0
oInvCollPH,48,368,00172B4E,0,1,1,4294967295,0,0
oInvCollPH,48,384,000052DA,0,1,1,4294967295,0,0
oInvCollPH,48,400,002BCB25,0,1,1,4294967295,0,0
oInvCollPH,48,416,001EFC31,0,1,1,4294967295,0,0
oInvCollPH,48,432,000F2A8B,0,1,1,4294967295,0,0
oInvCollPH,48,448,003C48B9,0,1,1,4294967295,0,0
oInvCollPH,48,464,00112363,0,1,1,4294967295,0,0
oInvCollPH,48,480,0002DAB9,0,1,1,4294967295,0,0
oInvCollPH,48,496,00028987,0,1,1,4294967295,0,0
oInvCollPH,48,512,003EF2C5,0,1,1,4294967295,0,0
oInvCollPH,48,528,003B2247,0,1,1,4294967295,0,0
oInvCollPH,48,544,000B63E5,0,1,1,4294967295,0,0
oInvCollPH,48,560,000DB106,0,1,1,4294967295,0,0
oInvCollPH,48,576,0012887F,0,1,1,4294967295,0,0
oInvCollPH,48,592,0008FE96,0,1,1,4294967295,0,0
oInvCollPH,48,608,003FA2E3,0,1,1,4294967295,0,0
oInvCollPH,48,624,00226DD0,0,1,1,4294967295,0,0
oInvCollPH,48,640,002AD626,0,1,1,4294967295,0,0
oInvCollPH,48,656,000DBFCD,0,1,1,4294967295,0,0
oInvCollPH,48,672,00047855,0,1,1,4294967295,0,0
oInvCollPH,48,688,001C678C,0,1,1,4294967295,0,0
oInvCollPH,48,704,0022B7DA,0,1,1,4294967295,0,0
oInvCollPH,48,720,0012D5AB,0,1,1,4294967295,0,0
oInvCollPH,48,736,0000D962,0,1,1,4294967295,0,0
oInvCollPH,32,736,003854AF,0,1,1,4294967295,0,0
oInvCollPH,16,736,000AFA11,0,1,1,4294967295,0,0
oInvCollPH,0,736,00083AF9,0,1,1,4294967295,0,0
oInvCollPH,416,256,00230D89,0,1,1,4294967295,0,0
oInvCollPH,416,272,00040A34,0,1,1,4294967295,0,0
oInvCollPH,416,288,001C3D7D,0,1,1,4294967295,0,0
oInvCollPH,416,304,002BC866,0,1,1,4294967295,0,0
oInvCollPH,416,320,0000DCE8,0,1,1,4294967295,0,0
oInvCollPH,416,336,000B28B3,0,1,1,4294967295,0,0
oInvCollPH,416,352,00083F33,0,1,1,4294967295,0,0
oInvCollPH,416,368,000E53C1,0,1,1,4294967295,0,0
oInvCollPH,416,384,00140426,0,1,1,4294967295,0,0
oInvCollPH,416,400,00087767,0,1,1,4294967295,0,0
oInvCollPH,416,416,00381690,0,1,1,4294967295,0,0
oInvCollPH,416,432,0031C4C0,0,1,1,4294967295,0,0
oInvCollPH,416,448,0021CFFF,0,1,1,4294967295,0,0
oInvCollPH,416,464,0002101C,0,1,1,4294967295,0,0
oInvCollPH,416,480,000CED6C,0,1,1,4294967295,0,0
oInvCollPH,416,496,0000270E,0,1,1,4294967295,0,0
oInvCollPH,416,512,0036E914,0,1,1,4294967295,0,0
oInvCollPH,416,528,003ACDF3,0,1,1,4294967295,0,0
oInvCollPH,416,544,0015F240,0,1,1,4294967295,0,0
oInvCollPH,416,560,003BC955,0,1,1,4294967295,0,0
oInvCollPH,416,576,0025C66F,0,1,1,4294967295,0,0
oInvCollPH,416,592,00384582,0,1,1,4294967295,0,0
oInvCollPH,416,608,002D88B5,0,1,1,4294967295,0,0
oInvCollPH,416,624,00046179,0,1,1,4294967295,0,0
oInvCollPH,416,640,000D96FB,0,1,1,4294967295,0,0
oInvCollPH,416,656,002FFB28,0,1,1,4294967295,0,0
oInvCollPH,416,672,00100CC7,0,1,1,4294967295,0,0
oInvCollPH,416,688,00355540,0,1,1,4294967295,0,0
oInvCollPH,416,704,003AC160,0,1,1,4294967295,0,0
oInvCollPH,416,720,0035A822,0,1,1,4294967295,0,0
oInvCollPH,416,736,000479DA,0,1,1,4294967295,0,0
oInvCollPH,416,752,00159F78,0,1,1,4294967295,0,0
oInvCollPH,416,768,0003921D,0,1,1,4294967295,0,0
oInvCollPH,416,784,001CD7AD,0,1,1,4294967295,0,0
oInvCollPH,416,800,00003020,0,1,1,4294967295,0,0
oInvCollPH,48,96,003EB37C,0,1,1,4294967295,0,0
oInvCollPH,48,80,001913B8,0,1,1,4294967295,0,0
oInvCollPH,48,64,000CDAFF,0,1,1,4294967295,0,0
oInvCollPH,80,48,0003E741,0,1,1,4294967295,0,0
oInvCollPH,96,48,00146162,0,1,1,4294967295,0,0
oInvCollPH,112,48,0005D69B,0,1,1,4294967295,0,0
oInvCollPH,128,48,00142F30,0,1,1,4294967295,0,0
oInvCollPH,144,48,00102C06,0,1,1,4294967295,0,0
oInvCollPH,160,48,00381A6F,0,1,1,4294967295,0,0
oInvCollPH,176,48,001D4BA0,0,1,1,4294967295,0,0
oInvCollPH,192,48,0030FAB0,0,1,1,4294967295,0,0
oInvCollPH,208,48,0029C777,0,1,1,4294967295,0,0
oInvCollPH,224,48,003DBE08,0,1,1,4294967295,0,0
oInvCollPH,240,48,00232F44,0,1,1,4294967295,0,0
oInvCollPH,256,48,0013AEFB,0,1,1,4294967295,0,0
oInvCollPH,272,48,002FF93A,0,1,1,4294967295,0,0
oInvCollPH,288,48,00028C85,0,1,1,4294967295,0,0
oInvCollPH,304,48,0022944A,0,1,1,4294967295,0,0
oInvCollPH,320,48,0011B926,0,1,1,4294967295,0,0
oInvCollPH,336,48,00390061,0,1,1,4294967295,0,0
oInvCollPH,352,48,001C715D,0,1,1,4294967295,0,0
oInvCollPH,368,48,00099BCD,0,1,1,4294967295,0,0
oInvCollPH,384,48,000F34D3,0,1,1,4294967295,0,0
oInvCollPH,400,48,00027457,0,1,1,4294967295,0,0
oInvCollPH,240,816,003C1769,0,1,1,4294967295,0,0
oInvisibleSolid,0,816,0024677F,0,1,1,4294967295,0,1
oInvisibleSolid,64,0,000FE3EE,0,1,1,4294967295,0,1
oInvisibleSolid,0,0,001DFFC0,0,1,1,4294967295,0,1
oInvisibleSolid,416,0,003D6649,0,1,1,4294967295,0,1
