oExit,464,224,000DB3B7,0,1,1,4294967295,0,1
oVaultGate,32,144,00097A9F,0,1,1,4294967295,0,0
oAccessGate,288,64,0022FAC6,0,1,1,4294967295,0,1
oPlayer1,432,256,0008E463,0,1,1,4294967295,0,0
oInvCollPH,464,128,00158CC2,0,1,1,4294967295,0,0
oInvCollPH,16,112,0024602F,0,1,1,4294967295,0,0
oInvCollPH,16,128,0031EFD7,0,1,1,4294967295,0,0
oInvCollPH,16,144,00209D7F,0,1,1,4294967295,0,0
oInvCollPH,16,160,002E7D84,0,1,1,4294967295,0,0
oInvCollPH,16,176,0032F385,0,1,1,4294967295,0,0
oInvCollPH,16,192,000D8A72,0,1,1,4294967295,0,0
oInvCollPH,352,32,0020A07D,0,1,1,4294967295,0,0
oInvCollPH,352,48,00226DE1,0,1,1,4294967295,0,0
oInvCollPH,352,64,000C17DA,0,1,1,4294967295,0,0
oInvCollPH,352,80,000F4FCE,0,1,1,4294967295,0,0
oInvCollPH,352,96,0033BFF9,0,1,1,4294967295,0,0
oInvCollPH,336,144,0017A2CC,0,1,1,4294967295,0,0
oInvCollPH,384,112,00337F70,0,1,1,4294967295,0,0
oInvCollPH,400,112,000DBA8B,0,1,1,4294967295,0,0
oInvCollPH,96,16,001E4202,0,1,1,4294967295,0,0
oInvCollPH,112,16,00351F1F,0,1,1,4294967295,0,0
oInvCollPH,128,16,002BAF0A,0,1,1,4294967295,0,0
oInvCollPH,144,16,000C6E37,0,1,1,4294967295,0,0
oInvCollPH,160,16,00281046,0,1,1,4294967295,0,0
oInvCollPH,176,16,001BE450,0,1,1,4294967295,0,0
oInvCollPH,192,16,00352395,0,1,1,4294967295,0,0
oInvCollPH,208,16,003A340F,0,1,1,4294967295,0,0
oInvCollPH,224,16,000D849F,0,1,1,4294967295,0,0
oInvCollPH,240,16,000E22A7,0,1,1,4294967295,0,0
oInvCollPH,336,16,00268B51,0,1,1,4294967295,0,0
oInvCollPH,320,16,003BBFDF,0,1,1,4294967295,0,0
oInvCollPH,304,16,00368F12,0,1,1,4294967295,0,0
oInvCollPH,288,16,0027514B,0,1,1,4294967295,0,0
oInvCollPH,272,16,002667D0,0,1,1,4294967295,0,0
oInvCollPH,256,16,0014D307,0,1,1,4294967295,0,0
oInvCollPH,80,32,0039A7D8,0,1,1,4294967295,0,0
oInvCollPH,80,48,001EF0FB,0,1,1,4294967295,0,0
oInvCollPH,80,64,00158A41,0,1,1,4294967295,0,0
oInvCollPH,80,80,000BCBC0,0,1,1,4294967295,0,0
oInvCollPH,80,96,000B8D1F,0,1,1,4294967295,0,0
oInvCollPH,64,96,001D9098,0,1,1,4294967295,0,0
oInvCollPH,48,96,00101647,0,1,1,4294967295,0,0
oInvCollPH,32,96,003764B2,0,1,1,4294967295,0,0
oInvCollPH,32,208,000281A6,0,1,1,4294967295,0,0
oInvCollPH,48,208,0038607B,0,1,1,4294967295,0,0
oInvCollPH,64,208,00360721,0,1,1,4294967295,0,0
oInvCollPH,80,208,00363319,0,1,1,4294967295,0,0
oInvCollPH,128,224,00289600,0,1,1,4294967295,0,0
oInvCollPH,144,224,003C2E53,0,1,1,4294967295,0,0
oInvCollPH,192,240,003EC9C1,0,1,1,4294967295,0,0
oInvCollPH,208,240,002012FD,0,1,1,4294967295,0,0
oInvCollPH,256,256,00296F46,0,1,1,4294967295,0,0
oInvCollPH,272,256,003F4EDD,0,1,1,4294967295,0,0
oInvCollPH,288,256,002C679F,0,1,1,4294967295,0,0
oInvCollPH,304,256,000D8FBF,0,1,1,4294967295,0,0
oInvCollPH,320,256,0036F115,0,1,1,4294967295,0,0
oInvCollPH,336,256,003F8784,0,1,1,4294967295,0,0
oInvCollPH,352,256,003F2BF4,0,1,1,4294967295,0,0
oInvCollPH,368,256,0026734C,0,1,1,4294967295,0,0
oInvCollPH,384,256,000C9ED9,0,1,1,4294967295,0,0
oInvCollPH,400,256,00247811,0,1,1,4294967295,0,0
oInvCollPH,416,256,001CB4C4,0,1,1,4294967295,0,0
oInvCollPH,432,256,00355C3C,0,1,1,4294967295,0,0
oInvCollPH,448,256,001129B2,0,1,1,4294967295,0,0
oInvCollPH,464,256,000D686D,0,1,1,4294967295,0,0
oInvCollPH,352,112,0030CF6E,0,1,1,4294967295,0,0
oInvCollPH,368,128,0010D1FE,0,1,1,4294967295,0,0
oInvCollPH,368,144,001C2CFF,0,1,1,4294967295,0,0
oInvCollPH,352,144,00209958,0,1,1,4294967295,0,0
oInvCollPH,336,128,00155477,0,1,1,4294967295,0,0
oInvCollPH,320,128,003822CA,0,1,1,4294967295,0,0
oInvCollPH,304,128,003FFA69,0,1,1,4294967295,0,0
oInvCollPH,288,144,00236793,0,1,1,4294967295,0,0
oInvCollPH,304,144,002AE262,0,1,1,4294967295,0,0
oInvCollPH,320,144,003EBA03,0,1,1,4294967295,0,0
oInvisibleLupLowSlope,96,208,0033C1B9,0,1,1,4294967295,0,1
oInvisibleLupLowSlope,160,224,000E68C8,0,1,1,4294967295,0,1
oInvisibleLupLowSlope,224,240,000607F0,0,1,1,4294967295,0,1
oInvisibleRCeilingLowSlope,416,128,0028A5C0,0,1,1,4294967295,0,0
oInvisibleSolid,96,224,000707D5,0,1,1,4294967295,0,1
oInvisibleSolid,160,240,0035873A,0,1,1,4294967295,0,1
oInvisibleSolid,224,256,001E576F,0,1,1,4294967295,0,1
oInvisibleSolid,448,128,002C2F18,0,1,1,4294967295,0,1
oInvisibleSolid,352,0,0029365E,0,1,1,4294967295,0,1
oInvisibleSolid,288,128,003D8D5A,0,1,1,4294967295,0,1
oInvisibleSolid,96,0,0015CF5B,0,1,1,4294967295,0,1
oInvisibleSolid,0,0,0033BC6E,0,1,1,4294967295,0,1
oInvisibleSolid,0,112,003DCA8E,0,1,1,4294967295,0,1
oInvisibleSolid,0,208,0016FBE4,0,1,1,4294967295,0,1
oVaultFingers,96,112,0000EC9C,0,1,1,4294967295,0,1
oVaultDoorEf,0,80,001FEAC4,0,1,1,4294967295,0,0
