oExit,168,224,00170FF8,0,1,1,4294967295,0,1
oMarioBreakBlock,544,112,003EEE98,0,1,1,4294967295,0,0
oMarioBreakBlock,560,112,0026D13F,0,1,1,4294967295,0,0
oMarioBreakBlock,576,112,0027C7BC,0,1,1,4294967295,0,0
oMarioBreakBlock,592,112,0030E972,0,1,1,4294967295,0,0
oMarioBreakBlock,608,112,000803C1,0,1,1,4294967295,0,0
oMarioBreakBlock,624,112,00032556,0,1,1,4294967295,0,0
oMarioBreakBlock,576,176,002903C6,0,1,1,4294967295,0,0
oMarioBreakBlock,592,176,00385381,0,1,1,4294967295,0,0
oMarioBreakBlock,608,176,0003058E,0,1,1,4294967295,0,0
oMarioBreakBlock,624,176,0028BC3A,0,1,1,4294967295,0,0
oMarioBreakBlock,608,240,0029FE40,0,1,1,4294967295,0,0
oMarioBreakBlock,624,240,002284D9,0,1,1,4294967295,0,0
oMarioCastleBlock,1152,288,003AB9AC,0,1,1,4294967295,0,1
oMarioCastleBlock,1280,240,003EEF4F,0,1,1,4294967295,0,1
oMarioRBblock,464,224,001BDFEC,0,1,1,4294967295,0,0
oMarioRBblock,736,240,002A99F1,0,1,1,4294967295,0,0
oMarioCastleBlock,1376,240,001C6D36,0,1,1,4294967295,0,1
oMarioRBblock,1352,152,0001820F,0,1,1,4294967295,0,0
oMarioCastleBlock,1504,256,000AD038,0,1,1,4294967295,0,1
oMarioCastleBlock,2016,224,001BD554,0,1,1,4294967295,0,1
oMarioCastleBlock,2112,128,001D014C,0,1,1,4294967295,0,1
oMarioCastleBlock,2208,96,000D999E,0,1,1,4294967295,0,1
oMarioRBblock,1864,168,00265D9C,0,1,1,4294967295,0,0
oMarioRBblock,2048,144,00387C13,0,1,1,4294967295,0,0
oMarioRBblock,2568,104,00206A80,0,1,1,4294967295,0,0
oMarioRBblock,3072,144,000A11C5,0,1,1,4294967295,0,0
oMarioQBlock,3632,176,0020B950,0,1,1,4294967295,0,1
oMarioQBlock,3616,176,0014395A,0,1,1,4294967295,0,1
oMarioCastleBlock,3264,272,0030D40E,0,1,1,4294967295,0,1
oMarioCastleBlock,3136,272,0014C755,0,1,1,4294967295,0,1
oMarioCastleBlock,3008,160,0016387D,0,1,1,4294967295,0,1
oMarioCastleBlock,2912,160,00124399,0,1,1,4294967295,0,1
oMarioCastleBlock,2848,176,00189516,0,1,1,4294967295,0,1
oMarioCastleBlock,2816,176,0021E7F1,0,1,1,4294967295,0,1
oMarioCastleBlock,2752,192,00390534,0,1,1,4294967295,0,1
oExit,3560,176,003C5C4B,0,1,1,4294967295,0,1
oMarioRBblock,2128,48,000860F0,0,1,1,4294967295,0,0
oRedMBlock,480,256,00135F32,0,1,1,4294967295,0,0
oRedMBlock,480,272,0010E710,0,1,1,4294967295,0,0
oRedMBlock,480,288,0001A249,0,1,1,4294967295,0,0
oBlueMBlock,640,32,003E6B10,0,1,1,4294967295,0,0
oBlueMBlock,640,48,001AE6FE,0,1,1,4294967295,0,0
oBlueMBlock,640,64,00315ACC,0,1,1,4294967295,0,0
oBlueMBlock,640,80,0039BB4E,0,1,1,4294967295,0,0
oBlueMBlock,640,96,003615B7,0,1,1,4294967295,0,0
oBlueMBlock,1440,304,0008343D,0,1,1,4294967295,0,0
oBlueMBlock,1440,288,000DE58D,0,1,1,4294967295,0,0
oBlueMBlock,1440,272,000F1E3F,0,1,1,4294967295,0,0
oBlueMBlock,1440,256,003A59BA,0,1,1,4294967295,0,0
oBlueMBlock,1440,240,003945D6,0,1,1,4294967295,0,0
oBlueMBlock,1440,224,0034E071,0,1,1,4294967295,0,0
oBlueMBlock,1440,208,00181291,0,1,1,4294967295,0,0
oBlueMBlock,1440,192,003C319E,0,1,1,4294967295,0,0
oBlueMBlock,1440,176,002B5E5E,0,1,1,4294967295,0,0
oBlueMBlock,1440,160,0036002C,0,1,1,4294967295,0,0
oBlueMBlock,1440,144,001C8F70,0,1,1,4294967295,0,0
oBlueMBlock,1440,128,0028C0B1,0,1,1,4294967295,0,0
oBlueMBlock,1440,112,00059F2A,0,1,1,4294967295,0,0
oBlueMBlock,1440,96,001C69AA,0,1,1,4294967295,0,0
oBlueMBlock,1440,80,002D9E58,0,1,1,4294967295,0,0
oBlueMBlock,1440,64,0004481A,0,1,1,4294967295,0,0
oRedMBlock,1936,192,003AD244,0,1,1,4294967295,0,0
oRedMBlock,1936,208,00255F4C,0,1,1,4294967295,0,0
oRedMBlock,1936,224,0033D779,0,1,1,4294967295,0,0
oRedMBlock,1936,240,00214B54,0,1,1,4294967295,0,0
oRedMBlock,1936,256,0036735B,0,1,1,4294967295,0,0
oBlueMBlock,1952,144,003433B6,0,1,1,4294967295,0,0
oBlueMBlock,1968,144,0032778B,0,1,1,4294967295,0,0
oBlueMBlock,1968,128,001961B1,0,1,1,4294967295,0,0
oBlueMBlock,1952,128,001C762C,0,1,1,4294967295,0,0
oBlueMBlock,1984,272,0013B1BF,0,1,1,4294967295,0,0
oBlueMBlock,2000,272,0008B4E8,0,1,1,4294967295,0,0
oBlueMBlock,2432,192,0002965D,0,1,1,4294967295,0,0
oBlueMBlock,2448,192,0028B66A,0,1,1,4294967295,0,0
oBlueMBlock,2464,192,00238CE2,0,1,1,4294967295,0,0
oBlueMBlock,2480,192,000DD8A2,0,1,1,4294967295,0,0
oBlueMBlock,2496,192,00242B78,0,1,1,4294967295,0,0
oBlueMBlock,2512,192,0013BDA7,0,1,1,4294967295,0,0
oBlueMBlock,2528,192,001E41E7,0,1,1,4294967295,0,0
oBlueMBlock,2544,192,00307EE0,0,1,1,4294967295,0,0
oRedMBlock,2592,192,0002B10F,0,1,1,4294967295,0,0
oRedMBlock,2608,192,0031C664,0,1,1,4294967295,0,0
oRedMBlock,2624,192,003B2967,0,1,1,4294967295,0,0
oRedMBlock,2640,192,0016C5C0,0,1,1,4294967295,0,0
oRedMBlock,2656,192,002E3F9D,0,1,1,4294967295,0,0
oRedMBlock,2672,192,000A3D0C,0,1,1,4294967295,0,0
oRedMBlock,2688,192,0036C289,0,1,1,4294967295,0,0
oRedMBlock,2704,192,000A2F67,0,1,1,4294967295,0,0
oBlueMBlock,2704,80,00023C66,0,1,1,4294967295,0,0
oBlueMBlock,2704,96,0000FD2F,0,1,1,4294967295,0,0
oBlueMBlock,2704,112,00248C09,0,1,1,4294967295,0,0
oBlueMBlock,2704,128,000740EE,0,1,1,4294967295,0,0
oBlueMBlock,2704,144,00277C9B,0,1,1,4294967295,0,0
oBlueMBlock,2704,160,002DB9BF,0,1,1,4294967295,0,0
oBlueMBlock,2704,176,003643F0,0,1,1,4294967295,0,0
oRedMBlock,3232,80,001F6A94,0,1,1,4294967295,0,0
oRedMBlock,3232,96,0024F534,0,1,1,4294967295,0,0
oRedMBlock,3232,112,0018B504,0,1,1,4294967295,0,0
oRedMBlock,3232,128,003863E7,0,1,1,4294967295,0,0
oRedMBlock,3232,144,0025F615,0,1,1,4294967295,0,0
oRedMBlock,3232,160,003037F8,0,1,1,4294967295,0,0
oRedMBlock,3232,176,0020A2BE,0,1,1,4294967295,0,0
oRedMBlock,3232,192,00145167,0,1,1,4294967295,0,0
oRedMBlock,3232,208,0034B5AA,0,1,1,4294967295,0,0
oRedMBlock,3232,224,002CDC4E,0,1,1,4294967295,0,0
oRedMBlock,3232,240,0017BF58,0,1,1,4294967295,0,0
oRedMBlock,3232,256,0035FE12,0,1,1,4294967295,0,0
oRedMBlock,3232,272,00215456,0,1,1,4294967295,0,0
oRedMBlock,3232,288,00269E73,0,1,1,4294967295,0,0
oRedMBlock,3232,304,00009569,0,1,1,4294967295,0,0
oRedMBlock,2240,208,0001EF50,0,1,1,4294967295,0,0
oRedMBlock,2240,224,0010B549,0,1,1,4294967295,0,0
oRedMBlock,2240,240,001AC99B,0,1,1,4294967295,0,0
oRedMBlock,2240,256,001A4E76,0,1,1,4294967295,0,0
oRedMBlock,2240,272,00211CF2,0,1,1,4294967295,0,0
oHeartPiece,880,48,00211F21,0,1,1,4294967295,0,1
oLavaGuy,1248,304,0039376A,0,1,1,4294967295,0,0
oLavaGuy,1472,304,003F923B,0,1,1,4294967295,0,0
oMarioSpikeFloor,1760,288,00283233,0,1,1,4294967295,0,0
oMarioSpikeFloor,1776,288,00375E34,0,1,1,4294967295,0,0
oThwomp,560,32,00122C9A,0,1,1,4294967295,0,0
oThwomp,592,32,002CB7F7,0,1,1,4294967295,0,0
oThwomp,624,32,00029195,0,1,1,4294967295,0,0
oMarioChainBall,1840,176,0009FC0D,0,1,1,4294967295,0,1
oThwomp,1680,112,003C0644,0,1,1,4294967295,0,0
oGoomba,944,208,000F99D0,0,1,1,4294967295,0,0
oGoomba,2160,128,000A6EBF,0,1,1,4294967295,0,0
oGoomba,1920,272,00164BBE,0,1,1,4294967295,0,0
oGoomba,2464,288,000089A5,0,1,1,4294967295,0,0
oGoomba,2496,288,00129558,0,1,1,4294967295,0,0
oGreenParatroopa,2576,240,000D44FA,0,1,1,4294967295,0,0
oGreenParatroopa,3376,272,0036A15D,0,1,1,4294967295,0,0
oGreenParatroopa,3344,272,0002CF26,0,1,1,4294967295,0,0
oFireBro,3088,144,002722FD,0,1,1,4294967295,0,0
oRedParatroopa,2832,160,000ECF9D,0,1,1,4294967295,0,0
oGoomba,2528,288,002983D1,0,1,1,4294967295,0,0
oPlayer1,208,272,0009D2CA,0,1,1,4294967295,0,0
oMarioLava,32,304,002319AE,0,1,1,4294967295,0,1
oMarioLava,320,304,002692A2,0,1,1,4294967295,0,1
oMarioLava,768,304,0022B992,0,1,1,4294967295,0,1
oMarioLava,1088,304,003FEF73,0,1,1,4294967295,0,1
oMarioLava,1984,304,00137E34,0,1,1,4294967295,0,1
oMarioLava,2528,304,0027B756,0,1,1,4294967295,0,1
oInvCollPH,272,304,000FB279,0,1,1,4294967295,0,0
oInvCollPH,288,304,0037EE0C,0,1,1,4294967295,0,0
oInvCollPH,304,304,00374050,0,1,1,4294967295,0,0
oInvCollPH,176,256,00135AD6,0,1,1,4294967295,0,0
oInvCollPH,96,288,000D15D4,0,1,1,4294967295,0,0
oInvCollPH,96,304,002396E0,0,1,1,4294967295,0,0
oInvCollPH,112,272,002459A9,0,1,1,4294967295,0,0
oInvCollPH,128,272,0022F8AC,0,1,1,4294967295,0,0
oInvCollPH,144,272,001643A6,0,1,1,4294967295,0,0
oInvCollPH,192,272,002E401B,0,1,1,4294967295,0,0
oInvCollPH,208,272,002DBFF5,0,1,1,4294967295,0,0
oInvCollPH,224,272,000984EA,0,1,1,4294967295,0,0
oInvCollPH,240,272,000B05FE,0,1,1,4294967295,0,0
oInvCollPH,240,288,00049EC0,0,1,1,4294967295,0,0
oInvCollPH,48,320,0027B7F4,0,1,1,4294967295,0,0
oInvCollPH,64,320,001D3747,0,1,1,4294967295,0,0
oInvCollPH,80,320,0036A299,0,1,1,4294967295,0,0
oInvCollPH,16,208,0022A1FD,0,1,1,4294967295,0,0
oInvCollPH,16,224,000284EA,0,1,1,4294967295,0,0
oInvCollPH,16,240,0024436D,0,1,1,4294967295,0,0
oInvCollPH,16,256,0010C205,0,1,1,4294967295,0,0
oInvCollPH,16,272,0008EACD,0,1,1,4294967295,0,0
oInvCollPH,16,288,003C3A96,0,1,1,4294967295,0,0
oInvCollPH,16,304,001851F6,0,1,1,4294967295,0,0
oInvCollPH,32,192,00088AA2,0,1,1,4294967295,0,0
oInvCollPH,48,192,0018655E,0,1,1,4294967295,0,0
oInvCollPH,48,176,003A8953,0,1,1,4294967295,0,0
oInvCollPH,48,160,003CC84E,0,1,1,4294967295,0,0
oInvCollPH,48,144,002E0D96,0,1,1,4294967295,0,0
oInvCollPH,64,128,001334D9,0,1,1,4294967295,0,0
oInvCollPH,80,128,0035D4C7,0,1,1,4294967295,0,0
oInvCollPH,80,112,0036849F,0,1,1,4294967295,0,0
oInvCollPH,80,96,0029F88A,0,1,1,4294967295,0,0
oInvCollPH,80,80,00207C1B,0,1,1,4294967295,0,0
oInvCollPH,80,64,00213EAC,0,1,1,4294967295,0,0
oInvCollPH,80,48,00276913,0,1,1,4294967295,0,0
oInvCollPH,336,320,003E3EE5,0,1,1,4294967295,0,0
oInvCollPH,352,320,00356C5D,0,1,1,4294967295,0,0
oInvCollPH,368,320,0017B36A,0,1,1,4294967295,0,0
oInvCollPH,384,320,001893C4,0,1,1,4294967295,0,0
oInvCollPH,400,320,001722F0,0,1,1,4294967295,0,0
oInvCollPH,416,320,001D14EB,0,1,1,4294967295,0,0
oInvCollPH,432,320,001E88A8,0,1,1,4294967295,0,0
oInvCollPH,96,32,0014EB5A,0,1,1,4294967295,0,0
oInvCollPH,112,32,000CC76E,0,1,1,4294967295,0,0
oInvCollPH,128,32,0025FBBF,0,1,1,4294967295,0,0
oInvCollPH,144,32,0021AC07,0,1,1,4294967295,0,0
oInvCollPH,400,0,0022162F,0,1,1,4294967295,0,0
oInvCollPH,400,16,003B27E2,0,1,1,4294967295,0,0
oInvCollPH,400,32,0009CBE1,0,1,1,4294967295,0,0
oInvCollPH,384,32,001C5382,0,1,1,4294967295,0,0
oInvCollPH,368,32,0016DAEA,0,1,1,4294967295,0,0
oInvCollPH,352,32,002E8650,0,1,1,4294967295,0,0
oInvCollPH,336,32,003AC03C,0,1,1,4294967295,0,0
oInvCollPH,320,32,0030EB20,0,1,1,4294967295,0,0
oInvCollPH,304,32,001ED259,0,1,1,4294967295,0,0
oInvCollPH,288,32,003079B6,0,1,1,4294967295,0,0
oInvCollPH,272,32,000797B8,0,1,1,4294967295,0,0
oInvCollPH,256,32,00027E28,0,1,1,4294967295,0,0
oInvCollPH,160,32,00084FD4,0,1,1,4294967295,0,0
oInvCollPH,176,32,000BF8A9,0,1,1,4294967295,0,0
oInvCollPH,192,32,0025810D,0,1,1,4294967295,0,0
oInvCollPH,208,32,0035D7A6,0,1,1,4294967295,0,0
oInvCollPH,224,32,000E81AB,0,1,1,4294967295,0,0
oInvCollPH,240,32,0038E264,0,1,1,4294967295,0,0
oInvCollPH,656,176,002C73EC,0,1,1,4294967295,0,0
oInvCollPH,736,176,00069328,0,1,1,4294967295,0,0
oInvCollPH,752,176,001B6C39,0,1,1,4294967295,0,0
oInvCollPH,768,176,00241F36,0,1,1,4294967295,0,0
oInvCollPH,784,176,003737FA,0,1,1,4294967295,0,0
oInvCollPH,800,176,003D7D80,0,1,1,4294967295,0,0
oInvCollPH,816,176,00139D50,0,1,1,4294967295,0,0
oInvCollPH,720,208,0026AC89,0,1,1,4294967295,0,0
oInvCollPH,720,224,0016C79D,0,1,1,4294967295,0,0
oInvCollPH,656,240,000E793E,0,1,1,4294967295,0,0
oInvCollPH,672,240,00095449,0,1,1,4294967295,0,0
oInvCollPH,688,240,003EDB77,0,1,1,4294967295,0,0
oInvCollPH,704,240,00249179,0,1,1,4294967295,0,0
oInvCollPH,720,240,000E7F0A,0,1,1,4294967295,0,0
oInvCollPH,464,304,0005C3F7,0,1,1,4294967295,0,0
oInvCollPH,480,304,003BFC81,0,1,1,4294967295,0,0
oInvCollPH,496,304,00067F0D,0,1,1,4294967295,0,0
oInvCollPH,512,304,0028590E,0,1,1,4294967295,0,0
oInvCollPH,528,304,0028446B,0,1,1,4294967295,0,0
oInvCollPH,544,304,00160C50,0,1,1,4294967295,0,0
oInvCollPH,560,304,0010F680,0,1,1,4294967295,0,0
oInvCollPH,576,304,001B837B,0,1,1,4294967295,0,0
oInvCollPH,592,304,002966AC,0,1,1,4294967295,0,0
oInvCollPH,752,304,003C263A,0,1,1,4294967295,0,0
oInvCollPH,736,304,003833CA,0,1,1,4294967295,0,0
oInvCollPH,720,304,00157A7D,0,1,1,4294967295,0,0
oInvCollPH,704,304,002302C9,0,1,1,4294967295,0,0
oInvCollPH,688,304,0032E4DB,0,1,1,4294967295,0,0
oInvCollPH,672,304,001BECAE,0,1,1,4294967295,0,0
oInvCollPH,656,304,0006EEC5,0,1,1,4294967295,0,0
oInvCollPH,640,304,00096082,0,1,1,4294967295,0,0
oInvCollPH,624,304,0032EB69,0,1,1,4294967295,0,0
oInvCollPH,608,304,0004119F,0,1,1,4294967295,0,0
oInvCollPH,544,0,002A9EE9,0,1,1,4294967295,0,0
oInvCollPH,560,0,0016FE70,0,1,1,4294967295,0,0
oInvCollPH,576,0,003C68F3,0,1,1,4294967295,0,0
oInvCollPH,592,0,0032C2A2,0,1,1,4294967295,0,0
oInvCollPH,608,0,003E0C24,0,1,1,4294967295,0,0
oInvCollPH,624,0,0037CB21,0,1,1,4294967295,0,0
oInvCollPH,640,0,002E8D8B,0,1,1,4294967295,0,0
oInvCollPH,656,112,00041C49,0,1,1,4294967295,0,0
oInvCollPH,672,112,0001EC93,0,1,1,4294967295,0,0
oInvCollPH,688,112,0014A0E4,0,1,1,4294967295,0,0
oInvCollPH,704,112,003D3888,0,1,1,4294967295,0,0
oInvCollPH,720,112,0026887C,0,1,1,4294967295,0,0
oInvCollPH,736,112,0024636E,0,1,1,4294967295,0,0
oInvCollPH,752,112,002E80A6,0,1,1,4294967295,0,0
oInvCollPH,768,112,002E1A2B,0,1,1,4294967295,0,0
oInvCollPH,784,112,0039FE9B,0,1,1,4294967295,0,0
oInvCollPH,800,80,00040503,0,1,1,4294967295,0,0
oInvCollPH,816,80,00040FC4,0,1,1,4294967295,0,0
oInvCollPH,832,80,001B57B9,0,1,1,4294967295,0,0
oInvCollPH,848,80,00065487,0,1,1,4294967295,0,0
oInvCollPH,864,80,00175824,0,1,1,4294967295,0,0
oInvCollPH,880,80,0017F926,0,1,1,4294967295,0,0
oInvCollPH,896,80,0003A9AE,0,1,1,4294967295,0,0
oInvCollPH,912,80,003B1BA7,0,1,1,4294967295,0,0
oInvCollPH,928,80,0001D592,0,1,1,4294967295,0,0
oInvCollPH,944,80,002EA617,0,1,1,4294967295,0,0
oInvCollPH,944,32,00050833,0,1,1,4294967295,0,0
oInvCollPH,944,48,003D44B2,0,1,1,4294967295,0,0
oInvCollPH,944,64,0001F33B,0,1,1,4294967295,0,0
oInvCollPH,512,112,003983A4,0,1,1,4294967295,0,0
oInvCollPH,528,112,002BAF78,0,1,1,4294967295,0,0
oInvCollPH,512,176,00217B6D,0,1,1,4294967295,0,0
oInvCollPH,528,176,0025038B,0,1,1,4294967295,0,0
oInvCollPH,544,176,002AA020,0,1,1,4294967295,0,0
oInvCollPH,560,176,0010BE1A,0,1,1,4294967295,0,0
oInvCollPH,512,240,0032D65D,0,1,1,4294967295,0,0
oInvCollPH,528,240,000700D9,0,1,1,4294967295,0,0
oInvCollPH,544,240,000117FD,0,1,1,4294967295,0,0
oInvCollPH,560,240,00156FB6,0,1,1,4294967295,0,0
oInvCollPH,576,240,003F5597,0,1,1,4294967295,0,0
oInvCollPH,592,240,003278DF,0,1,1,4294967295,0,0
oInvCollPH,480,16,002D74B9,0,1,1,4294967295,0,0
oInvCollPH,480,32,00114F27,0,1,1,4294967295,0,0
oInvCollPH,480,48,0032E69D,0,1,1,4294967295,0,0
oInvCollPH,480,64,003E25B6,0,1,1,4294967295,0,0
oInvCollPH,480,80,003AAD5F,0,1,1,4294967295,0,0
oInvCollPH,480,96,00239B10,0,1,1,4294967295,0,0
oInvCollPH,480,112,0015C99C,0,1,1,4294967295,0,0
oInvCollPH,480,128,00226DB9,0,1,1,4294967295,0,0
oInvCollPH,480,144,003FD1C7,0,1,1,4294967295,0,0
oInvCollPH,480,160,001EEB6A,0,1,1,4294967295,0,0
oInvCollPH,480,176,001612FD,0,1,1,4294967295,0,0
oInvCollPH,480,192,00047B7E,0,1,1,4294967295,0,0
oInvCollPH,480,208,0023D7B1,0,1,1,4294967295,0,0
oInvCollPH,480,224,001CF147,0,1,1,4294967295,0,0
oInvCollPH,480,240,0012AFF6,0,1,1,4294967295,0,0
oInvCollPH,1008,272,000BB162,0,1,1,4294967295,0,0
oInvCollPH,1024,272,0016506A,0,1,1,4294967295,0,0
oInvCollPH,1040,272,0012E9E0,0,1,1,4294967295,0,0
oInvCollPH,1056,272,0030A3F4,0,1,1,4294967295,0,0
oInvCollPH,1072,272,0024582E,0,1,1,4294967295,0,0
oInvCollPH,1072,288,0029B65C,0,1,1,4294967295,0,0
oInvCollPH,1072,304,0013A33A,0,1,1,4294967295,0,0
oInvCollPH,896,224,000ECBDB,0,1,1,4294967295,0,0
oInvCollPH,896,240,0023098D,0,1,1,4294967295,0,0
oInvCollPH,896,256,000F703E,0,1,1,4294967295,0,0
oInvCollPH,896,272,0038EDFA,0,1,1,4294967295,0,0
oInvCollPH,896,288,0002F6A2,0,1,1,4294967295,0,0
oInvCollPH,896,304,000B921E,0,1,1,4294967295,0,0
oInvCollPH,912,208,0005B967,0,1,1,4294967295,0,0
oInvCollPH,928,208,003F88CA,0,1,1,4294967295,0,0
oInvCollPH,944,208,001286A3,0,1,1,4294967295,0,0
oInvCollPH,960,208,000DD0F9,0,1,1,4294967295,0,0
oInvCollPH,976,208,001335BD,0,1,1,4294967295,0,0
oInvCollPH,976,224,003209F3,0,1,1,4294967295,0,0
oInvCollPH,976,240,00318EF8,0,1,1,4294967295,0,0
oInvCollPH,976,256,001B7427,0,1,1,4294967295,0,0
oInvCollPH,784,320,0001EB1C,0,1,1,4294967295,0,0
oInvCollPH,800,320,000B722D,0,1,1,4294967295,0,0
oInvCollPH,816,320,001D90EF,0,1,1,4294967295,0,0
oInvCollPH,832,320,000AA250,0,1,1,4294967295,0,0
oInvCollPH,848,320,00189F11,0,1,1,4294967295,0,0
oInvCollPH,864,320,000E58D8,0,1,1,4294967295,0,0
oInvCollPH,880,320,003C6BAC,0,1,1,4294967295,0,0
oInvCollPH,1104,320,00084D37,0,1,1,4294967295,0,0
oInvCollPH,1120,320,001EDCD5,0,1,1,4294967295,0,0
oInvCollPH,1136,320,0019C81B,0,1,1,4294967295,0,0
oInvCollPH,1152,320,0032CFF1,0,1,1,4294967295,0,0
oInvCollPH,1168,320,002BDBE7,0,1,1,4294967295,0,0
oInvCollPH,1184,320,000E6A35,0,1,1,4294967295,0,0
oInvCollPH,1200,320,001924B8,0,1,1,4294967295,0,0
oInvCollPH,1216,320,003ED9A9,0,1,1,4294967295,0,0
oInvCollPH,1232,320,00102AD9,0,1,1,4294967295,0,0
oInvCollPH,1648,320,001E932B,0,1,1,4294967295,0,0
oInvCollPH,1632,320,0038A386,0,1,1,4294967295,0,0
oInvCollPH,1616,320,00280787,0,1,1,4294967295,0,0
oInvCollPH,1600,320,0026C945,0,1,1,4294967295,0,0
oInvCollPH,1584,320,00284B0A,0,1,1,4294967295,0,0
oInvCollPH,1568,320,00187000,0,1,1,4294967295,0,0
oInvCollPH,1552,320,00307F17,0,1,1,4294967295,0,0
oInvCollPH,1536,320,000324F9,0,1,1,4294967295,0,0
oInvCollPH,1520,320,003429D5,0,1,1,4294967295,0,0
oInvCollPH,1504,320,000CEC6D,0,1,1,4294967295,0,0
oInvCollPH,1328,320,003A5FDD,0,1,1,4294967295,0,0
oInvCollPH,1344,320,003801D6,0,1,1,4294967295,0,0
oInvCollPH,1360,320,000EE357,0,1,1,4294967295,0,0
oInvCollPH,1376,320,00021F82,0,1,1,4294967295,0,0
oInvCollPH,1392,320,002B899F,0,1,1,4294967295,0,0
oInvCollPH,1248,320,0021B5D7,0,1,1,4294967295,0,0
oInvCollPH,1264,320,0015AA0F,0,1,1,4294967295,0,0
oInvCollPH,1280,320,0031FAA8,0,1,1,4294967295,0,0
oInvCollPH,1296,320,0025416D,0,1,1,4294967295,0,0
oInvCollPH,1312,320,0019A07D,0,1,1,4294967295,0,0
oInvCollPH,1408,320,0036209F,0,1,1,4294967295,0,0
oInvCollPH,1424,320,002487B1,0,1,1,4294967295,0,0
oInvCollPH,1440,320,003651CD,0,1,1,4294967295,0,0
oInvCollPH,1456,320,000CEAE7,0,1,1,4294967295,0,0
oInvCollPH,1472,320,003446CD,0,1,1,4294967295,0,0
oInvCollPH,1488,320,00098548,0,1,1,4294967295,0,0
oInvCollPH,1056,16,003F72F5,0,1,1,4294967295,0,0
oInvCollPH,1056,32,000FCF18,0,1,1,4294967295,0,0
oInvCollPH,1056,48,00141E50,0,1,1,4294967295,0,0
oInvCollPH,1072,48,000185FA,0,1,1,4294967295,0,0
oInvCollPH,1088,48,001102EA,0,1,1,4294967295,0,0
oInvCollPH,1104,48,000D3148,0,1,1,4294967295,0,0
oInvCollPH,1120,48,0015650E,0,1,1,4294967295,0,0
oInvCollPH,1136,48,00048EED,0,1,1,4294967295,0,0
oInvCollPH,1152,48,00196F0D,0,1,1,4294967295,0,0
oInvCollPH,1168,48,00072AE1,0,1,1,4294967295,0,0
oInvCollPH,1184,48,00001BF1,0,1,1,4294967295,0,0
oInvCollPH,1200,48,0020E8EA,0,1,1,4294967295,0,0
oInvCollPH,1216,48,00086610,0,1,1,4294967295,0,0
oInvCollPH,1232,48,002AB36C,0,1,1,4294967295,0,0
oInvCollPH,1248,48,0013705F,0,1,1,4294967295,0,0
oInvCollPH,1264,48,001C115A,0,1,1,4294967295,0,0
oInvCollPH,1280,48,00231A77,0,1,1,4294967295,0,0
oInvCollPH,1296,48,0008A5A8,0,1,1,4294967295,0,0
oInvCollPH,1312,48,00323F57,0,1,1,4294967295,0,0
oInvCollPH,1328,48,00129794,0,1,1,4294967295,0,0
oInvCollPH,1344,48,000ABBEC,0,1,1,4294967295,0,0
oInvCollPH,1360,48,001AA43F,0,1,1,4294967295,0,0
oInvCollPH,1376,48,003F7B83,0,1,1,4294967295,0,0
oInvCollPH,1392,48,003FD916,0,1,1,4294967295,0,0
oInvCollPH,1408,48,0011DAF9,0,1,1,4294967295,0,0
oInvCollPH,1424,48,0000A66A,0,1,1,4294967295,0,0
oInvCollPH,1440,48,0027C6E8,0,1,1,4294967295,0,0
oInvCollPH,1456,48,0028DED9,0,1,1,4294967295,0,0
oInvCollPH,1472,48,00020169,0,1,1,4294967295,0,0
oInvCollPH,1488,48,000177C1,0,1,1,4294967295,0,0
oInvCollPH,1504,48,0027E073,0,1,1,4294967295,0,0
oInvCollPH,1520,48,0038C43C,0,1,1,4294967295,0,0
oInvCollPH,1536,48,000DC73F,0,1,1,4294967295,0,0
oInvCollPH,1552,48,001ACFAB,0,1,1,4294967295,0,0
oInvCollPH,1568,48,002DA1A7,0,1,1,4294967295,0,0
oInvCollPH,1584,48,002354FC,0,1,1,4294967295,0,0
oInvCollPH,1600,48,003238D8,0,1,1,4294967295,0,0
oInvCollPH,1616,48,0007CB97,0,1,1,4294967295,0,0
oInvCollPH,1648,96,00046F27,0,1,1,4294967295,0,0
oInvCollPH,1664,80,003FCAED,0,1,1,4294967295,0,0
oInvCollPH,1680,80,0020E570,0,1,1,4294967295,0,0
oInvCollPH,1776,304,0030BD70,0,1,1,4294967295,0,0
oInvCollPH,1664,288,000BD35E,0,1,1,4294967295,0,0
oInvCollPH,1664,304,001034F3,0,1,1,4294967295,0,0
oInvCollPH,1680,272,001A0971,0,1,1,4294967295,0,0
oInvCollPH,1696,272,000365FF,0,1,1,4294967295,0,0
oInvCollPH,1712,272,0004872A,0,1,1,4294967295,0,0
oInvCollPH,1728,272,00074C2D,0,1,1,4294967295,0,0
oInvCollPH,1744,272,002AFD94,0,1,1,4294967295,0,0
oInvCollPH,1744,288,000DB0BF,0,1,1,4294967295,0,0
oInvCollPH,1824,176,0017863E,0,1,1,4294967295,0,0
oInvCollPH,1840,176,00208D8D,0,1,1,4294967295,0,0
oInvCollPH,1840,160,001A77DE,0,1,1,4294967295,0,0
oInvCollPH,1888,176,003569F8,0,1,1,4294967295,0,0
oInvCollPH,1904,176,0001A13D,0,1,1,4294967295,0,0
oInvCollPH,1920,176,003B1A35,0,1,1,4294967295,0,0
oInvCollPH,1936,176,0019B830,0,1,1,4294967295,0,0
oInvCollPH,1952,176,00069929,0,1,1,4294967295,0,0
oInvCollPH,1968,176,0026BFB0,0,1,1,4294967295,0,0
oInvCollPH,1968,160,00301B70,0,1,1,4294967295,0,0
oInvCollPH,1952,160,001F4705,0,1,1,4294967295,0,0
oInvCollPH,1792,288,001A6440,0,1,1,4294967295,0,0
oInvCollPH,1808,272,0016D853,0,1,1,4294967295,0,0
oInvCollPH,1824,272,003045FA,0,1,1,4294967295,0,0
oInvCollPH,1840,272,0024C152,0,1,1,4294967295,0,0
oInvCollPH,1856,272,002486A2,0,1,1,4294967295,0,0
oInvCollPH,1872,272,0029EB8A,0,1,1,4294967295,0,0
oInvCollPH,1888,272,0001ECBC,0,1,1,4294967295,0,0
oInvCollPH,1904,272,000D531A,0,1,1,4294967295,0,0
oInvCollPH,1920,272,00118355,0,1,1,4294967295,0,0
oInvCollPH,1936,272,001B3473,0,1,1,4294967295,0,0
oInvCollPH,1952,272,000DE7AE,0,1,1,4294967295,0,0
oInvCollPH,1968,272,000CD160,0,1,1,4294967295,0,0
oInvCollPH,1968,288,002408CB,0,1,1,4294967295,0,0
oInvCollPH,1968,304,0028B897,0,1,1,4294967295,0,0
oInvCollPH,2000,320,0031CE4B,0,1,1,4294967295,0,0
oInvCollPH,2016,320,0034F12B,0,1,1,4294967295,0,0
oInvCollPH,2032,320,0014899A,0,1,1,4294967295,0,0
oInvCollPH,2048,320,0000F4FF,0,1,1,4294967295,0,0
oInvCollPH,2064,320,0026C538,0,1,1,4294967295,0,0
oInvCollPH,2080,320,0020B02C,0,1,1,4294967295,0,0
oInvCollPH,2096,320,00093409,0,1,1,4294967295,0,0
oInvCollPH,2112,320,0022D5B4,0,1,1,4294967295,0,0
oInvCollPH,2128,320,00164F3C,0,1,1,4294967295,0,0
oInvCollPH,2144,320,00065D5C,0,1,1,4294967295,0,0
oInvCollPH,2160,320,000583FF,0,1,1,4294967295,0,0
oInvCollPH,2176,320,0018BB9A,0,1,1,4294967295,0,0
oInvCollPH,2192,320,0006A391,0,1,1,4294967295,0,0
oInvCollPH,2208,320,0003B75D,0,1,1,4294967295,0,0
oInvCollPH,2224,320,0006E5EF,0,1,1,4294967295,0,0
oInvCollPH,2240,160,0014D749,0,1,1,4294967295,0,0
oInvCollPH,2240,176,001BC176,0,1,1,4294967295,0,0
oInvCollPH,2240,192,000DD187,0,1,1,4294967295,0,0
oInvCollPH,2256,192,00109719,0,1,1,4294967295,0,0
oInvCollPH,2272,192,003778F8,0,1,1,4294967295,0,0
oInvCollPH,2288,192,00369F3A,0,1,1,4294967295,0,0
oInvCollPH,2288,176,003B6DD3,0,1,1,4294967295,0,0
oInvCollPH,2288,160,0039D85E,0,1,1,4294967295,0,0
oInvCollPH,2288,144,0021450F,0,1,1,4294967295,0,0
oInvCollPH,1952,16,000EB1AF,0,1,1,4294967295,0,0
oInvCollPH,1968,16,002F6D0E,0,1,1,4294967295,0,0
oInvCollPH,1984,16,0020C3D3,0,1,1,4294967295,0,0
oInvCollPH,2000,16,0001A0B8,0,1,1,4294967295,0,0
oInvCollPH,2016,16,003143F5,0,1,1,4294967295,0,0
oInvCollPH,2032,16,003D3BF7,0,1,1,4294967295,0,0
oInvCollPH,2048,16,0037835E,0,1,1,4294967295,0,0
oInvCollPH,2064,16,001CF921,0,1,1,4294967295,0,0
oInvCollPH,2080,16,001D669C,0,1,1,4294967295,0,0
oInvCollPH,2096,16,0029A650,0,1,1,4294967295,0,0
oInvCollPH,2112,16,002999A8,0,1,1,4294967295,0,0
oInvCollPH,2128,16,001B5CA5,0,1,1,4294967295,0,0
oInvCollPH,2144,16,000ECA5F,0,1,1,4294967295,0,0
oInvCollPH,2160,16,00041019,0,1,1,4294967295,0,0
oInvCollPH,2176,16,0032C382,0,1,1,4294967295,0,0
oInvCollPH,2192,16,00007E65,0,1,1,4294967295,0,0
oInvCollPH,2208,16,000B5CD6,0,1,1,4294967295,0,0
oInvCollPH,2224,16,001BC0A4,0,1,1,4294967295,0,0
oInvCollPH,1632,64,00046FD1,0,1,1,4294967295,0,0
oInvCollPH,1632,80,00394460,0,1,1,4294967295,0,0
oInvCollPH,1696,96,00230A90,0,1,1,4294967295,0,0
oInvCollPH,1696,112,00285932,0,1,1,4294967295,0,0
oInvCollPH,1696,128,00325928,0,1,1,4294967295,0,0
oInvCollPH,1696,144,003D4FA1,0,1,1,4294967295,0,0
oInvCollPH,1712,144,001AAB2C,0,1,1,4294967295,0,0
oInvCollPH,1728,144,000F2804,0,1,1,4294967295,0,0
oInvCollPH,1744,144,00228BFA,0,1,1,4294967295,0,0
oInvCollPH,1760,144,001851E1,0,1,1,4294967295,0,0
oInvCollPH,1776,144,000ED1F5,0,1,1,4294967295,0,0
oInvCollPH,1792,144,003A1049,0,1,1,4294967295,0,0
oInvCollPH,1808,144,001C553D,0,1,1,4294967295,0,0
oInvCollPH,1856,144,00350161,0,1,1,4294967295,0,0
oInvCollPH,1872,144,002763A3,0,1,1,4294967295,0,0
oInvCollPH,1936,144,00056099,0,1,1,4294967295,0,0
oInvCollPH,1936,128,0010DA24,0,1,1,4294967295,0,0
oInvCollPH,1936,112,00196EF4,0,1,1,4294967295,0,0
oInvCollPH,1936,96,0007B0E4,0,1,1,4294967295,0,0
oInvCollPH,1936,80,0022229B,0,1,1,4294967295,0,0
oInvCollPH,1936,64,0015E40D,0,1,1,4294967295,0,0
oInvCollPH,1936,48,0018381B,0,1,1,4294967295,0,0
oInvCollPH,1936,32,00389533,0,1,1,4294967295,0,0
oInvCollPH,2240,96,0009FABF,0,1,1,4294967295,0,0
oInvCollPH,2240,112,00131732,0,1,1,4294967295,0,0
oInvCollPH,2240,128,003F3538,0,1,1,4294967295,0,0
oInvCollPH,2304,128,00117D3A,0,1,1,4294967295,0,0
oInvCollPH,2320,128,00063218,0,1,1,4294967295,0,0
oInvCollPH,2320,112,0026B220,0,1,1,4294967295,0,0
oInvCollPH,2320,96,00042149,0,1,1,4294967295,0,0
oInvCollPH,2320,80,000843DB,0,1,1,4294967295,0,0
oInvCollPH,2240,304,000FFD4D,0,1,1,4294967295,0,0
oInvCollPH,2256,288,0010AD7D,0,1,1,4294967295,0,0
oInvCollPH,2272,288,002CE654,0,1,1,4294967295,0,0
oInvCollPH,2288,288,00305A5E,0,1,1,4294967295,0,0
oInvCollPH,2304,288,000DFFB7,0,1,1,4294967295,0,0
oInvCollPH,2320,288,001379D3,0,1,1,4294967295,0,0
oInvCollPH,2336,288,002879B3,0,1,1,4294967295,0,0
oInvCollPH,2352,288,00258AFE,0,1,1,4294967295,0,0
oInvCollPH,2368,288,001334CD,0,1,1,4294967295,0,0
oInvCollPH,2384,288,0021E599,0,1,1,4294967295,0,0
oInvCollPH,2400,288,0039B3DB,0,1,1,4294967295,0,0
oInvCollPH,2416,288,003A231D,0,1,1,4294967295,0,0
oInvCollPH,2432,288,000310AD,0,1,1,4294967295,0,0
oInvCollPH,2448,288,000EEE5D,0,1,1,4294967295,0,0
oInvCollPH,2464,288,0016AD1D,0,1,1,4294967295,0,0
oInvCollPH,2480,288,001E4B56,0,1,1,4294967295,0,0
oInvCollPH,2496,288,0022847B,0,1,1,4294967295,0,0
oInvCollPH,2512,288,003CC2ED,0,1,1,4294967295,0,0
oInvCollPH,2512,304,000D3ED6,0,1,1,4294967295,0,0
oInvCollPH,3648,128,003DB47A,0,1,1,4294967295,0,0
oInvCollPH,3648,144,003FD051,0,1,1,4294967295,0,0
oInvCollPH,3648,160,0032FEE4,0,1,1,4294967295,0,0
oInvCollPH,3648,176,003528DC,0,1,1,4294967295,0,0
oInvCollPH,3552,96,00290927,0,1,1,4294967295,0,0
oInvCollPH,3568,96,0027183A,0,1,1,4294967295,0,0
oInvCollPH,3584,96,0030CA20,0,1,1,4294967295,0,0
oInvCollPH,3600,96,003DB457,0,1,1,4294967295,0,0
oInvCollPH,3536,240,0008D267,0,1,1,4294967295,0,0
oInvCollPH,3552,224,00356B33,0,1,1,4294967295,0,0
oInvCollPH,3568,224,00138E0C,0,1,1,4294967295,0,0
oInvCollPH,3584,240,003239E9,0,1,1,4294967295,0,0
oInvCollPH,3600,240,001B3D7A,0,1,1,4294967295,0,0
oInvCollPH,3648,224,002B25C5,0,1,1,4294967295,0,0
oInvCollPH,3648,208,00063818,0,1,1,4294967295,0,0
oInvCollPH,3392,192,001E362D,0,1,1,4294967295,0,0
oInvCollPH,3392,208,0015D249,0,1,1,4294967295,0,0
oInvCollPH,3392,224,00351CC2,0,1,1,4294967295,0,0
oInvCollPH,3392,240,0034F3A6,0,1,1,4294967295,0,0
oInvCollPH,3392,256,000D9509,0,1,1,4294967295,0,0
oInvCollPH,3392,272,0013F468,0,1,1,4294967295,0,0
oInvCollPH,3392,288,002B1874,0,1,1,4294967295,0,0
oInvCollPH,3392,304,0014FBA0,0,1,1,4294967295,0,0
oInvCollPH,3408,176,0033F87E,0,1,1,4294967295,0,0
oInvCollPH,3424,176,0005C83D,0,1,1,4294967295,0,0
oInvCollPH,3440,176,001A11C6,0,1,1,4294967295,0,0
oInvCollPH,3456,176,0022BB09,0,1,1,4294967295,0,0
oInvCollPH,3472,176,0014B2BA,0,1,1,4294967295,0,0
oInvCollPH,3472,192,00295119,0,1,1,4294967295,0,0
oInvCollPH,3504,208,003B1B1F,0,1,1,4294967295,0,0
oInvCollPH,3504,224,003EB894,0,1,1,4294967295,0,0
oInvCollPH,3232,48,001A4793,0,1,1,4294967295,0,0
oInvCollPH,3232,64,00221511,0,1,1,4294967295,0,0
oInvCollPH,3248,64,00099EB7,0,1,1,4294967295,0,0
oInvCollPH,3264,64,002E7564,0,1,1,4294967295,0,0
oInvCollPH,3280,64,001246A3,0,1,1,4294967295,0,0
oInvCollPH,3296,64,001A1644,0,1,1,4294967295,0,0
oInvCollPH,3312,64,004028FB,0,1,1,4294967295,0,0
oInvCollPH,3328,64,000DCA78,0,1,1,4294967295,0,0
oInvCollPH,3344,64,001EB385,0,1,1,4294967295,0,0
oInvCollPH,3360,64,001EE429,0,1,1,4294967295,0,0
oInvCollPH,3376,64,00062616,0,1,1,4294967295,0,0
oInvCollPH,3536,64,000F1073,0,1,1,4294967295,0,0
oInvCollPH,3520,64,00339F63,0,1,1,4294967295,0,0
oInvCollPH,3504,64,000451E4,0,1,1,4294967295,0,0
oInvCollPH,3488,64,003DC44A,0,1,1,4294967295,0,0
oInvCollPH,3472,64,0039D5D2,0,1,1,4294967295,0,0
oInvCollPH,3456,64,000E19E4,0,1,1,4294967295,0,0
oInvCollPH,3440,64,00243319,0,1,1,4294967295,0,0
oInvCollPH,3424,64,0016A487,0,1,1,4294967295,0,0
oInvCollPH,3408,64,0027225E,0,1,1,4294967295,0,0
oInvCollPH,3392,64,00200320,0,1,1,4294967295,0,0
oInvCollPH,2752,32,001EEEB1,0,1,1,4294967295,0,0
oInvCollPH,2768,32,0037340C,0,1,1,4294967295,0,0
oInvCollPH,2784,32,000BBF26,0,1,1,4294967295,0,0
oInvCollPH,2800,32,00382723,0,1,1,4294967295,0,0
oInvCollPH,2816,32,0018E7D9,0,1,1,4294967295,0,0
oInvCollPH,2832,32,0001C3F0,0,1,1,4294967295,0,0
oInvCollPH,2848,32,002C496C,0,1,1,4294967295,0,0
oInvCollPH,2864,32,00063C1F,0,1,1,4294967295,0,0
oInvCollPH,2880,32,0037025A,0,1,1,4294967295,0,0
oInvCollPH,2896,32,0024D817,0,1,1,4294967295,0,0
oInvCollPH,3216,32,002BABB0,0,1,1,4294967295,0,0
oInvCollPH,3200,32,00244560,0,1,1,4294967295,0,0
oInvCollPH,3184,32,003351F2,0,1,1,4294967295,0,0
oInvCollPH,3168,32,001E23C4,0,1,1,4294967295,0,0
oInvCollPH,3152,32,00353923,0,1,1,4294967295,0,0
oInvCollPH,3136,32,001C69D4,0,1,1,4294967295,0,0
oInvCollPH,3120,32,00323F02,0,1,1,4294967295,0,0
oInvCollPH,3104,32,003DDB4A,0,1,1,4294967295,0,0
oInvCollPH,3088,32,000D015C,0,1,1,4294967295,0,0
oInvCollPH,3072,32,003DD9F7,0,1,1,4294967295,0,0
oInvCollPH,2912,32,000C0204,0,1,1,4294967295,0,0
oInvCollPH,2928,32,00347A31,0,1,1,4294967295,0,0
oInvCollPH,2944,32,0029FA03,0,1,1,4294967295,0,0
oInvCollPH,2960,32,0013C47C,0,1,1,4294967295,0,0
oInvCollPH,2976,32,0014D9D2,0,1,1,4294967295,0,0
oInvCollPH,2992,32,001495B3,0,1,1,4294967295,0,0
oInvCollPH,3008,32,00039963,0,1,1,4294967295,0,0
oInvCollPH,3024,32,0030D1BE,0,1,1,4294967295,0,0
oInvCollPH,3040,32,0037729B,0,1,1,4294967295,0,0
oInvCollPH,3056,32,0037C18A,0,1,1,4294967295,0,0
oInvCollPH,2736,48,0019288E,0,1,1,4294967295,0,0
oInvCollPH,2736,64,00020165,0,1,1,4294967295,0,0
oInvCollPH,2720,64,000B7609,0,1,1,4294967295,0,0
oInvCollPH,2704,64,00098A4A,0,1,1,4294967295,0,0
oInvCollPH,2688,64,00397759,0,1,1,4294967295,0,0
oInvCollPH,2672,64,003D7C04,0,1,1,4294967295,0,0
oInvCollPH,2656,64,001F8241,0,1,1,4294967295,0,0
oInvCollPH,2640,64,00105D52,0,1,1,4294967295,0,0
oInvCollPH,2624,64,0030CD53,0,1,1,4294967295,0,0
oInvCollPH,2608,64,003D8B07,0,1,1,4294967295,0,0
oInvCollPH,2592,64,0038CCDA,0,1,1,4294967295,0,0
oInvCollPH,2336,64,000F668D,0,1,1,4294967295,0,0
oInvCollPH,2352,64,0008F033,0,1,1,4294967295,0,0
oInvCollPH,2368,64,003DD2FB,0,1,1,4294967295,0,0
oInvCollPH,2384,64,0025B4B0,0,1,1,4294967295,0,0
oInvCollPH,2480,64,003C2CC1,0,1,1,4294967295,0,0
oInvCollPH,2496,64,001A8634,0,1,1,4294967295,0,0
oInvCollPH,2576,64,002C8CEA,0,1,1,4294967295,0,0
oInvCollPH,2560,64,0006CA5D,0,1,1,4294967295,0,0
oInvCollPH,2544,64,0004C697,0,1,1,4294967295,0,0
oInvCollPH,2528,64,003E0E38,0,1,1,4294967295,0,0
oInvCollPH,2512,64,002064C6,0,1,1,4294967295,0,0
oInvCollPH,2464,64,0005452D,0,1,1,4294967295,0,0
oInvCollPH,2448,64,00402E82,0,1,1,4294967295,0,0
oInvCollPH,2432,64,003DCDD0,0,1,1,4294967295,0,0
oInvCollPH,2416,64,000B4E60,0,1,1,4294967295,0,0
oInvCollPH,2400,64,003EC392,0,1,1,4294967295,0,0
oInvCollPH,2544,320,00220FA4,0,1,1,4294967295,0,0
oInvCollPH,2560,320,00363BCC,0,1,1,4294967295,0,0
oInvCollPH,2576,320,0016E76D,0,1,1,4294967295,0,0
oInvCollPH,2592,320,003C99A8,0,1,1,4294967295,0,0
oInvCollPH,2608,320,00319712,0,1,1,4294967295,0,0
oInvCollPH,2624,320,00230F02,0,1,1,4294967295,0,0
oInvCollPH,2640,320,0023B2E9,0,1,1,4294967295,0,0
oInvCollPH,2656,320,0020171E,0,1,1,4294967295,0,0
oInvCollPH,2672,320,0039FA8E,0,1,1,4294967295,0,0
oInvCollPH,2688,320,0029B05B,0,1,1,4294967295,0,0
oInvCollPH,2704,320,00382FFF,0,1,1,4294967295,0,0
oInvCollPH,2720,320,0037165C,0,1,1,4294967295,0,0
oInvCollPH,2736,320,0010785D,0,1,1,4294967295,0,0
oInvCollPH,2752,320,003E84A2,0,1,1,4294967295,0,0
oInvCollPH,2768,320,0038F4D7,0,1,1,4294967295,0,0
oInvCollPH,2784,320,0000FB9E,0,1,1,4294967295,0,0
oInvCollPH,2800,320,000F536B,0,1,1,4294967295,0,0
oInvCollPH,2816,320,001519E7,0,1,1,4294967295,0,0
oInvCollPH,2832,320,00161C41,0,1,1,4294967295,0,0
oInvCollPH,2848,320,003F2944,0,1,1,4294967295,0,0
oInvCollPH,2864,320,00379E7F,0,1,1,4294967295,0,0
oInvCollPH,2880,320,001B0E48,0,1,1,4294967295,0,0
oInvCollPH,2896,320,0028B8EF,0,1,1,4294967295,0,0
oInvCollPH,2912,320,002F1F2C,0,1,1,4294967295,0,0
oInvCollPH,2928,320,003F5EF8,0,1,1,4294967295,0,0
oInvCollPH,2944,320,0008D569,0,1,1,4294967295,0,0
oInvCollPH,2960,320,000964BC,0,1,1,4294967295,0,0
oInvCollPH,2976,320,0030B611,0,1,1,4294967295,0,0
oInvCollPH,2992,320,001E8D17,0,1,1,4294967295,0,0
oInvCollPH,3008,320,002D1903,0,1,1,4294967295,0,0
oInvCollPH,3024,320,003FCCF3,0,1,1,4294967295,0,0
oInvCollPH,3040,320,0014930B,0,1,1,4294967295,0,0
oInvCollPH,3056,320,003CFA26,0,1,1,4294967295,0,0
oInvCollPH,3072,320,001BC018,0,1,1,4294967295,0,0
oInvCollPH,3088,320,002EDC2F,0,1,1,4294967295,0,0
oInvCollPH,3104,320,0031C425,0,1,1,4294967295,0,0
oInvCollPH,3120,320,0032EF4E,0,1,1,4294967295,0,0
oInvCollPH,3136,320,00057D16,0,1,1,4294967295,0,0
oInvCollPH,3152,320,00012A8B,0,1,1,4294967295,0,0
oInvCollPH,3168,320,0023D05C,0,1,1,4294967295,0,0
oInvCollPH,3184,320,00240362,0,1,1,4294967295,0,0
oInvCollPH,3200,320,0001A1AC,0,1,1,4294967295,0,0
oInvCollPH,3216,320,00197895,0,1,1,4294967295,0,0
oInvCollPH,3232,320,002DCA92,0,1,1,4294967295,0,0
oInvCollPH,3248,320,0001EAE4,0,1,1,4294967295,0,0
oInvCollPH,3264,320,002C6F9E,0,1,1,4294967295,0,0
oInvCollPH,3280,320,002490BB,0,1,1,4294967295,0,0
oInvCollPH,3296,320,00038E04,0,1,1,4294967295,0,0
oInvCollPH,3312,320,001E0D60,0,1,1,4294967295,0,0
oInvCollPH,3328,320,0007255E,0,1,1,4294967295,0,0
oInvCollPH,3344,320,003A4498,0,1,1,4294967295,0,0
oInvCollPH,3360,320,0015D7A4,0,1,1,4294967295,0,0
oInvCollPH,3376,320,0039BD02,0,1,1,4294967295,0,0
oInvCollPH,3648,192,001C219B,0,1,1,4294967295,0,0
oInvCollPH,3616,240,00040580,0,1,1,4294967295,0,0
oInvCollPH,3632,240,00023EF9,0,1,1,4294967295,0,0
oInvCollPH,3616,96,001B7002,0,1,1,4294967295,0,0
oInvCollPH,3632,96,002FBDBD,0,1,1,4294967295,0,0
oInvCollPH,3568,208,0038E74A,0,1,1,4294967295,0,0
oInvisibleSolid,32,320,0024BCEC,0,1,1,4294967295,0,1
oInvisibleSolid,96,272,003A630E,0,1,1,4294967295,0,1
oInvisibleSolid,256,304,0023BA89,0,1,1,4294967295,0,1
oInvisibleSolid,320,320,0002E3C1,0,1,1,4294967295,0,1
oInvisibleSolid,160,256,000AC829,0,1,1,4294967295,0,1
oInvisibleSolid,0,0,0020FF04,0,1,1,4294967295,0,1
oInvisibleSolid,0,48,003887EA,0,1,1,4294967295,0,1
oInvisibleSolid,0,144,000332FB,0,1,1,4294967295,0,1
oInvisibleSolid,0,208,00262102,0,1,1,4294967295,0,1
oInvisibleSolid,448,304,003F6443,0,1,1,4294967295,0,1
oInvisibleSolid,528,16,002AD770,0,1,1,4294967295,0,0
oInvisibleSolid,640,16,0024A878,0,1,1,4294967295,0,0
oInvisibleSolid,528,0,001EE8FF,0,1,1,4294967295,0,1
oInvisibleSolid,880,64,002947A8,0,1,1,4294967295,0,0
oInvisibleSolid,944,16,003FE680,0,1,1,4294967295,0,1
oInvisibleSolid,784,80,000FCF9A,0,1,1,4294967295,0,1
oInvisibleSolid,784,96,0002FC2C,0,1,1,4294967295,0,0
oInvisibleSolid,640,112,0019C614,0,1,1,4294967295,0,1
oInvisibleSolid,640,176,001AE054,0,1,1,4294967295,0,1
oInvisibleSolid,640,240,00196096,0,1,1,4294967295,0,1
oInvisibleSolid,720,192,0014D151,0,1,1,4294967295,0,1
oInvisibleSolid,720,176,0019E4D8,0,1,1,4294967295,0,1
oInvisibleSolid,480,0,000F96B4,0,1,1,4294967295,0,1
oInvisibleSolid,496,112,00132973,0,1,1,4294967295,0,1
oInvisibleSolid,496,176,0011D1E0,0,1,1,4294967295,0,1
oInvisibleSolid,496,240,00005476,0,1,1,4294967295,0,1
oInvisibleSolid,896,208,002C3E56,0,1,1,4294967295,0,1
oInvisibleSolid,992,272,003F2826,0,1,1,4294967295,0,1
oInvisibleSolid,1664,272,001992DA,0,1,1,4294967295,0,1
oInvisibleSolid,1088,320,000D3150,0,1,1,4294967295,0,1
oInvisibleSolid,768,320,000C9BE3,0,1,1,4294967295,0,1
oInvisibleSolid,1056,0,002B1F70,0,1,1,4294967295,0,1
oInvisibleSolid,1696,0,0029883F,0,1,1,4294967295,0,1
oInvisibleSolid,1760,304,00329A1F,0,1,1,4294967295,0,1
oInvisibleSolid,1792,272,001653B4,0,1,1,4294967295,0,1
oInvisibleSolid,1984,320,0014CF2C,0,1,1,4294967295,0,1
oInvisibleSolid,2240,288,00367870,0,1,1,4294967295,0,1
oInvisibleSolid,2240,144,002F80D7,0,1,1,4294967295,0,1
oInvisibleSolid,2240,80,0008CE4E,0,1,1,4294967295,0,1
oInvisibleSolid,1952,0,0039F236,0,1,1,4294967295,0,1
oInvisibleSolid,1888,160,002F5FCA,0,1,1,4294967295,0,1
oInvisibleSolid,1824,160,002591E4,0,1,1,4294967295,0,1
oInvisibleSolid,2240,0,00245CB1,0,1,1,4294967295,0,1
oInvisibleSolid,1632,96,001AA961,0,1,1,4294967295,0,1
oInvisibleSolid,2528,320,002FE07E,0,1,1,4294967295,0,1
oInvisibleSolid,3392,176,003ACF9A,0,1,1,4294967295,0,1
oInvisibleSolid,3488,208,000663D7,0,1,1,4294967295,0,1
oInvisibleSolid,3520,240,00278708,0,1,1,4294967295,0,1
oInvisibleSolid,3648,112,00017F6A,0,1,1,4294967295,0,1
oInvisibleSolid,3552,80,003332E3,0,1,1,4294967295,0,1
oInvisibleSolid,3232,0,001D5104,0,1,1,4294967295,0,1
oInvisibleSolid,2752,0,002A37BE,0,1,1,4294967295,0,1
oInvisibleSolid,1632,0,000653B6,0,1,1,4294967295,0,1
oInvisibleSolid,3552,208,0017A27C,0,1,1,4294967295,0,1
