oMarioQBlock,880,224,002B3B80,0,1,1,4294967295,0,1
oMarioQBlock,896,224,000058D8,0,1,1,4294967295,0,1
oMarioQBlock,864,224,0033A619,0,1,1,4294967295,0,0
oMarioQBlock,912,224,0006F76E,0,1,1,4294967295,0,0
oMarioQBlock,848,224,002B9EEA,0,1,1,4294967295,0,0
oMarioQBlock,928,224,00185053,0,1,1,4294967295,0,0
oMarioQBlock,1488,128,001DF2F7,0,1,1,4294967295,0,1
oMarioBreakBlock,1472,192,0035BF6A,0,1,1,4294967295,0,0
oMarioBreakBlock,1472,208,00216B03,0,1,1,4294967295,0,0
oMarioBreakBlock,1488,208,000DF043,0,1,1,4294967295,0,0
oMarioBreakBlock,1488,192,003B2BA0,0,1,1,4294967295,0,0
oMarioBreakBlock,1248,192,003B2688,0,1,1,4294967295,0,0
oMarioBreakBlock,1248,208,0020CB73,0,1,1,4294967295,0,0
oMarioBreakBlock,1264,208,00260B29,0,1,1,4294967295,0,0
oMarioBreakBlock,1280,208,00321560,0,1,1,4294967295,0,0
oMarioBreakBlock,1296,208,001DBC24,0,1,1,4294967295,0,0
oMarioBreakBlock,1296,192,0007EEB9,0,1,1,4294967295,0,0
oMarioBreakBlock,1280,192,001C55F0,0,1,1,4294967295,0,0
oMarioBreakBlock,1264,192,0014958D,0,1,1,4294967295,0,0
oMarioBreakBlock,1248,160,0023E197,0,1,1,4294967295,0,0
oMarioBreakBlock,1248,176,00065414,0,1,1,4294967295,0,0
oMarioBreakBlock,1264,176,002216EF,0,1,1,4294967295,0,0
oMarioBreakBlock,1280,176,001F48AC,0,1,1,4294967295,0,0
oMarioBreakBlock,1296,176,000E48F3,0,1,1,4294967295,0,0
oMarioBreakBlock,1296,160,00311A69,0,1,1,4294967295,0,0
oMarioBreakBlock,1280,160,00213635,0,1,1,4294967295,0,0
oMarioBreakBlock,1264,160,00183DA0,0,1,1,4294967295,0,0
oMarioBreakBlock,1088,32,00325AF1,0,1,1,4294967295,0,0
oMarioBreakBlock,1088,48,002C76C0,0,1,1,4294967295,0,0
oMarioBreakBlock,1104,48,0029EADB,0,1,1,4294967295,0,0
oMarioBreakBlock,1120,48,003DFF37,0,1,1,4294967295,0,0
oMarioBreakBlock,1136,48,001AA9E9,0,1,1,4294967295,0,0
oMarioBreakBlock,1136,32,00028ADE,0,1,1,4294967295,0,0
oMarioBreakBlock,1120,32,003C00F8,0,1,1,4294967295,0,0
oMarioBreakBlock,1104,32,0001B7C4,0,1,1,4294967295,0,0
oMarioBreakBlock,1024,112,002E953D,0,1,1,4294967295,0,0
oMarioBreakBlock,1040,112,000C4273,0,1,1,4294967295,0,0
oMarioBreakBlock,1040,96,002F92B3,0,1,1,4294967295,0,0
oMarioBreakBlock,1024,96,0021A8A4,0,1,1,4294967295,0,0
oMarioBreakBlock,1024,128,0025297E,0,1,1,4294967295,0,0
oMarioBreakBlock,1024,144,00237489,0,1,1,4294967295,0,0
oMarioBreakBlock,1040,144,0010914F,0,1,1,4294967295,0,0
oMarioBreakBlock,1040,128,003A226B,0,1,1,4294967295,0,0
oExit,1480,288,0024CC38,0,1,1,4294967295,0,1
oMoneyChest,192,160,00278E72,0,1,1,4294967295,0,1
oMarioCoin,672,48,000F26C5,0,1,1,4294967295,0,0
oMarioCoin,672,64,00052859,0,1,1,4294967295,0,0
oMarioCoin,688,64,0035D949,0,1,1,4294967295,0,0
oMarioCoin,704,64,0029EC42,0,1,1,4294967295,0,0
oMarioCoin,720,64,003828FB,0,1,1,4294967295,0,0
oMarioCoin,736,64,0002FB57,0,1,1,4294967295,0,0
oMarioCoin,752,64,00056997,0,1,1,4294967295,0,0
oMarioCoin,752,48,0028C2BF,0,1,1,4294967295,0,0
oMarioCoin,736,48,0038E99C,0,1,1,4294967295,0,0
oMarioCoin,720,48,0018EF14,0,1,1,4294967295,0,0
oMarioCoin,704,48,00046E42,0,1,1,4294967295,0,0
oMarioCoin,688,48,001067D3,0,1,1,4294967295,0,0
oGoomba,336,288,00024F06,0,1,1,4294967295,0,0
oGoomba,720,256,0009DF5F,0,1,1,4294967295,0,0
oGoomba,400,128,003A0B3C,0,1,1,4294967295,0,0
oGoomba,624,128,000A0148,0,1,1,4294967295,0,0
oGoomba,928,128,002CF6EE,0,1,1,4294967295,0,0
oGoomba,960,288,00358487,0,1,1,4294967295,0,0
oGoomba,1344,128,00380561,0,1,1,4294967295,0,0
oGoomba,1168,288,002D94E0,0,1,1,4294967295,0,0
oGoomba,1040,96,000F16CE,0,1,1,4294967295,0,0
oGoomba,496,320,001AD8C8,0,1,1,4294967295,0,0
oBoomerBro,544,128,002C3E76,0,1,1,4294967295,0,0
oPlayer1,80,288,003F34CB,0,1,1,4294967295,0,0
oInvCollPH,256,144,000E6535,0,1,1,4294967295,0,0
oInvCollPH,256,160,0032C8AB,0,1,1,4294967295,0,0
oInvCollPH,256,176,0016EF27,0,1,1,4294967295,0,0
oInvCollPH,272,176,002F1584,0,1,1,4294967295,0,0
oInvCollPH,272,160,00382B6A,0,1,1,4294967295,0,0
oInvCollPH,272,144,003A79E3,0,1,1,4294967295,0,0
oInvCollPH,272,128,0003D1C2,0,1,1,4294967295,0,0
oInvCollPH,544,304,00222E6B,0,1,1,4294967295,0,0
oInvCollPH,544,320,0007F87B,0,1,1,4294967295,0,0
oInvCollPH,544,336,002315B1,0,1,1,4294967295,0,0
oInvCollPH,560,336,00300780,0,1,1,4294967295,0,0
oInvCollPH,560,320,001A7EF2,0,1,1,4294967295,0,0
oInvCollPH,560,304,0010BE5C,0,1,1,4294967295,0,0
oInvCollPH,560,288,00222A2D,0,1,1,4294967295,0,0
oInvCollPH,160,176,001693EA,0,1,1,4294967295,0,0
oInvCollPH,176,176,0026FB0C,0,1,1,4294967295,0,0
oInvCollPH,192,176,0005333D,0,1,1,4294967295,0,0
oInvCollPH,208,176,0031FAE3,0,1,1,4294967295,0,0
oInvCollPH,208,160,0032AE18,0,1,1,4294967295,0,0
oInvCollPH,192,160,0010F617,0,1,1,4294967295,0,0
oInvCollPH,176,160,003A63AC,0,1,1,4294967295,0,0
oInvCollPH,480,48,00220232,0,1,1,4294967295,0,0
oInvCollPH,496,48,000BBE05,0,1,1,4294967295,0,0
oInvCollPH,512,48,000FC22D,0,1,1,4294967295,0,0
oInvCollPH,528,48,00000D19,0,1,1,4294967295,0,0
oInvCollPH,528,32,00269083,0,1,1,4294967295,0,0
oInvCollPH,160,272,003E9CE9,0,1,1,4294967295,0,0
oInvCollPH,176,256,0016D0C3,0,1,1,4294967295,0,0
oInvCollPH,192,256,0009D12D,0,1,1,4294967295,0,0
oInvCollPH,208,256,00249242,0,1,1,4294967295,0,0
oInvCollPH,208,272,0035D530,0,1,1,4294967295,0,0
oInvCollPH,64,80,0028057B,0,1,1,4294967295,0,0
oInvCollPH,64,96,0022782F,0,1,1,4294967295,0,0
oInvCollPH,64,112,000B12B4,0,1,1,4294967295,0,0
oInvCollPH,64,128,002573D3,0,1,1,4294967295,0,0
oInvCollPH,64,144,001F82EE,0,1,1,4294967295,0,0
oInvCollPH,64,160,00050625,0,1,1,4294967295,0,0
oInvCollPH,64,176,001837E9,0,1,1,4294967295,0,0
oInvCollPH,64,192,001D6A54,0,1,1,4294967295,0,0
oInvCollPH,64,208,00011801,0,1,1,4294967295,0,0
oInvCollPH,80,208,003B25DA,0,1,1,4294967295,0,0
oInvCollPH,80,192,0037CDA7,0,1,1,4294967295,0,0
oInvCollPH,80,176,0021E4E4,0,1,1,4294967295,0,0
oInvCollPH,80,160,001D9086,0,1,1,4294967295,0,0
oInvCollPH,80,144,0030C6BF,0,1,1,4294967295,0,0
oInvCollPH,80,128,003C540F,0,1,1,4294967295,0,0
oInvCollPH,80,112,000328A5,0,1,1,4294967295,0,0
oInvCollPH,80,96,0035F60E,0,1,1,4294967295,0,0
oInvCollPH,80,80,000738DF,0,1,1,4294967295,0,0
oInvCollPH,80,64,000083FD,0,1,1,4294967295,0,0
oInvCollPH,400,320,0001250E,0,1,1,4294967295,0,0
oInvCollPH,416,320,001683B2,0,1,1,4294967295,0,0
oInvCollPH,432,320,003423A3,0,1,1,4294967295,0,0
oInvCollPH,448,320,0010FB42,0,1,1,4294967295,0,0
oInvCollPH,464,320,00135197,0,1,1,4294967295,0,0
oInvCollPH,480,320,002EA69F,0,1,1,4294967295,0,0
oInvCollPH,496,320,00109D68,0,1,1,4294967295,0,0
oInvCollPH,496,336,0009E91C,0,1,1,4294967295,0,0
oInvCollPH,352,144,0002453F,0,1,1,4294967295,0,0
oInvCollPH,368,144,003AE78D,0,1,1,4294967295,0,0
oInvCollPH,384,144,0010A761,0,1,1,4294967295,0,0
oInvCollPH,400,144,002DE2EB,0,1,1,4294967295,0,0
oInvCollPH,400,128,000DBAB3,0,1,1,4294967295,0,0
oInvCollPH,384,128,002C63E9,0,1,1,4294967295,0,0
oInvCollPH,368,128,001DAA7F,0,1,1,4294967295,0,0
oInvCollPH,1488,320,003E3976,0,1,1,4294967295,0,0
oInvCollPH,1376,272,0027CFE4,0,1,1,4294967295,0,0
oInvCollPH,1392,272,0001289F,0,1,1,4294967295,0,0
oInvCollPH,1392,256,002DC32E,0,1,1,4294967295,0,0
oInvCollPH,1376,288,0038FBD2,0,1,1,4294967295,0,0
oInvCollPH,1376,304,00232470,0,1,1,4294967295,0,0
oInvCollPH,1376,320,0016247A,0,1,1,4294967295,0,0
oInvCollPH,1376,336,0037A6D4,0,1,1,4294967295,0,0
oInvCollPH,1120,304,00288055,0,1,1,4294967295,0,0
oInvCollPH,1120,320,003E300E,0,1,1,4294967295,0,0
oInvCollPH,1120,336,00078E67,0,1,1,4294967295,0,0
oInvCollPH,1136,288,0036EB98,0,1,1,4294967295,0,0
oInvCollPH,1152,288,00049137,0,1,1,4294967295,0,0
oInvCollPH,1168,288,00048DCA,0,1,1,4294967295,0,0
oInvCollPH,1168,304,000B1E97,0,1,1,4294967295,0,0
oInvCollPH,1168,320,00036E19,0,1,1,4294967295,0,0
oInvCollPH,1168,336,0034DD06,0,1,1,4294967295,0,0
oInvCollPH,1248,304,001652D6,0,1,1,4294967295,0,0
oInvCollPH,1248,320,00360603,0,1,1,4294967295,0,0
oInvCollPH,1248,336,00100923,0,1,1,4294967295,0,0
oInvCollPH,1264,288,0010B929,0,1,1,4294967295,0,0
oInvCollPH,1280,288,0028FF98,0,1,1,4294967295,0,0
oInvCollPH,1296,288,00387915,0,1,1,4294967295,0,0
oInvCollPH,1296,304,00306A49,0,1,1,4294967295,0,0
oInvCollPH,1296,320,0011941A,0,1,1,4294967295,0,0
oInvCollPH,1296,336,0034CAAD,0,1,1,4294967295,0,0
oInvCollPH,1024,48,0026768F,0,1,1,4294967295,0,0
oInvCollPH,1040,48,001D283B,0,1,1,4294967295,0,0
oInvCollPH,1040,32,002EAFB9,0,1,1,4294967295,0,0
oInvCollPH,608,272,0003EE37,0,1,1,4294967295,0,0
oInvCollPH,608,288,0032713C,0,1,1,4294967295,0,0
oInvCollPH,608,304,00376FFB,0,1,1,4294967295,0,0
oInvCollPH,608,320,0037A53A,0,1,1,4294967295,0,0
oInvCollPH,608,336,0032600F,0,1,1,4294967295,0,0
oInvCollPH,624,336,0011A956,0,1,1,4294967295,0,0
oInvCollPH,624,320,001C916E,0,1,1,4294967295,0,0
oInvCollPH,624,304,000A5049,0,1,1,4294967295,0,0
oInvCollPH,624,288,003408B4,0,1,1,4294967295,0,0
oInvCollPH,624,272,00137B06,0,1,1,4294967295,0,0
oInvCollPH,624,256,00322C2B,0,1,1,4294967295,0,0
oInvCollPH,672,272,00139DAE,0,1,1,4294967295,0,0
oInvCollPH,672,288,0013F101,0,1,1,4294967295,0,0
oInvCollPH,672,304,003E8868,0,1,1,4294967295,0,0
oInvCollPH,672,320,0017358D,0,1,1,4294967295,0,0
oInvCollPH,672,336,0017FEDD,0,1,1,4294967295,0,0
oInvCollPH,720,336,0020F03C,0,1,1,4294967295,0,0
oInvCollPH,720,320,001DB7AA,0,1,1,4294967295,0,0
oInvCollPH,720,304,000393CC,0,1,1,4294967295,0,0
oInvCollPH,720,288,0016C684,0,1,1,4294967295,0,0
oInvCollPH,720,272,00149502,0,1,1,4294967295,0,0
oInvCollPH,720,256,003519EE,0,1,1,4294967295,0,0
oInvCollPH,704,256,0023C9C2,0,1,1,4294967295,0,0
oInvCollPH,688,256,0023ECE8,0,1,1,4294967295,0,0
oInvCollPH,800,304,0011EC64,0,1,1,4294967295,0,0
oInvCollPH,816,304,002028FD,0,1,1,4294967295,0,0
oInvCollPH,832,304,001617EC,0,1,1,4294967295,0,0
oInvCollPH,848,304,002847C1,0,1,1,4294967295,0,0
oInvCollPH,864,304,00236BD8,0,1,1,4294967295,0,0
oInvCollPH,880,304,00380536,0,1,1,4294967295,0,0
oInvCollPH,896,304,003DFA11,0,1,1,4294967295,0,0
oInvCollPH,912,304,0007C3DF,0,1,1,4294967295,0,0
oInvCollPH,928,304,003535D1,0,1,1,4294967295,0,0
oInvCollPH,944,304,00214FB8,0,1,1,4294967295,0,0
oInvCollPH,960,304,002BB2B7,0,1,1,4294967295,0,0
oInvCollPH,976,304,003CB159,0,1,1,4294967295,0,0
oInvCollPH,976,288,001635FD,0,1,1,4294967295,0,0
oInvCollPH,960,288,003F4F52,0,1,1,4294967295,0,0
oInvCollPH,944,288,0031B23F,0,1,1,4294967295,0,0
oInvCollPH,928,288,0003E8CB,0,1,1,4294967295,0,0
oInvCollPH,912,288,001BC2C4,0,1,1,4294967295,0,0
oInvCollPH,896,288,000CAF7A,0,1,1,4294967295,0,0
oInvCollPH,880,288,000400B6,0,1,1,4294967295,0,0
oInvCollPH,864,288,00108DCB,0,1,1,4294967295,0,0
oInvCollPH,848,288,0010274B,0,1,1,4294967295,0,0
oInvCollPH,832,288,003882A5,0,1,1,4294967295,0,0
oInvCollPH,816,288,001B0C7B,0,1,1,4294967295,0,0
oInvCollPH,1424,288,003BC967,0,1,1,4294967295,0,0
oInvCollPH,1440,288,002B43BF,0,1,1,4294967295,0,0
oInvCollPH,1456,288,00252E56,0,1,1,4294967295,0,0
oInvCollPH,1456,304,00167072,0,1,1,4294967295,0,0
oInvCollPH,1024,240,00083BBD,0,1,1,4294967295,0,0
oInvCollPH,1024,256,001BD529,0,1,1,4294967295,0,0
oInvCollPH,1024,272,000A9336,0,1,1,4294967295,0,0
oInvCollPH,1024,288,00397F63,0,1,1,4294967295,0,0
oInvCollPH,1024,304,001609E4,0,1,1,4294967295,0,0
oInvCollPH,1024,320,0000B66E,0,1,1,4294967295,0,0
oInvCollPH,1024,336,003A126D,0,1,1,4294967295,0,0
oInvCollPH,1040,336,001E0353,0,1,1,4294967295,0,0
oInvCollPH,1040,320,0031B27A,0,1,1,4294967295,0,0
oInvCollPH,1040,304,0039A6A1,0,1,1,4294967295,0,0
oInvCollPH,1040,288,001E56E9,0,1,1,4294967295,0,0
oInvCollPH,1040,272,00164B60,0,1,1,4294967295,0,0
oInvCollPH,1040,256,0003602B,0,1,1,4294967295,0,0
oInvCollPH,1040,240,000A8F18,0,1,1,4294967295,0,0
oInvCollPH,1040,224,00216A71,0,1,1,4294967295,0,0
oInvCollPH,1056,144,003BF1BC,0,1,1,4294967295,0,0
oInvCollPH,1072,144,002B45CE,0,1,1,4294967295,0,0
oInvCollPH,1088,144,0021EF5B,0,1,1,4294967295,0,0
oInvCollPH,1104,144,00290C56,0,1,1,4294967295,0,0
oInvCollPH,1120,144,00018399,0,1,1,4294967295,0,0
oInvCollPH,1136,144,0025F38D,0,1,1,4294967295,0,0
oInvCollPH,1136,128,0013785B,0,1,1,4294967295,0,0
oInvCollPH,1120,128,00367AA2,0,1,1,4294967295,0,0
oInvCollPH,1104,128,002C2819,0,1,1,4294967295,0,0
oInvCollPH,1088,128,002FB0F0,0,1,1,4294967295,0,0
oInvCollPH,1072,128,003C6399,0,1,1,4294967295,0,0
oInvCollPH,1216,144,003D6B57,0,1,1,4294967295,0,0
oInvCollPH,1232,144,00206067,0,1,1,4294967295,0,0
oInvCollPH,1248,144,001E0377,0,1,1,4294967295,0,0
oInvCollPH,1264,144,00038AA4,0,1,1,4294967295,0,0
oInvCollPH,1280,144,001A387A,0,1,1,4294967295,0,0
oInvCollPH,1296,144,000F886F,0,1,1,4294967295,0,0
oInvCollPH,1312,144,0003C496,0,1,1,4294967295,0,0
oInvCollPH,1328,144,0008B1D6,0,1,1,4294967295,0,0
oInvCollPH,1344,144,001EC434,0,1,1,4294967295,0,0
oInvCollPH,1360,144,00103799,0,1,1,4294967295,0,0
oInvCollPH,1376,144,003C1CF7,0,1,1,4294967295,0,0
oInvCollPH,1392,144,0014E6E2,0,1,1,4294967295,0,0
oInvCollPH,1392,128,003ADF60,0,1,1,4294967295,0,0
oInvCollPH,1376,128,0008DBE1,0,1,1,4294967295,0,0
oInvCollPH,1360,128,000A7ADB,0,1,1,4294967295,0,0
oInvCollPH,1344,128,003F4254,0,1,1,4294967295,0,0
oInvCollPH,1328,128,0019D178,0,1,1,4294967295,0,0
oInvCollPH,1312,128,001F393A,0,1,1,4294967295,0,0
oInvCollPH,1296,128,001463FB,0,1,1,4294967295,0,0
oInvCollPH,1280,128,003B6CA4,0,1,1,4294967295,0,0
oInvCollPH,1264,128,001BE5E9,0,1,1,4294967295,0,0
oInvCollPH,1248,128,002E2250,0,1,1,4294967295,0,0
oInvCollPH,1232,128,003AAE43,0,1,1,4294967295,0,0
oInvCollPH,1504,48,0020971A,0,1,1,4294967295,0,0
oInvCollPH,1504,64,001F9867,0,1,1,4294967295,0,0
oInvCollPH,1504,80,001675DE,0,1,1,4294967295,0,0
oInvCollPH,1504,96,00396126,0,1,1,4294967295,0,0
oInvCollPH,1504,112,0000F23C,0,1,1,4294967295,0,0
oInvCollPH,1504,144,0025E331,0,1,1,4294967295,0,0
oInvCollPH,1504,160,000D68FF,0,1,1,4294967295,0,0
oInvCollPH,1504,176,003A17D9,0,1,1,4294967295,0,0
oInvCollPH,1504,192,003EC7B0,0,1,1,4294967295,0,0
oInvCollPH,1504,208,0025B461,0,1,1,4294967295,0,0
oInvCollPH,1504,224,001A38D8,0,1,1,4294967295,0,0
oInvCollPH,1504,240,00167CFA,0,1,1,4294967295,0,0
oInvCollPH,1504,256,0017652F,0,1,1,4294967295,0,0
oInvCollPH,1504,272,0036D4C3,0,1,1,4294967295,0,0
oInvCollPH,1504,288,0007AD71,0,1,1,4294967295,0,0
oInvCollPH,1504,304,001D04F8,0,1,1,4294967295,0,0
oInvCollPH,480,176,00355598,0,1,1,4294967295,0,0
oInvCollPH,496,176,000A1763,0,1,1,4294967295,0,0
oInvCollPH,496,160,001CCAB2,0,1,1,4294967295,0,0
oInvCollPH,32,48,003365FF,0,1,1,4294967295,0,0
oInvCollPH,48,48,001AA9F2,0,1,1,4294967295,0,0
oInvCollPH,96,48,0038A677,0,1,1,4294967295,0,0
oInvCollPH,112,48,003D09CC,0,1,1,4294967295,0,0
oInvCollPH,128,48,0008CEFF,0,1,1,4294967295,0,0
oInvCollPH,144,48,001926BA,0,1,1,4294967295,0,0
oInvCollPH,160,48,003BA611,0,1,1,4294967295,0,0
oInvCollPH,176,48,00262126,0,1,1,4294967295,0,0
oInvCollPH,192,48,001694E6,0,1,1,4294967295,0,0
oInvCollPH,208,48,000AA17A,0,1,1,4294967295,0,0
oInvCollPH,224,48,003B2F70,0,1,1,4294967295,0,0
oInvCollPH,240,48,000D8702,0,1,1,4294967295,0,0
oInvCollPH,256,48,003AC305,0,1,1,4294967295,0,0
oInvCollPH,272,48,001A7C7F,0,1,1,4294967295,0,0
oInvCollPH,272,32,0024530C,0,1,1,4294967295,0,0
oInvCollPH,16,64,002F1612,0,1,1,4294967295,0,0
oInvCollPH,16,80,00102C44,0,1,1,4294967295,0,0
oInvCollPH,16,96,00377342,0,1,1,4294967295,0,0
oInvCollPH,16,112,0011A431,0,1,1,4294967295,0,0
oInvCollPH,16,128,0030D241,0,1,1,4294967295,0,0
oInvCollPH,16,144,0032131B,0,1,1,4294967295,0,0
oInvCollPH,16,160,001ADD82,0,1,1,4294967295,0,0
oInvCollPH,16,176,001B2A60,0,1,1,4294967295,0,0
oInvCollPH,16,192,0010B4DD,0,1,1,4294967295,0,0
oInvCollPH,16,208,0025A46C,0,1,1,4294967295,0,0
oInvCollPH,16,224,0020AB21,0,1,1,4294967295,0,0
oInvCollPH,16,240,0035739E,0,1,1,4294967295,0,0
oInvCollPH,16,256,001CB6C0,0,1,1,4294967295,0,0
oInvCollPH,16,272,00002D69,0,1,1,4294967295,0,0
oInvCollPH,48,288,00381091,0,1,1,4294967295,0,0
oInvCollPH,64,288,0016BD7F,0,1,1,4294967295,0,0
oInvCollPH,80,288,00082D9C,0,1,1,4294967295,0,0
oInvCollPH,96,288,0022BE51,0,1,1,4294967295,0,0
oInvCollPH,112,288,000B5E3B,0,1,1,4294967295,0,0
oInvCollPH,128,288,002A5B9D,0,1,1,4294967295,0,0
oInvCollPH,144,288,0004B84B,0,1,1,4294967295,0,0
oInvCollPH,224,288,003B8D7C,0,1,1,4294967295,0,0
oInvCollPH,240,288,0009A3C8,0,1,1,4294967295,0,0
oInvCollPH,256,288,0025898B,0,1,1,4294967295,0,0
oInvCollPH,272,288,000D7832,0,1,1,4294967295,0,0
oInvCollPH,288,288,000EE673,0,1,1,4294967295,0,0
oInvCollPH,304,288,000975A0,0,1,1,4294967295,0,0
oInvCollPH,320,288,002A2617,0,1,1,4294967295,0,0
oInvCollPH,336,288,002AAFA9,0,1,1,4294967295,0,0
oInvCollPH,352,288,0014785F,0,1,1,4294967295,0,0
oInvCollPH,368,288,0014EB71,0,1,1,4294967295,0,0
oInvCollPH,368,304,00298B02,0,1,1,4294967295,0,0
oInvCollPH,480,144,003F2C95,0,1,1,4294967295,0,0
oInvCollPH,496,128,0005E909,0,1,1,4294967295,0,0
oInvCollPH,512,128,003651F1,0,1,1,4294967295,0,0
oInvCollPH,528,128,001155F1,0,1,1,4294967295,0,0
oInvCollPH,544,128,000335BB,0,1,1,4294967295,0,0
oInvCollPH,560,128,0012EB73,0,1,1,4294967295,0,0
oInvCollPH,576,128,0031972E,0,1,1,4294967295,0,0
oInvCollPH,592,128,0018654E,0,1,1,4294967295,0,0
oInvCollPH,608,128,00210B0C,0,1,1,4294967295,0,0
oInvCollPH,624,128,0034CE85,0,1,1,4294967295,0,0
oInvCollPH,640,128,00268A7D,0,1,1,4294967295,0,0
oInvCollPH,656,128,0011CE46,0,1,1,4294967295,0,0
oInvCollPH,656,144,0031398D,0,1,1,4294967295,0,0
oInvCollPH,640,144,00336184,0,1,1,4294967295,0,0
oInvCollPH,624,144,0024BEE6,0,1,1,4294967295,0,0
oInvCollPH,608,144,003F8ECA,0,1,1,4294967295,0,0
oInvCollPH,592,144,00312002,0,1,1,4294967295,0,0
oInvCollPH,576,144,003A0954,0,1,1,4294967295,0,0
oInvCollPH,560,144,000D94BE,0,1,1,4294967295,0,0
oInvCollPH,544,144,002817B0,0,1,1,4294967295,0,0
oInvCollPH,528,144,0010A277,0,1,1,4294967295,0,0
oInvCollPH,512,144,0029FDAF,0,1,1,4294967295,0,0
oInvCollPH,768,144,002FE23C,0,1,1,4294967295,0,0
oInvCollPH,784,144,000AD327,0,1,1,4294967295,0,0
oInvCollPH,800,144,000D12A1,0,1,1,4294967295,0,0
oInvCollPH,816,144,002B7A13,0,1,1,4294967295,0,0
oInvCollPH,832,144,0015689C,0,1,1,4294967295,0,0
oInvCollPH,848,144,0015396C,0,1,1,4294967295,0,0
oInvCollPH,864,144,001A5AA9,0,1,1,4294967295,0,0
oInvCollPH,880,144,000A264E,0,1,1,4294967295,0,0
oInvCollPH,896,144,00122C7C,0,1,1,4294967295,0,0
oInvCollPH,912,144,00127E35,0,1,1,4294967295,0,0
oInvCollPH,928,144,002F7573,0,1,1,4294967295,0,0
oInvCollPH,944,144,003EEDFB,0,1,1,4294967295,0,0
oInvCollPH,960,144,002AA693,0,1,1,4294967295,0,0
oInvCollPH,976,144,001D6E0A,0,1,1,4294967295,0,0
oInvCollPH,992,144,0017AD7A,0,1,1,4294967295,0,0
oInvCollPH,1008,144,00112979,0,1,1,4294967295,0,0
oInvCollPH,1008,128,0040303E,0,1,1,4294967295,0,0
oInvCollPH,992,128,0029102D,0,1,1,4294967295,0,0
oInvCollPH,976,128,003D41CD,0,1,1,4294967295,0,0
oInvCollPH,960,128,0016363A,0,1,1,4294967295,0,0
oInvCollPH,944,128,003D3FD2,0,1,1,4294967295,0,0
oInvCollPH,928,128,0008E6C5,0,1,1,4294967295,0,0
oInvCollPH,912,128,002CD0A3,0,1,1,4294967295,0,0
oInvCollPH,896,128,00147A72,0,1,1,4294967295,0,0
oInvCollPH,880,128,000C3962,0,1,1,4294967295,0,0
oInvCollPH,864,128,00300B06,0,1,1,4294967295,0,0
oInvCollPH,848,128,002A7E2C,0,1,1,4294967295,0,0
oInvCollPH,832,128,0031A525,0,1,1,4294967295,0,0
oInvCollPH,816,128,0034C937,0,1,1,4294967295,0,0
oInvCollPH,800,128,002AD0D7,0,1,1,4294967295,0,0
oInvCollPH,784,128,00358E19,0,1,1,4294967295,0,0
oInvCollPH,288,16,00153630,0,1,1,4294967295,0,0
oInvCollPH,304,16,00075444,0,1,1,4294967295,0,0
oInvCollPH,320,16,002FED32,0,1,1,4294967295,0,0
oInvCollPH,336,16,0031948C,0,1,1,4294967295,0,0
oInvCollPH,352,16,0002C816,0,1,1,4294967295,0,0
oInvCollPH,368,16,00190884,0,1,1,4294967295,0,0
oInvCollPH,384,16,0029DA1C,0,1,1,4294967295,0,0
oInvCollPH,400,16,0037230E,0,1,1,4294967295,0,0
oInvCollPH,416,16,0036F922,0,1,1,4294967295,0,0
oInvCollPH,432,16,001184D0,0,1,1,4294967295,0,0
oInvCollPH,448,16,0033E925,0,1,1,4294967295,0,0
oInvCollPH,464,16,001DE81A,0,1,1,4294967295,0,0
oInvCollPH,544,16,0027C4A5,0,1,1,4294967295,0,0
oInvCollPH,560,16,002E742A,0,1,1,4294967295,0,0
oInvCollPH,576,16,000F3F59,0,1,1,4294967295,0,0
oInvCollPH,592,16,00255E3E,0,1,1,4294967295,0,0
oInvCollPH,608,16,001A063A,0,1,1,4294967295,0,0
oInvCollPH,624,16,002104B7,0,1,1,4294967295,0,0
oInvCollPH,640,16,0029A15B,0,1,1,4294967295,0,0
oInvCollPH,656,16,002C2F62,0,1,1,4294967295,0,0
oInvCollPH,672,16,00058C1C,0,1,1,4294967295,0,0
oInvCollPH,688,16,000586E4,0,1,1,4294967295,0,0
oInvCollPH,704,16,00187893,0,1,1,4294967295,0,0
oInvCollPH,720,16,003C6417,0,1,1,4294967295,0,0
oInvCollPH,736,16,001B8C1C,0,1,1,4294967295,0,0
oInvCollPH,752,16,003C9D23,0,1,1,4294967295,0,0
oInvCollPH,768,16,00053089,0,1,1,4294967295,0,0
oInvCollPH,784,16,003CEF20,0,1,1,4294967295,0,0
oInvCollPH,800,16,000B41A6,0,1,1,4294967295,0,0
oInvCollPH,816,16,0000D2B7,0,1,1,4294967295,0,0
oInvCollPH,832,16,000C5A80,0,1,1,4294967295,0,0
oInvCollPH,848,16,002D22C0,0,1,1,4294967295,0,0
oInvCollPH,864,16,003745BD,0,1,1,4294967295,0,0
oInvCollPH,880,16,0029AB46,0,1,1,4294967295,0,0
oInvCollPH,896,16,00297DF3,0,1,1,4294967295,0,0
oInvCollPH,912,16,001C2A32,0,1,1,4294967295,0,0
oInvCollPH,928,16,00154DC8,0,1,1,4294967295,0,0
oInvCollPH,944,16,000BF1FB,0,1,1,4294967295,0,0
oInvCollPH,960,16,0015EA94,0,1,1,4294967295,0,0
oInvCollPH,976,16,001FD26C,0,1,1,4294967295,0,0
oInvCollPH,992,16,000E6217,0,1,1,4294967295,0,0
oInvCollPH,1008,16,000F3640,0,1,1,4294967295,0,0
oInvCollPH,1056,16,0012A076,0,1,1,4294967295,0,0
oInvCollPH,1072,16,001D6FA1,0,1,1,4294967295,0,0
oInvCollPH,1088,16,00371F67,0,1,1,4294967295,0,0
oInvCollPH,1104,16,000860C1,0,1,1,4294967295,0,0
oInvCollPH,1120,16,00218963,0,1,1,4294967295,0,0
oInvCollPH,1136,16,00089639,0,1,1,4294967295,0,0
oInvCollPH,1152,16,0013B2EF,0,1,1,4294967295,0,0
oInvCollPH,1168,16,000BD8CB,0,1,1,4294967295,0,0
oInvCollPH,1184,16,0007A242,0,1,1,4294967295,0,0
oInvCollPH,1200,16,000A093E,0,1,1,4294967295,0,0
oInvCollPH,1216,16,002766FA,0,1,1,4294967295,0,0
oInvCollPH,1232,16,002E48C3,0,1,1,4294967295,0,0
oInvCollPH,1248,16,003F4048,0,1,1,4294967295,0,0
oInvCollPH,1264,16,00115237,0,1,1,4294967295,0,0
oInvCollPH,1280,16,0018EF5F,0,1,1,4294967295,0,0
oInvCollPH,1296,16,00402CD8,0,1,1,4294967295,0,0
oInvCollPH,1312,16,000D348B,0,1,1,4294967295,0,0
oInvCollPH,1328,16,00257E33,0,1,1,4294967295,0,0
oInvCollPH,1344,16,0011E07D,0,1,1,4294967295,0,0
oInvCollPH,1360,16,001FD979,0,1,1,4294967295,0,0
oInvCollPH,1376,16,0007F4BF,0,1,1,4294967295,0,0
oInvCollPH,1392,16,00167917,0,1,1,4294967295,0,0
oInvCollPH,1408,16,00025C30,0,1,1,4294967295,0,0
oInvCollPH,1424,16,000C52B6,0,1,1,4294967295,0,0
oInvCollPH,1440,16,001DCE1D,0,1,1,4294967295,0,0
oInvCollPH,1456,16,0003A6B8,0,1,1,4294967295,0,0
oInvCollPH,1472,16,000B97A1,0,1,1,4294967295,0,0
oInvCollPH,1488,16,003317E9,0,1,1,4294967295,0,0
oInvisibleSolid,64,64,0008DDBD,0,1,1,4294967295,0,1
oInvisibleSolid,32,0,00390F04,0,1,1,4294967295,0,1
oInvisibleSolid,288,0,001E0D2F,0,1,1,4294967295,0,1
oInvisibleSolid,480,32,00047F44,0,1,1,4294967295,0,1
oInvisibleSolid,1024,32,002586BD,0,1,1,4294967295,0,1
oInvisibleSolid,1504,32,0035EACF,0,1,1,4294967295,0,1
oInvisibleSolid,1472,320,002BE3A7,0,1,1,4294967295,0,1
oInvisibleSolid,1408,288,002CD42A,0,1,1,4294967295,0,1
oInvisibleSolid,1376,256,002FA142,0,1,1,4294967295,0,1
oInvisibleSolid,1216,128,000314BD,0,1,1,4294967295,0,1
oInvisibleSolid,1056,128,001DA0A9,0,1,1,4294967295,0,1
oInvisibleSolid,1248,288,00154976,0,1,1,4294967295,0,1
oInvisibleSolid,1120,288,0001F704,0,1,1,4294967295,0,1
oInvisibleSolid,1024,224,00081C5F,0,1,1,4294967295,0,1
oInvisibleSolid,768,128,0008B47D,0,1,1,4294967295,0,1
oInvisibleSolid,800,288,003216A0,0,1,1,4294967295,0,1
oInvisibleSolid,672,256,003CB3E9,0,1,1,4294967295,0,1
oInvisibleSolid,608,256,0022D5FC,0,1,1,4294967295,0,1
oInvisibleSolid,544,288,003660C5,0,1,1,4294967295,0,1
oInvisibleSolid,480,128,001EB739,0,1,1,4294967295,0,1
oInvisibleSolid,480,160,0006AC17,0,1,1,4294967295,0,1
oInvisibleSolid,352,128,0016B9C6,0,1,1,4294967295,0,1
oInvisibleSolid,256,128,0018FE05,0,1,1,4294967295,0,1
oInvisibleSolid,160,160,002BD1AE,0,1,1,4294967295,0,1
oInvisibleSolid,32,288,0039BCEE,0,1,1,4294967295,0,1
oInvisibleSolid,160,256,0035D340,0,1,1,4294967295,0,1
oInvisibleSolid,384,320,002307F9,0,1,1,4294967295,0,1
oInvisibleSolid,0,0,0002AD92,0,1,1,4294967295,0,1
