oExit,0,272,002A4AC9,0,1,1,4294967295,0,1
oExit,1056,368,000B52E6,0,1,1,4294967295,0,1
oHealingPost,976,400,003961A6,0,1,1,4294967295,0,0
oLittleBirdStaticA,154,48,0003B20C,0,1,1,4294967295,0,0
oLittleBirdStaticA,168,48,0034DAF9,0,1,1,4294967295,0,0
oStrikeChainPoint,320,416,00300BCF,0,1,1,4294967295,0,0
oMovingTrap,192,416,00079C27,0,1,1,4294967295,0,1
oLargeJumper,836,216,00090D42,0,1,1,4294967295,0,0
oCrushingSpike,208,272,0023A9DA,0,1,1,4294967295,0,0
oCrushingSpike,320,224,002CF9F1,0,1,1,4294967295,0,0
oPlayer1,48,304,00277929,0,1,1,4294967295,0,0
oScaledTrapZone,80,288,00385ED1,0,1,1,4294967295,0,1
oScaledTrapZone,96,368,002B06FC,0,1,1,4294967295,0,1
oScaledTrapZone,496,224,0027F1E6,0,1,1,4294967295,0,1
oScaledTrapZone,576,224,00386799,0,1,1,4294967295,0,1
oScaledTrapZone,608,368,0027B382,0,1,1,4294967295,0,1
oScaledTrapZone,720,336,0031905A,0,1,1,4294967295,0,1
oScaledTrapZone,528,368,0034AEDC,0,1,1,4294967295,0,1
oScaledTrapZone,464,368,0033F231,0,1,1,4294967295,0,1
oScaledTrapZone,416,368,001B6096,0,1,1,4294967295,0,1
oScaledTrapZone,352,368,0037CE5A,0,1,1,4294967295,0,1
oScaledTrapZone,144,464,003F5289,0,1,1,4294967295,0,1
oInvCollPH,16,304,002F1FC3,0,1,1,4294967295,0,0
oInvCollPH,32,304,00081948,0,1,1,4294967295,0,0
oInvCollPH,64,304,00100A47,0,1,1,4294967295,0,0
oInvCollPH,80,304,0004A4E2,0,1,1,4294967295,0,0
oInvCollPH,48,304,002A961C,0,1,1,4294967295,0,0
oInvCollPH,80,320,0002B965,0,1,1,4294967295,0,0
oInvCollPH,80,336,002ABB6E,0,1,1,4294967295,0,0
oInvCollPH,80,352,0024B9DA,0,1,1,4294967295,0,0
oInvCollPH,80,368,0039D126,0,1,1,4294967295,0,0
oInvCollPH,112,384,00388170,0,1,1,4294967295,0,0
oInvCollPH,128,384,002263EA,0,1,1,4294967295,0,0
oInvCollPH,128,400,000AD151,0,1,1,4294967295,0,0
oInvCollPH,128,416,000AFBD0,0,1,1,4294967295,0,0
oInvCollPH,128,432,003D8F17,0,1,1,4294967295,0,0
oInvCollPH,128,448,003EBF60,0,1,1,4294967295,0,0
oInvCollPH,128,464,0028DFB2,0,1,1,4294967295,0,0
oInvCollPH,160,480,001D2A81,0,1,1,4294967295,0,0
oInvCollPH,176,480,00254EAD,0,1,1,4294967295,0,0
oInvCollPH,192,480,00336CB9,0,1,1,4294967295,0,0
oInvCollPH,208,480,000506BE,0,1,1,4294967295,0,0
oInvCollPH,224,480,003756DE,0,1,1,4294967295,0,0
oInvCollPH,352,480,001C54C8,0,1,1,4294967295,0,0
oInvCollPH,336,480,001D69EF,0,1,1,4294967295,0,0
oInvCollPH,320,480,00140E25,0,1,1,4294967295,0,0
oInvCollPH,304,480,0006CFC3,0,1,1,4294967295,0,0
oInvCollPH,288,480,002976B1,0,1,1,4294967295,0,0
oInvCollPH,272,480,003B88E1,0,1,1,4294967295,0,0
oInvCollPH,240,480,0039E044,0,1,1,4294967295,0,0
oInvCollPH,256,480,000415CB,0,1,1,4294967295,0,0
oInvCollPH,368,400,0035D98A,0,1,1,4294967295,0,0
oInvCollPH,368,416,000F36FB,0,1,1,4294967295,0,0
oInvCollPH,368,432,0033B6D6,0,1,1,4294967295,0,0
oInvCollPH,368,448,001B31C6,0,1,1,4294967295,0,0
oInvCollPH,368,464,000F1443,0,1,1,4294967295,0,0
oInvCollPH,384,384,000FABEB,0,1,1,4294967295,0,0
oInvCollPH,400,384,00058A89,0,1,1,4294967295,0,0
oInvCollPH,400,400,002E605E,0,1,1,4294967295,0,0
oInvCollPH,400,416,001E5D7B,0,1,1,4294967295,0,0
oInvCollPH,400,432,0029341C,0,1,1,4294967295,0,0
oInvCollPH,400,448,0020D1D5,0,1,1,4294967295,0,0
oInvCollPH,400,464,0001721E,0,1,1,4294967295,0,0
oInvCollPH,400,480,00340E64,0,1,1,4294967295,0,0
oInvCollPH,400,496,000B193C,0,1,1,4294967295,0,0
oInvCollPH,400,512,0033AFEE,0,1,1,4294967295,0,0
oInvCollPH,400,528,00393FDA,0,1,1,4294967295,0,0
oInvCollPH,400,544,00390627,0,1,1,4294967295,0,0
oInvCollSH,496,384,00335F3A,0,1,1,4294967295,0,0
oInvCollSH,512,384,001C9BFE,0,1,1,4294967295,0,0
oInvCollSH,528,384,00054878,0,1,1,4294967295,0,0
oInvCollSH,544,384,00394DA1,0,1,1,4294967295,0,0
oInvCollSH,560,384,000EEF90,0,1,1,4294967295,0,0
oInvCollSH,576,384,0022AECA,0,1,1,4294967295,0,0
oInvCollSH,592,384,003FA185,0,1,1,4294967295,0,0
oInvCollSH,608,384,00246985,0,1,1,4294967295,0,0
oInvCollPH,304,192,0005BDBC,0,1,1,4294967295,0,0
oInvCollPH,320,192,000EFD62,0,1,1,4294967295,0,0
oInvCollPH,320,176,001FF919,0,1,1,4294967295,0,0
oInvCollPH,464,128,0011BFAE,0,1,1,4294967295,0,0
oInvCollPH,480,144,00182FEC,0,1,1,4294967295,0,0
oInvCollPH,496,160,00304840,0,1,1,4294967295,0,0
oInvCollPH,512,176,001CFAD1,0,1,1,4294967295,0,0
oInvCollPH,528,192,0026CA38,0,1,1,4294967295,0,0
oInvCollPH,640,128,00216A8E,0,1,1,4294967295,0,0
oInvCollPH,624,144,00224F4E,0,1,1,4294967295,0,0
oInvCollPH,608,160,0015CC9B,0,1,1,4294967295,0,0
oInvCollPH,592,176,000B67B7,0,1,1,4294967295,0,0
oInvCollPH,576,192,0015A0D6,0,1,1,4294967295,0,0
oInvCollPH,224,272,003195A7,0,1,1,4294967295,0,0
oInvCollPH,224,288,001A00B9,0,1,1,4294967295,0,0
oInvCollPH,224,304,001A8E0D,0,1,1,4294967295,0,0
oInvCollPH,224,320,00123983,0,1,1,4294967295,0,0
oInvCollPH,224,336,001EA528,0,1,1,4294967295,0,0
oInvCollPH,224,352,0037ECA4,0,1,1,4294967295,0,0
oInvCollPH,224,368,00080340,0,1,1,4294967295,0,0
oInvCollPH,240,368,0036C989,0,1,1,4294967295,0,0
oInvCollPH,256,368,0004FE26,0,1,1,4294967295,0,0
oInvCollPH,256,352,003DE618,0,1,1,4294967295,0,0
oInvCollPH,256,336,002351A5,0,1,1,4294967295,0,0
oInvCollPH,256,320,0017C08E,0,1,1,4294967295,0,0
oInvCollPH,256,304,002624E2,0,1,1,4294967295,0,0
oInvCollPH,256,288,0000A2A4,0,1,1,4294967295,0,0
oInvCollPH,256,272,000E46C0,0,1,1,4294967295,0,0
oInvCollPH,256,256,001A1B38,0,1,1,4294967295,0,0
oInvCollPH,528,224,0036B28F,0,1,1,4294967295,0,0
oInvCollPH,544,208,00387268,0,1,1,4294967295,0,0
oInvCollPH,512,240,00042646,0,1,1,4294967295,0,0
oInvCollPH,496,256,0017624E,0,1,1,4294967295,0,0
oInvCollPH,512,256,0021A0B2,0,1,1,4294967295,0,0
oInvCollPH,528,272,00017A01,0,1,1,4294967295,0,0
oInvCollPH,528,288,000E45C2,0,1,1,4294967295,0,0
oInvCollPH,544,288,00394770,0,1,1,4294967295,0,0
oInvCollPH,560,288,002E9FA3,0,1,1,4294967295,0,0
oInvCollPH,560,272,000C6B70,0,1,1,4294967295,0,0
oInvCollPH,576,256,0021C490,0,1,1,4294967295,0,0
oInvCollPH,592,256,003CB32B,0,1,1,4294967295,0,0
oInvCollPH,592,240,0003AC60,0,1,1,4294967295,0,0
oInvCollPH,576,240,0005CC76,0,1,1,4294967295,0,0
oInvCollPH,560,224,002FEC8E,0,1,1,4294967295,0,0
oInvCollPH,560,208,001CFFB5,0,1,1,4294967295,0,0
oInvCollPH,720,368,00112D30,0,1,1,4294967295,0,0
oInvCollPH,720,384,0030B08C,0,1,1,4294967295,0,0
oInvCollPH,720,400,0016AF19,0,1,1,4294967295,0,0
oInvCollPH,720,416,0031DF8D,0,1,1,4294967295,0,0
oInvCollPH,736,416,000E63E0,0,1,1,4294967295,0,0
oInvCollPH,736,400,001B0482,0,1,1,4294967295,0,0
oInvCollPH,736,384,002B6E9E,0,1,1,4294967295,0,0
oInvCollPH,736,368,002F4529,0,1,1,4294967295,0,0
oInvCollPH,736,352,00124C70,0,1,1,4294967295,0,0
oInvCollPH,192,224,000DDEC7,0,1,1,4294967295,0,0
oInvCollPH,192,240,002CF08F,0,1,1,4294967295,0,0
oInvCollPH,208,240,0001C5C2,0,1,1,4294967295,0,0
oInvCollPH,256,208,0015FB79,0,1,1,4294967295,0,0
oInvCollPH,256,224,0005EFBD,0,1,1,4294967295,0,0
oInvCollPH,256,240,0004C4A9,0,1,1,4294967295,0,0
oInvCollPH,144,144,0004BCE2,0,1,1,4294967295,0,0
oInvCollPH,144,160,001EA4B4,0,1,1,4294967295,0,0
oInvCollPH,144,176,00226BC8,0,1,1,4294967295,0,0
oInvCollPH,144,192,0018903C,0,1,1,4294967295,0,0
oInvCollPH,160,192,0013512F,0,1,1,4294967295,0,0
oInvCollPH,176,192,000B2DF1,0,1,1,4294967295,0,0
oInvCollPH,256,192,001EA7FC,0,1,1,4294967295,0,0
oInvCollPH,256,176,00244BAD,0,1,1,4294967295,0,0
oInvCollPH,256,160,00255AE1,0,1,1,4294967295,0,0
oInvCollPH,256,144,0017FD17,0,1,1,4294967295,0,0
oInvCollPH,256,128,000F13D8,0,1,1,4294967295,0,0
oInvCollPH,256,80,0003E655,0,1,1,4294967295,0,0
oInvCollPH,256,96,0006E1DF,0,1,1,4294967295,0,0
oInvCollPH,256,112,00314167,0,1,1,4294967295,0,0
oInvCollPH,240,96,002C352E,0,1,1,4294967295,0,0
oInvCollPH,240,112,0007B7B2,0,1,1,4294967295,0,0
oInvCollPH,192,128,00094258,0,1,1,4294967295,0,0
oInvCollPH,208,128,002101DC,0,1,1,4294967295,0,0
oInvCollPH,224,128,00232B67,0,1,1,4294967295,0,0
oInvCollPH,144,64,0025FC12,0,1,1,4294967295,0,0
oInvCollPH,144,80,000A05D9,0,1,1,4294967295,0,0
oInvCollPH,144,96,00337F7A,0,1,1,4294967295,0,0
oInvCollPH,144,112,00354742,0,1,1,4294967295,0,0
oInvCollPH,176,112,002EC181,0,1,1,4294967295,0,0
oInvCollPH,176,96,000201F4,0,1,1,4294967295,0,0
oInvCollPH,176,80,003A9699,0,1,1,4294967295,0,0
oInvCollPH,176,64,003955C3,0,1,1,4294967295,0,0
oInvCollPH,176,48,00345F45,0,1,1,4294967295,0,0
oInvCollPH,160,48,00197DB4,0,1,1,4294967295,0,0
oInvCollPH,832,256,002EBD6A,0,1,1,4294967295,0,0
oInvCollPH,848,256,0029B5A9,0,1,1,4294967295,0,0
oInvCollPH,848,240,002A5C99,0,1,1,4294967295,0,0
oInvCollPH,896,320,0010270B,0,1,1,4294967295,0,0
oInvCollPH,912,320,0033EFD5,0,1,1,4294967295,0,0
oInvCollPH,912,304,000F424D,0,1,1,4294967295,0,0
oInvCollPH,832,416,001A3879,0,1,1,4294967295,0,0
oInvCollPH,832,432,002D28A8,0,1,1,4294967295,0,0
oInvCollPH,832,448,0003A77E,0,1,1,4294967295,0,0
oInvCollPH,832,464,001E5F8E,0,1,1,4294967295,0,0
oInvCollPH,848,400,001C794C,0,1,1,4294967295,0,0
oInvCollPH,864,400,003D37B2,0,1,1,4294967295,0,0
oInvCollPH,880,400,00012317,0,1,1,4294967295,0,0
oInvCollPH,896,400,001677D1,0,1,1,4294967295,0,0
oInvCollPH,976,400,00169557,0,1,1,4294967295,0,0
oInvCollPH,960,400,003A43A4,0,1,1,4294967295,0,0
oInvCollPH,944,400,0035444B,0,1,1,4294967295,0,0
oInvCollPH,928,400,00207C9F,0,1,1,4294967295,0,0
oInvCollPH,912,400,0007E49B,0,1,1,4294967295,0,0
oInvCollPH,832,480,000A59DF,0,1,1,4294967295,0,0
oInvCollPH,832,496,001169BC,0,1,1,4294967295,0,0
oInvCollPH,832,512,001E8D26,0,1,1,4294967295,0,0
oInvCollPH,832,528,00154EBA,0,1,1,4294967295,0,0
oInvCollPH,832,544,00353629,0,1,1,4294967295,0,0
oInvCollPH,992,400,00371991,0,1,1,4294967295,0,0
oInvCollPH,1008,400,001655C9,0,1,1,4294967295,0,0
oInvCollPH,1024,400,0032C08A,0,1,1,4294967295,0,0
oInvCollPH,1040,400,0024C095,0,1,1,4294967295,0,0
oInvCollPH,1056,400,002BF4A2,0,1,1,4294967295,0,0
oInvCollPH,1008,128,002E0323,0,1,1,4294967295,0,0
oInvCollPH,1008,144,0009205D,0,1,1,4294967295,0,0
oInvCollPH,1008,160,002185D4,0,1,1,4294967295,0,0
oInvCollPH,1008,176,0032D48A,0,1,1,4294967295,0,0
oInvCollPH,1008,192,0038F10A,0,1,1,4294967295,0,0
oInvCollPH,1008,208,00340B3B,0,1,1,4294967295,0,0
oInvCollPH,1008,224,001C7349,0,1,1,4294967295,0,0
oInvCollPH,1008,240,00328048,0,1,1,4294967295,0,0
oInvCollPH,1008,256,000BEA1A,0,1,1,4294967295,0,0
oInvCollPH,1008,272,0034DE35,0,1,1,4294967295,0,0
oInvCollPH,1008,288,0022244A,0,1,1,4294967295,0,0
oInvCollPH,1008,304,00260976,0,1,1,4294967295,0,0
oInvCollPH,1008,320,000F5A52,0,1,1,4294967295,0,0
oInvCollPH,1024,320,000F1EF2,0,1,1,4294967295,0,0
oInvCollPH,1040,320,001E66E4,0,1,1,4294967295,0,0
oInvCollPH,1056,320,001CC40B,0,1,1,4294967295,0,0
oInvCollPH,944,16,00024390,0,1,1,4294967295,0,0
oInvCollPH,944,32,002EA57C,0,1,1,4294967295,0,0
oInvCollPH,944,48,0004A7F6,0,1,1,4294967295,0,0
oInvCollPH,944,64,000D17C3,0,1,1,4294967295,0,0
oInvCollPH,944,80,00106485,0,1,1,4294967295,0,0
oInvCollPH,944,96,003FD2EE,0,1,1,4294967295,0,0
oInvCollPH,960,96,000DAEE3,0,1,1,4294967295,0,0
oInvCollPH,976,96,003FD3C5,0,1,1,4294967295,0,0
oInvCollPH,992,96,002BE240,0,1,1,4294967295,0,0
oInvisibleSolid,0,304,000DF536,0,1,1,4294967295,0,1
oInvisibleSolid,96,384,001133A3,0,1,1,4294967295,0,1
oInvisibleSolid,144,480,00049B10,0,1,1,4294967295,0,1
oInvisibleSolid,368,384,002F0A88,0,1,1,4294967295,0,1
oInvisibleSolid,416,384,002CA46C,0,1,1,4294967295,0,0
oInvisibleSolid,224,256,00184BCA,0,1,1,4294967295,0,1
oInvisibleSolid,192,208,000CD57D,0,1,1,4294967295,0,1
oInvisibleSolid,144,128,00369973,0,1,1,4294967295,0,1
oInvisibleSolid,304,176,002A0319,0,1,1,4294967295,0,1
oInvisibleSolid,448,128,003CD271,0,1,1,4294967295,0,1
oInvisibleSolid,464,144,001F7D2E,0,1,1,4294967295,0,1
oInvisibleSolid,480,160,001E3F34,0,1,1,4294967295,0,1
oInvisibleSolid,496,176,000F05FD,0,1,1,4294967295,0,1
oInvisibleSolid,512,192,0015C9F4,0,1,1,4294967295,0,1
oInvisibleSolid,528,208,002114B9,0,1,1,4294967295,0,1
oInvisibleSolid,560,192,0039FBB4,0,1,1,4294967295,0,1
oInvisibleSolid,576,176,003CB06E,0,1,1,4294967295,0,1
oInvisibleSolid,592,160,002EDDDB,0,1,1,4294967295,0,1
oInvisibleSolid,608,144,000164D7,0,1,1,4294967295,0,1
oInvisibleSolid,624,128,00033AE9,0,1,1,4294967295,0,1
oInvisibleSolid,720,352,003A31E8,0,1,1,4294967295,0,1
oInvisibleSolid,832,400,001A7F08,0,1,1,4294967295,0,1
oInvisibleSolid,496,240,002D4A50,0,1,1,4294967295,0,1
oInvisibleSlimSolid,480,384,000D8E3F,0,1,1,4294967295,0,1
oInvisibleSolid,144,48,001F3111,0,1,1,4294967295,0,1
oInvisibleSolid,240,80,001B5130,0,1,1,4294967295,0,1
oInvisibleSolid,832,240,001EFADE,0,1,1,4294967295,0,1
oInvisibleSolid,896,304,0019E209,0,1,1,4294967295,0,1
oInvisibleSolid,944,0,002A1CE2,0,1,1,4294967295,0,1
oInvisibleSolid,1008,112,0030FEA8,0,1,1,4294967295,0,1
