oAccessGate,152,208,002378B3,0,1,1,4294967295,0,1
oExit,464,256,0031F04A,0,1,1,4294967295,0,1
oMissilePack,80,240,00268A94,0,1,1,4294967295,0,1
oMetroidCheckpoint,352,256,001637E5,0,1,1,4294967295,0,0
oGateItemTerminal,112,288,000DFF04,0,1,1,4294967295,0,1
oPlayer1,256,288,001BB11C,0,1,1,4294967295,0,0
oMetroidDoorHolder,448,256,002ECF6E,0,1,1,4294967295,0,1
oBreakableMetroidWall,64,240,000BFDB8,0,1,1,4294967295,0,1
oInvCollPH,176,272,0029E12D,0,1,1,4294967295,0,0
oInvCollPH,192,272,0001F860,0,1,1,4294967295,0,0
oInvCollPH,384,176,0023A1E0,0,1,1,4294967295,0,0
oInvCollPH,384,192,001641CA,0,1,1,4294967295,0,0
oInvCollPH,384,208,0025F8BC,0,1,1,4294967295,0,0
oInvCollPH,400,208,0024DEE0,0,1,1,4294967295,0,0
oInvCollPH,416,208,000E3BD1,0,1,1,4294967295,0,0
oInvCollPH,432,208,000217F0,0,1,1,4294967295,0,0
oInvCollPH,448,208,002E5344,0,1,1,4294967295,0,0
oInvCollPH,464,208,001C1561,0,1,1,4294967295,0,0
oInvCollPH,64,160,000DBFF6,0,1,1,4294967295,0,0
oInvCollPH,64,176,001ACAC3,0,1,1,4294967295,0,0
oInvCollPH,64,192,003DC832,0,1,1,4294967295,0,0
oInvCollPH,64,208,00125978,0,1,1,4294967295,0,0
oInvCollPH,64,256,003C3CF5,0,1,1,4294967295,0,0
oInvCollPH,64,272,002BB37E,0,1,1,4294967295,0,0
oInvCollPH,80,144,002F5E0A,0,1,1,4294967295,0,0
oInvCollPH,96,144,002637F3,0,1,1,4294967295,0,0
oInvCollPH,112,144,00119CB2,0,1,1,4294967295,0,0
oInvCollPH,128,144,002160B6,0,1,1,4294967295,0,0
oInvCollPH,144,144,002D04DF,0,1,1,4294967295,0,0
oInvCollPH,176,160,000CDFEC,0,1,1,4294967295,0,0
oInvCollPH,192,160,000198F2,0,1,1,4294967295,0,0
oInvCollPH,208,144,00328700,0,1,1,4294967295,0,0
oInvCollPH,240,144,0006A8F2,0,1,1,4294967295,0,0
oInvCollPH,256,144,00063E09,0,1,1,4294967295,0,0
oInvCollPH,272,144,002574A9,0,1,1,4294967295,0,0
oInvCollPH,288,144,00132F86,0,1,1,4294967295,0,0
oInvCollPH,304,144,00037B18,0,1,1,4294967295,0,0
oInvCollPH,320,144,002A0FEF,0,1,1,4294967295,0,0
oInvCollPH,336,144,002D3278,0,1,1,4294967295,0,0
oInvCollPH,352,144,00084E63,0,1,1,4294967295,0,0
oInvCollPH,368,144,0008EDB2,0,1,1,4294967295,0,0
oInvCollPH,96,288,002B4BAE,0,1,1,4294967295,0,0
oInvCollPH,112,288,001EC0E5,0,1,1,4294967295,0,0
oInvCollPH,128,288,003AB49E,0,1,1,4294967295,0,0
oInvCollPH,224,288,0009AF76,0,1,1,4294967295,0,0
oInvCollPH,240,288,003D9AB0,0,1,1,4294967295,0,0
oInvCollPH,256,288,0038402F,0,1,1,4294967295,0,0
oInvCollPH,272,288,003E8CC9,0,1,1,4294967295,0,0
oInvCollPH,288,288,0039F4BA,0,1,1,4294967295,0,0
oInvCollPH,304,288,00148647,0,1,1,4294967295,0,0
oInvCollPH,320,288,001C8D7F,0,1,1,4294967295,0,0
oInvCollPH,336,288,0013CBF9,0,1,1,4294967295,0,0
oInvCollPH,352,288,00170162,0,1,1,4294967295,0,0
oInvCollPH,368,288,000BDD44,0,1,1,4294967295,0,0
oInvCollPH,384,288,00041DE2,0,1,1,4294967295,0,0
oInvCollPH,400,288,002FDF97,0,1,1,4294967295,0,0
oInvCollPH,416,288,00254962,0,1,1,4294967295,0,0
oInvCollPH,432,288,000F6651,0,1,1,4294967295,0,0
oInvCollPH,448,288,0034FD9E,0,1,1,4294967295,0,0
oInvCollPH,464,288,00332FCA,0,1,1,4294967295,0,0
oInvCollSM,32,224,000D14B7,0,1,1,4294967295,0,0
oInvCollSM,48,224,003142B4,0,1,1,4294967295,0,0
oInvCollSM,64,224,001A740F,0,1,1,4294967295,0,0
oInvisibleSolid,224,160,00019B47,0,1,1,4294967295,0,0
oInvisibleSolid,160,160,001C7CDA,0,1,1,4294967295,0,1
oInvisibleSolid,160,272,0026E724,0,1,1,4294967295,0,1
oInvisibleSolid,80,288,0026D3F9,0,1,1,4294967295,0,1
oInvisibleSolid,384,160,003D939A,0,1,1,4294967295,0,1
oInvisibleSolid,80,0,00371C0C,0,1,1,4294967295,0,1
oInvisibleSolid,0,0,003A840A,0,1,1,4294967295,0,1
oInvisibleRupSlope,144,272,002F6E1B,0,1,1,4294967295,0,0
oInvisibleLupSlope,208,272,0036B1BA,0,1,1,4294967295,0,0
oInvisibleSolid,0,256,0016C48A,0,1,1,4294967295,0,1
oInvisibleSolidMorph,16,224,0007C7FF,0,1,1,4294967295,0,1
oInvisibleSolid,0,224,00101E8D,0,1,1,4294967295,0,1
