oDecWepFacRob,576,352,00298C06,0,1,1,4294967295,0,0
oDecWepFacRob,800,352,0009E6D1,0,1,1,4294967295,0,0
oDecWepFacRob,1024,352,00397DBF,0,1,1,4294967295,0,0
oDecWepFacRob,1248,352,00332D1B,0,1,1,4294967295,0,0
oDecWepFacRob,1936,352,0020AE21,0,1,1,4294967295,0,0
oDecWepFacRob,2064,352,0016BF88,0,1,1,4294967295,0,0
oDecWepFacRob,2256,352,0025B3B9,0,1,1,4294967295,0,0
oDecWepFacRob,2848,352,003CDCAF,0,1,1,4294967295,0,0
oDecWepFacRob,3216,352,0035F87D,0,1,1,4294967295,0,0
oDecWepFacRob,3088,352,00229F89,0,1,1,4294967295,0,0
oDecWepFacRob,3472,352,00169D0C,0,1,1,4294967295,0,0
oDecWepFacRob,3632,352,003E7F11,0,1,1,4294967295,0,0
oDecWepFacRob,4048,352,003B05E9,0,1,1,4294967295,0,0
oDecWepFacRob,4192,352,001E2A68,0,1,1,4294967295,0,0
oDecWepFacRob,4592,352,00263A4B,0,1,1,4294967295,0,0
oDecWepFacRob,4928,352,00294197,0,1,1,4294967295,0,0
oDecWepFacRob,5024,352,0004D7CB,0,1,1,4294967295,0,0
oExit,0,288,003E7E2B,0,1,1,4294967295,0,1
oExit,6624,400,00033AAA,0,1,1,4294967295,0,1
oZeldaBreakPot,1424,336,00198154,0,1,1,4294967295,0,0
oZeldaBreakPot,1440,336,00065D7D,0,1,1,4294967295,0,0
oZeldaBreakPot,1456,336,00298E3B,0,1,1,4294967295,0,0
oZeldaBreakPot,1408,336,0030C39D,0,1,1,4294967295,0,0
oZeldaBreakPot,2352,336,001A76C9,0,1,1,4294967295,0,0
oZeldaBreakPot,2336,336,001ECA66,0,1,1,4294967295,0,0
oZeldaBreakPot,2912,336,0031DA80,0,1,1,4294967295,0,0
oZeldaBreakPot,2928,336,0030C0AC,0,1,1,4294967295,0,0
oZeldaBreakPot,4800,336,000A8EF7,0,1,1,4294967295,0,0
oZeldaBreakPot,4816,336,00339201,0,1,1,4294967295,0,0
oZeldaBreakPot,5280,336,001A60A5,0,1,1,4294967295,0,0
oZeldaBreakPot,5296,336,002A3D33,0,1,1,4294967295,0,0
oTimedSwitch,1856,160,00308885,0,1,1,4294967295,0,0
oTimedSwitch,2000,160,003EC7B1,0,1,1,4294967295,0,0
oTimedSwitch,2896,160,000319CB,0,1,1,4294967295,0,0
oTimedSwitch,3088,128,00135FB1,0,1,1,4294967295,0,0
oTimedSwitch,4304,176,00025325,0,1,1,4294967295,0,0
oTimedSwitch,4528,176,003724FE,0,1,1,4294967295,0,0
oTimedSwitch,5376,336,003E64DB,0,1,1,4294967295,0,0
oTimedSwitch,5520,256,00085CD2,0,1,1,4294967295,0,0
oCHAOS_Sabotage,2736,96,0001C139,0,1,1,4294967295,0,0
oCHAOS_Sabotage,3232,96,00383E25,0,1,1,4294967295,0,0
oCHAOS_Sabotage,3632,96,001ED113,0,1,1,4294967295,0,0
oCHAOS_Sabotage,4208,96,0017E24C,0,1,1,4294967295,0,0
oCHAOS_Sabotage,4624,160,00286414,0,1,1,4294967295,0,0
oCHAOS_Sabotage,5008,128,00181FC7,0,1,1,4294967295,0,0
oPlayer1,48,320,0005A955,0,1,1,4294967295,0,0
oInvCollPH,16,320,00070244,0,1,1,4294967295,0,0
oInvCollPH,32,320,002570E4,0,1,1,4294967295,0,0
oInvCollPH,48,320,001D8124,0,1,1,4294967295,0,0
oInvCollPH,64,320,003E57A9,0,1,1,4294967295,0,0
oInvCollPH,80,320,0014AC93,0,1,1,4294967295,0,0
oInvCollPH,96,320,00067319,0,1,1,4294967295,0,0
oInvCollPH,112,320,00207F74,0,1,1,4294967295,0,0
oInvCollPH,128,320,0019D55E,0,1,1,4294967295,0,0
oInvCollPH,144,320,0002C673,0,1,1,4294967295,0,0
oInvCollPH,160,320,0015FE48,0,1,1,4294967295,0,0
oInvCollPH,176,320,0001554C,0,1,1,4294967295,0,0
oInvCollPH,192,320,000C05BF,0,1,1,4294967295,0,0
oInvCollPH,208,320,0015B85D,0,1,1,4294967295,0,0
oInvCollPH,224,320,002B6FCB,0,1,1,4294967295,0,0
oInvCollPH,240,320,00026ACC,0,1,1,4294967295,0,0
oInvCollPH,240,336,0020DBF3,0,1,1,4294967295,0,0
oInvCollPH,0,240,0025A779,0,1,1,4294967295,0,0
oInvCollPH,16,240,0009FD2C,0,1,1,4294967295,0,0
oInvCollPH,32,240,000F4A7E,0,1,1,4294967295,0,0
oInvCollPH,48,240,0031ED63,0,1,1,4294967295,0,0
oInvCollPH,64,240,00080414,0,1,1,4294967295,0,0
oInvCollPH,80,240,001FA62C,0,1,1,4294967295,0,0
oInvCollPH,96,240,0020F121,0,1,1,4294967295,0,0
oInvCollPH,112,240,003F84F6,0,1,1,4294967295,0,0
oInvCollPH,128,240,0034E090,0,1,1,4294967295,0,0
oInvCollPH,144,240,001B6780,0,1,1,4294967295,0,0
oInvCollPH,144,224,00273F77,0,1,1,4294967295,0,0
oInvCollPH,144,208,0029CE30,0,1,1,4294967295,0,0
oInvCollPH,144,192,000937B1,0,1,1,4294967295,0,0
oInvCollPH,144,176,0035BF09,0,1,1,4294967295,0,0
oInvCollPH,144,160,001E679E,0,1,1,4294967295,0,0
oInvCollPH,144,144,003D19F4,0,1,1,4294967295,0,0
oInvCollPH,144,128,000C270B,0,1,1,4294967295,0,0
oInvCollPH,144,112,003419E2,0,1,1,4294967295,0,0
oInvCollPH,144,96,000C1412,0,1,1,4294967295,0,0
oInvCollPH,160,80,00135743,0,1,1,4294967295,0,0
oInvCollPH,176,80,00285703,0,1,1,4294967295,0,0
oInvCollPH,192,80,001E8E0E,0,1,1,4294967295,0,0
oInvCollPH,208,80,000417EB,0,1,1,4294967295,0,0
oInvCollPH,224,80,00191C20,0,1,1,4294967295,0,0
oInvCollPH,240,80,00192793,0,1,1,4294967295,0,0
oInvCollPH,256,80,002B4282,0,1,1,4294967295,0,0
oInvCollPH,272,80,003E01E8,0,1,1,4294967295,0,0
oInvCollPH,288,80,0023789E,0,1,1,4294967295,0,0
oInvCollPH,304,80,003C9D68,0,1,1,4294967295,0,0
oInvCollPH,320,80,001ECC18,0,1,1,4294967295,0,0
oInvCollPH,336,80,00356E00,0,1,1,4294967295,0,0
oInvCollPH,352,80,000311F4,0,1,1,4294967295,0,0
oInvCollPH,368,80,0009FE2A,0,1,1,4294967295,0,0
oInvCollPH,384,80,0032CDC7,0,1,1,4294967295,0,0
oInvCollPH,400,80,0023C5A5,0,1,1,4294967295,0,0
oInvCollPH,416,80,00093DEE,0,1,1,4294967295,0,0
oInvCollPH,432,80,0006A202,0,1,1,4294967295,0,0
oInvCollPH,448,80,001E1329,0,1,1,4294967295,0,0
oInvCollPH,464,80,00293AF9,0,1,1,4294967295,0,0
oInvCollPH,480,80,0004787C,0,1,1,4294967295,0,0
oInvCollPH,496,80,001402A8,0,1,1,4294967295,0,0
oInvCollPH,512,80,00318D53,0,1,1,4294967295,0,0
oInvCollPH,272,352,001343AA,0,1,1,4294967295,0,0
oInvCollPH,288,352,000EF107,0,1,1,4294967295,0,0
oInvCollPH,304,352,0010B1E7,0,1,1,4294967295,0,0
oInvCollPH,320,352,00042671,0,1,1,4294967295,0,0
oInvCollPH,336,352,003C1D36,0,1,1,4294967295,0,0
oInvCollPH,352,352,0012B760,0,1,1,4294967295,0,0
oInvCollPH,368,352,000C265F,0,1,1,4294967295,0,0
oInvCollPH,384,352,00025E73,0,1,1,4294967295,0,0
oInvCollPH,400,352,000A7B53,0,1,1,4294967295,0,0
oInvCollPH,416,352,003D034A,0,1,1,4294967295,0,0
oInvCollPH,432,352,002073DA,0,1,1,4294967295,0,0
oInvCollPH,448,352,003A62A9,0,1,1,4294967295,0,0
oInvCollPH,464,352,00151653,0,1,1,4294967295,0,0
oInvCollPH,480,352,0017C092,0,1,1,4294967295,0,0
oInvCollPH,496,352,001E629A,0,1,1,4294967295,0,0
oInvCollPH,512,352,003F6F56,0,1,1,4294967295,0,0
oInvCollPH,528,352,000ED190,0,1,1,4294967295,0,0
oInvCollPH,544,352,000E81A8,0,1,1,4294967295,0,0
oInvCollPH,560,352,00200D63,0,1,1,4294967295,0,0
oInvCollPH,576,352,00010EC7,0,1,1,4294967295,0,0
oInvCollPH,592,352,001CDD34,0,1,1,4294967295,0,0
oInvCollPH,608,352,001E4A17,0,1,1,4294967295,0,0
oInvCollPH,624,352,0015B41E,0,1,1,4294967295,0,0
oInvCollPH,640,352,003FE0BF,0,1,1,4294967295,0,0
oInvCollPH,656,352,00383A00,0,1,1,4294967295,0,0
oInvCollPH,672,352,001BFC9A,0,1,1,4294967295,0,0
oInvCollPH,688,352,00024C3B,0,1,1,4294967295,0,0
oInvCollPH,704,352,00173DFE,0,1,1,4294967295,0,0
oInvCollPH,720,352,0023C502,0,1,1,4294967295,0,0
oInvCollPH,736,352,0015AF9D,0,1,1,4294967295,0,0
oInvCollPH,752,352,001A8E18,0,1,1,4294967295,0,0
oInvCollPH,768,352,002617A7,0,1,1,4294967295,0,0
oInvCollPH,784,352,0035A70B,0,1,1,4294967295,0,0
oInvCollPH,800,352,001F370B,0,1,1,4294967295,0,0
oInvCollPH,816,352,000A1F85,0,1,1,4294967295,0,0
oInvCollPH,832,352,002AC654,0,1,1,4294967295,0,0
oInvCollPH,848,352,0020E742,0,1,1,4294967295,0,0
oInvCollPH,864,352,00163AEB,0,1,1,4294967295,0,0
oInvCollPH,880,352,00078FAF,0,1,1,4294967295,0,0
oInvCollPH,896,352,000CF7EC,0,1,1,4294967295,0,0
oInvCollPH,912,352,0004B8AB,0,1,1,4294967295,0,0
oInvCollPH,928,352,00244C28,0,1,1,4294967295,0,0
oInvCollPH,944,352,001498C2,0,1,1,4294967295,0,0
oInvCollPH,960,352,0001BE13,0,1,1,4294967295,0,0
oInvCollPH,976,352,002691B3,0,1,1,4294967295,0,0
oInvCollPH,992,352,003A82F4,0,1,1,4294967295,0,0
oInvCollPH,1008,352,000BA8F8,0,1,1,4294967295,0,0
oInvCollPH,1024,352,00363FBF,0,1,1,4294967295,0,0
oInvCollPH,528,80,001EB1AC,0,1,1,4294967295,0,0
oInvCollPH,544,80,001BB63F,0,1,1,4294967295,0,0
oInvCollPH,560,80,00127E16,0,1,1,4294967295,0,0
oInvCollPH,576,80,0003E18E,0,1,1,4294967295,0,0
oInvCollPH,592,80,00372F4E,0,1,1,4294967295,0,0
oInvCollPH,608,80,000CE36B,0,1,1,4294967295,0,0
oInvCollPH,624,80,0013BE8D,0,1,1,4294967295,0,0
oInvCollPH,640,80,001190E4,0,1,1,4294967295,0,0
oInvCollPH,656,80,003130A7,0,1,1,4294967295,0,0
oInvCollPH,672,80,003C4430,0,1,1,4294967295,0,0
oInvCollPH,688,80,003D2AB9,0,1,1,4294967295,0,0
oInvCollPH,704,80,000C70A2,0,1,1,4294967295,0,0
oInvCollPH,720,80,0027E37D,0,1,1,4294967295,0,0
oInvCollPH,736,80,00389243,0,1,1,4294967295,0,0
oInvCollPH,752,80,000F8807,0,1,1,4294967295,0,0
oInvCollPH,768,80,00352938,0,1,1,4294967295,0,0
oInvCollPH,784,80,000BCEE3,0,1,1,4294967295,0,0
oInvCollPH,800,80,00044655,0,1,1,4294967295,0,0
oInvCollPH,816,80,000E3983,0,1,1,4294967295,0,0
oInvCollPH,832,80,000C04D3,0,1,1,4294967295,0,0
oInvCollPH,848,80,002A7A79,0,1,1,4294967295,0,0
oInvCollPH,864,80,003C7F08,0,1,1,4294967295,0,0
oInvCollPH,880,80,002470F5,0,1,1,4294967295,0,0
oInvCollPH,896,80,001A8DBC,0,1,1,4294967295,0,0
oInvCollPH,912,80,001D9460,0,1,1,4294967295,0,0
oInvCollPH,928,80,0019236F,0,1,1,4294967295,0,0
oInvCollPH,944,80,0009457B,0,1,1,4294967295,0,0
oInvCollPH,960,80,00376651,0,1,1,4294967295,0,0
oInvCollPH,976,80,0018C093,0,1,1,4294967295,0,0
oInvCollPH,992,80,0033E047,0,1,1,4294967295,0,0
oInvCollPH,1008,80,00366ED3,0,1,1,4294967295,0,0
oInvCollPH,1024,80,001CD6E3,0,1,1,4294967295,0,0
oInvCollPH,1040,80,001F676B,0,1,1,4294967295,0,0
oInvCollPH,1056,80,000AFA38,0,1,1,4294967295,0,0
oInvCollPH,1072,80,00395BF9,0,1,1,4294967295,0,0
oInvCollPH,1088,80,0032850A,0,1,1,4294967295,0,0
oInvCollPH,1104,80,0026A41A,0,1,1,4294967295,0,0
oInvCollPH,1120,80,001058F3,0,1,1,4294967295,0,0
oInvCollPH,1136,80,00375DCE,0,1,1,4294967295,0,0
oInvCollPH,1152,80,000843FD,0,1,1,4294967295,0,0
oInvCollPH,1168,80,0020B4D4,0,1,1,4294967295,0,0
oInvCollPH,1184,80,0012F57F,0,1,1,4294967295,0,0
oInvCollPH,1200,80,000E9923,0,1,1,4294967295,0,0
oInvCollPH,1216,80,0001C3C7,0,1,1,4294967295,0,0
oInvCollPH,1232,80,0028F879,0,1,1,4294967295,0,0
oInvCollPH,1248,80,00220EA6,0,1,1,4294967295,0,0
oInvCollPH,1264,80,001DF8B6,0,1,1,4294967295,0,0
oInvCollPH,1280,80,0004773B,0,1,1,4294967295,0,0
oInvCollPH,1296,80,002C67FC,0,1,1,4294967295,0,0
oInvCollPH,1312,80,0004D7E6,0,1,1,4294967295,0,0
oInvCollPH,1328,80,0039658E,0,1,1,4294967295,0,0
oInvCollPH,1344,80,000F2C01,0,1,1,4294967295,0,0
oInvCollPH,1360,80,001875A8,0,1,1,4294967295,0,0
oInvCollPH,1376,80,0010BF6C,0,1,1,4294967295,0,0
oInvCollPH,1392,80,003110DD,0,1,1,4294967295,0,0
oInvCollPH,1408,80,003AF310,0,1,1,4294967295,0,0
oInvCollPH,1424,80,0031C0DD,0,1,1,4294967295,0,0
oInvCollPH,1440,80,001C747A,0,1,1,4294967295,0,0
oInvCollPH,1456,80,000C0249,0,1,1,4294967295,0,0
oInvCollPH,1472,80,000F052B,0,1,1,4294967295,0,0
oInvCollPH,1488,80,002E236D,0,1,1,4294967295,0,0
oInvCollPH,1504,80,002F3808,0,1,1,4294967295,0,0
oInvCollPH,1520,80,003270C5,0,1,1,4294967295,0,0
oInvCollPH,1536,80,00027DBD,0,1,1,4294967295,0,0
oInvCollPH,1552,80,001C6676,0,1,1,4294967295,0,0
oInvCollPH,1568,80,003CF800,0,1,1,4294967295,0,0
oInvCollPH,1584,80,0014EBC1,0,1,1,4294967295,0,0
oInvCollPH,1600,80,00276E21,0,1,1,4294967295,0,0
oInvCollPH,1616,80,000F9681,0,1,1,4294967295,0,0
oInvCollPH,1632,80,001D4013,0,1,1,4294967295,0,0
oInvCollPH,1648,80,002D5332,0,1,1,4294967295,0,0
oInvCollPH,1664,80,0019CAFB,0,1,1,4294967295,0,0
oInvCollPH,1680,80,003A3CFD,0,1,1,4294967295,0,0
oInvCollPH,1696,80,0031DEB5,0,1,1,4294967295,0,0
oInvCollPH,1712,80,000F10DC,0,1,1,4294967295,0,0
oInvCollPH,1728,112,000E2937,0,1,1,4294967295,0,0
oInvCollPH,1744,96,0026358B,0,1,1,4294967295,0,0
oInvCollPH,1760,80,00356F70,0,1,1,4294967295,0,0
oInvCollPH,1776,80,0035D728,0,1,1,4294967295,0,0
oInvCollPH,1792,80,000A0DB5,0,1,1,4294967295,0,0
oInvCollPH,1808,80,002BD61A,0,1,1,4294967295,0,0
oInvCollPH,1824,80,0025D616,0,1,1,4294967295,0,0
oInvCollPH,1840,80,00381D46,0,1,1,4294967295,0,0
oInvCollPH,1856,80,001FF3E4,0,1,1,4294967295,0,0
oInvCollPH,1872,80,002D69BD,0,1,1,4294967295,0,0
oInvCollPH,1888,80,001926AB,0,1,1,4294967295,0,0
oInvCollPH,1904,80,003A6823,0,1,1,4294967295,0,0
oInvCollPH,1920,80,000BA603,0,1,1,4294967295,0,0
oInvCollPH,1936,80,0032F03D,0,1,1,4294967295,0,0
oInvCollPH,1952,80,00060DA8,0,1,1,4294967295,0,0
oInvCollPH,1968,80,003D43EB,0,1,1,4294967295,0,0
oInvCollPH,1984,80,00373446,0,1,1,4294967295,0,0
oInvCollPH,2000,80,002D5E00,0,1,1,4294967295,0,0
oInvCollPH,2016,80,001D2CFE,0,1,1,4294967295,0,0
oInvCollPH,2032,80,0027A1BC,0,1,1,4294967295,0,0
oInvCollPH,2048,112,00046F0D,0,1,1,4294967295,0,0
oInvCollPH,2064,96,001AF6D5,0,1,1,4294967295,0,0
oInvCollPH,1504,272,0015148A,0,1,1,4294967295,0,0
oInvCollPH,1520,272,001E3F22,0,1,1,4294967295,0,0
oInvCollPH,1520,256,002290E4,0,1,1,4294967295,0,0
oInvCollPH,1632,304,002A55C3,0,1,1,4294967295,0,0
oInvCollPH,1648,304,00209559,0,1,1,4294967295,0,0
oInvCollPH,1648,288,0034770C,0,1,1,4294967295,0,0
oInvCollPH,2112,336,000C4BE8,0,1,1,4294967295,0,0
oInvCollPH,2128,336,003A53B3,0,1,1,4294967295,0,0
oInvCollPH,2128,320,00026429,0,1,1,4294967295,0,0
oInvCollPH,1856,336,002007FF,0,1,1,4294967295,0,0
oInvCollPH,1872,336,003EDD97,0,1,1,4294967295,0,0
oInvCollPH,1872,320,0015AE49,0,1,1,4294967295,0,0
oInvCollPH,1728,336,002909EB,0,1,1,4294967295,0,0
oInvCollPH,1744,336,001AFD05,0,1,1,4294967295,0,0
oInvCollPH,1744,320,002E0AE0,0,1,1,4294967295,0,0
oInvCollPH,2528,240,001CEC94,0,1,1,4294967295,0,0
oInvCollPH,2544,240,0009B3F4,0,1,1,4294967295,0,0
oInvCollPH,2544,224,003C88EF,0,1,1,4294967295,0,0
oInvCollPH,2272,112,000C51D3,0,1,1,4294967295,0,0
oInvCollPH,2288,112,00205B70,0,1,1,4294967295,0,0
oInvCollPH,2288,96,002253BD,0,1,1,4294967295,0,0
oInvCollPH,2176,240,0006B465,0,1,1,4294967295,0,0
oInvCollPH,2192,240,0024FC17,0,1,1,4294967295,0,0
oInvCollPH,2192,224,0032F810,0,1,1,4294967295,0,0
oInvCollPH,2640,320,0017BA4F,0,1,1,4294967295,0,0
oInvCollPH,2624,336,00068B57,0,1,1,4294967295,0,0
oInvCollPH,2784,240,00165B4A,0,1,1,4294967295,0,0
oInvCollPH,2800,240,0017569A,0,1,1,4294967295,0,0
oInvCollPH,2800,224,003ED70F,0,1,1,4294967295,0,0
oInvCollPH,2880,240,00032501,0,1,1,4294967295,0,0
oInvCollPH,2896,240,000C1A19,0,1,1,4294967295,0,0
oInvCollPH,2896,224,003FFA16,0,1,1,4294967295,0,0
oInvCollPH,2656,112,003458C3,0,1,1,4294967295,0,0
oInvCollPH,2672,112,000F9EFE,0,1,1,4294967295,0,0
oInvCollPH,2672,96,0017C0B5,0,1,1,4294967295,0,0
oInvCollPH,2976,208,00304AD5,0,1,1,4294967295,0,0
oInvCollPH,2992,208,0034DF6B,0,1,1,4294967295,0,0
oInvCollPH,2992,192,0014B951,0,1,1,4294967295,0,0
oInvCollPH,2784,144,001CACD8,0,1,1,4294967295,0,0
oInvCollPH,2800,144,003E491A,0,1,1,4294967295,0,0
oInvCollPH,2800,128,00113411,0,1,1,4294967295,0,0
oInvCollPH,3136,272,000FB164,0,1,1,4294967295,0,0
oInvCollPH,3152,272,0006864E,0,1,1,4294967295,0,0
oInvCollPH,3152,256,0013B920,0,1,1,4294967295,0,0
oInvCollPH,3392,112,00198220,0,1,1,4294967295,0,0
oInvCollPH,3408,112,003163C5,0,1,1,4294967295,0,0
oInvCollPH,3408,96,00209B5D,0,1,1,4294967295,0,0
oInvCollPH,3680,336,000E9329,0,1,1,4294967295,0,0
oInvCollPH,3696,336,0012B105,0,1,1,4294967295,0,0
oInvCollPH,3696,320,003A240F,0,1,1,4294967295,0,0
oInvCollPH,3840,112,001F991F,0,1,1,4294967295,0,0
oInvCollPH,3856,112,0021BA1D,0,1,1,4294967295,0,0
oInvCollPH,3856,96,0023995D,0,1,1,4294967295,0,0
oInvCollPH,4128,112,002C5005,0,1,1,4294967295,0,0
oInvCollPH,4144,112,0031699B,0,1,1,4294967295,0,0
oInvCollPH,4144,96,003CBDDC,0,1,1,4294967295,0,0
oInvCollPH,3968,208,00358475,0,1,1,4294967295,0,0
oInvCollPH,3984,192,000627BE,0,1,1,4294967295,0,0
oInvCollPH,3984,208,00306D91,0,1,1,4294967295,0,0
oInvCollPH,3856,288,00052988,0,1,1,4294967295,0,0
oInvCollPH,3840,304,003414EF,0,1,1,4294967295,0,0
oInvCollPH,3856,304,002CA60E,0,1,1,4294967295,0,0
oInvCollPH,4400,112,00153D14,0,1,1,4294967295,0,0
oInvCollPH,4400,96,0001FBC3,0,1,1,4294967295,0,0
oInvCollPH,4384,112,0029992A,0,1,1,4294967295,0,0
oInvCollPH,4256,336,00056923,0,1,1,4294967295,0,0
oInvCollPH,4272,320,000E6BDC,0,1,1,4294967295,0,0
oInvCollPH,4384,336,00178534,0,1,1,4294967295,0,0
oInvCollPH,4400,336,0011790F,0,1,1,4294967295,0,0
oInvCollPH,4400,320,002C9141,0,1,1,4294967295,0,0
oInvCollPH,4464,240,00293C4D,0,1,1,4294967295,0,0
oInvCollPH,4448,240,002FA18F,0,1,1,4294967295,0,0
oInvCollPH,4464,224,0003D0E8,0,1,1,4294967295,0,0
oInvCollPH,4512,240,00093BEB,0,1,1,4294967295,0,0
oInvCollPH,4528,240,000DF191,0,1,1,4294967295,0,0
oInvCollPH,4528,224,0002A0AB,0,1,1,4294967295,0,0
oInvCollPH,4640,272,002C6EAF,0,1,1,4294967295,0,0
oInvCollPH,4656,272,0003BA1A,0,1,1,4294967295,0,0
oInvCollPH,4656,256,00270582,0,1,1,4294967295,0,0
oInvCollPH,5056,336,002C2BE2,0,1,1,4294967295,0,0
oInvCollPH,5072,320,0036673B,0,1,1,4294967295,0,0
oInvCollPH,5072,336,003BC0D0,0,1,1,4294967295,0,0
oInvCollPH,4832,336,00206C09,0,1,1,4294967295,0,0
oInvCollPH,4848,320,0031C7BC,0,1,1,4294967295,0,0
oInvCollPH,4864,320,002EBCC4,0,1,1,4294967295,0,0
oInvCollPH,4880,320,00090125,0,1,1,4294967295,0,0
oInvCollPH,4880,336,0000DA02,0,1,1,4294967295,0,0
oInvCollPH,5312,144,001E28C9,0,1,1,4294967295,0,0
oInvCollPH,5328,144,002CA8E8,0,1,1,4294967295,0,0
oInvCollPH,5328,128,0011EE5E,0,1,1,4294967295,0,0
oInvCollPH,5312,336,00177A80,0,1,1,4294967295,0,0
oInvCollPH,5328,336,0012E31B,0,1,1,4294967295,0,0
oInvCollPH,5328,320,00017841,0,1,1,4294967295,0,0
oInvCollPH,5376,304,0016B281,0,1,1,4294967295,0,0
oInvCollPH,5392,304,003D14B6,0,1,1,4294967295,0,0
oInvCollPH,5392,288,00216386,0,1,1,4294967295,0,0
oInvCollPH,5440,208,00338B9D,0,1,1,4294967295,0,0
oInvCollPH,5456,208,000255D5,0,1,1,4294967295,0,0
oInvCollPH,5456,192,00282F65,0,1,1,4294967295,0,0
oInvCollPH,5584,192,0037E97C,0,1,1,4294967295,0,0
oInvCollPH,5584,208,0005EB95,0,1,1,4294967295,0,0
oInvCollPH,5568,208,003432E5,0,1,1,4294967295,0,0
oInvCollPH,5584,320,001137EC,0,1,1,4294967295,0,0
oInvCollPH,5584,336,00167951,0,1,1,4294967295,0,0
oInvCollPH,5568,336,00237231,0,1,1,4294967295,0,0
oInvCollPH,5520,288,002B46AA,0,1,1,4294967295,0,0
oInvCollPH,5520,304,0035A766,0,1,1,4294967295,0,0
oInvCollPH,5504,304,00265865,0,1,1,4294967295,0,0
oInvCollPH,5456,320,00193184,0,1,1,4294967295,0,0
oInvCollPH,5456,336,00278F99,0,1,1,4294967295,0,0
oInvCollPH,5440,336,00330A58,0,1,1,4294967295,0,0
oInvCollPH,6688,112,0018ACE0,0,1,1,4294967295,0,0
oInvCollPH,6688,128,0001BA12,0,1,1,4294967295,0,0
oInvCollPH,6688,144,00007226,0,1,1,4294967295,0,0
oInvCollPH,6688,160,001DCC43,0,1,1,4294967295,0,0
oInvCollPH,6688,176,001BBE04,0,1,1,4294967295,0,0
oInvCollPH,6688,192,001DD25C,0,1,1,4294967295,0,0
oInvCollPH,6304,192,002B74B3,0,1,1,4294967295,0,0
oInvCollPH,6320,192,002BF5F5,0,1,1,4294967295,0,0
oInvCollPH,6336,192,000C0EF4,0,1,1,4294967295,0,0
oInvCollPH,6320,176,003AF39C,0,1,1,4294967295,0,0
oInvCollPH,6336,176,001435A3,0,1,1,4294967295,0,0
oInvCollPH,6352,176,0031A5DA,0,1,1,4294967295,0,0
oInvCollPH,6368,176,001245CE,0,1,1,4294967295,0,0
oInvCollPH,6384,176,0021D810,0,1,1,4294967295,0,0
oInvCollPH,6384,192,0010F89A,0,1,1,4294967295,0,0
oInvCollPH,6352,192,00197138,0,1,1,4294967295,0,0
oInvCollSM,6224,256,0025E6F1,0,1,1,4294967295,0,0
oInvCollSM,6240,256,00035765,0,1,1,4294967295,0,0
oInvCollSM,6256,256,000B1653,0,1,1,4294967295,0,0
oInvCollSM,6272,256,00326637,0,1,1,4294967295,0,0
oInvCollSM,6288,256,003DE22A,0,1,1,4294967295,0,0
oInvCollSM,6512,256,000599AA,0,1,1,4294967295,0,0
oInvCollSM,6496,256,00101D7D,0,1,1,4294967295,0,0
oInvCollSM,6480,256,003D7850,0,1,1,4294967295,0,0
oInvCollSM,6464,256,0004A501,0,1,1,4294967295,0,0
oInvCollSM,6448,256,0025F8BF,0,1,1,4294967295,0,0
oInvCollSM,6432,256,00078EE3,0,1,1,4294967295,0,0
oInvCollSM,6416,256,0038ADEA,0,1,1,4294967295,0,0
oInvCollSM,6400,256,00391B69,0,1,1,4294967295,0,0
oInvCollSM,6384,256,00324BD6,0,1,1,4294967295,0,0
oInvCollSM,6528,256,001DF3E0,0,1,1,4294967295,0,0
oInvCollSM,6544,256,003006D2,0,1,1,4294967295,0,0
oInvCollSM,6560,256,002D6B96,0,1,1,4294967295,0,0
oInvCollSM,6576,256,002CFA0F,0,1,1,4294967295,0,0
oInvCollSM,6592,256,00023443,0,1,1,4294967295,0,0
oInvCollSM,6608,256,00305894,0,1,1,4294967295,0,0
oInvCollSM,6624,256,003441E3,0,1,1,4294967295,0,0
oInvCollSM,6640,256,003DDC9F,0,1,1,4294967295,0,0
oInvCollSM,6656,256,0027BC95,0,1,1,4294967295,0,0
oInvCollSM,6672,256,0006C17B,0,1,1,4294967295,0,0
oInvCollPH,6224,240,0009B1C6,0,1,1,4294967295,0,0
oInvCollPH,6288,240,0022E1EB,0,1,1,4294967295,0,0
oInvCollPH,6240,192,0006D9DD,0,1,1,4294967295,0,0
oInvCollPH,6240,208,00091319,0,1,1,4294967295,0,0
oInvCollPH,6240,224,0026671A,0,1,1,4294967295,0,0
oInvCollPH,6256,176,0025B279,0,1,1,4294967295,0,0
oInvCollPH,6272,176,0031EB49,0,1,1,4294967295,0,0
oInvCollPH,6288,176,002F2C05,0,1,1,4294967295,0,0
oInvCollPH,6288,208,002DACD2,0,1,1,4294967295,0,0
oInvCollPH,6288,224,0025816A,0,1,1,4294967295,0,0
oInvCollPH,6688,272,00154EB2,0,1,1,4294967295,0,0
oInvCollPH,6688,288,001B2C0B,0,1,1,4294967295,0,0
oInvCollPH,6688,304,00037A11,0,1,1,4294967295,0,0
oInvCollPH,6688,320,001BD386,0,1,1,4294967295,0,0
oInvCollPH,6688,336,001AC214,0,1,1,4294967295,0,0
oInvCollPH,6688,352,003BB2D4,0,1,1,4294967295,0,0
oInvCollPH,6688,368,001DB3CA,0,1,1,4294967295,0,0
oInvCollPH,6688,384,000CF0E5,0,1,1,4294967295,0,0
oInvCollPH,6688,400,002642D2,0,1,1,4294967295,0,0
oInvCollPH,6368,224,003EF03E,0,1,1,4294967295,0,0
oInvCollPH,6368,240,0036AFD1,0,1,1,4294967295,0,0
oInvCollPH,6400,208,0027DB98,0,1,1,4294967295,0,0
oInvCollPH,6416,208,0001A4B0,0,1,1,4294967295,0,0
oInvCollPH,6432,208,0027740E,0,1,1,4294967295,0,0
oInvCollPH,6448,208,001C22A7,0,1,1,4294967295,0,0
oInvCollPH,6464,208,00140D76,0,1,1,4294967295,0,0
oInvCollPH,6480,208,0019604C,0,1,1,4294967295,0,0
oInvCollPH,6496,208,001EB2E4,0,1,1,4294967295,0,0
oInvCollPH,6512,208,0011BCF7,0,1,1,4294967295,0,0
oInvCollPH,6528,208,000C4D23,0,1,1,4294967295,0,0
oInvCollPH,6544,208,00382D55,0,1,1,4294967295,0,0
oInvCollPH,6560,208,00090992,0,1,1,4294967295,0,0
oInvCollPH,6576,208,00282AC9,0,1,1,4294967295,0,0
oInvCollPH,6592,208,001DAFC8,0,1,1,4294967295,0,0
oInvCollPH,6608,208,0011C2F2,0,1,1,4294967295,0,0
oInvCollPH,6624,208,00209AFD,0,1,1,4294967295,0,0
oInvCollPH,6640,208,00308008,0,1,1,4294967295,0,0
oInvCollPH,6656,208,000D2295,0,1,1,4294967295,0,0
oInvCollPH,6672,208,00218E47,0,1,1,4294967295,0,0
oInvCollPH,5536,112,002D972E,0,1,1,4294967295,0,0
oInvCollPH,5552,112,000AEC3A,0,1,1,4294967295,0,0
oInvCollPH,5568,112,004031C5,0,1,1,4294967295,0,0
oInvCollPH,5584,112,002234E5,0,1,1,4294967295,0,0
oInvCollPH,5584,96,000DB269,0,1,1,4294967295,0,0
oInvCollPH,5152,272,0010A368,0,1,1,4294967295,0,0
oInvCollPH,5168,256,00341A4E,0,1,1,4294967295,0,0
oInvCollPH,5184,256,00015844,0,1,1,4294967295,0,0
oInvCollPH,5200,256,0019D64D,0,1,1,4294967295,0,0
oInvCollPH,5200,272,001EE60F,0,1,1,4294967295,0,0
oInvCollPH,3520,240,00285DF8,0,1,1,4294967295,0,0
oInvCollPH,3536,240,00204199,0,1,1,4294967295,0,0
oInvCollPH,3552,240,002A118C,0,1,1,4294967295,0,0
oInvCollPH,3568,240,000480D3,0,1,1,4294967295,0,0
oInvCollPH,3568,224,0015663F,0,1,1,4294967295,0,0
oInvCollPH,3552,224,001C1638,0,1,1,4294967295,0,0
oInvCollPH,3536,224,001F122E,0,1,1,4294967295,0,0
oInvCollPH,2784,112,001F17B5,0,1,1,4294967295,0,0
oInvCollPH,2816,112,0010CAF1,0,1,1,4294967295,0,0
oInvCollPH,2832,112,003D36B2,0,1,1,4294967295,0,0
oInvCollPH,2832,96,0012F21F,0,1,1,4294967295,0,0
oInvCollPH,2144,208,0002DE8A,0,1,1,4294967295,0,0
oInvCollPH,2160,208,000F87FD,0,1,1,4294967295,0,0
oInvCollPH,2176,192,000095F4,0,1,1,4294967295,0,0
oInvCollPH,2192,192,002F451C,0,1,1,4294967295,0,0
oInvCollPH,2192,208,003C68F2,0,1,1,4294967295,0,0
oInvCollPH,2160,192,000B3F70,0,1,1,4294967295,0,0
oInvCollPH,2528,208,000036E7,0,1,1,4294967295,0,0
oInvCollPH,2544,192,002DA34E,0,1,1,4294967295,0,0
oInvCollPH,2560,192,003AA904,0,1,1,4294967295,0,0
oInvCollPH,2576,192,00300577,0,1,1,4294967295,0,0
oInvCollPH,2576,208,0029E202,0,1,1,4294967295,0,0
oInvCollPH,2560,208,000D380F,0,1,1,4294967295,0,0
oInvCollPH,1856,208,000F760F,0,1,1,4294967295,0,0
oInvCollPH,1872,208,00217AB3,0,1,1,4294967295,0,0
oInvCollPH,1888,208,0027CBBD,0,1,1,4294967295,0,0
oInvCollPH,1904,208,002BBA5D,0,1,1,4294967295,0,0
oInvCollPH,1904,192,00212F25,0,1,1,4294967295,0,0
oInvCollPH,1888,192,000013A9,0,1,1,4294967295,0,0
oInvCollPH,1872,192,001E7A74,0,1,1,4294967295,0,0
oInvCollPH,1728,128,003CA4FC,0,1,1,4294967295,0,0
oInvCollPH,1728,144,00186F56,0,1,1,4294967295,0,0
oInvCollPH,1744,144,00069C8E,0,1,1,4294967295,0,0
oInvCollPH,1744,128,0006A737,0,1,1,4294967295,0,0
oInvCollPH,1744,112,002FE7ED,0,1,1,4294967295,0,0
oInvCollPH,2048,128,003AB9BF,0,1,1,4294967295,0,0
oInvCollPH,2048,144,0028EFCA,0,1,1,4294967295,0,0
oInvCollPH,2064,144,00345624,0,1,1,4294967295,0,0
oInvCollPH,2064,128,0021213E,0,1,1,4294967295,0,0
oInvCollPH,2064,112,00085C04,0,1,1,4294967295,0,0
oInvCollPH,1472,304,0019F9E4,0,1,1,4294967295,0,0
oInvCollPH,1472,320,0031C9F5,0,1,1,4294967295,0,0
oInvCollPH,1472,336,003CBB2B,0,1,1,4294967295,0,0
oInvCollPH,1488,288,003F3A31,0,1,1,4294967295,0,0
oInvCollPH,1520,288,0016DE6A,0,1,1,4294967295,0,0
oInvCollPH,1520,304,002E3B55,0,1,1,4294967295,0,0
oInvCollPH,1520,320,0006DA7A,0,1,1,4294967295,0,0
oInvCollPH,1520,336,00227A8E,0,1,1,4294967295,0,0
oInvCollPH,1984,304,00362CBB,0,1,1,4294967295,0,0
oInvCollPH,1984,320,00389DD5,0,1,1,4294967295,0,0
oInvCollPH,1984,336,001C50BC,0,1,1,4294967295,0,0
oInvCollPH,2000,336,00229D01,0,1,1,4294967295,0,0
oInvCollPH,2000,320,0001C322,0,1,1,4294967295,0,0
oInvCollPH,2000,304,000EAE20,0,1,1,4294967295,0,0
oInvCollPH,2000,288,0004776E,0,1,1,4294967295,0,0
oInvCollPH,1040,352,003F111B,0,1,1,4294967295,0,0
oInvCollPH,1056,352,003CA03C,0,1,1,4294967295,0,0
oInvCollPH,1072,352,0018FEF4,0,1,1,4294967295,0,0
oInvCollPH,1088,352,00083273,0,1,1,4294967295,0,0
oInvCollPH,1104,352,00122E84,0,1,1,4294967295,0,0
oInvCollPH,1120,352,000B5878,0,1,1,4294967295,0,0
oInvCollPH,1136,352,00210D36,0,1,1,4294967295,0,0
oInvCollPH,1152,352,000E420E,0,1,1,4294967295,0,0
oInvCollPH,1168,352,001E005A,0,1,1,4294967295,0,0
oInvCollPH,1184,352,0021F310,0,1,1,4294967295,0,0
oInvCollPH,1200,352,00326A0A,0,1,1,4294967295,0,0
oInvCollPH,1216,352,0038DDA3,0,1,1,4294967295,0,0
oInvCollPH,1232,352,0006E291,0,1,1,4294967295,0,0
oInvCollPH,1248,352,000BD4BB,0,1,1,4294967295,0,0
oInvCollPH,1264,352,002EA28D,0,1,1,4294967295,0,0
oInvCollPH,1280,352,0031F729,0,1,1,4294967295,0,0
oInvCollPH,1296,352,001928F4,0,1,1,4294967295,0,0
oInvCollPH,1312,352,0019BDD5,0,1,1,4294967295,0,0
oInvCollPH,1328,352,000D2DAF,0,1,1,4294967295,0,0
oInvCollPH,1344,352,00270F61,0,1,1,4294967295,0,0
oInvCollPH,1360,352,002C1EDF,0,1,1,4294967295,0,0
oInvCollPH,1376,352,001F6E54,0,1,1,4294967295,0,0
oInvCollPH,1392,352,000D0FC7,0,1,1,4294967295,0,0
oInvCollPH,1408,352,003446AC,0,1,1,4294967295,0,0
oInvCollPH,1424,352,003E611D,0,1,1,4294967295,0,0
oInvCollPH,1440,352,00069794,0,1,1,4294967295,0,0
oInvCollPH,1456,352,0033A148,0,1,1,4294967295,0,0
oInvCollPH,1536,352,00135712,0,1,1,4294967295,0,0
oInvCollPH,1552,352,003F22F6,0,1,1,4294967295,0,0
oInvCollPH,1568,352,002D8CD6,0,1,1,4294967295,0,0
oInvCollPH,1584,352,003DE5C8,0,1,1,4294967295,0,0
oInvCollPH,1600,352,002DE9E0,0,1,1,4294967295,0,0
oInvCollPH,1616,352,003DD2F2,0,1,1,4294967295,0,0
oInvCollPH,1632,352,004008E1,0,1,1,4294967295,0,0
oInvCollPH,1648,352,0021E737,0,1,1,4294967295,0,0
oInvCollPH,1664,352,00239F42,0,1,1,4294967295,0,0
oInvCollPH,1680,352,001AE84E,0,1,1,4294967295,0,0
oInvCollPH,1696,352,00024348,0,1,1,4294967295,0,0
oInvCollPH,1712,352,0002E385,0,1,1,4294967295,0,0
oInvCollPH,1760,352,000FFFF1,0,1,1,4294967295,0,0
oInvCollPH,1776,352,0039A2A4,0,1,1,4294967295,0,0
oInvCollPH,1792,352,001AF00A,0,1,1,4294967295,0,0
oInvCollPH,1808,352,00153D74,0,1,1,4294967295,0,0
oInvCollPH,1824,352,00017371,0,1,1,4294967295,0,0
oInvCollPH,1840,352,0002BF49,0,1,1,4294967295,0,0
oInvCollPH,2080,80,000924E2,0,1,1,4294967295,0,0
oInvCollPH,2096,80,00393B47,0,1,1,4294967295,0,0
oInvCollPH,2112,80,001AEB84,0,1,1,4294967295,0,0
oInvCollPH,2128,80,003BA543,0,1,1,4294967295,0,0
oInvCollPH,2144,80,002C89D7,0,1,1,4294967295,0,0
oInvCollPH,2160,80,0012A3F4,0,1,1,4294967295,0,0
oInvCollPH,2176,80,003BEA6D,0,1,1,4294967295,0,0
oInvCollPH,2192,80,002D2843,0,1,1,4294967295,0,0
oInvCollPH,2208,80,000639E5,0,1,1,4294967295,0,0
oInvCollPH,2224,80,003B05F2,0,1,1,4294967295,0,0
oInvCollPH,2240,80,000DACC3,0,1,1,4294967295,0,0
oInvCollPH,2256,80,0024CB40,0,1,1,4294967295,0,0
oInvCollPH,1888,352,003353C1,0,1,1,4294967295,0,0
oInvCollPH,1904,352,0011FFE9,0,1,1,4294967295,0,0
oInvCollPH,1920,352,003073BD,0,1,1,4294967295,0,0
oInvCollPH,1936,352,001085A8,0,1,1,4294967295,0,0
oInvCollPH,1952,352,002E0324,0,1,1,4294967295,0,0
oInvCollPH,1968,352,00149E95,0,1,1,4294967295,0,0
oInvCollPH,2016,352,000958BF,0,1,1,4294967295,0,0
oInvCollPH,2032,352,002F88A5,0,1,1,4294967295,0,0
oInvCollPH,2048,352,002B54A4,0,1,1,4294967295,0,0
oInvCollPH,2064,352,001DFBE8,0,1,1,4294967295,0,0
oInvCollPH,2080,352,003131AF,0,1,1,4294967295,0,0
oInvCollPH,2096,352,0039A8F8,0,1,1,4294967295,0,0
oInvCollPH,2144,352,00308452,0,1,1,4294967295,0,0
oInvCollPH,2160,352,001678AF,0,1,1,4294967295,0,0
oInvCollPH,2176,352,0029F5C0,0,1,1,4294967295,0,0
oInvCollPH,2192,352,0003D56A,0,1,1,4294967295,0,0
oInvCollPH,2208,352,0001A565,0,1,1,4294967295,0,0
oInvCollPH,2224,352,00097BD8,0,1,1,4294967295,0,0
oInvCollPH,2240,352,003630DB,0,1,1,4294967295,0,0
oInvCollPH,2256,352,0029534C,0,1,1,4294967295,0,0
oInvCollPH,2272,352,003237B1,0,1,1,4294967295,0,0
oInvCollPH,2288,352,0031A018,0,1,1,4294967295,0,0
oInvCollPH,2304,352,001F8499,0,1,1,4294967295,0,0
oInvCollPH,2320,352,001FFD82,0,1,1,4294967295,0,0
oInvCollPH,2336,352,003593F7,0,1,1,4294967295,0,0
oInvCollPH,2352,352,0017042A,0,1,1,4294967295,0,0
oInvCollPH,2304,80,000D4C8C,0,1,1,4294967295,0,0
oInvCollPH,2320,80,0035343D,0,1,1,4294967295,0,0
oInvCollPH,2336,128,00131184,0,1,1,4294967295,0,0
oInvCollPH,2336,144,000802FC,0,1,1,4294967295,0,0
oInvCollPH,2336,160,000E5443,0,1,1,4294967295,0,0
oInvCollPH,2336,176,0020ACB5,0,1,1,4294967295,0,0
oInvCollPH,2352,176,00161A63,0,1,1,4294967295,0,0
oInvCollPH,2352,160,00247D77,0,1,1,4294967295,0,0
oInvCollPH,2352,144,002A2969,0,1,1,4294967295,0,0
oInvCollPH,2352,128,0038EA43,0,1,1,4294967295,0,0
oInvCollPH,2352,112,0032CB02,0,1,1,4294967295,0,0
oInvCollPH,2352,96,00254C6D,0,1,1,4294967295,0,0
oInvCollPH,2336,112,001441FE,0,1,1,4294967295,0,0
oInvCollPH,2656,304,003807DC,0,1,1,4294967295,0,0
oInvCollPH,2672,288,00071AB9,0,1,1,4294967295,0,0
oInvCollPH,2672,304,00044C90,0,1,1,4294967295,0,0
oInvCollPH,2672,320,0014182C,0,1,1,4294967295,0,0
oInvCollPH,2672,336,001858B0,0,1,1,4294967295,0,0
oInvCollPH,3152,144,002F522C,0,1,1,4294967295,0,0
oInvCollPH,3152,128,00069112,0,1,1,4294967295,0,0
oInvCollPH,3152,112,00139269,0,1,1,4294967295,0,0
oInvCollPH,3152,96,003482D0,0,1,1,4294967295,0,0
oInvCollPH,3136,112,0029A718,0,1,1,4294967295,0,0
oInvCollPH,3136,128,000CE3C9,0,1,1,4294967295,0,0
oInvCollPH,3136,144,00368CF5,0,1,1,4294967295,0,0
oInvCollPH,3296,112,000515BD,0,1,1,4294967295,0,0
oInvCollPH,3296,128,000FB951,0,1,1,4294967295,0,0
oInvCollPH,3296,144,002D6CDF,0,1,1,4294967295,0,0
oInvCollPH,3312,144,001229EE,0,1,1,4294967295,0,0
oInvCollPH,3312,128,000D2E42,0,1,1,4294967295,0,0
oInvCollPH,3312,112,00372567,0,1,1,4294967295,0,0
oInvCollPH,3312,96,002D1A77,0,1,1,4294967295,0,0
oInvCollPH,3680,112,003D52A1,0,1,1,4294967295,0,0
oInvCollPH,3680,128,00141ED3,0,1,1,4294967295,0,0
oInvCollPH,3680,144,001FCD6F,0,1,1,4294967295,0,0
oInvCollPH,3696,144,00057630,0,1,1,4294967295,0,0
oInvCollPH,3696,128,001BF925,0,1,1,4294967295,0,0
oInvCollPH,3696,112,0019030E,0,1,1,4294967295,0,0
oInvCollPH,3696,96,001D89F2,0,1,1,4294967295,0,0
oInvCollPH,3808,112,0011A82B,0,1,1,4294967295,0,0
oInvCollPH,3808,128,00098CF2,0,1,1,4294967295,0,0
oInvCollPH,3808,144,003C7486,0,1,1,4294967295,0,0
oInvCollPH,3824,144,000C3D67,0,1,1,4294967295,0,0
oInvCollPH,3824,128,00020656,0,1,1,4294967295,0,0
oInvCollPH,3824,288,00093F56,0,1,1,4294967295,0,0
oInvCollPH,3808,304,000F4775,0,1,1,4294967295,0,0
oInvCollPH,3808,320,0026CBF5,0,1,1,4294967295,0,0
oInvCollPH,3808,336,00167195,0,1,1,4294967295,0,0
oInvCollPH,3824,336,0004AF9D,0,1,1,4294967295,0,0
oInvCollPH,3824,320,003FC346,0,1,1,4294967295,0,0
oInvCollPH,4624,144,003CD7E1,0,1,1,4294967295,0,0
oInvCollPH,4624,128,00037E2C,0,1,1,4294967295,0,0
oInvCollPH,4624,112,000D7743,0,1,1,4294967295,0,0
oInvCollPH,4624,96,00018D59,0,1,1,4294967295,0,0
oInvCollPH,4608,112,00156C0A,0,1,1,4294967295,0,0
oInvCollPH,4608,128,00210E0C,0,1,1,4294967295,0,0
oInvCollPH,4608,144,00083368,0,1,1,4294967295,0,0
oInvCollPH,4736,320,0029694C,0,1,1,4294967295,0,0
oInvCollPH,4736,336,0010FFB6,0,1,1,4294967295,0,0
oInvCollPH,4752,336,002F609B,0,1,1,4294967295,0,0
oInvCollPH,4752,320,0009170D,0,1,1,4294967295,0,0
oInvCollPH,4752,304,0022ABBB,0,1,1,4294967295,0,0
oInvCollPH,4752,288,0020821D,0,1,1,4294967295,0,0
oInvCollPH,4736,304,003D1232,0,1,1,4294967295,0,0
oInvCollPH,4864,144,00089210,0,1,1,4294967295,0,0
oInvCollPH,4864,160,002699FA,0,1,1,4294967295,0,0
oInvCollPH,4864,176,002A4DF7,0,1,1,4294967295,0,0
oInvCollPH,4880,176,00291EA0,0,1,1,4294967295,0,0
oInvCollPH,4880,160,002C6DAE,0,1,1,4294967295,0,0
oInvCollPH,4880,144,00131584,0,1,1,4294967295,0,0
oInvCollPH,4880,128,001E12B5,0,1,1,4294967295,0,0
oInvCollPH,5152,304,00127C9A,0,1,1,4294967295,0,0
oInvCollPH,5152,320,002EBCD6,0,1,1,4294967295,0,0
oInvCollPH,5152,336,001D6A60,0,1,1,4294967295,0,0
oInvCollPH,5216,288,000B104D,0,1,1,4294967295,0,0
oInvCollPH,5232,288,00127F1F,0,1,1,4294967295,0,0
oInvCollPH,5232,304,004043A7,0,1,1,4294967295,0,0
oInvCollPH,5232,320,0024A474,0,1,1,4294967295,0,0
oInvCollPH,5232,336,001B851D,0,1,1,4294967295,0,0
oInvCollPH,5632,336,00320865,0,1,1,4294967295,0,0
oInvCollPH,5648,320,000D9AA7,0,1,1,4294967295,0,0
oInvCollPH,5664,320,003D5266,0,1,1,4294967295,0,0
oInvCollPH,5680,320,0027F7B4,0,1,1,4294967295,0,0
oInvCollPH,5696,320,0017FDEC,0,1,1,4294967295,0,0
oInvCollPH,5712,320,0026CAD4,0,1,1,4294967295,0,0
oInvCollPH,5728,320,001B14CE,0,1,1,4294967295,0,0
oInvCollPH,5744,320,0026C635,0,1,1,4294967295,0,0
oInvCollPH,5744,336,0001BC93,0,1,1,4294967295,0,0
oInvCollPH,5216,112,000DFE02,0,1,1,4294967295,0,0
oInvCollPH,5232,112,0012044F,0,1,1,4294967295,0,0
oInvCollPH,5248,112,00096298,0,1,1,4294967295,0,0
oInvCollPH,5264,112,0021532B,0,1,1,4294967295,0,0
oInvCollPH,5280,112,00103912,0,1,1,4294967295,0,0
oInvCollPH,5296,112,00330AAB,0,1,1,4294967295,0,0
oInvCollPH,5360,96,002B81A7,0,1,1,4294967295,0,0
oInvCollPH,5360,112,00126659,0,1,1,4294967295,0,0
oInvCollPH,5344,112,000B78DE,0,1,1,4294967295,0,0
oInvCollPH,4864,112,001D1597,0,1,1,4294967295,0,0
oInvCollPH,4896,112,0004A900,0,1,1,4294967295,0,0
oInvCollPH,4912,112,0026B262,0,1,1,4294967295,0,0
oInvCollPH,4928,112,0022C616,0,1,1,4294967295,0,0
oInvCollPH,4944,112,002ADE49,0,1,1,4294967295,0,0
oInvCollPH,5008,96,0024B93B,0,1,1,4294967295,0,0
oInvCollPH,5008,112,00143168,0,1,1,4294967295,0,0
oInvCollPH,4992,112,0027A850,0,1,1,4294967295,0,0
oInvCollPH,4960,144,0030085E,0,1,1,4294967295,0,0
oInvCollPH,4960,160,000622D7,0,1,1,4294967295,0,0
oInvCollPH,4960,176,0029A27C,0,1,1,4294967295,0,0
oInvCollPH,4960,192,00169BDC,0,1,1,4294967295,0,0
oInvCollPH,4960,208,001162AA,0,1,1,4294967295,0,0
oInvCollPH,4960,224,00222AD7,0,1,1,4294967295,0,0
oInvCollPH,4960,240,00330C76,0,1,1,4294967295,0,0
oInvCollPH,4976,240,000FC49D,0,1,1,4294967295,0,0
oInvCollPH,4976,224,000CDE79,0,1,1,4294967295,0,0
oInvCollPH,4976,208,00313A76,0,1,1,4294967295,0,0
oInvCollPH,4976,192,0011B673,0,1,1,4294967295,0,0
oInvCollPH,4976,176,0007200A,0,1,1,4294967295,0,0
oInvCollPH,4976,160,001791E5,0,1,1,4294967295,0,0
oInvCollPH,4976,144,0014693F,0,1,1,4294967295,0,0
oInvCollPH,4976,128,00386161,0,1,1,4294967295,0,0
oInvCollPH,4288,240,000AB101,0,1,1,4294967295,0,0
oInvCollPH,4288,256,0012E769,0,1,1,4294967295,0,0
oInvCollPH,4288,272,002DFDAC,0,1,1,4294967295,0,0
oInvCollPH,4288,288,00371127,0,1,1,4294967295,0,0
oInvCollPH,4288,304,0025F647,0,1,1,4294967295,0,0
oInvCollPH,4304,336,003BFAE0,0,1,1,4294967295,0,0
oInvCollPH,4304,320,003BA9FF,0,1,1,4294967295,0,0
oInvCollPH,4304,304,0009C3FD,0,1,1,4294967295,0,0
oInvCollPH,4304,288,003C9E41,0,1,1,4294967295,0,0
oInvCollPH,4304,272,002AC4D8,0,1,1,4294967295,0,0
oInvCollPH,4304,256,0018A6D2,0,1,1,4294967295,0,0
oInvCollPH,4304,240,0007BF52,0,1,1,4294967295,0,0
oInvCollPH,4304,224,0036EF01,0,1,1,4294967295,0,0
oInvCollPH,3920,224,0027140A,0,1,1,4294967295,0,0
oInvCollPH,3936,224,000ECBAD,0,1,1,4294967295,0,0
oInvCollPH,3952,224,0004A79A,0,1,1,4294967295,0,0
oInvCollPH,3904,240,001D4B78,0,1,1,4294967295,0,0
oInvCollPH,3920,240,000452AF,0,1,1,4294967295,0,0
oInvCollPH,3936,240,00015037,0,1,1,4294967295,0,0
oInvCollPH,3952,240,0027DB76,0,1,1,4294967295,0,0
oInvCollPH,3968,240,003469EF,0,1,1,4294967295,0,0
oInvCollPH,3984,240,000AFDE2,0,1,1,4294967295,0,0
oInvCollPH,3984,224,0003B37C,0,1,1,4294967295,0,0
oInvCollPH,4096,112,0016C067,0,1,1,4294967295,0,0
oInvCollPH,4096,128,000060EB,0,1,1,4294967295,0,0
oInvCollPH,4096,144,0028807D,0,1,1,4294967295,0,0
oInvCollPH,4096,160,0019430A,0,1,1,4294967295,0,0
oInvCollPH,4096,176,00312EAC,0,1,1,4294967295,0,0
oInvCollPH,4096,192,0019E986,0,1,1,4294967295,0,0
oInvCollPH,4096,208,002B8962,0,1,1,4294967295,0,0
oInvCollPH,4112,208,002D7166,0,1,1,4294967295,0,0
oInvCollPH,4112,192,0025B69D,0,1,1,4294967295,0,0
oInvCollPH,4112,176,00053D8E,0,1,1,4294967295,0,0
oInvCollPH,4112,160,003EBF2F,0,1,1,4294967295,0,0
oInvCollPH,4112,144,001A8F45,0,1,1,4294967295,0,0
oInvCollPH,4112,128,0024B155,0,1,1,4294967295,0,0
oInvCollPH,3264,304,002F1178,0,1,1,4294967295,0,0
oInvCollPH,3280,304,000D84A7,0,1,1,4294967295,0,0
oInvCollPH,3296,304,000ECDEB,0,1,1,4294967295,0,0
oInvCollPH,3312,304,00069024,0,1,1,4294967295,0,0
oInvCollPH,3328,304,002C1C43,0,1,1,4294967295,0,0
oInvCollPH,3344,304,003462AF,0,1,1,4294967295,0,0
oInvCollPH,3360,304,000A5389,0,1,1,4294967295,0,0
oInvCollPH,3376,304,003D7441,0,1,1,4294967295,0,0
oInvCollPH,3392,304,00136C85,0,1,1,4294967295,0,0
oInvCollPH,3408,304,00135742,0,1,1,4294967295,0,0
oInvCollPH,3408,288,003FF6E6,0,1,1,4294967295,0,0
oInvCollPH,3392,288,0001712A,0,1,1,4294967295,0,0
oInvCollPH,3376,288,001D4940,0,1,1,4294967295,0,0
oInvCollPH,3360,288,003BA99E,0,1,1,4294967295,0,0
oInvCollPH,3344,288,000CA850,0,1,1,4294967295,0,0
oInvCollPH,3328,288,000BB021,0,1,1,4294967295,0,0
oInvCollPH,3312,288,0007BAB1,0,1,1,4294967295,0,0
oInvCollPH,3296,288,000AF9B9,0,1,1,4294967295,0,0
oInvCollPH,3280,288,003A9E83,0,1,1,4294967295,0,0
oInvCollPH,3552,112,00330953,0,1,1,4294967295,0,0
oInvCollPH,3552,160,00402537,0,1,1,4294967295,0,0
oInvCollPH,3552,176,00339E52,0,1,1,4294967295,0,0
oInvCollPH,3568,176,002F70C9,0,1,1,4294967295,0,0
oInvCollPH,3568,160,003A4E5E,0,1,1,4294967295,0,0
oInvCollPH,3568,144,00322A81,0,1,1,4294967295,0,0
oInvCollPH,3552,144,0024AF05,0,1,1,4294967295,0,0
oInvCollPH,3552,128,001360D3,0,1,1,4294967295,0,0
oInvCollPH,3568,128,001AA749,0,1,1,4294967295,0,0
oInvCollPH,3568,112,00159573,0,1,1,4294967295,0,0
oInvCollPH,3568,96,0010D3A4,0,1,1,4294967295,0,0
oInvCollPH,2944,336,001DD9B6,0,1,1,4294967295,0,0
oInvCollPH,2960,320,001CA050,0,1,1,4294967295,0,0
oInvCollPH,2976,320,003DEC91,0,1,1,4294967295,0,0
oInvCollPH,2992,320,002F7057,0,1,1,4294967295,0,0
oInvCollPH,3008,320,00182FCC,0,1,1,4294967295,0,0
oInvCollPH,3024,320,000DA948,0,1,1,4294967295,0,0
oInvCollPH,3024,336,0039EFEC,0,1,1,4294967295,0,0
oInvCollPH,2368,336,0004A139,0,1,1,4294967295,0,0
oInvCollPH,2384,320,000C095A,0,1,1,4294967295,0,0
oInvCollPH,2400,320,0022E603,0,1,1,4294967295,0,0
oInvCollPH,2416,320,002E8AFC,0,1,1,4294967295,0,0
oInvCollPH,2432,320,000939DB,0,1,1,4294967295,0,0
oInvCollPH,2448,320,00069835,0,1,1,4294967295,0,0
oInvCollPH,2448,336,003B4F94,0,1,1,4294967295,0,0
oInvCollPH,2464,352,003ED537,0,1,1,4294967295,0,0
oInvCollPH,2480,352,001B481A,0,1,1,4294967295,0,0
oInvCollPH,2496,352,00324473,0,1,1,4294967295,0,0
oInvCollPH,2512,352,002E9803,0,1,1,4294967295,0,0
oInvCollPH,2528,352,000A9CA8,0,1,1,4294967295,0,0
oInvCollPH,2544,352,0000355D,0,1,1,4294967295,0,0
oInvCollPH,2560,352,002AB484,0,1,1,4294967295,0,0
oInvCollPH,2576,352,0040324F,0,1,1,4294967295,0,0
oInvCollPH,2592,352,001CDF35,0,1,1,4294967295,0,0
oInvCollPH,2608,352,00014DD0,0,1,1,4294967295,0,0
oInvCollPH,2368,80,003CB1F5,0,1,1,4294967295,0,0
oInvCollPH,2384,80,000C034B,0,1,1,4294967295,0,0
oInvCollPH,2400,80,00334186,0,1,1,4294967295,0,0
oInvCollPH,2416,80,00176052,0,1,1,4294967295,0,0
oInvCollPH,2432,80,0029E659,0,1,1,4294967295,0,0
oInvCollPH,2448,80,000442C2,0,1,1,4294967295,0,0
oInvCollPH,2464,80,002D523C,0,1,1,4294967295,0,0
oInvCollPH,2480,80,0009FDDE,0,1,1,4294967295,0,0
oInvCollPH,2496,80,0034092F,0,1,1,4294967295,0,0
oInvCollPH,2512,80,0037B398,0,1,1,4294967295,0,0
oInvCollPH,2528,80,0006B988,0,1,1,4294967295,0,0
oInvCollPH,2544,80,001A42E8,0,1,1,4294967295,0,0
oInvCollPH,2560,80,003BFB48,0,1,1,4294967295,0,0
oInvCollPH,2576,80,002B3348,0,1,1,4294967295,0,0
oInvCollPH,2592,80,0002BA6E,0,1,1,4294967295,0,0
oInvCollPH,2608,80,00311126,0,1,1,4294967295,0,0
oInvCollPH,2624,80,001AAF73,0,1,1,4294967295,0,0
oInvCollPH,2640,80,00010856,0,1,1,4294967295,0,0
oInvCollPH,2688,80,00235329,0,1,1,4294967295,0,0
oInvCollPH,2704,80,001379E5,0,1,1,4294967295,0,0
oInvCollPH,2720,80,002EBDE1,0,1,1,4294967295,0,0
oInvCollPH,2736,80,00213845,0,1,1,4294967295,0,0
oInvCollPH,2752,80,003EF0C2,0,1,1,4294967295,0,0
oInvCollPH,2768,80,003DE03B,0,1,1,4294967295,0,0
oInvCollPH,2688,352,003FC559,0,1,1,4294967295,0,0
oInvCollPH,2704,352,002E6383,0,1,1,4294967295,0,0
oInvCollPH,2720,352,0028C5AF,0,1,1,4294967295,0,0
oInvCollPH,2736,352,0022B074,0,1,1,4294967295,0,0
oInvCollPH,2752,352,0007D327,0,1,1,4294967295,0,0
oInvCollPH,2768,352,00192372,0,1,1,4294967295,0,0
oInvCollPH,2784,352,0016F2E5,0,1,1,4294967295,0,0
oInvCollPH,2800,352,000C4786,0,1,1,4294967295,0,0
oInvCollPH,2816,352,00277FED,0,1,1,4294967295,0,0
oInvCollPH,2832,352,001A2C5B,0,1,1,4294967295,0,0
oInvCollPH,2848,352,00028BB9,0,1,1,4294967295,0,0
oInvCollPH,2864,352,00109639,0,1,1,4294967295,0,0
oInvCollPH,2880,352,001C20A7,0,1,1,4294967295,0,0
oInvCollPH,2896,352,00035183,0,1,1,4294967295,0,0
oInvCollPH,2912,352,00169552,0,1,1,4294967295,0,0
oInvCollPH,2928,352,001F390B,0,1,1,4294967295,0,0
oInvCollPH,2848,80,0001EB15,0,1,1,4294967295,0,0
oInvCollPH,2864,80,0034F70A,0,1,1,4294967295,0,0
oInvCollPH,2880,80,003EE05D,0,1,1,4294967295,0,0
oInvCollPH,2896,80,003FF895,0,1,1,4294967295,0,0
oInvCollPH,2912,80,0023F7B7,0,1,1,4294967295,0,0
oInvCollPH,2928,80,002FB224,0,1,1,4294967295,0,0
oInvCollPH,2944,80,00010698,0,1,1,4294967295,0,0
oInvCollPH,2960,80,001E107F,0,1,1,4294967295,0,0
oInvCollPH,2976,80,003EF5C7,0,1,1,4294967295,0,0
oInvCollPH,2992,80,00403329,0,1,1,4294967295,0,0
oInvCollPH,3008,80,00283581,0,1,1,4294967295,0,0
oInvCollPH,3024,80,00336CFD,0,1,1,4294967295,0,0
oInvCollPH,3040,80,000482FD,0,1,1,4294967295,0,0
oInvCollPH,3056,80,0028A418,0,1,1,4294967295,0,0
oInvCollPH,3072,80,00377EC0,0,1,1,4294967295,0,0
oInvCollPH,3088,80,000C8B7D,0,1,1,4294967295,0,0
oInvCollPH,3104,80,00166C93,0,1,1,4294967295,0,0
oInvCollPH,3120,80,003A0903,0,1,1,4294967295,0,0
oInvCollPH,3168,80,001AA197,0,1,1,4294967295,0,0
oInvCollPH,3184,80,00401D41,0,1,1,4294967295,0,0
oInvCollPH,3200,80,0038E9DA,0,1,1,4294967295,0,0
oInvCollPH,3216,80,0029ECDD,0,1,1,4294967295,0,0
oInvCollPH,3232,80,002CC595,0,1,1,4294967295,0,0
oInvCollPH,3248,80,000628C7,0,1,1,4294967295,0,0
oInvCollPH,3264,80,0037C82D,0,1,1,4294967295,0,0
oInvCollPH,3280,80,00124E6E,0,1,1,4294967295,0,0
oInvCollPH,3328,80,0033BED0,0,1,1,4294967295,0,0
oInvCollPH,3344,80,00052C91,0,1,1,4294967295,0,0
oInvCollPH,3360,80,0024BF6C,0,1,1,4294967295,0,0
oInvCollPH,3376,80,0023944B,0,1,1,4294967295,0,0
oInvCollPH,3040,352,0008407C,0,1,1,4294967295,0,0
oInvCollPH,3056,352,00311245,0,1,1,4294967295,0,0
oInvCollPH,3072,352,001D10BE,0,1,1,4294967295,0,0
oInvCollPH,3088,352,001FFDF4,0,1,1,4294967295,0,0
oInvCollPH,3104,352,0017266D,0,1,1,4294967295,0,0
oInvCollPH,3120,352,002F5422,0,1,1,4294967295,0,0
oInvCollPH,3136,352,0028E1FB,0,1,1,4294967295,0,0
oInvCollPH,3152,352,003ECC44,0,1,1,4294967295,0,0
oInvCollPH,3168,352,0024828F,0,1,1,4294967295,0,0
oInvCollPH,3184,352,0002BADF,0,1,1,4294967295,0,0
oInvCollPH,3200,352,002A1148,0,1,1,4294967295,0,0
oInvCollPH,3216,352,0021674A,0,1,1,4294967295,0,0
oInvCollPH,3232,352,000A56DD,0,1,1,4294967295,0,0
oInvCollPH,3248,352,0028C1F8,0,1,1,4294967295,0,0
oInvCollPH,3264,352,0002DF29,0,1,1,4294967295,0,0
oInvCollPH,3280,352,00072CDD,0,1,1,4294967295,0,0
oInvCollPH,3296,352,002E6B86,0,1,1,4294967295,0,0
oInvCollPH,3312,352,003DB227,0,1,1,4294967295,0,0
oInvCollPH,3328,352,003AF8B0,0,1,1,4294967295,0,0
oInvCollPH,3344,352,00144030,0,1,1,4294967295,0,0
oInvCollPH,3360,352,00124D80,0,1,1,4294967295,0,0
oInvCollPH,3376,352,003DB9C7,0,1,1,4294967295,0,0
oInvCollPH,3392,352,0014831B,0,1,1,4294967295,0,0
oInvCollPH,3408,352,002014B7,0,1,1,4294967295,0,0
oInvCollPH,3424,352,003EC3C1,0,1,1,4294967295,0,0
oInvCollPH,3440,352,002FD185,0,1,1,4294967295,0,0
oInvCollPH,3456,352,001BD168,0,1,1,4294967295,0,0
oInvCollPH,3472,352,002D8E04,0,1,1,4294967295,0,0
oInvCollPH,3488,352,00055495,0,1,1,4294967295,0,0
oInvCollPH,3504,352,0004FDC3,0,1,1,4294967295,0,0
oInvCollPH,3424,80,002B364F,0,1,1,4294967295,0,0
oInvCollPH,3440,80,00010785,0,1,1,4294967295,0,0
oInvCollPH,3456,80,000ACCE9,0,1,1,4294967295,0,0
oInvCollPH,3472,80,000F78B2,0,1,1,4294967295,0,0
oInvCollPH,3488,80,0009B1B4,0,1,1,4294967295,0,0
oInvCollPH,3504,80,0026CC3D,0,1,1,4294967295,0,0
oInvCollPH,3520,80,001E292A,0,1,1,4294967295,0,0
oInvCollPH,3536,80,0020E5CB,0,1,1,4294967295,0,0
oInvCollPH,3584,80,0004B644,0,1,1,4294967295,0,0
oInvCollPH,3600,80,0030AAD3,0,1,1,4294967295,0,0
oInvCollPH,3616,80,001E6036,0,1,1,4294967295,0,0
oInvCollPH,3632,80,00170570,0,1,1,4294967295,0,0
oInvCollPH,3648,80,002DA43F,0,1,1,4294967295,0,0
oInvCollPH,3664,80,00100F5F,0,1,1,4294967295,0,0
oInvCollPH,3712,80,0039FFC1,0,1,1,4294967295,0,0
oInvCollPH,3728,80,001C63F7,0,1,1,4294967295,0,0
oInvCollPH,3744,80,0014DB98,0,1,1,4294967295,0,0
oInvCollPH,3760,80,003B07B5,0,1,1,4294967295,0,0
oInvCollPH,3776,80,00127D31,0,1,1,4294967295,0,0
oInvCollPH,3792,80,003940C5,0,1,1,4294967295,0,0
oInvCollPH,3520,352,002E3883,0,1,1,4294967295,0,0
oInvCollPH,3536,352,003F3C44,0,1,1,4294967295,0,0
oInvCollPH,3552,352,0036207E,0,1,1,4294967295,0,0
oInvCollPH,3568,352,00089560,0,1,1,4294967295,0,0
oInvCollPH,3584,352,000D63E3,0,1,1,4294967295,0,0
oInvCollPH,3600,352,000064FC,0,1,1,4294967295,0,0
oInvCollPH,3616,352,00034364,0,1,1,4294967295,0,0
oInvCollPH,3632,352,001EE067,0,1,1,4294967295,0,0
oInvCollPH,3648,352,0023AFCF,0,1,1,4294967295,0,0
oInvCollPH,3664,352,001281A6,0,1,1,4294967295,0,0
oInvCollPH,3712,352,002773ED,0,1,1,4294967295,0,0
oInvCollPH,3728,352,0009B6FA,0,1,1,4294967295,0,0
oInvCollPH,3744,352,000E17F1,0,1,1,4294967295,0,0
oInvCollPH,3760,352,0006BD9F,0,1,1,4294967295,0,0
oInvCollPH,3776,352,00388096,0,1,1,4294967295,0,0
oInvCollPH,3792,352,000785A5,0,1,1,4294967295,0,0
oInvCollPH,3872,80,002530D1,0,1,1,4294967295,0,0
oInvCollPH,3888,80,002AEBE9,0,1,1,4294967295,0,0
oInvCollPH,3904,80,00191F16,0,1,1,4294967295,0,0
oInvCollPH,3920,80,001FCB2D,0,1,1,4294967295,0,0
oInvCollPH,3936,80,000DC9F3,0,1,1,4294967295,0,0
oInvCollPH,3952,80,003784BC,0,1,1,4294967295,0,0
oInvCollPH,3968,80,003C1AA4,0,1,1,4294967295,0,0
oInvCollPH,3984,80,0005AE89,0,1,1,4294967295,0,0
oInvCollPH,4000,80,0014A8DC,0,1,1,4294967295,0,0
oInvCollPH,4016,80,000D9674,0,1,1,4294967295,0,0
oInvCollPH,4032,80,00227A03,0,1,1,4294967295,0,0
oInvCollPH,4048,80,001F2C83,0,1,1,4294967295,0,0
oInvCollPH,4064,80,001400C7,0,1,1,4294967295,0,0
oInvCollPH,4080,80,002EDF70,0,1,1,4294967295,0,0
oInvCollPH,3840,352,00008029,0,1,1,4294967295,0,0
oInvCollPH,3856,352,00376657,0,1,1,4294967295,0,0
oInvCollPH,3872,352,0013DBBF,0,1,1,4294967295,0,0
oInvCollPH,3888,352,0025D5EB,0,1,1,4294967295,0,0
oInvCollPH,3904,352,0039E7C5,0,1,1,4294967295,0,0
oInvCollPH,3920,352,0039D987,0,1,1,4294967295,0,0
oInvCollPH,3936,352,0009DB63,0,1,1,4294967295,0,0
oInvCollPH,3952,352,00131605,0,1,1,4294967295,0,0
oInvCollPH,3968,352,0025D9C5,0,1,1,4294967295,0,0
oInvCollPH,3984,352,0007D811,0,1,1,4294967295,0,0
oInvCollPH,4000,352,001B2CA7,0,1,1,4294967295,0,0
oInvCollPH,4016,352,002BFFA9,0,1,1,4294967295,0,0
oInvCollPH,4032,352,003D61DA,0,1,1,4294967295,0,0
oInvCollPH,4048,352,000E3F23,0,1,1,4294967295,0,0
oInvCollPH,4064,352,003A44A6,0,1,1,4294967295,0,0
oInvCollPH,4080,352,000EC609,0,1,1,4294967295,0,0
oInvCollPH,4096,352,0013B3FE,0,1,1,4294967295,0,0
oInvCollPH,4112,352,0003DBA6,0,1,1,4294967295,0,0
oInvCollPH,4128,352,00120930,0,1,1,4294967295,0,0
oInvCollPH,4144,352,003AAAA2,0,1,1,4294967295,0,0
oInvCollPH,4160,352,00129404,0,1,1,4294967295,0,0
oInvCollPH,4176,352,001661ED,0,1,1,4294967295,0,0
oInvCollPH,4192,352,001168C3,0,1,1,4294967295,0,0
oInvCollPH,4208,352,003E089A,0,1,1,4294967295,0,0
oInvCollPH,4224,352,00354A17,0,1,1,4294967295,0,0
oInvCollPH,4240,352,001358DA,0,1,1,4294967295,0,0
oInvCollPH,4160,80,0027380F,0,1,1,4294967295,0,0
oInvCollPH,4176,80,00062E4B,0,1,1,4294967295,0,0
oInvCollPH,4192,80,001CA812,0,1,1,4294967295,0,0
oInvCollPH,4208,80,000877B3,0,1,1,4294967295,0,0
oInvCollPH,4224,80,000CDC3E,0,1,1,4294967295,0,0
oInvCollPH,4240,80,002F6988,0,1,1,4294967295,0,0
oInvCollPH,4256,80,002AC4E7,0,1,1,4294967295,0,0
oInvCollPH,4272,80,0003DA00,0,1,1,4294967295,0,0
oInvCollPH,4288,80,0035BCFB,0,1,1,4294967295,0,0
oInvCollPH,4304,80,0006D1A0,0,1,1,4294967295,0,0
oInvCollPH,4320,80,0021816D,0,1,1,4294967295,0,0
oInvCollPH,4336,80,00306A36,0,1,1,4294967295,0,0
oInvCollPH,4352,80,0006BE51,0,1,1,4294967295,0,0
oInvCollPH,4368,80,000861F8,0,1,1,4294967295,0,0
oInvCollPH,4320,352,00183961,0,1,1,4294967295,0,0
oInvCollPH,4336,352,0018292A,0,1,1,4294967295,0,0
oInvCollPH,4352,352,001447DA,0,1,1,4294967295,0,0
oInvCollPH,4368,352,0022AD96,0,1,1,4294967295,0,0
oInvCollPH,4416,80,00239005,0,1,1,4294967295,0,0
oInvCollPH,4432,80,0024A35F,0,1,1,4294967295,0,0
oInvCollPH,4448,80,002A52DA,0,1,1,4294967295,0,0
oInvCollPH,4464,80,001FF37E,0,1,1,4294967295,0,0
oInvCollPH,4480,80,002DBC6E,0,1,1,4294967295,0,0
oInvCollPH,4496,80,0015A3FA,0,1,1,4294967295,0,0
oInvCollPH,4512,80,002D9BC8,0,1,1,4294967295,0,0
oInvCollPH,4528,80,001E6521,0,1,1,4294967295,0,0
oInvCollPH,4544,80,001690B0,0,1,1,4294967295,0,0
oInvCollPH,4560,80,00088E0C,0,1,1,4294967295,0,0
oInvCollPH,4576,80,002ABEC3,0,1,1,4294967295,0,0
oInvCollPH,4592,80,0000E96E,0,1,1,4294967295,0,0
oInvCollPH,4416,352,00177B17,0,1,1,4294967295,0,0
oInvCollPH,4432,352,000B7DA8,0,1,1,4294967295,0,0
oInvCollPH,4448,352,003CF3DB,0,1,1,4294967295,0,0
oInvCollPH,4464,352,0027B831,0,1,1,4294967295,0,0
oInvCollPH,4480,352,0038FF9F,0,1,1,4294967295,0,0
oInvCollPH,4496,352,00082A5B,0,1,1,4294967295,0,0
oInvCollPH,4512,352,001ABD90,0,1,1,4294967295,0,0
oInvCollPH,4528,352,002CBD27,0,1,1,4294967295,0,0
oInvCollPH,4544,352,000F2214,0,1,1,4294967295,0,0
oInvCollPH,4560,352,000E408A,0,1,1,4294967295,0,0
oInvCollPH,4576,352,00340494,0,1,1,4294967295,0,0
oInvCollPH,4592,352,00151726,0,1,1,4294967295,0,0
oInvCollPH,4608,352,00258812,0,1,1,4294967295,0,0
oInvCollPH,4624,352,000C939C,0,1,1,4294967295,0,0
oInvCollPH,4640,352,00131BDF,0,1,1,4294967295,0,0
oInvCollPH,4656,352,000A478A,0,1,1,4294967295,0,0
oInvCollPH,4672,352,000CDD3C,0,1,1,4294967295,0,0
oInvCollPH,4688,352,0003B935,0,1,1,4294967295,0,0
oInvCollPH,4704,352,003F9762,0,1,1,4294967295,0,0
oInvCollPH,4720,352,0039ECF0,0,1,1,4294967295,0,0
oInvCollPH,4640,80,003FC36F,0,1,1,4294967295,0,0
oInvCollPH,4656,80,00220C90,0,1,1,4294967295,0,0
oInvCollPH,4672,80,000A4F74,0,1,1,4294967295,0,0
oInvCollPH,4688,80,00143367,0,1,1,4294967295,0,0
oInvCollPH,4704,80,0032945D,0,1,1,4294967295,0,0
oInvCollPH,4720,80,001B3628,0,1,1,4294967295,0,0
oInvCollPH,4736,80,000089E2,0,1,1,4294967295,0,0
oInvCollPH,4752,80,00180E82,0,1,1,4294967295,0,0
oInvCollPH,4768,80,0032E399,0,1,1,4294967295,0,0
oInvCollPH,4784,80,003FE9D5,0,1,1,4294967295,0,0
oInvCollPH,4800,80,002DA362,0,1,1,4294967295,0,0
oInvCollPH,4816,80,002B8FB5,0,1,1,4294967295,0,0
oInvCollPH,4832,80,0005FFE1,0,1,1,4294967295,0,0
oInvCollPH,4848,80,001DC505,0,1,1,4294967295,0,0
oInvCollPH,4768,352,000309F1,0,1,1,4294967295,0,0
oInvCollPH,4784,352,00122055,0,1,1,4294967295,0,0
oInvCollPH,4800,352,001DE4D7,0,1,1,4294967295,0,0
oInvCollPH,4816,352,003854FD,0,1,1,4294967295,0,0
oInvCollPH,4960,352,003A2D25,0,1,1,4294967295,0,0
oInvCollPH,4896,352,0027F730,0,1,1,4294967295,0,0
oInvCollPH,4912,352,0038B4D7,0,1,1,4294967295,0,0
oInvCollPH,4928,352,00381F4E,0,1,1,4294967295,0,0
oInvCollPH,4944,352,00030808,0,1,1,4294967295,0,0
oInvCollPH,4976,352,0029EC62,0,1,1,4294967295,0,0
oInvCollPH,4992,352,00219BA0,0,1,1,4294967295,0,0
oInvCollPH,5008,352,000DAE24,0,1,1,4294967295,0,0
oInvCollPH,5024,352,001D4FB8,0,1,1,4294967295,0,0
oInvCollPH,5040,352,002E3740,0,1,1,4294967295,0,0
oInvCollPH,5088,352,00054956,0,1,1,4294967295,0,0
oInvCollPH,5104,352,003D13DC,0,1,1,4294967295,0,0
oInvCollPH,5120,352,0036724B,0,1,1,4294967295,0,0
oInvCollPH,5136,352,00376E08,0,1,1,4294967295,0,0
oInvCollPH,5024,80,0024B5E2,0,1,1,4294967295,0,0
oInvCollPH,5040,80,001A639A,0,1,1,4294967295,0,0
oInvCollPH,5056,80,000058B6,0,1,1,4294967295,0,0
oInvCollPH,5072,80,0034A5BE,0,1,1,4294967295,0,0
oInvCollPH,5088,80,0025CE69,0,1,1,4294967295,0,0
oInvCollPH,5104,80,00330594,0,1,1,4294967295,0,0
oInvCollPH,5120,80,0018E6DB,0,1,1,4294967295,0,0
oInvCollPH,5136,80,00134D8D,0,1,1,4294967295,0,0
oInvCollPH,5152,80,0013CB41,0,1,1,4294967295,0,0
oInvCollPH,5168,80,001A76D7,0,1,1,4294967295,0,0
oInvCollPH,5184,80,0030B434,0,1,1,4294967295,0,0
oInvCollPH,5200,80,0017C240,0,1,1,4294967295,0,0
oInvCollPH,5376,80,000C9755,0,1,1,4294967295,0,0
oInvCollPH,5392,80,002CF8A3,0,1,1,4294967295,0,0
oInvCollPH,5408,80,00353A17,0,1,1,4294967295,0,0
oInvCollPH,5424,80,0004D0AB,0,1,1,4294967295,0,0
oInvCollPH,5440,80,001748DA,0,1,1,4294967295,0,0
oInvCollPH,5456,80,001DAD99,0,1,1,4294967295,0,0
oInvCollPH,5472,80,0020E3BC,0,1,1,4294967295,0,0
oInvCollPH,5488,80,003E2D71,0,1,1,4294967295,0,0
oInvCollPH,5504,80,002F6BA2,0,1,1,4294967295,0,0
oInvCollPH,5520,80,0027A759,0,1,1,4294967295,0,0
oInvCollPH,5248,352,000E8CE0,0,1,1,4294967295,0,0
oInvCollPH,5264,352,003F3900,0,1,1,4294967295,0,0
oInvCollPH,5280,352,0015C863,0,1,1,4294967295,0,0
oInvCollPH,5296,352,00044D0A,0,1,1,4294967295,0,0
oInvCollPH,5344,352,001ECC7C,0,1,1,4294967295,0,0
oInvCollPH,5360,352,001AE363,0,1,1,4294967295,0,0
oInvCollPH,5376,352,00363730,0,1,1,4294967295,0,0
oInvCollPH,5392,352,0024129C,0,1,1,4294967295,0,0
oInvCollPH,5408,352,0005AC10,0,1,1,4294967295,0,0
oInvCollPH,5424,352,00239BBC,0,1,1,4294967295,0,0
oInvCollPH,5472,352,003EF115,0,1,1,4294967295,0,0
oInvCollPH,5488,352,002416A9,0,1,1,4294967295,0,0
oInvCollPH,5504,352,0037C84A,0,1,1,4294967295,0,0
oInvCollPH,5520,352,000CB8C6,0,1,1,4294967295,0,0
oInvCollPH,5536,352,000CFE80,0,1,1,4294967295,0,0
oInvCollPH,5552,352,0003816C,0,1,1,4294967295,0,0
oInvCollPH,5600,352,00025398,0,1,1,4294967295,0,0
oInvCollPH,5616,352,00275225,0,1,1,4294967295,0,0
oInvCollPH,5632,352,001AE617,0,1,1,4294967295,0,0
oInvCollPH,5760,352,0014201A,0,1,1,4294967295,0,0
oInvCollPH,5776,352,001ABE39,0,1,1,4294967295,0,0
oInvCollPH,5792,352,003D8544,0,1,1,4294967295,0,0
oInvCollPH,5808,352,001B9D7D,0,1,1,4294967295,0,0
oInvCollPH,5600,80,0003CCE1,0,1,1,4294967295,0,0
oInvCollPH,5616,80,003C74AB,0,1,1,4294967295,0,0
oInvCollPH,5632,80,0011057A,0,1,1,4294967295,0,0
oInvCollPH,5648,80,003E0114,0,1,1,4294967295,0,0
oInvCollPH,5664,80,00242764,0,1,1,4294967295,0,0
oInvCollPH,5680,80,0035823D,0,1,1,4294967295,0,0
oInvCollPH,5696,80,00315E01,0,1,1,4294967295,0,0
oInvCollPH,5712,80,002249BB,0,1,1,4294967295,0,0
oInvCollPH,5728,80,003657F8,0,1,1,4294967295,0,0
oInvCollPH,5744,80,00144B13,0,1,1,4294967295,0,0
oInvCollPH,5760,80,00399EB9,0,1,1,4294967295,0,0
oInvCollPH,5776,80,0025ADA4,0,1,1,4294967295,0,0
oInvCollPH,5792,80,001ABE93,0,1,1,4294967295,0,0
oInvCollPH,5808,80,003E3C73,0,1,1,4294967295,0,0
oInvCollPH,5824,80,001EC41E,0,1,1,4294967295,0,0
oInvCollPH,5840,80,002DC72F,0,1,1,4294967295,0,0
oInvCollPH,5856,80,000CF0B3,0,1,1,4294967295,0,0
oInvCollPH,5872,80,0004DF00,0,1,1,4294967295,0,0
oInvCollPH,5888,80,003D091E,0,1,1,4294967295,0,0
oInvCollPH,5904,80,0037834B,0,1,1,4294967295,0,0
oInvCollPH,5920,80,0026B8F7,0,1,1,4294967295,0,0
oInvCollPH,5936,80,00265810,0,1,1,4294967295,0,0
oInvCollPH,5952,80,0027263C,0,1,1,4294967295,0,0
oInvCollPH,5968,80,0035DB63,0,1,1,4294967295,0,0
oInvCollPH,5984,80,00364378,0,1,1,4294967295,0,0
oInvCollPH,6000,80,00263B38,0,1,1,4294967295,0,0
oInvCollPH,6016,80,000EC691,0,1,1,4294967295,0,0
oInvCollPH,6032,80,0020547E,0,1,1,4294967295,0,0
oInvCollPH,6048,80,00029525,0,1,1,4294967295,0,0
oInvCollPH,6064,80,0010580A,0,1,1,4294967295,0,0
oInvCollPH,6080,80,002407C8,0,1,1,4294967295,0,0
oInvCollPH,6096,80,002030B0,0,1,1,4294967295,0,0
oInvCollPH,6112,80,00297E49,0,1,1,4294967295,0,0
oInvCollPH,6128,80,003555F0,0,1,1,4294967295,0,0
oInvCollPH,6144,80,00217BC6,0,1,1,4294967295,0,0
oInvCollPH,6160,80,001A7A87,0,1,1,4294967295,0,0
oInvCollPH,6176,80,000E1701,0,1,1,4294967295,0,0
oInvCollPH,6192,80,00096889,0,1,1,4294967295,0,0
oInvCollPH,6208,80,0008CE0B,0,1,1,4294967295,0,0
oInvCollPH,6224,80,0027A97C,0,1,1,4294967295,0,0
oInvCollPH,6240,80,002AF0EC,0,1,1,4294967295,0,0
oInvCollPH,6256,80,00208D77,0,1,1,4294967295,0,0
oInvCollPH,6272,80,0020E49B,0,1,1,4294967295,0,0
oInvCollPH,6288,80,0015C491,0,1,1,4294967295,0,0
oInvCollPH,6304,80,00194F2F,0,1,1,4294967295,0,0
oInvCollPH,6320,80,00073C88,0,1,1,4294967295,0,0
oInvCollPH,6336,80,00185BF4,0,1,1,4294967295,0,0
oInvCollPH,6352,80,00267550,0,1,1,4294967295,0,0
oInvCollPH,6368,80,0000FBB6,0,1,1,4294967295,0,0
oInvCollPH,6384,80,001799FC,0,1,1,4294967295,0,0
oInvCollPH,6400,80,00026411,0,1,1,4294967295,0,0
oInvCollPH,6416,80,0004ADBE,0,1,1,4294967295,0,0
oInvCollPH,6432,80,002A379F,0,1,1,4294967295,0,0
oInvCollPH,6448,80,002DA58C,0,1,1,4294967295,0,0
oInvCollPH,6464,80,00056D14,0,1,1,4294967295,0,0
oInvCollPH,6480,80,001FBDBF,0,1,1,4294967295,0,0
oInvCollPH,6496,80,001EF474,0,1,1,4294967295,0,0
oInvCollPH,6512,80,00288BEE,0,1,1,4294967295,0,0
oInvCollPH,6528,80,000D73ED,0,1,1,4294967295,0,0
oInvCollPH,6544,80,001AC56F,0,1,1,4294967295,0,0
oInvCollPH,6560,80,00027D85,0,1,1,4294967295,0,0
oInvCollPH,6576,80,00197887,0,1,1,4294967295,0,0
oInvCollPH,6592,80,000F4FDB,0,1,1,4294967295,0,0
oInvCollPH,6608,80,0005A11C,0,1,1,4294967295,0,0
oInvCollPH,6624,80,0027D157,0,1,1,4294967295,0,0
oInvCollPH,6640,80,00190CA3,0,1,1,4294967295,0,0
oInvCollPH,6656,80,001E7FB9,0,1,1,4294967295,0,0
oInvCollPH,6672,80,002DB0AC,0,1,1,4294967295,0,0
oInvCollPH,5824,304,001B8B42,0,1,1,4294967295,0,0
oInvCollPH,5824,320,00145B48,0,1,1,4294967295,0,0
oInvCollPH,5824,336,000FC53E,0,1,1,4294967295,0,0
oInvCollPH,5840,288,002C1FDA,0,1,1,4294967295,0,0
oInvCollPH,5856,288,0009D027,0,1,1,4294967295,0,0
oInvCollPH,5872,288,0027842A,0,1,1,4294967295,0,0
oInvCollPH,5888,288,003E2A33,0,1,1,4294967295,0,0
oInvCollPH,5904,288,0007E939,0,1,1,4294967295,0,0
oInvCollPH,5920,288,00031BD1,0,1,1,4294967295,0,0
oInvCollPH,5936,288,0021910B,0,1,1,4294967295,0,0
oInvCollPH,5952,288,003EFFAB,0,1,1,4294967295,0,0
oInvCollPH,5968,288,000E45F1,0,1,1,4294967295,0,0
oInvCollPH,5984,288,003FA610,0,1,1,4294967295,0,0
oInvCollPH,6000,288,00367F15,0,1,1,4294967295,0,0
oInvCollPH,6016,288,00268F22,0,1,1,4294967295,0,0
oInvCollPH,6032,288,003514FE,0,1,1,4294967295,0,0
oInvCollPH,6048,288,0010DB96,0,1,1,4294967295,0,0
oInvCollPH,6064,288,0007DDE5,0,1,1,4294967295,0,0
oInvCollPH,6080,288,003235B1,0,1,1,4294967295,0,0
oInvCollPH,6096,288,003DB7E0,0,1,1,4294967295,0,0
oInvCollPH,6112,288,000076AE,0,1,1,4294967295,0,0
oInvCollPH,6128,288,0038525D,0,1,1,4294967295,0,0
oInvCollPH,6144,288,0000B05C,0,1,1,4294967295,0,0
oInvCollPH,6160,288,003F8406,0,1,1,4294967295,0,0
oInvCollPH,6176,288,001BCB38,0,1,1,4294967295,0,0
oInvCollPH,6192,288,00372023,0,1,1,4294967295,0,0
oInvCollPH,6208,288,0015C764,0,1,1,4294967295,0,0
oInvCollPH,6224,288,001D0F16,0,1,1,4294967295,0,0
oInvCollPH,6240,288,001D7829,0,1,1,4294967295,0,0
oInvCollPH,6256,288,001DCD4C,0,1,1,4294967295,0,0
oInvCollPH,6272,288,000DBF62,0,1,1,4294967295,0,0
oInvCollPH,6288,288,00371B78,0,1,1,4294967295,0,0
oInvCollPH,6304,288,0027A92C,0,1,1,4294967295,0,0
oInvCollPH,6320,288,00053F14,0,1,1,4294967295,0,0
oInvCollPH,6336,288,000B50F1,0,1,1,4294967295,0,0
oInvCollPH,6352,288,0024DE29,0,1,1,4294967295,0,0
oInvCollPH,6368,288,0033D64C,0,1,1,4294967295,0,0
oInvCollPH,6384,288,002EACE8,0,1,1,4294967295,0,0
oInvCollPH,6400,288,003FE5C0,0,1,1,4294967295,0,0
oInvCollPH,6416,288,001961FD,0,1,1,4294967295,0,0
oInvCollPH,6432,288,0021CA58,0,1,1,4294967295,0,0
oInvCollPH,6448,288,000AA687,0,1,1,4294967295,0,0
oInvCollPH,6464,288,0013EA4D,0,1,1,4294967295,0,0
oInvCollPH,6480,288,000485C5,0,1,1,4294967295,0,0
oInvCollPH,6496,288,003B2916,0,1,1,4294967295,0,0
oInvCollPH,6512,288,00399F53,0,1,1,4294967295,0,0
oInvCollPH,6528,288,0006BA83,0,1,1,4294967295,0,0
oInvCollPH,6544,288,00219D18,0,1,1,4294967295,0,0
oInvCollPH,6560,288,001C1652,0,1,1,4294967295,0,0
oInvCollPH,6576,288,0003D635,0,1,1,4294967295,0,0
oInvCollPH,6592,288,003F30CB,0,1,1,4294967295,0,0
oInvCollPH,6608,288,00061719,0,1,1,4294967295,0,0
oInvCollPH,6608,304,0035C71F,0,1,1,4294967295,0,0
oInvCollPH,6608,320,000DD554,0,1,1,4294967295,0,0
oInvCollPH,6608,336,001DE7C8,0,1,1,4294967295,0,0
oInvCollPH,6608,352,0033CC99,0,1,1,4294967295,0,0
oInvCollPH,6608,368,002F4A6E,0,1,1,4294967295,0,0
oInvCollPH,6608,384,00294E48,0,1,1,4294967295,0,0
oInvCollPH,6608,400,00154DCF,0,1,1,4294967295,0,0
oInvCollPH,2432,240,00085679,0,1,1,4294967295,0,0
oInvCollPH,2448,240,00036A63,0,1,1,4294967295,0,0
oInvCollPH,2448,224,0018E246,0,1,1,4294967295,0,0
oInvCollPH,1760,272,000B4B77,0,1,1,4294967295,0,0
oInvCollPH,1776,256,0028C539,0,1,1,4294967295,0,0
oInvCollPH,1776,272,00177E1B,0,1,1,4294967295,0,0
oInvisibleSolid,0,320,00314A3C,0,1,1,4294967295,0,1
oInvisibleSolid,256,352,00211608,0,1,1,4294967295,0,1
oInvisibleSolid,0,0,0012543F,0,1,1,4294967295,0,1
oInvisibleSolid,0,96,000A8790,0,1,1,4294967295,0,1
oInvisibleSolid,6208,240,00135ED0,0,1,1,4294967295,0,1
oInvisibleSolid,6240,176,000127F0,0,1,1,4294967295,0,1
oInvisibleSolid,6304,176,002268BD,0,1,1,4294967295,0,1
oInvisibleSolid,6368,208,003F9271,0,1,1,4294967295,0,1
oInvisibleSolid,5824,288,0035119C,0,1,1,4294967295,0,1
oInvisibleSolid,6688,96,0010E4A0,0,1,1,4294967295,0,1
oInvisibleSolid,5632,320,000259EA,0,1,1,4294967295,0,1
oInvisibleSolid,5568,320,002B86E4,0,1,1,4294967295,0,1
oInvisibleSolid,5568,192,0009F266,0,1,1,4294967295,0,1
oInvisibleSolid,5536,96,000FEE3F,0,1,1,4294967295,0,1
oInvisibleSolid,5312,128,000956AB,0,1,1,4294967295,0,1
oInvisibleSolid,5216,96,0024F5CB,0,1,1,4294967295,0,1
oInvisibleSolid,5440,192,0026746F,0,1,1,4294967295,0,1
oInvisibleSolid,5440,320,0009A1F9,0,1,1,4294967295,0,1
oInvisibleSolid,5504,288,00295DDC,0,1,1,4294967295,0,1
oInvisibleSolid,5376,288,00359E6C,0,1,1,4294967295,0,1
oInvisibleSolid,5312,320,0037DD76,0,1,1,4294967295,0,1
oInvisibleSolid,5152,288,0003BC41,0,1,1,4294967295,0,1
oInvisibleSolid,5152,256,001664FC,0,1,1,4294967295,0,1
oInvisibleSolid,4864,96,0009424A,0,1,1,4294967295,0,1
oInvisibleSolid,4960,128,000BEEC7,0,1,1,4294967295,0,1
oInvisibleSolid,4864,128,002B19C0,0,1,1,4294967295,0,1
oInvisibleSolid,4832,320,0022183B,0,1,1,4294967295,0,1
oInvisibleSolid,5056,320,0020F2DE,0,1,1,4294967295,0,1
oInvisibleSolid,4736,288,00276006,0,1,1,4294967295,0,1
oInvisibleSolid,4640,256,000BF789,0,1,1,4294967295,0,1
oInvisibleSolid,4608,96,00142BBB,0,1,1,4294967295,0,1
oInvisibleSolid,4512,224,003D5414,0,1,1,4294967295,0,1
oInvisibleSolid,4448,224,003C4B47,0,1,1,4294967295,0,1
oInvisibleSolid,4384,96,00387958,0,1,1,4294967295,0,1
oInvisibleSolid,4384,320,001ED738,0,1,1,4294967295,0,1
oInvisibleSolid,4288,224,000C7533,0,1,1,4294967295,0,1
oInvisibleSolid,4256,320,0028BBEF,0,1,1,4294967295,0,1
oInvisibleSolid,4128,96,00056282,0,1,1,4294967295,0,1
oInvisibleSolid,4096,96,00163145,0,1,1,4294967295,0,1
oInvisibleSolid,3968,192,00301C5B,0,1,1,4294967295,0,1
oInvisibleSolid,3904,224,002CADEC,0,1,1,4294967295,0,1
oInvisibleSolid,3808,96,0025CDA6,0,1,1,4294967295,0,1
oInvisibleSolid,3840,96,00290870,0,1,1,4294967295,0,1
oInvisibleSolid,3840,288,003FC4C4,0,1,1,4294967295,0,1
oInvisibleSolid,3808,288,001A38EE,0,1,1,4294967295,0,1
oInvisibleSolid,3680,320,0029C04F,0,1,1,4294967295,0,1
oInvisibleSolid,3680,96,0022EA66,0,1,1,4294967295,0,1
oInvisibleSolid,3552,96,000445C0,0,1,1,4294967295,0,1
oInvisibleSolid,3520,224,0015C9C8,0,1,1,4294967295,0,1
oInvisibleSolid,3392,96,0008D21E,0,1,1,4294967295,0,1
oInvisibleSolid,3296,96,00158BE1,0,1,1,4294967295,0,1
oInvisibleSolid,3136,96,002FF71C,0,1,1,4294967295,0,1
oInvisibleSolid,3136,256,000634EB,0,1,1,4294967295,0,1
oInvisibleSolid,2976,192,0021AB31,0,1,1,4294967295,0,1
oInvisibleSolid,2880,224,0011F4AB,0,1,1,4294967295,0,1
oInvisibleSolid,2944,320,00279FB2,0,1,1,4294967295,0,1
oInvisibleSolid,3264,288,002A604F,0,1,1,4294967295,0,1
oInvisibleSolid,2784,224,002DE827,0,1,1,4294967295,0,1
oInvisibleSolid,2784,96,002DD08A,0,1,1,4294967295,0,1
oInvisibleSolid,2784,128,000B3129,0,1,1,4294967295,0,1
oInvisibleSolid,2656,96,00147396,0,1,1,4294967295,0,1
oInvisibleSolid,2528,192,003CD0BA,0,1,1,4294967295,0,1
oInvisibleSolid,2528,224,002DB736,0,1,1,4294967295,0,1
oInvisibleSolid,2656,288,00221EB0,0,1,1,4294967295,0,1
oInvisibleSolid,2624,320,000FD05E,0,1,1,4294967295,0,1
oInvisibleSolid,2368,320,000AEDBD,0,1,1,4294967295,0,1
oInvisibleSolid,2336,96,000EF50F,0,1,1,4294967295,0,1
oInvisibleSolid,2272,96,000B41CE,0,1,1,4294967295,0,1
oInvisibleSolid,2048,96,002FE289,0,1,1,4294967295,0,1
oInvisibleSolid,2176,224,0031410E,0,1,1,4294967295,0,1
oInvisibleSolid,2112,320,0019F80C,0,1,1,4294967295,0,1
oInvisibleSolid,1984,288,0036A0C1,0,1,1,4294967295,0,1
oInvisibleSolid,1856,320,0027C39C,0,1,1,4294967295,0,1
oInvisibleSolid,1856,192,002BC3C6,0,1,1,4294967295,0,1
oInvisibleSolid,1728,96,001E472C,0,1,1,4294967295,0,1
oInvisibleSolid,1728,320,000E3274,0,1,1,4294967295,0,1
oInvisibleSolid,1632,288,00374AD4,0,1,1,4294967295,0,1
oInvisibleSolid,1504,256,0006E7F2,0,1,1,4294967295,0,1
oInvisibleSolid,1472,288,00366825,0,1,1,4294967295,0,1
oInvisibleSolid,2144,192,0036E356,0,1,1,4294967295,0,1
oInvisibleSolidMorph,6208,256,000B7530,0,1,1,4294967295,0,1
oInvisibleSolidMorph,6368,256,00292AFF,0,1,1,4294967295,0,1
oTimeSwBarrier,2128,96,001770DF,0,1,1,4294967295,0,1
oInvisibleSolid,2432,224,0016FFF6,0,1,1,4294967295,0,1
oTimeSwBarrier,3424,96,003DEA01,0,1,1,4294967295,0,1
oTimeSwBarrier,4736,96,003B36EC,0,1,1,4294967295,0,1
oTimeSwBarrier,5632,96,0028D5CB,0,1,1,4294967295,0,1
oInvisibleSolid,1760,256,001790CE,0,1,1,4294967295,0,1
