oExit,0,256,0009CB0B,0,1,1,4294967295,0,1
oExit,464,256,002392DD,0,1,1,4294967295,0,1
oExit,320,256,003C7E6A,0,1,1,4294967295,0,1
oDist_OrganA,64,48,003310D7,0,1,1,4294967295,0,1
oDist_OrganA,368,32,0039F3DA,0,1,1,4294967295,0,1
oDist_OrganA,448,64,000E14CF,0,1,1,4294967295,0,1
oDist_OrganA,112,320,00376E74,0,1,1,4294967295,0,1
oDist_OrganB,432,336,0015F152,0,1,1,4294967295,0,1
oDist_OrganB,272,320,000DFE5D,0,1,1,4294967295,0,1
oDist_OrganB,192,16,00063762,0,1,1,4294967295,0,1
oHealingPost,160,288,002BF2BF,0,1,1,4294967295,0,0
oPlayer1,48,288,0016D19A,0,1,1,4294967295,0,0
oInvisibleSolid,0,288,0021D1FD,0,1,1,4294967295,0,1
oInvisibleSolid,0,96,00175EE5,0,1,1,4294967295,0,1
oInvisibleSolid,416,96,00241AF1,0,1,1,4294967295,0,1
oInvisibleSolid,0,0,0038973C,0,1,1,4294967295,0,1
