oSwitchPanelColor,2352,576,0030C476,0,1,1,4294967295,0,1
oSwitchPanelColor,1888,656,0006F059,0,1,1,4294967295,0,1
oSwitchPanelColor,1712,880,003F6708,0,1,1,4294967295,0,1
oSwitchPanelCRev,2352,128,001B3868,0,1,1,4294967295,0,1
oSwitchPanelCRev,1696,272,00009F43,0,1,1,4294967295,0,1
oSignPost,176,592,00047185,0,1,1,4294967295,0,1
oExit,3344,288,0038DAED,0,1,1,4294967295,0,1
oRBswitch,1360,112,000BC444,0,1,1,4294967295,0,0
oRedBlocker,1648,288,000C3735,0,1,1,4294967295,0,0
oRedBlocker,1648,272,0004B8A5,0,1,1,4294967295,0,0
oRedBlocker,1648,256,0017D6D8,0,1,1,4294967295,0,0
oRedBlocker,1648,240,002CF659,0,1,1,4294967295,0,0
oRedBlocker,1648,224,00403145,0,1,1,4294967295,0,0
oRedBlocker,1664,224,00113104,0,1,1,4294967295,0,0
oRedBlocker,1680,224,000C2007,0,1,1,4294967295,0,0
oRedBlocker,1696,224,001F9041,0,1,1,4294967295,0,0
oRedBlocker,1712,224,0032BE92,0,1,1,4294967295,0,0
oRedBlocker,1728,224,003F320B,0,1,1,4294967295,0,0
oRedBlocker,1744,224,0023F05F,0,1,1,4294967295,0,0
oRedBlocker,1744,240,000E2FA7,0,1,1,4294967295,0,0
oRedBlocker,1744,256,001A4E80,0,1,1,4294967295,0,0
oRedBlocker,1744,272,003793F2,0,1,1,4294967295,0,0
oRedBlocker,1744,288,00204CB8,0,1,1,4294967295,0,0
oRedBlocker,832,848,002F64D7,0,1,1,4294967295,0,0
oRedBlocker,848,848,002602DE,0,1,1,4294967295,0,0
oRedBlocker,864,848,0031B2B1,0,1,1,4294967295,0,0
oRedBlocker,880,848,00033A7C,0,1,1,4294967295,0,0
oRedBlocker,896,848,00291086,0,1,1,4294967295,0,0
oRedBlocker,912,848,000923B6,0,1,1,4294967295,0,0
oRedBlocker,928,848,002D87D7,0,1,1,4294967295,0,0
oRedBlocker,944,848,002D6568,0,1,1,4294967295,0,0
oRedBlocker,960,848,00189ABC,0,1,1,4294967295,0,0
oRedBlocker,976,848,002D4C17,0,1,1,4294967295,0,0
oRedBlocker,992,848,00323380,0,1,1,4294967295,0,0
oRedBlocker,1008,848,00268CE0,0,1,1,4294967295,0,0
oRedBlocker,1024,848,0029B39C,0,1,1,4294967295,0,0
oBlueBlocker,1040,880,003120E4,0,1,1,4294967295,0,0
oBlueBlocker,1040,896,001A9D40,0,1,1,4294967295,0,0
oBlueBlocker,1040,912,00381BDB,0,1,1,4294967295,0,0
oBlueBlocker,1040,928,002E150B,0,1,1,4294967295,0,0
oKeyColor,32,288,001BC992,0,1,1,4294967295,0,1
oLockPanelColor,3184,288,001E0C27,0,1,1,4294967295,0,1
oEventBarrier,3216,256,0005F6A4,0,1,1,4294967295,0,1
oEventBarrier,112,336,0020BC82,0,1,1,4294967295,0,1
oLockPanelColor,144,272,00204A51,0,1,1,4294967295,0,1
oEventBarrier,1824,592,00250A7F,0,1,1,4294967295,0,1
oEventBarrier,352,176,0021517E,0,1,1,4294967295,0,1
oKeyColor,80,128,001F72D7,0,1,1,4294967295,0,1
oKeyColor,1088,928,0038DECE,0,1,1,4294967295,0,1
oKeyColor,3280,928,00009A69,0,1,1,4294967295,0,1
oLockPanelColor,752,96,0020987E,0,1,1,4294967295,0,1
oLockPanelColor,1936,800,0031A113,0,1,1,4294967295,0,1
oBarrierColor,3216,848,000BF134,0,1,1,4294967295,0,1
oBarrierColor,176,144,000A1D10,0,1,1,4294967295,0,1
oBarrierColor,96,336,0004E855,0,1,1,4294967295,0,1
oBarrierCRev,2192,704,003D9AC6,0,1,1,4294967295,0,1
oBarrierCRev,848,336,003D83E1,0,1,1,4294967295,0,1
oBarrierColor,3104,256,003465AD,0,1,1,4294967295,0,1
oLatchCrystal,336,368,003F3371,0,1,1,4294967295,0,0
oLatchCrystal,304,384,000103C2,0,1,1,4294967295,0,0
oLatchCrystal,368,384,0011E872,0,1,1,4294967295,0,0
oLatchCrystal,384,416,00025FCD,0,1,1,4294967295,0,0
oLatchCrystal,288,416,00017B65,0,1,1,4294967295,0,0
oLatchCrystal,304,448,0018811E,0,1,1,4294967295,0,0
oLatchCrystal,368,448,002E9C01,0,1,1,4294967295,0,0
oLatchCrystal,336,464,002D17E1,0,1,1,4294967295,0,0
oLatchCrystal,336,416,001BC85F,0,1,1,4294967295,0,0
oLatchCrystal,1200,512,00198CBE,0,1,1,4294967295,0,0
oLatchCrystal,1280,480,001824C8,0,1,1,4294967295,0,0
oLatchCrystal,1360,448,000F73B8,0,1,1,4294967295,0,0
oLatchCrystal,1440,416,0030E30F,0,1,1,4294967295,0,0
oLatchCrystal,2688,512,000E1D19,0,1,1,4294967295,0,0
oLatchCrystal,2832,544,001C6DE9,0,1,1,4294967295,0,0
oLatchCrystal,2976,576,002812E9,0,1,1,4294967295,0,0
oLatchCrystal,3088,624,00112845,0,1,1,4294967295,0,0
oLatchCrystal,2992,672,001B1425,0,1,1,4294967295,0,0
oLatchCrystal,2880,704,002CA733,0,1,1,4294967295,0,0
oLatchCrystal,2752,736,0002E973,0,1,1,4294967295,0,0
oLatchCrystal,2656,784,0025FF87,0,1,1,4294967295,0,0
oLatchCrystal,2768,832,001C7A44,0,1,1,4294967295,0,0
oLatchCrystal,2880,864,0017587A,0,1,1,4294967295,0,0
oLatchCrystal,720,256,003069D4,0,1,1,4294967295,0,0
oLatchCrystal,496,192,003D58CE,0,1,1,4294967295,0,0
oLatchCrystal,688,128,00159CAE,0,1,1,4294967295,0,0
oLatchCrystal,608,224,003DFF53,0,1,1,4294967295,0,0
oLatchCrystal,592,160,001C20E1,0,1,1,4294967295,0,0
oPT_Slime,1456,928,00195EF0,0,1,1,4294967295,0,1
oPT_Slime,2752,992,00035E9B,0,1,1,4294967295,0,1
oPT_Slime,640,992,0021AA00,0,1,1,4294967295,0,1
oPT_Slime,2000,832,0009B655,0,1,1,4294967295,0,1
oPT_Skeleton,2000,480,002BC678,0,1,1,4294967295,0,1
oPT_IceSpirit,1520,48,002F63F6,0,1,1,4294967295,0,1
oPT_IceSpirit,592,576,0020C881,0,1,1,4294967295,0,1
oPlayerIdle,80,592,00290313,0,1,1,4294967295,0,1
oPlayer1,128,592,00305AF5,0,1,1,4294967295,0,0
oPT_FireEye,2496,80,002B2719,0,1,1,4294967295,0,1
oPT_FireEye,816,768,0012DB12,0,1,1,4294967295,0,1
oInvCollPH,16,592,000E603C,0,1,1,4294967295,0,0
oInvCollPH,32,592,002A706C,0,1,1,4294967295,0,0
oInvCollPH,48,592,001C1F51,0,1,1,4294967295,0,0
oInvCollPH,64,592,0039523B,0,1,1,4294967295,0,0
oInvCollPH,80,592,000EEAF1,0,1,1,4294967295,0,0
oInvCollPH,96,592,002B9430,0,1,1,4294967295,0,0
oInvCollPH,112,592,00380AD9,0,1,1,4294967295,0,0
oInvCollPH,128,592,00086944,0,1,1,4294967295,0,0
oInvCollPH,144,592,001D7D27,0,1,1,4294967295,0,0
oInvCollPH,192,592,001C3312,0,1,1,4294967295,0,0
oInvCollPH,192,608,000AF7EA,0,1,1,4294967295,0,0
oInvCollPH,192,624,00395861,0,1,1,4294967295,0,0
oInvCollPH,192,640,00241A88,0,1,1,4294967295,0,0
oInvCollPH,192,656,000F2B07,0,1,1,4294967295,0,0
oInvCollPH,192,672,00249F65,0,1,1,4294967295,0,0
oInvCollPH,192,688,003CD6B9,0,1,1,4294967295,0,0
oInvCollPH,160,592,0006A274,0,1,1,4294967295,0,0
oInvCollPH,176,592,000AF906,0,1,1,4294967295,0,0
oInvCollPH,176,688,00315CA7,0,1,1,4294967295,0,0
oInvCollPH,160,688,0020AAEC,0,1,1,4294967295,0,0
oInvCollPH,144,688,00209B4D,0,1,1,4294967295,0,0
oInvCollPH,128,688,000E88C3,0,1,1,4294967295,0,0
oInvCollPH,112,688,000AD9F4,0,1,1,4294967295,0,0
oInvCollPH,96,688,003AD86B,0,1,1,4294967295,0,0
oInvCollPH,80,688,002E93A0,0,1,1,4294967295,0,0
oInvCollPH,64,688,003D316D,0,1,1,4294967295,0,0
oInvCollPH,48,688,00108C4C,0,1,1,4294967295,0,0
oInvCollPH,32,688,000B67C3,0,1,1,4294967295,0,0
oInvCollPH,16,688,002FA38E,0,1,1,4294967295,0,0
oInvCollPH,0,688,0028736F,0,1,1,4294967295,0,0
oInvCollPH,16,400,003B76FB,0,1,1,4294967295,0,0
oInvCollPH,32,400,001D839B,0,1,1,4294967295,0,0
oInvCollPH,48,400,0023D45D,0,1,1,4294967295,0,0
oInvCollPH,64,400,000CF151,0,1,1,4294967295,0,0
oInvCollPH,80,400,0020189F,0,1,1,4294967295,0,0
oInvCollPH,96,400,000D18E7,0,1,1,4294967295,0,0
oInvCollPH,112,400,000AB054,0,1,1,4294967295,0,0
oInvCollPH,112,416,00113807,0,1,1,4294967295,0,0
oInvCollPH,112,432,003A411F,0,1,1,4294967295,0,0
oInvCollPH,112,448,001B99C1,0,1,1,4294967295,0,0
oInvCollPH,112,464,001638D4,0,1,1,4294967295,0,0
oInvCollPH,112,480,003A290B,0,1,1,4294967295,0,0
oInvCollPH,112,496,000D4D9E,0,1,1,4294967295,0,0
oInvCollPH,96,496,0026744D,0,1,1,4294967295,0,0
oInvCollPH,80,496,003C863B,0,1,1,4294967295,0,0
oInvCollPH,64,496,003140F7,0,1,1,4294967295,0,0
oInvCollPH,48,496,00230537,0,1,1,4294967295,0,0
oInvCollPH,32,496,0022CBAB,0,1,1,4294967295,0,0
oInvCollPH,16,496,001B9374,0,1,1,4294967295,0,0
oInvCollPH,0,496,002528FC,0,1,1,4294967295,0,0
oInvCollPH,288,544,000347B6,0,1,1,4294967295,0,0
oInvCollPH,304,544,000B228A,0,1,1,4294967295,0,0
oInvCollPH,320,544,001B3C5D,0,1,1,4294967295,0,0
oInvCollPH,336,544,00189858,0,1,1,4294967295,0,0
oInvCollPH,352,544,002075BC,0,1,1,4294967295,0,0
oInvCollPH,368,544,003F14EC,0,1,1,4294967295,0,0
oInvCollPH,384,544,00043628,0,1,1,4294967295,0,0
oInvCollPH,384,560,000936B5,0,1,1,4294967295,0,0
oInvCollPH,272,560,00332F12,0,1,1,4294967295,0,0
oInvCollPH,272,576,0021ACB1,0,1,1,4294967295,0,0
oInvCollPH,272,592,001CA7BB,0,1,1,4294967295,0,0
oInvCollPH,272,608,00249E46,0,1,1,4294967295,0,0
oInvCollPH,272,624,001F34EB,0,1,1,4294967295,0,0
oInvCollPH,272,640,001B0D7D,0,1,1,4294967295,0,0
oInvCollPH,288,640,00202E4F,0,1,1,4294967295,0,0
oInvCollPH,304,640,0000ABAD,0,1,1,4294967295,0,0
oInvCollPH,320,672,0024D540,0,1,1,4294967295,0,0
oInvCollPH,320,688,0002B1B0,0,1,1,4294967295,0,0
oInvCollPH,352,656,00266766,0,1,1,4294967295,0,0
oInvCollPH,368,640,001584BF,0,1,1,4294967295,0,0
oInvCollPH,384,640,002611C8,0,1,1,4294967295,0,0
oInvCollPH,384,624,003251CF,0,1,1,4294967295,0,0
oInvCollPH,384,608,0005845E,0,1,1,4294967295,0,0
oInvCollPH,416,576,002B9E9A,0,1,1,4294967295,0,0
oInvCollPH,432,576,003F44DE,0,1,1,4294967295,0,0
oInvCollPH,448,576,000F5D6B,0,1,1,4294967295,0,0
oInvCollPH,448,592,001EC598,0,1,1,4294967295,0,0
oInvCollPH,432,592,001B7E79,0,1,1,4294967295,0,0
oInvCollPH,416,592,00323A54,0,1,1,4294967295,0,0
oInvCollPH,400,592,0007CEB3,0,1,1,4294967295,0,0
oInvCollPH,608,464,0024D94A,0,1,1,4294967295,0,0
oInvCollPH,624,464,001383F6,0,1,1,4294967295,0,0
oInvCollPH,640,464,000888C2,0,1,1,4294967295,0,0
oInvCollPH,592,480,002154B7,0,1,1,4294967295,0,0
oInvCollPH,608,480,002A7BEC,0,1,1,4294967295,0,0
oInvCollPH,624,480,0030E181,0,1,1,4294967295,0,0
oInvCollPH,640,480,0002CD90,0,1,1,4294967295,0,0
oInvCollPH,656,448,00385E91,0,1,1,4294967295,0,0
oInvCollPH,672,432,0035419A,0,1,1,4294967295,0,0
oInvCollPH,688,432,000FF970,0,1,1,4294967295,0,0
oInvCollPH,704,432,002661E1,0,1,1,4294967295,0,0
oInvCollPH,720,432,002187B6,0,1,1,4294967295,0,0
oInvCollPH,736,432,003FFBC0,0,1,1,4294967295,0,0
oInvCollPH,752,432,0030F7BF,0,1,1,4294967295,0,0
oInvCollPH,768,432,00186A85,0,1,1,4294967295,0,0
oInvCollPH,768,448,003E703D,0,1,1,4294967295,0,0
oInvCollPH,768,464,001CADEE,0,1,1,4294967295,0,0
oInvCollPH,768,480,002DBB69,0,1,1,4294967295,0,0
oInvCollPH,768,496,001144D7,0,1,1,4294967295,0,0
oInvCollPH,768,512,0039CFCA,0,1,1,4294967295,0,0
oInvCollPH,768,528,00254511,0,1,1,4294967295,0,0
oInvCollPH,752,528,0016D7B1,0,1,1,4294967295,0,0
oInvCollPH,736,528,000A17FB,0,1,1,4294967295,0,0
oInvCollPH,720,528,001484C5,0,1,1,4294967295,0,0
oInvCollPH,704,528,0034CDB9,0,1,1,4294967295,0,0
oInvCollPH,688,528,0029C9E6,0,1,1,4294967295,0,0
oInvCollPH,672,528,003BFB1C,0,1,1,4294967295,0,0
oInvCollPH,656,528,0003FE5A,0,1,1,4294967295,0,0
oInvCollPH,656,512,0026A6BD,0,1,1,4294967295,0,0
oInvCollPH,656,496,002924D9,0,1,1,4294967295,0,0
oInvCollPH,2992,352,000A4C66,0,1,1,4294967295,0,0
oInvCollPH,3008,352,002CFF59,0,1,1,4294967295,0,0
oInvCollPH,3024,352,0038D250,0,1,1,4294967295,0,0
oInvCollPH,3040,352,001DF64B,0,1,1,4294967295,0,0
oInvCollPH,2976,368,0031D19D,0,1,1,4294967295,0,0
oInvCollPH,2992,368,00095B0D,0,1,1,4294967295,0,0
oInvCollPH,3008,368,003DC9E6,0,1,1,4294967295,0,0
oInvCollPH,3024,368,001173F9,0,1,1,4294967295,0,0
oInvCollPH,3040,368,001420F2,0,1,1,4294967295,0,0
oInvCollPH,3232,112,00388159,0,1,1,4294967295,0,0
oInvCollPH,3232,128,0011FF09,0,1,1,4294967295,0,0
oInvCollPH,3248,96,00138747,0,1,1,4294967295,0,0
oInvCollPH,3264,96,002558A5,0,1,1,4294967295,0,0
oInvCollPH,3280,96,00144D32,0,1,1,4294967295,0,0
oInvCollPH,3296,96,00320C95,0,1,1,4294967295,0,0
oInvCollPH,3312,96,00208E2B,0,1,1,4294967295,0,0
oInvCollPH,3328,96,0034B867,0,1,1,4294967295,0,0
oInvCollPH,3344,96,00023A13,0,1,1,4294967295,0,0
oInvCollPH,3232,192,003D6654,0,1,1,4294967295,0,0
oInvCollPH,3248,192,00090D04,0,1,1,4294967295,0,0
oInvCollPH,3264,192,003CA494,0,1,1,4294967295,0,0
oInvCollPH,3280,192,001871CC,0,1,1,4294967295,0,0
oInvCollPH,3296,192,000C214A,0,1,1,4294967295,0,0
oInvCollPH,3312,192,0008296B,0,1,1,4294967295,0,0
oInvCollPH,3328,192,001B75D5,0,1,1,4294967295,0,0
oInvCollPH,3344,192,0037843A,0,1,1,4294967295,0,0
oInvCollPH,3120,144,001B73B1,0,1,1,4294967295,0,0
oInvCollPH,3136,144,003B3505,0,1,1,4294967295,0,0
oInvCollPH,3152,144,0038E08F,0,1,1,4294967295,0,0
oInvCollPH,3168,144,003E0BDA,0,1,1,4294967295,0,0
oInvCollPH,3184,144,0039505D,0,1,1,4294967295,0,0
oInvCollPH,3200,144,001E8E49,0,1,1,4294967295,0,0
oInvCollPH,3216,144,000384F2,0,1,1,4294967295,0,0
oInvCollPH,3104,160,0000E013,0,1,1,4294967295,0,0
oInvCollPH,3104,176,000A22E5,0,1,1,4294967295,0,0
oInvCollPH,3104,192,00050626,0,1,1,4294967295,0,0
oInvCollPH,3104,208,000C173D,0,1,1,4294967295,0,0
oInvCollPH,3104,224,0003EE63,0,1,1,4294967295,0,0
oInvCollPH,3104,240,0007C38C,0,1,1,4294967295,0,0
oInvCollPH,3120,240,000482CB,0,1,1,4294967295,0,0
oInvCollPH,3136,240,003BB21D,0,1,1,4294967295,0,0
oInvCollPH,3152,240,001A0A6B,0,1,1,4294967295,0,0
oInvCollPH,3168,240,0005A5BC,0,1,1,4294967295,0,0
oInvCollPH,3184,240,000A4985,0,1,1,4294967295,0,0
oInvCollPH,3200,240,00360CF5,0,1,1,4294967295,0,0
oInvCollPH,3216,240,000EF26D,0,1,1,4294967295,0,0
oInvCollPH,3056,336,00147584,0,1,1,4294967295,0,0
oInvCollPH,3072,320,002572EC,0,1,1,4294967295,0,0
oInvCollPH,3088,320,0014D979,0,1,1,4294967295,0,0
oInvCollPH,3104,320,00265626,0,1,1,4294967295,0,0
oInvCollPH,3120,320,00157069,0,1,1,4294967295,0,0
oInvCollPH,3136,320,003D8EDF,0,1,1,4294967295,0,0
oInvCollPH,3152,320,0012AC99,0,1,1,4294967295,0,0
oInvCollPH,3168,320,00379650,0,1,1,4294967295,0,0
oInvCollPH,3184,320,003226EA,0,1,1,4294967295,0,0
oInvCollPH,3200,320,00134D72,0,1,1,4294967295,0,0
oInvCollPH,3216,320,001E80C4,0,1,1,4294967295,0,0
oInvCollPH,3232,320,00310E54,0,1,1,4294967295,0,0
oInvCollPH,3248,320,00123DEF,0,1,1,4294967295,0,0
oInvCollPH,3264,320,001EA5AD,0,1,1,4294967295,0,0
oInvCollPH,3280,320,0029F82F,0,1,1,4294967295,0,0
oInvCollPH,3296,320,00099B29,0,1,1,4294967295,0,0
oInvCollPH,3312,320,0030DE95,0,1,1,4294967295,0,0
oInvCollPH,3328,320,003D1BEB,0,1,1,4294967295,0,0
oInvCollPH,3344,320,00140003,0,1,1,4294967295,0,0
oInvCollPH,3216,224,00028BDB,0,1,1,4294967295,0,0
oInvCollPH,3216,208,003F2BFE,0,1,1,4294967295,0,0
oInvCollPH,3056,384,0033A1AE,0,1,1,4294967295,0,0
oInvCollPH,3056,400,002BED95,0,1,1,4294967295,0,0
oInvCollPH,3056,416,001FC105,0,1,1,4294967295,0,0
oInvCollPH,3072,416,001CEB99,0,1,1,4294967295,0,0
oInvCollPH,3088,416,0010E240,0,1,1,4294967295,0,0
oInvCollPH,3104,416,00159CCD,0,1,1,4294967295,0,0
oInvCollPH,3120,448,000E578C,0,1,1,4294967295,0,0
oInvCollPH,3120,464,0036D155,0,1,1,4294967295,0,0
oInvCollPH,3136,464,000E8F79,0,1,1,4294967295,0,0
oInvCollPH,3168,416,002E28FC,0,1,1,4294967295,0,0
oInvCollPH,3184,416,000175E5,0,1,1,4294967295,0,0
oInvCollPH,3200,416,002C3064,0,1,1,4294967295,0,0
oInvCollPH,3216,416,0020E347,0,1,1,4294967295,0,0
oInvCollPH,3232,416,001988AE,0,1,1,4294967295,0,0
oInvCollPH,3248,416,003473A1,0,1,1,4294967295,0,0
oInvCollPH,3264,448,0023AD00,0,1,1,4294967295,0,0
oInvCollPH,3264,464,003F1039,0,1,1,4294967295,0,0
oInvCollPH,3264,480,003EF4F0,0,1,1,4294967295,0,0
oInvCollPH,3312,416,00284AF5,0,1,1,4294967295,0,0
oInvCollPH,3328,416,003E67BB,0,1,1,4294967295,0,0
oInvCollPH,3344,416,0027AD2E,0,1,1,4294967295,0,0
oInvCollPH,464,768,002C6385,0,1,1,4294967295,0,0
oInvCollPH,480,768,0023F71E,0,1,1,4294967295,0,0
oInvCollPH,496,768,0009745A,0,1,1,4294967295,0,0
oInvCollPH,512,768,000D037A,0,1,1,4294967295,0,0
oInvCollPH,528,768,0035A65E,0,1,1,4294967295,0,0
oInvCollPH,544,768,00375D26,0,1,1,4294967295,0,0
oInvCollPH,560,768,00013A24,0,1,1,4294967295,0,0
oInvCollPH,576,768,002A4FE5,0,1,1,4294967295,0,0
oInvCollPH,592,768,003FE11A,0,1,1,4294967295,0,0
oInvCollPH,608,768,000427B7,0,1,1,4294967295,0,0
oInvCollPH,624,768,0028FAA3,0,1,1,4294967295,0,0
oInvCollPH,640,768,001A6551,0,1,1,4294967295,0,0
oInvCollPH,656,768,00018F35,0,1,1,4294967295,0,0
oInvCollPH,656,784,0029760D,0,1,1,4294967295,0,0
oInvCollPH,656,800,003512B0,0,1,1,4294967295,0,0
oInvCollPH,640,800,003BE89A,0,1,1,4294967295,0,0
oInvCollPH,624,800,0034DB84,0,1,1,4294967295,0,0
oInvCollPH,608,800,00020D53,0,1,1,4294967295,0,0
oInvCollPH,592,800,003CCE1A,0,1,1,4294967295,0,0
oInvCollPH,576,800,001E62FE,0,1,1,4294967295,0,0
oInvCollPH,560,800,0011BFBA,0,1,1,4294967295,0,0
oInvCollPH,544,800,001498D1,0,1,1,4294967295,0,0
oInvCollPH,528,800,00353DA6,0,1,1,4294967295,0,0
oInvCollPH,512,800,00333FCD,0,1,1,4294967295,0,0
oInvCollPH,496,800,00021E0C,0,1,1,4294967295,0,0
oInvCollPH,480,800,0027F167,0,1,1,4294967295,0,0
oInvCollPH,464,800,002AC540,0,1,1,4294967295,0,0
oInvCollPH,448,800,001F3A57,0,1,1,4294967295,0,0
oInvCollPH,448,784,00280319,0,1,1,4294967295,0,0
oInvCollPH,256,912,002DE22D,0,1,1,4294967295,0,0
oInvCollPH,288,928,00291011,0,1,1,4294967295,0,0
oInvCollPH,304,928,003FF901,0,1,1,4294967295,0,0
oInvCollPH,320,928,0028BB5D,0,1,1,4294967295,0,0
oInvCollPH,336,928,00063078,0,1,1,4294967295,0,0
oInvCollPH,352,928,0009B0BD,0,1,1,4294967295,0,0
oInvCollPH,368,928,00358E04,0,1,1,4294967295,0,0
oInvCollPH,384,928,0037BAD0,0,1,1,4294967295,0,0
oInvCollPH,400,928,001045A8,0,1,1,4294967295,0,0
oInvCollPH,416,928,0003ACCD,0,1,1,4294967295,0,0
oInvCollPH,432,928,0028D2E8,0,1,1,4294967295,0,0
oInvCollPH,448,928,00218BB2,0,1,1,4294967295,0,0
oInvCollPH,464,928,000EF72F,0,1,1,4294967295,0,0
oInvCollPH,480,928,003884F0,0,1,1,4294967295,0,0
oInvCollPH,496,928,00169813,0,1,1,4294967295,0,0
oInvCollPH,496,912,0004803A,0,1,1,4294967295,0,0
oInvCollPH,496,896,00085959,0,1,1,4294967295,0,0
oInvCollPH,480,896,0024A01D,0,1,1,4294967295,0,0
oInvCollPH,464,896,00143861,0,1,1,4294967295,0,0
oInvCollPH,448,896,000722A1,0,1,1,4294967295,0,0
oInvCollPH,432,896,001BFE60,0,1,1,4294967295,0,0
oInvCollPH,416,896,003B04A9,0,1,1,4294967295,0,0
oInvCollPH,400,896,00283878,0,1,1,4294967295,0,0
oInvCollPH,384,896,0036C84E,0,1,1,4294967295,0,0
oInvCollPH,368,896,003116A0,0,1,1,4294967295,0,0
oInvCollPH,352,896,000906C5,0,1,1,4294967295,0,0
oInvCollPH,336,896,00002C48,0,1,1,4294967295,0,0
oInvCollPH,320,896,003716E4,0,1,1,4294967295,0,0
oInvCollPH,304,896,00164B43,0,1,1,4294967295,0,0
oInvCollPH,352,672,0029F08B,0,1,1,4294967295,0,0
oInvCollPH,352,688,0022E6C5,0,1,1,4294967295,0,0
oInvCollPH,336,688,001D30E9,0,1,1,4294967295,0,0
oInvCollPH,16,320,003291D9,0,1,1,4294967295,0,0
oInvCollPH,32,320,00001BE5,0,1,1,4294967295,0,0
oInvCollPH,32,304,001B8238,0,1,1,4294967295,0,0
oInvCollPH,192,240,00218089,0,1,1,4294967295,0,0
oInvCollPH,208,240,0004BEA5,0,1,1,4294967295,0,0
oInvCollPH,224,240,0039FCED,0,1,1,4294967295,0,0
oInvCollPH,240,240,00327325,0,1,1,4294967295,0,0
oInvCollPH,256,240,000ED90C,0,1,1,4294967295,0,0
oInvCollPH,272,240,00208B43,0,1,1,4294967295,0,0
oInvCollPH,288,240,00313E7F,0,1,1,4294967295,0,0
oInvCollPH,304,240,00022A10,0,1,1,4294967295,0,0
oInvCollPH,320,240,002FBBF9,0,1,1,4294967295,0,0
oInvCollPH,336,240,00253A33,0,1,1,4294967295,0,0
oInvCollPH,352,240,00209BD2,0,1,1,4294967295,0,0
oInvCollPH,368,240,001E5D84,0,1,1,4294967295,0,0
oInvCollPH,384,240,0034DB27,0,1,1,4294967295,0,0
oInvCollPH,384,256,0027AE13,0,1,1,4294967295,0,0
oInvCollPH,384,272,001C45CD,0,1,1,4294967295,0,0
oInvCollPH,368,272,00110A4A,0,1,1,4294967295,0,0
oInvCollPH,352,288,0032DEF3,0,1,1,4294967295,0,0
oInvCollPH,336,288,0033AD59,0,1,1,4294967295,0,0
oInvCollPH,304,272,003E1800,0,1,1,4294967295,0,0
oInvCollPH,288,272,0029DF21,0,1,1,4294967295,0,0
oInvCollPH,272,272,000481B3,0,1,1,4294967295,0,0
oInvCollPH,256,272,000F3B00,0,1,1,4294967295,0,0
oInvCollPH,240,272,00172B4B,0,1,1,4294967295,0,0
oInvCollPH,224,272,0012A711,0,1,1,4294967295,0,0
oInvCollPH,208,272,0004F9EF,0,1,1,4294967295,0,0
oInvCollPH,192,272,003635C4,0,1,1,4294967295,0,0
oInvCollPH,176,272,002AA4EB,0,1,1,4294967295,0,0
oInvCollPH,176,256,0031DF48,0,1,1,4294967295,0,0
oInvCollPH,16,144,00353808,0,1,1,4294967295,0,0
oInvCollPH,32,144,00333277,0,1,1,4294967295,0,0
oInvCollPH,48,144,002EA2CE,0,1,1,4294967295,0,0
oInvCollPH,64,144,003203A7,0,1,1,4294967295,0,0
oInvCollPH,80,144,0004D46A,0,1,1,4294967295,0,0
oInvCollPH,96,144,003B1FE5,0,1,1,4294967295,0,0
oInvCollPH,112,144,002D93B3,0,1,1,4294967295,0,0
oInvCollPH,144,144,002FAB15,0,1,1,4294967295,0,0
oInvCollPH,160,144,00341DA7,0,1,1,4294967295,0,0
oInvCollPH,160,160,001427E2,0,1,1,4294967295,0,0
oInvCollPH,160,176,003F3252,0,1,1,4294967295,0,0
oInvCollPH,160,192,000DDCE9,0,1,1,4294967295,0,0
oInvCollPH,160,208,00259677,0,1,1,4294967295,0,0
oInvCollPH,160,224,00287C6D,0,1,1,4294967295,0,0
oInvCollPH,160,240,003C688E,0,1,1,4294967295,0,0
oInvCollPH,144,240,00261A94,0,1,1,4294967295,0,0
oInvCollPH,128,240,0001DF69,0,1,1,4294967295,0,0
oInvCollPH,112,256,0025EF80,0,1,1,4294967295,0,0
oInvCollPH,96,272,0009F81F,0,1,1,4294967295,0,0
oInvCollPH,80,240,0016432D,0,1,1,4294967295,0,0
oInvCollPH,64,240,000E6086,0,1,1,4294967295,0,0
oInvCollPH,48,240,003A4553,0,1,1,4294967295,0,0
oInvCollPH,32,240,0020796E,0,1,1,4294967295,0,0
oInvCollPH,16,240,000C0F47,0,1,1,4294967295,0,0
oInvCollPH,0,240,0008473D,0,1,1,4294967295,0,0
oInvCollPH,112,272,0009BB4F,0,1,1,4294967295,0,0
oInvCollPH,96,288,001D2D17,0,1,1,4294967295,0,0
oInvCollPH,96,304,000C59F4,0,1,1,4294967295,0,0
oInvCollPH,96,320,0012D3DC,0,1,1,4294967295,0,0
oInvCollPH,112,320,002AC945,0,1,1,4294967295,0,0
oInvCollPH,112,304,00237DB3,0,1,1,4294967295,0,0
oInvCollPH,112,288,00377A4D,0,1,1,4294967295,0,0
oInvCollPH,1072,256,00388473,0,1,1,4294967295,0,0
oInvCollPH,1088,256,0037A3A2,0,1,1,4294967295,0,0
oInvCollPH,1104,256,002442DC,0,1,1,4294967295,0,0
oInvCollPH,1120,256,0015C311,0,1,1,4294967295,0,0
oInvCollPH,1136,256,0006E13D,0,1,1,4294967295,0,0
oInvCollPH,1152,256,0007A04D,0,1,1,4294967295,0,0
oInvCollPH,1168,256,002DBBEE,0,1,1,4294967295,0,0
oInvCollPH,1168,240,0002C789,0,1,1,4294967295,0,0
oInvCollPH,1152,240,001091C6,0,1,1,4294967295,0,0
oInvCollPH,1136,240,003D043C,0,1,1,4294967295,0,0
oInvCollPH,1120,240,003D21B7,0,1,1,4294967295,0,0
oInvCollPH,1104,240,000BDE16,0,1,1,4294967295,0,0
oInvCollPH,1088,240,000F3926,0,1,1,4294967295,0,0
oInvCollPH,1648,320,003E9858,0,1,1,4294967295,0,0
oInvCollPH,1664,320,00242F93,0,1,1,4294967295,0,0
oInvCollPH,1680,320,003A17A8,0,1,1,4294967295,0,0
oInvCollPH,1696,320,000CD099,0,1,1,4294967295,0,0
oInvCollPH,1712,320,003E36D8,0,1,1,4294967295,0,0
oInvCollPH,1728,320,000B2B75,0,1,1,4294967295,0,0
oInvCollPH,1744,320,00352AEC,0,1,1,4294967295,0,0
oInvCollPH,1744,304,001FFB0F,0,1,1,4294967295,0,0
oInvCollPH,1728,304,0022B00D,0,1,1,4294967295,0,0
oInvCollPH,1712,304,00342923,0,1,1,4294967295,0,0
oInvCollPH,1696,304,0032217B,0,1,1,4294967295,0,0
oInvCollPH,1680,304,001BDABC,0,1,1,4294967295,0,0
oInvCollPH,1664,304,0035771F,0,1,1,4294967295,0,0
oInvCollPH,2304,624,00069098,0,1,1,4294967295,0,0
oInvCollPH,2320,624,000D4A4A,0,1,1,4294967295,0,0
oInvCollPH,2336,624,0023747E,0,1,1,4294967295,0,0
oInvCollPH,2352,624,003B5B14,0,1,1,4294967295,0,0
oInvCollPH,2368,624,003E3482,0,1,1,4294967295,0,0
oInvCollPH,2384,624,00064E6C,0,1,1,4294967295,0,0
oInvCollPH,2400,624,001D6260,0,1,1,4294967295,0,0
oInvCollPH,2400,608,0036EAA2,0,1,1,4294967295,0,0
oInvCollPH,2384,608,001BE6F3,0,1,1,4294967295,0,0
oInvCollPH,2368,608,001E0F3F,0,1,1,4294967295,0,0
oInvCollPH,2352,608,0019239A,0,1,1,4294967295,0,0
oInvCollPH,2336,608,001C7A70,0,1,1,4294967295,0,0
oInvCollPH,2320,608,001A44FF,0,1,1,4294967295,0,0
oInvCollPH,3008,944,002BA0D3,0,1,1,4294967295,0,0
oInvCollPH,3040,944,000336EA,0,1,1,4294967295,0,0
oInvCollPH,3056,944,00149A35,0,1,1,4294967295,0,0
oInvCollPH,3072,944,00228DAD,0,1,1,4294967295,0,0
oInvCollPH,3088,944,000AB0A8,0,1,1,4294967295,0,0
oInvCollPH,3104,944,00189A65,0,1,1,4294967295,0,0
oInvCollPH,3120,944,0036C269,0,1,1,4294967295,0,0
oInvCollPH,3120,928,00202D81,0,1,1,4294967295,0,0
oInvCollPH,3104,928,001691EA,0,1,1,4294967295,0,0
oInvCollPH,3088,928,00167219,0,1,1,4294967295,0,0
oInvCollPH,3072,928,0037C44F,0,1,1,4294967295,0,0
oInvCollPH,3056,928,0016CE19,0,1,1,4294967295,0,0
oInvCollPH,3040,928,0032FCB4,0,1,1,4294967295,0,0
oInvCollPH,2000,256,00384295,0,1,1,4294967295,0,0
oInvCollPH,2016,256,00182769,0,1,1,4294967295,0,0
oInvCollPH,2032,256,00326F1E,0,1,1,4294967295,0,0
oInvCollPH,2048,256,0038AA2A,0,1,1,4294967295,0,0
oInvCollPH,2064,256,001F670C,0,1,1,4294967295,0,0
oInvCollPH,2064,240,002B9CC8,0,1,1,4294967295,0,0
oInvCollPH,2048,240,0026FEE1,0,1,1,4294967295,0,0
oInvCollPH,2032,240,0017BA65,0,1,1,4294967295,0,0
oInvCollPH,2016,240,002428FE,0,1,1,4294967295,0,0
oInvCollPH,2352,896,000E7288,0,1,1,4294967295,0,0
oInvCollPH,2368,896,000DB4F8,0,1,1,4294967295,0,0
oInvCollPH,2384,896,003367C3,0,1,1,4294967295,0,0
oInvCollPH,2400,896,001F5B5E,0,1,1,4294967295,0,0
oInvCollPH,2416,896,0028C2B7,0,1,1,4294967295,0,0
oInvCollPH,2416,880,00321899,0,1,1,4294967295,0,0
oInvCollPH,2400,880,001007D6,0,1,1,4294967295,0,0
oInvCollPH,2384,880,003CB334,0,1,1,4294967295,0,0
oInvCollPH,2368,880,00215569,0,1,1,4294967295,0,0
oInvCollPH,2240,976,00013E1D,0,1,1,4294967295,0,0
oInvCollPH,2256,976,002504CA,0,1,1,4294967295,0,0
oInvCollPH,2272,976,0019B7A9,0,1,1,4294967295,0,0
oInvCollPH,2288,976,0037A652,0,1,1,4294967295,0,0
oInvCollPH,2304,976,00371BA7,0,1,1,4294967295,0,0
oInvCollPH,2304,960,00052761,0,1,1,4294967295,0,0
oInvCollPH,2288,960,0020E84D,0,1,1,4294967295,0,0
oInvCollPH,2272,960,001E36FB,0,1,1,4294967295,0,0
oInvCollPH,2256,960,002481AA,0,1,1,4294967295,0,0
oInvCollPH,2064,992,001993FD,0,1,1,4294967295,0,0
oInvCollPH,2080,992,0021764C,0,1,1,4294967295,0,0
oInvCollPH,2096,992,00265418,0,1,1,4294967295,0,0
oInvCollPH,2112,992,0022293B,0,1,1,4294967295,0,0
oInvCollPH,2128,992,001DB8D2,0,1,1,4294967295,0,0
oInvCollPH,2128,976,000024B1,0,1,1,4294967295,0,0
oInvCollPH,2112,976,001B5607,0,1,1,4294967295,0,0
oInvCollPH,2096,976,0039D8B4,0,1,1,4294967295,0,0
oInvCollPH,2080,976,0001792A,0,1,1,4294967295,0,0
oInvCollPH,1888,992,0019A113,0,1,1,4294967295,0,0
oInvCollPH,1904,992,0019270F,0,1,1,4294967295,0,0
oInvCollPH,1920,992,002E5F9B,0,1,1,4294967295,0,0
oInvCollPH,1936,992,001D2650,0,1,1,4294967295,0,0
oInvCollPH,1952,992,00401E68,0,1,1,4294967295,0,0
oInvCollPH,1952,976,00318532,0,1,1,4294967295,0,0
oInvCollPH,1936,976,0014842E,0,1,1,4294967295,0,0
oInvCollPH,1920,976,0035B5CD,0,1,1,4294967295,0,0
oInvCollPH,1904,976,001240F8,0,1,1,4294967295,0,0
oInvCollPH,336,16,000849F1,0,1,1,4294967295,0,0
oInvCollPH,336,32,003E7F82,0,1,1,4294967295,0,0
oInvCollPH,336,48,00235A2B,0,1,1,4294967295,0,0
oInvCollPH,336,64,0035D858,0,1,1,4294967295,0,0
oInvCollPH,336,144,001FA3D3,0,1,1,4294967295,0,0
oInvCollPH,336,128,000C8E1E,0,1,1,4294967295,0,0
oInvCollPH,336,112,00376398,0,1,1,4294967295,0,0
oInvCollPH,336,96,000C7B5A,0,1,1,4294967295,0,0
oInvCollPH,336,80,0015F763,0,1,1,4294967295,0,0
oInvCollPH,336,160,000A7EF0,0,1,1,4294967295,0,0
oInvCollPH,352,160,000EEEDB,0,1,1,4294967295,0,0
oInvCollPH,352,144,00162C0A,0,1,1,4294967295,0,0
oInvCollPH,352,128,003381A9,0,1,1,4294967295,0,0
oInvCollPH,352,112,00051324,0,1,1,4294967295,0,0
oInvCollPH,352,96,00162431,0,1,1,4294967295,0,0
oInvCollPH,352,80,00333122,0,1,1,4294967295,0,0
oInvCollPH,352,64,0027E78D,0,1,1,4294967295,0,0
oInvCollPH,352,48,00220976,0,1,1,4294967295,0,0
oInvCollPH,352,32,0004A616,0,1,1,4294967295,0,0
oInvCollPH,352,16,00173169,0,1,1,4294967295,0,0
oInvCollPH,352,0,00348991,0,1,1,4294967295,0,0
oInvCollPH,784,864,00085084,0,1,1,4294967295,0,0
oInvCollPH,816,864,0038C376,0,1,1,4294967295,0,0
oInvCollPH,816,848,000671BB,0,1,1,4294967295,0,0
oInvCollPH,992,672,00055194,0,1,1,4294967295,0,0
oInvCollPH,992,688,0040025A,0,1,1,4294967295,0,0
oInvCollPH,992,704,0019E977,0,1,1,4294967295,0,0
oInvCollPH,992,720,00062874,0,1,1,4294967295,0,0
oInvCollPH,1008,720,00146689,0,1,1,4294967295,0,0
oInvCollPH,1008,704,0036F185,0,1,1,4294967295,0,0
oInvCollPH,1008,688,00089B9C,0,1,1,4294967295,0,0
oInvCollPH,1008,672,003DF520,0,1,1,4294967295,0,0
oInvCollPH,1008,656,0039C899,0,1,1,4294967295,0,0
oInvCollPH,1696,928,0034E9FB,0,1,1,4294967295,0,0
oInvCollPH,1712,928,00237373,0,1,1,4294967295,0,0
oInvCollPH,1728,928,0012BBED,0,1,1,4294967295,0,0
oInvCollPH,1744,928,00231DC5,0,1,1,4294967295,0,0
oInvCollPH,1744,912,000A9C2A,0,1,1,4294967295,0,0
oInvCollPH,1728,912,0004C599,0,1,1,4294967295,0,0
oInvCollPH,1712,912,001A7E21,0,1,1,4294967295,0,0
oInvCollPH,1600,544,003908A5,0,1,1,4294967295,0,0
oInvCollPH,1616,544,00248291,0,1,1,4294967295,0,0
oInvCollPH,1632,544,0028B009,0,1,1,4294967295,0,0
oInvCollPH,1632,528,000C8874,0,1,1,4294967295,0,0
oInvCollPH,1952,592,0005C6DB,0,1,1,4294967295,0,0
oInvCollPH,1952,608,002F612F,0,1,1,4294967295,0,0
oInvCollPH,1952,624,00353E8F,0,1,1,4294967295,0,0
oInvCollPH,1952,640,00315858,0,1,1,4294967295,0,0
oInvCollPH,1952,656,000AB3B3,0,1,1,4294967295,0,0
oInvCollPH,1936,608,0016B446,0,1,1,4294967295,0,0
oInvCollPH,1936,624,003A6EB0,0,1,1,4294967295,0,0
oInvCollPH,1936,640,00164458,0,1,1,4294967295,0,0
oInvCollPH,1936,656,00341543,0,1,1,4294967295,0,0
oInvCollPH,1936,672,002C7FC0,0,1,1,4294967295,0,0
oInvCollPH,1936,720,00039BF5,0,1,1,4294967295,0,0
oInvCollPH,1952,720,00262EE2,0,1,1,4294967295,0,0
oInvCollPH,1952,704,00381D63,0,1,1,4294967295,0,0
oInvCollPH,1952,688,001D1711,0,1,1,4294967295,0,0
oInvCollPH,1952,672,002D74EA,0,1,1,4294967295,0,0
oInvCollPH,1888,752,00364260,0,1,1,4294967295,0,0
oInvCollPH,1888,768,0025BA99,0,1,1,4294967295,0,0
oInvCollPH,1888,784,003A259B,0,1,1,4294967295,0,0
oInvCollPH,1888,800,001D0907,0,1,1,4294967295,0,0
oInvCollPH,1888,816,003C6D04,0,1,1,4294967295,0,0
oInvCollPH,1888,832,003A103B,0,1,1,4294967295,0,0
oInvCollPH,1888,848,001B7458,0,1,1,4294967295,0,0
oInvCollPH,1888,864,002DF6A3,0,1,1,4294967295,0,0
oInvCollPH,1904,864,00217E3A,0,1,1,4294967295,0,0
oInvCollPH,1904,816,001DFBE2,0,1,1,4294967295,0,0
oInvCollPH,1904,800,003C6811,0,1,1,4294967295,0,0
oInvCollPH,1904,784,00089199,0,1,1,4294967295,0,0
oInvCollPH,1904,768,003E224D,0,1,1,4294967295,0,0
oInvCollPH,1904,752,001718DA,0,1,1,4294967295,0,0
oInvCollPH,1904,736,000CAA00,0,1,1,4294967295,0,0
oInvCollPH,1632,656,002E7F63,0,1,1,4294967295,0,0
oInvCollPH,1648,656,000855CB,0,1,1,4294967295,0,0
oInvCollPH,1664,656,002DA5B1,0,1,1,4294967295,0,0
oInvCollPH,1680,656,003F7443,0,1,1,4294967295,0,0
oInvCollPH,1696,656,00298DD2,0,1,1,4294967295,0,0
oInvCollPH,1712,656,0024742F,0,1,1,4294967295,0,0
oInvCollPH,1728,656,0033E048,0,1,1,4294967295,0,0
oInvCollPH,1744,656,00013B85,0,1,1,4294967295,0,0
oInvCollPH,1760,656,002B10E1,0,1,1,4294967295,0,0
oInvCollPH,1760,672,00195402,0,1,1,4294967295,0,0
oInvCollPH,1760,688,002D752C,0,1,1,4294967295,0,0
oInvCollPH,1744,688,002C8683,0,1,1,4294967295,0,0
oInvCollPH,1728,688,002FEA33,0,1,1,4294967295,0,0
oInvCollPH,1712,688,00012DA3,0,1,1,4294967295,0,0
oInvCollPH,1696,688,002638D6,0,1,1,4294967295,0,0
oInvCollPH,1648,688,002743EA,0,1,1,4294967295,0,0
oInvCollPH,1632,688,004027B2,0,1,1,4294967295,0,0
oInvCollPH,1616,688,00383B2E,0,1,1,4294967295,0,0
oInvCollPH,1616,672,0010F608,0,1,1,4294967295,0,0
oInvCollPH,1792,688,00400CF4,0,1,1,4294967295,0,0
oInvCollPH,1808,688,00148541,0,1,1,4294967295,0,0
oInvCollPH,1824,688,0025F660,0,1,1,4294967295,0,0
oInvCollPH,1840,688,001D9038,0,1,1,4294967295,0,0
oInvCollPH,1856,688,0029CC39,0,1,1,4294967295,0,0
oInvCollPH,1872,688,001E62E4,0,1,1,4294967295,0,0
oInvCollPH,1888,688,001D104B,0,1,1,4294967295,0,0
oInvCollPH,1904,688,0020179B,0,1,1,4294967295,0,0
oInvCollPH,1920,688,0033F531,0,1,1,4294967295,0,0
oInvCollPH,1776,704,0025D157,0,1,1,4294967295,0,0
oInvCollPH,1776,720,00232842,0,1,1,4294967295,0,0
oInvCollPH,1792,720,000AE198,0,1,1,4294967295,0,0
oInvCollPH,1808,720,000699D1,0,1,1,4294967295,0,0
oInvCollPH,1824,720,0036C755,0,1,1,4294967295,0,0
oInvCollPH,1840,720,0008707F,0,1,1,4294967295,0,0
oInvCollPH,1856,720,00020B35,0,1,1,4294967295,0,0
oInvCollPH,1872,720,0022F549,0,1,1,4294967295,0,0
oInvCollPH,1920,720,00350501,0,1,1,4294967295,0,0
oInvCollPH,1664,720,003FD417,0,1,1,4294967295,0,0
oInvCollPH,1664,736,002E1E5B,0,1,1,4294967295,0,0
oInvCollPH,1664,752,0002F7F9,0,1,1,4294967295,0,0
oInvCollPH,1664,768,00398BD9,0,1,1,4294967295,0,0
oInvCollPH,1664,848,0032AAB4,0,1,1,4294967295,0,0
oInvCollPH,1664,832,003634D2,0,1,1,4294967295,0,0
oInvCollPH,1664,816,00050C73,0,1,1,4294967295,0,0
oInvCollPH,1664,800,00167A1F,0,1,1,4294967295,0,0
oInvCollPH,1664,784,003A3315,0,1,1,4294967295,0,0
oInvCollPH,1664,928,002439E5,0,1,1,4294967295,0,0
oInvCollPH,1664,912,0039B2F8,0,1,1,4294967295,0,0
oInvCollPH,1664,896,0010E5C3,0,1,1,4294967295,0,0
oInvCollPH,1664,880,000D5CAD,0,1,1,4294967295,0,0
oInvCollPH,1664,864,003FFE56,0,1,1,4294967295,0,0
oInvCollPH,1664,944,003623C8,0,1,1,4294967295,0,0
oInvCollPH,1664,960,00362657,0,1,1,4294967295,0,0
oInvCollPH,1664,976,0003401D,0,1,1,4294967295,0,0
oInvCollPH,1680,976,00100C2A,0,1,1,4294967295,0,0
oInvCollPH,1680,960,0039689A,0,1,1,4294967295,0,0
oInvCollPH,1680,944,0038D289,0,1,1,4294967295,0,0
oInvCollPH,1680,896,00281817,0,1,1,4294967295,0,0
oInvCollPH,1680,880,00057ED1,0,1,1,4294967295,0,0
oInvCollPH,1680,864,00292279,0,1,1,4294967295,0,0
oInvCollPH,1680,848,0002E620,0,1,1,4294967295,0,0
oInvCollPH,1680,832,0020B084,0,1,1,4294967295,0,0
oInvCollPH,1680,816,0028534E,0,1,1,4294967295,0,0
oInvCollPH,1680,800,00232330,0,1,1,4294967295,0,0
oInvCollPH,1680,784,00271358,0,1,1,4294967295,0,0
oInvCollPH,1680,768,002BA464,0,1,1,4294967295,0,0
oInvCollPH,1680,752,0013FF6D,0,1,1,4294967295,0,0
oInvCollPH,1680,736,00180327,0,1,1,4294967295,0,0
oInvCollPH,1680,720,0001CFC1,0,1,1,4294967295,0,0
oInvCollPH,1680,704,001BE93B,0,1,1,4294967295,0,0
oInvCollPH,3184,864,001F2687,0,1,1,4294967295,0,0
oInvCollPH,3184,880,0037B17A,0,1,1,4294967295,0,0
oInvCollPH,3184,896,00348BA9,0,1,1,4294967295,0,0
oInvCollPH,3184,912,00400FF8,0,1,1,4294967295,0,0
oInvCollPH,3184,928,001568BF,0,1,1,4294967295,0,0
oInvCollPH,3200,928,000492CC,0,1,1,4294967295,0,0
oInvCollPH,3200,912,0023A916,0,1,1,4294967295,0,0
oInvCollPH,3200,896,0030BF36,0,1,1,4294967295,0,0
oInvCollPH,3200,880,0003516D,0,1,1,4294967295,0,0
oInvCollPH,3200,864,0038D586,0,1,1,4294967295,0,0
oInvCollPH,3200,848,0004D9CC,0,1,1,4294967295,0,0
oInvCollPH,3328,848,001A8213,0,1,1,4294967295,0,0
oInvCollPH,3328,864,001C14D6,0,1,1,4294967295,0,0
oInvCollPH,3328,880,002CD286,0,1,1,4294967295,0,0
oInvCollPH,3328,896,0008930A,0,1,1,4294967295,0,0
oInvCollPH,3328,912,001D03DD,0,1,1,4294967295,0,0
oInvCollPH,3328,928,0014831C,0,1,1,4294967295,0,0
oInvCollPH,3344,832,000FDE7C,0,1,1,4294967295,0,0
oInvCollPH,3216,944,00056219,0,1,1,4294967295,0,0
oInvCollPH,3232,944,0031728B,0,1,1,4294967295,0,0
oInvCollPH,3248,944,00209E0A,0,1,1,4294967295,0,0
oInvCollPH,3264,944,0001AFBD,0,1,1,4294967295,0,0
oInvCollPH,3280,944,0016775B,0,1,1,4294967295,0,0
oInvCollPH,3296,944,000AE08C,0,1,1,4294967295,0,0
oInvCollPH,3312,944,0037FF3B,0,1,1,4294967295,0,0
oInvCollPH,3184,960,003D5BF5,0,1,1,4294967295,0,0
oInvCollPH,3184,976,0011AD9D,0,1,1,4294967295,0,0
oInvCollPH,3184,992,0034776A,0,1,1,4294967295,0,0
oInvCollPH,3184,1008,00251D07,0,1,1,4294967295,0,0
oInvCollPH,3200,1008,002DC2F6,0,1,1,4294967295,0,0
oInvCollPH,3216,1008,0022ED65,0,1,1,4294967295,0,0
oInvCollPH,3232,1008,00147F37,0,1,1,4294967295,0,0
oInvCollPH,3248,1008,002A6BE5,0,1,1,4294967295,0,0
oInvCollPH,3264,1008,003313FE,0,1,1,4294967295,0,0
oInvCollPH,3280,1008,0027E854,0,1,1,4294967295,0,0
oInvCollPH,3296,1008,00276CCE,0,1,1,4294967295,0,0
oInvCollPH,3312,1008,0013A4CF,0,1,1,4294967295,0,0
oInvCollPH,3328,1008,001529C3,0,1,1,4294967295,0,0
oInvCollPH,3344,1008,0004DC94,0,1,1,4294967295,0,0
oInvCollPH,2576,992,00121FE3,0,1,1,4294967295,0,0
oInvCollPH,2592,992,0026AB10,0,1,1,4294967295,0,0
oInvCollPH,2608,992,001E3F5E,0,1,1,4294967295,0,0
oInvCollPH,2624,992,000CE3CE,0,1,1,4294967295,0,0
oInvCollPH,2704,992,001BC2CB,0,1,1,4294967295,0,0
oInvCollPH,2688,992,002E7479,0,1,1,4294967295,0,0
oInvCollPH,2672,992,003A3DDC,0,1,1,4294967295,0,0
oInvCollPH,2656,992,0000DB78,0,1,1,4294967295,0,0
oInvCollPH,2640,992,001E6682,0,1,1,4294967295,0,0
oInvCollPH,2912,992,001F9C90,0,1,1,4294967295,0,0
oInvCollPH,2896,992,003DF531,0,1,1,4294967295,0,0
oInvCollPH,2880,992,00155A32,0,1,1,4294967295,0,0
oInvCollPH,2864,992,00038781,0,1,1,4294967295,0,0
oInvCollPH,2848,992,00226085,0,1,1,4294967295,0,0
oInvCollPH,2768,992,00347D3C,0,1,1,4294967295,0,0
oInvCollPH,2784,992,00294498,0,1,1,4294967295,0,0
oInvCollPH,2800,992,00083586,0,1,1,4294967295,0,0
oInvCollPH,2816,992,003ECF85,0,1,1,4294967295,0,0
oInvCollPH,2832,992,002E433A,0,1,1,4294967295,0,0
oInvCollPH,2752,992,000751D4,0,1,1,4294967295,0,0
oInvCollPH,2736,992,00310EA9,0,1,1,4294967295,0,0
oInvCollPH,2720,992,0000B0B1,0,1,1,4294967295,0,0
oInvCollPH,2560,1008,002325D4,0,1,1,4294967295,0,0
oInvCollPH,2576,1008,001BED77,0,1,1,4294967295,0,0
oInvCollPH,2592,1008,002F94A3,0,1,1,4294967295,0,0
oInvCollPH,2608,1008,0000785F,0,1,1,4294967295,0,0
oInvCollPH,2624,1008,0012D43B,0,1,1,4294967295,0,0
oInvCollPH,2640,1008,0000BF14,0,1,1,4294967295,0,0
oInvCollPH,2656,1008,0000A084,0,1,1,4294967295,0,0
oInvCollPH,2672,1008,0001FE56,0,1,1,4294967295,0,0
oInvCollPH,2688,1008,0024FD0B,0,1,1,4294967295,0,0
oInvCollPH,2720,1024,000591C7,0,1,1,4294967295,0,0
oInvCollPH,2736,1024,003F4DC0,0,1,1,4294967295,0,0
oInvCollPH,2752,1008,0013823D,0,1,1,4294967295,0,0
oInvCollPH,2768,1008,000A6FBB,0,1,1,4294967295,0,0
oInvCollPH,2784,1008,002ABEB1,0,1,1,4294967295,0,0
oInvCollPH,2800,1008,003840B3,0,1,1,4294967295,0,0
oInvCollPH,2816,1008,003C5591,0,1,1,4294967295,0,0
oInvCollPH,2848,1024,000D5EAA,0,1,1,4294967295,0,0
oInvCollPH,2864,1024,000042FB,0,1,1,4294967295,0,0
oInvCollPH,2880,1008,003BB5B3,0,1,1,4294967295,0,0
oInvCollPH,2896,1008,0001233F,0,1,1,4294967295,0,0
oInvCollPH,2912,1008,003005BB,0,1,1,4294967295,0,0
oInvCollPH,2512,544,0038AD9B,0,1,1,4294967295,0,0
oInvCollPH,2512,560,002334F7,0,1,1,4294967295,0,0
oInvCollPH,2512,576,003754E4,0,1,1,4294967295,0,0
oInvCollPH,2512,592,002C6CED,0,1,1,4294967295,0,0
oInvCollPH,2512,608,000A67E4,0,1,1,4294967295,0,0
oInvCollPH,2512,624,0015684E,0,1,1,4294967295,0,0
oInvCollPH,2512,640,0028D4DA,0,1,1,4294967295,0,0
oInvCollPH,2512,656,001B6705,0,1,1,4294967295,0,0
oInvCollPH,2512,672,00118F61,0,1,1,4294967295,0,0
oInvCollPH,2512,880,002AE461,0,1,1,4294967295,0,0
oInvCollPH,2512,864,000CBACD,0,1,1,4294967295,0,0
oInvCollPH,2512,848,002DD9B4,0,1,1,4294967295,0,0
oInvCollPH,2512,832,00095F26,0,1,1,4294967295,0,0
oInvCollPH,2560,688,002596C3,0,1,1,4294967295,0,0
oInvCollPH,2560,704,0018FCF5,0,1,1,4294967295,0,0
oInvCollPH,2560,720,0035E001,0,1,1,4294967295,0,0
oInvCollPH,2560,736,0019E6F3,0,1,1,4294967295,0,0
oInvCollPH,2560,752,003AF676,0,1,1,4294967295,0,0
oInvCollPH,2512,688,0028117A,0,1,1,4294967295,0,0
oInvCollPH,2512,704,0036EA84,0,1,1,4294967295,0,0
oInvCollPH,2512,720,003CF308,0,1,1,4294967295,0,0
oInvCollPH,2512,736,001D5197,0,1,1,4294967295,0,0
oInvCollPH,2512,752,000A35E8,0,1,1,4294967295,0,0
oInvCollPH,2512,768,0025CB2E,0,1,1,4294967295,0,0
oInvCollPH,2512,784,0003D9B3,0,1,1,4294967295,0,0
oInvCollPH,2512,800,000315CC,0,1,1,4294967295,0,0
oInvCollPH,2512,816,00174476,0,1,1,4294967295,0,0
oInvCollPH,2384,992,000D5B3F,0,1,1,4294967295,0,0
oInvCollPH,2528,880,0006FE9A,0,1,1,4294967295,0,0
oInvCollPH,2544,880,002C066A,0,1,1,4294967295,0,0
oInvCollPH,2560,880,002EA945,0,1,1,4294967295,0,0
oInvCollPH,2560,864,0000DE86,0,1,1,4294967295,0,0
oInvCollPH,2560,848,0020EB94,0,1,1,4294967295,0,0
oInvCollPH,2560,832,003330F7,0,1,1,4294967295,0,0
oInvCollPH,2560,816,0037AB4A,0,1,1,4294967295,0,0
oInvCollPH,2560,800,000AE973,0,1,1,4294967295,0,0
oInvCollPH,2560,784,001210EF,0,1,1,4294967295,0,0
oInvCollPH,2560,768,0008533D,0,1,1,4294967295,0,0
oInvCollPH,2560,672,002E81E3,0,1,1,4294967295,0,0
oInvCollPH,2560,656,000A5D08,0,1,1,4294967295,0,0
oInvCollPH,2560,640,001F2509,0,1,1,4294967295,0,0
oInvCollPH,2560,624,000058AB,0,1,1,4294967295,0,0
oInvCollPH,2560,608,002269B7,0,1,1,4294967295,0,0
oInvCollPH,2560,592,00053636,0,1,1,4294967295,0,0
oInvCollPH,2560,576,003871AE,0,1,1,4294967295,0,0
oInvCollPH,2560,560,0019C423,0,1,1,4294967295,0,0
oInvCollPH,2528,528,003BD293,0,1,1,4294967295,0,0
oInvCollPH,2544,528,00234AFE,0,1,1,4294967295,0,0
oInvCollPH,2560,528,002BDAD9,0,1,1,4294967295,0,0
oInvCollPH,2560,544,0031F664,0,1,1,4294967295,0,0
oInvCollPH,2576,544,0030FAFF,0,1,1,4294967295,0,0
oInvCollPH,2592,544,0013B104,0,1,1,4294967295,0,0
oInvCollPH,2592,528,002FD8B8,0,1,1,4294967295,0,0
oInvCollPH,2832,448,00222CD4,0,1,1,4294967295,0,0
oInvCollPH,2864,448,00326817,0,1,1,4294967295,0,0
oInvCollPH,2880,448,002491C5,0,1,1,4294967295,0,0
oInvCollPH,2896,448,00248BE4,0,1,1,4294967295,0,0
oInvCollPH,2896,432,00218E35,0,1,1,4294967295,0,0
oInvCollPH,2880,432,000C656B,0,1,1,4294967295,0,0
oInvCollPH,2864,432,003D1683,0,1,1,4294967295,0,0
oInvCollPH,2304,160,001BEF42,0,1,1,4294967295,0,0
oInvCollPH,2320,160,003F9678,0,1,1,4294967295,0,0
oInvCollPH,2336,160,003BA994,0,1,1,4294967295,0,0
oInvCollPH,2352,160,0014A1C7,0,1,1,4294967295,0,0
oInvCollPH,2288,160,0001EC30,0,1,1,4294967295,0,0
oInvCollPH,2272,176,0015FDE1,0,1,1,4294967295,0,0
oInvCollPH,2272,192,0009A74B,0,1,1,4294967295,0,0
oInvCollPH,2288,192,002E7157,0,1,1,4294967295,0,0
oInvCollPH,2304,224,003EFE9A,0,1,1,4294967295,0,0
oInvCollPH,2304,240,000B3B82,0,1,1,4294967295,0,0
oInvCollPH,2336,208,0024F066,0,1,1,4294967295,0,0
oInvCollPH,2352,192,001A04AE,0,1,1,4294967295,0,0
oInvCollPH,2368,192,001D4340,0,1,1,4294967295,0,0
oInvCollPH,2384,192,000C7694,0,1,1,4294967295,0,0
oInvCollPH,2400,192,00203B75,0,1,1,4294967295,0,0
oInvCollPH,2416,192,0011ABE0,0,1,1,4294967295,0,0
oInvCollPH,2432,192,00193C35,0,1,1,4294967295,0,0
oInvCollPH,2432,176,0035FEC0,0,1,1,4294967295,0,0
oInvCollPH,2432,160,002A792E,0,1,1,4294967295,0,0
oInvCollPH,2416,160,001813C4,0,1,1,4294967295,0,0
oInvCollPH,2400,160,003B4D0E,0,1,1,4294967295,0,0
oInvCollPH,2384,160,00097CA0,0,1,1,4294967295,0,0
oInvCollPH,2368,160,000AB584,0,1,1,4294967295,0,0
oInvCollPH,1328,160,0018F27F,0,1,1,4294967295,0,0
oInvCollPH,1344,160,002AC139,0,1,1,4294967295,0,0
oInvCollPH,1360,160,0035A68A,0,1,1,4294967295,0,0
oInvCollPH,1376,160,0022912B,0,1,1,4294967295,0,0
oInvCollPH,1392,160,00101A89,0,1,1,4294967295,0,0
oInvCollPH,1392,144,0010E6B5,0,1,1,4294967295,0,0
oInvCollPH,1376,144,000C25E5,0,1,1,4294967295,0,0
oInvCollPH,1360,144,0021A2A7,0,1,1,4294967295,0,0
oInvCollPH,1344,144,001BBFCD,0,1,1,4294967295,0,0
oInvCollPH,1136,592,003FE964,0,1,1,4294967295,0,0
oInvCollPH,1152,592,00158DE7,0,1,1,4294967295,0,0
oInvCollPH,1168,592,0003F44F,0,1,1,4294967295,0,0
oInvCollPH,1184,592,003CEE75,0,1,1,4294967295,0,0
oInvCollPH,1120,608,002A6CFA,0,1,1,4294967295,0,0
oInvCollPH,1120,624,003907B0,0,1,1,4294967295,0,0
oInvCollPH,1136,624,003C2888,0,1,1,4294967295,0,0
oInvCollPH,1152,624,00392A10,0,1,1,4294967295,0,0
oInvCollPH,1168,656,000C3EE7,0,1,1,4294967295,0,0
oInvCollPH,1184,656,0022671D,0,1,1,4294967295,0,0
oInvCollPH,1200,640,0022E959,0,1,1,4294967295,0,0
oInvCollPH,1216,624,002DA673,0,1,1,4294967295,0,0
oInvCollPH,1232,624,003DADF7,0,1,1,4294967295,0,0
oInvCollPH,1232,608,001A56C3,0,1,1,4294967295,0,0
oInvCollPH,1232,592,00261D0A,0,1,1,4294967295,0,0
oInvCollPH,1216,592,00400427,0,1,1,4294967295,0,0
oInvCollPH,1200,592,00353DB4,0,1,1,4294967295,0,0
oInvCollPH,1056,816,000F4F70,0,1,1,4294967295,0,0
oInvCollPH,1072,816,0025492A,0,1,1,4294967295,0,0
oInvCollPH,1088,816,0010C591,0,1,1,4294967295,0,0
oInvCollPH,1104,816,0014C044,0,1,1,4294967295,0,0
oInvCollPH,1104,832,000AF611,0,1,1,4294967295,0,0
oInvCollPH,1040,832,0026A37D,0,1,1,4294967295,0,0
oInvCollPH,1040,848,001E3DC4,0,1,1,4294967295,0,0
oInvCollPH,1040,864,001BA769,0,1,1,4294967295,0,0
oInvCollPH,1056,864,002CC0B7,0,1,1,4294967295,0,0
oInvCollPH,1072,864,002834B8,0,1,1,4294967295,0,0
oInvCollPH,1088,864,00358681,0,1,1,4294967295,0,0
oInvCollPH,1104,864,002FFEBF,0,1,1,4294967295,0,0
oInvCollPH,1168,848,0014CB3B,0,1,1,4294967295,0,0
oInvCollPH,1168,864,00254590,0,1,1,4294967295,0,0
oInvCollPH,1168,880,002A5030,0,1,1,4294967295,0,0
oInvCollPH,1168,896,003DE53A,0,1,1,4294967295,0,0
oInvCollPH,1136,848,003CA2C9,0,1,1,4294967295,0,0
oInvCollPH,1152,848,0036FA15,0,1,1,4294967295,0,0
oInvCollPH,1120,880,00157AB0,0,1,1,4294967295,0,0
oInvCollPH,1120,896,003B3032,0,1,1,4294967295,0,0
oInvCollPH,1120,912,00033327,0,1,1,4294967295,0,0
oInvCollPH,1120,928,00063A3E,0,1,1,4294967295,0,0
oInvCollPH,1120,944,002EA270,0,1,1,4294967295,0,0
oInvCollPH,1136,944,000F5AA9,0,1,1,4294967295,0,0
oInvCollPH,1152,944,0018BC50,0,1,1,4294967295,0,0
oInvCollPH,1168,944,001BE617,0,1,1,4294967295,0,0
oInvCollPH,1168,928,0029A42D,0,1,1,4294967295,0,0
oInvCollPH,1168,912,002A402E,0,1,1,4294967295,0,0
oInvCollPH,928,944,000AB132,0,1,1,4294967295,0,0
oInvCollPH,944,944,00042CF9,0,1,1,4294967295,0,0
oInvCollPH,960,944,00337AE5,0,1,1,4294967295,0,0
oInvCollPH,976,944,0014CC35,0,1,1,4294967295,0,0
oInvCollPH,1056,944,00233E84,0,1,1,4294967295,0,0
oInvCollPH,1040,944,003D8D86,0,1,1,4294967295,0,0
oInvCollPH,1024,944,003511C7,0,1,1,4294967295,0,0
oInvCollPH,1008,944,001FAD64,0,1,1,4294967295,0,0
oInvCollPH,992,944,003403E5,0,1,1,4294967295,0,0
oInvCollPH,1072,944,00113892,0,1,1,4294967295,0,0
oInvCollPH,1088,944,0004758C,0,1,1,4294967295,0,0
oInvCollPH,1104,944,001F58A7,0,1,1,4294967295,0,0
oInvCollPH,912,960,000F75F1,0,1,1,4294967295,0,0
oInvCollPH,912,976,0026497C,0,1,1,4294967295,0,0
oInvCollPH,912,992,003FC79B,0,1,1,4294967295,0,0
oInvCollPH,912,1008,002AD8FA,0,1,1,4294967295,0,0
oInvCollPH,912,1024,002B7A9A,0,1,1,4294967295,0,0
oInvCollPH,928,1024,0004827F,0,1,1,4294967295,0,0
oInvCollPH,944,1024,00327431,0,1,1,4294967295,0,0
oInvCollPH,960,1024,001D0D10,0,1,1,4294967295,0,0
oInvCollPH,976,1024,0014A5AF,0,1,1,4294967295,0,0
oInvCollPH,992,1024,003B866D,0,1,1,4294967295,0,0
oInvCollPH,1008,1024,001BDB2B,0,1,1,4294967295,0,0
oInvCollPH,1024,1024,0025E44B,0,1,1,4294967295,0,0
oInvCollPH,1040,1024,002F3491,0,1,1,4294967295,0,0
oInvCollPH,1056,1024,0037906E,0,1,1,4294967295,0,0
oInvCollPH,1072,1024,002DDFEA,0,1,1,4294967295,0,0
oInvCollPH,1088,1024,0003EC67,0,1,1,4294967295,0,0
oInvCollPH,1104,1024,0005416A,0,1,1,4294967295,0,0
oInvCollPH,1104,1008,00300E96,0,1,1,4294967295,0,0
oInvCollPH,1104,992,0036C848,0,1,1,4294967295,0,0
oInvCollPH,1104,976,0014BC4F,0,1,1,4294967295,0,0
oInvCollPH,1104,960,0000D736,0,1,1,4294967295,0,0
oInvCollPH,1984,832,001B3990,0,1,1,4294967295,0,0
oInvCollPH,1968,832,0032BB72,0,1,1,4294967295,0,0
oInvCollPH,1952,832,0031CA62,0,1,1,4294967295,0,0
oInvCollPH,1936,832,002EB713,0,1,1,4294967295,0,0
oInvCollPH,2064,832,0026B39E,0,1,1,4294967295,0,0
oInvCollPH,2048,832,002F853D,0,1,1,4294967295,0,0
oInvCollPH,2032,832,001AC702,0,1,1,4294967295,0,0
oInvCollPH,2016,832,003D47DD,0,1,1,4294967295,0,0
oInvCollPH,2000,832,0026FC32,0,1,1,4294967295,0,0
oInvCollPH,2160,832,0003C982,0,1,1,4294967295,0,0
oInvCollPH,2144,832,000D2BB9,0,1,1,4294967295,0,0
oInvCollPH,2128,816,0016E5E1,0,1,1,4294967295,0,0
oInvCollPH,2096,832,001EEA19,0,1,1,4294967295,0,0
oInvCollPH,2080,832,002021A0,0,1,1,4294967295,0,0
oInvCollPH,2112,816,001D6D15,0,1,1,4294967295,0,0
oInvCollPH,1920,864,00329BBB,0,1,1,4294967295,0,0
oInvCollPH,1936,864,0017DEFE,0,1,1,4294967295,0,0
oInvCollPH,1952,864,0018BF28,0,1,1,4294967295,0,0
oInvCollPH,1968,864,000E94B1,0,1,1,4294967295,0,0
oInvCollPH,1984,864,0005BBCD,0,1,1,4294967295,0,0
oInvCollPH,2000,864,0035E990,0,1,1,4294967295,0,0
oInvCollPH,2016,864,0038E8C6,0,1,1,4294967295,0,0
oInvCollPH,2032,864,001AC927,0,1,1,4294967295,0,0
oInvCollPH,2048,864,003555B2,0,1,1,4294967295,0,0
oInvCollPH,2064,864,00101427,0,1,1,4294967295,0,0
oInvCollPH,2080,864,001022E4,0,1,1,4294967295,0,0
oInvCollPH,2096,864,00274B68,0,1,1,4294967295,0,0
oInvCollPH,2112,864,00302D42,0,1,1,4294967295,0,0
oInvCollPH,2128,864,000A8782,0,1,1,4294967295,0,0
oInvCollPH,2144,864,001338FA,0,1,1,4294967295,0,0
oInvCollPH,2160,864,0031E30C,0,1,1,4294967295,0,0
oInvCollPH,2160,848,00354721,0,1,1,4294967295,0,0
oInvCollPH,1488,432,00401565,0,1,1,4294967295,0,0
oInvCollPH,1488,448,001C703B,0,1,1,4294967295,0,0
oInvCollPH,1488,464,00173104,0,1,1,4294967295,0,0
oInvCollPH,1504,416,003F939C,0,1,1,4294967295,0,0
oInvCollPH,1520,416,001E23FC,0,1,1,4294967295,0,0
oInvCollPH,1536,416,00261EAD,0,1,1,4294967295,0,0
oInvCollPH,1552,400,00101E7A,0,1,1,4294967295,0,0
oInvCollPH,1584,416,0002599F,0,1,1,4294967295,0,0
oInvCollPH,1600,416,0010B638,0,1,1,4294967295,0,0
oInvCollPH,1616,416,0009392C,0,1,1,4294967295,0,0
oInvCollPH,1632,416,000751A3,0,1,1,4294967295,0,0
oInvCollPH,1808,416,00259694,0,1,1,4294967295,0,0
oInvCollPH,1792,416,0018E7ED,0,1,1,4294967295,0,0
oInvCollPH,1776,416,003C66C1,0,1,1,4294967295,0,0
oInvCollPH,1760,416,003C4786,0,1,1,4294967295,0,0
oInvCollPH,1744,416,001AAA04,0,1,1,4294967295,0,0
oInvCollPH,1728,416,003F804C,0,1,1,4294967295,0,0
oInvCollPH,1712,416,00349488,0,1,1,4294967295,0,0
oInvCollPH,1696,416,000AF452,0,1,1,4294967295,0,0
oInvCollPH,1680,416,000555BE,0,1,1,4294967295,0,0
oInvCollPH,1664,416,0016A6B9,0,1,1,4294967295,0,0
oInvCollPH,1648,416,00104C1A,0,1,1,4294967295,0,0
oInvCollPH,1488,480,0039248C,0,1,1,4294967295,0,0
oInvCollPH,1488,496,0030B46F,0,1,1,4294967295,0,0
oInvCollPH,1488,512,0001A092,0,1,1,4294967295,0,0
oInvCollPH,1504,512,00243927,0,1,1,4294967295,0,0
oInvCollPH,1520,512,001A25EC,0,1,1,4294967295,0,0
oInvCollPH,1536,512,001D4BBF,0,1,1,4294967295,0,0
oInvCollPH,1552,512,0009FA14,0,1,1,4294967295,0,0
oInvCollPH,1568,512,001489B2,0,1,1,4294967295,0,0
oInvCollPH,1584,512,0020E0DA,0,1,1,4294967295,0,0
oInvCollPH,1648,512,00304405,0,1,1,4294967295,0,0
oInvCollPH,1664,512,002EEFC0,0,1,1,4294967295,0,0
oInvCollPH,1680,512,002DE487,0,1,1,4294967295,0,0
oInvCollPH,1696,512,000C7457,0,1,1,4294967295,0,0
oInvCollPH,1712,512,00119C98,0,1,1,4294967295,0,0
oInvCollPH,1728,544,002DC960,0,1,1,4294967295,0,0
oInvCollPH,1744,544,001FD4ED,0,1,1,4294967295,0,0
oInvCollPH,1760,544,002964BE,0,1,1,4294967295,0,0
oInvCollPH,1776,512,000CA65D,0,1,1,4294967295,0,0
oInvCollPH,1792,512,001CAC29,0,1,1,4294967295,0,0
oInvCollPH,1808,512,0024662D,0,1,1,4294967295,0,0
oInvCollPH,1808,464,0001DF72,0,1,1,4294967295,0,0
oInvCollPH,1808,448,0017763B,0,1,1,4294967295,0,0
oInvCollPH,1808,432,003DDDD7,0,1,1,4294967295,0,0
oInvCollPH,1840,480,0036497D,0,1,1,4294967295,0,0
oInvCollPH,1856,480,00200E24,0,1,1,4294967295,0,0
oInvCollPH,1872,480,000594A2,0,1,1,4294967295,0,0
oInvCollPH,1888,480,0017142C,0,1,1,4294967295,0,0
oInvCollPH,1904,480,00167B43,0,1,1,4294967295,0,0
oInvCollPH,1920,480,00240F51,0,1,1,4294967295,0,0
oInvCollPH,1936,480,002D3CD5,0,1,1,4294967295,0,0
oInvCollPH,1952,480,0005DAEE,0,1,1,4294967295,0,0
oInvCollPH,1968,480,0036774F,0,1,1,4294967295,0,0
oInvCollPH,2144,480,000F52CE,0,1,1,4294967295,0,0
oInvCollPH,2128,480,000366ED,0,1,1,4294967295,0,0
oInvCollPH,2112,480,002E562E,0,1,1,4294967295,0,0
oInvCollPH,2096,480,003244F1,0,1,1,4294967295,0,0
oInvCollPH,2080,480,002B387B,0,1,1,4294967295,0,0
oInvCollPH,2064,480,000B97CD,0,1,1,4294967295,0,0
oInvCollPH,2048,480,003B3DE4,0,1,1,4294967295,0,0
oInvCollPH,2032,480,001F3B57,0,1,1,4294967295,0,0
oInvCollPH,2016,480,00067AE0,0,1,1,4294967295,0,0
oInvCollPH,2000,480,003ACB74,0,1,1,4294967295,0,0
oInvCollPH,1984,480,00325DE8,0,1,1,4294967295,0,0
oInvCollPH,1824,528,00398486,0,1,1,4294967295,0,0
oInvCollPH,1824,544,00185DA9,0,1,1,4294967295,0,0
oInvCollPH,1824,560,000A5102,0,1,1,4294967295,0,0
oInvCollPH,1824,576,002E2A6F,0,1,1,4294967295,0,0
oInvCollPH,1840,576,0010A089,0,1,1,4294967295,0,0
oInvCollPH,1856,576,001E05C3,0,1,1,4294967295,0,0
oInvCollPH,1872,576,002531E2,0,1,1,4294967295,0,0
oInvCollPH,1888,576,00239C08,0,1,1,4294967295,0,0
oInvCollPH,1904,576,00135834,0,1,1,4294967295,0,0
oInvCollPH,1920,576,0030A177,0,1,1,4294967295,0,0
oInvCollPH,1968,576,002FB9EF,0,1,1,4294967295,0,0
oInvCollPH,1984,576,002A0F44,0,1,1,4294967295,0,0
oInvCollPH,2000,576,0025C62F,0,1,1,4294967295,0,0
oInvCollPH,2016,608,002C632B,0,1,1,4294967295,0,0
oInvCollPH,2016,624,001DDAA8,0,1,1,4294967295,0,0
oInvCollPH,2032,624,001191A9,0,1,1,4294967295,0,0
oInvCollPH,2064,576,001E72A9,0,1,1,4294967295,0,0
oInvCollPH,2080,576,003382E6,0,1,1,4294967295,0,0
oInvCollPH,2096,576,0003369A,0,1,1,4294967295,0,0
oInvCollPH,2112,576,001FFFB5,0,1,1,4294967295,0,0
oInvCollPH,2128,576,0032029B,0,1,1,4294967295,0,0
oInvCollPH,2144,576,002E85C7,0,1,1,4294967295,0,0
oInvCollPH,2160,560,0007D2F2,0,1,1,4294967295,0,0
oInvCollPH,2176,544,0009756A,0,1,1,4294967295,0,0
oInvCollPH,2144,528,002F4F13,0,1,1,4294967295,0,0
oInvCollPH,2144,496,000A8D5C,0,1,1,4294967295,0,0
oInvCollPH,2144,512,00233367,0,1,1,4294967295,0,0
oInvCollPH,304,832,000296B0,0,1,1,4294967295,0,0
oInvCollPH,320,832,001C7C3E,0,1,1,4294967295,0,0
oInvCollPH,320,816,002E3B62,0,1,1,4294967295,0,0
oInvCollPH,512,656,001EA699,0,1,1,4294967295,0,0
oInvCollPH,528,656,002FD005,0,1,1,4294967295,0,0
oInvCollPH,528,640,002C440D,0,1,1,4294967295,0,0
oInvCollPH,608,704,0032A201,0,1,1,4294967295,0,0
oInvCollPH,624,704,00023CD5,0,1,1,4294967295,0,0
oInvCollPH,624,688,002ACAD5,0,1,1,4294967295,0,0
oInvCollPH,912,512,000E92FC,0,1,1,4294967295,0,0
oInvCollPH,928,512,001DD0F2,0,1,1,4294967295,0,0
oInvCollPH,944,512,0003BAE6,0,1,1,4294967295,0,0
oInvCollPH,944,528,0024358B,0,1,1,4294967295,0,0
oInvCollPH,928,528,001E22D5,0,1,1,4294967295,0,0
oInvCollPH,912,528,002B9DF8,0,1,1,4294967295,0,0
oInvCollPH,896,528,00148BAB,0,1,1,4294967295,0,0
oInvCollPH,1328,928,002992E6,0,1,1,4294967295,0,0
oInvCollPH,1344,928,003C4FD7,0,1,1,4294967295,0,0
oInvCollPH,1360,928,000A5207,0,1,1,4294967295,0,0
oInvCollPH,1376,928,0031BC4D,0,1,1,4294967295,0,0
oInvCollPH,1392,928,00104A31,0,1,1,4294967295,0,0
oInvCollPH,1488,928,00028A43,0,1,1,4294967295,0,0
oInvCollPH,1504,928,0000804C,0,1,1,4294967295,0,0
oInvCollPH,1520,928,003E6B69,0,1,1,4294967295,0,0
oInvCollPH,1536,928,0013FCE6,0,1,1,4294967295,0,0
oInvCollPH,1552,928,001CEB85,0,1,1,4294967295,0,0
oInvCollPH,1568,928,002CFBB6,0,1,1,4294967295,0,0
oInvCollPH,1472,928,00310E93,0,1,1,4294967295,0,0
oInvCollPH,1456,928,00260091,0,1,1,4294967295,0,0
oInvCollPH,1440,928,002FE8BE,0,1,1,4294967295,0,0
oInvCollPH,1424,928,00082DC1,0,1,1,4294967295,0,0
oInvCollPH,1408,928,0003312D,0,1,1,4294967295,0,0
oInvCollPH,1312,944,0030B0B8,0,1,1,4294967295,0,0
oInvCollPH,1328,944,000BBAFD,0,1,1,4294967295,0,0
oInvCollPH,1344,944,0001967B,0,1,1,4294967295,0,0
oInvCollPH,1360,944,0020A9F9,0,1,1,4294967295,0,0
oInvCollPH,1376,944,003E6D6A,0,1,1,4294967295,0,0
oInvCollPH,1392,944,000BDAAB,0,1,1,4294967295,0,0
oInvCollPH,1408,944,0015A9F1,0,1,1,4294967295,0,0
oInvCollPH,1424,944,0030FA54,0,1,1,4294967295,0,0
oInvCollPH,1440,944,0026393A,0,1,1,4294967295,0,0
oInvCollPH,1456,944,0022D642,0,1,1,4294967295,0,0
oInvCollPH,1472,944,002ABAD5,0,1,1,4294967295,0,0
oInvCollPH,1488,944,003319B8,0,1,1,4294967295,0,0
oInvCollPH,1504,944,000D1488,0,1,1,4294967295,0,0
oInvCollPH,1520,944,000A7F03,0,1,1,4294967295,0,0
oInvCollPH,1536,944,001CDAB6,0,1,1,4294967295,0,0
oInvCollPH,1552,944,00040D50,0,1,1,4294967295,0,0
oInvCollPH,1568,944,00052C84,0,1,1,4294967295,0,0
oInvCollPH,2128,800,000ED244,0,1,1,4294967295,0,0
oInvCollPH,2176,560,000C548B,0,1,1,4294967295,0,0
oInvCollPH,2192,560,003282FA,0,1,1,4294967295,0,0
oInvCollPH,2192,544,002762A9,0,1,1,4294967295,0,0
oInvCollPH,1568,384,003821F3,0,1,1,4294967295,0,0
oInvCollPH,1568,400,0010C9F2,0,1,1,4294967295,0,0
oInvCollPH,576,992,0009E19C,0,1,1,4294967295,0,0
oInvCollPH,592,992,0010F65F,0,1,1,4294967295,0,0
oInvCollPH,608,992,002E1B48,0,1,1,4294967295,0,0
oInvCollPH,624,992,0004BBAD,0,1,1,4294967295,0,0
oInvCollPH,640,992,001BECA6,0,1,1,4294967295,0,0
oInvCollPH,816,992,0002D065,0,1,1,4294967295,0,0
oInvCollPH,800,992,003B1EFC,0,1,1,4294967295,0,0
oInvCollPH,784,992,002D57C4,0,1,1,4294967295,0,0
oInvCollPH,768,992,000DAF14,0,1,1,4294967295,0,0
oInvCollPH,752,992,002990AB,0,1,1,4294967295,0,0
oInvCollPH,736,992,00233D0E,0,1,1,4294967295,0,0
oInvCollPH,720,992,000E8E10,0,1,1,4294967295,0,0
oInvCollPH,704,992,00100E70,0,1,1,4294967295,0,0
oInvCollPH,688,992,002BBA5F,0,1,1,4294967295,0,0
oInvCollPH,672,992,001A9E91,0,1,1,4294967295,0,0
oInvCollPH,656,992,002C81D5,0,1,1,4294967295,0,0
oInvCollPH,560,1008,002A4D18,0,1,1,4294967295,0,0
oInvCollPH,576,1008,002E43FB,0,1,1,4294967295,0,0
oInvCollPH,592,1008,0038950C,0,1,1,4294967295,0,0
oInvCollPH,608,1008,0028008D,0,1,1,4294967295,0,0
oInvCollPH,624,1008,002B6948,0,1,1,4294967295,0,0
oInvCollPH,640,1008,00083979,0,1,1,4294967295,0,0
oInvCollPH,656,1008,003CE74F,0,1,1,4294967295,0,0
oInvCollPH,672,1008,000B38F5,0,1,1,4294967295,0,0
oInvCollPH,688,1008,003C916A,0,1,1,4294967295,0,0
oInvCollPH,704,1008,000755E6,0,1,1,4294967295,0,0
oInvCollPH,720,1008,0030A2D2,0,1,1,4294967295,0,0
oInvCollPH,736,1008,002DCC07,0,1,1,4294967295,0,0
oInvCollPH,752,1008,00263FCE,0,1,1,4294967295,0,0
oInvCollPH,768,1008,002DA0AC,0,1,1,4294967295,0,0
oInvCollPH,784,1008,003E2C9F,0,1,1,4294967295,0,0
oInvCollPH,800,1008,0032EB10,0,1,1,4294967295,0,0
oInvCollPH,816,1008,001D678B,0,1,1,4294967295,0,0
oInvCollPH,176,720,00401C39,0,1,1,4294967295,0,0
oInvCollPH,176,768,0023ECA4,0,1,1,4294967295,0,0
oInvCollPH,176,752,0039FA72,0,1,1,4294967295,0,0
oInvCollPH,176,736,002B55DC,0,1,1,4294967295,0,0
oInvCollPH,192,784,003E01F5,0,1,1,4294967295,0,0
oInvCollPH,192,800,0022EAC9,0,1,1,4294967295,0,0
oInvCollPH,192,816,000D8780,0,1,1,4294967295,0,0
oInvCollPH,192,832,0018F600,0,1,1,4294967295,0,0
oInvCollPH,192,848,002546F2,0,1,1,4294967295,0,0
oInvCollPH,176,864,0031CD53,0,1,1,4294967295,0,0
oInvCollPH,176,880,0033E78B,0,1,1,4294967295,0,0
oInvCollPH,176,896,0038DD89,0,1,1,4294967295,0,0
oInvCollPH,176,912,000C8FD5,0,1,1,4294967295,0,0
oInvCollPH,176,928,001A2C99,0,1,1,4294967295,0,0
oInvCollPH,192,704,000B1AF6,0,1,1,4294967295,0,0
oInvCollPH,192,720,0037F519,0,1,1,4294967295,0,0
oInvCollPH,192,736,00291E7C,0,1,1,4294967295,0,0
oInvCollPH,192,752,0032E5CE,0,1,1,4294967295,0,0
oInvCollPH,192,768,00371235,0,1,1,4294967295,0,0
oInvCollPH,176,784,00347A86,0,1,1,4294967295,0,0
oInvCollPH,176,800,00270DDE,0,1,1,4294967295,0,0
oInvCollPH,176,816,0037A35E,0,1,1,4294967295,0,0
oInvCollPH,176,832,00270904,0,1,1,4294967295,0,0
oInvCollPH,176,848,0021EDC8,0,1,1,4294967295,0,0
oInvCollPH,192,864,0014E37D,0,1,1,4294967295,0,0
oInvCollPH,192,880,001B7708,0,1,1,4294967295,0,0
oInvCollPH,192,896,0017D3D6,0,1,1,4294967295,0,0
oInvCollPH,192,912,0031DC59,0,1,1,4294967295,0,0
oInvCollPH,192,928,00088F79,0,1,1,4294967295,0,0
oInvCollPH,176,944,00131C2A,0,1,1,4294967295,0,0
oInvCollPH,176,960,0034D168,0,1,1,4294967295,0,0
oInvCollPH,176,976,00144676,0,1,1,4294967295,0,0
oInvCollPH,176,992,000A1555,0,1,1,4294967295,0,0
oInvCollPH,192,992,002331F5,0,1,1,4294967295,0,0
oInvCollPH,192,976,00111813,0,1,1,4294967295,0,0
oInvCollPH,192,960,000B1CF8,0,1,1,4294967295,0,0
oInvCollPH,192,944,00074D8B,0,1,1,4294967295,0,0
oInvCollPH,128,144,000DB742,0,1,1,4294967295,0,0
oInvCollPH,1312,160,0033DC97,0,1,1,4294967295,0,0
oInvCollPH,1328,144,000C4039,0,1,1,4294967295,0,0
oInvCollPH,1408,144,000A5270,0,1,1,4294967295,0,0
oInvCollPH,1408,160,0016E4DE,0,1,1,4294967295,0,0
oInvCollPH,1504,304,003104F4,0,1,1,4294967295,0,0
oInvCollPH,1520,288,002C5305,0,1,1,4294967295,0,0
oInvCollPH,1520,304,003406DE,0,1,1,4294967295,0,0
oInvCollPH,2384,1008,0008E8DB,0,1,1,4294967295,0,0
oInvCollPH,2368,1008,000D7D2E,0,1,1,4294967295,0,0
oInvCollPH,1216,992,003D1567,0,1,1,4294967295,0,0
oInvCollPH,1232,992,0030F7F0,0,1,1,4294967295,0,0
oInvCollPH,1248,992,0029F623,0,1,1,4294967295,0,0
oInvCollPH,1264,992,00154E17,0,1,1,4294967295,0,0
oInvCollPH,1264,976,001844FB,0,1,1,4294967295,0,0
oInvCollPH,1248,976,003313EF,0,1,1,4294967295,0,0
oInvCollPH,1232,976,002B4037,0,1,1,4294967295,0,0
oInvCollPH,1600,976,00256557,0,1,1,4294967295,0,0
oInvCollPH,1616,976,002EEB50,0,1,1,4294967295,0,0
oInvCollPH,1616,960,001621D3,0,1,1,4294967295,0,0
oInvCollPH,1200,656,003E67EA,0,1,1,4294967295,0,0
oInvCollPH,2336,224,002F8DBD,0,1,1,4294967295,0,0
oInvCollPH,2336,240,003DDC3B,0,1,1,4294967295,0,0
oInvCollPH,2320,240,000CAB0D,0,1,1,4294967295,0,0
oInvCollPH,3152,464,00194A79,0,1,1,4294967295,0,0
oInvCollPH,3152,448,0033CB75,0,1,1,4294967295,0,0
oInvCollPH,3152,432,0036D381,0,1,1,4294967295,0,0
oInvCollPH,3280,480,001BD265,0,1,1,4294967295,0,0
oInvCollPH,3296,480,0018B04F,0,1,1,4294967295,0,0
oInvCollPH,3296,464,0013A7A3,0,1,1,4294967295,0,0
oInvCollPH,3296,448,0021A970,0,1,1,4294967295,0,0
oInvCollPH,3296,432,0034E529,0,1,1,4294967295,0,0
oInvCollPH,1760,528,001B9519,0,1,1,4294967295,0,0
oInvCollPH,2048,624,0024A01A,0,1,1,4294967295,0,0
oInvCollPH,2048,608,0037A24E,0,1,1,4294967295,0,0
oInvCollPH,2048,592,0031EB03,0,1,1,4294967295,0,0
oInvCollPH,2400,992,0006601E,0,1,1,4294967295,0,0
oInvCollPH,2416,992,0034D788,0,1,1,4294967295,0,0
oInvCollPH,2432,992,0026D235,0,1,1,4294967295,0,0
oInvCollPH,2448,992,002C89E3,0,1,1,4294967295,0,0
oInvCollPH,2464,992,003FFEC8,0,1,1,4294967295,0,0
oInvCollPH,2464,1008,00369FC7,0,1,1,4294967295,0,0
oInvCollPH,2448,1008,00153509,0,1,1,4294967295,0,0
oInvCollPH,2432,1008,002373F5,0,1,1,4294967295,0,0
oInvCollPH,2416,1008,00395FB8,0,1,1,4294967295,0,0
oInvCollPH,2320,960,0029FBC6,0,1,1,4294967295,0,0
oInvCollPH,2336,960,001C21A2,0,1,1,4294967295,0,0
oInvCollPH,2336,976,000293C8,0,1,1,4294967295,0,0
oInvCollPH,2320,976,00240AEA,0,1,1,4294967295,0,0
oInvCollPH,2400,1008,00200E5A,0,1,1,4294967295,0,0
oInvCollPH,1120,720,000515DD,0,1,1,4294967295,0,0
oInvCollPH,1120,736,00311DB7,0,1,1,4294967295,0,0
oInvCollPH,1104,736,00005309,0,1,1,4294967295,0,0
oInvCollPH,1216,976,000316CE,0,1,1,4294967295,0,0
oInvCollPH,1200,992,001FCC5D,0,1,1,4294967295,0,0
oInvCollPH,1280,976,0015AB41,0,1,1,4294967295,0,0
oInvCollPH,1280,992,000699D5,0,1,1,4294967295,0,0
oInvCollPH,2944,240,001F143D,0,1,1,4294967295,0,0
oInvCollPH,2960,240,001523BC,0,1,1,4294967295,0,0
oInvCollPH,2976,240,00198CBD,0,1,1,4294967295,0,0
oInvCollPH,2976,256,00383338,0,1,1,4294967295,0,0
oInvCollPH,2960,256,003396F5,0,1,1,4294967295,0,0
oInvCollPH,2944,256,0032D783,0,1,1,4294967295,0,0
oInvCollPH,2928,256,00368F73,0,1,1,4294967295,0,0
oInvCollPH,1872,992,00382884,0,1,1,4294967295,0,0
oInvCollPH,1888,976,002D3A51,0,1,1,4294967295,0,0
oInvCollPH,1968,976,003178ED,0,1,1,4294967295,0,0
oInvCollPH,1968,992,0037F91A,0,1,1,4294967295,0,0
oInvCollPH,2144,976,001B9FDE,0,1,1,4294967295,0,0
oInvCollPH,2144,992,002F2A56,0,1,1,4294967295,0,0
oInvCollPH,3024,928,0010CBAF,0,1,1,4294967295,0,0
oInvCollPH,3024,944,001FFBF7,0,1,1,4294967295,0,0
oInvCollPH,2848,432,002EA939,0,1,1,4294967295,0,0
oInvCollPH,2848,448,0027F72B,0,1,1,4294967295,0,0
oInvCollPH,800,848,002E561E,0,1,1,4294967295,0,0
oInvCollPH,800,864,003417AF,0,1,1,4294967295,0,0
oInvCollPH,544,1008,003D110D,0,1,1,4294967295,0,0
oInvCollPH,560,992,003E2936,0,1,1,4294967295,0,0
oInvCollPH,832,992,000C8B4B,0,1,1,4294967295,0,0
oInvCollPH,832,1008,0002A4F4,0,1,1,4294967295,0,0
oInvCollPH,1984,256,000009A1,0,1,1,4294967295,0,0
oInvCollPH,2000,240,002D7688,0,1,1,4294967295,0,0
oInvCollPH,2080,240,0016599E,0,1,1,4294967295,0,0
oInvCollPH,2080,256,00089EED,0,1,1,4294967295,0,0
oInvCollPH,272,896,001F0887,0,1,1,4294967295,0,0
oInvCollPH,288,896,00024F0C,0,1,1,4294967295,0,0
oInvCollPH,272,928,002F377B,0,1,1,4294967295,0,0
oInvCollPH,256,928,00242AEB,0,1,1,4294967295,0,0
oInvisibleSolid,0,592,003EEB7B,0,1,1,4294967295,0,1
oInvisibleSolid,0,400,002C7C47,0,1,1,4294967295,0,1
oInvisibleSolid,400,576,003C7365,0,1,1,4294967295,0,1
oInvisibleSolid,272,544,001CC347,0,1,1,4294967295,0,1
oInvisibleSolid,592,464,00352E02,0,1,1,4294967295,0,1
oInvisibleSolid,656,432,00330A01,0,1,1,4294967295,0,1
oInvisibleSolid,2976,352,001BF0A6,0,1,1,4294967295,0,1
oInvisibleSolid,3056,320,0011957A,0,1,1,4294967295,0,1
oInvisibleSolid,3104,144,00398FC5,0,1,1,4294967295,0,1
oInvisibleSolid,3232,96,00291101,0,1,1,4294967295,0,1
oInvisibleSolid,448,768,00107720,0,1,1,4294967295,0,1
oInvisibleSolid,256,896,0030638F,0,1,1,4294967295,0,1
oInvisibleSolid,320,656,000518AF,0,1,1,4294967295,0,1
oInvisibleSolid,16,304,0008FA55,0,1,1,4294967295,0,1
oInvisibleSolid,176,240,003901D6,0,1,1,4294967295,0,1
oInvisibleSolid,0,144,002869C6,0,1,1,4294967295,0,1
oInvisibleSolid,96,256,00211D88,0,1,1,4294967295,0,1
oInvisibleSolid,320,288,0034D97A,0,1,1,4294967295,0,1
oInvisibleSolid,1072,240,003B56B1,0,1,1,4294967295,0,1
oInvisibleSolid,1648,304,001E4193,0,1,1,4294967295,0,1
oInvisibleSolid,2304,608,002F7479,0,1,1,4294967295,0,1
oInvisibleSolid,3008,928,00238D6C,0,1,1,4294967295,0,1
oInvisibleSolid,1872,976,0019FC18,0,1,1,4294967295,0,1
oInvisibleSolid,2064,976,00307B00,0,1,1,4294967295,0,1
oInvisibleSolid,2240,960,00116D08,0,1,1,4294967295,0,1
oInvisibleSolid,2352,880,001B18FA,0,1,1,4294967295,0,1
oInvisibleSolid,2832,432,003A56C5,0,1,1,4294967295,0,1
oInvisibleSolid,2576,528,0031C1C2,0,1,1,4294967295,0,1
oInvisibleSolid,2512,528,00184520,0,1,1,4294967295,0,1
oInvisibleSolid,2560,992,001CAA00,0,1,1,4294967295,0,1
oInvisibleSolid,3184,848,00317A31,0,1,1,4294967295,0,1
oInvisibleSolid,3184,944,000C0EDA,0,1,1,4294967295,0,1
oInvisibleSolid,3328,832,003E1A0E,0,1,1,4294967295,0,1
oInvisibleSolid,2272,160,0001C4EE,0,1,1,4294967295,0,1
oInvisibleSolid,1984,240,0002C2E3,0,1,1,4294967295,0,1
oInvisibleSolid,1824,480,000F130C,0,1,1,4294967295,0,1
oInvisibleSolid,1488,416,00385C1A,0,1,1,4294967295,0,1
oInvisibleSolid,1600,528,0014C9E2,0,1,1,4294967295,0,1
oInvisibleSolid,1936,592,0002FD44,0,1,1,4294967295,0,1
oInvisibleSolid,1776,688,003BD0AA,0,1,1,4294967295,0,1
oInvisibleSolid,1616,656,00025805,0,1,1,4294967295,0,1
oInvisibleSolid,1664,704,003DB40C,0,1,1,4294967295,0,1
oInvisibleSolid,1888,736,0027F7DC,0,1,1,4294967295,0,1
oInvisibleSolid,1920,832,00323A19,0,1,1,4294967295,0,1
oInvisibleSolid,1696,912,000DEC5D,0,1,1,4294967295,0,1
oInvisibleSolid,1120,592,0030C8C4,0,1,1,4294967295,0,1
oInvisibleSolid,992,656,003455CE,0,1,1,4294967295,0,1
oInvisibleSolid,784,848,00184ABE,0,1,1,4294967295,0,1
oInvisibleSolid,912,944,0019A143,0,1,1,4294967295,0,1
oInvisibleSolid,1040,816,0003352F,0,1,1,4294967295,0,1
oInvisibleSolid,1120,848,003E8EEC,0,1,1,4294967295,0,1
oInvisibleSolid,336,0,0035C17E,0,1,1,4294967295,0,1
oInvisibleSolid,1312,144,000BA59A,0,1,1,4294967295,0,1
oInvisibleSolid,304,816,00129A70,0,1,1,4294967295,0,1
oInvisibleSolid,512,640,000B5C5C,0,1,1,4294967295,0,1
oInvisibleSolid,608,688,002F3566,0,1,1,4294967295,0,1
oInvisibleSolid,896,512,00150CDD,0,1,1,4294967295,0,1
oInvisibleSolid,1312,928,0024359F,0,1,1,4294967295,0,1
oInvisibleSolid,2112,800,00256580,0,1,1,4294967295,0,1
oInvisibleSolid,2160,544,002394C4,0,1,1,4294967295,0,1
oInvisibleSolid,1552,384,001E7403,0,1,1,4294967295,0,1
oInvisibleSolid,544,992,003D4BD4,0,1,1,4294967295,0,1
oInvisibleSolid,176,704,0036E2C4,0,1,1,4294967295,0,1
oInvisibleSolid,1504,288,0029BD78,0,1,1,4294967295,0,1
oInvisibleSolid,2368,992,0012952D,0,1,1,4294967295,0,1
oInvisibleSolid,1200,976,00007A30,0,1,1,4294967295,0,1
oInvisibleSolid,1600,960,001F665E,0,1,1,4294967295,0,1
oInvisibleSolid,1168,640,0018E406,0,1,1,4294967295,0,1
oInvisibleSolid,1728,528,003F3CAA,0,1,1,4294967295,0,1
oInvisibleSolid,2016,592,001EEF60,0,1,1,4294967295,0,1
oInvisibleSolid,2704,1024,003EEF91,0,1,1,4294967295,0,1
oInvisibleSolid,2832,1024,003D565F,0,1,1,4294967295,0,1
oInvisibleSolid,3120,432,002BA3FE,0,1,1,4294967295,0,1
oInvisibleSolid,2304,208,00396E34,0,1,1,4294967295,0,1
oInvisibleSolid,3264,432,0031189B,0,1,1,4294967295,0,1
oInvisibleSolid,1104,720,000C4055,0,1,1,4294967295,0,1
oInvisibleSolid,2928,240,00071263,0,1,1,4294967295,0,1
