oExit,656,160,00197C35,0,1,1,4294967295,0,1
oMovingPlatform,448,2832,00220B61,0,1,1,4294967295,0,1
oMovingPlatform,560,2608,0030B3D8,0,1,1,4294967295,0,1
oMovingPlatform,272,1392,00261097,0,1,1,4294967295,0,1
oMovingPlatform,144,1296,0039F5F0,0,1,1,4294967295,0,1
oMovingPlatform,288,1104,002DAC85,0,1,1,4294967295,0,1
oMovingPlatform,128,512,000C6B4B,0,1,1,4294967295,0,1
oMovingPlatform,240,512,002D8FC1,0,1,1,4294967295,0,1
oGWPlatform,224,864,00269686,0,1,1,4294967295,0,1
oZeldaBreakPot,416,176,0038ECDF,0,1,1,4294967295,0,0
oZeldaBreakPot,464,176,000008CB,0,1,1,4294967295,0,0
oZeldaBreakPot,376,1840,00013053,0,1,1,4294967295,0,0
oZeldaBreakPot,368,176,0024FE73,0,1,1,4294967295,0,0
oZeldaBreakPot,320,176,000D098F,0,1,1,4294967295,0,0
oMoneyChest,624,1824,00154631,0,1,1,4294967295,0,1
oZapTrap,416,2472,0005492F,0,1,1,4294967295,0,1
oZapTrap,408,2576,0019FE4E,0,1,1,4294967295,0,1
oZapTrap,408,2688,000A3460,0,1,1,4294967295,0,1
oZapTrap,616,2544,001E5CFF,0,1,1,4294967295,0,1
oZapTrap,616,2640,00077CF5,0,1,1,4294967295,0,1
oZapTrap,616,2736,0033BB84,0,1,1,4294967295,0,1
oZapTrap,616,2832,00116083,0,1,1,4294967295,0,1
oZapTrap,48,520,00198456,0,1,1,4294967295,0,1
oZapTrap,264,520,002B0C91,0,1,1,4294967295,0,1
oZapTrap,48,576,002D554C,0,1,1,4294967295,0,1
oZapTrap,248,576,00375D51,0,1,1,4294967295,0,1
oZapTrap,48,624,0038987F,0,1,1,4294967295,0,1
oZapTrap,248,624,0009F9AE,0,1,1,4294967295,0,1
oZapTrap,48,672,00265BEF,0,1,1,4294967295,0,1
oZapTrap,248,672,0010B061,0,1,1,4294967295,0,1
oZapTrap,48,728,002B7F66,0,1,1,4294967295,0,1
oZapTrap,248,728,002A9250,0,1,1,4294967295,0,1
oZapTrap,56,448,0011C60C,0,1,1,4294967295,0,1
oZapTrap,56,1088,003D41CA,0,1,1,4294967295,0,1
oZapTrap,56,1216,001F03CD,0,1,1,4294967295,0,1
oZapTrap,56,1344,002E24E6,0,1,1,4294967295,0,1
oZapTrap,328,832,001602B5,0,1,1,4294967295,0,1
oZapTrap,328,960,00201389,0,1,1,4294967295,0,1
oZapTrap,328,1088,002B823F,0,1,1,4294967295,0,1
oZapTrap,328,1216,003B1F27,0,1,1,4294967295,0,1
oZapTrap,328,1344,000316B0,0,1,1,4294967295,0,1
oZapTrap,328,1472,000F450F,0,1,1,4294967295,0,1
oZapTrap,328,416,00046E4B,0,1,1,4294967295,0,1
oZapTrap,208,688,00277AE1,0,1,1,4294967295,0,0
oZapTrap,144,608,00183FDA,0,1,1,4294967295,0,0
oZapTrap,208,528,0006823B,0,1,1,4294967295,0,0
oRayTrap,160,2304,0008F192,0,1,1,4294967295,0,0
oRayTrap,256,2480,0002829B,0,1,1,4294967295,0,0
oRayTrap,320,2480,001CCA5F,0,1,1,4294967295,0,0
oRayTrapSensor,72,2248,00049EBF,0,1,1,4294967295,0,1
oRayTrapSensor,72,2360,0020A5ED,0,1,1,4294967295,0,1
oRayTrapSensor,256,2376,0026E0BD,0,1,1,4294967295,0,1
oRayTrapSensor,320,2376,0026D560,0,1,1,4294967295,0,1
oRayTrapSensor,464,2376,000511E2,0,1,1,4294967295,0,1
oRayTrapSensor,200,2488,00279CE8,0,1,1,4294967295,0,1
oDrillWaying,440,2160,000F1C89,0,1,1,4294967295,0,1
oTurnCannon,592,1904,0033D690,0,1,1,4294967295,0,1
oWallCancer,592,2000,0018E545,0,1,1,4294967295,0,1
oWallCancer,48,1152,0036CF8C,0,1,1,4294967295,0,0
oWallCancer,320,1296,003C53E9,0,1,1,4294967295,0,1
oWallCancer,64,112,000B80BB,0,1,1,4294967295,0,0
oWallCancer,176,224,00319CB6,0,1,1,4294967295,0,1
oMMFlamer,208,192,00023165,0,1,1,4294967295,0,1
oHammaHammaMain,160,1728,0034EC33,0,1,1,4294967295,0,0
oRayTrap,528,2768,000185CF,0,1,1,4294967295,0,0
oRayTrap,496,2560,0000BE9E,0,1,1,4294967295,0,0
oRayTrapSensor,432,2736,002D1B7E,0,1,1,4294967295,0,1
oPlayer1,48,3008,00109FD4,0,1,1,4294967295,0,0
oInvCollPH,16,3008,0025C768,0,1,1,4294967295,0,0
oInvCollPH,32,3008,0011BE6E,0,1,1,4294967295,0,0
oInvCollPH,48,3008,00321C96,0,1,1,4294967295,0,0
oInvCollPH,64,3008,000635F0,0,1,1,4294967295,0,0
oInvCollPH,80,3008,001829B3,0,1,1,4294967295,0,0
oInvCollPH,96,3008,003F049E,0,1,1,4294967295,0,0
oInvCollPH,112,3008,003F0AF5,0,1,1,4294967295,0,0
oInvCollPH,128,3008,00342C60,0,1,1,4294967295,0,0
oInvCollPH,144,3008,000383AB,0,1,1,4294967295,0,0
oInvCollPH,160,3008,002BB9A1,0,1,1,4294967295,0,0
oInvCollPH,176,3008,003D1929,0,1,1,4294967295,0,0
oInvCollPH,192,3008,002DF1F6,0,1,1,4294967295,0,0
oInvCollPH,208,3008,0016AD10,0,1,1,4294967295,0,0
oInvCollPH,224,3008,0028F577,0,1,1,4294967295,0,0
oInvCollPH,240,3008,0035C18F,0,1,1,4294967295,0,0
oInvCollPH,48,2880,001F92CA,0,1,1,4294967295,0,0
oInvCollPH,48,2896,000BFB03,0,1,1,4294967295,0,0
oInvCollPH,48,2912,0028A289,0,1,1,4294967295,0,0
oInvCollPH,48,2928,0012C9F8,0,1,1,4294967295,0,0
oInvCollPH,32,2928,003A8B11,0,1,1,4294967295,0,0
oInvCollPH,16,2928,0029B103,0,1,1,4294967295,0,0
oInvCollPH,0,2928,00066E05,0,1,1,4294967295,0,0
oInvCollPH,320,2832,0005D226,0,1,1,4294967295,0,0
oInvCollPH,320,2848,0024AC51,0,1,1,4294967295,0,0
oInvCollPH,320,2864,000A484A,0,1,1,4294967295,0,0
oInvCollPH,336,2864,000481F4,0,1,1,4294967295,0,0
oInvCollPH,352,2864,0030DD44,0,1,1,4294967295,0,0
oInvCollPH,368,2864,0032127D,0,1,1,4294967295,0,0
oInvCollPH,384,2864,001506C7,0,1,1,4294967295,0,0
oInvCollPH,400,2864,00298F9B,0,1,1,4294967295,0,0
oInvCollPH,400,2848,003B95D8,0,1,1,4294967295,0,0
oInvCollPH,400,2832,003C8027,0,1,1,4294967295,0,0
oInvCollPH,400,2816,0013AE0F,0,1,1,4294967295,0,0
oInvCollPH,608,2896,0000D724,0,1,1,4294967295,0,0
oInvCollPH,608,2912,0011AD18,0,1,1,4294967295,0,0
oInvCollPH,608,2928,000380B4,0,1,1,4294967295,0,0
oInvCollPH,608,2944,002E2706,0,1,1,4294967295,0,0
oInvCollPH,608,2960,000CA3CF,0,1,1,4294967295,0,0
oInvCollPH,624,2960,00136C10,0,1,1,4294967295,0,0
oInvCollPH,640,2960,000B27C7,0,1,1,4294967295,0,0
oInvCollPH,656,2960,001A7CE5,0,1,1,4294967295,0,0
oInvCollPH,256,2992,0004C598,0,1,1,4294967295,0,0
oInvCollPH,272,2976,0012BDD8,0,1,1,4294967295,0,0
oInvCollPH,288,2976,003D6127,0,1,1,4294967295,0,0
oInvCollPH,304,2976,00283A65,0,1,1,4294967295,0,0
oInvCollPH,320,2976,0016F58D,0,1,1,4294967295,0,0
oInvCollPH,336,2976,000AF785,0,1,1,4294967295,0,0
oInvCollPH,352,2976,00291E35,0,1,1,4294967295,0,0
oInvCollPH,368,2976,00159F84,0,1,1,4294967295,0,0
oInvCollPH,384,2976,002289DE,0,1,1,4294967295,0,0
oInvCollPH,400,2976,000B8B6C,0,1,1,4294967295,0,0
oInvCollPH,416,2976,00056DE0,0,1,1,4294967295,0,0
oInvCollPH,432,2976,0036BDA8,0,1,1,4294967295,0,0
oInvCollPH,448,2976,0001E6CB,0,1,1,4294967295,0,0
oInvCollPH,464,2976,00218B0C,0,1,1,4294967295,0,0
oInvCollPH,480,2976,002CEFD0,0,1,1,4294967295,0,0
oInvCollPH,496,2976,003C3D47,0,1,1,4294967295,0,0
oInvCollPH,512,2976,003FF7FF,0,1,1,4294967295,0,0
oInvCollPH,528,2976,001ACE2F,0,1,1,4294967295,0,0
oInvCollPH,544,2976,0019C963,0,1,1,4294967295,0,0
oInvCollPH,560,2976,0001B70A,0,1,1,4294967295,0,0
oInvCollPH,576,2976,0025432A,0,1,1,4294967295,0,0
oInvCollPH,592,2976,000EC687,0,1,1,4294967295,0,0
oInvCollPH,64,2864,003CDA34,0,1,1,4294967295,0,0
oInvCollPH,80,2864,00140CA3,0,1,1,4294967295,0,0
oInvCollPH,96,2864,002369E7,0,1,1,4294967295,0,0
oInvCollPH,112,2864,00264BFA,0,1,1,4294967295,0,0
oInvCollPH,128,2864,000FCC37,0,1,1,4294967295,0,0
oInvCollPH,144,2864,0030CEDD,0,1,1,4294967295,0,0
oInvCollPH,160,2864,0024A65A,0,1,1,4294967295,0,0
oInvCollPH,176,2864,002DFD67,0,1,1,4294967295,0,0
oInvCollPH,176,2848,0021A3C3,0,1,1,4294967295,0,0
oInvCollPH,176,2832,001688EC,0,1,1,4294967295,0,0
oInvCollPH,176,2816,00256587,0,1,1,4294967295,0,0
oInvCollPH,320,2816,000F72CB,0,1,1,4294967295,0,0
oInvCollPH,400,2784,001BE148,0,1,1,4294967295,0,0
oInvCollPH,400,2800,00060393,0,1,1,4294967295,0,0
oInvCollPH,384,2480,001B0A94,0,1,1,4294967295,0,0
oInvCollPH,400,2464,001F6D71,0,1,1,4294967295,0,0
oInvCollPH,400,2480,00269A89,0,1,1,4294967295,0,0
oInvCollPH,64,2368,00042DC8,0,1,1,4294967295,0,0
oInvCollPH,80,2368,001C2DB6,0,1,1,4294967295,0,0
oInvCollPH,96,2368,001A523C,0,1,1,4294967295,0,0
oInvCollPH,112,2368,00120DE9,0,1,1,4294967295,0,0
oInvCollPH,112,2384,001C395C,0,1,1,4294967295,0,0
oInvCollPH,112,2400,00062B74,0,1,1,4294967295,0,0
oInvCollPH,112,2416,0010933A,0,1,1,4294967295,0,0
oInvCollPH,128,2432,001C9310,0,1,1,4294967295,0,0
oInvCollPH,144,2432,001E00FD,0,1,1,4294967295,0,0
oInvCollPH,160,2432,001245E5,0,1,1,4294967295,0,0
oInvCollPH,176,2432,001DC656,0,1,1,4294967295,0,0
oInvCollPH,176,2448,00378970,0,1,1,4294967295,0,0
oInvCollPH,176,2464,003974EF,0,1,1,4294967295,0,0
oInvCollPH,176,2480,0039D7AA,0,1,1,4294967295,0,0
oInvCollPH,192,2496,00063F3B,0,1,1,4294967295,0,0
oInvCollPH,208,2496,0025F81D,0,1,1,4294967295,0,0
oInvCollPH,224,2496,000C6B19,0,1,1,4294967295,0,0
oInvCollPH,240,2496,0008AC06,0,1,1,4294967295,0,0
oInvCollPH,256,2496,0000A724,0,1,1,4294967295,0,0
oInvCollPH,272,2496,0004B8A7,0,1,1,4294967295,0,0
oInvCollPH,288,2496,00161C4B,0,1,1,4294967295,0,0
oInvCollPH,304,2496,0013FC0F,0,1,1,4294967295,0,0
oInvCollPH,320,2496,002C2A2E,0,1,1,4294967295,0,0
oInvCollPH,336,2496,003845D0,0,1,1,4294967295,0,0
oInvCollPH,352,2496,0026D4D2,0,1,1,4294967295,0,0
oInvCollPH,368,2496,002B9580,0,1,1,4294967295,0,0
oInvCollPH,400,2496,003BF00B,0,1,1,4294967295,0,0
oInvCollPH,400,2512,00227E3F,0,1,1,4294967295,0,0
oInvCollPH,400,2528,0000A6AA,0,1,1,4294967295,0,0
oInvCollPH,400,2544,0036CC1F,0,1,1,4294967295,0,0
oInvCollPH,400,2560,002FD106,0,1,1,4294967295,0,0
oInvCollPH,624,2560,00185709,0,1,1,4294967295,0,0
oInvCollPH,624,2576,0025DEC5,0,1,1,4294967295,0,0
oInvCollPH,624,2592,00344484,0,1,1,4294967295,0,0
oInvCollPH,624,2608,003F3572,0,1,1,4294967295,0,0
oInvCollPH,624,2624,00133976,0,1,1,4294967295,0,0
oInvCollPH,624,2640,0021398A,0,1,1,4294967295,0,0
oInvCollPH,624,2656,00287B9B,0,1,1,4294967295,0,0
oInvCollPH,624,2672,002D5D24,0,1,1,4294967295,0,0
oInvCollPH,624,2688,0036BB29,0,1,1,4294967295,0,0
oInvCollPH,624,2704,002D6A2F,0,1,1,4294967295,0,0
oInvCollPH,624,2720,00162929,0,1,1,4294967295,0,0
oInvCollPH,624,2736,0010545B,0,1,1,4294967295,0,0
oInvCollPH,624,2752,000A33D5,0,1,1,4294967295,0,0
oInvCollPH,624,2768,00242953,0,1,1,4294967295,0,0
oInvCollPH,624,2784,002BAD6E,0,1,1,4294967295,0,0
oInvCollPH,624,2800,001EE2E6,0,1,1,4294967295,0,0
oInvCollPH,624,2816,001D554E,0,1,1,4294967295,0,0
oInvCollPH,624,2832,0038D41C,0,1,1,4294967295,0,0
oInvCollPH,624,2848,001F65A9,0,1,1,4294967295,0,0
oInvCollPH,624,2864,002D30A5,0,1,1,4294967295,0,0
oInvCollPH,608,2384,001410CD,0,1,1,4294967295,0,0
oInvCollPH,608,2400,0009C110,0,1,1,4294967295,0,0
oInvCollPH,608,2416,000878D5,0,1,1,4294967295,0,0
oInvCollPH,608,2432,00107BC0,0,1,1,4294967295,0,0
oInvCollPH,608,2448,0034B5EE,0,1,1,4294967295,0,0
oInvCollPH,608,2464,002BE850,0,1,1,4294967295,0,0
oInvCollPH,608,2480,000C2679,0,1,1,4294967295,0,0
oInvCollPH,608,2496,00301154,0,1,1,4294967295,0,0
oInvCollPH,608,2512,00142AC3,0,1,1,4294967295,0,0
oInvCollPH,608,2528,001913BD,0,1,1,4294967295,0,0
oInvCollPH,384,2576,000BE651,0,1,1,4294967295,0,0
oInvCollPH,384,2592,00181D2A,0,1,1,4294967295,0,0
oInvCollPH,384,2608,00199F33,0,1,1,4294967295,0,0
oInvCollPH,384,2624,0007FC7F,0,1,1,4294967295,0,0
oInvCollPH,384,2640,00102A65,0,1,1,4294967295,0,0
oInvCollPH,384,2656,003B15F0,0,1,1,4294967295,0,0
oInvCollPH,384,2672,00164E38,0,1,1,4294967295,0,0
oInvCollPH,384,2688,00361ED6,0,1,1,4294967295,0,0
oInvCollPH,384,2704,00396954,0,1,1,4294967295,0,0
oInvCollPH,384,2720,00112C47,0,1,1,4294967295,0,0
oInvCollPH,384,2736,0009FC03,0,1,1,4294967295,0,0
oInvCollPH,384,2752,0004EC2D,0,1,1,4294967295,0,0
oInvCollPH,384,2768,00124776,0,1,1,4294967295,0,0
oInvCollPH,272,2240,00252B21,0,1,1,4294967295,0,0
oInvCollPH,288,2240,0033FBF5,0,1,1,4294967295,0,0
oInvCollPH,304,2240,001CEC47,0,1,1,4294967295,0,0
oInvCollPH,320,2240,0031238A,0,1,1,4294967295,0,0
oInvCollPH,336,2240,001CED2A,0,1,1,4294967295,0,0
oInvCollPH,352,2240,0023683A,0,1,1,4294967295,0,0
oInvCollPH,368,2240,000D65CC,0,1,1,4294967295,0,0
oInvCollPH,256,2256,001D48CC,0,1,1,4294967295,0,0
oInvCollPH,256,2272,002CB1F0,0,1,1,4294967295,0,0
oInvCollPH,256,2288,000D3240,0,1,1,4294967295,0,0
oInvCollPH,256,2304,00012465,0,1,1,4294967295,0,0
oInvCollPH,256,2320,000B3978,0,1,1,4294967295,0,0
oInvCollPH,256,2336,0025D7C8,0,1,1,4294967295,0,0
oInvCollPH,256,2352,00365EB3,0,1,1,4294967295,0,0
oInvCollPH,272,2352,0020373E,0,1,1,4294967295,0,0
oInvCollPH,288,2352,0003E803,0,1,1,4294967295,0,0
oInvCollPH,304,2352,002C7D60,0,1,1,4294967295,0,0
oInvCollPH,320,2352,00174248,0,1,1,4294967295,0,0
oInvCollPH,336,2352,001061C4,0,1,1,4294967295,0,0
oInvCollPH,352,2352,0025FAE5,0,1,1,4294967295,0,0
oInvCollPH,368,2352,0027C87A,0,1,1,4294967295,0,0
oInvCollPH,528,2112,002E0D0C,0,1,1,4294967295,0,0
oInvCollPH,544,2112,0014EB9D,0,1,1,4294967295,0,0
oInvCollPH,560,2112,003A1F89,0,1,1,4294967295,0,0
oInvCollPH,576,2112,00163AF1,0,1,1,4294967295,0,0
oInvCollPH,592,2112,003CA763,0,1,1,4294967295,0,0
oInvCollPH,512,2128,002726C2,0,1,1,4294967295,0,0
oInvCollPH,512,2144,003BED4D,0,1,1,4294967295,0,0
oInvCollPH,512,2160,000BAE7D,0,1,1,4294967295,0,0
oInvCollPH,400,2176,000520B3,0,1,1,4294967295,0,0
oInvCollPH,416,2176,001FA2B1,0,1,1,4294967295,0,0
oInvCollPH,432,2176,003097EB,0,1,1,4294967295,0,0
oInvCollPH,448,2176,0012A2E0,0,1,1,4294967295,0,0
oInvCollPH,464,2176,0013FA39,0,1,1,4294967295,0,0
oInvCollPH,480,2176,0033A6CF,0,1,1,4294967295,0,0
oInvCollPH,496,2176,00282869,0,1,1,4294967295,0,0
oInvCollPH,384,2192,003644BE,0,1,1,4294967295,0,0
oInvCollPH,384,2208,00192DB3,0,1,1,4294967295,0,0
oInvCollPH,384,2224,00027B9B,0,1,1,4294967295,0,0
oInvCollPH,384,2352,001804BE,0,1,1,4294967295,0,0
oInvCollPH,400,2352,00240CEE,0,1,1,4294967295,0,0
oInvCollPH,416,2352,0016F20A,0,1,1,4294967295,0,0
oInvCollPH,432,2352,0019005B,0,1,1,4294967295,0,0
oInvCollPH,448,2352,0033DD65,0,1,1,4294967295,0,0
oInvCollPH,464,2352,001C7188,0,1,1,4294967295,0,0
oInvCollPH,480,2352,0038AAA0,0,1,1,4294967295,0,0
oInvCollPH,496,2352,00123F71,0,1,1,4294967295,0,0
oInvCollPH,512,2352,00060204,0,1,1,4294967295,0,0
oInvCollPH,528,2352,000C9809,0,1,1,4294967295,0,0
oInvCollPH,544,2352,0023A2DA,0,1,1,4294967295,0,0
oInvCollPH,560,2352,002CAD50,0,1,1,4294967295,0,0
oInvCollPH,576,2352,003ECD40,0,1,1,4294967295,0,0
oInvCollPH,592,2352,002E0A6D,0,1,1,4294967295,0,0
oInvCollPH,48,2208,001F67A4,0,1,1,4294967295,0,0
oInvCollPH,48,2224,00080C3D,0,1,1,4294967295,0,0
oInvCollPH,48,2240,001A347E,0,1,1,4294967295,0,0
oInvCollPH,48,2256,002C1665,0,1,1,4294967295,0,0
oInvCollPH,48,2272,002054B1,0,1,1,4294967295,0,0
oInvCollPH,48,2288,001D2A5E,0,1,1,4294967295,0,0
oInvCollPH,48,2304,001D5D53,0,1,1,4294967295,0,0
oInvCollPH,48,2320,00258FC3,0,1,1,4294967295,0,0
oInvCollPH,48,2336,0003DFC4,0,1,1,4294967295,0,0
oInvCollPH,48,2352,00280CF4,0,1,1,4294967295,0,0
oInvCollPH,64,2192,002A31D6,0,1,1,4294967295,0,0
oInvCollPH,80,2192,0032CF6B,0,1,1,4294967295,0,0
oInvCollPH,96,2192,0039C48E,0,1,1,4294967295,0,0
oInvCollPH,112,2192,00392A5E,0,1,1,4294967295,0,0
oInvCollPH,112,2176,0028CE89,0,1,1,4294967295,0,0
oInvCollPH,128,2160,00134888,0,1,1,4294967295,0,0
oInvCollPH,144,2160,001C7A80,0,1,1,4294967295,0,0
oInvCollPH,160,2160,000903E4,0,1,1,4294967295,0,0
oInvCollPH,176,2160,001106FC,0,1,1,4294967295,0,0
oInvCollPH,176,2144,003EAA0E,0,1,1,4294967295,0,0
oInvCollPH,176,2128,002B8C83,0,1,1,4294967295,0,0
oInvCollPH,176,2112,00336299,0,1,1,4294967295,0,0
oInvCollPH,192,2096,0032A62A,0,1,1,4294967295,0,0
oInvCollPH,208,2096,00237CCE,0,1,1,4294967295,0,0
oInvCollPH,224,2096,00332168,0,1,1,4294967295,0,0
oInvCollPH,240,2096,003A7063,0,1,1,4294967295,0,0
oInvCollPH,256,2096,000851E5,0,1,1,4294967295,0,0
oInvCollPH,272,2096,00250930,0,1,1,4294967295,0,0
oInvCollPH,288,2096,000DF121,0,1,1,4294967295,0,0
oInvCollPH,304,2096,000718B7,0,1,1,4294967295,0,0
oInvCollPH,304,2080,00235A05,0,1,1,4294967295,0,0
oInvCollPH,304,2064,001E4DD0,0,1,1,4294967295,0,0
oInvCollPH,304,2048,00110462,0,1,1,4294967295,0,0
oInvCollPH,320,2032,001001A2,0,1,1,4294967295,0,0
oInvCollPH,336,2032,003D10E8,0,1,1,4294967295,0,0
oInvCollPH,352,2032,00039F94,0,1,1,4294967295,0,0
oInvCollPH,368,2032,00174769,0,1,1,4294967295,0,0
oInvCollPH,368,2016,003650AF,0,1,1,4294967295,0,0
oInvCollPH,368,2000,002CFD28,0,1,1,4294967295,0,0
oInvCollPH,368,1984,00326564,0,1,1,4294967295,0,0
oInvCollPH,608,1904,0022216D,0,1,1,4294967295,0,0
oInvCollPH,608,1920,0022BCC9,0,1,1,4294967295,0,0
oInvCollPH,608,1936,001B50EA,0,1,1,4294967295,0,0
oInvCollPH,608,1952,0026E2DF,0,1,1,4294967295,0,0
oInvCollPH,608,1968,0019541D,0,1,1,4294967295,0,0
oInvCollPH,608,1984,00234882,0,1,1,4294967295,0,0
oInvCollPH,608,2000,001C489D,0,1,1,4294967295,0,0
oInvCollPH,608,2016,0004F964,0,1,1,4294967295,0,0
oInvCollPH,608,2032,001A8B55,0,1,1,4294967295,0,0
oInvCollPH,608,2048,00121B89,0,1,1,4294967295,0,0
oInvCollPH,608,2064,00045921,0,1,1,4294967295,0,0
oInvCollPH,608,2080,0039999C,0,1,1,4294967295,0,0
oInvCollPH,608,2096,000E2C9B,0,1,1,4294967295,0,0
oInvCollPH,576,1744,001CC3DF,0,1,1,4294967295,0,0
oInvCollPH,576,1840,0014DF5A,0,1,1,4294967295,0,0
oInvCollPH,576,1856,0010DADE,0,1,1,4294967295,0,0
oInvCollPH,576,1872,000A1C3F,0,1,1,4294967295,0,0
oInvCollPH,592,1872,000B1A67,0,1,1,4294967295,0,0
oInvCollPH,336,1856,002DB900,0,1,1,4294967295,0,0
oInvCollPH,352,1856,00313AA3,0,1,1,4294967295,0,0
oInvCollPH,368,1856,0017E3DC,0,1,1,4294967295,0,0
oInvCollPH,384,1856,003C602F,0,1,1,4294967295,0,0
oInvCollPH,400,1856,0005926C,0,1,1,4294967295,0,0
oInvCollPH,416,1856,002D315F,0,1,1,4294967295,0,0
oInvCollPH,432,1856,0005F534,0,1,1,4294967295,0,0
oInvCollPH,432,1872,0018D51D,0,1,1,4294967295,0,0
oInvCollPH,432,1888,0037B279,0,1,1,4294967295,0,0
oInvCollPH,432,1904,00403DD6,0,1,1,4294967295,0,0
oInvCollPH,432,1920,003C1E22,0,1,1,4294967295,0,0
oInvCollPH,432,1936,001195CA,0,1,1,4294967295,0,0
oInvCollPH,432,1952,0001A488,0,1,1,4294967295,0,0
oInvCollPH,432,1968,000A663B,0,1,1,4294967295,0,0
oInvCollPH,416,1968,001649D0,0,1,1,4294967295,0,0
oInvCollPH,400,1968,0009C8CD,0,1,1,4294967295,0,0
oInvCollPH,384,1968,002932FD,0,1,1,4294967295,0,0
oInvCollPH,304,1840,003BD00A,0,1,1,4294967295,0,0
oInvCollPH,304,1824,0023A927,0,1,1,4294967295,0,0
oInvCollPH,304,1808,0022C566,0,1,1,4294967295,0,0
oInvCollPH,304,1792,003DA683,0,1,1,4294967295,0,0
oInvCollPH,288,1792,002391D1,0,1,1,4294967295,0,0
oInvCollPH,272,1792,00283076,0,1,1,4294967295,0,0
oInvCollPH,256,1792,002A039F,0,1,1,4294967295,0,0
oInvCollPH,128,1728,000E46B4,0,1,1,4294967295,0,0
oInvCollPH,144,1728,0036DFF3,0,1,1,4294967295,0,0
oInvCollPH,160,1728,001F7F32,0,1,1,4294967295,0,0
oInvCollPH,176,1728,003EB7F8,0,1,1,4294967295,0,0
oInvCollPH,192,1728,002F5D6E,0,1,1,4294967295,0,0
oInvCollPH,208,1728,00210E7C,0,1,1,4294967295,0,0
oInvCollPH,224,1728,000376F0,0,1,1,4294967295,0,0
oInvCollPH,240,1728,000F2D54,0,1,1,4294967295,0,0
oInvCollPH,240,1744,003B4363,0,1,1,4294967295,0,0
oInvCollPH,240,1760,000FFEE1,0,1,1,4294967295,0,0
oInvCollPH,240,1776,002F912A,0,1,1,4294967295,0,0
oInvCollPH,384,1616,0024BA2F,0,1,1,4294967295,0,0
oInvCollPH,384,1632,00145625,0,1,1,4294967295,0,0
oInvCollPH,384,1648,00325A49,0,1,1,4294967295,0,0
oInvCollPH,384,1664,000552A9,0,1,1,4294967295,0,0
oInvCollPH,384,1680,003BBABF,0,1,1,4294967295,0,0
oInvCollPH,384,1696,00326D8B,0,1,1,4294967295,0,0
oInvCollPH,384,1712,00349A76,0,1,1,4294967295,0,0
oInvCollPH,400,1712,000EB3E3,0,1,1,4294967295,0,0
oInvCollPH,416,1712,000086A9,0,1,1,4294967295,0,0
oInvCollPH,432,1712,0019D45C,0,1,1,4294967295,0,0
oInvCollPH,448,1712,0019661B,0,1,1,4294967295,0,0
oInvCollPH,464,1712,001D1F8C,0,1,1,4294967295,0,0
oInvCollPH,480,1712,00120467,0,1,1,4294967295,0,0
oInvCollPH,496,1712,003092B1,0,1,1,4294967295,0,0
oInvCollPH,512,1712,0015A3BF,0,1,1,4294967295,0,0
oInvCollPH,528,1712,000368F8,0,1,1,4294967295,0,0
oInvCollPH,544,1712,00396F77,0,1,1,4294967295,0,0
oInvCollPH,560,1712,00297957,0,1,1,4294967295,0,0
oInvCollPH,64,1664,002C14D2,0,1,1,4294967295,0,0
oInvCollPH,80,1664,000E89C7,0,1,1,4294967295,0,0
oInvCollPH,96,1664,00203632,0,1,1,4294967295,0,0
oInvCollPH,112,1664,001AB778,0,1,1,4294967295,0,0
oInvCollPH,112,1680,0014147A,0,1,1,4294967295,0,0
oInvCollPH,112,1696,0032FDF9,0,1,1,4294967295,0,0
oInvCollPH,112,1712,001437A1,0,1,1,4294967295,0,0
oInvCollPH,320,1552,001A5AAC,0,1,1,4294967295,0,0
oInvCollPH,320,1568,000727D8,0,1,1,4294967295,0,0
oInvCollPH,320,1584,00384B79,0,1,1,4294967295,0,0
oInvCollPH,336,1584,003B92CD,0,1,1,4294967295,0,0
oInvCollPH,352,1584,00119C1D,0,1,1,4294967295,0,0
oInvCollPH,368,1584,001DC2FE,0,1,1,4294967295,0,0
oInvCollPH,48,1472,0038F7D0,0,1,1,4294967295,0,0
oInvCollPH,48,1488,002D365A,0,1,1,4294967295,0,0
oInvCollPH,48,1504,00064157,0,1,1,4294967295,0,0
oInvCollPH,48,1520,00387A7A,0,1,1,4294967295,0,0
oInvCollPH,48,1536,001C6998,0,1,1,4294967295,0,0
oInvCollPH,48,1552,00284A93,0,1,1,4294967295,0,0
oInvCollPH,48,1568,00001E7D,0,1,1,4294967295,0,0
oInvCollPH,48,1584,0003E906,0,1,1,4294967295,0,0
oInvCollPH,48,1600,00023A08,0,1,1,4294967295,0,0
oInvCollPH,48,1616,0018FC7E,0,1,1,4294967295,0,0
oInvCollPH,48,1632,00301955,0,1,1,4294967295,0,0
oInvCollPH,48,1648,0012B82F,0,1,1,4294967295,0,0
oInvCollPH,48,1040,002F6D3E,0,1,1,4294967295,0,0
oInvCollPH,48,1056,0035BD25,0,1,1,4294967295,0,0
oInvCollPH,48,1072,000DF91D,0,1,1,4294967295,0,0
oInvCollPH,320,784,003B9581,0,1,1,4294967295,0,0
oInvCollPH,320,800,001FA9AF,0,1,1,4294967295,0,0
oInvCollPH,320,816,002BBE4A,0,1,1,4294967295,0,0
oInvCollPH,320,400,0001777D,0,1,1,4294967295,0,0
oInvCollPH,192,208,00010C1F,0,1,1,4294967295,0,0
oInvCollPH,192,224,003F7827,0,1,1,4294967295,0,0
oInvCollPH,192,240,00053BBF,0,1,1,4294967295,0,0
oInvCollPH,192,256,00060DB9,0,1,1,4294967295,0,0
oInvCollPH,192,272,0037F27E,0,1,1,4294967295,0,0
oInvCollPH,192,288,0023F8EF,0,1,1,4294967295,0,0
oInvCollPH,192,304,002201BF,0,1,1,4294967295,0,0
oInvCollPH,192,320,0029CE86,0,1,1,4294967295,0,0
oInvCollPH,192,336,000AF5C3,0,1,1,4294967295,0,0
oInvCollPH,192,352,00133D78,0,1,1,4294967295,0,0
oInvCollPH,192,368,0029299E,0,1,1,4294967295,0,0
oInvCollPH,208,368,001724C6,0,1,1,4294967295,0,0
oInvCollPH,224,368,003BAD75,0,1,1,4294967295,0,0
oInvCollPH,240,368,00170AC1,0,1,1,4294967295,0,0
oInvCollPH,256,368,00194045,0,1,1,4294967295,0,0
oInvCollPH,272,368,003CF0C2,0,1,1,4294967295,0,0
oInvCollPH,288,368,002D6E08,0,1,1,4294967295,0,0
oInvCollPH,304,368,003FBEF6,0,1,1,4294967295,0,0
oInvCollPH,208,192,0000FDB4,0,1,1,4294967295,0,0
oInvCollPH,224,192,0005ADAF,0,1,1,4294967295,0,0
oInvCollPH,240,192,00116414,0,1,1,4294967295,0,0
oInvCollPH,256,192,00303AF8,0,1,1,4294967295,0,0
oInvCollPH,272,192,00298B2A,0,1,1,4294967295,0,0
oInvCollPH,288,192,0008562F,0,1,1,4294967295,0,0
oInvCollPH,304,192,0019EF14,0,1,1,4294967295,0,0
oInvCollPH,320,192,00203D7E,0,1,1,4294967295,0,0
oInvCollPH,336,192,00077BE0,0,1,1,4294967295,0,0
oInvCollPH,352,192,001D0355,0,1,1,4294967295,0,0
oInvCollPH,368,192,00382648,0,1,1,4294967295,0,0
oInvCollPH,384,192,000C8642,0,1,1,4294967295,0,0
oInvCollPH,400,192,001E1F0E,0,1,1,4294967295,0,0
oInvCollPH,416,192,001FD907,0,1,1,4294967295,0,0
oInvCollPH,432,192,003250BE,0,1,1,4294967295,0,0
oInvCollPH,448,192,002329D3,0,1,1,4294967295,0,0
oInvCollPH,464,192,00049192,0,1,1,4294967295,0,0
oInvCollPH,480,192,0031B11B,0,1,1,4294967295,0,0
oInvCollPH,496,192,00327351,0,1,1,4294967295,0,0
oInvCollPH,512,192,00046762,0,1,1,4294967295,0,0
oInvCollPH,528,192,001BFDB0,0,1,1,4294967295,0,0
oInvCollPH,544,192,00191D06,0,1,1,4294967295,0,0
oInvCollPH,560,192,003A3368,0,1,1,4294967295,0,0
oInvCollPH,576,192,00068CFB,0,1,1,4294967295,0,0
oInvCollPH,592,192,00064B6E,0,1,1,4294967295,0,0
oInvCollPH,608,192,00397C6F,0,1,1,4294967295,0,0
oInvCollPH,624,192,003D0320,0,1,1,4294967295,0,0
oInvCollPH,640,192,003321D9,0,1,1,4294967295,0,0
oInvCollPH,656,192,000B25C1,0,1,1,4294967295,0,0
oInvCollPH,576,64,001EB0F9,0,1,1,4294967295,0,0
oInvCollPH,576,80,002ED0B2,0,1,1,4294967295,0,0
oInvCollPH,576,96,000BBF6F,0,1,1,4294967295,0,0
oInvCollPH,576,112,001C68FB,0,1,1,4294967295,0,0
oInvCollPH,592,112,0036ADB6,0,1,1,4294967295,0,0
oInvCollPH,608,112,00265BBD,0,1,1,4294967295,0,0
oInvCollPH,624,112,0032D622,0,1,1,4294967295,0,0
oInvCollPH,640,112,0004EDFC,0,1,1,4294967295,0,0
oInvCollPH,656,112,001479E0,0,1,1,4294967295,0,0
oInvCollPH,48,64,00018E0B,0,1,1,4294967295,0,0
oInvCollPH,48,80,0017F4D3,0,1,1,4294967295,0,0
oInvCollPH,48,96,00376F93,0,1,1,4294967295,0,0
oInvCollPH,48,112,000C84DF,0,1,1,4294967295,0,0
oInvCollPH,48,128,000DEEF2,0,1,1,4294967295,0,0
oInvCollPH,48,144,00058DA1,0,1,1,4294967295,0,0
oInvCollPH,48,160,00119AE2,0,1,1,4294967295,0,0
oInvCollPH,48,176,00378EA7,0,1,1,4294967295,0,0
oInvCollPH,48,192,002763BA,0,1,1,4294967295,0,0
oInvCollPH,48,208,000FB858,0,1,1,4294967295,0,0
oInvCollPH,48,224,0028FCF1,0,1,1,4294967295,0,0
oInvCollPH,48,240,003DC50A,0,1,1,4294967295,0,0
oInvCollPH,48,256,002238CD,0,1,1,4294967295,0,0
oInvCollPH,48,272,002D9C94,0,1,1,4294967295,0,0
oInvCollPH,48,288,002AA0E3,0,1,1,4294967295,0,0
oInvCollPH,48,304,002AF0AE,0,1,1,4294967295,0,0
oInvCollPH,48,320,0027DCD4,0,1,1,4294967295,0,0
oInvCollPH,48,336,003F74C8,0,1,1,4294967295,0,0
oInvCollPH,48,352,003C6845,0,1,1,4294967295,0,0
oInvCollPH,48,368,00026A3F,0,1,1,4294967295,0,0
oInvCollPH,48,384,00216301,0,1,1,4294967295,0,0
oInvCollPH,48,400,00328758,0,1,1,4294967295,0,0
oInvCollPH,48,416,003B55ED,0,1,1,4294967295,0,0
oInvCollPH,48,432,00305DE1,0,1,1,4294967295,0,0
oInvCollPH,64,48,00293454,0,1,1,4294967295,0,0
oInvCollPH,80,48,0021B4FD,0,1,1,4294967295,0,0
oInvCollPH,96,48,001F2767,0,1,1,4294967295,0,0
oInvCollPH,112,48,003DA081,0,1,1,4294967295,0,0
oInvCollPH,128,48,002E36E5,0,1,1,4294967295,0,0
oInvCollPH,144,48,0036CE65,0,1,1,4294967295,0,0
oInvCollPH,160,48,00166BF6,0,1,1,4294967295,0,0
oInvCollPH,176,48,0002EF20,0,1,1,4294967295,0,0
oInvCollPH,192,48,000F8016,0,1,1,4294967295,0,0
oInvCollPH,208,48,000BEF0A,0,1,1,4294967295,0,0
oInvCollPH,224,48,0002ECAF,0,1,1,4294967295,0,0
oInvCollPH,240,48,0032D9C6,0,1,1,4294967295,0,0
oInvCollPH,256,48,00337A8E,0,1,1,4294967295,0,0
oInvCollPH,272,48,0030CD5F,0,1,1,4294967295,0,0
oInvCollPH,288,48,00369FD4,0,1,1,4294967295,0,0
oInvCollPH,304,48,00339724,0,1,1,4294967295,0,0
oInvCollPH,320,48,00164A3F,0,1,1,4294967295,0,0
oInvCollPH,336,48,0027EC6A,0,1,1,4294967295,0,0
oInvCollPH,352,48,001189E0,0,1,1,4294967295,0,0
oInvCollPH,368,48,0030058A,0,1,1,4294967295,0,0
oInvCollPH,384,48,00215947,0,1,1,4294967295,0,0
oInvCollPH,400,48,000FF124,0,1,1,4294967295,0,0
oInvCollPH,416,48,00359960,0,1,1,4294967295,0,0
oInvCollPH,432,48,0029A478,0,1,1,4294967295,0,0
oInvCollPH,448,48,0014A15E,0,1,1,4294967295,0,0
oInvCollPH,464,48,003673B2,0,1,1,4294967295,0,0
oInvCollPH,480,48,00105F0E,0,1,1,4294967295,0,0
oInvCollPH,496,48,00130517,0,1,1,4294967295,0,0
oInvCollPH,512,48,00177B15,0,1,1,4294967295,0,0
oInvCollPH,528,48,002106F5,0,1,1,4294967295,0,0
oInvCollPH,544,48,003C3C2C,0,1,1,4294967295,0,0
oInvCollPH,560,48,0004A82B,0,1,1,4294967295,0,0
oInvCollPH,32,448,000B0B40,0,1,1,4294967295,0,0
oInvCollPH,32,464,002AF0F3,0,1,1,4294967295,0,0
oInvCollPH,32,480,00356AEC,0,1,1,4294967295,0,0
oInvCollPH,32,496,002EE15F,0,1,1,4294967295,0,0
oInvCollPH,32,512,001097CB,0,1,1,4294967295,0,0
oInvCollPH,32,528,001C5369,0,1,1,4294967295,0,0
oInvCollPH,32,544,00037FF8,0,1,1,4294967295,0,0
oInvCollPH,32,560,003B698B,0,1,1,4294967295,0,0
oInvCollPH,32,576,00003D99,0,1,1,4294967295,0,0
oInvCollPH,32,592,003BE811,0,1,1,4294967295,0,0
oInvCollPH,32,608,00382005,0,1,1,4294967295,0,0
oInvCollPH,32,624,0023E0F9,0,1,1,4294967295,0,0
oInvCollPH,32,640,00219D7A,0,1,1,4294967295,0,0
oInvCollPH,32,656,00210AE4,0,1,1,4294967295,0,0
oInvCollPH,32,672,0039DF51,0,1,1,4294967295,0,0
oInvCollPH,32,688,000D89E7,0,1,1,4294967295,0,0
oInvCollPH,32,704,0001FEFE,0,1,1,4294967295,0,0
oInvCollPH,32,720,0026829A,0,1,1,4294967295,0,0
oInvCollPH,32,736,00283459,0,1,1,4294967295,0,0
oInvCollPH,32,752,000E39B3,0,1,1,4294967295,0,0
oInvCollPH,32,768,001C281E,0,1,1,4294967295,0,0
oInvCollPH,32,784,00230E7C,0,1,1,4294967295,0,0
oInvCollPH,32,800,0028975D,0,1,1,4294967295,0,0
oInvCollPH,32,816,000DB9AE,0,1,1,4294967295,0,0
oInvCollPH,32,832,0009E883,0,1,1,4294967295,0,0
oInvCollPH,32,848,002805FB,0,1,1,4294967295,0,0
oInvCollPH,32,864,00070EEF,0,1,1,4294967295,0,0
oInvCollPH,32,880,0006E2BD,0,1,1,4294967295,0,0
oInvCollPH,32,896,0015F8B0,0,1,1,4294967295,0,0
oInvCollPH,32,912,000D7272,0,1,1,4294967295,0,0
oInvCollPH,32,928,00223E2F,0,1,1,4294967295,0,0
oInvCollPH,32,944,003AF99C,0,1,1,4294967295,0,0
oInvCollPH,32,960,00064FAC,0,1,1,4294967295,0,0
oInvCollPH,32,976,00294675,0,1,1,4294967295,0,0
oInvCollPH,32,992,00261101,0,1,1,4294967295,0,0
oInvCollPH,32,1008,00390C9A,0,1,1,4294967295,0,0
oInvCollPH,32,1088,001375D1,0,1,1,4294967295,0,0
oInvCollPH,32,1104,00193EF9,0,1,1,4294967295,0,0
oInvCollPH,32,1120,00312A46,0,1,1,4294967295,0,0
oInvCollPH,32,1136,00302FC9,0,1,1,4294967295,0,0
oInvCollPH,32,1152,000758B1,0,1,1,4294967295,0,0
oInvCollPH,32,1168,001F730F,0,1,1,4294967295,0,0
oInvCollPH,32,1184,0007357D,0,1,1,4294967295,0,0
oInvCollPH,32,1200,000A90B7,0,1,1,4294967295,0,0
oInvCollPH,32,1216,00169C71,0,1,1,4294967295,0,0
oInvCollPH,32,1232,001704C4,0,1,1,4294967295,0,0
oInvCollPH,32,1248,000B44F9,0,1,1,4294967295,0,0
oInvCollPH,32,1264,000FA1B7,0,1,1,4294967295,0,0
oInvCollPH,32,1280,00208C6C,0,1,1,4294967295,0,0
oInvCollPH,32,1296,0004C98F,0,1,1,4294967295,0,0
oInvCollPH,32,1312,001B8BFC,0,1,1,4294967295,0,0
oInvCollPH,32,1328,0011D11B,0,1,1,4294967295,0,0
oInvCollPH,32,1344,002E123F,0,1,1,4294967295,0,0
oInvCollPH,32,1360,000B001F,0,1,1,4294967295,0,0
oInvCollPH,32,1376,00167A1D,0,1,1,4294967295,0,0
oInvCollPH,32,1392,00091656,0,1,1,4294967295,0,0
oInvCollPH,32,1408,002B8678,0,1,1,4294967295,0,0
oInvCollPH,32,1424,003A151D,0,1,1,4294967295,0,0
oInvCollPH,32,1440,00154D14,0,1,1,4294967295,0,0
oInvCollPH,32,1456,003F2145,0,1,1,4294967295,0,0
oInvCollPH,336,432,000DED42,0,1,1,4294967295,0,0
oInvCollPH,336,448,002A12AE,0,1,1,4294967295,0,0
oInvCollPH,336,464,000E4C7B,0,1,1,4294967295,0,0
oInvCollPH,336,480,001E3327,0,1,1,4294967295,0,0
oInvCollPH,336,496,0024A45C,0,1,1,4294967295,0,0
oInvCollPH,336,512,0030DEC5,0,1,1,4294967295,0,0
oInvCollPH,336,528,001144B4,0,1,1,4294967295,0,0
oInvCollPH,336,544,0019FED2,0,1,1,4294967295,0,0
oInvCollPH,336,560,0015FCCB,0,1,1,4294967295,0,0
oInvCollPH,336,576,00015896,0,1,1,4294967295,0,0
oInvCollPH,336,592,00068163,0,1,1,4294967295,0,0
oInvCollPH,336,608,003652E5,0,1,1,4294967295,0,0
oInvCollPH,336,624,00060EAC,0,1,1,4294967295,0,0
oInvCollPH,336,640,0014A27F,0,1,1,4294967295,0,0
oInvCollPH,336,656,0011CED7,0,1,1,4294967295,0,0
oInvCollPH,336,672,00403879,0,1,1,4294967295,0,0
oInvCollPH,336,688,002EA018,0,1,1,4294967295,0,0
oInvCollPH,336,704,000E1D8B,0,1,1,4294967295,0,0
oInvCollPH,336,720,002AE98C,0,1,1,4294967295,0,0
oInvCollPH,336,736,0016B342,0,1,1,4294967295,0,0
oInvCollPH,336,752,00045C27,0,1,1,4294967295,0,0
oInvCollPH,336,832,0027D6E0,0,1,1,4294967295,0,0
oInvCollPH,336,848,000FA1B4,0,1,1,4294967295,0,0
oInvCollPH,336,864,003257CA,0,1,1,4294967295,0,0
oInvCollPH,336,880,0017E673,0,1,1,4294967295,0,0
oInvCollPH,336,896,003857B7,0,1,1,4294967295,0,0
oInvCollPH,336,912,0003339E,0,1,1,4294967295,0,0
oInvCollPH,336,928,00283168,0,1,1,4294967295,0,0
oInvCollPH,336,944,00267DA3,0,1,1,4294967295,0,0
oInvCollPH,336,960,003D36E6,0,1,1,4294967295,0,0
oInvCollPH,336,976,001B5322,0,1,1,4294967295,0,0
oInvCollPH,336,992,003CA28F,0,1,1,4294967295,0,0
oInvCollPH,336,1008,002CC8E7,0,1,1,4294967295,0,0
oInvCollPH,336,1024,001EDCB5,0,1,1,4294967295,0,0
oInvCollPH,336,1040,00303CDA,0,1,1,4294967295,0,0
oInvCollPH,336,1056,001EA9A5,0,1,1,4294967295,0,0
oInvCollPH,336,1072,0011E438,0,1,1,4294967295,0,0
oInvCollPH,336,1088,00362EEE,0,1,1,4294967295,0,0
oInvCollPH,336,1104,00126501,0,1,1,4294967295,0,0
oInvCollPH,336,1120,000058D3,0,1,1,4294967295,0,0
oInvCollPH,336,1136,0018190E,0,1,1,4294967295,0,0
oInvCollPH,336,1152,00287219,0,1,1,4294967295,0,0
oInvCollPH,336,1168,0038FD1A,0,1,1,4294967295,0,0
oInvCollPH,336,1184,00070497,0,1,1,4294967295,0,0
oInvCollPH,336,1200,000C0070,0,1,1,4294967295,0,0
oInvCollPH,336,1216,00293F1C,0,1,1,4294967295,0,0
oInvCollPH,336,1232,00247789,0,1,1,4294967295,0,0
oInvCollPH,336,1248,00002F43,0,1,1,4294967295,0,0
oInvCollPH,336,1264,00161598,0,1,1,4294967295,0,0
oInvCollPH,336,1280,002FBC9D,0,1,1,4294967295,0,0
oInvCollPH,336,1296,00380639,0,1,1,4294967295,0,0
oInvCollPH,336,1312,002DBE2E,0,1,1,4294967295,0,0
oInvCollPH,336,1328,0007914C,0,1,1,4294967295,0,0
oInvCollPH,336,1344,00262881,0,1,1,4294967295,0,0
oInvCollPH,336,1360,0024DD4A,0,1,1,4294967295,0,0
oInvCollPH,336,1376,001C167F,0,1,1,4294967295,0,0
oInvCollPH,336,1392,0028DAF1,0,1,1,4294967295,0,0
oInvCollPH,336,1408,0025DED7,0,1,1,4294967295,0,0
oInvCollPH,336,1424,000B8288,0,1,1,4294967295,0,0
oInvCollPH,336,1440,0025CA15,0,1,1,4294967295,0,0
oInvCollPH,336,1456,003B513B,0,1,1,4294967295,0,0
oInvCollPH,336,1472,00118DF9,0,1,1,4294967295,0,0
oInvCollPH,336,1488,00310BD7,0,1,1,4294967295,0,0
oInvCollPH,336,1504,003D3DE2,0,1,1,4294967295,0,0
oInvCollPH,336,1520,0005F40B,0,1,1,4294967295,0,0
oInvCollPH,192,2800,001CF8E1,0,1,1,4294967295,0,0
oInvCollPH,208,2800,00131202,0,1,1,4294967295,0,0
oInvCollPH,224,2800,00378127,0,1,1,4294967295,0,0
oInvCollPH,240,2800,003BE2E7,0,1,1,4294967295,0,0
oInvCollPH,256,2800,001C3160,0,1,1,4294967295,0,0
oInvCollPH,272,2800,0001F8BD,0,1,1,4294967295,0,0
oInvCollPH,288,2800,002A8A9C,0,1,1,4294967295,0,0
oInvCollPH,304,2800,0015F2C5,0,1,1,4294967295,0,0
oInvCollPH,592,1824,001D92D6,0,1,1,4294967295,0,0
oInvCollPH,608,1824,001A54C2,0,1,1,4294967295,0,0
oInvCollPH,624,1824,003DBA71,0,1,1,4294967295,0,0
oInvCollPH,640,1776,0005432F,0,1,1,4294967295,0,0
oInvCollPH,640,1792,002352AB,0,1,1,4294967295,0,0
oInvCollPH,640,1808,00222006,0,1,1,4294967295,0,0
oInvCollPH,592,1744,00281093,0,1,1,4294967295,0,0
oInvCollPH,608,1744,000743FD,0,1,1,4294967295,0,0
oInvCollPH,624,1744,001CE7EB,0,1,1,4294967295,0,0
oInvCollPH,240,448,00249287,0,1,1,4294967295,0,0
oInvCollPH,256,448,002514CD,0,1,1,4294967295,0,0
oInvisibleSolid,0,2880,000552F5,0,1,1,4294967295,0,1
oInvisibleSolid,0,3008,000F371C,0,1,1,4294967295,0,1
oInvisibleSolid,576,0,0035DA12,0,1,1,4294967295,0,1
oInvisibleSolid,192,192,0033E69C,0,1,1,4294967295,0,1
oInvisibleSolid,0,0,0030A549,0,1,1,4294967295,0,1
oInvisibleSolid,0,64,002A395C,0,1,1,4294967295,0,1
oInvisibleSolid,320,384,001A8273,0,1,1,4294967295,0,1
oInvisibleSolid,336,416,000A2594,0,1,1,4294967295,0,1
oInvisibleSolid,320,768,001C19E9,0,1,1,4294967295,0,1
oInvisibleSolid,0,448,001A58A2,0,1,1,4294967295,0,1
oInvisibleSolid,48,1024,001F00DB,0,1,1,4294967295,0,1
oInvisibleSolid,320,1536,003237A6,0,1,1,4294967295,0,1
oInvisibleSolid,0,1472,002AF57D,0,1,1,4294967295,0,1
oInvisibleSolid,384,1600,003770A9,0,1,1,4294967295,0,1
oInvisibleSolid,576,1728,0037246A,0,1,1,4294967295,0,1
oInvisibleSolid,608,1888,00173263,0,1,1,4294967295,0,1
oInvisibleSolid,512,2112,0031CDDD,0,1,1,4294967295,0,1
oInvisibleSolid,384,2176,003B9ED0,0,1,1,4294967295,0,1
oInvisibleSolid,256,2240,00136900,0,1,1,4294967295,0,1
oInvisibleSolid,608,2368,001D5855,0,1,1,4294967295,0,1
oInvisibleSolid,624,2544,0001E87E,0,1,1,4294967295,0,1
oInvisibleSolid,608,2880,0005EA30,0,1,1,4294967295,0,1
oInvisibleSolid,256,2976,00272698,0,1,1,4294967295,0,1
oInvisibleSolid,320,2784,00201966,0,1,1,4294967295,0,1
oInvisibleSolid,0,2816,00354F87,0,1,1,4294967295,0,1
oInvisibleSolid,512,2464,0026BE09,0,1,1,4294967295,0,0
oInvisibleSolid,384,2464,0039E122,0,1,1,4294967295,0,1
oInvisibleSolid,0,2576,00376B08,0,1,1,4294967295,0,1
oInvisibleSolid,0,2496,003886CE,0,1,1,4294967295,0,1
oInvisibleSolid,0,2432,001E7B04,0,1,1,4294967295,0,1
oInvisibleSolid,0,2368,00246AD5,0,1,1,4294967295,0,1
oInvisibleSolid,0,2208,00300854,0,1,1,4294967295,0,1
oInvisibleSolid,0,2176,00086FA2,0,1,1,4294967295,0,1
oInvisibleSolid,0,2112,000898E4,0,1,1,4294967295,0,1
oInvisibleSolid,0,2048,000D667F,0,1,1,4294967295,0,1
oInvisibleSolid,320,1856,00192713,0,1,1,4294967295,0,1
oInvisibleSolid,0,1792,0005FA3D,0,1,1,4294967295,0,1
oInvisibleSolid,0,1728,001FE9DF,0,1,1,4294967295,0,1
oInvisibleSolid,0,1664,0001A16C,0,1,1,4294967295,0,1
oInvisibleSolid,320,1984,002A5C63,0,1,1,4294967295,0,1
oInvisibleSolid,640,1760,000BBC95,0,1,1,4294967295,0,1
oInvisibleSolid,576,1824,00383710,0,1,1,4294967295,0,1
oInvisibleSolid,224,448,001C4A05,0,1,1,4294967295,0,1
