oCh19Spikes,864,304,002F43E1,0,1,1,4294967295,0,1
oDCS_Flame,240,208,0032119B,0,1,1,4294967295,0,0
oDCS_Flame,336,208,003B0270,0,1,1,4294967295,0,0
oDCS_Flame,496,208,0009EB39,0,1,1,4294967295,0,0
oDCS_Flame,720,208,003E497C,0,1,1,4294967295,0,0
oDCS_Flame,848,208,0006A1A9,0,1,1,4294967295,0,0
oDCS_Flame,1264,208,003385BD,0,1,1,4294967295,0,0
oDCS_Flame,1616,240,00134DCD,0,1,1,4294967295,0,0
oDCS_Flame,1872,240,001B606A,0,1,1,4294967295,0,0
oDCS_Flame,2128,240,001CBA19,0,1,1,4294967295,0,0
oExit,64,-16,003C7318,0,1,1,4294967295,0,1
oCh19TrapSkull,1328,240,000D7300,0,1,1,4294967295,0,1
oCh19TrapSkull,912,80,00178638,0,1,1,4294967295,0,1
oCh19TrapSkull,944,80,00340143,0,1,1,4294967295,0,1
oCh19TrapSkull,976,80,0017B9A4,0,1,1,4294967295,0,1
oCh19TrapSkull,1008,80,003FEF97,0,1,1,4294967295,0,1
oCh19TrapSkull,1040,80,000081F8,0,1,1,4294967295,0,1
oCh19TrapSkull,1072,80,0023242C,0,1,1,4294967295,0,1
oCh19TrapSkull,608,32,0005167A,0,1,1,4294967295,0,1
oCh19TrapSkull,2128,192,002431FB,0,1,1,4294967295,0,1
oCh19TrapSkull,1616,192,001F491C,0,1,1,4294967295,0,1
oCh19TrapSkull,1568,144,0036D916,0,1,1,4294967295,0,1
oCh19TrapSkull,1952,144,0034D8BA,0,1,1,4294967295,0,1
oCh19TrapSkull,2080,144,00245E9A,0,1,1,4294967295,0,1
oCh19TrapSkull,2048,144,000816CB,0,1,1,4294967295,0,1
oCh19TrapSkull,1664,144,000708A0,0,1,1,4294967295,0,1
oCh19TrapSkull,1536,144,0004668D,0,1,1,4294967295,0,1
oCh19TrapSkull,720,144,003C7679,0,1,1,4294967295,0,1
oCh19TrapSkull,496,144,0012D475,0,1,1,4294967295,0,1
oCh19TrapSkull,784,240,001301C6,0,1,1,4294967295,0,1
oExit,2448,256,000BBA80,0,1,1,4294967295,0,1
oCh19TrapSkull,1840,112,00247A9A,0,1,1,4294967295,0,1
oCh19TrapSkull,1904,112,001B9C8A,0,1,1,4294967295,0,1
oMovingPlatform,896,256,0025311C,0,1,1,4294967295,0,1
oMovingPlatform,1168,176,0022BD7D,0,1,1,4294967295,0,1
oCh19SwingTrap,992,32,00185851,0,1,1,4294967295,0,1
oCh19SwingTrap,1552,32,0018D041,0,1,1,4294967295,0,1
oCh19SwingTrap,2192,32,00061D9E,0,1,1,4294967295,0,1
oCh19SwingTrap,1744,320,0037E9A8,0,1,1,4294967295,0,1
oCh19SwingTrap,2000,320,001146A5,0,1,1,4294967295,0,1
oPlayer1,112,96,0037F7BD,0,1,1,4294967295,0,0
oDCS_Light,96,0,0001707B,0,1,1,4294967295,0,1
oDCS_Light,352,96,00115929,0,1,1,4294967295,0,1
oDCS_Light,896,64,00061B17,0,1,1,4294967295,0,1
oDCS_Light,1088,64,0007E46F,0,1,1,4294967295,0,1
oDCS_Light,1248,96,00363BE5,0,1,1,4294967295,0,1
oDCS_Light,1488,96,003DC64D,0,1,1,4294967295,0,1
oDCS_Light,1744,96,001815B9,0,1,1,4294967295,0,1
oDCS_Light,2000,96,00098638,0,1,1,4294967295,0,1
oInvCollPH,48,0,0029184D,0,1,1,4294967295,0,0
oInvCollPH,48,16,003D4532,0,1,1,4294967295,0,0
oInvCollPH,48,32,0030E78E,0,1,1,4294967295,0,0
oInvCollPH,48,48,003EDCC2,0,1,1,4294967295,0,0
oInvCollPH,48,64,000969B7,0,1,1,4294967295,0,0
oInvCollPH,48,80,0026066F,0,1,1,4294967295,0,0
oInvCollPH,128,16,00018BA8,0,1,1,4294967295,0,0
oInvCollPH,144,16,001C3842,0,1,1,4294967295,0,0
oInvCollPH,160,16,00077DFE,0,1,1,4294967295,0,0
oInvCollPH,176,16,001E185B,0,1,1,4294967295,0,0
oInvCollPH,192,16,00031895,0,1,1,4294967295,0,0
oInvCollPH,208,16,0014725F,0,1,1,4294967295,0,0
oInvCollPH,64,96,0004AEBE,0,1,1,4294967295,0,0
oInvCollPH,80,96,0039A86F,0,1,1,4294967295,0,0
oInvCollPH,96,96,00294F80,0,1,1,4294967295,0,0
oInvCollPH,112,96,00276107,0,1,1,4294967295,0,0
oInvCollPH,112,112,0020497B,0,1,1,4294967295,0,0
oInvCollPH,112,128,000E1FB8,0,1,1,4294967295,0,0
oInvCollPH,112,144,00069E7C,0,1,1,4294967295,0,0
oInvCollPH,112,160,002A0CCF,0,1,1,4294967295,0,0
oInvCollPH,112,176,000C91B5,0,1,1,4294967295,0,0
oInvCollPH,128,192,0028A486,0,1,1,4294967295,0,0
oInvCollPH,144,192,002EF224,0,1,1,4294967295,0,0
oInvCollPH,144,208,00179660,0,1,1,4294967295,0,0
oInvCollPH,144,224,0019F71D,0,1,1,4294967295,0,0
oInvCollPH,144,240,002E497F,0,1,1,4294967295,0,0
oInvCollPH,176,256,002113DD,0,1,1,4294967295,0,0
oInvCollPH,192,256,002643AA,0,1,1,4294967295,0,0
oInvCollPH,208,256,003F645F,0,1,1,4294967295,0,0
oInvCollPH,224,256,00172FEF,0,1,1,4294967295,0,0
oInvCollPH,240,256,0023F09B,0,1,1,4294967295,0,0
oInvCollPH,256,256,0004A55F,0,1,1,4294967295,0,0
oInvCollPH,272,256,000096B4,0,1,1,4294967295,0,0
oInvCollPH,288,256,001DDF3B,0,1,1,4294967295,0,0
oInvCollPH,304,256,001189A1,0,1,1,4294967295,0,0
oInvCollPH,224,32,0031BE68,0,1,1,4294967295,0,0
oInvCollPH,224,48,00384668,0,1,1,4294967295,0,0
oInvCollPH,224,64,0005937B,0,1,1,4294967295,0,0
oInvCollPH,224,80,00210C76,0,1,1,4294967295,0,0
oInvCollPH,224,96,0001E8B4,0,1,1,4294967295,0,0
oInvCollPH,224,112,0017B83C,0,1,1,4294967295,0,0
oInvCollPH,224,128,0009D818,0,1,1,4294967295,0,0
oInvCollPH,224,144,003C034F,0,1,1,4294967295,0,0
oInvCollPH,240,144,00189BE0,0,1,1,4294967295,0,0
oInvCollPH,256,144,002F053D,0,1,1,4294967295,0,0
oInvCollPH,272,144,0004A877,0,1,1,4294967295,0,0
oInvCollPH,288,144,002E4A78,0,1,1,4294967295,0,0
oInvCollPH,304,144,002CA29F,0,1,1,4294967295,0,0
oInvCollPH,320,144,0026CAA7,0,1,1,4294967295,0,0
oInvCollPH,336,144,00188652,0,1,1,4294967295,0,0
oInvCollPH,336,128,0039E797,0,1,1,4294967295,0,0
oInvCollPH,336,112,000E5204,0,1,1,4294967295,0,0
oInvCollPH,336,96,001D9C0B,0,1,1,4294967295,0,0
oInvCollPH,848,304,0021191E,0,1,1,4294967295,0,0
oInvCollPH,848,288,00228B24,0,1,1,4294967295,0,0
oInvCollPH,848,272,000A72C3,0,1,1,4294967295,0,0
oInvCollPH,848,256,00390965,0,1,1,4294967295,0,0
oInvCollPH,832,256,002A4EA0,0,1,1,4294967295,0,0
oInvCollPH,704,256,003C1087,0,1,1,4294967295,0,0
oInvCollPH,720,256,002CED89,0,1,1,4294967295,0,0
oInvCollPH,736,256,00143059,0,1,1,4294967295,0,0
oInvCollPH,752,256,003F393C,0,1,1,4294967295,0,0
oInvCollPH,768,256,002D5A13,0,1,1,4294967295,0,0
oInvCollPH,784,256,001DEE4F,0,1,1,4294967295,0,0
oInvCollPH,800,240,002A1EFD,0,1,1,4294967295,0,0
oInvCollPH,816,240,003F91DE,0,1,1,4294967295,0,0
oInvCollPH,480,256,000221E8,0,1,1,4294967295,0,0
oInvCollPH,496,256,00283BF4,0,1,1,4294967295,0,0
oInvCollPH,512,256,000A482A,0,1,1,4294967295,0,0
oInvCollPH,528,256,001FA750,0,1,1,4294967295,0,0
oInvCollPH,320,256,000071FD,0,1,1,4294967295,0,0
oInvCollPH,336,256,0021BF8E,0,1,1,4294967295,0,0
oInvCollPH,352,256,00226252,0,1,1,4294967295,0,0
oInvCollPH,368,256,002A00BA,0,1,1,4294967295,0,0
oInvCollPH,384,256,002D0FD5,0,1,1,4294967295,0,0
oInvCollPH,400,256,0000C39E,0,1,1,4294967295,0,0
oInvCollPH,416,256,000B0298,0,1,1,4294967295,0,0
oInvCollPH,432,256,001CAC1D,0,1,1,4294967295,0,0
oInvCollPH,448,256,002E553D,0,1,1,4294967295,0,0
oInvCollPH,464,256,001A47B2,0,1,1,4294967295,0,0
oInvCollPH,688,256,002E4262,0,1,1,4294967295,0,0
oInvCollPH,672,256,0017ED02,0,1,1,4294967295,0,0
oInvCollPH,656,256,000FB485,0,1,1,4294967295,0,0
oInvCollPH,640,256,00110F83,0,1,1,4294967295,0,0
oInvCollPH,624,256,0034FEEE,0,1,1,4294967295,0,0
oInvCollPH,608,256,00193057,0,1,1,4294967295,0,0
oInvCollPH,592,256,00375297,0,1,1,4294967295,0,0
oInvCollPH,576,256,001E0642,0,1,1,4294967295,0,0
oInvCollPH,560,256,00255131,0,1,1,4294967295,0,0
oInvCollPH,544,256,0029A8ED,0,1,1,4294967295,0,0
oInvCollPH,480,112,000D5440,0,1,1,4294967295,0,0
oInvCollPH,496,112,003DC33E,0,1,1,4294967295,0,0
oInvCollPH,720,96,0000DC05,0,1,1,4294967295,0,0
oInvCollPH,720,112,001CCDC1,0,1,1,4294967295,0,0
oInvCollPH,704,112,001DCF23,0,1,1,4294967295,0,0
oInvCollPH,688,112,003A8587,0,1,1,4294967295,0,0
oInvCollPH,672,112,0001D362,0,1,1,4294967295,0,0
oInvCollPH,656,112,00204D11,0,1,1,4294967295,0,0
oInvCollPH,640,112,00369FCC,0,1,1,4294967295,0,0
oInvCollPH,512,112,00201C9B,0,1,1,4294967295,0,0
oInvCollPH,528,112,002DD52B,0,1,1,4294967295,0,0
oInvCollPH,544,112,00361B26,0,1,1,4294967295,0,0
oInvCollPH,560,112,000F1BB7,0,1,1,4294967295,0,0
oInvCollPH,576,112,001A963F,0,1,1,4294967295,0,0
oInvCollPH,592,112,003BEB2F,0,1,1,4294967295,0,0
oInvCollPH,608,112,002F074A,0,1,1,4294967295,0,0
oInvCollPH,624,112,001A0275,0,1,1,4294967295,0,0
oInvCollPH,416,80,00270927,0,1,1,4294967295,0,0
oInvCollPH,432,80,0016CB71,0,1,1,4294967295,0,0
oInvCollPH,448,80,002FBB1A,0,1,1,4294967295,0,0
oInvCollPH,464,80,003A3307,0,1,1,4294967295,0,0
oInvCollPH,816,80,00295E95,0,1,1,4294967295,0,0
oInvCollPH,800,80,0008D1E8,0,1,1,4294967295,0,0
oInvCollPH,784,80,000F046E,0,1,1,4294967295,0,0
oInvCollPH,768,80,003386A6,0,1,1,4294967295,0,0
oInvCollPH,752,80,0002D10F,0,1,1,4294967295,0,0
oInvCollPH,736,80,001886F4,0,1,1,4294967295,0,0
oInvCollPH,832,80,0021CBE0,0,1,1,4294967295,0,0
oInvCollPH,848,80,0038FD8E,0,1,1,4294967295,0,0
oInvCollPH,864,80,003D3BBE,0,1,1,4294967295,0,0
oInvCollPH,880,80,000A01DE,0,1,1,4294967295,0,0
oInvCollPH,352,80,0026E232,0,1,1,4294967295,0,0
oInvCollPH,368,80,00276ABA,0,1,1,4294967295,0,0
oInvCollPH,384,80,002BBFD4,0,1,1,4294967295,0,0
oInvCollPH,400,80,001E612C,0,1,1,4294967295,0,0
oInvCollPH,880,64,0025990F,0,1,1,4294967295,0,0
oInvCollPH,896,48,0022F207,0,1,1,4294967295,0,0
oInvCollPH,912,48,0030707B,0,1,1,4294967295,0,0
oInvCollPH,928,48,001242B1,0,1,1,4294967295,0,0
oInvCollPH,944,48,0025E227,0,1,1,4294967295,0,0
oInvCollPH,960,48,0037F968,0,1,1,4294967295,0,0
oInvCollPH,976,48,0030E4DA,0,1,1,4294967295,0,0
oInvCollPH,992,48,001A5432,0,1,1,4294967295,0,0
oInvCollPH,1008,48,000163C8,0,1,1,4294967295,0,0
oInvCollPH,1024,48,0013DF37,0,1,1,4294967295,0,0
oInvCollPH,1040,48,0040246F,0,1,1,4294967295,0,0
oInvCollPH,1056,48,0018179E,0,1,1,4294967295,0,0
oInvCollPH,1072,48,002467A6,0,1,1,4294967295,0,0
oInvCollPH,1008,320,0020A245,0,1,1,4294967295,0,0
oInvCollPH,992,320,002879D3,0,1,1,4294967295,0,0
oInvCollPH,976,320,000365D1,0,1,1,4294967295,0,0
oInvCollPH,960,320,0029BE64,0,1,1,4294967295,0,0
oInvCollPH,944,320,001B1FA6,0,1,1,4294967295,0,0
oInvCollPH,928,320,001D811C,0,1,1,4294967295,0,0
oInvCollPH,912,320,00011E08,0,1,1,4294967295,0,0
oInvCollPH,896,320,002FB183,0,1,1,4294967295,0,0
oInvCollPH,880,320,003C5CFE,0,1,1,4294967295,0,0
oInvCollPH,1232,320,003054B6,0,1,1,4294967295,0,0
oInvCollPH,1216,320,003F3EEE,0,1,1,4294967295,0,0
oInvCollPH,1200,320,001927D8,0,1,1,4294967295,0,0
oInvCollPH,1184,320,003D3664,0,1,1,4294967295,0,0
oInvCollPH,1168,320,00040519,0,1,1,4294967295,0,0
oInvCollPH,1152,320,00351255,0,1,1,4294967295,0,0
oInvCollPH,1136,320,0017BCAE,0,1,1,4294967295,0,0
oInvCollPH,1120,320,0014D8D2,0,1,1,4294967295,0,0
oInvCollPH,1104,320,0020FF74,0,1,1,4294967295,0,0
oInvCollPH,1088,320,003B8BBC,0,1,1,4294967295,0,0
oInvCollPH,1024,320,0024E631,0,1,1,4294967295,0,0
oInvCollPH,1040,320,000C652A,0,1,1,4294967295,0,0
oInvCollPH,1056,320,0031BD05,0,1,1,4294967295,0,0
oInvCollPH,1072,320,00129ACB,0,1,1,4294967295,0,0
oInvCollPH,1248,112,00035F93,0,1,1,4294967295,0,0
oInvCollPH,1264,112,002C7EB1,0,1,1,4294967295,0,0
oInvCollPH,1280,112,0031446F,0,1,1,4294967295,0,0
oInvCollPH,1296,112,00222C56,0,1,1,4294967295,0,0
oInvCollPH,1312,112,002A3632,0,1,1,4294967295,0,0
oInvCollPH,1328,112,002B5A0E,0,1,1,4294967295,0,0
oInvCollPH,1344,112,001D821F,0,1,1,4294967295,0,0
oInvCollPH,1360,112,00322785,0,1,1,4294967295,0,0
oInvCollPH,1376,112,000DF72F,0,1,1,4294967295,0,0
oInvCollPH,1392,112,0000D571,0,1,1,4294967295,0,0
oInvCollPH,1408,112,0024B9FF,0,1,1,4294967295,0,0
oInvCollPH,1424,112,00095A1C,0,1,1,4294967295,0,0
oInvCollPH,1424,96,0026177A,0,1,1,4294967295,0,0
oInvCollPH,1536,112,00126C9B,0,1,1,4294967295,0,0
oInvCollPH,1552,112,000BAAD6,0,1,1,4294967295,0,0
oInvCollPH,1552,96,000D13A4,0,1,1,4294967295,0,0
oInvCollPH,1664,112,0039350A,0,1,1,4294967295,0,0
oInvCollPH,1680,112,001DF971,0,1,1,4294967295,0,0
oInvCollPH,1680,96,00044810,0,1,1,4294967295,0,0
oInvCollPH,1792,112,003AA409,0,1,1,4294967295,0,0
oInvCollPH,1808,112,0037C471,0,1,1,4294967295,0,0
oInvCollPH,1808,96,0003D2DD,0,1,1,4294967295,0,0
oInvCollPH,1920,112,000FFDCA,0,1,1,4294967295,0,0
oInvCollPH,1936,112,0016EE36,0,1,1,4294967295,0,0
oInvCollPH,1936,96,000132EF,0,1,1,4294967295,0,0
oInvCollPH,2064,112,003104CF,0,1,1,4294967295,0,0
oInvCollPH,2064,96,00015D2B,0,1,1,4294967295,0,0
oInvCollPH,2048,112,00261A41,0,1,1,4294967295,0,0
oInvCollPH,2176,112,000A1739,0,1,1,4294967295,0,0
oInvCollPH,2192,112,000BC4EF,0,1,1,4294967295,0,0
oInvCollPH,2192,96,003D959B,0,1,1,4294967295,0,0
oInvCollPH,2192,256,0019D4F2,0,1,1,4294967295,0,0
oInvCollPH,2192,272,001CF09E,0,1,1,4294967295,0,0
oInvCollPH,2176,272,0000C2F3,0,1,1,4294967295,0,0
oInvCollPH,2048,272,002260D5,0,1,1,4294967295,0,0
oInvCollPH,2064,272,00236E09,0,1,1,4294967295,0,0
oInvCollPH,2064,256,0001C2F7,0,1,1,4294967295,0,0
oInvCollPH,1936,256,00245995,0,1,1,4294967295,0,0
oInvCollPH,1936,272,000DCEF9,0,1,1,4294967295,0,0
oInvCollPH,1920,272,00182EB0,0,1,1,4294967295,0,0
oInvCollPH,1792,272,0027219E,0,1,1,4294967295,0,0
oInvCollPH,1808,272,001A4628,0,1,1,4294967295,0,0
oInvCollPH,1808,256,00190D2E,0,1,1,4294967295,0,0
oInvCollPH,1680,256,001B5FA2,0,1,1,4294967295,0,0
oInvCollPH,1680,272,00294023,0,1,1,4294967295,0,0
oInvCollPH,1664,272,0002C6E9,0,1,1,4294967295,0,0
oInvCollPH,1552,256,00291CBB,0,1,1,4294967295,0,0
oInvCollPH,1552,272,002DAA8A,0,1,1,4294967295,0,0
oInvCollPH,1536,272,001EC06F,0,1,1,4294967295,0,0
oInvCollPH,2400,112,001EFBCF,0,1,1,4294967295,0,0
oInvCollPH,2400,128,0002CC51,0,1,1,4294967295,0,0
oInvCollPH,2400,144,000134D0,0,1,1,4294967295,0,0
oInvCollPH,2400,160,0009DF98,0,1,1,4294967295,0,0
oInvCollPH,2400,176,0008BEF3,0,1,1,4294967295,0,0
oInvCollPH,2400,192,00007407,0,1,1,4294967295,0,0
oInvCollPH,2400,208,001F9AAB,0,1,1,4294967295,0,0
oInvCollPH,2416,208,001FBFAB,0,1,1,4294967295,0,0
oInvCollPH,2432,208,0013A51D,0,1,1,4294967295,0,0
oInvCollPH,2448,208,0008F196,0,1,1,4294967295,0,0
oInvCollPH,1248,272,0012FB44,0,1,1,4294967295,0,0
oInvCollPH,1248,288,002BDEC9,0,1,1,4294967295,0,0
oInvCollPH,1248,304,00047261,0,1,1,4294967295,0,0
oInvCollPH,1264,256,001D8CCE,0,1,1,4294967295,0,0
oInvCollPH,1280,256,00343F60,0,1,1,4294967295,0,0
oInvCollPH,1296,256,002040F1,0,1,1,4294967295,0,0
oInvCollPH,1312,256,001AF62F,0,1,1,4294967295,0,0
oInvCollPH,1328,256,0039E793,0,1,1,4294967295,0,0
oInvCollPH,1344,240,003FD67D,0,1,1,4294967295,0,0
oInvCollPH,1376,256,003E4E36,0,1,1,4294967295,0,0
oInvCollPH,1360,240,00399331,0,1,1,4294967295,0,0
oInvCollPH,1392,256,003178EC,0,1,1,4294967295,0,0
oInvCollPH,1408,256,002AF8F3,0,1,1,4294967295,0,0
oInvCollPH,1424,256,002A33AD,0,1,1,4294967295,0,0
oInvCollPH,1424,272,00239E4E,0,1,1,4294967295,0,0
oInvCollPH,1168,80,0021E265,0,1,1,4294967295,0,0
oInvCollPH,1152,80,0023B369,0,1,1,4294967295,0,0
oInvCollPH,1136,80,001CEF35,0,1,1,4294967295,0,0
oInvCollPH,1120,80,00287AC7,0,1,1,4294967295,0,0
oInvCollPH,1104,80,0000110D,0,1,1,4294967295,0,0
oInvCollPH,1088,80,000C54C0,0,1,1,4294967295,0,0
oInvCollPH,1184,80,003A54BD,0,1,1,4294967295,0,0
oInvCollPH,1200,80,003FE74F,0,1,1,4294967295,0,0
oInvCollPH,1216,80,002E7631,0,1,1,4294967295,0,0
oInvCollPH,1232,80,0036D5F2,0,1,1,4294967295,0,0
oInvCollPH,1440,80,000FB429,0,1,1,4294967295,0,0
oInvCollPH,1456,80,002B591D,0,1,1,4294967295,0,0
oInvCollPH,1472,80,00146A65,0,1,1,4294967295,0,0
oInvCollPH,1488,80,0037991B,0,1,1,4294967295,0,0
oInvCollPH,1504,80,0035F69C,0,1,1,4294967295,0,0
oInvCollPH,1520,80,00041162,0,1,1,4294967295,0,0
oInvCollPH,1568,80,003FE11C,0,1,1,4294967295,0,0
oInvCollPH,1584,80,000F54B5,0,1,1,4294967295,0,0
oInvCollPH,1600,80,00163C3F,0,1,1,4294967295,0,0
oInvCollPH,1616,80,000A6DFE,0,1,1,4294967295,0,0
oInvCollPH,1632,80,000C6D69,0,1,1,4294967295,0,0
oInvCollPH,1648,80,00071A7B,0,1,1,4294967295,0,0
oInvCollPH,1456,288,0035566B,0,1,1,4294967295,0,0
oInvCollPH,1472,288,003E0CAA,0,1,1,4294967295,0,0
oInvCollPH,1488,288,003D1B95,0,1,1,4294967295,0,0
oInvCollPH,1504,288,002E85A5,0,1,1,4294967295,0,0
oInvCollPH,1520,288,002739AD,0,1,1,4294967295,0,0
oInvCollPH,1568,288,0016220F,0,1,1,4294967295,0,0
oInvCollPH,1584,288,003095C5,0,1,1,4294967295,0,0
oInvCollPH,1600,288,003BE664,0,1,1,4294967295,0,0
oInvCollPH,1616,288,002E57FB,0,1,1,4294967295,0,0
oInvCollPH,1632,288,0002DE91,0,1,1,4294967295,0,0
oInvCollPH,1648,288,003E59F1,0,1,1,4294967295,0,0
oInvCollPH,2384,80,001DC329,0,1,1,4294967295,0,0
oInvCollPH,2368,80,000AA793,0,1,1,4294967295,0,0
oInvCollPH,2352,80,0029CC65,0,1,1,4294967295,0,0
oInvCollPH,2336,80,0005B9F8,0,1,1,4294967295,0,0
oInvCollPH,2320,80,001B6BFD,0,1,1,4294967295,0,0
oInvCollPH,2304,80,00190E8D,0,1,1,4294967295,0,0
oInvCollPH,2288,80,0028620E,0,1,1,4294967295,0,0
oInvCollPH,2272,80,0019EC0B,0,1,1,4294967295,0,0
oInvCollPH,2256,80,00334522,0,1,1,4294967295,0,0
oInvCollPH,2240,80,00291120,0,1,1,4294967295,0,0
oInvCollPH,2224,80,00342AB9,0,1,1,4294967295,0,0
oInvCollPH,2208,80,00368D37,0,1,1,4294967295,0,0
oInvCollPH,2448,288,00083821,0,1,1,4294967295,0,0
oInvCollPH,2432,288,003BC48C,0,1,1,4294967295,0,0
oInvCollPH,2416,288,00065202,0,1,1,4294967295,0,0
oInvCollPH,2400,288,00377E51,0,1,1,4294967295,0,0
oInvCollPH,2384,288,000C461E,0,1,1,4294967295,0,0
oInvCollPH,2368,288,00030704,0,1,1,4294967295,0,0
oInvCollPH,2352,288,000C2D67,0,1,1,4294967295,0,0
oInvCollPH,2336,288,00146C10,0,1,1,4294967295,0,0
oInvCollPH,2320,288,0035AB4F,0,1,1,4294967295,0,0
oInvCollPH,2304,288,000111A4,0,1,1,4294967295,0,0
oInvCollPH,2288,288,000F00F6,0,1,1,4294967295,0,0
oInvCollPH,2272,288,0030DF9F,0,1,1,4294967295,0,0
oInvCollPH,2256,288,0017A5F6,0,1,1,4294967295,0,0
oInvCollPH,2240,288,00140057,0,1,1,4294967295,0,0
oInvCollPH,2224,288,0000612D,0,1,1,4294967295,0,0
oInvCollPH,2208,288,00387DCA,0,1,1,4294967295,0,0
oInvCollPH,2080,288,000198F6,0,1,1,4294967295,0,0
oInvCollPH,2096,288,0035EC4E,0,1,1,4294967295,0,0
oInvCollPH,2112,288,001DCD85,0,1,1,4294967295,0,0
oInvCollPH,2128,288,00125D37,0,1,1,4294967295,0,0
oInvCollPH,2144,288,0031010D,0,1,1,4294967295,0,0
oInvCollPH,2160,80,0026D2FE,0,1,1,4294967295,0,0
oInvCollPH,2144,80,001F29C5,0,1,1,4294967295,0,0
oInvCollPH,2128,80,001A352F,0,1,1,4294967295,0,0
oInvCollPH,2112,80,00296464,0,1,1,4294967295,0,0
oInvCollPH,2096,80,0014A88D,0,1,1,4294967295,0,0
oInvCollPH,2080,80,00186CB5,0,1,1,4294967295,0,0
oInvCollPH,2160,288,000EAB5D,0,1,1,4294967295,0,0
oInvCollPH,1696,80,001F6276,0,1,1,4294967295,0,0
oInvCollPH,1712,80,00162A4E,0,1,1,4294967295,0,0
oInvCollPH,1728,80,003E6107,0,1,1,4294967295,0,0
oInvCollPH,1744,80,0037AB17,0,1,1,4294967295,0,0
oInvCollPH,1760,80,002D1C02,0,1,1,4294967295,0,0
oInvCollPH,1776,80,00214B14,0,1,1,4294967295,0,0
oInvCollPH,1824,80,00120B40,0,1,1,4294967295,0,0
oInvCollPH,1840,80,000E84D5,0,1,1,4294967295,0,0
oInvCollPH,1856,80,001E13E8,0,1,1,4294967295,0,0
oInvCollPH,1872,80,0033E792,0,1,1,4294967295,0,0
oInvCollPH,1888,80,00092620,0,1,1,4294967295,0,0
oInvCollPH,1904,80,000D21CE,0,1,1,4294967295,0,0
oInvCollPH,1952,80,002DEEE8,0,1,1,4294967295,0,0
oInvCollPH,2032,80,00353B51,0,1,1,4294967295,0,0
oInvCollPH,2016,80,000BF0AE,0,1,1,4294967295,0,0
oInvCollPH,2000,80,00222DD1,0,1,1,4294967295,0,0
oInvCollPH,1984,80,00207F7D,0,1,1,4294967295,0,0
oInvCollPH,1968,80,003442EA,0,1,1,4294967295,0,0
oInvCollPH,1696,288,003DC82B,0,1,1,4294967295,0,0
oInvCollPH,1712,288,0011C6CF,0,1,1,4294967295,0,0
oInvCollPH,1728,288,001120FF,0,1,1,4294967295,0,0
oInvCollPH,1744,288,001538BA,0,1,1,4294967295,0,0
oInvCollPH,1760,288,00146018,0,1,1,4294967295,0,0
oInvCollPH,1776,288,000C6F26,0,1,1,4294967295,0,0
oInvCollPH,1824,288,00227B1A,0,1,1,4294967295,0,0
oInvCollPH,1840,288,00236C0F,0,1,1,4294967295,0,0
oInvCollPH,1856,288,0036F0CA,0,1,1,4294967295,0,0
oInvCollPH,1872,288,001BDE76,0,1,1,4294967295,0,0
oInvCollPH,1888,288,001B3247,0,1,1,4294967295,0,0
oInvCollPH,1904,288,0003C13C,0,1,1,4294967295,0,0
oInvCollPH,2032,288,000550CB,0,1,1,4294967295,0,0
oInvCollPH,2016,288,000FF93C,0,1,1,4294967295,0,0
oInvCollPH,2000,288,0013A68E,0,1,1,4294967295,0,0
oInvCollPH,1984,288,003B795A,0,1,1,4294967295,0,0
oInvCollPH,1968,288,003A1526,0,1,1,4294967295,0,0
oInvCollPH,1952,288,00211321,0,1,1,4294967295,0,0
oInvCollPH,1088,64,003FDE7A,0,1,1,4294967295,0,0
oInvCollPH,1360,224,0039FF2D,0,1,1,4294967295,0,0
oInvCollPH,816,224,000E39B6,0,1,1,4294967295,0,0
oInvisibleSolid,128,0,003FC145,0,1,1,4294967295,0,1
oInvisibleSolid,224,0,001D05FA,0,1,1,4294967295,0,1
oInvisibleSolid,160,256,0015A1AE,0,1,1,4294967295,0,1
oInvisibleSolid,0,192,003E944B,0,1,1,4294967295,0,1
oInvisibleSolid,0,96,003644C8,0,1,1,4294967295,0,1
oInvisibleSolid,0,0,0016BB80,0,1,1,4294967295,0,1
oInvisibleSolid,352,0,00248DD5,0,1,1,4294967295,0,1
oInvisibleSolid,480,96,002B9FC4,0,1,1,4294967295,0,1
oInvisibleSolid,896,0,00081795,0,1,1,4294967295,0,1
oInvisibleSolid,1088,0,002DD4EE,0,1,1,4294967295,0,1
oInvisibleSolid,864,320,003EBA3B,0,1,1,4294967295,0,1
oInvisibleSolid,1248,256,003AA716,0,1,1,4294967295,0,1
oInvisibleSolid,1248,96,00187C1F,0,1,1,4294967295,0,1
oInvisibleSolid,1440,288,00031BD7,0,1,1,4294967295,0,1
oInvisibleSolid,2400,96,0016CAE5,0,1,1,4294967295,0,1
oInvisibleSolid,1536,96,0021BEAD,0,1,1,4294967295,0,1
oInvisibleSolid,1536,256,003B5106,0,1,1,4294967295,0,1
oInvisibleSolid,1664,256,00236C49,0,1,1,4294967295,0,1
oInvisibleSolid,1664,96,000466FF,0,1,1,4294967295,0,1
oInvisibleSolid,1792,96,002C0893,0,1,1,4294967295,0,1
oInvisibleSolid,1920,96,003AB614,0,1,1,4294967295,0,1
oInvisibleSolid,2048,96,0001973F,0,1,1,4294967295,0,1
oInvisibleSolid,2176,96,00390964,0,1,1,4294967295,0,1
oInvisibleSolid,2176,256,00110619,0,1,1,4294967295,0,1
oInvisibleSolid,2048,256,001A35ED,0,1,1,4294967295,0,1
oInvisibleSolid,1920,256,0013D157,0,1,1,4294967295,0,1
oInvisibleSolid,1792,256,002293A6,0,1,1,4294967295,0,1
oInvisibleSolid,1344,224,0023BBED,0,1,1,4294967295,0,1
oInvisibleSolid,800,224,001B3DFC,0,1,1,4294967295,0,1
