oExit,0,768,001EFD30,0,1,1,4294967295,0,1
oExit,0,80,003AB8F0,0,1,1,4294967295,0,1
oMorphBombUpgrade,440,496,0027B734,0,1,1,4294967295,0,1
oMetGeemer,144,496,003A21C8,0,1,1,4294967295,0,1
oMetGeemer,112,448,0023F2ED,0,1,1,4294967295,0,1
oMetGeemer,736,528,000BD7EC,0,1,1,4294967295,0,1
oMetGeemer,560,336,00206A8D,0,1,1,4294967295,0,1
oMetGeemer,672,48,0022E92F,0,1,1,4294967295,0,1
oMetSmallSidehopper,512,672,001FDC2D,0,1,1,4294967295,0,0
oMetSmallSidehopper,768,736,00084D81,0,1,1,4294967295,0,0
oMetRipper,616,552,0012D178,0,1,1,4294967295,0,1
oMetRipper,632,344,00235831,0,1,1,4294967295,0,1
oMetRipper,648,192,00251B2F,0,1,1,4294967295,0,1
oMetSkree,480,48,001A01C8,0,1,1,4294967295,0,0
oMetSkree,288,48,0009674C,0,1,1,4294967295,0,0
oPlayer1,64,800,0039B725,0,1,1,4294967295,0,0
oMetroidDoorHolder,16,768,000D84B2,0,1,1,4294967295,0,1
oMetroidDoorHolder,16,80,001F8804,0,1,1,4294967295,0,1
oBreakableMetroidWall,432,464,001D8F11,0,1,1,4294967295,0,1
oBreakableMetroidWall,448,464,0012665C,0,1,1,4294967295,0,1
oBreakableMetroidWall,432,477,0010D6BF,0,1,1,4294967295,0,1
oBreakableMetroidWall,448,477,001557A0,0,1,1,4294967295,0,1
oInvCollPH,16,800,00307B32,0,1,1,4294967295,0,0
oInvCollPH,32,800,0003093A,0,1,1,4294967295,0,0
oInvCollPH,48,800,0032748C,0,1,1,4294967295,0,0
oInvCollPH,64,800,0039CF55,0,1,1,4294967295,0,0
oInvCollPH,80,800,000A978C,0,1,1,4294967295,0,0
oInvCollPH,96,800,0001C1F2,0,1,1,4294967295,0,0
oInvCollPH,112,800,0027384A,0,1,1,4294967295,0,0
oInvCollPH,128,800,0005BA54,0,1,1,4294967295,0,0
oInvCollPH,144,800,0028C54B,0,1,1,4294967295,0,0
oInvCollPH,160,800,003F90AC,0,1,1,4294967295,0,0
oInvCollPH,176,800,0022D731,0,1,1,4294967295,0,0
oInvCollPH,64,112,0029029A,0,1,1,4294967295,0,0
oInvCollPH,80,112,000ADE7B,0,1,1,4294967295,0,0
oInvCollPH,48,144,001523A2,0,1,1,4294967295,0,0
oInvCollPH,64,144,000909D8,0,1,1,4294967295,0,0
oInvCollPH,80,144,003E6BD9,0,1,1,4294967295,0,0
oInvCollPH,96,144,00316574,0,1,1,4294967295,0,0
oInvCollPH,112,144,000A6D94,0,1,1,4294967295,0,0
oInvCollPH,128,144,0014E5D1,0,1,1,4294967295,0,0
oInvCollPH,128,128,000A11B1,0,1,1,4294967295,0,0
oInvCollPH,128,112,0038EF6E,0,1,1,4294967295,0,0
oInvCollPH,112,112,000440A6,0,1,1,4294967295,0,0
oInvCollPH,96,112,00122F1C,0,1,1,4294967295,0,0
oInvCollPH,64,464,001904AF,0,1,1,4294967295,0,0
oInvCollPH,80,464,00222951,0,1,1,4294967295,0,0
oInvCollPH,96,464,00021501,0,1,1,4294967295,0,0
oInvCollPH,112,464,001AEA8B,0,1,1,4294967295,0,0
oInvCollPH,128,464,002B407A,0,1,1,4294967295,0,0
oInvCollPH,144,464,00183E78,0,1,1,4294967295,0,0
oInvCollPH,160,464,001B48CB,0,1,1,4294967295,0,0
oInvCollPH,176,464,00151B82,0,1,1,4294967295,0,0
oInvCollPH,176,480,0028479D,0,1,1,4294967295,0,0
oInvCollPH,160,480,001E3389,0,1,1,4294967295,0,0
oInvCollPH,144,480,003F6C0F,0,1,1,4294967295,0,0
oInvCollPH,128,480,0001FB4D,0,1,1,4294967295,0,0
oInvCollPH,112,480,002585A6,0,1,1,4294967295,0,0
oInvCollPH,96,480,001ABAA1,0,1,1,4294967295,0,0
oInvCollPH,80,480,000CF5BC,0,1,1,4294967295,0,0
oInvCollPH,64,480,003CAE11,0,1,1,4294967295,0,0
oInvCollPH,48,480,001A2535,0,1,1,4294967295,0,0
oInvCollPH,16,112,0022EF30,0,1,1,4294967295,0,0
oInvCollPH,32,112,0015B423,0,1,1,4294967295,0,0
oInvCollPH,32,160,002C613A,0,1,1,4294967295,0,0
oInvCollPH,32,176,0027089A,0,1,1,4294967295,0,0
oInvCollPH,32,192,001B35D8,0,1,1,4294967295,0,0
oInvCollPH,32,208,000FF824,0,1,1,4294967295,0,0
oInvCollPH,32,224,00119D99,0,1,1,4294967295,0,0
oInvCollPH,32,240,000211A7,0,1,1,4294967295,0,0
oInvCollPH,32,256,00382D61,0,1,1,4294967295,0,0
oInvCollPH,32,272,0005DC4E,0,1,1,4294967295,0,0
oInvCollPH,32,288,000F2080,0,1,1,4294967295,0,0
oInvCollPH,32,304,00116847,0,1,1,4294967295,0,0
oInvCollPH,32,320,001CF94F,0,1,1,4294967295,0,0
oInvCollPH,32,336,00329EF2,0,1,1,4294967295,0,0
oInvCollPH,32,352,001FFDD1,0,1,1,4294967295,0,0
oInvCollPH,32,368,0028DEBF,0,1,1,4294967295,0,0
oInvCollPH,32,384,0032B8E2,0,1,1,4294967295,0,0
oInvCollPH,32,400,003051F9,0,1,1,4294967295,0,0
oInvCollPH,32,416,000D9A32,0,1,1,4294967295,0,0
oInvCollPH,32,432,0014A53E,0,1,1,4294967295,0,0
oInvCollPH,32,448,0003504D,0,1,1,4294967295,0,0
oInvCollPH,32,496,0021D680,0,1,1,4294967295,0,0
oInvCollPH,32,512,00349137,0,1,1,4294967295,0,0
oInvCollPH,32,528,0007B57E,0,1,1,4294967295,0,0
oInvCollPH,32,544,001A2B7B,0,1,1,4294967295,0,0
oInvCollPH,32,560,002EA6B9,0,1,1,4294967295,0,0
oInvCollPH,32,576,003F362A,0,1,1,4294967295,0,0
oInvCollPH,32,592,00066E93,0,1,1,4294967295,0,0
oInvCollPH,32,608,0026FFE0,0,1,1,4294967295,0,0
oInvCollPH,32,624,003A6A02,0,1,1,4294967295,0,0
oInvCollPH,32,640,0011B8EF,0,1,1,4294967295,0,0
oInvCollPH,32,656,002D9718,0,1,1,4294967295,0,0
oInvCollPH,32,672,002C9D2E,0,1,1,4294967295,0,0
oInvCollPH,32,688,00049328,0,1,1,4294967295,0,0
oInvCollPH,32,704,0013DF36,0,1,1,4294967295,0,0
oInvCollPH,32,720,003CDD25,0,1,1,4294967295,0,0
oInvCollPH,16,720,00037060,0,1,1,4294967295,0,0
oInvCollPH,0,720,00143DEA,0,1,1,4294967295,0,0
oInvCollPH,224,576,0029CD33,0,1,1,4294967295,0,0
oInvCollPH,240,576,0001DE81,0,1,1,4294967295,0,0
oInvCollPH,256,576,001AC399,0,1,1,4294967295,0,0
oInvCollPH,112,320,003FD451,0,1,1,4294967295,0,0
oInvCollPH,128,320,000C5F73,0,1,1,4294967295,0,0
oInvCollPH,192,208,00268543,0,1,1,4294967295,0,0
oInvCollPH,208,208,000448AF,0,1,1,4294967295,0,0
oInvCollPH,224,208,003095C2,0,1,1,4294967295,0,0
oInvCollPH,336,176,0008D211,0,1,1,4294967295,0,0
oInvCollPH,336,192,00361B58,0,1,1,4294967295,0,0
oInvCollPH,336,208,000D1D02,0,1,1,4294967295,0,0
oInvCollPH,336,224,002E76B5,0,1,1,4294967295,0,0
oInvCollPH,336,240,0029C1F7,0,1,1,4294967295,0,0
oInvCollPH,336,256,002753E6,0,1,1,4294967295,0,0
oInvCollPH,336,272,0004D6BD,0,1,1,4294967295,0,0
oInvCollPH,336,288,002D854E,0,1,1,4294967295,0,0
oInvCollPH,336,304,0026347F,0,1,1,4294967295,0,0
oInvCollPH,336,416,0026C4C8,0,1,1,4294967295,0,0
oInvCollPH,336,400,00288F85,0,1,1,4294967295,0,0
oInvCollPH,336,384,001AB422,0,1,1,4294967295,0,0
oInvCollPH,336,320,001C17D7,0,1,1,4294967295,0,0
oInvCollPH,336,336,002AABF7,0,1,1,4294967295,0,0
oInvCollPH,336,352,003016BE,0,1,1,4294967295,0,0
oInvCollPH,336,368,003D5844,0,1,1,4294967295,0,0
oInvCollPH,432,432,0015043E,0,1,1,4294967295,0,0
oInvCollPH,416,432,000F0695,0,1,1,4294967295,0,0
oInvCollPH,400,432,003AF60C,0,1,1,4294967295,0,0
oInvCollPH,384,416,003F6E1A,0,1,1,4294967295,0,0
oInvCollPH,384,400,00179AB7,0,1,1,4294967295,0,0
oInvCollPH,384,384,00232937,0,1,1,4294967295,0,0
oInvCollPH,384,368,0029E311,0,1,1,4294967295,0,0
oInvCollPH,384,352,0022CE55,0,1,1,4294967295,0,0
oInvCollPH,384,336,00312747,0,1,1,4294967295,0,0
oInvCollPH,384,320,002D414C,0,1,1,4294967295,0,0
oInvCollPH,384,304,00225930,0,1,1,4294967295,0,0
oInvCollPH,384,288,002C3996,0,1,1,4294967295,0,0
oInvCollPH,384,272,0018E888,0,1,1,4294967295,0,0
oInvCollPH,384,256,00198379,0,1,1,4294967295,0,0
oInvCollPH,384,240,002237B0,0,1,1,4294967295,0,0
oInvCollPH,384,224,0022F4DB,0,1,1,4294967295,0,0
oInvCollPH,384,208,003F7D62,0,1,1,4294967295,0,0
oInvCollPH,384,192,003DB1F0,0,1,1,4294967295,0,0
oInvCollPH,384,176,003C2C1F,0,1,1,4294967295,0,0
oInvCollPH,384,160,001A6D61,0,1,1,4294967295,0,0
oInvCollPH,368,160,002AD64B,0,1,1,4294967295,0,0
oInvCollPH,352,160,0022667A,0,1,1,4294967295,0,0
oInvCollPH,640,736,0005D2C1,0,1,1,4294967295,0,0
oInvCollPH,656,736,002AA974,0,1,1,4294967295,0,0
oInvCollPH,672,736,001CB65E,0,1,1,4294967295,0,0
oInvCollPH,688,736,00391250,0,1,1,4294967295,0,0
oInvCollPH,704,736,002AFA10,0,1,1,4294967295,0,0
oInvCollPH,720,736,001AA27B,0,1,1,4294967295,0,0
oInvCollPH,736,736,001C886A,0,1,1,4294967295,0,0
oInvCollPH,752,736,00332199,0,1,1,4294967295,0,0
oInvCollPH,768,736,0014E455,0,1,1,4294967295,0,0
oInvCollPH,784,736,00362A7B,0,1,1,4294967295,0,0
oInvCollPH,464,672,00057322,0,1,1,4294967295,0,0
oInvCollPH,480,672,0015D527,0,1,1,4294967295,0,0
oInvCollPH,496,672,003D9C7F,0,1,1,4294967295,0,0
oInvCollPH,512,672,00293DE0,0,1,1,4294967295,0,0
oInvCollPH,528,672,00258C35,0,1,1,4294967295,0,0
oInvCollPH,544,672,0005FB0C,0,1,1,4294967295,0,0
oInvCollPH,560,672,002B6FF8,0,1,1,4294967295,0,0
oInvCollPH,448,432,0014366E,0,1,1,4294967295,0,0
oInvCollPH,464,432,000394D9,0,1,1,4294967295,0,0
oInvCollPH,480,432,00173F52,0,1,1,4294967295,0,0
oInvCollPH,336,448,001C6E6A,0,1,1,4294967295,0,0
oInvCollPH,832,640,0029E48F,0,1,1,4294967295,0,0
oInvCollPH,848,640,002496CD,0,1,1,4294967295,0,0
oInvCollPH,864,640,001C57B2,0,1,1,4294967295,0,0
oInvCollPH,736,544,0021FAF0,0,1,1,4294967295,0,0
oInvCollPH,752,544,0019DB2C,0,1,1,4294967295,0,0
oInvCollPH,768,544,0009259C,0,1,1,4294967295,0,0
oInvCollPH,640,448,003C1CC8,0,1,1,4294967295,0,0
oInvCollPH,656,448,0031DDFB,0,1,1,4294967295,0,0
oInvCollPH,672,448,002B82BA,0,1,1,4294967295,0,0
oInvCollPH,544,352,0020852A,0,1,1,4294967295,0,0
oInvCollPH,560,352,002C0123,0,1,1,4294967295,0,0
oInvCollPH,576,352,0004F1C4,0,1,1,4294967295,0,0
oInvCollPH,448,256,001C4EAB,0,1,1,4294967295,0,0
oInvCollPH,464,256,0003224F,0,1,1,4294967295,0,0
oInvCollPH,480,256,000D67B0,0,1,1,4294967295,0,0
oInvCollPH,800,736,002A5667,0,1,1,4294967295,0,0
oInvCollPH,800,752,002E8767,0,1,1,4294967295,0,0
oInvCollPH,800,768,000AC590,0,1,1,4294967295,0,0
oInvCollPH,832,784,001CA5BD,0,1,1,4294967295,0,0
oInvCollPH,848,784,002F7226,0,1,1,4294967295,0,0
oInvCollPH,864,784,003F4046,0,1,1,4294967295,0,0
oInvCollPH,896,304,00303658,0,1,1,4294967295,0,0
oInvCollPH,720,48,0026EBF1,0,1,1,4294967295,0,0
oInvCollPH,720,64,003E4E80,0,1,1,4294967295,0,0
oInvCollPH,720,80,00117658,0,1,1,4294967295,0,0
oInvCollPH,720,96,002D57FE,0,1,1,4294967295,0,0
oInvCollPH,720,112,0010AF39,0,1,1,4294967295,0,0
oInvCollPH,720,128,00057ED7,0,1,1,4294967295,0,0
oInvCollPH,720,144,00188D37,0,1,1,4294967295,0,0
oInvCollPH,720,160,003E4067,0,1,1,4294967295,0,0
oInvCollPH,976,352,000E4D05,0,1,1,4294967295,0,0
oInvCollPH,976,368,001A3395,0,1,1,4294967295,0,0
oInvCollPH,976,384,0007FBE3,0,1,1,4294967295,0,0
oInvCollPH,976,400,003FC3FF,0,1,1,4294967295,0,0
oInvCollPH,976,416,002A377B,0,1,1,4294967295,0,0
oInvCollPH,976,432,0017A25A,0,1,1,4294967295,0,0
oInvCollPH,976,448,0039B870,0,1,1,4294967295,0,0
oInvCollPH,976,464,003885F2,0,1,1,4294967295,0,0
oInvCollPH,976,480,003CA130,0,1,1,4294967295,0,0
oInvCollPH,976,720,00358CCF,0,1,1,4294967295,0,0
oInvCollPH,976,704,0014080A,0,1,1,4294967295,0,0
oInvCollPH,976,688,002C203A,0,1,1,4294967295,0,0
oInvCollPH,976,672,000B3135,0,1,1,4294967295,0,0
oInvCollPH,976,592,000DA767,0,1,1,4294967295,0,0
oInvCollPH,976,608,001BAC9A,0,1,1,4294967295,0,0
oInvCollPH,976,624,002BD404,0,1,1,4294967295,0,0
oInvCollPH,976,640,00085B5D,0,1,1,4294967295,0,0
oInvCollPH,976,656,00215951,0,1,1,4294967295,0,0
oInvCollPH,976,528,0019C506,0,1,1,4294967295,0,0
oInvCollPH,976,544,002FD738,0,1,1,4294967295,0,0
oInvCollPH,976,496,0025C7C1,0,1,1,4294967295,0,0
oInvCollPH,976,512,00403F44,0,1,1,4294967295,0,0
oInvCollPH,976,560,0009B46D,0,1,1,4294967295,0,0
oInvCollPH,976,576,0024AE63,0,1,1,4294967295,0,0
oInvCollPH,0,32,00251E2D,0,1,1,4294967295,0,0
oInvCollPH,16,32,003847B0,0,1,1,4294967295,0,0
oInvCollPH,32,32,00231EF0,0,1,1,4294967295,0,0
oInvCollPH,48,32,001681D1,0,1,1,4294967295,0,0
oInvCollPH,64,32,00270EA2,0,1,1,4294967295,0,0
oInvCollPH,80,32,0012ABC3,0,1,1,4294967295,0,0
oInvCollPH,96,32,003CB247,0,1,1,4294967295,0,0
oInvCollPH,112,32,003E6410,0,1,1,4294967295,0,0
oInvCollPH,128,32,003C558C,0,1,1,4294967295,0,0
oInvCollPH,144,32,00095A89,0,1,1,4294967295,0,0
oInvCollPH,704,32,00019ECC,0,1,1,4294967295,0,0
oInvCollPH,688,32,000EBDD8,0,1,1,4294967295,0,0
oInvCollPH,672,32,0038826F,0,1,1,4294967295,0,0
oInvCollPH,656,32,0021EF05,0,1,1,4294967295,0,0
oInvCollPH,640,32,0012C573,0,1,1,4294967295,0,0
oInvCollPH,624,32,0024768F,0,1,1,4294967295,0,0
oInvCollPH,608,32,002F44E4,0,1,1,4294967295,0,0
oInvCollPH,592,32,001867AF,0,1,1,4294967295,0,0
oInvCollPH,576,32,0005C8DA,0,1,1,4294967295,0,0
oInvCollPH,560,32,002C0F93,0,1,1,4294967295,0,0
oInvCollPH,240,32,00086FD6,0,1,1,4294967295,0,0
oInvCollPH,288,32,000CCBBC,0,1,1,4294967295,0,0
oInvCollPH,304,32,001DD14E,0,1,1,4294967295,0,0
oInvCollPH,256,32,0014E557,0,1,1,4294967295,0,0
oInvCollPH,272,32,0007050F,0,1,1,4294967295,0,0
oInvCollPH,464,32,002898BA,0,1,1,4294967295,0,0
oInvCollPH,448,32,0023D9E8,0,1,1,4294967295,0,0
oInvCollPH,432,32,0022B9C0,0,1,1,4294967295,0,0
oInvCollPH,416,32,001709E5,0,1,1,4294967295,0,0
oInvCollPH,400,32,003E21D6,0,1,1,4294967295,0,0
oInvCollPH,160,32,00328AEC,0,1,1,4294967295,0,0
oInvCollPH,176,32,003FC525,0,1,1,4294967295,0,0
oInvCollPH,192,32,00381D1B,0,1,1,4294967295,0,0
oInvCollPH,208,32,001782E0,0,1,1,4294967295,0,0
oInvCollPH,224,32,002AA516,0,1,1,4294967295,0,0
oInvCollPH,320,32,002202EF,0,1,1,4294967295,0,0
oInvCollPH,336,32,00029CDD,0,1,1,4294967295,0,0
oInvCollPH,352,32,000FB609,0,1,1,4294967295,0,0
oInvCollPH,368,32,00198AFC,0,1,1,4294967295,0,0
oInvCollPH,384,32,0039A613,0,1,1,4294967295,0,0
oInvCollPH,544,32,001EBEF4,0,1,1,4294967295,0,0
oInvCollPH,528,32,0027540A,0,1,1,4294967295,0,0
oInvCollPH,512,32,001338A9,0,1,1,4294967295,0,0
oInvCollPH,496,32,0021EBBA,0,1,1,4294967295,0,0
oInvCollPH,480,32,0016FA17,0,1,1,4294967295,0,0
oInvCollPH,496,432,003394DF,0,1,1,4294967295,0,0
oInvCollPH,512,432,000539C2,0,1,1,4294967295,0,0
oInvCollPH,544,432,00371B2E,0,1,1,4294967295,0,0
oInvCollPH,544,448,001D7DF9,0,1,1,4294967295,0,0
oInvCollPH,544,464,0018F1AA,0,1,1,4294967295,0,0
oInvCollPH,416,512,001DA294,0,1,1,4294967295,0,0
oInvCollPH,432,512,001374F5,0,1,1,4294967295,0,0
oInvCollPH,448,512,00374623,0,1,1,4294967295,0,0
oInvCollPH,464,512,001DF2F9,0,1,1,4294967295,0,0
oInvCollSM,352,480,00020C58,0,1,1,4294967295,0,0
oInvCollSM,368,480,001776A9,0,1,1,4294967295,0,0
oInvCollSM,384,480,002888B4,0,1,1,4294967295,0,0
oInvCollSM,400,480,003D6D43,0,1,1,4294967295,0,0
oInvCollSM,416,480,0033F432,0,1,1,4294967295,0,0
oInvCollSM,480,480,002AD171,0,1,1,4294967295,0,0
oInvCollSM,496,480,001DEC04,0,1,1,4294967295,0,0
oInvCollSM,512,480,003CB20B,0,1,1,4294967295,0,0
oInvCollSM,528,480,002A3698,0,1,1,4294967295,0,0
oInvCollPH,528,432,0027363A,0,1,1,4294967295,0,0
oInvCollPH,480,512,00246FBD,0,1,1,4294967295,0,0
oInvCollSM,544,480,002EF31E,0,1,1,4294967295,0,0
oInvCollPH,416,464,0035AFFA,0,1,1,4294967295,0,0
oInvCollPH,432,448,003FE568,0,1,1,4294967295,0,0
oInvCollPH,448,448,000D7004,0,1,1,4294967295,0,0
oInvCollPH,400,512,0038457F,0,1,1,4294967295,0,0
oInvCollPH,496,512,0036687D,0,1,1,4294967295,0,0
oInvisibleSolid,0,800,00241BF4,0,1,1,4294967295,0,1
oInvisibleRupLowSlope,192,784,0000B870,0,1,1,4294967295,0,0
oInvisibleRupLowSlope,224,768,002EF2BB,0,1,1,4294967295,0,0
oInvisibleRupLowSlope,256,752,001E74FD,0,1,1,4294967295,0,0
oInvisibleRupLowSlope,288,736,0007C5A1,0,1,1,4294967295,0,0
oInvisibleRupLowSlope,320,720,000DBF87,0,1,1,4294967295,0,0
oInvisibleRupLowSlope,352,704,00108E82,0,1,1,4294967295,0,0
oInvisibleRupLowSlope,384,688,0004EB25,0,1,1,4294967295,0,0
oInvisibleRupLowSlope,416,672,003D661F,0,1,1,4294967295,0,0
oInvisibleSolid,448,672,001B5B90,0,1,1,4294967295,0,1
oInvisibleSolid,416,688,000CE5D5,0,1,1,4294967295,0,1
oInvisibleSolid,224,784,00285334,0,1,1,4294967295,0,1
oInvisibleSolid,256,768,003D2E75,0,1,1,4294967295,0,1
oInvisibleSolid,288,752,003CF89C,0,1,1,4294967295,0,1
oInvisibleSolid,320,736,0009A75D,0,1,1,4294967295,0,1
oInvisibleSolid,352,720,000EAD27,0,1,1,4294967295,0,1
oInvisibleSolid,384,704,0007835D,0,1,1,4294967295,0,1
oInvisibleSolid,0,0,0002BB62,0,1,1,4294967295,0,1
oInvisibleSolid,0,112,00136473,0,1,1,4294967295,0,1
oInvisibleSolid,48,112,0005AC46,0,1,1,4294967295,0,1
oInvisibleSolid,48,464,0019BBBB,0,1,1,4294967295,0,1
oInvisibleSolid,176,208,002F6096,0,1,1,4294967295,0,1
oInvisibleSolid,96,320,003D4010,0,1,1,4294967295,0,1
oInvisibleSolid,208,576,000C9FFB,0,1,1,4294967295,0,1
oInvisibleSolid,336,160,00002371,0,1,1,4294967295,0,1
oInvisibleLupSlope,576,672,00033F11,0,1,1,4294967295,0,0
oInvisibleLupSlope,592,688,000260FF,0,1,1,4294967295,0,0
oInvisibleLupSlope,608,704,000B6014,0,1,1,4294967295,0,0
oInvisibleLupSlope,624,720,00256B36,0,1,1,4294967295,0,0
oInvisibleSolid,624,736,002EA81C,0,1,1,4294967295,0,1
oInvisibleSolid,576,688,000F6303,0,1,1,4294967295,0,1
oInvisibleSolid,592,704,0003C2ED,0,1,1,4294967295,0,1
oInvisibleSolid,608,720,0002DE5A,0,1,1,4294967295,0,1
oInvisibleSolid,336,432,001FB83A,0,1,1,4294967295,0,1
oInvisibleSolid,432,256,003C9C61,0,1,1,4294967295,0,1
oInvisibleSolid,528,352,0034BF7C,0,1,1,4294967295,0,1
oInvisibleSolid,624,448,003AAE80,0,1,1,4294967295,0,1
oInvisibleSolid,720,544,003A1D0B,0,1,1,4294967295,0,1
oInvisibleSolid,816,640,0033EFE9,0,1,1,4294967295,0,1
oInvisibleRCeilingSlope,752,192,00349AD6,0,1,1,4294967295,0,0
oInvisibleRCeilingSlope,768,208,0014ED5E,0,1,1,4294967295,0,0
oInvisibleRCeilingSlope,784,224,0019526F,0,1,1,4294967295,0,0
oInvisibleRCeilingSlope,800,240,003BABE4,0,1,1,4294967295,0,0
oInvisibleRCeilingSlope,816,256,001DEA06,0,1,1,4294967295,0,0
oInvisibleRCeilingSlope,832,272,000F6859,0,1,1,4294967295,0,0
oInvisibleRCeilingSlope,848,288,0027E9C2,0,1,1,4294967295,0,0
oInvisibleRCeilingSlope,864,304,0029B1E6,0,1,1,4294967295,0,0
oInvisibleRCeilingLowSlope,912,320,0020F1AC,0,1,1,4294967295,0,0
oInvisibleRCeilingLowSlope,944,336,0012FB9C,0,1,1,4294967295,0,0
oInvisibleRupLowSlope,880,768,003DE038,0,1,1,4294967295,0,0
oInvisibleRupLowSlope,912,752,001FC4B6,0,1,1,4294967295,0,0
oInvisibleRupLowSlope,944,736,0021A015,0,1,1,4294967295,0,0
oInvisibleSolid,816,784,002FE94D,0,1,1,4294967295,0,1
oInvisibleSolid,912,768,00278852,0,1,1,4294967295,0,1
oInvisibleSolid,944,752,0036C8C6,0,1,1,4294967295,0,1
oInvisibleSolid,976,336,000E08B0,0,1,1,4294967295,0,1
oInvisibleSolid,944,320,0037EEEE,0,1,1,4294967295,0,1
oInvisibleSolid,880,304,0006991D,0,1,1,4294967295,0,1
oInvisibleSolid,864,288,002D98AD,0,1,1,4294967295,0,1
oInvisibleSolid,848,272,00067BBF,0,1,1,4294967295,0,1
oInvisibleSolid,832,256,00325DCF,0,1,1,4294967295,0,1
oInvisibleSolid,816,240,002FFB0C,0,1,1,4294967295,0,1
oInvisibleSolid,800,224,000B7956,0,1,1,4294967295,0,1
oInvisibleSolid,784,208,0001DB25,0,1,1,4294967295,0,1
oInvisibleSolid,768,192,003FA24E,0,1,1,4294967295,0,1
oInvisibleSolid,736,176,0038FC36,0,1,1,4294967295,0,1
oInvisibleSolid,720,0,00337E9E,0,1,1,4294967295,0,1
oInvisibleSolid,384,512,002A8D03,0,1,1,4294967295,0,1
oInvisibleSolidMorph,336,480,00136591,0,1,1,4294967295,0,1
oInvisibleSolidMorph,464,480,003A4B84,0,1,1,4294967295,0,1
oInvisibleSolid,336,464,00371A29,0,1,1,4294967295,0,1
oInvisibleSolid,464,464,003D22D2,0,1,1,4294967295,0,1
