oExit,72,224,0023BFA4,0,1,1,4294967295,0,1
oLevelDecal,408,88,00311ECC,0,1,1,4294967295,0,1
oLevelDecal,408,168,003917A1,0,1,1,4294967295,0,1
oLevelDecal,504,88,001AE343,0,1,1,4294967295,0,1
oLevelDecal,504,168,0014A6FA,0,1,1,4294967295,0,1
oSmallGlow,408,88,00374F4D,0,1,1,4294967295,0,1
oSmallGlow,504,88,002F6077,0,1,1,4294967295,0,1
oSmallGlow,504,168,0024D30F,0,1,1,4294967295,0,1
oSmallGlow,408,168,0000C42A,0,1,1,4294967295,0,1
oSlavePlatform,352,272,002E4627,0,1,1,4294967295,0,1
oPlayer1,112,272,0016C6F1,0,1,1,4294967295,0,0
oMarioLava,512,304,002D2887,0,1,1,4294967295,0,1
oMarioLava,352,304,0030B38B,0,1,1,4294967295,0,1
oInvCollPH,80,256,001709F6,0,1,1,4294967295,0,0
oInvCollPH,416,288,0000929D,0,1,1,4294967295,0,0
oInvCollPH,416,304,00368801,0,1,1,4294967295,0,0
oInvCollPH,432,272,00403845,0,1,1,4294967295,0,0
oInvCollPH,448,272,003792D1,0,1,1,4294967295,0,0
oInvCollPH,464,272,002E5DFA,0,1,1,4294967295,0,0
oInvCollPH,480,272,003051A6,0,1,1,4294967295,0,0
oInvCollPH,496,272,0018C2AC,0,1,1,4294967295,0,0
oInvCollPH,496,288,003D8B41,0,1,1,4294967295,0,0
oInvCollPH,496,304,0004C120,0,1,1,4294967295,0,0
oInvCollPH,128,192,0015F764,0,1,1,4294967295,0,0
oInvCollPH,144,192,00199C13,0,1,1,4294967295,0,0
oInvCollPH,160,192,003F234D,0,1,1,4294967295,0,0
oInvCollPH,176,192,000D761D,0,1,1,4294967295,0,0
oInvCollPH,192,192,000A9EC1,0,1,1,4294967295,0,0
oInvCollPH,208,192,002C6F33,0,1,1,4294967295,0,0
oInvCollPH,224,192,00230CDA,0,1,1,4294967295,0,0
oInvCollPH,240,192,00284B94,0,1,1,4294967295,0,0
oInvCollPH,256,192,0033CA35,0,1,1,4294967295,0,0
oInvCollPH,272,192,0017C320,0,1,1,4294967295,0,0
oInvCollPH,272,176,0037BF53,0,1,1,4294967295,0,0
oInvCollPH,592,272,0028DB95,0,1,1,4294967295,0,0
oInvCollPH,608,272,0025D7A8,0,1,1,4294967295,0,0
oInvCollPH,624,272,002D6CDE,0,1,1,4294967295,0,0
oInvCollPH,576,288,0012A091,0,1,1,4294967295,0,0
oInvCollPH,576,304,0024FA22,0,1,1,4294967295,0,0
oInvCollPH,48,272,0007B8CE,0,1,1,4294967295,0,0
oInvCollPH,96,272,00015F3A,0,1,1,4294967295,0,0
oInvCollPH,112,272,002705BF,0,1,1,4294967295,0,0
oInvCollPH,128,272,000A6593,0,1,1,4294967295,0,0
oInvCollPH,144,272,001D32CD,0,1,1,4294967295,0,0
oInvCollPH,160,272,002D71A5,0,1,1,4294967295,0,0
oInvCollPH,176,272,00094E2F,0,1,1,4294967295,0,0
oInvCollPH,336,304,002492D8,0,1,1,4294967295,0,0
oInvCollPH,336,288,003C56C4,0,1,1,4294967295,0,0
oInvCollPH,336,272,0029578E,0,1,1,4294967295,0,0
oInvCollPH,320,272,0030B405,0,1,1,4294967295,0,0
oInvCollPH,304,272,0006BE7B,0,1,1,4294967295,0,0
oInvCollPH,288,272,00021F79,0,1,1,4294967295,0,0
oInvCollPH,272,272,001E9943,0,1,1,4294967295,0,0
oInvCollPH,192,272,000AD1F7,0,1,1,4294967295,0,0
oInvCollPH,208,272,00260D08,0,1,1,4294967295,0,0
oInvCollPH,224,272,0029A312,0,1,1,4294967295,0,0
oInvCollPH,240,272,00203383,0,1,1,4294967295,0,0
oInvCollPH,256,272,001474FE,0,1,1,4294967295,0,0
oInvCollPH,16,176,00341C0A,0,1,1,4294967295,0,0
oInvCollPH,16,192,0033784C,0,1,1,4294967295,0,0
oInvCollPH,16,208,0008806E,0,1,1,4294967295,0,0
oInvCollPH,16,224,002A0605,0,1,1,4294967295,0,0
oInvCollPH,16,240,0027A02B,0,1,1,4294967295,0,0
oInvCollPH,16,256,002900C0,0,1,1,4294967295,0,0
oInvCollPH,640,48,000C7AC9,0,1,1,4294967295,0,0
oInvCollPH,640,64,00215065,0,1,1,4294967295,0,0
oInvCollPH,640,80,0025D307,0,1,1,4294967295,0,0
oInvCollPH,640,96,000765B6,0,1,1,4294967295,0,0
oInvCollPH,640,112,002140B1,0,1,1,4294967295,0,0
oInvCollPH,640,128,0004AEE6,0,1,1,4294967295,0,0
oInvCollPH,640,144,00148F9B,0,1,1,4294967295,0,0
oInvCollPH,640,160,003912A0,0,1,1,4294967295,0,0
oInvCollPH,640,176,0025003D,0,1,1,4294967295,0,0
oInvCollPH,640,192,001ACF64,0,1,1,4294967295,0,0
oInvCollPH,640,208,002D9D8F,0,1,1,4294967295,0,0
oInvCollPH,640,224,000D426D,0,1,1,4294967295,0,0
oInvCollPH,640,240,000975E4,0,1,1,4294967295,0,0
oInvCollPH,640,256,0035782F,0,1,1,4294967295,0,0
oInvCollPH,288,32,00378A18,0,1,1,4294967295,0,0
oInvCollPH,304,32,00375B93,0,1,1,4294967295,0,0
oInvCollPH,320,32,000F0D6C,0,1,1,4294967295,0,0
oInvCollPH,336,32,0014512E,0,1,1,4294967295,0,0
oInvCollPH,352,32,001E18FC,0,1,1,4294967295,0,0
oInvCollPH,368,32,001ED3A7,0,1,1,4294967295,0,0
oInvCollPH,384,32,002EA966,0,1,1,4294967295,0,0
oInvCollPH,400,32,0035F811,0,1,1,4294967295,0,0
oInvCollPH,416,32,002F5FB7,0,1,1,4294967295,0,0
oInvCollPH,432,32,002DF536,0,1,1,4294967295,0,0
oInvCollPH,624,32,0022AC3D,0,1,1,4294967295,0,0
oInvCollPH,608,32,003F3368,0,1,1,4294967295,0,0
oInvCollPH,592,32,001385C9,0,1,1,4294967295,0,0
oInvCollPH,576,32,00086492,0,1,1,4294967295,0,0
oInvCollPH,560,32,000E41CA,0,1,1,4294967295,0,0
oInvCollPH,544,32,00392076,0,1,1,4294967295,0,0
oInvCollPH,528,32,002A4175,0,1,1,4294967295,0,0
oInvCollPH,512,32,0034CD90,0,1,1,4294967295,0,0
oInvCollPH,496,32,0010045D,0,1,1,4294967295,0,0
oInvCollPH,480,32,002C5DC4,0,1,1,4294967295,0,0
oInvCollPH,448,32,003F6D2C,0,1,1,4294967295,0,0
oInvCollPH,464,32,0004B086,0,1,1,4294967295,0,0
oInvCollPH,32,160,0020866C,0,1,1,4294967295,0,0
oInvCollPH,48,160,00368E1A,0,1,1,4294967295,0,0
oInvCollPH,64,160,0022C7C2,0,1,1,4294967295,0,0
oInvCollPH,80,160,0026B37E,0,1,1,4294967295,0,0
oInvCollPH,96,160,002BADDB,0,1,1,4294967295,0,0
oInvCollPH,112,160,0003FDAA,0,1,1,4294967295,0,0
oInvCollPH,272,48,0037BBD0,0,1,1,4294967295,0,0
oInvCollPH,272,64,000B7D2E,0,1,1,4294967295,0,0
oInvCollPH,272,80,0023980C,0,1,1,4294967295,0,0
oInvCollPH,272,96,002B30AB,0,1,1,4294967295,0,0
oInvCollPH,272,112,00221C4F,0,1,1,4294967295,0,0
oInvCollPH,272,128,002B5096,0,1,1,4294967295,0,0
oInvCollPH,272,144,001C178B,0,1,1,4294967295,0,0
oInvCollPH,272,160,002F864B,0,1,1,4294967295,0,0
oInvCollPH,368,320,000BD6D9,0,1,1,4294967295,0,0
oInvCollPH,384,320,003569D7,0,1,1,4294967295,0,0
oInvCollPH,400,320,000D5EA2,0,1,1,4294967295,0,0
oInvCollPH,528,320,000D9DC0,0,1,1,4294967295,0,0
oInvCollPH,544,320,000598EE,0,1,1,4294967295,0,0
oInvCollPH,560,320,0013D2F6,0,1,1,4294967295,0,0
oInvisibleSolid,64,256,002DE29C,0,1,1,4294967295,0,1
oInvisibleSolid,32,272,0036CC3B,0,1,1,4294967295,0,1
oInvisibleSolid,640,0,001C4EF0,0,1,1,4294967295,0,1
oInvisibleSolid,0,0,0032B669,0,1,1,4294967295,0,1
oInvisibleSolid,32,0,002080B9,0,1,1,4294967295,0,1
oInvisibleSolid,288,0,0036E5C6,0,1,1,4294967295,0,1
oInvisibleSolid,128,176,00094207,0,1,1,4294967295,0,1
oInvisibleSolid,416,272,000D13FD,0,1,1,4294967295,0,1
oInvisibleSolid,576,272,000951EB,0,1,1,4294967295,0,1
oInvisibleSolid,352,320,0013E073,0,1,1,4294967295,0,1
oInvisibleSolid,512,320,0035C0BD,0,1,1,4294967295,0,1
