oDist_OrganB,3712,80,00297114,0,1,1,4294967295,0,0
oDist_OrganB,3840,48,00295323,0,1,1,4294967295,0,0
oDist_OrganB,3600,48,00268400,0,1,1,4294967295,0,0
oDist_OrganB,3344,64,0020221D,0,1,1,4294967295,0,0
oDist_OrganB,3168,48,0013F8F9,0,1,1,4294967295,0,0
oDist_OrganB,2976,64,002D72D5,0,1,1,4294967295,0,0
oDist_OrganB,2768,80,002BACD5,0,1,1,4294967295,0,0
oDist_OrganB,2608,48,000931F9,0,1,1,4294967295,0,0
oDist_OrganB,2400,64,003D88C2,0,1,1,4294967295,0,0
oDist_OrganB,2160,80,000D00FF,0,1,1,4294967295,0,0
oDist_OrganB,1920,48,0000A06C,0,1,1,4294967295,0,0
oDist_OrganB,1760,80,0031C888,0,1,1,4294967295,0,0
oDist_OrganB,1520,48,00243F83,0,1,1,4294967295,0,0
oDist_OrganB,1328,64,000EE850,0,1,1,4294967295,0,0
oDist_OrganB,1104,80,0038E944,0,1,1,4294967295,0,0
oDist_OrganB,848,64,002128E3,0,1,1,4294967295,0,0
oDist_OrganB,656,48,002DFB92,0,1,1,4294967295,0,0
oDist_OrganB,512,80,0016948E,0,1,1,4294967295,0,0
oDist_OrganB,352,64,003FB7A8,0,1,1,4294967295,0,0
oDist_OrganB,240,48,00054192,0,1,1,4294967295,0,0
oExit,0,256,000BC96E,0,1,1,4294967295,0,1
oExit,4080,256,000A8C09,0,1,1,4294967295,0,1
oDist_OrganA,32,160,0034B880,0,1,1,4294967295,0,1
oDist_OrganA,496,160,0003B870,0,1,1,4294967295,0,1
oDist_OrganA,848,160,00106CBF,0,1,1,4294967295,0,1
oDist_OrganA,1776,160,002A0607,0,1,1,4294967295,0,1
oDist_OrganA,2176,304,00315808,0,1,1,4294967295,0,1
oDist_OrganA,2864,160,00243173,0,1,1,4294967295,0,1
oDist_OrganA,3696,304,003F2E59,0,1,1,4294967295,0,1
oDist_OrganA,3808,192,00070DBF,0,1,1,4294967295,0,1
oDist_OrganB,1184,302,000CE210,0,1,1,4294967295,0,1
oDist_OrganB,1568,144,00321BF9,0,1,1,4294967295,0,1
oDist_OrganB,2304,160,003169C0,0,1,1,4294967295,0,1
oDist_OrganB,3392,160,0030B4A5,0,1,1,4294967295,0,1
oDist_OrganB,4048,144,0002EE8F,0,1,1,4294967295,0,1
oPlayer1,48,288,00058302,0,1,1,4294967295,0,0
oInvisibleSolid,0,192,003E51FD,0,1,1,4294967295,0,1
oInvisibleSolid,0,128,001D25FA,0,1,1,4294967295,0,1
oInvisibleSolid,0,96,002CCE95,0,1,1,4294967295,0,1
oInvisibleSolid,0,64,0031DF24,0,1,1,4294967295,0,1
oInvisibleSolid,0,0,001BB4ED,0,1,1,4294967295,0,1
oInvisibleSolid,0,288,00032DE1,0,1,1,4294967295,0,1
oInvisibleSolid,704,256,0012634E,0,1,1,4294967295,0,1
oInvisibleSolid,832,256,00269ED3,0,1,1,4294967295,0,1
oInvisibleSolid,1088,240,00086308,0,1,1,4294967295,0,1
oInvisibleSolid,1280,192,0012E212,0,1,1,4294967295,0,1
oInvisibleSolid,1376,240,00276A42,0,1,1,4294967295,0,1
oInvisibleSolid,1472,256,002787E4,0,1,1,4294967295,0,1
oInvisibleSolid,1568,256,00164F8D,0,1,1,4294967295,0,1
oInvisibleSolid,1696,256,0017D036,0,1,1,4294967295,0,1
oInvisibleSolid,1856,240,00128487,0,1,1,4294967295,0,1
oInvisibleSolid,1952,240,000407FB,0,1,1,4294967295,0,1
oInvisibleSolid,2048,240,00021E6A,0,1,1,4294967295,0,1
oInvisibleSolid,2208,192,001C5B1A,0,1,1,4294967295,0,1
oInvisibleSolid,2560,192,00383246,0,1,1,4294967295,0,1
oInvisibleSolid,2368,256,00129BEB,0,1,1,4294967295,0,1
oInvisibleSolid,2464,256,0013A99A,0,1,1,4294967295,0,1
oInvisibleSolid,2656,256,003334DE,0,1,1,4294967295,0,1
oInvisibleSolid,2832,256,00057DFD,0,1,1,4294967295,0,1
oInvisibleSolid,3024,256,000F2E22,0,1,1,4294967295,0,1
oInvisibleSolid,2736,192,001EC325,0,1,1,4294967295,0,1
oInvisibleSolid,2928,192,00154414,0,1,1,4294967295,0,1
oInvisibleSolid,3120,192,002EED25,0,1,1,4294967295,0,1
oInvisibleSolid,3296,240,00167228,0,1,1,4294967295,0,1
oInvisibleSolid,3424,256,001EDB87,0,1,1,4294967295,0,1
oInvisibleSolid,3552,240,000A0043,0,1,1,4294967295,0,1
oInvisibleSolid,3680,192,0007A9E1,0,1,1,4294967295,0,1
oInvisibleSolid,4000,192,002128B6,0,1,1,4294967295,0,1
oInvisibleSolid,4032,0,0038DD79,0,1,1,4294967295,0,1
oInvisibleSolid,4000,64,0018083A,0,1,1,4294967295,0,1
oInvisibleSolid,3936,96,0038A827,0,1,1,4294967295,0,1
