oMetEleExit,232,176,003203BA,0,1,1,4294967295,0,1
oExit,0,848,0005F1C6,0,1,1,4294967295,0,1
oExit,464,704,003899F2,0,1,1,4294967295,0,1
oExit,0,400,000B0C13,0,1,1,4294967295,0,1
oExit,464,448,003F73D9,0,1,1,4294967295,0,1
oMetroidCheckpoint,80,128,0008141E,0,1,1,4294967295,0,0
oMetGeemer,240,320,002E81FF,0,1,1,4294967295,0,1
oMetGeemer,256,688,001D728F,0,1,1,4294967295,0,1
oMetRipper,352,768,000D5CEB,0,1,1,4294967295,0,1
oMetRipper,280,440,0015DBB1,0,1,1,4294967295,0,1
oPlayer1,248,176,000A849F,0,1,1,4294967295,0,0
oMetroidDoorHolder,16,400,00251991,0,1,1,4294967295,0,1
oMetroidDoorHolder,448,448,003239C5,0,1,1,4294967295,0,1
oMetroidDoorHolder,16,848,0001C0C6,0,1,1,4294967295,0,1
oMetroidDoorHolder,448,704,001606F6,0,1,1,4294967295,0,1
oInvCollPH,128,240,001A04AA,0,1,1,4294967295,0,0
oInvCollPH,144,240,002B12AB,0,1,1,4294967295,0,0
oInvCollPH,272,16,002AFD2F,0,1,1,4294967295,0,0
oInvCollPH,272,32,0030EF54,0,1,1,4294967295,0,0
oInvCollPH,272,48,002A8607,0,1,1,4294967295,0,0
oInvCollPH,272,64,00143BD8,0,1,1,4294967295,0,0
oInvCollPH,288,64,001A1EE7,0,1,1,4294967295,0,0
oInvCollPH,304,64,00249CB6,0,1,1,4294967295,0,0
oInvCollPH,320,64,00037887,0,1,1,4294967295,0,0
oInvCollPH,336,64,0031F35A,0,1,1,4294967295,0,0
oInvCollPH,352,64,003CA5C9,0,1,1,4294967295,0,0
oInvCollPH,368,64,0000B950,0,1,1,4294967295,0,0
oInvCollPH,384,64,000BB684,0,1,1,4294967295,0,0
oInvCollPH,400,64,002DFB45,0,1,1,4294967295,0,0
oInvCollPH,64,64,00275189,0,1,1,4294967295,0,0
oInvCollPH,80,64,002C88D7,0,1,1,4294967295,0,0
oInvCollPH,96,64,0024DCD3,0,1,1,4294967295,0,0
oInvCollPH,112,64,003FA6E2,0,1,1,4294967295,0,0
oInvCollPH,128,64,0025AE46,0,1,1,4294967295,0,0
oInvCollPH,144,64,00268E3D,0,1,1,4294967295,0,0
oInvCollPH,160,64,001D008E,0,1,1,4294967295,0,0
oInvCollPH,176,64,003CE325,0,1,1,4294967295,0,0
oInvCollPH,192,64,001F3819,0,1,1,4294967295,0,0
oInvCollPH,208,64,0002102B,0,1,1,4294967295,0,0
oInvCollPH,208,48,000657DC,0,1,1,4294967295,0,0
oInvCollPH,208,32,002B3B72,0,1,1,4294967295,0,0
oInvCollPH,208,16,0035FAF8,0,1,1,4294967295,0,0
oInvCollPH,208,0,00389020,0,1,1,4294967295,0,0
oInvCollPH,80,336,003B95CB,0,1,1,4294967295,0,0
oInvCollPH,96,336,000A3FB4,0,1,1,4294967295,0,0
oInvCollPH,224,304,003AABFF,0,1,1,4294967295,0,0
oInvCollPH,240,304,0026F449,0,1,1,4294967295,0,0
oInvCollPH,256,304,001D2F0A,0,1,1,4294967295,0,0
oInvCollPH,224,416,00263083,0,1,1,4294967295,0,0
oInvCollPH,240,416,00002731,0,1,1,4294967295,0,0
oInvCollPH,352,368,0037DA9C,0,1,1,4294967295,0,0
oInvCollPH,368,368,00009A66,0,1,1,4294967295,0,0
oInvCollPH,384,368,001A5CCA,0,1,1,4294967295,0,0
oInvCollPH,400,368,001D1D51,0,1,1,4294967295,0,0
oInvCollPH,352,256,003686AA,0,1,1,4294967295,0,0
oInvCollPH,368,240,003A70B3,0,1,1,4294967295,0,0
oInvCollPH,368,256,0031CE78,0,1,1,4294967295,0,0
oInvCollPH,384,224,003734D4,0,1,1,4294967295,0,0
oInvCollPH,400,208,0003797C,0,1,1,4294967295,0,0
oInvCollPH,384,256,00092ADF,0,1,1,4294967295,0,0
oInvCollPH,400,256,002555FA,0,1,1,4294967295,0,0
oInvCollPH,48,80,000A7D03,0,1,1,4294967295,0,0
oInvCollPH,48,96,0016AC14,0,1,1,4294967295,0,0
oInvCollPH,48,112,0023306A,0,1,1,4294967295,0,0
oInvCollPH,48,128,0012ED1B,0,1,1,4294967295,0,0
oInvCollPH,48,144,0035DCED,0,1,1,4294967295,0,0
oInvCollPH,80,160,0023C290,0,1,1,4294967295,0,0
oInvCollPH,96,160,000C715B,0,1,1,4294967295,0,0
oInvCollPH,48,192,00040E5E,0,1,1,4294967295,0,0
oInvCollPH,48,208,00170B43,0,1,1,4294967295,0,0
oInvCollPH,48,224,002460F0,0,1,1,4294967295,0,0
oInvCollPH,48,240,00194C1E,0,1,1,4294967295,0,0
oInvCollPH,48,256,0025D22F,0,1,1,4294967295,0,0
oInvCollPH,48,272,003C9420,0,1,1,4294967295,0,0
oInvCollPH,48,288,0015F820,0,1,1,4294967295,0,0
oInvCollPH,48,304,00189FA4,0,1,1,4294967295,0,0
oInvCollPH,48,320,0023B521,0,1,1,4294967295,0,0
oInvCollPH,48,352,000DCA0F,0,1,1,4294967295,0,0
oInvCollPH,32,352,002539C1,0,1,1,4294967295,0,0
oInvCollPH,16,352,001B5C01,0,1,1,4294967295,0,0
oInvCollPH,0,352,001A1826,0,1,1,4294967295,0,0
oInvCollPH,416,400,001CBB4B,0,1,1,4294967295,0,0
oInvCollPH,432,400,0026B996,0,1,1,4294967295,0,0
oInvCollPH,448,400,00299B2A,0,1,1,4294967295,0,0
oInvCollPH,464,400,00027490,0,1,1,4294967295,0,0
oInvCollPH,416,384,000E6145,0,1,1,4294967295,0,0
oInvCollPH,416,352,0022A77D,0,1,1,4294967295,0,0
oInvCollPH,416,336,0011A5F6,0,1,1,4294967295,0,0
oInvCollPH,416,320,00385ABB,0,1,1,4294967295,0,0
oInvCollPH,416,304,0039F07F,0,1,1,4294967295,0,0
oInvCollPH,416,288,001EAE20,0,1,1,4294967295,0,0
oInvCollPH,416,272,00327C71,0,1,1,4294967295,0,0
oInvCollPH,416,192,002304D4,0,1,1,4294967295,0,0
oInvCollPH,416,176,0004593D,0,1,1,4294967295,0,0
oInvCollPH,416,160,002E6D75,0,1,1,4294967295,0,0
oInvCollPH,416,144,002010EE,0,1,1,4294967295,0,0
oInvCollPH,416,128,002A5F0C,0,1,1,4294967295,0,0
oInvCollPH,416,112,0039B72A,0,1,1,4294967295,0,0
oInvCollPH,416,96,0031F6EE,0,1,1,4294967295,0,0
oInvCollPH,16,432,0016D1AB,0,1,1,4294967295,0,0
oInvCollPH,32,432,0009CF16,0,1,1,4294967295,0,0
oInvCollPH,48,432,003E2367,0,1,1,4294967295,0,0
oInvCollPH,64,432,0034B640,0,1,1,4294967295,0,0
oInvCollPH,80,432,00211110,0,1,1,4294967295,0,0
oInvCollPH,96,432,003C5CA8,0,1,1,4294967295,0,0
oInvCollPH,112,432,00099992,0,1,1,4294967295,0,0
oInvCollPH,112,448,00206561,0,1,1,4294967295,0,0
oInvCollPH,112,464,00186E48,0,1,1,4294967295,0,0
oInvCollPH,112,480,001D9E3A,0,1,1,4294967295,0,0
oInvCollPH,112,512,0023013D,0,1,1,4294967295,0,0
oInvCollPH,112,528,0020C6B9,0,1,1,4294967295,0,0
oInvCollPH,112,544,0002B3CF,0,1,1,4294967295,0,0
oInvCollPH,96,544,001678EB,0,1,1,4294967295,0,0
oInvCollPH,80,544,003E423B,0,1,1,4294967295,0,0
oInvCollPH,144,496,003D4E01,0,1,1,4294967295,0,0
oInvCollPH,160,496,00004AE2,0,1,1,4294967295,0,0
oInvCollPH,240,560,00201A92,0,1,1,4294967295,0,0
oInvCollPH,352,480,00207215,0,1,1,4294967295,0,0
oInvCollPH,320,496,0004AD19,0,1,1,4294967295,0,0
oInvCollPH,320,512,0013934D,0,1,1,4294967295,0,0
oInvCollPH,320,528,0006369F,0,1,1,4294967295,0,0
oInvCollPH,336,528,00363ACC,0,1,1,4294967295,0,0
oInvCollPH,224,576,00376AC2,0,1,1,4294967295,0,0
oInvCollPH,224,592,00188114,0,1,1,4294967295,0,0
oInvCollPH,240,576,001A10C6,0,1,1,4294967295,0,0
oInvCollPH,240,592,001983E0,0,1,1,4294967295,0,0
oInvCollPH,240,608,00257D84,0,1,1,4294967295,0,0
oInvCollPH,240,624,0013AB9C,0,1,1,4294967295,0,0
oInvCollPH,240,640,0016D3A5,0,1,1,4294967295,0,0
oInvCollPH,240,656,001B084A,0,1,1,4294967295,0,0
oInvCollPH,240,672,00145379,0,1,1,4294967295,0,0
oInvCollPH,240,688,000EED3B,0,1,1,4294967295,0,0
oInvCollPH,240,704,000E7C00,0,1,1,4294967295,0,0
oInvCollPH,224,624,00288B32,0,1,1,4294967295,0,0
oInvCollPH,224,640,003EDFD9,0,1,1,4294967295,0,0
oInvCollPH,224,656,000B2A55,0,1,1,4294967295,0,0
oInvCollPH,224,672,003EDBCB,0,1,1,4294967295,0,0
oInvCollPH,224,688,0003136C,0,1,1,4294967295,0,0
oInvCollPH,224,704,001E59E1,0,1,1,4294967295,0,0
oInvCollPH,224,720,0001EE32,0,1,1,4294967295,0,0
oInvCollPH,224,736,003C3E3B,0,1,1,4294967295,0,0
oInvCollPH,224,752,002423DC,0,1,1,4294967295,0,0
oInvCollPH,224,768,002142A2,0,1,1,4294967295,0,0
oInvCollPH,224,784,0038D7FB,0,1,1,4294967295,0,0
oInvCollPH,240,784,00082288,0,1,1,4294967295,0,0
oInvCollPH,240,768,0039721E,0,1,1,4294967295,0,0
oInvCollPH,240,752,00160EBB,0,1,1,4294967295,0,0
oInvCollPH,240,736,000531E4,0,1,1,4294967295,0,0
oInvCollPH,240,720,00250F14,0,1,1,4294967295,0,0
oInvCollPH,176,672,0007BDCE,0,1,1,4294967295,0,0
oInvCollPH,96,736,0023FA35,0,1,1,4294967295,0,0
oInvCollPH,112,736,00248E69,0,1,1,4294967295,0,0
oInvCollPH,368,480,004021FB,0,1,1,4294967295,0,0
oInvCollPH,384,480,003AD73F,0,1,1,4294967295,0,0
oInvCollPH,400,480,0038A01D,0,1,1,4294967295,0,0
oInvCollPH,336,544,001A9CC5,0,1,1,4294967295,0,0
oInvCollPH,336,560,003D595A,0,1,1,4294967295,0,0
oInvCollPH,336,576,000153AC,0,1,1,4294967295,0,0
oInvCollPH,336,592,0017D33B,0,1,1,4294967295,0,0
oInvCollPH,336,608,001D124C,0,1,1,4294967295,0,0
oInvCollPH,336,624,003D74E5,0,1,1,4294967295,0,0
oInvCollPH,416,480,00193ADA,0,1,1,4294967295,0,0
oInvCollPH,432,480,0026E3BF,0,1,1,4294967295,0,0
oInvCollPH,448,480,00127A9B,0,1,1,4294967295,0,0
oInvCollPH,464,480,00190CA2,0,1,1,4294967295,0,0
oInvCollPH,336,640,0023628E,0,1,1,4294967295,0,0
oInvCollPH,336,656,0036F8ED,0,1,1,4294967295,0,0
oInvCollPH,352,656,00194D3B,0,1,1,4294967295,0,0
oInvCollPH,368,656,003E02E8,0,1,1,4294967295,0,0
oInvCollPH,384,656,001F7D68,0,1,1,4294967295,0,0
oInvCollPH,400,656,0005A381,0,1,1,4294967295,0,0
oInvCollPH,416,656,00137AC4,0,1,1,4294967295,0,0
oInvCollPH,432,656,0026189D,0,1,1,4294967295,0,0
oInvCollPH,448,656,00315055,0,1,1,4294967295,0,0
oInvCollPH,464,656,003545B6,0,1,1,4294967295,0,0
oInvCollPH,416,752,00077819,0,1,1,4294967295,0,0
oInvCollPH,416,768,0027B297,0,1,1,4294967295,0,0
oInvCollPH,416,784,000C32EE,0,1,1,4294967295,0,0
oInvCollPH,416,800,00271AEE,0,1,1,4294967295,0,0
oInvCollPH,432,736,000DC6C1,0,1,1,4294967295,0,0
oInvCollPH,448,736,0026A425,0,1,1,4294967295,0,0
oInvCollPH,464,736,00083D0B,0,1,1,4294967295,0,0
oInvCollPH,416,816,00011BA5,0,1,1,4294967295,0,0
oInvCollPH,416,832,001B9082,0,1,1,4294967295,0,0
oInvCollPH,416,848,00033F2C,0,1,1,4294967295,0,0
oInvCollPH,416,864,0039494A,0,1,1,4294967295,0,0
oInvCollPH,16,880,0024CC68,0,1,1,4294967295,0,0
oInvCollPH,32,880,002D12FF,0,1,1,4294967295,0,0
oInvCollPH,48,880,00381FCD,0,1,1,4294967295,0,0
oInvCollPH,64,880,000D2AB0,0,1,1,4294967295,0,0
oInvCollPH,80,880,00389BBE,0,1,1,4294967295,0,0
oInvCollPH,96,880,00191BBC,0,1,1,4294967295,0,0
oInvCollPH,112,880,0033DE00,0,1,1,4294967295,0,0
oInvCollPH,128,880,0011FA6A,0,1,1,4294967295,0,0
oInvCollPH,144,864,00094C30,0,1,1,4294967295,0,0
oInvCollPH,160,848,003CC4E6,0,1,1,4294967295,0,0
oInvCollPH,176,880,001BDF02,0,1,1,4294967295,0,0
oInvCollPH,192,880,00048E43,0,1,1,4294967295,0,0
oInvCollPH,208,880,0016F167,0,1,1,4294967295,0,0
oInvCollPH,224,880,00082FD9,0,1,1,4294967295,0,0
oInvCollPH,240,880,00090C03,0,1,1,4294967295,0,0
oInvCollPH,256,880,002449E1,0,1,1,4294967295,0,0
oInvCollPH,272,880,001E6A0C,0,1,1,4294967295,0,0
oInvCollPH,288,880,000F6D58,0,1,1,4294967295,0,0
oInvCollPH,304,880,0034CB37,0,1,1,4294967295,0,0
oInvCollPH,320,880,0036E733,0,1,1,4294967295,0,0
oInvCollPH,336,880,0036E28E,0,1,1,4294967295,0,0
oInvCollPH,352,880,00137006,0,1,1,4294967295,0,0
oInvCollPH,368,880,0019F0D8,0,1,1,4294967295,0,0
oInvCollPH,384,880,001FCE0F,0,1,1,4294967295,0,0
oInvCollPH,400,880,00262CB3,0,1,1,4294967295,0,0
oInvCollPH,64,560,0008A43C,0,1,1,4294967295,0,0
oInvCollPH,64,576,001DD83F,0,1,1,4294967295,0,0
oInvCollPH,64,592,00209729,0,1,1,4294967295,0,0
oInvCollPH,64,608,000EA886,0,1,1,4294967295,0,0
oInvCollPH,64,624,0014B08A,0,1,1,4294967295,0,0
oInvCollPH,64,640,000F85AA,0,1,1,4294967295,0,0
oInvCollPH,64,656,0018400C,0,1,1,4294967295,0,0
oInvCollPH,64,672,001B1D85,0,1,1,4294967295,0,0
oInvCollPH,64,688,0006F195,0,1,1,4294967295,0,0
oInvCollPH,64,704,00120AA4,0,1,1,4294967295,0,0
oInvCollPH,64,720,000EA1A2,0,1,1,4294967295,0,0
oInvCollPH,64,752,002098A0,0,1,1,4294967295,0,0
oInvCollPH,64,768,0020BC6D,0,1,1,4294967295,0,0
oInvCollPH,64,784,00250A0C,0,1,1,4294967295,0,0
oInvCollPH,64,800,003E75B8,0,1,1,4294967295,0,0
oInvCollPH,48,800,000CEA9E,0,1,1,4294967295,0,0
oInvCollPH,32,800,0013A09D,0,1,1,4294967295,0,0
oInvCollPH,16,800,001729E6,0,1,1,4294967295,0,0
oInvCollPH,0,800,0010E16E,0,1,1,4294967295,0,0
oInvCollPH,160,864,003E6420,0,1,1,4294967295,0,0
oInvCollPH,208,784,000319E7,0,1,1,4294967295,0,0
oInvCollSH,240,180,0009453C,0,1,1,4294967295,0,0
oInvCollSH,256,180,0020EAA5,0,1,1,4294967295,0,0
oInvCollPH,112,160,00328162,0,1,1,4294967295,0,0
oInvCollPH,80,176,00232F8A,0,1,1,4294967295,0,0
oInvCollPH,320,832,002BE79E,0,1,1,4294967295,0,0
oInvCollPH,336,816,0002F06B,0,1,1,4294967295,0,0
oInvCollPH,352,816,0031A28D,0,1,1,4294967295,0,0
oInvCollPH,352,832,002B29AC,0,1,1,4294967295,0,0
oInvCollSM,336,848,00111099,0,1,1,4294967295,0,0
oInvCollSM,352,848,00324B77,0,1,1,4294967295,0,0
oInvisibleSlimSolid,224,180,0029DB67,0,1,1,4294967295,0,1
oInvisibleSolid,272,0,001A5A5A,0,1,1,4294967295,0,1
oInvisibleSolid,0,0,00208DFB,0,1,1,4294967295,0,1
oInvisibleSolid,0,80,0038E64E,0,1,1,4294967295,0,1
oInvisibleSolid,112,240,001BAF96,0,1,1,4294967295,0,1
oInvisibleSolid,416,80,0021531C,0,1,1,4294967295,0,1
oInvisibleSolid,384,208,0020E486,0,1,1,4294967295,0,1
oInvisibleSolid,272,176,00117F5C,0,1,1,4294967295,0,0
oInvisibleSolid,208,176,0019A525,0,1,1,4294967295,0,0
oInvisibleSolid,352,240,002B3FA9,0,1,1,4294967295,0,1
oInvisibleSolid,208,304,0025B4C7,0,1,1,4294967295,0,1
oInvisibleSolid,336,368,0036807C,0,1,1,4294967295,0,1
oInvisibleSolid,208,416,0027A71F,0,1,1,4294967295,0,1
oInvisibleSolid,64,336,003A8717,0,1,1,4294967295,0,1
oInvisibleSolid,320,480,00242C28,0,1,1,4294967295,0,1
oInvisibleSolid,336,480,0009CDCF,0,1,1,4294967295,0,1
oInvisibleSolid,224,560,00026213,0,1,1,4294967295,0,1
oInvisibleSolid,128,496,00369546,0,1,1,4294967295,0,1
oInvisibleSolid,0,432,002A8C1D,0,1,1,4294967295,0,1
oInvisibleSolid,0,560,003151B5,0,1,1,4294967295,0,1
oInvisibleSolid,208,608,00099B52,0,1,1,4294967295,0,0
oInvisibleSolid,160,672,00351BD0,0,1,1,4294967295,0,1
oInvisibleSolid,80,736,002F0533,0,1,1,4294967295,0,1
oInvisibleSolid,416,736,00253087,0,1,1,4294967295,0,1
oInvisibleSolid,0,880,000EF657,0,1,1,4294967295,0,1
oInvisibleSolid,144,848,003B90B8,0,1,1,4294967295,0,1
oInvisibleSolid,192,784,0019D886,0,1,1,4294967295,0,1
oInvisibleSolid,400,736,00215309,0,1,1,4294967295,0,0
oInvisibleSolid,64,160,002612C2,0,1,1,4294967295,0,1
oInvisibleSolid,64,176,0029FD12,0,1,1,4294967295,0,1
oInvisibleSolid,320,816,0034A3D8,0,1,1,4294967295,0,1
oInvisibleSolidMorph,320,848,000E3545,0,1,1,4294967295,0,1
