oExit,0,176,00356E4E,0,1,1,4294967295,0,1
oMoneyChest,1280,272,001D0D4E,0,1,1,4294967295,0,1
oWeaponLevelUpgrade,1840,160,001FE790,0,1,1,4294967295,0,1
oDeeler,576,64,001CFBA6,0,1,1,4294967295,0,0
oDeeler,976,64,002B481A,0,1,1,4294967295,0,0
oDeeler,1680,64,000DE0C5,0,1,1,4294967295,0,0
oDeeler,1840,64,000F6C6E,0,1,1,4294967295,0,0
oOctorok,472,192,003DEB1C,0,1,1,4294967295,0,0
oOctorok,696,176,000533B4,0,1,1,4294967295,0,0
oOctorok,872,176,0036CEDF,0,1,1,4294967295,0,0
oOctorok,1032,192,00113B44,0,1,1,4294967295,0,0
oOctorok,1832,176,0025345E,0,1,1,4294967295,0,0
oPlayer1,48,208,001E01FB,0,1,1,4294967295,0,0
oInvCollSH,16,208,003346DF,0,1,1,4294967295,0,0
oInvCollSH,32,208,003D6B86,0,1,1,4294967295,0,0
oInvCollSH,48,208,003FD973,0,1,1,4294967295,0,0
oInvCollSH,176,224,0015E541,0,1,1,4294967295,0,0
oInvCollSH,240,192,002C63E8,0,1,1,4294967295,0,0
oInvCollSH,256,192,00379330,0,1,1,4294967295,0,0
oInvCollSH,368,224,00397A49,0,1,1,4294967295,0,0
oInvCollSH,384,224,00121DFD,0,1,1,4294967295,0,0
oInvCollSH,448,192,00385C2D,0,1,1,4294967295,0,0
oInvCollSH,464,192,002B6F1D,0,1,1,4294967295,0,0
oInvCollSH,544,240,00300D66,0,1,1,4294967295,0,0
oInvCollSH,688,176,0021BB03,0,1,1,4294967295,0,0
oInvCollSH,608,208,003A5DE2,0,1,1,4294967295,0,0
oInvCollSH,624,208,00267200,0,1,1,4294967295,0,0
oInvCollSH,864,176,0026D4EB,0,1,1,4294967295,0,0
oInvCollSH,784,160,00062B06,0,1,1,4294967295,0,0
oInvCollSH,800,160,00224972,0,1,1,4294967295,0,0
oInvCollSH,928,208,000D5571,0,1,1,4294967295,0,0
oInvCollSH,944,208,000F84F6,0,1,1,4294967295,0,0
oInvCollSH,1008,192,00084F98,0,1,1,4294967295,0,0
oInvCollSH,1024,192,0019CACE,0,1,1,4294967295,0,0
oInvCollSH,1104,176,00192866,0,1,1,4294967295,0,0
oInvCollSH,1168,192,00051437,0,1,1,4294967295,0,0
oInvCollSH,1280,176,00184E27,0,1,1,4294967295,0,0
oInvCollSH,1440,192,0013D2EC,0,1,1,4294967295,0,0
oInvCollSH,1456,192,00023488,0,1,1,4294967295,0,0
oInvCollSH,1520,176,0032BF15,0,1,1,4294967295,0,0
oInvCollSH,1664,192,000D7238,0,1,1,4294967295,0,0
oInvCollSH,1824,176,0037158D,0,1,1,4294967295,0,0
oInvCollSH,1840,176,002F73A0,0,1,1,4294967295,0,0
oInvCollSH,1856,176,0005D0B3,0,1,1,4294967295,0,0
oInvCollSH,1280,272,0020206A,0,1,1,4294967295,0,0
oInvCollSH,1344,256,00285597,0,1,1,4294967295,0,0
oInvisibleSlimSolid,0,208,00082295,0,1,1,4294967295,0,1
oInvisibleSlimSolid,160,224,001D0A6C,0,1,1,4294967295,0,1
oInvisibleSlimSolid,224,192,00071493,0,1,1,4294967295,0,1
oInvisibleSlimSolid,352,224,000EAE5E,0,1,1,4294967295,0,1
oInvisibleSlimSolid,432,192,0021F2EC,0,1,1,4294967295,0,1
oInvisibleSlimSolid,528,240,002D191F,0,1,1,4294967295,0,1
oInvisibleSlimSolid,592,208,0036D0FE,0,1,1,4294967295,0,1
oInvisibleSlimSolid,672,176,00356197,0,1,1,4294967295,0,1
oInvisibleSlimSolid,768,160,0005A083,0,1,1,4294967295,0,1
oInvisibleSlimSolid,848,176,003147F9,0,1,1,4294967295,0,1
oInvisibleSlimSolid,912,208,000869AC,0,1,1,4294967295,0,1
oInvisibleSlimSolid,992,192,0002F6F2,0,1,1,4294967295,0,1
oInvisibleSlimSolid,1088,176,00268636,0,1,1,4294967295,0,1
oInvisibleSlimSolid,1152,192,0001F9CE,0,1,1,4294967295,0,1
oInvisibleSlimSolid,1264,176,002AE8CF,0,1,1,4294967295,0,1
oInvisibleSlimSolid,1424,192,0010E87E,0,1,1,4294967295,0,1
oInvisibleSlimSolid,1504,176,00276285,0,1,1,4294967295,0,1
oInvisibleSlimSolid,1648,192,0002EA65,0,1,1,4294967295,0,1
oInvisibleSlimSolid,1808,176,00402029,0,1,1,4294967295,0,1
oInvisibleSlimSolid,1264,272,0032D6B7,0,1,1,4294967295,0,1
oInvisibleSlimSolid,1328,256,0026CD62,0,1,1,4294967295,0,1
