oMuncher,256,240,001F5539,0,1,1,4294967295,0,1
oMuncher,272,240,00158AB4,0,1,1,4294967295,0,1
oMuncher,288,240,000DC347,0,1,1,4294967295,0,0
oMuncher,304,240,001996FF,0,1,1,4294967295,0,0
oMuncher,320,224,001C904C,0,1,1,4294967295,0,1
oMuncher,336,224,001DAE35,0,1,1,4294967295,0,1
oMuncher,384,240,00203E16,0,1,1,4294967295,0,1
oMuncher,400,240,000B6E7C,0,1,1,4294967295,0,1
oMuncher,448,256,0015911B,0,1,1,4294967295,0,1
oMuncher,464,256,00145175,0,1,1,4294967295,0,1
oMuncher,480,256,001CB3C2,0,1,1,4294967295,0,0
oMuncher,496,256,0034C06F,0,1,1,4294967295,0,0
oMuncher,512,240,001E5E53,0,1,1,4294967295,0,1
oMuncher,528,240,002FBBC6,0,1,1,4294967295,0,1
oMuncher,576,208,003BA6A8,0,1,1,4294967295,0,1
oMuncher,592,208,000B0026,0,1,1,4294967295,0,1
oMuncher,688,224,003BE46F,0,1,1,4294967295,0,1
oMuncher,704,224,00220B6B,0,1,1,4294967295,0,1
oMuncher,752,240,00062E7F,0,1,1,4294967295,0,1
oMuncher,768,240,00050773,0,1,1,4294967295,0,1
oMuncher,816,256,00139C5A,0,1,1,4294967295,0,1
oMuncher,832,256,0007B176,0,1,1,4294967295,0,1
oMuncher,848,224,001578E2,0,1,1,4294967295,0,0
oMuncher,864,224,0003DDAE,0,1,1,4294967295,0,0
oMuncher,880,240,003D0C7E,0,1,1,4294967295,0,1
oMuncher,896,240,00389F27,0,1,1,4294967295,0,1
oMuncher,992,240,00091216,0,1,1,4294967295,0,1
oMuncher,1008,240,002A5CE8,0,1,1,4294967295,0,1
oMuncher,1056,240,00235AD9,0,1,1,4294967295,0,1
oMuncher,1072,240,0036BFDC,0,1,1,4294967295,0,1
oMuncher,1120,224,002307AE,0,1,1,4294967295,0,1
oMuncher,1152,224,003C315C,0,1,1,4294967295,0,0
oMuncher,1136,224,00323916,0,1,1,4294967295,0,1
oMuncher,1168,224,004034AA,0,1,1,4294967295,0,0
oMuncher,1184,240,0032823C,0,1,1,4294967295,0,1
oMuncher,1200,240,0003EBDE,0,1,1,4294967295,0,1
oMuncher,1216,224,003A6A89,0,1,1,4294967295,0,0
oMuncher,1232,224,003AEE5C,0,1,1,4294967295,0,0
oMuncher,1248,160,000709AB,0,1,1,4294967295,0,1
oMuncher,1264,160,0027E4DA,0,1,1,4294967295,0,1
oMuncher,1312,224,000518D2,0,1,1,4294967295,0,1
oMuncher,1328,224,000A17AD,0,1,1,4294967295,0,1
oMuncher,1280,208,00123308,0,1,1,4294967295,0,0
oMuncher,1296,208,002EE3C5,0,1,1,4294967295,0,0
oMuncher,1344,240,0024B165,0,1,1,4294967295,0,0
oMuncher,1360,240,0018AF83,0,1,1,4294967295,0,0
oMuncher,1088,240,00217F63,0,1,1,4294967295,0,0
oMuncher,1104,240,00008B7A,0,1,1,4294967295,0,0
oMuncher,1024,240,003C4343,0,1,1,4294967295,0,0
oMuncher,1040,240,002D759D,0,1,1,4294967295,0,0
oMuncher,912,256,002FE75D,0,1,1,4294967295,0,0
oMuncher,928,256,003E19DA,0,1,1,4294967295,0,0
oMuncher,784,240,00393B5E,0,1,1,4294967295,0,0
oMuncher,800,240,000C6076,0,1,1,4294967295,0,0
oMuncher,720,224,001DCA37,0,1,1,4294967295,0,0
oMuncher,736,224,0003E901,0,1,1,4294967295,0,0
oMuncher,608,208,00183ABA,0,1,1,4294967295,0,0
oMuncher,624,208,001A7CA2,0,1,1,4294967295,0,0
oMuncher,544,240,0009F390,0,1,1,4294967295,0,0
oMuncher,560,240,001B57DC,0,1,1,4294967295,0,0
oMuncher,416,272,001AC9FC,0,1,1,4294967295,0,0
oMuncher,432,272,0005CB94,0,1,1,4294967295,0,0
oMuncher,352,224,003A5F94,0,1,1,4294967295,0,0
oMuncher,368,224,00364B96,0,1,1,4294967295,0,0
oMuncher,224,240,003E7426,0,1,1,4294967295,0,0
oMuncher,240,240,00083876,0,1,1,4294967295,0,0
oMuncher,1376,224,00118C20,0,1,1,4294967295,0,1
oMuncher,1392,224,003621A7,0,1,1,4294967295,0,1
oMuncher,1408,208,0012456F,0,1,1,4294967295,0,0
oMuncher,1424,208,0027B8DB,0,1,1,4294967295,0,0
oMuncher,1440,208,00370AAD,0,1,1,4294967295,0,1
oMuncher,1456,208,003B0AEA,0,1,1,4294967295,0,1
oMuncher,1472,192,003C8403,0,1,1,4294967295,0,0
oMuncher,1488,192,002A47C9,0,1,1,4294967295,0,0
oMuncher,1504,256,002DE686,0,1,1,4294967295,0,1
oMuncher,1520,256,003D0BBA,0,1,1,4294967295,0,1
oMuncher,1536,256,00032EC3,0,1,1,4294967295,0,0
oMuncher,1552,256,000AA2EC,0,1,1,4294967295,0,0
oMuncher,1616,272,0007B0FB,0,1,1,4294967295,0,1
oMuncher,1632,272,00340A07,0,1,1,4294967295,0,1
oMuncher,1648,272,002C8FE6,0,1,1,4294967295,0,0
oMuncher,1664,272,00145EFD,0,1,1,4294967295,0,0
oMuncher,1680,256,002EB160,0,1,1,4294967295,0,1
oMuncher,1696,256,001A4F8F,0,1,1,4294967295,0,1
oMuncher,1712,240,00079C44,0,1,1,4294967295,0,0
oMuncher,1728,240,00315376,0,1,1,4294967295,0,0
oMuncher,1744,240,003C2332,0,1,1,4294967295,0,1
oMuncher,1760,240,002B2030,0,1,1,4294967295,0,1
oMuncher,1808,256,001D68A1,0,1,1,4294967295,0,1
oMuncher,1824,256,00186548,0,1,1,4294967295,0,1
oMuncher,1776,256,00189E7E,0,1,1,4294967295,0,0
oMuncher,1792,256,00374644,0,1,1,4294967295,0,0
oMuncher,1840,208,0010569D,0,1,1,4294967295,0,0
oMuncher,1856,208,00057897,0,1,1,4294967295,0,0
oMuncher,1872,208,0036197B,0,1,1,4294967295,0,1
oMuncher,1888,208,0019E84D,0,1,1,4294967295,0,1
oMuncher,1904,176,000D1211,0,1,1,4294967295,0,0
oMuncher,1920,176,003AD571,0,1,1,4294967295,0,0
oMuncher,1936,176,004038C4,0,1,1,4294967295,0,1
oMuncher,1952,176,00098C84,0,1,1,4294967295,0,1
oMuncher,2016,224,001638FE,0,1,1,4294967295,0,0
oMuncher,2032,224,0034CC6D,0,1,1,4294967295,0,0
oMuncher,2048,224,00068388,0,1,1,4294967295,0,1
oMuncher,2064,224,00217F97,0,1,1,4294967295,0,1
oMuncher,2080,224,002213B6,0,1,1,4294967295,0,0
oMuncher,2096,224,001B45D0,0,1,1,4294967295,0,0
oMuncher,2112,224,0038F4DB,0,1,1,4294967295,0,1
oMuncher,2128,224,00082BA8,0,1,1,4294967295,0,1
oExit,3056,208,0008274B,0,1,1,4294967295,0,1
oExit,0,160,00012DC7,0,1,1,4294967295,0,1
oMarioQBlock,2272,160,0032D466,0,1,1,4294967295,0,1
oMarioQBlock,2288,160,002F081D,0,1,1,4294967295,0,1
oLevelDecal,2744,48,0026A50F,0,1,1,4294967295,0,1
oMarioRBblock,80,112,00386505,0,1,1,4294967295,0,0
oMarioRBblock,480,160,002B0651,0,1,1,4294967295,0,0
oMarioRBblock,864,128,0032242C,0,1,1,4294967295,0,0
oMarioRBblock,1264,64,0033E030,0,1,1,4294967295,0,0
oMarioRBblock,1728,144,000A367B,0,1,1,4294967295,0,0
oMarioRBblock,2096,128,002046B0,0,1,1,4294967295,0,0
oSignPost,2240,224,0038DB34,0,1,1,4294967295,0,1
oMarioRBblock,2272,96,0007048B,0,1,1,4294967295,0,0
oRedMBlock,192,224,003D5ACA,0,1,1,4294967295,0,0
oRedMBlock,192,0,00358F96,0,1,1,4294967295,0,0
oRedMBlock,192,16,003D019F,0,1,1,4294967295,0,0
oRedMBlock,192,32,002CA35B,0,1,1,4294967295,0,0
oRedMBlock,192,48,00121E7A,0,1,1,4294967295,0,0
oRedMBlock,192,64,003B2363,0,1,1,4294967295,0,0
oRedMBlock,192,80,0036E0ED,0,1,1,4294967295,0,0
oRedMBlock,192,96,002BBC37,0,1,1,4294967295,0,0
oRedMBlock,192,112,00044839,0,1,1,4294967295,0,0
oRedMBlock,192,128,00354204,0,1,1,4294967295,0,0
oRedMBlock,192,144,0037F084,0,1,1,4294967295,0,0
oRedMBlock,192,160,0038A916,0,1,1,4294967295,0,0
oRedMBlock,192,176,001A593B,0,1,1,4294967295,0,0
oRedMBlock,192,192,003DB5FA,0,1,1,4294967295,0,0
oRedMBlock,192,208,000EDA19,0,1,1,4294967295,0,0
oRedMBlock,192,240,0015F516,0,1,1,4294967295,0,0
oRedMBlock,192,256,002C4F23,0,1,1,4294967295,0,0
oRedMBlock,192,272,0021A805,0,1,1,4294967295,0,0
oRedMBlock,192,288,003FD170,0,1,1,4294967295,0,0
oRedMBlock,192,304,00129B69,0,1,1,4294967295,0,0
oRedMBlock,192,320,001E35C3,0,1,1,4294967295,0,0
oRedMBlock,192,336,003573F1,0,1,1,4294967295,0,0
oRedMBlock,960,336,00032B34,0,1,1,4294967295,0,0
oRedMBlock,960,320,00009B36,0,1,1,4294967295,0,0
oRedMBlock,960,304,002211C0,0,1,1,4294967295,0,0
oRedMBlock,960,288,0040060D,0,1,1,4294967295,0,0
oRedMBlock,960,272,001C865E,0,1,1,4294967295,0,0
oRedMBlock,960,256,001FB8C7,0,1,1,4294967295,0,0
oRedMBlock,960,240,0012194C,0,1,1,4294967295,0,0
oRedMBlock,960,224,003426B9,0,1,1,4294967295,0,0
oRedMBlock,960,208,001D0A62,0,1,1,4294967295,0,0
oRedMBlock,960,192,0004C95C,0,1,1,4294967295,0,0
oRedMBlock,960,176,002292F0,0,1,1,4294967295,0,0
oRedMBlock,960,160,00063044,0,1,1,4294967295,0,0
oRedMBlock,960,144,003397C7,0,1,1,4294967295,0,0
oRedMBlock,960,128,002C8008,0,1,1,4294967295,0,0
oRedMBlock,960,112,0007322C,0,1,1,4294967295,0,0
oRedMBlock,960,96,000E8FBA,0,1,1,4294967295,0,0
oRedMBlock,960,80,003BA5DD,0,1,1,4294967295,0,0
oRedMBlock,960,64,002430B5,0,1,1,4294967295,0,0
oRedMBlock,960,48,0003A207,0,1,1,4294967295,0,0
oRedMBlock,960,32,00308349,0,1,1,4294967295,0,0
oRedMBlock,960,16,0036895D,0,1,1,4294967295,0,0
oRedMBlock,960,0,0035395D,0,1,1,4294967295,0,0
oRedMBlock,1984,0,000121E4,0,1,1,4294967295,0,0
oRedMBlock,1984,16,0016F3D9,0,1,1,4294967295,0,0
oRedMBlock,1984,32,003B7F3A,0,1,1,4294967295,0,0
oRedMBlock,1984,48,003CCE68,0,1,1,4294967295,0,0
oRedMBlock,1984,64,0013BD15,0,1,1,4294967295,0,0
oRedMBlock,1984,80,000ABE2E,0,1,1,4294967295,0,0
oRedMBlock,1984,96,003A506D,0,1,1,4294967295,0,0
oRedMBlock,1984,112,001659F3,0,1,1,4294967295,0,0
oRedMBlock,1984,128,000D5A76,0,1,1,4294967295,0,0
oRedMBlock,1984,144,00351B69,0,1,1,4294967295,0,0
oRedMBlock,1984,160,003AFC85,0,1,1,4294967295,0,0
oRedMBlock,1984,176,002A540E,0,1,1,4294967295,0,0
oRedMBlock,1984,192,001E07BD,0,1,1,4294967295,0,0
oRedMBlock,1984,208,002E0EAC,0,1,1,4294967295,0,0
oRedMBlock,1984,224,002A8E7D,0,1,1,4294967295,0,0
oRedMBlock,1984,240,00102D34,0,1,1,4294967295,0,0
oRedMBlock,1984,256,003AD57B,0,1,1,4294967295,0,0
oRedMBlock,1984,272,00207DF8,0,1,1,4294967295,0,0
oRedMBlock,1984,288,0012432F,0,1,1,4294967295,0,0
oRedMBlock,1984,336,0039E37E,0,1,1,4294967295,0,0
oRedMBlock,1984,304,0031D88D,0,1,1,4294967295,0,0
oRedMBlock,1984,320,000F9BCA,0,1,1,4294967295,0,0
oBlueMBlock,2160,336,003CC1AE,0,1,1,4294967295,0,0
oBlueMBlock,2160,320,00026C73,0,1,1,4294967295,0,0
oBlueMBlock,2160,304,001AF998,0,1,1,4294967295,0,0
oBlueMBlock,2160,288,003DD2E1,0,1,1,4294967295,0,0
oBlueMBlock,2160,272,00377C3A,0,1,1,4294967295,0,0
oBlueMBlock,2160,256,0008D317,0,1,1,4294967295,0,0
oBlueMBlock,2160,240,000BDD29,0,1,1,4294967295,0,0
oBlueMBlock,2160,224,0010B8C3,0,1,1,4294967295,0,0
oBlueMBlock,2160,208,00172AE2,0,1,1,4294967295,0,0
oBlueMBlock,2160,192,0016F14E,0,1,1,4294967295,0,0
oBlueMBlock,2160,176,001EDF9F,0,1,1,4294967295,0,0
oBlueMBlock,2160,160,00184C22,0,1,1,4294967295,0,0
oBlueMBlock,2160,144,0019DF90,0,1,1,4294967295,0,0
oBlueMBlock,2160,128,00076F91,0,1,1,4294967295,0,0
oBlueMBlock,2160,112,001C0E6B,0,1,1,4294967295,0,0
oBlueMBlock,2160,96,0004D4FA,0,1,1,4294967295,0,0
oBlueMBlock,2160,80,003FCAEA,0,1,1,4294967295,0,0
oBlueMBlock,2160,64,000CB43F,0,1,1,4294967295,0,0
oBlueMBlock,2160,48,002AEBD7,0,1,1,4294967295,0,0
oBlueMBlock,2160,32,00175524,0,1,1,4294967295,0,0
oBlueMBlock,2160,16,001D28FA,0,1,1,4294967295,0,0
oBlueMBlock,2160,0,0028AA0C,0,1,1,4294967295,0,0
oBlueMBlock,1584,336,003EF3DB,0,1,1,4294967295,0,0
oBlueMBlock,1584,320,0015D98E,0,1,1,4294967295,0,0
oBlueMBlock,1584,304,00176AD4,0,1,1,4294967295,0,0
oBlueMBlock,1584,288,0011FBA4,0,1,1,4294967295,0,0
oBlueMBlock,1584,272,00206040,0,1,1,4294967295,0,0
oBlueMBlock,1584,256,002035CE,0,1,1,4294967295,0,0
oBlueMBlock,1584,240,00229B5F,0,1,1,4294967295,0,0
oBlueMBlock,1584,224,001FF70B,0,1,1,4294967295,0,0
oBlueMBlock,1584,208,00197D0F,0,1,1,4294967295,0,0
oBlueMBlock,1584,192,0025E5CF,0,1,1,4294967295,0,0
oBlueMBlock,1584,176,0009ECCA,0,1,1,4294967295,0,0
oBlueMBlock,1584,160,0033AC48,0,1,1,4294967295,0,0
oBlueMBlock,1584,144,00244E27,0,1,1,4294967295,0,0
oBlueMBlock,1584,128,0007D91E,0,1,1,4294967295,0,0
oBlueMBlock,1584,112,003660D2,0,1,1,4294967295,0,0
oBlueMBlock,1584,96,00118646,0,1,1,4294967295,0,0
oBlueMBlock,1584,80,0012EE21,0,1,1,4294967295,0,0
oBlueMBlock,1584,64,0016D989,0,1,1,4294967295,0,0
oBlueMBlock,1584,48,000DBC89,0,1,1,4294967295,0,0
oBlueMBlock,1584,32,001FF8A5,0,1,1,4294967295,0,0
oBlueMBlock,1584,16,00109005,0,1,1,4294967295,0,0
oBlueMBlock,1584,0,003AC66E,0,1,1,4294967295,0,0
oBlueMBlock,656,0,001D1CB3,0,1,1,4294967295,0,0
oBlueMBlock,656,16,00244AD7,0,1,1,4294967295,0,0
oBlueMBlock,656,32,002E098B,0,1,1,4294967295,0,0
oBlueMBlock,656,48,000A8DB1,0,1,1,4294967295,0,0
oBlueMBlock,656,64,0012EF7A,0,1,1,4294967295,0,0
oBlueMBlock,656,80,00014F18,0,1,1,4294967295,0,0
oBlueMBlock,656,96,00181A48,0,1,1,4294967295,0,0
oBlueMBlock,656,112,00340D59,0,1,1,4294967295,0,0
oBlueMBlock,656,128,002DA4EF,0,1,1,4294967295,0,0
oBlueMBlock,656,144,000B84CE,0,1,1,4294967295,0,0
oBlueMBlock,656,160,0012DBFD,0,1,1,4294967295,0,0
oBlueMBlock,656,176,00275890,0,1,1,4294967295,0,0
oBlueMBlock,656,192,002E1664,0,1,1,4294967295,0,0
oBlueMBlock,656,208,003A985C,0,1,1,4294967295,0,0
oBlueMBlock,656,224,00036932,0,1,1,4294967295,0,0
oBlueMBlock,656,240,003C8838,0,1,1,4294967295,0,0
oBlueMBlock,656,256,000EDB01,0,1,1,4294967295,0,0
oBlueMBlock,656,272,00377690,0,1,1,4294967295,0,0
oBlueMBlock,656,288,003DD13C,0,1,1,4294967295,0,0
oBlueMBlock,656,304,001F928B,0,1,1,4294967295,0,0
oBlueMBlock,656,320,000F2903,0,1,1,4294967295,0,0
oBlueMBlock,656,336,00135D60,0,1,1,4294967295,0,0
oThwomp,2992,128,0037BB79,0,1,1,4294967295,0,1
oFireBro,2704,176,003248E5,0,1,1,4294967295,0,1
oHammerBro,2640,240,0020717C,0,1,1,4294967295,0,1
oSpinyBeetle,2656,240,002AF6AE,0,1,1,4294967295,0,1
oSpinyBeetle,2592,240,00265BF5,0,1,1,4294967295,0,1
oBoomerBro,2752,160,00339A47,0,1,1,4294967295,0,1
oPlayer1,48,192,003E91B0,0,1,1,4294967295,0,0
oInvCollPH,16,192,00183607,0,1,1,4294967295,0,0
oInvCollPH,32,192,0034B7C0,0,1,1,4294967295,0,0
oInvCollPH,48,192,003FFCB6,0,1,1,4294967295,0,0
oInvCollPH,64,192,0001A995,0,1,1,4294967295,0,0
oInvCollPH,80,192,0038F115,0,1,1,4294967295,0,0
oInvCollPH,96,192,002AFCA4,0,1,1,4294967295,0,0
oInvCollPH,112,192,003E1EE9,0,1,1,4294967295,0,0
oInvCollPH,128,192,001D99DD,0,1,1,4294967295,0,0
oInvCollPH,144,192,002A7132,0,1,1,4294967295,0,0
oInvCollPH,144,208,0003B79F,0,1,1,4294967295,0,0
oInvCollPH,144,224,000339E6,0,1,1,4294967295,0,0
oInvCollPH,144,240,0015D68A,0,1,1,4294967295,0,0
oInvCollPH,144,256,000CE8DD,0,1,1,4294967295,0,0
oInvCollPH,144,272,002CC609,0,1,1,4294967295,0,0
oInvCollPH,144,288,003FCCA3,0,1,1,4294967295,0,0
oInvCollPH,144,304,00092085,0,1,1,4294967295,0,0
oInvCollPH,144,320,00199CFC,0,1,1,4294967295,0,0
oInvCollPH,144,336,0012380A,0,1,1,4294967295,0,0
oInvCollPH,2016,256,00106F32,0,1,1,4294967295,0,0
oInvCollPH,2016,272,0031E15D,0,1,1,4294967295,0,0
oInvCollPH,2016,288,00225013,0,1,1,4294967295,0,0
oInvCollPH,2016,304,002A3BE1,0,1,1,4294967295,0,0
oInvCollPH,2016,320,003DA16D,0,1,1,4294967295,0,0
oInvCollPH,2016,336,000E2560,0,1,1,4294967295,0,0
oInvCollPH,2032,240,000A605C,0,1,1,4294967295,0,0
oInvCollPH,2048,240,002A10F2,0,1,1,4294967295,0,0
oInvCollPH,2064,240,00170875,0,1,1,4294967295,0,0
oInvCollPH,2080,240,003764BF,0,1,1,4294967295,0,0
oInvCollPH,2096,240,001FD20F,0,1,1,4294967295,0,0
oInvCollPH,2112,240,001E8398,0,1,1,4294967295,0,0
oInvCollPH,2128,240,0036D29C,0,1,1,4294967295,0,0
oInvCollPH,2128,256,003A0B2B,0,1,1,4294967295,0,0
oInvCollPH,2128,272,0026325B,0,1,1,4294967295,0,0
oInvCollPH,2128,288,00300043,0,1,1,4294967295,0,0
oInvCollPH,2128,304,0039AFD1,0,1,1,4294967295,0,0
oInvCollPH,2128,320,00180382,0,1,1,4294967295,0,0
oInvCollPH,2128,336,00108172,0,1,1,4294967295,0,0
oInvCollPH,1904,208,000A2E20,0,1,1,4294967295,0,0
oInvCollPH,1920,192,0003D21A,0,1,1,4294967295,0,0
oInvCollPH,1936,192,00001351,0,1,1,4294967295,0,0
oInvCollPH,1952,192,001FEC10,0,1,1,4294967295,0,0
oInvCollPH,1952,208,000BA6DC,0,1,1,4294967295,0,0
oInvCollPH,1952,224,0010BBE7,0,1,1,4294967295,0,0
oInvCollPH,1952,240,0011C7AF,0,1,1,4294967295,0,0
oInvCollPH,1952,256,00221BEA,0,1,1,4294967295,0,0
oInvCollPH,1952,272,001D2D00,0,1,1,4294967295,0,0
oInvCollPH,1952,288,00317F03,0,1,1,4294967295,0,0
oInvCollPH,1952,304,003EDECD,0,1,1,4294967295,0,0
oInvCollPH,1952,320,0002FD0D,0,1,1,4294967295,0,0
oInvCollPH,1952,336,000F02D4,0,1,1,4294967295,0,0
oInvCollPH,1840,240,000A9BE1,0,1,1,4294967295,0,0
oInvCollPH,1840,256,003AAFDF,0,1,1,4294967295,0,0
oInvCollPH,1872,224,0039B57A,0,1,1,4294967295,0,0
oInvCollPH,1888,224,0010E7A0,0,1,1,4294967295,0,0
oInvCollPH,1856,224,00283AB2,0,1,1,4294967295,0,0
oInvCollPH,1728,256,0001A6F8,0,1,1,4294967295,0,0
oInvCollPH,1744,256,002DB297,0,1,1,4294967295,0,0
oInvCollPH,1760,256,002701BB,0,1,1,4294967295,0,0
oInvCollPH,1696,272,00390552,0,1,1,4294967295,0,0
oInvCollPH,1776,272,003358F0,0,1,1,4294967295,0,0
oInvCollPH,1792,272,002CB574,0,1,1,4294967295,0,0
oInvCollPH,1808,272,0002F98E,0,1,1,4294967295,0,0
oInvCollPH,1824,272,0011660A,0,1,1,4294967295,0,0
oInvCollPH,1632,288,003C5C82,0,1,1,4294967295,0,0
oInvCollPH,1648,288,003B8B26,0,1,1,4294967295,0,0
oInvCollPH,1664,288,0012C655,0,1,1,4294967295,0,0
oInvCollPH,1616,304,0035DD67,0,1,1,4294967295,0,0
oInvCollPH,1616,320,003624F4,0,1,1,4294967295,0,0
oInvCollPH,1616,336,001C15D6,0,1,1,4294967295,0,0
oInvCollPH,1520,272,0021360A,0,1,1,4294967295,0,0
oInvCollPH,1536,272,003A929B,0,1,1,4294967295,0,0
oInvCollPH,1552,272,001B4054,0,1,1,4294967295,0,0
oInvCollPH,1552,288,002FAA8C,0,1,1,4294967295,0,0
oInvCollPH,1552,304,0027C7FA,0,1,1,4294967295,0,0
oInvCollPH,1552,320,00135D1D,0,1,1,4294967295,0,0
oInvCollPH,1552,336,002C1827,0,1,1,4294967295,0,0
oInvCollPH,1488,208,000C99F4,0,1,1,4294967295,0,0
oInvCollPH,1424,224,00229538,0,1,1,4294967295,0,0
oInvCollPH,1440,224,00307931,0,1,1,4294967295,0,0
oInvCollPH,1456,224,0016E8B2,0,1,1,4294967295,0,0
oInvCollPH,1488,224,000B8827,0,1,1,4294967295,0,0
oInvCollPH,1392,240,0027785D,0,1,1,4294967295,0,0
oInvCollPH,1488,240,001C299C,0,1,1,4294967295,0,0
oInvCollPH,1248,192,0025E8A6,0,1,1,4294967295,0,0
oInvCollPH,1248,208,00207AF6,0,1,1,4294967295,0,0
oInvCollPH,1264,176,00307C3A,0,1,1,4294967295,0,0
oInvCollPH,1264,192,0001A50F,0,1,1,4294967295,0,0
oInvCollPH,1264,208,000760BE,0,1,1,4294967295,0,0
oInvCollPH,1280,224,001EBCF6,0,1,1,4294967295,0,0
oInvCollPH,1296,224,0019ECF8,0,1,1,4294967295,0,0
oInvCollPH,1232,240,001B31EB,0,1,1,4294967295,0,0
oInvCollPH,1312,240,0000B571,0,1,1,4294967295,0,0
oInvCollPH,1328,240,000F7C1E,0,1,1,4294967295,0,0
oInvCollPH,1136,240,0013F896,0,1,1,4294967295,0,0
oInvCollPH,1152,240,003763C7,0,1,1,4294967295,0,0
oInvCollPH,1168,240,00385318,0,1,1,4294967295,0,0
oInvCollPH,992,272,002FBFF9,0,1,1,4294967295,0,0
oInvCollPH,992,288,0031F20A,0,1,1,4294967295,0,0
oInvCollPH,992,304,0017436D,0,1,1,4294967295,0,0
oInvCollPH,992,320,00099929,0,1,1,4294967295,0,0
oInvCollPH,992,336,00275574,0,1,1,4294967295,0,0
oInvCollPH,1008,256,00372E21,0,1,1,4294967295,0,0
oInvCollPH,1024,256,00229AEF,0,1,1,4294967295,0,0
oInvCollPH,1040,256,0009B865,0,1,1,4294967295,0,0
oInvCollPH,1056,256,00027252,0,1,1,4294967295,0,0
oInvCollPH,1072,256,00195378,0,1,1,4294967295,0,0
oInvCollPH,1088,256,00064B86,0,1,1,4294967295,0,0
oInvCollPH,1104,256,0004535D,0,1,1,4294967295,0,0
oInvCollPH,1184,256,0023A2AF,0,1,1,4294967295,0,0
oInvCollPH,1200,256,0019BCC7,0,1,1,4294967295,0,0
oInvCollPH,1344,256,003EF786,0,1,1,4294967295,0,0
oInvCollPH,1360,256,00169A7B,0,1,1,4294967295,0,0
oInvCollPH,1488,256,001FE9E1,0,1,1,4294967295,0,0
oInvCollPH,864,240,001A6A9E,0,1,1,4294967295,0,0
oInvCollPH,880,256,00018A3A,0,1,1,4294967295,0,0
oInvCollPH,896,256,003F7916,0,1,1,4294967295,0,0
oInvCollPH,832,272,00019E25,0,1,1,4294967295,0,0
oInvCollPH,912,272,000D1EAD,0,1,1,4294967295,0,0
oInvCollPH,928,272,002FE368,0,1,1,4294967295,0,0
oInvCollPH,928,288,0019EDE4,0,1,1,4294967295,0,0
oInvCollPH,928,304,00152D81,0,1,1,4294967295,0,0
oInvCollPH,928,320,002D3308,0,1,1,4294967295,0,0
oInvCollPH,928,336,0019C1ED,0,1,1,4294967295,0,0
oInvCollPH,768,256,00366723,0,1,1,4294967295,0,0
oInvCollPH,784,256,000B6D81,0,1,1,4294967295,0,0
oInvCollPH,800,256,000AEC48,0,1,1,4294967295,0,0
oInvCollPH,688,256,00098AC0,0,1,1,4294967295,0,0
oInvCollPH,688,272,00061B90,0,1,1,4294967295,0,0
oInvCollPH,688,288,000B2349,0,1,1,4294967295,0,0
oInvCollPH,688,304,003B0DD5,0,1,1,4294967295,0,0
oInvCollPH,688,320,003397D3,0,1,1,4294967295,0,0
oInvCollPH,688,336,000BF6F8,0,1,1,4294967295,0,0
oInvCollPH,704,240,0004AA5D,0,1,1,4294967295,0,0
oInvCollPH,720,240,00165A01,0,1,1,4294967295,0,0
oInvCollPH,736,240,000B88B8,0,1,1,4294967295,0,0
oInvCollPH,336,240,0004D718,0,1,1,4294967295,0,0
oInvCollPH,352,240,0031FA6C,0,1,1,4294967295,0,0
oInvCollPH,368,240,0015868D,0,1,1,4294967295,0,0
oInvCollPH,224,272,0010E354,0,1,1,4294967295,0,0
oInvCollPH,224,288,0019FC5C,0,1,1,4294967295,0,0
oInvCollPH,224,304,00373516,0,1,1,4294967295,0,0
oInvCollPH,224,320,0012EDF1,0,1,1,4294967295,0,0
oInvCollPH,224,336,002B6EE4,0,1,1,4294967295,0,0
oInvCollPH,240,256,00333301,0,1,1,4294967295,0,0
oInvCollPH,256,256,002E6792,0,1,1,4294967295,0,0
oInvCollPH,272,256,001C6C63,0,1,1,4294967295,0,0
oInvCollPH,288,256,000C5F56,0,1,1,4294967295,0,0
oInvCollPH,304,256,0016B1A0,0,1,1,4294967295,0,0
oInvCollPH,384,256,0031AE34,0,1,1,4294967295,0,0
oInvCollPH,400,256,000426D3,0,1,1,4294967295,0,0
oInvCollPH,400,272,00115FD8,0,1,1,4294967295,0,0
oInvCollPH,432,288,000C93C3,0,1,1,4294967295,0,0
oInvCollPH,464,272,00360C03,0,1,1,4294967295,0,0
oInvCollPH,480,272,00378E18,0,1,1,4294967295,0,0
oInvCollPH,496,272,003053ED,0,1,1,4294967295,0,0
oInvCollPH,544,256,000CC131,0,1,1,4294967295,0,0
oInvCollPH,560,256,0020F1C2,0,1,1,4294967295,0,0
oInvCollPH,528,256,003B7C6C,0,1,1,4294967295,0,0
oInvCollPH,592,224,0028E315,0,1,1,4294967295,0,0
oInvCollPH,608,224,0035F10F,0,1,1,4294967295,0,0
oInvCollPH,576,240,001CE646,0,1,1,4294967295,0,0
oInvCollPH,624,224,001D54B9,0,1,1,4294967295,0,0
oInvCollPH,624,240,001A749F,0,1,1,4294967295,0,0
oInvCollPH,624,256,0032C59F,0,1,1,4294967295,0,0
oInvCollPH,624,272,003E3FF9,0,1,1,4294967295,0,0
oInvCollPH,624,288,0022D4E3,0,1,1,4294967295,0,0
oInvCollPH,624,304,0001C4EC,0,1,1,4294967295,0,0
oInvCollPH,624,320,002A6D32,0,1,1,4294967295,0,0
oInvCollPH,624,336,002A4601,0,1,1,4294967295,0,0
oInvCollPH,2208,240,00378D5E,0,1,1,4294967295,0,0
oInvCollPH,2208,256,0015B472,0,1,1,4294967295,0,0
oInvCollPH,2208,272,003C855C,0,1,1,4294967295,0,0
oInvCollPH,2208,288,00007F5A,0,1,1,4294967295,0,0
oInvCollPH,2208,304,0036A465,0,1,1,4294967295,0,0
oInvCollPH,2208,320,001020C5,0,1,1,4294967295,0,0
oInvCollPH,2208,336,00279FB5,0,1,1,4294967295,0,0
oInvCollPH,2224,224,0025190B,0,1,1,4294967295,0,0
oInvCollPH,2240,224,003BA96C,0,1,1,4294967295,0,0
oInvCollPH,2256,224,000538FD,0,1,1,4294967295,0,0
oInvCollPH,2272,224,0018F973,0,1,1,4294967295,0,0
oInvCollPH,2288,224,00296518,0,1,1,4294967295,0,0
oInvCollPH,2304,224,00347E02,0,1,1,4294967295,0,0
oInvCollPH,2320,224,003A4C91,0,1,1,4294967295,0,0
oInvCollPH,2352,240,001FDA77,0,1,1,4294967295,0,0
oInvCollPH,2368,240,0001F25D,0,1,1,4294967295,0,0
oInvCollPH,3008,128,0016EC7C,0,1,1,4294967295,0,0
oInvCollPH,3008,144,001E2F5B,0,1,1,4294967295,0,0
oInvCollPH,3008,160,0003E1F5,0,1,1,4294967295,0,0
oInvCollPH,3024,160,003AB98E,0,1,1,4294967295,0,0
oInvCollPH,3040,160,0020EAD0,0,1,1,4294967295,0,0
oInvCollPH,3056,160,0026CCCE,0,1,1,4294967295,0,0
oInvCollPH,2896,240,003F4F7D,0,1,1,4294967295,0,0
oInvCollPH,2912,240,00331AE7,0,1,1,4294967295,0,0
oInvCollPH,2928,240,00046F60,0,1,1,4294967295,0,0
oInvCollPH,2944,240,0029C941,0,1,1,4294967295,0,0
oInvCollPH,2960,240,001644C1,0,1,1,4294967295,0,0
oInvCollPH,2976,240,002D699D,0,1,1,4294967295,0,0
oInvCollPH,2992,240,0031108B,0,1,1,4294967295,0,0
oInvCollPH,2704,176,00045319,0,1,1,4294967295,0,0
oInvCollPH,2720,176,003FB57A,0,1,1,4294967295,0,0
oInvCollPH,2752,176,000A6513,0,1,1,4294967295,0,0
oInvCollPH,2768,176,0029464C,0,1,1,4294967295,0,0
oInvCollPH,2688,192,003253D5,0,1,1,4294967295,0,0
oInvCollPH,2688,208,001C5014,0,1,1,4294967295,0,0
oInvCollPH,2688,224,00029157,0,1,1,4294967295,0,0
oInvCollPH,2784,176,0024CF58,0,1,1,4294967295,0,0
oInvCollPH,2800,176,0002AE0E,0,1,1,4294967295,0,0
oInvCollPH,2816,176,0013F1B8,0,1,1,4294967295,0,0
oInvCollPH,2832,176,004033CC,0,1,1,4294967295,0,0
oInvCollPH,2848,176,000411B9,0,1,1,4294967295,0,0
oInvCollPH,2864,176,000DC865,0,1,1,4294967295,0,0
oInvCollPH,2864,192,003D8F56,0,1,1,4294967295,0,0
oInvCollPH,2864,208,00059D9A,0,1,1,4294967295,0,0
oInvCollPH,2864,224,001B6F0B,0,1,1,4294967295,0,0
oInvCollPH,3008,240,003D1730,0,1,1,4294967295,0,0
oInvCollPH,3024,240,0033E769,0,1,1,4294967295,0,0
oInvCollPH,3040,240,00049E11,0,1,1,4294967295,0,0
oInvCollPH,3056,240,003189B5,0,1,1,4294967295,0,0
oInvCollPH,2992,96,00006EF4,0,1,1,4294967295,0,0
oInvCollPH,2976,96,00096BC3,0,1,1,4294967295,0,0
oInvCollPH,2960,96,000AA0B6,0,1,1,4294967295,0,0
oInvCollPH,2944,96,002E5B0A,0,1,1,4294967295,0,0
oInvCollPH,2816,16,0008A4A0,0,1,1,4294967295,0,0
oInvCollPH,2816,32,003F3B56,0,1,1,4294967295,0,0
oInvCollPH,2816,48,0010860B,0,1,1,4294967295,0,0
oInvCollPH,2816,64,0021DB99,0,1,1,4294967295,0,0
oInvCollPH,2816,80,001E7002,0,1,1,4294967295,0,0
oInvCollPH,2816,96,0037FB2F,0,1,1,4294967295,0,0
oInvCollPH,2832,96,00322DFA,0,1,1,4294967295,0,0
oInvCollPH,2848,96,000E476E,0,1,1,4294967295,0,0
oInvCollPH,2864,96,00227931,0,1,1,4294967295,0,0
oInvCollPH,2880,96,0006B977,0,1,1,4294967295,0,0
oInvCollPH,2896,96,0020693A,0,1,1,4294967295,0,0
oInvCollPH,2912,96,00196817,0,1,1,4294967295,0,0
oInvCollPH,2928,96,00051A4E,0,1,1,4294967295,0,0
oInvCollPH,2384,240,002DED8F,0,1,1,4294967295,0,0
oInvCollPH,2400,240,00240254,0,1,1,4294967295,0,0
oInvCollPH,2416,240,00185885,0,1,1,4294967295,0,0
oInvCollPH,2432,240,0037E3E0,0,1,1,4294967295,0,0
oInvCollPH,2448,240,003374AE,0,1,1,4294967295,0,0
oInvCollPH,2464,240,00221273,0,1,1,4294967295,0,0
oInvCollPH,2480,240,000F5D53,0,1,1,4294967295,0,0
oInvCollPH,2672,240,003258E5,0,1,1,4294967295,0,0
oInvCollPH,2656,240,000E188F,0,1,1,4294967295,0,0
oInvCollPH,2640,240,00345645,0,1,1,4294967295,0,0
oInvCollPH,2624,240,00141A88,0,1,1,4294967295,0,0
oInvCollPH,2608,240,003BA038,0,1,1,4294967295,0,0
oInvCollPH,2592,240,0017FF4A,0,1,1,4294967295,0,0
oInvCollPH,2576,240,00211131,0,1,1,4294967295,0,0
oInvCollPH,2560,240,0013BA1B,0,1,1,4294967295,0,0
oInvCollPH,2544,240,00251CB1,0,1,1,4294967295,0,0
oInvCollPH,2528,240,000592B1,0,1,1,4294967295,0,0
oInvCollPH,2512,240,00304623,0,1,1,4294967295,0,0
oInvCollPH,2496,240,0024BE2D,0,1,1,4294967295,0,0
oInvCollPH,2992,160,003ED0AD,0,1,1,4294967295,0,0
oInvisibleSolid,0,192,003393E5,0,1,1,4294967295,0,1
oInvisibleSolid,224,256,0025AE4B,0,1,1,4294967295,0,1
oInvisibleSolid,320,240,001397FC,0,1,1,4294967295,0,1
oInvisibleSolid,416,288,003EBF70,0,1,1,4294967295,0,1
oInvisibleSolid,448,272,00203F0F,0,1,1,4294967295,0,1
oInvisibleSolid,512,256,002AB22C,0,1,1,4294967295,0,1
oInvisibleSolid,576,224,001B2F3A,0,1,1,4294967295,0,1
oInvisibleSolid,688,240,0039A38E,0,1,1,4294967295,0,1
oInvisibleSolid,752,256,0029C6AA,0,1,1,4294967295,0,1
oInvisibleSolid,816,272,000FF84A,0,1,1,4294967295,0,1
oInvisibleSolid,848,240,0001C33F,0,1,1,4294967295,0,1
oInvisibleSolid,848,256,00132E5C,0,1,1,4294967295,0,1
oInvisibleSolid,992,256,002787E2,0,1,1,4294967295,0,1
oInvisibleSolid,1120,240,002A9B58,0,1,1,4294967295,0,1
oInvisibleSolid,1248,176,0030CFE5,0,1,1,4294967295,0,1
oInvisibleSolid,1248,224,001C5492,0,1,1,4294967295,0,1
oInvisibleSolid,1216,240,0029F62C,0,1,1,4294967295,0,1
oInvisibleSolid,1504,272,000316E4,0,1,1,4294967295,0,1
oInvisibleSolid,1376,240,001FB796,0,1,1,4294967295,0,1
oInvisibleSolid,1408,224,001266A0,0,1,1,4294967295,0,1
oInvisibleSolid,1472,208,001BFD06,0,1,1,4294967295,0,1
oInvisibleSolid,1616,288,000854E9,0,1,1,4294967295,0,1
oInvisibleSolid,1680,272,001100A4,0,1,1,4294967295,0,1
oInvisibleSolid,1712,256,003E2308,0,1,1,4294967295,0,1
oInvisibleSolid,1840,224,003D8E1B,0,1,1,4294967295,0,1
oInvisibleSolid,1904,192,00248A1E,0,1,1,4294967295,0,1
oInvisibleSolid,2016,240,001B8E11,0,1,1,4294967295,0,1
oInvisibleSolid,2880,240,00290713,0,1,1,4294967295,0,1
oInvisibleSolid,2688,176,0037E233,0,1,1,4294967295,0,1
oInvisibleSolid,2816,0,00196433,0,1,1,4294967295,0,1
oInvisibleSolid,3008,112,00076D9A,0,1,1,4294967295,0,1
oInvisibleSolid,2336,240,0036FBED,0,1,1,4294967295,0,1
oInvisibleSolid,2208,224,000DA66E,0,1,1,4294967295,0,1
oInvisibleSolid,2736,160,0017934E,0,1,1,4294967295,0,0
oInvisibleSolid,2976,160,002905CA,0,1,1,4294967295,0,1
