oExit,0,256,000EFAB9,0,1,1,4294967295,0,1
oExit,192,336,002BCF3B,0,1,1,4294967295,0,1
oHPF_Fan,152,256,00169093,0,1,1,4294967295,0,0
oHPF_Fan,296,256,002B08DB,0,1,1,4294967295,0,0
oExit,560,256,002330B9,0,1,1,4294967295,0,1
oExit,112,256,00318685,0,1,1,4294967295,0,1
oHealingPost,416,288,0014D544,0,1,1,4294967295,0,0
oEventBarrier,192,272,0039C49F,0,1,1,4294967295,0,1
oPlayer1,48,288,0007CE06,0,1,1,4294967295,0,0
oInvCollPH,0,208,0034D545,0,1,1,4294967295,0,0
oInvCollPH,16,208,002CF6C6,0,1,1,4294967295,0,0
oInvCollPH,32,208,001ABF81,0,1,1,4294967295,0,0
oInvCollPH,48,208,000A4292,0,1,1,4294967295,0,0
oInvCollPH,48,192,0021004F,0,1,1,4294967295,0,0
oInvCollPH,48,176,00072C06,0,1,1,4294967295,0,0
oInvCollPH,48,160,000790FF,0,1,1,4294967295,0,0
oInvCollPH,512,176,003A3FFA,0,1,1,4294967295,0,0
oInvCollPH,512,192,0036BF5E,0,1,1,4294967295,0,0
oInvCollPH,512,208,003AD76B,0,1,1,4294967295,0,0
oInvCollPH,528,208,00315153,0,1,1,4294967295,0,0
oInvCollPH,544,208,000D5352,0,1,1,4294967295,0,0
oInvCollPH,560,208,00087602,0,1,1,4294967295,0,0
oInvCollPH,16,288,002E5805,0,1,1,4294967295,0,0
oInvCollPH,32,288,001FDEBF,0,1,1,4294967295,0,0
oInvCollPH,48,288,002D847B,0,1,1,4294967295,0,0
oInvCollPH,64,288,002CDD34,0,1,1,4294967295,0,0
oInvCollPH,80,288,002EAEE2,0,1,1,4294967295,0,0
oInvCollPH,96,288,002D215F,0,1,1,4294967295,0,0
oInvCollPH,112,288,000CA418,0,1,1,4294967295,0,0
oInvCollPH,128,288,000DC576,0,1,1,4294967295,0,0
oInvCollPH,144,288,00279963,0,1,1,4294967295,0,0
oInvCollPH,160,288,00196209,0,1,1,4294967295,0,0
oInvCollPH,176,288,001918CB,0,1,1,4294967295,0,0
oInvCollPH,176,304,0018CE99,0,1,1,4294967295,0,0
oInvCollPH,176,320,001085C4,0,1,1,4294967295,0,0
oInvCollPH,176,336,0016DBBB,0,1,1,4294967295,0,0
oInvCollPH,256,304,000BFE56,0,1,1,4294967295,0,0
oInvCollPH,256,320,0019A05A,0,1,1,4294967295,0,0
oInvCollPH,256,336,00352F17,0,1,1,4294967295,0,0
oInvCollPH,272,288,001E738E,0,1,1,4294967295,0,0
oInvCollPH,288,288,0031E743,0,1,1,4294967295,0,0
oInvCollPH,304,288,002B96EC,0,1,1,4294967295,0,0
oInvCollPH,320,288,00238692,0,1,1,4294967295,0,0
oInvCollPH,336,288,00075A17,0,1,1,4294967295,0,0
oInvCollPH,352,288,003B2D31,0,1,1,4294967295,0,0
oInvCollPH,368,288,001D436D,0,1,1,4294967295,0,0
oInvCollPH,384,288,001E3BD0,0,1,1,4294967295,0,0
oInvCollPH,400,288,00285643,0,1,1,4294967295,0,0
oInvCollPH,416,288,003C0167,0,1,1,4294967295,0,0
oInvCollPH,432,288,00380985,0,1,1,4294967295,0,0
oInvCollPH,448,288,00397A5A,0,1,1,4294967295,0,0
oInvCollPH,464,288,001706A5,0,1,1,4294967295,0,0
oInvCollPH,480,288,000AFBCC,0,1,1,4294967295,0,0
oInvCollPH,496,288,0027351C,0,1,1,4294967295,0,0
oInvCollPH,512,288,0020332E,0,1,1,4294967295,0,0
oInvCollPH,528,288,00314F3B,0,1,1,4294967295,0,0
oInvCollPH,544,288,000487D2,0,1,1,4294967295,0,0
oInvCollPH,560,288,001213F5,0,1,1,4294967295,0,0
oInvCollPH,64,144,000D8DF1,0,1,1,4294967295,0,0
oInvCollPH,80,144,002178C4,0,1,1,4294967295,0,0
oInvCollPH,96,144,0002A0C9,0,1,1,4294967295,0,0
oInvCollPH,112,144,0003BAEC,0,1,1,4294967295,0,0
oInvCollPH,112,128,001243C3,0,1,1,4294967295,0,0
oInvCollPH,112,112,002A7A54,0,1,1,4294967295,0,0
oInvCollPH,112,96,002FF046,0,1,1,4294967295,0,0
oInvCollPH,448,112,001230A1,0,1,1,4294967295,0,0
oInvCollPH,448,128,00139921,0,1,1,4294967295,0,0
oInvCollPH,448,144,00029609,0,1,1,4294967295,0,0
oInvCollPH,464,144,003EA972,0,1,1,4294967295,0,0
oInvCollPH,480,144,0035EB05,0,1,1,4294967295,0,0
oInvCollPH,496,144,001905DB,0,1,1,4294967295,0,0
oInvCollPH,128,80,003B538B,0,1,1,4294967295,0,0
oInvCollPH,144,80,00391ADE,0,1,1,4294967295,0,0
oInvCollPH,160,80,001A1481,0,1,1,4294967295,0,0
oInvCollPH,176,80,002DF3F7,0,1,1,4294967295,0,0
oInvCollPH,192,80,001EF248,0,1,1,4294967295,0,0
oInvCollPH,208,80,002DB4D7,0,1,1,4294967295,0,0
oInvCollPH,224,80,0023FAA3,0,1,1,4294967295,0,0
oInvCollPH,240,80,0008C24C,0,1,1,4294967295,0,0
oInvCollPH,256,80,00058ED4,0,1,1,4294967295,0,0
oInvCollPH,272,80,001BD633,0,1,1,4294967295,0,0
oInvCollPH,288,80,002BFAEC,0,1,1,4294967295,0,0
oInvCollPH,304,80,001F0089,0,1,1,4294967295,0,0
oInvCollPH,320,80,000C5496,0,1,1,4294967295,0,0
oInvCollPH,336,80,0027D9D9,0,1,1,4294967295,0,0
oInvCollPH,352,80,00360185,0,1,1,4294967295,0,0
oInvCollPH,368,80,003E99B6,0,1,1,4294967295,0,0
oInvCollPH,384,80,000ED55B,0,1,1,4294967295,0,0
oInvCollPH,400,80,00358073,0,1,1,4294967295,0,0
oInvCollPH,416,80,0025E0C8,0,1,1,4294967295,0,0
oInvCollPH,432,80,002888C5,0,1,1,4294967295,0,0
oInvisibleSolid,0,288,0028E3DE,0,1,1,4294967295,0,1
oInvisibleSolid,256,288,00231EDD,0,1,1,4294967295,0,1
oInvisibleSolid,0,160,000CDCBD,0,1,1,4294967295,0,1
oInvisibleSolid,512,160,002BB260,0,1,1,4294967295,0,1
oInvisibleSolid,448,96,00384D72,0,1,1,4294967295,0,1
oInvisibleSolid,0,96,0011A6FB,0,1,1,4294967295,0,1
oInvisibleSolid,0,0,000EEAD0,0,1,1,4294967295,0,1
oEmSmokeA,200,184,0008830A,0,1,1,4294967295,0,1
oEmSmokeA,240,184,00234285,0,1,1,4294967295,0,1
oEmSmokeA,152,224,000C8D5D,0,1,1,4294967295,0,1
oEmSmokeA,208,232,001EF65F,0,1,1,4294967295,0,1
oEmSmokeA,232,232,002282DB,0,1,1,4294967295,0,1
oEmSmokeA,288,224,003ECBBF,0,1,1,4294967295,0,1
