oExit,600,288,003E9725,0,1,1,4294967295,0,1
oExit,424,256,0023624A,0,1,1,4294967295,0,1
oExit,504,96,0024819A,0,1,1,4294967295,0,1
oExit,1016,256,0005B29B,0,1,1,4294967295,0,1
oExit,1272,256,003C0558,0,1,1,4294967295,0,1
oSignPost,384,288,003F96BE,0,1,1,4294967295,0,1
oSignPost,1456,288,00320805,0,1,1,4294967295,0,1
oWarpStatue,128,288,0015D10D,0,1,1,4294967295,0,1
oExit,2000,208,0030FE5F,0,1,1,4294967295,0,1
oExit,16,256,003A7E9C,0,1,1,4294967295,0,1
oExit,1016,64,00337C00,0,1,1,4294967295,0,1
oCityBirdA,1450,53,000B7A5D,0,1,1,4294967295,0,1
oDiveBird,960,96,003012C9,0,1,1,4294967295,0,1
oDiveBird,1072,96,00258499,0,1,1,4294967295,0,1
oDiveBird,1104,96,00383F15,0,1,1,4294967295,0,1
oBlackCrowTown,102,72,003EAE9E,0,1,1,4294967295,0,0
oBlackCrowTown,83,91,00166D69,0,1,1,4294967295,0,0
oExit,744,64,000774A0,0,1,1,4294967295,0,1
oSmallGlow,1600,232,0016D4B2,0,1,1,4294967295,0,1
oSmallGlow,1888,184,00188A08,0,1,1,4294967295,0,1
oSmallGlow,1168,232,003EC5E6,0,1,1,4294967295,0,1
oSmallGlow,800,232,00037E56,0,1,1,4294967295,0,1
oSmallGlow,240,232,000BC65E,0,1,1,4294967295,0,1
oLittleBirdStaticA,1961,113,0038A8AA,0,1,1,4294967295,0,1
oLittleBirdStaticA,1981,117,002ADDBF,0,1,1,4294967295,0,1
oLittleBirdStaticA,2001,114,001BD7A9,0,1,1,4294967295,0,1
oLittleBirdStaticA,493,224,00237F46,0,1,1,4294967295,0,1
oLittleBirdStaticA,507,224,00130D04,0,1,1,4294967295,0,0
oLittleBirdStaticA,1548,200,00241BEC,0,1,1,4294967295,0,0
oLittleBirdStaticA,1567,192,0037BA7E,0,1,1,4294967295,0,1
oLittleBirdStaticA,1279,48,00341851,0,1,1,4294967295,0,0
oLittleBirdStaticA,1327,125,001FAF11,0,1,1,4294967295,0,0
oLittleBirdStaticA,1339,138,0017E295,0,1,1,4294967295,0,0
oLittleBirdStaticA,1608,231,00236BBC,0,1,1,4294967295,0,1
oLittleBirdStaticA,806,231,0039E257,0,1,1,4294967295,0,0
oLittleBirdStaticA,1176,231,0031511B,0,1,1,4294967295,0,1
oLittleBirdStaticA,163,199,000F7FD6,0,1,1,4294967295,0,1
oLittleBirdStaticA,179,194,0011E2E2,0,1,1,4294967295,0,1
oLittleBirdStaticA,193,191,0038B6E5,0,1,1,4294967295,0,1
oLittleBirdStaticA,459,77,00298784,0,1,1,4294967295,0,0
oLittleBirdStaticA,470,78,002C6485,0,1,1,4294967295,0,0
oLittleBirdStaticA,162,38,00357DD0,0,1,1,4294967295,0,0
oLittleBirdStaticA,188,35,0015906C,0,1,1,4294967295,0,1
oLittleBirdStaticA,115,213,0005961F,0,1,1,4294967295,0,0
oLittleBirdStaticA,134,213,00239B65,0,1,1,4294967295,0,1
oLittleBirdStaticA,1463,190,00177BDF,0,1,1,4294967295,0,0
oLittleBirdStaticA,1462,145,002C4439,0,1,1,4294967295,0,0
oLittleBirdStaticA,1515,145,00140AF4,0,1,1,4294967295,0,0
oLittleBirdStaticA,1592,147,000582E1,0,1,1,4294967295,0,0
oLittleBirdStaticA,1595,187,002802F8,0,1,1,4294967295,0,0
oLittleBirdStaticA,1421,179,0031A6AA,0,1,1,4294967295,0,0
oLittleBirdStaticA,1413,135,0030D2C9,0,1,1,4294967295,0,0
oLittleBirdStaticA,1544,146,002A6268,0,1,1,4294967295,0,0
oLittleBirdStaticA,1556,225,00078D7B,0,1,1,4294967295,0,0
oHeartEnergy,1544,96,00092C6D,0,1,1,4294967295,0,1
oNPC_SStoryChar,1840,240,00393979,0,1,1,4294967295,0,1
oNPC_SStoryChar,288,288,002EC3DA,0,1,1,4294967295,0,1
oNPC_SStoryChar,1392,288,00282289,0,1,1,4294967295,0,1
oStrikeChainPoint,976,208,003E750C,0,1,1,4294967295,0,0
oStrikeChainPoint,928,160,003526F2,0,1,1,4294967295,0,0
oStrikeChainPoint,1120,160,003E2F5D,0,1,1,4294967295,0,0
oStrikeChainPoint,1504,176,0025F4DB,0,1,1,4294967295,0,0
oAPBoost,10,184,0023849F,0,1,1,4294967295,0,1
oNPC_John,1232,288,000461F5,0,1,1,4294967295,0,1
oTD_GameStart,1112,288,00324B99,0,1,1,4294967295,0,0
oHeartPiece,1232,176,00155E3C,0,1,1,4294967295,0,1
oAPBoost,1240,216,002E09DA,0,1,1,4294967295,0,1
oAPBoost,1280,216,0030A95F,0,1,1,4294967295,0,1
oAPBoost,1320,216,00256C23,0,1,1,4294967295,0,1
oArrowQuiver,1272,176,0007ED66,0,1,1,4294967295,0,1
oWalletBoost,1312,176,002D5230,0,1,1,4294967295,0,1
oSolidVirusBlock,32,0,000F5DB6,0,1,1,4294967295,0,1
oSolidVirusBlock,1920,0,0020F17C,0,1,1,4294967295,0,1
oSolidVirusBlock,1840,0,00222549,0,1,1,4294967295,0,1
oSolidVirusBlock,1728,0,00136D28,0,1,1,4294967295,0,1
oSolidVirusBlock,880,0,0039910F,0,1,1,4294967295,0,1
oSolidVirusBlock,608,0,0023DB63,0,1,1,4294967295,0,1
oSolidVirusBlock,112,0,0027B2E6,0,1,1,4294967295,0,1
oSolidVirusBlock,192,0,0010DE40,0,1,1,4294967295,0,1
oSolidVirusBlock,240,0,001F31AC,0,1,1,4294967295,0,1
oSolidVirusBlock,1312,0,000C0A72,0,1,1,4294967295,0,1
oBombDropper,256,192,00370583,0,1,1,4294967295,0,0
oBombDropper,864,208,0015F2A9,0,1,1,4294967295,0,0
oEggBot,1168,288,001ECE82,0,1,1,4294967295,0,0
oSprongySpring,1680,288,003E2667,0,1,1,4294967295,0,0
oSprongySpring,1280,160,00388438,0,1,1,4294967295,0,0
oPlayer1,640,320,001E4882,0,1,1,4294967295,0,0
oInvCollPH,544,320,0007EC8E,0,1,1,4294967295,0,0
oInvCollPH,560,320,0033FCE3,0,1,1,4294967295,0,0
oInvCollPH,576,320,001AB801,0,1,1,4294967295,0,0
oInvCollPH,592,320,00385A45,0,1,1,4294967295,0,0
oInvCollPH,608,320,000DA46C,0,1,1,4294967295,0,0
oInvCollPH,624,320,00323492,0,1,1,4294967295,0,0
oInvCollPH,640,320,0001775C,0,1,1,4294967295,0,0
oInvCollPH,656,320,000BCA08,0,1,1,4294967295,0,0
oInvCollPH,16,288,00341DEB,0,1,1,4294967295,0,0
oInvCollPH,32,288,0029A87A,0,1,1,4294967295,0,0
oInvCollPH,48,288,001EC1A4,0,1,1,4294967295,0,0
oInvCollPH,496,288,00340716,0,1,1,4294967295,0,0
oInvCollPH,480,288,001A023E,0,1,1,4294967295,0,0
oInvCollPH,464,288,00244C70,0,1,1,4294967295,0,0
oInvCollPH,448,288,003C51F8,0,1,1,4294967295,0,0
oInvCollPH,432,288,000C4BEF,0,1,1,4294967295,0,0
oInvCollPH,416,288,000DF062,0,1,1,4294967295,0,0
oInvCollPH,400,288,0026459E,0,1,1,4294967295,0,0
oInvCollPH,384,288,000E2248,0,1,1,4294967295,0,0
oInvCollPH,368,288,002923D2,0,1,1,4294967295,0,0
oInvCollPH,352,288,002B4EC4,0,1,1,4294967295,0,0
oInvCollPH,336,288,003F089C,0,1,1,4294967295,0,0
oInvCollPH,320,288,0034C26B,0,1,1,4294967295,0,0
oInvCollPH,64,288,00381EAF,0,1,1,4294967295,0,0
oInvCollPH,80,288,001057C9,0,1,1,4294967295,0,0
oInvCollPH,96,288,0014B256,0,1,1,4294967295,0,0
oInvCollPH,112,288,002245F1,0,1,1,4294967295,0,0
oInvCollPH,176,288,00217738,0,1,1,4294967295,0,0
oInvCollPH,160,288,000D5B01,0,1,1,4294967295,0,0
oInvCollPH,144,288,0006F784,0,1,1,4294967295,0,0
oInvCollPH,128,288,0030EF69,0,1,1,4294967295,0,0
oInvCollPH,304,288,0009C7C2,0,1,1,4294967295,0,0
oInvCollPH,288,288,0038345C,0,1,1,4294967295,0,0
oInvCollPH,272,288,00105FD6,0,1,1,4294967295,0,0
oInvCollPH,256,288,003A049B,0,1,1,4294967295,0,0
oInvCollPH,240,288,0027DE3F,0,1,1,4294967295,0,0
oInvCollPH,224,288,00260CD2,0,1,1,4294967295,0,0
oInvCollPH,208,288,0024FA96,0,1,1,4294967295,0,0
oInvCollPH,192,288,0019D8C4,0,1,1,4294967295,0,0
oInvCollPH,320,144,00316AF1,0,1,1,4294967295,0,0
oInvCollPH,336,128,001B4C5C,0,1,1,4294967295,0,0
oInvCollPH,352,128,00175B88,0,1,1,4294967295,0,0
oInvCollPH,368,128,0015C552,0,1,1,4294967295,0,0
oInvCollPH,384,128,003394F8,0,1,1,4294967295,0,0
oInvCollPH,400,128,000CACA6,0,1,1,4294967295,0,0
oInvCollPH,416,128,00201D06,0,1,1,4294967295,0,0
oInvCollPH,432,128,0029FA2B,0,1,1,4294967295,0,0
oInvCollPH,448,128,0037874E,0,1,1,4294967295,0,0
oInvCollPH,464,128,00248CC0,0,1,1,4294967295,0,0
oInvCollPH,480,128,0030DA0F,0,1,1,4294967295,0,0
oInvCollPH,496,128,00183519,0,1,1,4294967295,0,0
oInvCollPH,512,128,002795DC,0,1,1,4294967295,0,0
oInvCollPH,528,128,00087020,0,1,1,4294967295,0,0
oInvCollPH,336,144,000FD81A,0,1,1,4294967295,0,0
oInvCollPH,352,144,001E444F,0,1,1,4294967295,0,0
oInvCollPH,368,144,00384597,0,1,1,4294967295,0,0
oInvCollPH,384,144,00315DAD,0,1,1,4294967295,0,0
oInvCollPH,400,144,0007256B,0,1,1,4294967295,0,0
oInvCollPH,416,144,0008C4D5,0,1,1,4294967295,0,0
oInvCollPH,432,144,00265733,0,1,1,4294967295,0,0
oInvCollPH,448,144,00306028,0,1,1,4294967295,0,0
oInvCollPH,464,144,00400C88,0,1,1,4294967295,0,0
oInvCollPH,480,144,002D1042,0,1,1,4294967295,0,0
oInvCollPH,496,144,00301026,0,1,1,4294967295,0,0
oInvCollPH,512,144,0015150A,0,1,1,4294967295,0,0
oInvCollPH,528,144,00377388,0,1,1,4294967295,0,0
oInvCollPH,656,144,001CB0DD,0,1,1,4294967295,0,0
oInvCollPH,672,128,0038C7CC,0,1,1,4294967295,0,0
oInvCollPH,688,128,002FF6B2,0,1,1,4294967295,0,0
oInvCollPH,704,128,00081757,0,1,1,4294967295,0,0
oInvCollPH,720,128,003F2193,0,1,1,4294967295,0,0
oInvCollPH,768,128,001D184E,0,1,1,4294967295,0,0
oInvCollPH,784,128,000049BF,0,1,1,4294967295,0,0
oInvCollPH,800,128,0011C3B6,0,1,1,4294967295,0,0
oInvCollPH,800,144,0001CF87,0,1,1,4294967295,0,0
oInvCollPH,784,144,0009621D,0,1,1,4294967295,0,0
oInvCollPH,768,144,00310398,0,1,1,4294967295,0,0
oInvCollPH,752,144,0019C4E9,0,1,1,4294967295,0,0
oInvCollPH,736,144,002DCB99,0,1,1,4294967295,0,0
oInvCollPH,720,144,0034F228,0,1,1,4294967295,0,0
oInvCollPH,704,144,000B3083,0,1,1,4294967295,0,0
oInvCollPH,688,144,001200BF,0,1,1,4294967295,0,0
oInvCollPH,672,144,002FE961,0,1,1,4294967295,0,0
oInvCollPH,720,288,003503F1,0,1,1,4294967295,0,0
oInvCollPH,736,288,0027C3F4,0,1,1,4294967295,0,0
oInvCollPH,752,288,003F2C35,0,1,1,4294967295,0,0
oInvCollPH,768,288,00051B3C,0,1,1,4294967295,0,0
oInvCollPH,784,288,002D2803,0,1,1,4294967295,0,0
oInvCollPH,800,288,002468AE,0,1,1,4294967295,0,0
oInvCollPH,816,288,000852E0,0,1,1,4294967295,0,0
oInvCollPH,832,288,003AB9A5,0,1,1,4294967295,0,0
oInvCollPH,848,288,002BF0D2,0,1,1,4294967295,0,0
oInvCollPH,864,288,0003F8DF,0,1,1,4294967295,0,0
oInvCollPH,880,288,000FD8D6,0,1,1,4294967295,0,0
oInvCollPH,896,288,0009BD8B,0,1,1,4294967295,0,0
oInvCollPH,912,288,00199256,0,1,1,4294967295,0,0
oInvCollPH,928,288,0023F159,0,1,1,4294967295,0,0
oInvCollPH,944,288,0038C08E,0,1,1,4294967295,0,0
oInvCollPH,960,288,002B4F65,0,1,1,4294967295,0,0
oInvCollPH,976,288,002B65E4,0,1,1,4294967295,0,0
oInvCollPH,992,288,00062686,0,1,1,4294967295,0,0
oInvCollPH,1008,288,001A7702,0,1,1,4294967295,0,0
oInvCollPH,1024,288,000213BB,0,1,1,4294967295,0,0
oInvCollPH,1040,288,001D5FB9,0,1,1,4294967295,0,0
oInvCollPH,1056,288,000246DD,0,1,1,4294967295,0,0
oInvCollPH,1072,288,002C3C9B,0,1,1,4294967295,0,0
oInvCollPH,1088,288,001B7D65,0,1,1,4294967295,0,0
oInvCollPH,1104,288,0007A031,0,1,1,4294967295,0,0
oInvCollPH,1120,288,0037DCCA,0,1,1,4294967295,0,0
oInvCollPH,1136,288,003F5D80,0,1,1,4294967295,0,0
oInvCollPH,1152,288,0004F9C3,0,1,1,4294967295,0,0
oInvCollPH,1168,288,0030332D,0,1,1,4294967295,0,0
oInvCollPH,1184,288,0033A894,0,1,1,4294967295,0,0
oInvCollPH,1200,288,0038BB7D,0,1,1,4294967295,0,0
oInvCollPH,1216,288,00159622,0,1,1,4294967295,0,0
oInvCollPH,1232,288,000C36DE,0,1,1,4294967295,0,0
oInvCollPH,1248,288,0008283B,0,1,1,4294967295,0,0
oInvCollPH,1264,288,000147B5,0,1,1,4294967295,0,0
oInvCollPH,1280,288,000B2B00,0,1,1,4294967295,0,0
oInvCollPH,1296,288,0037A095,0,1,1,4294967295,0,0
oInvCollPH,1312,288,00254981,0,1,1,4294967295,0,0
oInvCollPH,1328,288,003A268B,0,1,1,4294967295,0,0
oInvCollPH,1344,288,003873FA,0,1,1,4294967295,0,0
oInvCollPH,1360,288,002E95F8,0,1,1,4294967295,0,0
oInvCollPH,1376,288,000E68E4,0,1,1,4294967295,0,0
oInvCollPH,1392,288,000B68A7,0,1,1,4294967295,0,0
oInvCollPH,1408,288,00053AB5,0,1,1,4294967295,0,0
oInvCollPH,1424,288,0034BF7F,0,1,1,4294967295,0,0
oInvCollPH,1440,288,00224D26,0,1,1,4294967295,0,0
oInvCollPH,1456,288,000137A5,0,1,1,4294967295,0,0
oInvCollPH,1472,288,001EAECE,0,1,1,4294967295,0,0
oInvCollPH,1488,288,001566B4,0,1,1,4294967295,0,0
oInvCollPH,1504,288,002D1E15,0,1,1,4294967295,0,0
oInvCollPH,1520,288,002784F1,0,1,1,4294967295,0,0
oInvCollPH,1536,288,0035D8BB,0,1,1,4294967295,0,0
oInvCollPH,1552,288,00054506,0,1,1,4294967295,0,0
oInvCollPH,1568,288,001948D0,0,1,1,4294967295,0,0
oInvCollPH,1584,288,0036D6C1,0,1,1,4294967295,0,0
oInvCollPH,1600,288,000BCBE4,0,1,1,4294967295,0,0
oInvCollPH,1616,288,00352CDB,0,1,1,4294967295,0,0
oInvCollPH,1632,288,001B5FB7,0,1,1,4294967295,0,0
oInvCollPH,1648,288,002B5B8D,0,1,1,4294967295,0,0
oInvCollPH,1664,288,000E6C81,0,1,1,4294967295,0,0
oInvCollPH,1680,288,0039D2CD,0,1,1,4294967295,0,0
oInvCollPH,1696,288,00079B47,0,1,1,4294967295,0,0
oInvCollPH,1712,288,00300DCF,0,1,1,4294967295,0,0
oInvCollPH,1792,240,001B34C6,0,1,1,4294967295,0,0
oInvCollPH,1808,240,003DE60A,0,1,1,4294967295,0,0
oInvCollPH,1824,240,00127FF0,0,1,1,4294967295,0,0
oInvCollPH,1840,240,00192A13,0,1,1,4294967295,0,0
oInvCollPH,1856,240,001310D4,0,1,1,4294967295,0,0
oInvCollPH,1872,240,003D47DC,0,1,1,4294967295,0,0
oInvCollPH,1888,240,00085D7C,0,1,1,4294967295,0,0
oInvCollPH,1904,240,003AF983,0,1,1,4294967295,0,0
oInvCollPH,1920,240,003409AF,0,1,1,4294967295,0,0
oInvCollPH,2016,240,001F8C3A,0,1,1,4294967295,0,0
oInvCollPH,2000,240,001E26F7,0,1,1,4294967295,0,0
oInvCollPH,1984,240,0034238B,0,1,1,4294967295,0,0
oInvCollPH,1968,240,003EA877,0,1,1,4294967295,0,0
oInvCollPH,1952,240,0014137D,0,1,1,4294967295,0,0
oInvCollPH,1936,240,0006EC23,0,1,1,4294967295,0,0
oInvCollSH,608,176,001B7967,0,1,1,4294967295,0,0
oInvCollSH,624,176,0000F86E,0,1,1,4294967295,0,0
oInvCollSH,640,176,00218FF0,0,1,1,4294967295,0,0
oInvCollSH,832,160,001126A2,0,1,1,4294967295,0,0
oInvCollSH,64,128,0007BB12,0,1,1,4294967295,0,0
oInvCollSH,80,128,002CED0F,0,1,1,4294967295,0,0
oInvCollSH,96,128,002D6104,0,1,1,4294967295,0,0
oInvCollSH,112,128,00162902,0,1,1,4294967295,0,0
oInvCollSH,128,128,003EE707,0,1,1,4294967295,0,0
oInvCollSH,144,128,002D7E3C,0,1,1,4294967295,0,0
oInvCollSH,160,128,000D4A10,0,1,1,4294967295,0,0
oInvCollSH,176,128,001F059F,0,1,1,4294967295,0,0
oInvCollSH,192,128,0025F59A,0,1,1,4294967295,0,0
oInvCollSH,272,128,00095990,0,1,1,4294967295,0,0
oInvCollSH,256,128,0006F388,0,1,1,4294967295,0,0
oInvCollSH,240,128,002B0D86,0,1,1,4294967295,0,0
oInvCollSH,224,128,0020AB1B,0,1,1,4294967295,0,0
oInvCollSH,208,128,00234266,0,1,1,4294967295,0,0
oInvCollSH,928,96,002E79ED,0,1,1,4294967295,0,0
oInvCollSH,944,96,001804E7,0,1,1,4294967295,0,0
oInvCollSH,960,96,00157AE5,0,1,1,4294967295,0,0
oInvCollSH,976,96,00006B11,0,1,1,4294967295,0,0
oInvCollSH,992,96,0028BBFF,0,1,1,4294967295,0,0
oInvCollSH,1008,96,003BAD56,0,1,1,4294967295,0,0
oInvCollSH,1024,96,0026B0E5,0,1,1,4294967295,0,0
oInvCollSH,1040,96,00103822,0,1,1,4294967295,0,0
oInvCollSH,1056,96,00255488,0,1,1,4294967295,0,0
oInvCollSH,1072,96,000AB3EF,0,1,1,4294967295,0,0
oInvCollSH,1088,96,0038141B,0,1,1,4294967295,0,0
oInvCollSH,1104,96,0035756F,0,1,1,4294967295,0,0
oInvCollSH,1120,96,00300AAF,0,1,1,4294967295,0,0
oInvCollSH,1232,160,0001D1DB,0,1,1,4294967295,0,0
oInvCollSH,1248,160,002E282B,0,1,1,4294967295,0,0
oInvCollSH,1264,160,002DB053,0,1,1,4294967295,0,0
oInvCollSH,1280,160,000F2F72,0,1,1,4294967295,0,0
oInvCollSH,1296,160,00088E6E,0,1,1,4294967295,0,0
oInvCollSH,1312,160,00213140,0,1,1,4294967295,0,0
oInvCollSH,1328,160,003BED14,0,1,1,4294967295,0,0
oInvCollSH,1424,112,00327B0B,0,1,1,4294967295,0,0
oInvCollSH,1440,112,0023248F,0,1,1,4294967295,0,0
oInvCollSH,1456,112,000E773D,0,1,1,4294967295,0,0
oInvCollSH,1472,112,000B6FC9,0,1,1,4294967295,0,0
oInvCollSH,1488,112,00014C36,0,1,1,4294967295,0,0
oInvCollSH,1504,112,000EC277,0,1,1,4294967295,0,0
oInvCollSH,1520,112,00240536,0,1,1,4294967295,0,0
oInvCollSH,1536,112,00166357,0,1,1,4294967295,0,0
oInvCollSH,1552,112,0032B864,0,1,1,4294967295,0,0
oInvCollSH,1568,112,0039DDA6,0,1,1,4294967295,0,0
oInvCollSH,1584,112,00101F8F,0,1,1,4294967295,0,0
oInvCollPH,736,112,00214F22,0,1,1,4294967295,0,0
oInvCollPH,752,96,00184998,0,1,1,4294967295,0,0
oInvCollPH,752,112,00131EE4,0,1,1,4294967295,0,0
oInvisibleLupSlope,512,288,00127FB5,0,1,1,4294967295,0,0
oInvisibleLupSlope,528,304,0038688F,0,1,1,4294967295,0,0
oInvisibleRupSlope,672,304,0029E86F,0,1,1,4294967295,0,0
oInvisibleRupSlope,688,288,0004F756,0,1,1,4294967295,0,0
oInvisibleSolid,512,304,00162E71,0,1,1,4294967295,0,0
oInvisibleSolid,688,304,00213B44,0,1,1,4294967295,0,0
oInvisibleSolid,512,320,001B1BD1,0,1,1,4294967295,0,1
oInvisibleSolid,0,288,00352A17,0,1,1,4294967295,0,1
oInvisibleSolid,704,288,0032BF08,0,1,1,4294967295,0,1
oInvisibleSlimSolid,592,176,000AC490,0,1,1,4294967295,0,1
oInvisibleSlimSolid,816,160,00252C26,0,1,1,4294967295,0,1
oInvisibleLupSlope,544,128,003BFA04,0,1,1,4294967295,0,0
oInvisibleLupSlope,560,144,003D4E72,0,1,1,4294967295,0,0
oInvisibleLupSlope,576,160,00104EDA,0,1,1,4294967295,0,0
oInvisibleSolid,544,144,003339F8,0,1,1,4294967295,0,0
oInvisibleSolid,560,160,00124246,0,1,1,4294967295,0,0
oInvisibleSolid,320,128,002636D6,0,1,1,4294967295,0,1
oInvisibleSolid,656,128,0037E6E6,0,1,1,4294967295,0,1
oInvisibleSolid,656,160,0036EF6E,0,1,1,4294967295,0,0
oInvisibleSlimSolid,48,128,00030532,0,1,1,4294967295,0,1
oInvisibleSlimSolid,912,96,002D64EA,0,1,1,4294967295,0,1
oInvisibleSlimSolid,1216,160,002289D8,0,1,1,4294967295,0,1
oInvisibleSlimSolid,1408,112,003733AD,0,1,1,4294967295,0,1
oInvisibleRupSlope,1728,272,004023A8,0,1,1,4294967295,0,0
oInvisibleRupSlope,1744,256,00074EAA,0,1,1,4294967295,0,0
oInvisibleRupSlope,1760,240,00370980,0,1,1,4294967295,0,0
oInvisibleSolid,1744,272,003C0766,0,1,1,4294967295,0,1
oInvisibleSolid,1760,256,000929D5,0,1,1,4294967295,0,0
oInvisibleSolid,1776,240,002117D8,0,1,1,4294967295,0,1
oInvisibleSolid,736,96,0019FE25,0,1,1,4294967295,0,1
