oExit,3120,224,0003E194,0,1,1,4294967295,0,1
oExit,0,256,00183092,0,1,1,4294967295,0,1
oSwitchHolder,1328,176,00324ADA,0,1,1,4294967295,0,1
oSwitchHolder,736,240,002CFC11,0,1,1,4294967295,0,1
oSwitchHolder,624,48,002B12B0,0,1,1,4294967295,0,1
oStrikeChainPoint,2768,96,0035A055,0,1,1,4294967295,0,0
oStrikeChainPoint,2848,176,0017FFE6,0,1,1,4294967295,0,0
oStrikeChainPoint,2688,176,002BD127,0,1,1,4294967295,0,0
oStrikeChainPoint,2768,256,002982E9,0,1,1,4294967295,0,0
oStrikeChainPoint,2608,96,002809C1,0,1,1,4294967295,0,0
oStrikeChainPoint,2608,256,00309FE8,0,1,1,4294967295,0,0
oStrikeChainPoint,2528,176,000FC8F8,0,1,1,4294967295,0,0
oStrikeChainPoint,2448,96,003CFDD3,0,1,1,4294967295,0,0
oStrikeChainPoint,2288,96,0030F6A3,0,1,1,4294967295,0,0
oStrikeChainPoint,2128,96,0026802F,0,1,1,4294967295,0,0
oStrikeChainPoint,2208,176,00168AF4,0,1,1,4294967295,0,0
oStrikeChainPoint,2368,176,002CA2DE,0,1,1,4294967295,0,0
oStrikeChainPoint,2288,256,00400B09,0,1,1,4294967295,0,0
oStrikeChainPoint,2448,256,00292466,0,1,1,4294967295,0,0
oStrikeChainPoint,2128,256,002B7961,0,1,1,4294967295,0,0
oStrikeChainPoint,2048,176,00049148,0,1,1,4294967295,0,0
oStrikeChainPoint,1968,96,003F7C6D,0,1,1,4294967295,0,0
oStrikeChainPoint,1968,256,003AE75D,0,1,1,4294967295,0,0
oSeekerAlertDoor,144,96,002C9FFD,0,1,1,4294967295,0,1
oWeaponLevelUpgrade,80,144,00223CBF,0,1,1,4294967295,0,1
oSwitchBarrier,368,128,0015E435,0,1,1,4294967295,0,1
oSwitchBarrier,352,128,002F2030,0,1,1,4294967295,0,1
oSwitchBarrier,336,128,00158B9E,0,1,1,4294967295,0,1
oStaticSpike,2592,160,00104D6B,0,1,1,4294967295,0,0
oStaticSpike,2608,160,000CB2DE,0,1,1,4294967295,0,0
oStaticSpike,2752,160,003EFE7E,0,1,1,4294967295,0,0
oStaticSpike,2768,160,003EB8D3,0,1,1,4294967295,0,0
oStaticSpike,2432,160,001E4A9D,0,1,1,4294967295,0,0
oStaticSpike,2448,160,0011C25A,0,1,1,4294967295,0,0
oStaticSpike,2272,160,003A9815,0,1,1,4294967295,0,0
oStaticSpike,2288,160,000FEF9B,0,1,1,4294967295,0,0
oStaticSpike,2112,160,000A584C,0,1,1,4294967295,0,0
oStaticSpike,2128,160,003C4797,0,1,1,4294967295,0,0
oStaticSpike,1952,160,00197F23,0,1,1,4294967295,0,0
oStaticSpike,1968,160,001812E7,0,1,1,4294967295,0,0
oCHAOS_Seeker,2528,96,003F0161,0,1,1,4294967295,0,1
oCHAOS_Seeker,2368,256,00158FFA,0,1,1,4294967295,0,1
oCHAOS_Seeker,2128,320,002E8363,0,1,1,4294967295,0,1
oCHAOS_Seeker,560,192,00371C82,0,1,1,4294967295,0,1
oCHAOS_Seeker,1072,272,001A6E28,0,1,1,4294967295,0,1
oCHAOS_Seeker,1776,48,001D5180,0,1,1,4294967295,0,1
oCHAOS_Seeker,1488,80,00244595,0,1,1,4294967295,0,1
oCHAOS_Seeker,1200,80,0012DE59,0,1,1,4294967295,0,1
oCHAOS_Seeker,688,272,003F597F,0,1,1,4294967295,0,1
oCHAOS_Seeker,464,48,001C75AA,0,1,1,4294967295,0,1
oCHAOS_Seeker,944,176,0034043C,0,1,1,4294967295,0,1
oCHAOS_Seeker,1040,80,003FDF8B,0,1,1,4294967295,0,1
oPlayer1,3088,256,003C6828,0,1,1,4294967295,0,0
oInvCollPH,2912,240,0019224B,0,1,1,4294967295,0,0
oInvCollPH,2928,240,000F01CB,0,1,1,4294967295,0,0
oInvCollPH,2928,224,0022626E,0,1,1,4294967295,0,0
oInvCollPH,3072,48,00221677,0,1,1,4294967295,0,0
oInvCollPH,3072,64,001A49DF,0,1,1,4294967295,0,0
oInvCollPH,3072,80,0037BA92,0,1,1,4294967295,0,0
oInvCollPH,3072,96,0020C509,0,1,1,4294967295,0,0
oInvCollPH,3072,112,0038F007,0,1,1,4294967295,0,0
oInvCollPH,3072,128,00344981,0,1,1,4294967295,0,0
oInvCollPH,3072,144,00088E53,0,1,1,4294967295,0,0
oInvCollPH,3072,160,0026AD4D,0,1,1,4294967295,0,0
oInvCollPH,3104,176,00375DF6,0,1,1,4294967295,0,0
oInvCollPH,3088,176,0034CCFB,0,1,1,4294967295,0,0
oInvCollPH,3072,176,0024D2CE,0,1,1,4294967295,0,0
oInvCollPH,3120,176,0023021B,0,1,1,4294967295,0,0
oInvCollPH,2432,192,00016ED8,0,1,1,4294967295,0,0
oInvCollPH,2448,192,001F38D3,0,1,1,4294967295,0,0
oInvCollPH,2448,176,001552B9,0,1,1,4294967295,0,0
oInvCollPH,2592,192,000E657F,0,1,1,4294967295,0,0
oInvCollPH,2608,192,00158EFC,0,1,1,4294967295,0,0
oInvCollPH,2608,176,0005B9D7,0,1,1,4294967295,0,0
oInvCollPH,2752,192,003499C5,0,1,1,4294967295,0,0
oInvCollPH,2768,192,001A2C11,0,1,1,4294967295,0,0
oInvCollPH,2768,176,00009DDA,0,1,1,4294967295,0,0
oInvCollPH,2944,256,00125A44,0,1,1,4294967295,0,0
oInvCollPH,2960,256,00065210,0,1,1,4294967295,0,0
oInvCollPH,2976,256,0009B616,0,1,1,4294967295,0,0
oInvCollPH,2992,256,002E5303,0,1,1,4294967295,0,0
oInvCollPH,3008,256,000A51B8,0,1,1,4294967295,0,0
oInvCollPH,3024,256,0038C7D1,0,1,1,4294967295,0,0
oInvCollPH,3040,256,000BC4E6,0,1,1,4294967295,0,0
oInvCollPH,3056,256,002D3DF3,0,1,1,4294967295,0,0
oInvCollPH,3072,256,0028A3FE,0,1,1,4294967295,0,0
oInvCollPH,3088,256,000E5D7A,0,1,1,4294967295,0,0
oInvCollPH,3104,256,0033977C,0,1,1,4294967295,0,0
oInvCollPH,3120,256,001CDD59,0,1,1,4294967295,0,0
oInvCollPH,2912,272,00379AFB,0,1,1,4294967295,0,0
oInvCollPH,2912,288,0010F5C8,0,1,1,4294967295,0,0
oInvCollPH,2912,304,00066DC5,0,1,1,4294967295,0,0
oInvCollPH,2912,320,003F32F0,0,1,1,4294967295,0,0
oInvCollPH,2912,336,0027BA03,0,1,1,4294967295,0,0
oInvCollPH,2288,176,002B4C08,0,1,1,4294967295,0,0
oInvCollPH,2288,192,0022B390,0,1,1,4294967295,0,0
oInvCollPH,2272,192,003E92DE,0,1,1,4294967295,0,0
oInvCollPH,2128,176,002CF978,0,1,1,4294967295,0,0
oInvCollPH,2128,192,002707B8,0,1,1,4294967295,0,0
oInvCollPH,2112,192,000D2FE6,0,1,1,4294967295,0,0
oInvCollPH,1968,176,0008C710,0,1,1,4294967295,0,0
oInvCollPH,1968,192,003D212F,0,1,1,4294967295,0,0
oInvCollPH,1952,192,0013C667,0,1,1,4294967295,0,0
oInvCollPH,48,64,00100E41,0,1,1,4294967295,0,0
oInvCollPH,48,80,002C3626,0,1,1,4294967295,0,0
oInvCollPH,48,96,001B9096,0,1,1,4294967295,0,0
oInvCollPH,48,112,002DA659,0,1,1,4294967295,0,0
oInvCollPH,48,128,0016DBE5,0,1,1,4294967295,0,0
oInvCollPH,48,144,00345E91,0,1,1,4294967295,0,0
oInvCollPH,48,192,002DB6A6,0,1,1,4294967295,0,0
oInvCollPH,48,208,002A35CF,0,1,1,4294967295,0,0
oInvCollPH,32,208,000F870F,0,1,1,4294967295,0,0
oInvCollPH,16,208,001A5082,0,1,1,4294967295,0,0
oInvCollPH,0,208,001FE9BE,0,1,1,4294967295,0,0
oInvCollPH,128,80,00254221,0,1,1,4294967295,0,0
oInvCollPH,144,80,00217F6D,0,1,1,4294967295,0,0
oInvCollPH,144,64,0022F756,0,1,1,4294967295,0,0
oInvCollPH,80,160,003B0FA5,0,1,1,4294967295,0,0
oInvCollPH,96,160,0031323C,0,1,1,4294967295,0,0
oInvCollPH,112,160,001D480C,0,1,1,4294967295,0,0
oInvCollPH,128,160,001B3E23,0,1,1,4294967295,0,0
oInvCollPH,144,160,00101CCE,0,1,1,4294967295,0,0
oInvCollPH,160,160,0023B466,0,1,1,4294967295,0,0
oInvCollPH,176,160,0019A9A8,0,1,1,4294967295,0,0
oInvCollPH,192,160,0033938C,0,1,1,4294967295,0,0
oInvCollPH,208,160,003AD60C,0,1,1,4294967295,0,0
oInvCollPH,208,176,000632A3,0,1,1,4294967295,0,0
oInvCollPH,192,176,003F4B3A,0,1,1,4294967295,0,0
oInvCollPH,176,176,0005F1F8,0,1,1,4294967295,0,0
oInvCollPH,160,176,003F09C8,0,1,1,4294967295,0,0
oInvCollPH,144,176,001FE4FA,0,1,1,4294967295,0,0
oInvCollPH,128,176,00160DBF,0,1,1,4294967295,0,0
oInvCollPH,112,176,002A51A3,0,1,1,4294967295,0,0
oInvCollPH,96,176,0023C59D,0,1,1,4294967295,0,0
oInvCollPH,80,176,001FF9EF,0,1,1,4294967295,0,0
oInvCollPH,64,176,003A66F7,0,1,1,4294967295,0,0
oInvCollPH,176,256,0001713F,0,1,1,4294967295,0,0
oInvCollPH,192,256,003147A5,0,1,1,4294967295,0,0
oInvCollPH,208,256,0001BBF8,0,1,1,4294967295,0,0
oInvCollPH,224,256,0026AC63,0,1,1,4294967295,0,0
oInvCollPH,240,256,003E797A,0,1,1,4294967295,0,0
oInvCollPH,240,272,000E0C68,0,1,1,4294967295,0,0
oInvCollPH,160,272,000ECAF8,0,1,1,4294967295,0,0
oInvCollPH,352,192,001C47D9,0,1,1,4294967295,0,0
oInvCollPH,336,192,003358A1,0,1,1,4294967295,0,0
oInvCollPH,320,208,00091A33,0,1,1,4294967295,0,0
oInvCollPH,304,224,0036A761,0,1,1,4294967295,0,0
oInvCollPH,288,240,003813BB,0,1,1,4294967295,0,0
oInvCollPH,368,272,000A2CAD,0,1,1,4294967295,0,0
oInvCollPH,368,256,0003FD40,0,1,1,4294967295,0,0
oInvCollPH,368,240,0018A9EC,0,1,1,4294967295,0,0
oInvCollPH,368,224,0011FA4B,0,1,1,4294967295,0,0
oInvCollPH,368,208,002464BE,0,1,1,4294967295,0,0
oInvCollPH,368,192,0007A00F,0,1,1,4294967295,0,0
oInvCollPH,64,48,000AB5C0,0,1,1,4294967295,0,0
oInvCollPH,80,48,00210C17,0,1,1,4294967295,0,0
oInvCollPH,96,48,001BE87A,0,1,1,4294967295,0,0
oInvCollPH,112,48,001B10E8,0,1,1,4294967295,0,0
oInvCollPH,160,48,003A609A,0,1,1,4294967295,0,0
oInvCollPH,176,48,001D2983,0,1,1,4294967295,0,0
oInvCollPH,192,48,002DFFE7,0,1,1,4294967295,0,0
oInvCollPH,208,48,0037F5CC,0,1,1,4294967295,0,0
oInvCollPH,208,32,003F73B4,0,1,1,4294967295,0,0
oInvCollPH,224,16,0006D25B,0,1,1,4294967295,0,0
oInvCollPH,240,16,00275694,0,1,1,4294967295,0,0
oInvCollPH,256,16,00287503,0,1,1,4294967295,0,0
oInvCollPH,272,16,003742F4,0,1,1,4294967295,0,0
oInvCollPH,288,16,00253F86,0,1,1,4294967295,0,0
oInvCollPH,304,16,00349C1C,0,1,1,4294967295,0,0
oInvCollPH,320,80,000E4A04,0,1,1,4294967295,0,0
oInvCollPH,320,96,0018F2D7,0,1,1,4294967295,0,0
oInvCollPH,320,48,00062B1B,0,1,1,4294967295,0,0
oInvCollPH,320,64,0000797B,0,1,1,4294967295,0,0
oInvCollPH,320,112,00249AC8,0,1,1,4294967295,0,0
oInvCollPH,336,112,001804AE,0,1,1,4294967295,0,0
oInvCollPH,352,112,001D7CEE,0,1,1,4294967295,0,0
oInvCollPH,368,112,003BC1C9,0,1,1,4294967295,0,0
oInvCollPH,384,112,0018C818,0,1,1,4294967295,0,0
oInvCollPH,400,112,003300FC,0,1,1,4294967295,0,0
oInvCollPH,416,112,00357F68,0,1,1,4294967295,0,0
oInvCollPH,432,112,00038CFA,0,1,1,4294967295,0,0
oInvCollPH,432,96,002F131F,0,1,1,4294967295,0,0
oInvCollPH,432,80,00264C83,0,1,1,4294967295,0,0
oInvCollPH,432,64,001F75FC,0,1,1,4294967295,0,0
oInvCollPH,432,48,003BC4BE,0,1,1,4294967295,0,0
oInvCollPH,432,32,0006DA1F,0,1,1,4294967295,0,0
oInvCollPH,448,16,00172D47,0,1,1,4294967295,0,0
oInvCollPH,464,16,002BE4FB,0,1,1,4294967295,0,0
oInvCollPH,480,16,003A69D2,0,1,1,4294967295,0,0
oInvCollPH,496,16,00082539,0,1,1,4294967295,0,0
oInvCollPH,512,16,003FE5D0,0,1,1,4294967295,0,0
oInvCollPH,528,16,0008EE28,0,1,1,4294967295,0,0
oInvCollPH,544,16,0030DABB,0,1,1,4294967295,0,0
oInvCollPH,560,16,00386A94,0,1,1,4294967295,0,0
oInvCollPH,576,16,001AF69B,0,1,1,4294967295,0,0
oInvCollPH,592,16,00273FAB,0,1,1,4294967295,0,0
oInvCollPH,608,16,003340E5,0,1,1,4294967295,0,0
oInvCollPH,624,16,00007979,0,1,1,4294967295,0,0
oInvCollPH,640,16,003CE8EE,0,1,1,4294967295,0,0
oInvCollPH,656,16,000038BE,0,1,1,4294967295,0,0
oInvCollPH,672,16,00232935,0,1,1,4294967295,0,0
oInvCollPH,688,16,001231F7,0,1,1,4294967295,0,0
oInvCollPH,704,16,0032F1C3,0,1,1,4294967295,0,0
oInvCollPH,720,16,001B380D,0,1,1,4294967295,0,0
oInvCollPH,736,16,003C0E66,0,1,1,4294967295,0,0
oInvCollPH,752,16,000DBD3E,0,1,1,4294967295,0,0
oInvCollPH,768,16,000D2E6C,0,1,1,4294967295,0,0
oInvCollPH,784,16,0013F071,0,1,1,4294967295,0,0
oInvCollPH,1696,16,00213237,0,1,1,4294967295,0,0
oInvCollPH,1712,16,0010535D,0,1,1,4294967295,0,0
oInvCollPH,1728,16,0039897A,0,1,1,4294967295,0,0
oInvCollPH,1744,16,00325676,0,1,1,4294967295,0,0
oInvCollPH,1760,16,00203C87,0,1,1,4294967295,0,0
oInvCollPH,1776,16,00045AAB,0,1,1,4294967295,0,0
oInvCollPH,1824,16,003BE08A,0,1,1,4294967295,0,0
oInvCollPH,1840,16,001E3824,0,1,1,4294967295,0,0
oInvCollPH,1856,16,00333390,0,1,1,4294967295,0,0
oInvCollPH,1872,16,002142CC,0,1,1,4294967295,0,0
oInvCollPH,1888,16,001B6C3C,0,1,1,4294967295,0,0
oInvCollPH,1904,16,0003237F,0,1,1,4294967295,0,0
oInvCollPH,1920,16,0023C4AD,0,1,1,4294967295,0,0
oInvCollPH,1936,16,0019D2DE,0,1,1,4294967295,0,0
oInvCollPH,1952,16,000259C0,0,1,1,4294967295,0,0
oInvCollPH,1968,16,00378BB3,0,1,1,4294967295,0,0
oInvCollPH,1984,16,002512B5,0,1,1,4294967295,0,0
oInvCollPH,2000,16,0033A589,0,1,1,4294967295,0,0
oInvCollPH,2016,16,0020017A,0,1,1,4294967295,0,0
oInvCollPH,2032,16,000AEEC2,0,1,1,4294967295,0,0
oInvCollPH,2048,16,00034AD9,0,1,1,4294967295,0,0
oInvCollPH,2064,16,003951B5,0,1,1,4294967295,0,0
oInvCollPH,2080,16,002BFD89,0,1,1,4294967295,0,0
oInvCollPH,2096,16,003BC4FA,0,1,1,4294967295,0,0
oInvCollPH,2112,16,001E877F,0,1,1,4294967295,0,0
oInvCollPH,2128,16,0024BF8D,0,1,1,4294967295,0,0
oInvCollPH,2144,16,0004BCD0,0,1,1,4294967295,0,0
oInvCollPH,2160,16,002F5DF5,0,1,1,4294967295,0,0
oInvCollPH,2176,16,00184049,0,1,1,4294967295,0,0
oInvCollPH,2192,16,000FCBCD,0,1,1,4294967295,0,0
oInvCollPH,2208,16,00192D08,0,1,1,4294967295,0,0
oInvCollPH,2224,16,002FD263,0,1,1,4294967295,0,0
oInvCollPH,2240,16,003960D3,0,1,1,4294967295,0,0
oInvCollPH,2256,16,000C39B8,0,1,1,4294967295,0,0
oInvCollPH,2272,16,0032DACA,0,1,1,4294967295,0,0
oInvCollPH,2288,16,0014AFC8,0,1,1,4294967295,0,0
oInvCollPH,2304,16,002A285C,0,1,1,4294967295,0,0
oInvCollPH,2320,16,000F0E99,0,1,1,4294967295,0,0
oInvCollPH,2336,16,001C7E4E,0,1,1,4294967295,0,0
oInvCollPH,2352,16,000CF8BF,0,1,1,4294967295,0,0
oInvCollPH,2368,16,001D121B,0,1,1,4294967295,0,0
oInvCollPH,2384,16,002CDBF5,0,1,1,4294967295,0,0
oInvCollPH,2400,16,002AB6E7,0,1,1,4294967295,0,0
oInvCollPH,2416,16,00116D06,0,1,1,4294967295,0,0
oInvCollPH,2432,16,001643F2,0,1,1,4294967295,0,0
oInvCollPH,2448,16,000826A3,0,1,1,4294967295,0,0
oInvCollPH,2464,16,003D17DA,0,1,1,4294967295,0,0
oInvCollPH,2480,16,001BE7B7,0,1,1,4294967295,0,0
oInvCollPH,2496,16,002E56C0,0,1,1,4294967295,0,0
oInvCollPH,2512,16,003CE9E1,0,1,1,4294967295,0,0
oInvCollPH,2528,16,00238865,0,1,1,4294967295,0,0
oInvCollPH,2544,16,001D3224,0,1,1,4294967295,0,0
oInvCollPH,2560,16,002D6E05,0,1,1,4294967295,0,0
oInvCollPH,2576,16,003597DB,0,1,1,4294967295,0,0
oInvCollPH,2592,16,002AC2D9,0,1,1,4294967295,0,0
oInvCollPH,2608,16,001BBA68,0,1,1,4294967295,0,0
oInvCollPH,2624,16,002C2330,0,1,1,4294967295,0,0
oInvCollPH,2640,16,000F8801,0,1,1,4294967295,0,0
oInvCollPH,2656,16,001C1731,0,1,1,4294967295,0,0
oInvCollPH,2672,16,003A2282,0,1,1,4294967295,0,0
oInvCollPH,2688,16,0038C99F,0,1,1,4294967295,0,0
oInvCollPH,2704,16,000C0C8B,0,1,1,4294967295,0,0
oInvCollPH,2720,16,003FE338,0,1,1,4294967295,0,0
oInvCollPH,2736,16,003B2A1C,0,1,1,4294967295,0,0
oInvCollPH,2752,16,00259E1B,0,1,1,4294967295,0,0
oInvCollPH,2768,16,0007F960,0,1,1,4294967295,0,0
oInvCollPH,2784,16,001A80A3,0,1,1,4294967295,0,0
oInvCollPH,2800,16,002B3D16,0,1,1,4294967295,0,0
oInvCollPH,2816,16,00244A2B,0,1,1,4294967295,0,0
oInvCollPH,2832,16,002CC36A,0,1,1,4294967295,0,0
oInvCollPH,2848,16,002513F8,0,1,1,4294967295,0,0
oInvCollPH,2864,16,0028BC68,0,1,1,4294967295,0,0
oInvCollPH,2880,16,000BB76F,0,1,1,4294967295,0,0
oInvCollPH,2896,16,001CC376,0,1,1,4294967295,0,0
oInvCollPH,2912,16,0029A340,0,1,1,4294967295,0,0
oInvCollPH,2928,16,00254F39,0,1,1,4294967295,0,0
oInvCollPH,2944,16,003D01F6,0,1,1,4294967295,0,0
oInvCollPH,2960,16,00345B5B,0,1,1,4294967295,0,0
oInvCollPH,2976,16,003EE9DE,0,1,1,4294967295,0,0
oInvCollPH,2992,16,0037E555,0,1,1,4294967295,0,0
oInvCollPH,3008,16,0015FFFA,0,1,1,4294967295,0,0
oInvCollPH,3024,16,0019AA3B,0,1,1,4294967295,0,0
oInvCollPH,3040,16,001A214B,0,1,1,4294967295,0,0
oInvCollPH,3056,16,0024E88F,0,1,1,4294967295,0,0
oInvCollPH,1744,192,003B628A,0,1,1,4294967295,0,0
oInvCollPH,1744,208,003009D2,0,1,1,4294967295,0,0
oInvCollPH,1728,208,00056EE1,0,1,1,4294967295,0,0
oInvCollPH,1792,48,0003B75F,0,1,1,4294967295,0,0
oInvCollPH,1792,64,0007BF03,0,1,1,4294967295,0,0
oInvCollPH,1792,80,00122972,0,1,1,4294967295,0,0
oInvCollPH,1792,96,00045382,0,1,1,4294967295,0,0
oInvCollPH,1792,112,0031A693,0,1,1,4294967295,0,0
oInvCollPH,1792,128,00401281,0,1,1,4294967295,0,0
oInvCollPH,1792,144,0034F39C,0,1,1,4294967295,0,0
oInvCollPH,1808,144,0032D41E,0,1,1,4294967295,0,0
oInvCollPH,1808,128,00245312,0,1,1,4294967295,0,0
oInvCollPH,1808,112,0012221E,0,1,1,4294967295,0,0
oInvCollPH,1808,96,00053EDF,0,1,1,4294967295,0,0
oInvCollPH,1808,80,0016219E,0,1,1,4294967295,0,0
oInvCollPH,1808,64,000CA40A,0,1,1,4294967295,0,0
oInvCollPH,1808,48,001E1FB1,0,1,1,4294967295,0,0
oInvCollPH,1808,32,002D8141,0,1,1,4294967295,0,0
oInvCollPH,1760,160,002C8C78,0,1,1,4294967295,0,0
oInvCollPH,1760,176,00319698,0,1,1,4294967295,0,0
oInvCollPH,1760,208,000E5D6A,0,1,1,4294967295,0,0
oInvCollPH,1776,208,002112A0,0,1,1,4294967295,0,0
oInvCollPH,1792,208,0001C69C,0,1,1,4294967295,0,0
oInvCollPH,1808,208,0029D385,0,1,1,4294967295,0,0
oInvCollPH,1808,192,00092952,0,1,1,4294967295,0,0
oInvCollPH,1808,176,000B902A,0,1,1,4294967295,0,0
oInvCollPH,1808,160,003F57D4,0,1,1,4294967295,0,0
oInvCollPH,1536,80,003FFFA3,0,1,1,4294967295,0,0
oInvCollPH,1552,80,002A05F5,0,1,1,4294967295,0,0
oInvCollPH,1552,64,002D30D7,0,1,1,4294967295,0,0
oInvCollPH,1600,112,002704BF,0,1,1,4294967295,0,0
oInvCollPH,1616,96,003F7821,0,1,1,4294967295,0,0
oInvCollPH,1632,96,00138E9A,0,1,1,4294967295,0,0
oInvCollPH,1648,96,0031E413,0,1,1,4294967295,0,0
oInvCollPH,1664,96,00390A37,0,1,1,4294967295,0,0
oInvCollPH,1680,96,000152CB,0,1,1,4294967295,0,0
oInvCollPH,1696,96,003AD7D4,0,1,1,4294967295,0,0
oInvCollPH,1712,96,00020171,0,1,1,4294967295,0,0
oInvCollPH,1712,112,001AD39C,0,1,1,4294967295,0,0
oInvCollPH,1696,112,0015E74F,0,1,1,4294967295,0,0
oInvCollPH,1520,128,000683DC,0,1,1,4294967295,0,0
oInvCollPH,1536,128,00319B54,0,1,1,4294967295,0,0
oInvCollPH,1552,128,001D7C2E,0,1,1,4294967295,0,0
oInvCollPH,1568,128,0034190D,0,1,1,4294967295,0,0
oInvCollPH,1584,128,00274CFE,0,1,1,4294967295,0,0
oInvCollPH,1504,144,00174A00,0,1,1,4294967295,0,0
oInvCollPH,1504,160,00322935,0,1,1,4294967295,0,0
oInvCollPH,1504,176,00064515,0,1,1,4294967295,0,0
oInvCollPH,1504,192,00278F77,0,1,1,4294967295,0,0
oInvCollPH,1504,208,0006728D,0,1,1,4294967295,0,0
oInvCollPH,1504,224,003F9575,0,1,1,4294967295,0,0
oInvCollPH,1504,240,0023D252,0,1,1,4294967295,0,0
oInvCollPH,1520,240,001FA979,0,1,1,4294967295,0,0
oInvCollPH,1536,240,000851AF,0,1,1,4294967295,0,0
oInvCollPH,1552,240,00335561,0,1,1,4294967295,0,0
oInvCollPH,1568,240,000EFE01,0,1,1,4294967295,0,0
oInvCollPH,1584,240,001B1DE2,0,1,1,4294967295,0,0
oInvCollPH,1600,240,002355D2,0,1,1,4294967295,0,0
oInvCollPH,1616,240,0039EBD0,0,1,1,4294967295,0,0
oInvCollPH,1632,240,001A5B55,0,1,1,4294967295,0,0
oInvCollPH,1648,240,0028516C,0,1,1,4294967295,0,0
oInvCollPH,1664,240,0021FDA4,0,1,1,4294967295,0,0
oInvCollPH,1680,240,002F58CD,0,1,1,4294967295,0,0
oInvCollPH,1680,224,001BCFD4,0,1,1,4294967295,0,0
oInvCollPH,1680,208,000F3330,0,1,1,4294967295,0,0
oInvCollPH,1680,192,0013DA51,0,1,1,4294967295,0,0
oInvCollPH,1680,176,0017E297,0,1,1,4294967295,0,0
oInvCollPH,1680,160,00271CDD,0,1,1,4294967295,0,0
oInvCollPH,1680,144,003089E5,0,1,1,4294967295,0,0
oInvCollPH,1680,128,0011EC98,0,1,1,4294967295,0,0
oInvCollPH,1024,240,004035B2,0,1,1,4294967295,0,0
oInvCollPH,1024,256,000666FC,0,1,1,4294967295,0,0
oInvCollPH,1024,272,0014B372,0,1,1,4294967295,0,0
oInvCollPH,1040,272,00176BC3,0,1,1,4294967295,0,0
oInvCollPH,1040,256,0009CC70,0,1,1,4294967295,0,0
oInvCollPH,1040,240,0036FD75,0,1,1,4294967295,0,0
oInvCollPH,1040,224,0035A57F,0,1,1,4294967295,0,0
oInvCollPH,1152,176,00238718,0,1,1,4294967295,0,0
oInvCollPH,1168,176,000170BF,0,1,1,4294967295,0,0
oInvCollPH,1168,160,00365B53,0,1,1,4294967295,0,0
oInvCollPH,1312,208,003F1D04,0,1,1,4294967295,0,0
oInvCollPH,1328,208,000FE692,0,1,1,4294967295,0,0
oInvCollPH,1328,192,000A9C8A,0,1,1,4294967295,0,0
oInvCollPH,1216,144,0012FD63,0,1,1,4294967295,0,0
oInvCollPH,1232,144,00375C41,0,1,1,4294967295,0,0
oInvCollPH,1248,144,00228C95,0,1,1,4294967295,0,0
oInvCollPH,1264,144,0032A036,0,1,1,4294967295,0,0
oInvCollPH,1280,144,0033498F,0,1,1,4294967295,0,0
oInvCollPH,1296,144,00179245,0,1,1,4294967295,0,0
oInvCollPH,1312,144,00220E9E,0,1,1,4294967295,0,0
oInvCollPH,1328,144,003A8A3A,0,1,1,4294967295,0,0
oInvCollPH,1344,144,0029DE57,0,1,1,4294967295,0,0
oInvCollPH,1360,144,0035BAFB,0,1,1,4294967295,0,0
oInvCollPH,1360,128,003AD724,0,1,1,4294967295,0,0
oInvCollPH,1344,128,000C89F8,0,1,1,4294967295,0,0
oInvCollPH,1328,128,0007F72C,0,1,1,4294967295,0,0
oInvCollPH,1312,128,0039696A,0,1,1,4294967295,0,0
oInvCollPH,1296,128,00082BEA,0,1,1,4294967295,0,0
oInvCollPH,1280,128,001354F8,0,1,1,4294967295,0,0
oInvCollPH,1264,128,0030ECC8,0,1,1,4294967295,0,0
oInvCollPH,1248,128,00091D32,0,1,1,4294967295,0,0
oInvCollPH,1232,128,0011C0BF,0,1,1,4294967295,0,0
oInvCollPH,1088,240,0022AA6A,0,1,1,4294967295,0,0
oInvCollPH,1104,240,000F6526,0,1,1,4294967295,0,0
oInvCollPH,1120,240,0003C443,0,1,1,4294967295,0,0
oInvCollPH,1136,240,003E3CA9,0,1,1,4294967295,0,0
oInvCollPH,1152,240,003D79B5,0,1,1,4294967295,0,0
oInvCollPH,1168,240,000C7E2E,0,1,1,4294967295,0,0
oInvCollPH,1184,240,0026E341,0,1,1,4294967295,0,0
oInvCollPH,1200,240,002C03E6,0,1,1,4294967295,0,0
oInvCollPH,1200,224,00054AF2,0,1,1,4294967295,0,0
oInvCollPH,1184,224,00293C42,0,1,1,4294967295,0,0
oInvCollPH,1168,224,001BA594,0,1,1,4294967295,0,0
oInvCollPH,1152,224,0039DDBC,0,1,1,4294967295,0,0
oInvCollPH,1136,224,00004B30,0,1,1,4294967295,0,0
oInvCollPH,1120,224,004028E7,0,1,1,4294967295,0,0
oInvCollPH,1104,224,00248B74,0,1,1,4294967295,0,0
oInvCollPH,1392,128,003AED1A,0,1,1,4294967295,0,0
oInvCollPH,1408,128,001137BD,0,1,1,4294967295,0,0
oInvCollPH,1424,128,003E6062,0,1,1,4294967295,0,0
oInvCollPH,1440,128,003CCCB9,0,1,1,4294967295,0,0
oInvCollPH,1456,128,0001FF01,0,1,1,4294967295,0,0
oInvCollPH,1456,144,000DD66D,0,1,1,4294967295,0,0
oInvCollPH,1456,160,0031A7E7,0,1,1,4294967295,0,0
oInvCollPH,1456,176,000DC3E9,0,1,1,4294967295,0,0
oInvCollPH,1440,176,0014D9CB,0,1,1,4294967295,0,0
oInvCollPH,1424,176,0030A3C5,0,1,1,4294967295,0,0
oInvCollPH,1408,176,001BB0C0,0,1,1,4294967295,0,0
oInvCollPH,1392,176,00097934,0,1,1,4294967295,0,0
oInvCollPH,1376,176,002862C3,0,1,1,4294967295,0,0
oInvCollPH,1376,160,00271D0D,0,1,1,4294967295,0,0
oInvCollPH,1264,224,0034E274,0,1,1,4294967295,0,0
oInvCollPH,1280,224,0017EEA5,0,1,1,4294967295,0,0
oInvCollPH,1296,224,00390264,0,1,1,4294967295,0,0
oInvCollPH,1248,240,00375115,0,1,1,4294967295,0,0
oInvCollPH,1264,240,0034C48E,0,1,1,4294967295,0,0
oInvCollPH,1280,240,0031B5DA,0,1,1,4294967295,0,0
oInvCollPH,1296,240,003FCABB,0,1,1,4294967295,0,0
oInvCollPH,1312,240,0008EFA6,0,1,1,4294967295,0,0
oInvCollPH,1328,240,003D6D5A,0,1,1,4294967295,0,0
oInvCollPH,1344,240,00097D11,0,1,1,4294967295,0,0
oInvCollPH,1360,240,0031BD52,0,1,1,4294967295,0,0
oInvCollPH,1376,240,00387973,0,1,1,4294967295,0,0
oInvCollPH,1392,240,002F4D50,0,1,1,4294967295,0,0
oInvCollPH,1408,240,0010B8B3,0,1,1,4294967295,0,0
oInvCollPH,1424,240,000B1CFE,0,1,1,4294967295,0,0
oInvCollPH,1440,240,003D917E,0,1,1,4294967295,0,0
oInvCollPH,1456,240,0003B794,0,1,1,4294967295,0,0
oInvCollPH,1456,224,000219FC,0,1,1,4294967295,0,0
oInvCollPH,1440,224,00217608,0,1,1,4294967295,0,0
oInvCollPH,1424,224,001E8850,0,1,1,4294967295,0,0
oInvCollPH,1408,224,0013F526,0,1,1,4294967295,0,0
oInvCollPH,1392,224,001FA1B2,0,1,1,4294967295,0,0
oInvCollPH,1376,224,00070DE6,0,1,1,4294967295,0,0
oInvCollPH,1360,224,001C4179,0,1,1,4294967295,0,0
oInvCollPH,1344,224,0000EFFA,0,1,1,4294967295,0,0
oInvCollPH,960,176,0017141B,0,1,1,4294967295,0,0
oInvCollPH,960,192,00387B72,0,1,1,4294967295,0,0
oInvCollPH,960,208,003E1CB6,0,1,1,4294967295,0,0
oInvCollPH,976,208,002750F7,0,1,1,4294967295,0,0
oInvCollPH,976,192,003BD1FF,0,1,1,4294967295,0,0
oInvCollPH,976,176,0020D794,0,1,1,4294967295,0,0
oInvCollPH,976,160,000DACC6,0,1,1,4294967295,0,0
oInvCollPH,832,272,0015D7EE,0,1,1,4294967295,0,0
oInvCollPH,848,272,00198C42,0,1,1,4294967295,0,0
oInvCollPH,848,256,002D854F,0,1,1,4294967295,0,0
oInvCollPH,672,320,000BAA5A,0,1,1,4294967295,0,0
oInvCollPH,688,320,001BB6E0,0,1,1,4294967295,0,0
oInvCollPH,704,320,001FD8D7,0,1,1,4294967295,0,0
oInvCollPH,720,320,002BE64F,0,1,1,4294967295,0,0
oInvCollPH,736,320,00075AC2,0,1,1,4294967295,0,0
oInvCollPH,752,320,002AED51,0,1,1,4294967295,0,0
oInvCollPH,416,240,00006CC8,0,1,1,4294967295,0,0
oInvCollPH,432,240,000A287B,0,1,1,4294967295,0,0
oInvCollPH,448,240,002FAB0A,0,1,1,4294967295,0,0
oInvCollPH,464,240,002F7106,0,1,1,4294967295,0,0
oInvCollPH,432,224,00063B3E,0,1,1,4294967295,0,0
oInvCollPH,448,224,003C4151,0,1,1,4294967295,0,0
oInvCollPH,464,224,001C0734,0,1,1,4294967295,0,0
oInvCollPH,480,224,003FEFEE,0,1,1,4294967295,0,0
oInvCollPH,496,224,0010C619,0,1,1,4294967295,0,0
oInvCollPH,496,240,0023A992,0,1,1,4294967295,0,0
oInvCollPH,480,272,00220D47,0,1,1,4294967295,0,0
oInvCollPH,496,272,001C40FA,0,1,1,4294967295,0,0
oInvCollPH,512,272,00336F47,0,1,1,4294967295,0,0
oInvCollPH,528,272,00163957,0,1,1,4294967295,0,0
oInvCollPH,544,272,00007050,0,1,1,4294967295,0,0
oInvCollPH,560,272,0005F940,0,1,1,4294967295,0,0
oInvCollPH,576,272,0039E86E,0,1,1,4294967295,0,0
oInvCollPH,592,272,0005017B,0,1,1,4294967295,0,0
oInvCollPH,608,272,00171E9C,0,1,1,4294967295,0,0
oInvCollPH,624,272,0023949B,0,1,1,4294967295,0,0
oInvCollPH,624,256,0037E463,0,1,1,4294967295,0,0
oInvCollPH,512,256,002CFD16,0,1,1,4294967295,0,0
oInvCollPH,528,256,001DDD26,0,1,1,4294967295,0,0
oInvCollPH,544,256,0033D98D,0,1,1,4294967295,0,0
oInvCollPH,560,256,0028907C,0,1,1,4294967295,0,0
oInvCollPH,576,256,000BC68B,0,1,1,4294967295,0,0
oInvCollPH,592,256,0028F0BC,0,1,1,4294967295,0,0
oInvCollPH,608,240,0015A5B1,0,1,1,4294967295,0,0
oInvCollPH,624,224,0004ADF3,0,1,1,4294967295,0,0
oInvCollPH,640,224,0025D0CE,0,1,1,4294967295,0,0
oInvCollPH,640,208,0036AB21,0,1,1,4294967295,0,0
oInvCollPH,656,192,00181CCA,0,1,1,4294967295,0,0
oInvCollPH,672,192,00114255,0,1,1,4294967295,0,0
oInvCollPH,688,192,0016120F,0,1,1,4294967295,0,0
oInvCollPH,720,208,0012D070,0,1,1,4294967295,0,0
oInvCollPH,736,208,00361CE6,0,1,1,4294967295,0,0
oInvCollPH,752,208,001F27F0,0,1,1,4294967295,0,0
oInvCollPH,768,208,003745ED,0,1,1,4294967295,0,0
oInvCollPH,784,208,000AA2FE,0,1,1,4294967295,0,0
oInvCollPH,816,192,000E01F6,0,1,1,4294967295,0,0
oInvCollPH,816,208,000F0400,0,1,1,4294967295,0,0
oInvCollPH,832,224,003F4EBF,0,1,1,4294967295,0,0
oInvCollPH,848,224,0038C57A,0,1,1,4294967295,0,0
oInvCollPH,848,240,000E4C1E,0,1,1,4294967295,0,0
oInvCollPH,816,240,000634B4,0,1,1,4294967295,0,0
oInvCollPH,800,240,0013A17A,0,1,1,4294967295,0,0
oInvCollPH,800,192,00224793,0,1,1,4294967295,0,0
oInvCollPH,784,192,00339F97,0,1,1,4294967295,0,0
oInvCollPH,768,192,000760D5,0,1,1,4294967295,0,0
oInvCollPH,704,192,0012A686,0,1,1,4294967295,0,0
oInvCollPH,704,208,002185AC,0,1,1,4294967295,0,0
oInvCollPH,688,208,00033579,0,1,1,4294967295,0,0
oInvCollPH,672,208,003312CE,0,1,1,4294967295,0,0
oInvCollPH,656,240,00204942,0,1,1,4294967295,0,0
oInvCollPH,656,224,0024DD84,0,1,1,4294967295,0,0
oInvCollPH,640,240,003942C1,0,1,1,4294967295,0,0
oInvCollPH,480,112,00017EA3,0,1,1,4294967295,0,0
oInvCollPH,496,112,0017A5C8,0,1,1,4294967295,0,0
oInvCollPH,512,112,002118D6,0,1,1,4294967295,0,0
oInvCollPH,528,112,002BA4D9,0,1,1,4294967295,0,0
oInvCollPH,544,112,001C858A,0,1,1,4294967295,0,0
oInvCollPH,560,112,000F13D2,0,1,1,4294967295,0,0
oInvCollPH,576,112,002038D5,0,1,1,4294967295,0,0
oInvCollPH,592,112,00020230,0,1,1,4294967295,0,0
oInvCollPH,608,112,0005592B,0,1,1,4294967295,0,0
oInvCollPH,624,112,002D45E7,0,1,1,4294967295,0,0
oInvCollPH,640,112,0021DC41,0,1,1,4294967295,0,0
oInvCollPH,656,112,00124728,0,1,1,4294967295,0,0
oInvCollPH,672,112,001E8DA3,0,1,1,4294967295,0,0
oInvCollPH,688,112,0002873C,0,1,1,4294967295,0,0
oInvCollPH,752,112,00080E20,0,1,1,4294967295,0,0
oInvCollPH,752,96,000F13F5,0,1,1,4294967295,0,0
oInvCollPH,736,96,000B5DA2,0,1,1,4294967295,0,0
oInvCollPH,720,96,0007594F,0,1,1,4294967295,0,0
oInvCollPH,704,96,001AAB0C,0,1,1,4294967295,0,0
oInvCollPH,688,96,00293547,0,1,1,4294967295,0,0
oInvCollPH,672,96,003BE16E,0,1,1,4294967295,0,0
oInvCollPH,656,96,00092BC9,0,1,1,4294967295,0,0
oInvCollPH,640,96,00030EDC,0,1,1,4294967295,0,0
oInvCollPH,624,96,00166299,0,1,1,4294967295,0,0
oInvCollPH,608,96,0028816F,0,1,1,4294967295,0,0
oInvCollPH,592,96,002B1FF2,0,1,1,4294967295,0,0
oInvCollPH,576,96,003E93E2,0,1,1,4294967295,0,0
oInvCollPH,560,96,003CB269,0,1,1,4294967295,0,0
oInvCollPH,544,96,0009BFDA,0,1,1,4294967295,0,0
oInvCollPH,528,96,00226E50,0,1,1,4294967295,0,0
oInvCollPH,512,96,0015549F,0,1,1,4294967295,0,0
oInvCollPH,496,96,002A0765,0,1,1,4294967295,0,0
oInvCollPH,944,48,0000F79F,0,1,1,4294967295,0,0
oInvCollPH,928,48,0003B69F,0,1,1,4294967295,0,0
oInvCollPH,912,48,0006F715,0,1,1,4294967295,0,0
oInvCollPH,896,48,00041DE6,0,1,1,4294967295,0,0
oInvCollPH,880,48,000C8E45,0,1,1,4294967295,0,0
oInvCollPH,864,48,0003F47E,0,1,1,4294967295,0,0
oInvCollPH,848,48,003B1628,0,1,1,4294967295,0,0
oInvCollPH,832,48,001ED90D,0,1,1,4294967295,0,0
oInvCollPH,816,48,0005C06F,0,1,1,4294967295,0,0
oInvCollPH,800,48,00293207,0,1,1,4294967295,0,0
oInvCollPH,1104,48,00220E6E,0,1,1,4294967295,0,0
oInvCollPH,1088,48,003D8106,0,1,1,4294967295,0,0
oInvCollPH,1072,48,0037A950,0,1,1,4294967295,0,0
oInvCollPH,1056,48,00364C35,0,1,1,4294967295,0,0
oInvCollPH,1040,48,003E4326,0,1,1,4294967295,0,0
oInvCollPH,1024,48,0013B5D7,0,1,1,4294967295,0,0
oInvCollPH,1008,48,002BDAD2,0,1,1,4294967295,0,0
oInvCollPH,992,48,002D2F29,0,1,1,4294967295,0,0
oInvCollPH,976,48,00162AAD,0,1,1,4294967295,0,0
oInvCollPH,960,48,00281F2F,0,1,1,4294967295,0,0
oInvCollPH,1264,48,00207DD8,0,1,1,4294967295,0,0
oInvCollPH,1248,48,00110C3C,0,1,1,4294967295,0,0
oInvCollPH,1232,48,002EEA77,0,1,1,4294967295,0,0
oInvCollPH,1216,48,00086E66,0,1,1,4294967295,0,0
oInvCollPH,1200,48,00215FA9,0,1,1,4294967295,0,0
oInvCollPH,1184,48,0024EACB,0,1,1,4294967295,0,0
oInvCollPH,1168,48,002DB84C,0,1,1,4294967295,0,0
oInvCollPH,1152,48,0016A155,0,1,1,4294967295,0,0
oInvCollPH,1136,48,002FF1DA,0,1,1,4294967295,0,0
oInvCollPH,1120,48,001ECDE3,0,1,1,4294967295,0,0
oInvCollPH,1424,48,00095651,0,1,1,4294967295,0,0
oInvCollPH,1408,48,002754AF,0,1,1,4294967295,0,0
oInvCollPH,1392,48,00250E0F,0,1,1,4294967295,0,0
oInvCollPH,1376,48,0023A4B9,0,1,1,4294967295,0,0
oInvCollPH,1360,48,001D5A33,0,1,1,4294967295,0,0
oInvCollPH,1344,48,001D8D61,0,1,1,4294967295,0,0
oInvCollPH,1328,48,00169EF4,0,1,1,4294967295,0,0
oInvCollPH,1312,48,002141EF,0,1,1,4294967295,0,0
oInvCollPH,1296,48,002EA370,0,1,1,4294967295,0,0
oInvCollPH,1280,48,000D6A3B,0,1,1,4294967295,0,0
oInvCollPH,1584,48,0031FCF4,0,1,1,4294967295,0,0
oInvCollPH,1568,48,00164D4B,0,1,1,4294967295,0,0
oInvCollPH,1520,48,0037159A,0,1,1,4294967295,0,0
oInvCollPH,1504,48,000BA246,0,1,1,4294967295,0,0
oInvCollPH,1488,48,000D0D67,0,1,1,4294967295,0,0
oInvCollPH,1472,48,000ECA8A,0,1,1,4294967295,0,0
oInvCollPH,1456,48,002F5430,0,1,1,4294967295,0,0
oInvCollPH,1440,48,0013D723,0,1,1,4294967295,0,0
oInvCollPH,1600,48,00241760,0,1,1,4294967295,0,0
oInvCollPH,1616,48,003D0C34,0,1,1,4294967295,0,0
oInvCollPH,1632,48,002710B3,0,1,1,4294967295,0,0
oInvCollPH,1648,48,000D999F,0,1,1,4294967295,0,0
oInvCollPH,1664,48,002CE063,0,1,1,4294967295,0,0
oInvCollPH,1680,48,000D933F,0,1,1,4294967295,0,0
oInvCollPH,1680,32,00094B0C,0,1,1,4294967295,0,0
oInvCollPH,288,256,002F6720,0,1,1,4294967295,0,0
oInvCollPH,16,288,00007C22,0,1,1,4294967295,0,0
oInvCollPH,32,288,00213A98,0,1,1,4294967295,0,0
oInvCollPH,48,288,0010A643,0,1,1,4294967295,0,0
oInvCollPH,64,288,00237F63,0,1,1,4294967295,0,0
oInvCollPH,80,288,001CCD1E,0,1,1,4294967295,0,0
oInvCollPH,96,288,003CF113,0,1,1,4294967295,0,0
oInvCollPH,112,288,00328898,0,1,1,4294967295,0,0
oInvCollPH,128,288,000576CA,0,1,1,4294967295,0,0
oInvCollPH,144,288,001DBC4E,0,1,1,4294967295,0,0
oInvCollPH,288,272,002E6FFC,0,1,1,4294967295,0,0
oInvCollPH,272,288,003A5686,0,1,1,4294967295,0,0
oInvCollPH,256,288,00298A25,0,1,1,4294967295,0,0
oInvCollPH,384,288,0024A089,0,1,1,4294967295,0,0
oInvCollPH,400,288,001A82B9,0,1,1,4294967295,0,0
oInvCollPH,416,288,002A50B8,0,1,1,4294967295,0,0
oInvCollPH,432,288,001AD9EE,0,1,1,4294967295,0,0
oInvCollPH,432,304,003DBC9B,0,1,1,4294967295,0,0
oInvCollPH,1728,272,002C4961,0,1,1,4294967295,0,0
oInvCollPH,1744,256,00290586,0,1,1,4294967295,0,0
oInvCollPH,1760,256,0000448C,0,1,1,4294967295,0,0
oInvCollPH,1776,256,0013A417,0,1,1,4294967295,0,0
oInvCollPH,1792,256,002BDEB9,0,1,1,4294967295,0,0
oInvCollPH,1808,256,002F09DD,0,1,1,4294967295,0,0
oInvCollPH,1824,256,00080827,0,1,1,4294967295,0,0
oInvCollPH,1840,256,002C7881,0,1,1,4294967295,0,0
oInvCollPH,1856,256,00079BD2,0,1,1,4294967295,0,0
oInvCollPH,1872,256,00198F35,0,1,1,4294967295,0,0
oInvCollPH,1872,272,002D5C4E,0,1,1,4294967295,0,0
oInvCollPH,1872,288,003D07D4,0,1,1,4294967295,0,0
oInvCollPH,1872,304,002A6C18,0,1,1,4294967295,0,0
oInvCollPH,1872,320,0032C86F,0,1,1,4294967295,0,0
oInvCollPH,1872,336,000B3D09,0,1,1,4294967295,0,0
oInvCollPH,1712,288,00107283,0,1,1,4294967295,0,0
oInvCollPH,1696,288,0007A7C5,0,1,1,4294967295,0,0
oInvCollPH,1680,288,0015EA97,0,1,1,4294967295,0,0
oInvCollPH,1664,288,0013B0C1,0,1,1,4294967295,0,0
oInvCollPH,1648,288,001351E7,0,1,1,4294967295,0,0
oInvCollPH,1632,288,003300B6,0,1,1,4294967295,0,0
oInvCollPH,1616,288,0022BE41,0,1,1,4294967295,0,0
oInvCollPH,1600,288,000588F9,0,1,1,4294967295,0,0
oInvCollPH,1584,288,001E5ACF,0,1,1,4294967295,0,0
oInvCollPH,1568,288,002C7747,0,1,1,4294967295,0,0
oInvCollPH,912,288,0007472C,0,1,1,4294967295,0,0
oInvCollPH,928,288,001F3537,0,1,1,4294967295,0,0
oInvCollPH,944,288,0009A8A7,0,1,1,4294967295,0,0
oInvCollPH,960,288,0008AA43,0,1,1,4294967295,0,0
oInvCollPH,976,288,00355C99,0,1,1,4294967295,0,0
oInvCollPH,992,288,00312CDA,0,1,1,4294967295,0,0
oInvCollPH,1008,288,00371F19,0,1,1,4294967295,0,0
oInvCollPH,1200,288,00105227,0,1,1,4294967295,0,0
oInvCollPH,1184,288,0020E5AE,0,1,1,4294967295,0,0
oInvCollPH,1168,288,002DEC79,0,1,1,4294967295,0,0
oInvCollPH,1152,288,000D94F9,0,1,1,4294967295,0,0
oInvCollPH,1136,288,003D0D05,0,1,1,4294967295,0,0
oInvCollPH,1120,288,00161A7B,0,1,1,4294967295,0,0
oInvCollPH,1104,288,000EA15D,0,1,1,4294967295,0,0
oInvCollPH,1088,288,001F319C,0,1,1,4294967295,0,0
oInvCollPH,1072,288,002569DE,0,1,1,4294967295,0,0
oInvCollPH,1056,288,001B578A,0,1,1,4294967295,0,0
oInvCollPH,1408,288,0011D8E3,0,1,1,4294967295,0,0
oInvCollPH,1424,288,000A2D24,0,1,1,4294967295,0,0
oInvCollPH,1440,288,00072375,0,1,1,4294967295,0,0
oInvCollPH,1456,288,0008EA2C,0,1,1,4294967295,0,0
oInvCollPH,1472,288,001BAFE4,0,1,1,4294967295,0,0
oInvCollPH,1488,288,00053C55,0,1,1,4294967295,0,0
oInvCollPH,1504,288,00295BD9,0,1,1,4294967295,0,0
oInvCollPH,1520,288,000182B8,0,1,1,4294967295,0,0
oInvCollPH,1536,288,0014ED90,0,1,1,4294967295,0,0
oInvCollPH,1552,288,00270CEB,0,1,1,4294967295,0,0
oInvCollPH,1360,288,0015F4A9,0,1,1,4294967295,0,0
oInvCollPH,1344,288,00098050,0,1,1,4294967295,0,0
oInvCollPH,1328,288,002B9B7E,0,1,1,4294967295,0,0
oInvCollPH,1312,288,000B5066,0,1,1,4294967295,0,0
oInvCollPH,1296,288,00385F4D,0,1,1,4294967295,0,0
oInvCollPH,1280,288,00296201,0,1,1,4294967295,0,0
oInvCollPH,1264,288,00019FA5,0,1,1,4294967295,0,0
oInvCollPH,1248,288,0006E7D7,0,1,1,4294967295,0,0
oInvCollPH,1232,288,00356D39,0,1,1,4294967295,0,0
oInvCollPH,1216,288,001D6BD1,0,1,1,4294967295,0,0
oInvCollPH,896,304,00064E2D,0,1,1,4294967295,0,0
oInvCollPH,1376,288,001B8921,0,1,1,4294967295,0,0
oInvCollPH,1392,288,003B41CA,0,1,1,4294967295,0,0
oInvCollPH,592,320,0036C3C3,0,1,1,4294967295,0,0
oInvCollPH,576,320,00286779,0,1,1,4294967295,0,0
oInvCollPH,560,320,0002F0DE,0,1,1,4294967295,0,0
oInvCollPH,544,320,00134738,0,1,1,4294967295,0,0
oInvCollPH,528,320,0032075B,0,1,1,4294967295,0,0
oInvCollPH,512,320,0007507B,0,1,1,4294967295,0,0
oInvCollPH,496,320,001AAC38,0,1,1,4294967295,0,0
oInvCollPH,480,320,0014E716,0,1,1,4294967295,0,0
oInvCollPH,464,320,0009CAA0,0,1,1,4294967295,0,0
oInvCollPH,608,320,000A5CE3,0,1,1,4294967295,0,0
oInvCollPH,624,320,000F3BC8,0,1,1,4294967295,0,0
oInvCollPH,640,320,00094F23,0,1,1,4294967295,0,0
oInvCollPH,656,320,001C4F70,0,1,1,4294967295,0,0
oInvCollPH,880,320,0020AE63,0,1,1,4294967295,0,0
oInvCollPH,864,320,0005A31B,0,1,1,4294967295,0,0
oInvCollPH,848,320,003860B1,0,1,1,4294967295,0,0
oInvCollPH,832,320,00016158,0,1,1,4294967295,0,0
oInvCollPH,816,320,002970E3,0,1,1,4294967295,0,0
oInvCollPH,800,320,00055BB1,0,1,1,4294967295,0,0
oInvCollPH,784,320,000E506E,0,1,1,4294967295,0,0
oInvCollPH,768,320,00245C74,0,1,1,4294967295,0,0
oInvCollPH,704,144,003D5F97,0,1,1,4294967295,0,0
oInvCollPH,720,144,0039E99F,0,1,1,4294967295,0,0
oInvCollPH,736,144,002FE749,0,1,1,4294967295,0,0
oInvCollPH,752,144,000629AD,0,1,1,4294967295,0,0
oInvCollPH,768,144,00239B4C,0,1,1,4294967295,0,0
oInvCollPH,784,144,0001350A,0,1,1,4294967295,0,0
oInvCollPH,800,144,000E1071,0,1,1,4294967295,0,0
oInvCollPH,816,144,0015B992,0,1,1,4294967295,0,0
oInvCollPH,832,144,0029A30D,0,1,1,4294967295,0,0
oInvCollPH,848,144,00271650,0,1,1,4294967295,0,0
oInvCollPH,864,128,002A9D08,0,1,1,4294967295,0,0
oInvCollPH,880,128,0002AB98,0,1,1,4294967295,0,0
oInvCollPH,896,128,002DE5C5,0,1,1,4294967295,0,0
oInvCollPH,912,128,0026AFB0,0,1,1,4294967295,0,0
oInvCollPH,928,128,0003C738,0,1,1,4294967295,0,0
oInvCollPH,944,128,0028F432,0,1,1,4294967295,0,0
oInvCollPH,960,128,0011477F,0,1,1,4294967295,0,0
oInvCollPH,976,128,002F4E11,0,1,1,4294967295,0,0
oInvCollPH,992,128,003A5AA4,0,1,1,4294967295,0,0
oInvCollPH,1008,128,002AC0AB,0,1,1,4294967295,0,0
oInvCollPH,768,128,00319030,0,1,1,4294967295,0,0
oInvCollPH,784,128,0013480C,0,1,1,4294967295,0,0
oInvCollPH,800,128,000CBEF1,0,1,1,4294967295,0,0
oInvCollPH,816,128,00201582,0,1,1,4294967295,0,0
oInvCollPH,832,128,00000D47,0,1,1,4294967295,0,0
oInvCollPH,848,128,00205F3A,0,1,1,4294967295,0,0
oInvCollPH,864,144,0011AE92,0,1,1,4294967295,0,0
oInvCollPH,880,144,00063773,0,1,1,4294967295,0,0
oInvCollPH,896,144,002A8371,0,1,1,4294967295,0,0
oInvCollPH,912,144,0030CE88,0,1,1,4294967295,0,0
oInvCollPH,928,144,00124E9D,0,1,1,4294967295,0,0
oInvCollPH,944,144,00173C84,0,1,1,4294967295,0,0
oInvCollPH,992,144,0003C5AB,0,1,1,4294967295,0,0
oInvCollPH,1008,144,00403F53,0,1,1,4294967295,0,0
oInvCollPH,1024,144,002AE61F,0,1,1,4294967295,0,0
oInvCollPH,1040,144,0021B6A8,0,1,1,4294967295,0,0
oInvCollPH,1056,144,00090DD2,0,1,1,4294967295,0,0
oInvCollPH,1072,144,0035F110,0,1,1,4294967295,0,0
oInvCollPH,1088,144,003ADD9D,0,1,1,4294967295,0,0
oInvCollPH,1104,144,001F8DAF,0,1,1,4294967295,0,0
oInvCollPH,1120,144,0022BEAC,0,1,1,4294967295,0,0
oInvCollPH,1136,144,002A05DD,0,1,1,4294967295,0,0
oInvCollPH,1168,144,003148F9,0,1,1,4294967295,0,0
oInvCollPH,1168,128,001B59B1,0,1,1,4294967295,0,0
oInvCollPH,1152,128,000F38CB,0,1,1,4294967295,0,0
oInvCollPH,1136,128,0017DF32,0,1,1,4294967295,0,0
oInvCollPH,1120,128,0008C637,0,1,1,4294967295,0,0
oInvCollPH,1104,128,000BED57,0,1,1,4294967295,0,0
oInvCollPH,1088,128,00270F4C,0,1,1,4294967295,0,0
oInvCollPH,1072,128,0009BD66,0,1,1,4294967295,0,0
oInvCollPH,1056,128,0002206A,0,1,1,4294967295,0,0
oInvCollPH,1040,128,001EC567,0,1,1,4294967295,0,0
oInvCollPH,1024,128,0011FDF7,0,1,1,4294967295,0,0
oInvCollPH,720,192,0014AB03,0,1,1,4294967295,0,0
oInvCollPH,736,192,0033FC31,0,1,1,4294967295,0,0
oInvCollPH,752,192,00195571,0,1,1,4294967295,0,0
oInvCollPH,1776,128,0005B4F3,0,1,1,4294967295,0,0
oInvCollPH,1760,144,00308054,0,1,1,4294967295,0,0
oInvisibleSolid,2912,224,0004207C,0,1,1,4294967295,0,1
oInvisibleSolid,2752,176,00375ABF,0,1,1,4294967295,0,1
oInvisibleSolid,2592,176,0003C757,0,1,1,4294967295,0,1
oInvisibleSolid,2432,176,000D9737,0,1,1,4294967295,0,1
oInvisibleSolid,2272,176,00231BB2,0,1,1,4294967295,0,1
oInvisibleSolid,2112,176,0004BF55,0,1,1,4294967295,0,1
oInvisibleSolid,1952,176,000DBC40,0,1,1,4294967295,0,1
oInvisibleSolid,3072,32,00353FD4,0,1,1,4294967295,0,1
oInvisibleSolid,2912,256,0031A29B,0,1,1,4294967295,0,1
oInvisibleSolid,896,288,00238F38,0,1,1,4294967295,0,1
oInvisibleSolid,448,320,0024F5AE,0,1,1,4294967295,0,1
oInvisibleSolid,0,288,002324E7,0,1,1,4294967295,0,1
oInvisibleSolid,160,256,00179DF7,0,1,1,4294967295,0,1
oInvisibleSolid,320,192,00316ACC,0,1,1,4294967295,0,1
oInvisibleSolid,128,64,003D98F1,0,1,1,4294967295,0,1
oInvisibleSolid,224,0,002232A2,0,1,1,4294967295,0,1
oInvisibleSolid,320,32,00165DCD,0,1,1,4294967295,0,1
oInvisibleSolid,64,160,001FA19A,0,1,1,4294967295,0,1
oInvisibleSolid,0,0,001B6E78,0,1,1,4294967295,0,1
oInvisibleSolid,64,0,0035A484,0,1,1,4294967295,0,1
oInvisibleSolid,416,224,001379F0,0,1,1,4294967295,0,1
oInvisibleSolid,480,256,0020DFAA,0,1,1,4294967295,0,1
oInvisibleSolid,608,224,0009BD9A,0,1,1,4294967295,0,1
oInvisibleSolid,832,256,003BDD31,0,1,1,4294967295,0,1
oInvisibleSolid,480,96,003B3BF5,0,1,1,4294967295,0,1
oInvisibleSolid,704,128,0023D048,0,1,1,4294967295,0,1
oInvisibleSolid,1152,160,00233148,0,1,1,4294967295,0,1
oInvisibleSolid,960,160,00307C05,0,1,1,4294967295,0,1
oInvisibleSolid,1024,224,00126B45,0,1,1,4294967295,0,1
oInvisibleSolid,1088,224,0033B252,0,1,1,4294967295,0,1
oInvisibleSolid,800,32,00300210,0,1,1,4294967295,0,1
oInvisibleSolid,1536,64,00363320,0,1,1,4294967295,0,1
oInvisibleSolid,1792,32,00239792,0,1,1,4294967295,0,1
oInvisibleSolid,1760,128,00042673,0,1,1,4294967295,0,1
oInvisibleSolid,1728,192,002ED7A4,0,1,1,4294967295,0,1
oInvisibleSolid,1600,96,001C664C,0,1,1,4294967295,0,1
oInvisibleSolid,1504,128,00068D02,0,1,1,4294967295,0,1
oInvisibleSolid,1728,256,00071C1D,0,1,1,4294967295,0,1
oInvisibleSolid,1312,192,001878A0,0,1,1,4294967295,0,1
oInvisibleSolid,1376,128,0022F9DB,0,1,1,4294967295,0,1
oInvisibleSolid,1216,128,0004DEB7,0,1,1,4294967295,0,1
oInvisibleSolid,1248,224,0033BD65,0,1,1,4294967295,0,1
oInvisibleSolid,640,192,00232621,0,1,1,4294967295,0,1
oInvisibleSolid,800,224,002CA0D9,0,1,1,4294967295,0,1
oInvisibleSolid,288,224,002A4AC1,0,1,1,4294967295,0,1
