oExit,48,1072,0014F20C,0,1,1,4294967295,0,1
oMarioQBlock,888,704,001DBED5,0,1,1,4294967295,0,1
oMarioQBlock,1160,336,001DD0C8,0,1,1,4294967295,0,1
oSignPost,1920,96,0017F6A2,0,1,1,4294967295,0,1
oExit,2160,128,00128188,0,1,1,4294967295,0,1
oMarioQBlock,256,416,000EB5B2,0,1,1,4294967295,0,0
oMarioQBlock,272,416,00254E56,0,1,1,4294967295,0,0
oMarioQBlock,2016,96,003B2317,0,1,1,4294967295,0,1
oMarioQBlock,2032,96,0021444F,0,1,1,4294967295,0,1
oMarioQBlock,144,320,000CD810,0,1,1,4294967295,0,0
oMarioQBlock,160,320,0014AE55,0,1,1,4294967295,0,0
oMarioQBlock,176,320,003B3D60,0,1,1,4294967295,0,0
oMarioQBlock,192,320,0013FBC4,0,1,1,4294967295,0,0
oMarioQBlock,208,320,0029D8E0,0,1,1,4294967295,0,0
oMarioQBlock,224,320,0032A7A2,0,1,1,4294967295,0,0
oMoneyChest,1680,1056,000FBFF7,0,1,1,4294967295,0,1
oMovingPlatform,304,320,0025E9E4,0,1,1,4294967295,0,1
oMovingPlatform,416,192,0020E698,0,1,1,4294967295,0,1
oMovingPlatform,736,192,00396233,0,1,1,4294967295,0,1
oMovingPlatform,848,128,00345AF1,0,1,1,4294967295,0,1
oMovingPlatform,1232,160,0008961F,0,1,1,4294967295,0,1
oMarioCoin,144,928,00299009,0,1,1,4294967295,0,0
oMarioCoin,144,944,0038AC89,0,1,1,4294967295,0,0
oMarioCoin,160,944,00046A46,0,1,1,4294967295,0,0
oMarioCoin,160,928,0027C2B9,0,1,1,4294967295,0,0
oMarioCoin,192,672,001E9E4E,0,1,1,4294967295,0,0
oMarioCoin,192,688,002EE47D,0,1,1,4294967295,0,0
oMarioCoin,192,704,000B68CE,0,1,1,4294967295,0,0
oMarioCoin,208,704,00187D77,0,1,1,4294967295,0,0
oMarioCoin,208,688,002EFDFC,0,1,1,4294967295,0,0
oMarioCoin,208,672,003E4578,0,1,1,4294967295,0,0
oMarioCoin,1936,288,003E2031,0,1,1,4294967295,0,0
oMarioCoin,1936,304,000742BA,0,1,1,4294967295,0,0
oMarioCoin,1936,320,001C6B71,0,1,1,4294967295,0,0
oMarioCoin,1936,336,00173BC6,0,1,1,4294967295,0,0
oMarioCoin,1952,336,0001689B,0,1,1,4294967295,0,0
oMarioCoin,1968,336,001830DB,0,1,1,4294967295,0,0
oMarioCoin,1984,336,0014B422,0,1,1,4294967295,0,0
oMarioCoin,1984,320,002F4A4F,0,1,1,4294967295,0,0
oMarioCoin,1984,304,002413FB,0,1,1,4294967295,0,0
oMarioCoin,1984,288,00194478,0,1,1,4294967295,0,0
oMarioCoin,1968,288,003A1026,0,1,1,4294967295,0,0
oMarioCoin,1952,288,00279CFD,0,1,1,4294967295,0,0
oMarioCoin,1952,304,001194FC,0,1,1,4294967295,0,0
oMarioCoin,1952,320,002BF899,0,1,1,4294967295,0,0
oMarioCoin,1968,320,003B1D39,0,1,1,4294967295,0,0
oMarioCoin,1968,304,00048F27,0,1,1,4294967295,0,0
oMarioCoin,1920,288,000F556F,0,1,1,4294967295,0,0
oMarioCoin,1920,304,0006A51D,0,1,1,4294967295,0,0
oMarioCoin,2000,304,002ACE8E,0,1,1,4294967295,0,0
oMarioCoin,2000,288,001C9381,0,1,1,4294967295,0,0
oMarioCoin,864,432,00125081,0,1,1,4294967295,0,0
oMarioCoin,880,432,000430B8,0,1,1,4294967295,0,0
oMarioCoin,896,432,00148371,0,1,1,4294967295,0,0
oMarioCoin,912,432,003A0754,0,1,1,4294967295,0,0
oMarioCoin,928,432,00196E81,0,1,1,4294967295,0,0
oMarioCoin,944,432,00009EE9,0,1,1,4294967295,0,0
oMarioCoin,1024,256,001D4B66,0,1,1,4294967295,0,0
oMarioCoin,1040,256,003D8285,0,1,1,4294967295,0,0
oMarioCoin,1024,272,00015A9F,0,1,1,4294967295,0,0
oMarioCoin,1024,288,001A0A37,0,1,1,4294967295,0,0
oMarioCoin,1040,288,001013FC,0,1,1,4294967295,0,0
oMarioCoin,1040,272,00193D71,0,1,1,4294967295,0,0
oMarioCoin,1776,496,001A40EB,0,1,1,4294967295,0,0
oMarioCoin,1776,512,00358DE7,0,1,1,4294967295,0,0
oMarioCoin,1792,512,0005A324,0,1,1,4294967295,0,0
oMarioCoin,1808,512,001193DF,0,1,1,4294967295,0,0
oMarioCoin,1824,512,0013C179,0,1,1,4294967295,0,0
oMarioCoin,1824,496,003D4E2A,0,1,1,4294967295,0,0
oMarioCoin,1808,496,00251F65,0,1,1,4294967295,0,0
oMarioCoin,1792,496,003C80AE,0,1,1,4294967295,0,0
oMarioCoin,1568,528,002A77A8,0,1,1,4294967295,0,0
oMarioCoin,1568,544,0019835F,0,1,1,4294967295,0,0
oMarioCoin,1584,528,000CC628,0,1,1,4294967295,0,0
oMarioCoin,1584,544,000BF59B,0,1,1,4294967295,0,0
oMarioCoin,1568,560,00090114,0,1,1,4294967295,0,0
oMarioCoin,1584,560,003874B5,0,1,1,4294967295,0,0
oMarioCoin,1568,576,00043045,0,1,1,4294967295,0,0
oMarioCoin,1584,576,00006AE8,0,1,1,4294967295,0,0
oMarioCoin,1568,592,0028DE27,0,1,1,4294967295,0,0
oMarioCoin,1584,592,000574E0,0,1,1,4294967295,0,0
oMarioCoin,1568,608,0022DE81,0,1,1,4294967295,0,0
oMarioCoin,1584,608,0028ADE2,0,1,1,4294967295,0,0
oMarioCoin,1920,320,0003D525,0,1,1,4294967295,0,0
oMarioCoin,1920,336,00084317,0,1,1,4294967295,0,0
oMarioCoin,2000,320,002D216B,0,1,1,4294967295,0,0
oMarioCoin,2000,336,002F3AC5,0,1,1,4294967295,0,0
oMarioCoin,1936,272,0004930D,0,1,1,4294967295,0,0
oMarioCoin,1952,272,00276D1B,0,1,1,4294967295,0,0
oMarioCoin,1968,272,00366D64,0,1,1,4294967295,0,0
oMarioCoin,1984,272,003F573F,0,1,1,4294967295,0,0
oDonutPlatformStart,736,816,0025A8E8,0,1,1,4294967295,0,0
oDonutPlatformStart,752,816,00278013,0,1,1,4294967295,0,0
oDonutPlatformStart,768,816,0026000E,0,1,1,4294967295,0,0
oDonutPlatformStart,784,816,0019F73A,0,1,1,4294967295,0,0
oDonutPlatformStart,864,784,000B3F6F,0,1,1,4294967295,0,0
oDonutPlatformStart,880,784,00076289,0,1,1,4294967295,0,0
oDonutPlatformStart,896,784,000F0196,0,1,1,4294967295,0,0
oDonutPlatformStart,912,784,000987C2,0,1,1,4294967295,0,0
oDonutPlatformStart,992,752,002E0B77,0,1,1,4294967295,0,0
oDonutPlatformStart,1008,752,002CC8FC,0,1,1,4294967295,0,0
oDonutPlatformStart,1024,752,0019BA47,0,1,1,4294967295,0,0
oDonutPlatformStart,1040,752,002BAEC3,0,1,1,4294967295,0,0
oDonutPlatformStart,1120,720,003A33C5,0,1,1,4294967295,0,0
oDonutPlatformStart,1136,720,002261F8,0,1,1,4294967295,0,0
oDonutPlatformStart,1152,720,000CED3C,0,1,1,4294967295,0,0
oDonutPlatformStart,1168,720,001E4975,0,1,1,4294967295,0,0
oDonutPlatformStart,1568,512,001F4759,0,1,1,4294967295,0,0
oDonutPlatformStart,1584,512,003F91A7,0,1,1,4294967295,0,0
oVolcanoLotus,1040,336,001828FB,0,1,1,4294967295,0,0
oVolcanoLotus,864,192,002BE67A,0,1,1,4294967295,0,0
oVolcanoLotus,1056,64,001418BF,0,1,1,4294967295,0,0
oVolcanoLotus,1360,64,0015E3DE,0,1,1,4294967295,0,0
oVolcanoLotus,1424,208,000AE677,0,1,1,4294967295,0,0
oVolcanoLotus,336,80,001E70CD,0,1,1,4294967295,0,0
oVolcanoLotus,560,80,0026277A,0,1,1,4294967295,0,0
oRedParatroopa,672,160,001E6DF8,0,1,1,4294967295,0,0
oRedParatroopa,368,240,003B1928,0,1,1,4294967295,0,0
oRedParatroopa,1648,128,00381050,0,1,1,4294967295,0,0
oGreenParatroopa,1824,48,003C9A5D,0,1,1,4294967295,0,0
oGreenParatroopa,1328,416,0022DC02,0,1,1,4294967295,0,0
oGreenParatroopa,1376,560,0025C62B,0,1,1,4294967295,0,0
oGreenParatroopa,512,864,0018899C,0,1,1,4294967295,0,0
oGoomba,240,736,00053142,0,1,1,4294967295,0,0
oGoomba,432,976,003BAF43,0,1,1,4294967295,0,0
oHammerBro,784,816,002EA676,0,1,1,4294967295,0,0
oFireBro,1168,720,002F45AA,0,1,1,4294967295,0,0
oGoomba,416,512,00139C87,0,1,1,4294967295,0,0
oFireBro,208,320,0001CB00,0,1,1,4294967295,0,0
oHammerBro,1824,288,0026C0F5,0,1,1,4294967295,0,0
oPlayer1,80,1104,001EC0BD,0,1,1,4294967295,0,0
oInvCollPH,1920,368,00059143,0,1,1,4294967295,0,0
oInvCollPH,1936,400,002B0394,0,1,1,4294967295,0,0
oInvCollPH,1984,400,001F248D,0,1,1,4294967295,0,0
oInvCollPH,1984,384,0013135C,0,1,1,4294967295,0,0
oInvCollPH,2000,368,0019C630,0,1,1,4294967295,0,0
oInvCollPH,1984,352,000D6B60,0,1,1,4294967295,0,0
oInvCollPH,1968,352,0012E732,0,1,1,4294967295,0,0
oInvCollPH,1952,352,0011080A,0,1,1,4294967295,0,0
oInvCollPH,1952,432,002A1699,0,1,1,4294967295,0,0
oInvCollPH,1968,432,00268792,0,1,1,4294967295,0,0
oInvCollPH,1968,416,00093AEA,0,1,1,4294967295,0,0
oInvCollPH,1568,1072,001BF075,0,1,1,4294967295,0,0
oInvCollPH,1568,1088,00144E40,0,1,1,4294967295,0,0
oInvCollPH,1568,1104,003EEFE2,0,1,1,4294967295,0,0
oInvCollPH,1568,1120,001DF64E,0,1,1,4294967295,0,0
oInvCollPH,1568,1136,001C03E3,0,1,1,4294967295,0,0
oInvCollPH,1584,1136,002709C9,0,1,1,4294967295,0,0
oInvCollPH,1584,1120,002521EE,0,1,1,4294967295,0,0
oInvCollPH,1584,1104,002F47C8,0,1,1,4294967295,0,0
oInvCollPH,1584,1072,0000D097,0,1,1,4294967295,0,0
oInvCollPH,1584,1056,0038293F,0,1,1,4294967295,0,0
oInvCollPH,1616,1088,003F76FC,0,1,1,4294967295,0,0
oInvCollPH,1632,1088,00007B53,0,1,1,4294967295,0,0
oInvCollPH,1648,1088,002ACC90,0,1,1,4294967295,0,0
oInvCollPH,1680,1056,001EDF39,0,1,1,4294967295,0,0
oInvCollPH,16,1104,000613FC,0,1,1,4294967295,0,0
oInvCollPH,32,1104,00313D40,0,1,1,4294967295,0,0
oInvCollPH,48,1104,0034E653,0,1,1,4294967295,0,0
oInvCollPH,64,1104,0016B644,0,1,1,4294967295,0,0
oInvCollPH,80,1104,000E240D,0,1,1,4294967295,0,0
oInvCollPH,96,1104,00341398,0,1,1,4294967295,0,0
oInvCollPH,112,1104,000D793C,0,1,1,4294967295,0,0
oInvCollPH,128,1104,002187A7,0,1,1,4294967295,0,0
oInvCollPH,144,1104,0010E85D,0,1,1,4294967295,0,0
oInvCollPH,160,1104,000A9C87,0,1,1,4294967295,0,0
oInvCollPH,176,1104,0015FBD9,0,1,1,4294967295,0,0
oInvCollPH,176,1120,00113D44,0,1,1,4294967295,0,0
oInvCollPH,176,1136,0039BFAD,0,1,1,4294967295,0,0
oInvCollPH,624,848,001031DD,0,1,1,4294967295,0,0
oInvCollPH,640,848,00142CDC,0,1,1,4294967295,0,0
oInvCollPH,656,848,00305484,0,1,1,4294967295,0,0
oInvCollPH,144,960,0007C9F5,0,1,1,4294967295,0,0
oInvCollPH,160,960,00337AC1,0,1,1,4294967295,0,0
oInvCollPH,176,960,00133938,0,1,1,4294967295,0,0
oInvCollPH,224,1136,000D5D4D,0,1,1,4294967295,0,0
oInvCollPH,224,1120,002C30CC,0,1,1,4294967295,0,0
oInvCollPH,224,1104,000F86AE,0,1,1,4294967295,0,0
oInvCollPH,224,1088,001C6790,0,1,1,4294967295,0,0
oInvCollPH,224,1072,00059914,0,1,1,4294967295,0,0
oInvCollPH,224,1056,000FE711,0,1,1,4294967295,0,0
oInvCollPH,240,1040,0023B855,0,1,1,4294967295,0,0
oInvCollPH,240,1056,0003A9DD,0,1,1,4294967295,0,0
oInvCollPH,240,1072,002FBCB5,0,1,1,4294967295,0,0
oInvCollPH,240,1088,000DF7EF,0,1,1,4294967295,0,0
oInvCollPH,240,1104,0035161F,0,1,1,4294967295,0,0
oInvCollPH,240,1120,0013F8A6,0,1,1,4294967295,0,0
oInvCollPH,240,1136,0021B67B,0,1,1,4294967295,0,0
oInvCollPH,288,992,002C3CE0,0,1,1,4294967295,0,0
oInvCollPH,288,1008,003E048B,0,1,1,4294967295,0,0
oInvCollPH,288,1024,0033C92A,0,1,1,4294967295,0,0
oInvCollPH,288,1040,00190FAF,0,1,1,4294967295,0,0
oInvCollPH,288,1056,003AF3E3,0,1,1,4294967295,0,0
oInvCollPH,288,1072,001723FE,0,1,1,4294967295,0,0
oInvCollPH,288,1088,002F9B85,0,1,1,4294967295,0,0
oInvCollPH,288,1104,001917B7,0,1,1,4294967295,0,0
oInvCollPH,288,1120,000CC0F6,0,1,1,4294967295,0,0
oInvCollPH,304,976,001AD623,0,1,1,4294967295,0,0
oInvCollPH,320,976,00247C78,0,1,1,4294967295,0,0
oInvCollPH,336,976,002960CD,0,1,1,4294967295,0,0
oInvCollPH,352,976,000A65CF,0,1,1,4294967295,0,0
oInvCollPH,368,976,000F670F,0,1,1,4294967295,0,0
oInvCollPH,384,976,00146864,0,1,1,4294967295,0,0
oInvCollPH,400,976,0029D600,0,1,1,4294967295,0,0
oInvCollPH,416,976,003307AD,0,1,1,4294967295,0,0
oInvCollPH,432,976,003B3036,0,1,1,4294967295,0,0
oInvCollPH,288,1136,0001142C,0,1,1,4294967295,0,0
oInvCollPH,528,992,0004497B,0,1,1,4294967295,0,0
oInvCollPH,528,1008,002EF74A,0,1,1,4294967295,0,0
oInvCollPH,528,1024,000C97C6,0,1,1,4294967295,0,0
oInvCollPH,528,1040,0037BCBE,0,1,1,4294967295,0,0
oInvCollPH,528,1056,00124D1A,0,1,1,4294967295,0,0
oInvCollPH,528,1072,0027A4AF,0,1,1,4294967295,0,0
oInvCollPH,528,1088,001B5C18,0,1,1,4294967295,0,0
oInvCollPH,528,1104,000701E4,0,1,1,4294967295,0,0
oInvCollPH,528,1120,001C8B2C,0,1,1,4294967295,0,0
oInvCollPH,528,1136,00253D1E,0,1,1,4294967295,0,0
oInvCollPH,528,976,0009D569,0,1,1,4294967295,0,0
oInvCollPH,448,928,002FBA19,0,1,1,4294967295,0,0
oInvCollPH,448,944,002E394B,0,1,1,4294967295,0,0
oInvCollPH,448,960,000745D0,0,1,1,4294967295,0,0
oInvCollPH,464,912,002DFEDC,0,1,1,4294967295,0,0
oInvCollPH,480,912,0021C8E0,0,1,1,4294967295,0,0
oInvCollPH,496,912,00000916,0,1,1,4294967295,0,0
oInvCollPH,512,912,003B5AC6,0,1,1,4294967295,0,0
oInvCollPH,528,912,0029A42F,0,1,1,4294967295,0,0
oInvCollPH,528,928,003B5B4C,0,1,1,4294967295,0,0
oInvCollPH,528,944,00150CF1,0,1,1,4294967295,0,0
oInvCollPH,528,960,003723DC,0,1,1,4294967295,0,0
oInvCollPH,576,864,003BB807,0,1,1,4294967295,0,0
oInvCollPH,576,880,002BB203,0,1,1,4294967295,0,0
oInvCollPH,576,896,0028D0C0,0,1,1,4294967295,0,0
oInvCollPH,576,912,00343C9C,0,1,1,4294967295,0,0
oInvCollPH,576,928,003BAF6B,0,1,1,4294967295,0,0
oInvCollPH,576,944,003FA6D2,0,1,1,4294967295,0,0
oInvCollPH,576,960,002C0C37,0,1,1,4294967295,0,0
oInvCollPH,576,976,000DF4C5,0,1,1,4294967295,0,0
oInvCollPH,576,992,0002071E,0,1,1,4294967295,0,0
oInvCollPH,576,1008,001F3B5A,0,1,1,4294967295,0,0
oInvCollPH,576,1024,003D2E1E,0,1,1,4294967295,0,0
oInvCollPH,576,1040,003B21EE,0,1,1,4294967295,0,0
oInvCollPH,576,1056,0022B570,0,1,1,4294967295,0,0
oInvCollPH,576,1072,002E2141,0,1,1,4294967295,0,0
oInvCollPH,576,1088,0009828D,0,1,1,4294967295,0,0
oInvCollPH,576,1104,00020A95,0,1,1,4294967295,0,0
oInvCollPH,576,1120,001E94AF,0,1,1,4294967295,0,0
oInvCollPH,576,1136,003913E2,0,1,1,4294967295,0,0
oInvCollPH,592,1136,00200BA2,0,1,1,4294967295,0,0
oInvCollPH,592,1120,001F7A77,0,1,1,4294967295,0,0
oInvCollPH,592,1104,0015E2BB,0,1,1,4294967295,0,0
oInvCollPH,592,1088,0015916B,0,1,1,4294967295,0,0
oInvCollPH,592,1072,0026A4CA,0,1,1,4294967295,0,0
oInvCollPH,592,1056,0023807A,0,1,1,4294967295,0,0
oInvCollPH,592,1040,0021F28D,0,1,1,4294967295,0,0
oInvCollPH,592,1024,00126F6F,0,1,1,4294967295,0,0
oInvCollPH,592,1008,0027EA1B,0,1,1,4294967295,0,0
oInvCollPH,592,992,003DAEFD,0,1,1,4294967295,0,0
oInvCollPH,592,976,00040CBE,0,1,1,4294967295,0,0
oInvCollPH,592,960,000EFE30,0,1,1,4294967295,0,0
oInvCollPH,592,944,0027833E,0,1,1,4294967295,0,0
oInvCollPH,592,928,002FBE68,0,1,1,4294967295,0,0
oInvCollPH,592,912,0022FAF0,0,1,1,4294967295,0,0
oInvCollPH,592,896,000212A4,0,1,1,4294967295,0,0
oInvCollPH,592,880,003AF4F7,0,1,1,4294967295,0,0
oInvCollPH,592,864,003063FF,0,1,1,4294967295,0,0
oInvCollPH,592,848,000B3293,0,1,1,4294967295,0,0
oInvCollPH,160,736,002C6DCB,0,1,1,4294967295,0,0
oInvCollPH,176,736,0022FB5D,0,1,1,4294967295,0,0
oInvCollPH,192,736,001F8297,0,1,1,4294967295,0,0
oInvCollPH,208,736,0024F10E,0,1,1,4294967295,0,0
oInvCollPH,224,736,0031A1CB,0,1,1,4294967295,0,0
oInvCollPH,240,736,00398648,0,1,1,4294967295,0,0
oInvCollPH,256,736,002FB388,0,1,1,4294967295,0,0
oInvCollPH,1424,560,000ADC4E,0,1,1,4294967295,0,0
oInvCollPH,1440,560,00289702,0,1,1,4294967295,0,0
oInvCollPH,1456,560,002D10EF,0,1,1,4294967295,0,0
oInvCollPH,1488,496,002AE51F,0,1,1,4294967295,0,0
oInvCollPH,1680,528,00000021,0,1,1,4294967295,0,0
oInvCollPH,1936,544,001EBD90,0,1,1,4294967295,0,0
oInvCollPH,1952,544,002EC3D1,0,1,1,4294967295,0,0
oInvCollPH,1968,544,001C180E,0,1,1,4294967295,0,0
oInvCollPH,1984,544,001A6733,0,1,1,4294967295,0,0
oInvCollPH,2000,544,000DA4B9,0,1,1,4294967295,0,0
oInvCollPH,1776,544,0009A015,0,1,1,4294967295,0,0
oInvCollPH,1792,544,0003F64D,0,1,1,4294967295,0,0
oInvCollPH,1808,544,0037A546,0,1,1,4294967295,0,0
oInvCollPH,1824,544,003E5CBC,0,1,1,4294967295,0,0
oInvCollPH,1840,544,001E5760,0,1,1,4294967295,0,0
oInvCollPH,1248,672,003AFB95,0,1,1,4294967295,0,0
oInvCollPH,1264,672,00119558,0,1,1,4294967295,0,0
oInvCollPH,1280,672,000B5709,0,1,1,4294967295,0,0
oInvCollPH,1360,624,003E541B,0,1,1,4294967295,0,0
oInvCollPH,1376,624,0039A4A0,0,1,1,4294967295,0,0
oInvCollPH,1392,624,001B06BA,0,1,1,4294967295,0,0
oInvCollPH,1024,528,000961F7,0,1,1,4294967295,0,0
oInvCollPH,1040,528,00393645,0,1,1,4294967295,0,0
oInvCollPH,1056,528,00167433,0,1,1,4294967295,0,0
oInvCollPH,1152,528,0017F2D1,0,1,1,4294967295,0,0
oInvCollPH,1168,528,00226EA1,0,1,1,4294967295,0,0
oInvCollPH,1184,528,0039A9F1,0,1,1,4294967295,0,0
oInvCollPH,1152,400,000F9A25,0,1,1,4294967295,0,0
oInvCollPH,1168,400,003D9563,0,1,1,4294967295,0,0
oInvCollPH,1184,400,000C4846,0,1,1,4294967295,0,0
oInvCollPH,1024,336,001FAD7E,0,1,1,4294967295,0,0
oInvCollPH,1040,336,000D6250,0,1,1,4294967295,0,0
oInvCollPH,1056,336,002C2F1F,0,1,1,4294967295,0,0
oInvCollPH,1296,464,000BF130,0,1,1,4294967295,0,0
oInvCollPH,1312,464,0019CB72,0,1,1,4294967295,0,0
oInvCollPH,1328,464,001984A7,0,1,1,4294967295,0,0
oInvCollPH,1344,464,002E60C5,0,1,1,4294967295,0,0
oInvCollPH,1360,464,00066AE7,0,1,1,4294967295,0,0
oInvCollPH,864,464,00098C02,0,1,1,4294967295,0,0
oInvCollPH,880,464,00146CDC,0,1,1,4294967295,0,0
oInvCollPH,896,464,00300A7C,0,1,1,4294967295,0,0
oInvCollPH,912,464,0035A2F9,0,1,1,4294967295,0,0
oInvCollPH,928,464,0014C61F,0,1,1,4294967295,0,0
oInvCollPH,944,464,0004FE59,0,1,1,4294967295,0,0
oInvCollPH,960,464,0037EA6F,0,1,1,4294967295,0,0
oInvCollPH,736,464,0020BFE1,0,1,1,4294967295,0,0
oInvCollPH,752,464,001037DB,0,1,1,4294967295,0,0
oInvCollPH,768,464,002CE5E8,0,1,1,4294967295,0,0
oInvCollPH,608,528,00388F59,0,1,1,4294967295,0,0
oInvCollPH,624,528,000F823A,0,1,1,4294967295,0,0
oInvCollPH,640,528,0004EA27,0,1,1,4294967295,0,0
oInvCollPH,416,512,001B9C64,0,1,1,4294967295,0,0
oInvCollPH,432,512,0020A1A7,0,1,1,4294967295,0,0
oInvCollPH,448,512,00366B72,0,1,1,4294967295,0,0
oInvCollPH,224,480,001D7AFB,0,1,1,4294967295,0,0
oInvCollPH,240,480,000ECABD,0,1,1,4294967295,0,0
oInvCollPH,256,480,0021793A,0,1,1,4294967295,0,0
oInvCollPH,272,480,00318C4C,0,1,1,4294967295,0,0
oInvCollPH,288,480,001A708B,0,1,1,4294967295,0,0
oInvCollPH,304,480,0036231E,0,1,1,4294967295,0,0
oInvCollPH,320,480,0031E8BC,0,1,1,4294967295,0,0
oInvCollPH,96,448,003288A4,0,1,1,4294967295,0,0
oInvCollPH,112,448,003EC013,0,1,1,4294967295,0,0
oInvCollPH,128,448,00081CF1,0,1,1,4294967295,0,0
oInvCollPH,64,384,0025BEDB,0,1,1,4294967295,0,0
oInvCollPH,1920,16,00108ECA,0,1,1,4294967295,0,0
oInvCollPH,1936,16,002F9B6B,0,1,1,4294967295,0,0
oInvCollPH,1952,16,00255AF7,0,1,1,4294967295,0,0
oInvCollPH,1968,16,000099A6,0,1,1,4294967295,0,0
oInvCollPH,1984,16,000178EE,0,1,1,4294967295,0,0
oInvCollPH,2000,16,001B58F2,0,1,1,4294967295,0,0
oInvCollPH,2016,16,000E383F,0,1,1,4294967295,0,0
oInvCollPH,2032,16,003ABA53,0,1,1,4294967295,0,0
oInvCollPH,1568,192,000BD1CF,0,1,1,4294967295,0,0
oInvCollPH,1584,192,0001D5BF,0,1,1,4294967295,0,0
oInvCollPH,1600,192,000ED7EF,0,1,1,4294967295,0,0
oInvCollPH,1712,144,003CEB64,0,1,1,4294967295,0,0
oInvCollPH,1728,144,0016D997,0,1,1,4294967295,0,0
oInvCollPH,1808,112,00109B69,0,1,1,4294967295,0,0
oInvCollPH,1824,112,00048158,0,1,1,4294967295,0,0
oInvCollPH,1680,288,00302CCB,0,1,1,4294967295,0,0
oInvCollPH,1696,288,000AECFB,0,1,1,4294967295,0,0
oInvCollPH,1712,288,000F8AB9,0,1,1,4294967295,0,0
oInvCollPH,1728,288,003D2440,0,1,1,4294967295,0,0
oInvCollPH,1744,272,0001516C,0,1,1,4294967295,0,0
oInvCollPH,1728,256,00055205,0,1,1,4294967295,0,0
oInvCollPH,1712,256,002FA141,0,1,1,4294967295,0,0
oInvCollPH,1792,304,00374EF5,0,1,1,4294967295,0,0
oInvCollPH,1792,320,00148E60,0,1,1,4294967295,0,0
oInvCollPH,1808,320,0031F05F,0,1,1,4294967295,0,0
oInvCollPH,1824,320,001758A9,0,1,1,4294967295,0,0
oInvCollPH,1824,304,00230681,0,1,1,4294967295,0,0
oInvCollPH,1824,288,002C1822,0,1,1,4294967295,0,0
oInvCollPH,1808,288,002DD4AF,0,1,1,4294967295,0,0
oInvCollPH,1984,240,002007A1,0,1,1,4294967295,0,0
oInvCollPH,2000,240,0008CFAF,0,1,1,4294967295,0,0
oInvCollPH,2016,240,001CD316,0,1,1,4294967295,0,0
oInvCollPH,2032,240,0027F5AB,0,1,1,4294967295,0,0
oInvCollPH,1920,176,003E3902,0,1,1,4294967295,0,0
oInvCollPH,1920,192,0015CEF1,0,1,1,4294967295,0,0
oInvCollPH,1920,208,0035BDDD,0,1,1,4294967295,0,0
oInvCollPH,1936,208,003F5287,0,1,1,4294967295,0,0
oInvCollPH,1952,208,0027F57D,0,1,1,4294967295,0,0
oInvCollPH,1968,208,0015CDF8,0,1,1,4294967295,0,0
oInvCollPH,1888,112,000FA4F6,0,1,1,4294967295,0,0
oInvCollPH,1888,128,0033BDA2,0,1,1,4294967295,0,0
oInvCollPH,1888,144,00174B90,0,1,1,4294967295,0,0
oInvCollPH,1904,144,003882B5,0,1,1,4294967295,0,0
oInvCollPH,1904,96,0010EA35,0,1,1,4294967295,0,0
oInvCollPH,1920,96,000D09FA,0,1,1,4294967295,0,0
oInvCollPH,1936,96,0015C52E,0,1,1,4294967295,0,0
oInvCollPH,1952,96,0009A402,0,1,1,4294967295,0,0
oInvCollPH,1968,96,003650B5,0,1,1,4294967295,0,0
oInvCollPH,1984,96,0029DEB0,0,1,1,4294967295,0,0
oInvCollPH,2000,96,00124F2B,0,1,1,4294967295,0,0
oInvCollPH,2000,112,001BD0C0,0,1,1,4294967295,0,0
oInvCollPH,2000,128,000C2C3C,0,1,1,4294967295,0,0
oInvCollPH,336,80,0038A4AB,0,1,1,4294967295,0,0
oInvCollPH,560,80,000FCC2D,0,1,1,4294967295,0,0
oInvCollPH,864,192,002A557A,0,1,1,4294967295,0,0
oInvCollPH,1056,64,000F31B6,0,1,1,4294967295,0,0
oInvCollPH,1360,64,0030FFCA,0,1,1,4294967295,0,0
oInvCollPH,1424,208,000AE67C,0,1,1,4294967295,0,0
oInvCollPH,1696,144,0013EF14,0,1,1,4294967295,0,0
oInvCollPH,1744,144,00372DE5,0,1,1,4294967295,0,0
oInvCollPFH,48,976,002D5701,0,1,1,4294967295,0,0
oInvCollPFH,64,976,00069CFE,0,1,1,4294967295,0,0
oInvCollPFH,32,1024,00158748,0,1,1,4294967295,0,0
oInvCollPFH,48,1024,00077EBF,0,1,1,4294967295,0,0
oInvCollPFH,64,1024,00187B85,0,1,1,4294967295,0,0
oInvCollPFH,80,1024,003E8A4A,0,1,1,4294967295,0,0
oInvCollPH,2016,160,003FE566,0,1,1,4294967295,0,0
oInvCollPH,2032,160,000C3380,0,1,1,4294967295,0,0
oInvCollPH,2048,160,0033911E,0,1,1,4294967295,0,0
oInvCollPH,2064,160,000C487E,0,1,1,4294967295,0,0
oInvCollPH,2080,160,00347E69,0,1,1,4294967295,0,0
oInvCollPH,2096,160,0035BEE7,0,1,1,4294967295,0,0
oInvCollPH,2112,160,00048014,0,1,1,4294967295,0,0
oInvCollPH,2128,160,00241EE5,0,1,1,4294967295,0,0
oInvCollPH,2144,160,000559A8,0,1,1,4294967295,0,0
oInvCollPH,2160,160,001FDD49,0,1,1,4294967295,0,0
oInvCollPH,2000,144,0014DA99,0,1,1,4294967295,0,0
oInvCollPH,2048,240,000EF077,0,1,1,4294967295,0,0
oInvCollPH,2064,240,0020B520,0,1,1,4294967295,0,0
oInvCollPH,2080,240,001961C5,0,1,1,4294967295,0,0
oInvCollPH,2096,240,002D26E0,0,1,1,4294967295,0,0
oInvCollPH,2048,16,002AC674,0,1,1,4294967295,0,0
oInvCollPH,2064,16,00031C11,0,1,1,4294967295,0,0
oInvCollPH,2080,16,0010BA0A,0,1,1,4294967295,0,0
oInvCollPH,2096,16,001649D7,0,1,1,4294967295,0,0
oInvCollPH,2112,32,003811E7,0,1,1,4294967295,0,0
oInvCollPH,2112,48,0040069C,0,1,1,4294967295,0,0
oInvCollPH,2112,64,002051E5,0,1,1,4294967295,0,0
oInvCollPH,2112,80,0031132B,0,1,1,4294967295,0,0
oInvCollPH,2128,80,0018EFFD,0,1,1,4294967295,0,0
oInvCollPH,2144,80,00337255,0,1,1,4294967295,0,0
oInvCollPH,2160,80,003F119B,0,1,1,4294967295,0,0
oInvCollPH,2112,272,0004D445,0,1,1,4294967295,0,0
oInvCollPH,2112,288,002E9126,0,1,1,4294967295,0,0
oInvCollPH,2112,304,00112947,0,1,1,4294967295,0,0
oInvCollPH,2112,320,002D2F7E,0,1,1,4294967295,0,0
oInvCollPH,2112,336,003E1CED,0,1,1,4294967295,0,0
oInvCollPH,2128,336,00125B96,0,1,1,4294967295,0,0
oInvCollPH,2144,336,000492F6,0,1,1,4294967295,0,0
oInvCollPH,2160,336,0004C835,0,1,1,4294967295,0,0
oInvCollPH,1536,288,0017AAC7,0,1,1,4294967295,0,0
oInvCollPH,1536,304,003EE431,0,1,1,4294967295,0,0
oInvCollPH,1600,272,00304EE9,0,1,1,4294967295,0,0
oInvCollPH,1568,304,0023CD1B,0,1,1,4294967295,0,0
oInvCollPH,1616,288,000B8CE6,0,1,1,4294967295,0,0
oInvCollPH,1584,304,00005121,0,1,1,4294967295,0,0
oInvCollPH,1600,304,002708EF,0,1,1,4294967295,0,0
oInvCollPH,1584,272,003608EE,0,1,1,4294967295,0,0
oInvCollPH,1568,272,0024B6C5,0,1,1,4294967295,0,0
oInvCollPH,1904,368,00249869,0,1,1,4294967295,0,0
oInvCollPH,1920,352,000AF4B6,0,1,1,4294967295,0,0
oInvCollPH,1936,352,00396915,0,1,1,4294967295,0,0
oInvCollPH,2000,352,002AF447,0,1,1,4294967295,0,0
oInvCollPH,2016,352,001F1E17,0,1,1,4294967295,0,0
oInvCollPH,2016,368,000B4740,0,1,1,4294967295,0,0
oInvCollPH,1552,272,001FCB95,0,1,1,4294967295,0,0
oInvCollPH,1552,304,002A9409,0,1,1,4294967295,0,0
oInvCollPH,1616,272,003A85D8,0,1,1,4294967295,0,0
oInvCollPH,1616,304,000CB041,0,1,1,4294967295,0,0
oInvCollPH,1680,272,00078516,0,1,1,4294967295,0,0
oInvCollPH,1744,288,002976CD,0,1,1,4294967295,0,0
oInvCollPH,1744,256,002E0D86,0,1,1,4294967295,0,0
oInvCollPH,1696,256,00188118,0,1,1,4294967295,0,0
oInvisibleSolid,1664,1056,00108823,0,1,1,4294967295,0,1
oInvisibleSolid,1600,1088,002DC9F9,0,1,1,4294967295,0,1
oInvisibleSolid,1568,1056,000C162F,0,1,1,4294967295,0,1
oInvisibleSolid,0,1104,003C0363,0,1,1,4294967295,0,1
oInvisibleSolid,128,960,00258EF7,0,1,1,4294967295,0,1
oInvisibleSolid,144,736,0008CF3F,0,1,1,4294967295,0,1
oInvisibleSolid,224,1040,0004EED3,0,1,1,4294967295,0,1
oInvisibleSolid,288,976,00134142,0,1,1,4294967295,0,1
oInvisibleSolid,448,912,0020BB60,0,1,1,4294967295,0,1
oInvisibleSolid,576,848,002A1B32,0,1,1,4294967295,0,1
oInvisibleSolid,608,848,000E1063,0,1,1,4294967295,0,1
oInvisibleSolid,48,384,000C8923,0,1,1,4294967295,0,1
oInvisibleSolid,80,448,00025ACA,0,1,1,4294967295,0,1
oInvisibleSolid,208,480,000A7477,0,1,1,4294967295,0,1
oInvisibleSolid,400,512,000D7D21,0,1,1,4294967295,0,1
oInvisibleSolid,592,528,003B08A6,0,1,1,4294967295,0,1
oInvisibleSolid,720,464,00008EBB,0,1,1,4294967295,0,1
oInvisibleSolid,848,464,0017EB90,0,1,1,4294967295,0,1
oInvisibleSolid,1008,336,0037E8A2,0,1,1,4294967295,0,1
oInvisibleSolid,1136,400,002752A5,0,1,1,4294967295,0,1
oInvisibleSolid,1008,528,0006640C,0,1,1,4294967295,0,1
oInvisibleSolid,1136,528,000E4578,0,1,1,4294967295,0,1
oInvisibleSolid,1280,464,001EF936,0,1,1,4294967295,0,1
oInvisibleSolid,1232,672,00195A38,0,1,1,4294967295,0,1
oInvisibleSolid,1344,624,000AEB0D,0,1,1,4294967295,0,1
oInvisibleSolid,1408,560,0005BC98,0,1,1,4294967295,0,1
oInvisibleSolid,1472,496,00029F18,0,1,1,4294967295,0,1
oInvisibleSolid,1664,528,0022BBB0,0,1,1,4294967295,0,1
oInvisibleSolid,1760,544,003627B6,0,1,1,4294967295,0,1
oInvisibleSolid,1936,384,00066AAA,0,1,1,4294967295,0,1
oInvisibleSolid,1952,416,003FE188,0,1,1,4294967295,0,1
oInvisibleSolid,1920,544,0007CDFC,0,1,1,4294967295,0,1
oInvisiblePlatform,32,976,001A0AB0,0,1,1,4294967295,0,1
oInvisiblePlatform,16,1024,0005789C,0,1,1,4294967295,0,1
oInvisibleSolid,1552,192,000D7518,0,1,1,4294967295,0,1
oInvisibleSolid,1920,0,0032ACBF,0,1,1,4294967295,0,1
oInvisibleSolid,1888,96,0019E938,0,1,1,4294967295,0,1
oInvisibleSolid,1920,160,003F05CD,0,1,1,4294967295,0,1
oInvisibleSolid,1984,224,000A247C,0,1,1,4294967295,0,1
oInvisibleSolid,1792,288,002749BA,0,1,1,4294967295,0,1
oInvisibleSolid,1680,256,002205D3,0,1,1,4294967295,0,1
oInvisibleSolid,1680,144,002DD448,0,1,1,4294967295,0,1
oInvisibleSolid,1792,112,00229751,0,1,1,4294967295,0,1
oInvisibleSolid,1408,208,0009BB15,0,1,1,4294967295,0,1
oInvisibleSolid,1344,64,002B2A0D,0,1,1,4294967295,0,1
oInvisibleSolid,1040,64,00384A32,0,1,1,4294967295,0,1
oInvisibleSolid,848,192,0035B871,0,1,1,4294967295,0,1
oInvisibleSolid,544,80,000C0353,0,1,1,4294967295,0,1
oInvisibleSolid,320,80,000E8C49,0,1,1,4294967295,0,1
oMapDoor,1576,1024,002F372F,0,1,1,4294967295,0,1
oInvisibleSolid,2112,256,002304EA,0,1,1,4294967295,0,1
oInvisibleSolid,2112,0,00310839,0,1,1,4294967295,0,1
oInvisibleSolid,1536,272,000281D7,0,1,1,4294967295,0,1
oInvisibleSolid,1904,352,0017783D,0,1,1,4294967295,0,1
