oExit,1760,-16,00155B04,0,1,1,4294967295,0,1
oCh19TrapSkull,1184,96,00333C68,0,1,1,4294967295,0,1
oDCS_Flame,592,208,002ACA7B,0,1,1,4294967295,0,0
oDCS_Flame,1136,208,002814B9,0,1,1,4294967295,0,0
oCh19TrapSkull,352,96,000CE3B7,0,1,1,4294967295,0,1
oDCS_Flame,432,240,00364F83,0,1,1,4294967295,0,0
oDCS_Flame,816,208,000DF19C,0,1,1,4294967295,0,0
oDCS_Flame,1232,240,00361570,0,1,1,4294967295,0,0
oDCS_Flame,1520,240,0006C16A,0,1,1,4294967295,0,0
oExit,64,336,003EEB0F,0,1,1,4294967295,0,1
oDCS_Flame,1808,112,00275FE1,0,1,1,4294967295,0,0
oCh19Spikes,1376,304,0033B534,0,1,1,4294967295,0,1
oCh19Spikes,832,272,0027AE84,0,1,1,4294967295,0,1
oCh19Spikes,1024,272,00390BE6,0,1,1,4294967295,0,1
oZeldaBreakPot,720,240,000D2B05,0,1,1,4294967295,0,0
oZeldaBreakPot,752,240,00248F3E,0,1,1,4294967295,0,0
oZeldaBreakPot,736,240,000F7FC3,0,1,1,4294967295,0,0
oCh19SwingTrap,1392,144,003D89B8,0,1,1,4294967295,0,1
oCh19SwingTrap,944,256,0000B3D6,0,1,1,4294967295,0,1
oCh19SwingTrap,944,64,00392BD8,0,1,1,4294967295,0,1
oCh19SwingTrap,944,64,0026199A,0,1,1,4294967295,0,1
oCh19SwingTrap,944,256,0000031C,0,1,1,4294967295,0,1
oCh19SwingTrap,944,256,00278F5E,0,1,1,4294967295,0,1
oCh19SwingTrap,944,256,001CC54B,0,1,1,4294967295,0,1
oCh19SwingTrap,944,64,003E5E83,0,1,1,4294967295,0,1
oCh19SwingTrap,944,64,0023A941,0,1,1,4294967295,0,1
oCh19SwingTrap,352,288,001908F9,0,1,1,4294967295,0,1
oCHAOS_Rocketeer,880,112,002A4EB5,0,1,1,4294967295,0,1
oPlayer1,1840,80,0019B7B8,0,1,1,4294967295,0,0
oInvCollPH,1744,208,003DD949,0,1,1,4294967295,0,0
oInvCollPH,1808,160,0025CF77,0,1,1,4294967295,0,0
oInvCollPH,1840,80,00342572,0,1,1,4294967295,0,0
oInvCollPH,1856,16,002DF5D8,0,1,1,4294967295,0,0
oInvCollPH,1856,32,00032D45,0,1,1,4294967295,0,0
oInvCollPH,1856,48,001A6C35,0,1,1,4294967295,0,0
oInvCollPH,1856,112,003EA82E,0,1,1,4294967295,0,0
oInvCollPH,1856,96,00172677,0,1,1,4294967295,0,0
oInvCollPH,1856,160,001475C4,0,1,1,4294967295,0,0
oInvCollPH,1856,64,001FFB20,0,1,1,4294967295,0,0
oInvCollPH,1856,144,00302CAB,0,1,1,4294967295,0,0
oInvCollPH,1856,128,0006B891,0,1,1,4294967295,0,0
oInvCollPH,1856,272,000C44F0,0,1,1,4294967295,0,0
oInvCollPH,1856,256,00261650,0,1,1,4294967295,0,0
oInvCollPH,1856,240,00324B3A,0,1,1,4294967295,0,0
oInvCollPH,1856,224,002324BA,0,1,1,4294967295,0,0
oInvCollPH,1856,208,000E7318,0,1,1,4294967295,0,0
oInvCollPH,1856,192,0003DDE4,0,1,1,4294967295,0,0
oInvCollPH,1856,176,0021ACF1,0,1,1,4294967295,0,0
oInvCollPH,1392,320,0035BC70,0,1,1,4294967295,0,0
oInvCollPH,1408,320,001A33C0,0,1,1,4294967295,0,0
oInvCollPH,1424,320,0032FB8C,0,1,1,4294967295,0,0
oInvCollPH,1440,320,003DCEAD,0,1,1,4294967295,0,0
oInvCollPH,1456,320,00121879,0,1,1,4294967295,0,0
oInvCollPH,1472,320,00393127,0,1,1,4294967295,0,0
oInvCollPH,1488,320,0014370B,0,1,1,4294967295,0,0
oInvCollPH,1504,304,00145B8B,0,1,1,4294967295,0,0
oInvCollPH,1648,288,00319145,0,1,1,4294967295,0,0
oInvCollPH,1632,288,00312BDD,0,1,1,4294967295,0,0
oInvCollPH,1616,288,00079F24,0,1,1,4294967295,0,0
oInvCollPH,1600,288,003C3A04,0,1,1,4294967295,0,0
oInvCollPH,1584,288,000B00CA,0,1,1,4294967295,0,0
oInvCollPH,1568,288,00233D5E,0,1,1,4294967295,0,0
oInvCollPH,1552,288,0037DED4,0,1,1,4294967295,0,0
oInvCollPH,1536,288,00085CEF,0,1,1,4294967295,0,0
oInvCollPH,1520,288,003BE401,0,1,1,4294967295,0,0
oInvCollPH,1840,288,00308627,0,1,1,4294967295,0,0
oInvCollPH,1824,288,003680F2,0,1,1,4294967295,0,0
oInvCollPH,1808,288,003D8367,0,1,1,4294967295,0,0
oInvCollPH,1792,288,0030FCBD,0,1,1,4294967295,0,0
oInvCollPH,1776,288,00229FBD,0,1,1,4294967295,0,0
oInvCollPH,1760,288,002BE59A,0,1,1,4294967295,0,0
oInvCollPH,1744,288,001FF418,0,1,1,4294967295,0,0
oInvCollPH,1728,288,000D7995,0,1,1,4294967295,0,0
oInvCollPH,1712,288,00076476,0,1,1,4294967295,0,0
oInvCollPH,1696,288,00120884,0,1,1,4294967295,0,0
oInvCollPH,1680,288,000B5D6A,0,1,1,4294967295,0,0
oInvCollPH,1664,288,0028505A,0,1,1,4294967295,0,0
oInvCollPH,1376,144,00325C9A,0,1,1,4294967295,0,0
oInvCollPH,1392,144,00290E6B,0,1,1,4294967295,0,0
oInvCollPH,1392,128,00282E55,0,1,1,4294967295,0,0
oInvCollPH,1472,80,001322DE,0,1,1,4294967295,0,0
oInvCollPH,1488,80,00242BA3,0,1,1,4294967295,0,0
oInvCollPH,1504,80,002922CD,0,1,1,4294967295,0,0
oInvCollPH,1520,80,00100ACD,0,1,1,4294967295,0,0
oInvCollPH,1536,80,0002FF74,0,1,1,4294967295,0,0
oInvCollPH,1552,80,0008AAE4,0,1,1,4294967295,0,0
oInvCollPH,1568,80,00055D92,0,1,1,4294967295,0,0
oInvCollPH,1584,80,003738E5,0,1,1,4294967295,0,0
oInvCollPH,1600,80,0027F21C,0,1,1,4294967295,0,0
oInvCollPH,1616,80,002DE624,0,1,1,4294967295,0,0
oInvCollPH,1632,80,000855EE,0,1,1,4294967295,0,0
oInvCollPH,1648,80,003DC791,0,1,1,4294967295,0,0
oInvCollPH,1664,80,0005971F,0,1,1,4294967295,0,0
oInvCollPH,1680,80,0034D743,0,1,1,4294967295,0,0
oInvCollPH,1696,80,0025A936,0,1,1,4294967295,0,0
oInvCollPH,1712,80,0039A22F,0,1,1,4294967295,0,0
oInvCollPH,1728,80,0019E5CA,0,1,1,4294967295,0,0
oInvCollPH,1744,80,0037F3EF,0,1,1,4294967295,0,0
oInvCollPH,1744,64,001CF469,0,1,1,4294967295,0,0
oInvCollPH,1744,48,002D93D1,0,1,1,4294967295,0,0
oInvCollPH,1744,32,00032C96,0,1,1,4294967295,0,0
oInvCollPH,1744,16,0020B054,0,1,1,4294967295,0,0
oInvCollPH,1744,0,001CA29C,0,1,1,4294967295,0,0
oInvCollPH,1360,112,0036F156,0,1,1,4294967295,0,0
oInvCollPH,1344,112,0017A647,0,1,1,4294967295,0,0
oInvCollPH,1328,112,002F707A,0,1,1,4294967295,0,0
oInvCollPH,1312,112,000D774B,0,1,1,4294967295,0,0
oInvCollPH,1296,112,003B35A9,0,1,1,4294967295,0,0
oInvCollPH,1280,112,003000FE,0,1,1,4294967295,0,0
oInvCollPH,1264,112,003CB5BC,0,1,1,4294967295,0,0
oInvCollPH,1248,112,000C1166,0,1,1,4294967295,0,0
oInvCollPH,1232,112,001E4883,0,1,1,4294967295,0,0
oInvCollPH,1216,112,001BE620,0,1,1,4294967295,0,0
oInvCollPH,1216,96,00124C20,0,1,1,4294967295,0,0
oInvCollPH,1216,80,001FFFAC,0,1,1,4294967295,0,0
oInvCollPH,1216,64,0020DDAD,0,1,1,4294967295,0,0
oInvCollPH,1408,112,0013AA99,0,1,1,4294967295,0,0
oInvCollPH,1424,112,0006EEE4,0,1,1,4294967295,0,0
oInvCollPH,1440,112,001E7303,0,1,1,4294967295,0,0
oInvCollPH,1456,112,0016351B,0,1,1,4294967295,0,0
oInvCollPH,1456,96,0002366A,0,1,1,4294967295,0,0
oInvCollPH,1056,272,000BF7BF,0,1,1,4294967295,0,0
oInvCollPH,1072,256,00119660,0,1,1,4294967295,0,0
oInvCollPH,1088,256,00337B24,0,1,1,4294967295,0,0
oInvCollPH,1104,256,002A2962,0,1,1,4294967295,0,0
oInvCollPH,1120,256,000746A9,0,1,1,4294967295,0,0
oInvCollPH,1136,256,000064EA,0,1,1,4294967295,0,0
oInvCollPH,1136,272,000EDBCB,0,1,1,4294967295,0,0
oInvCollPH,864,272,000301CB,0,1,1,4294967295,0,0
oInvCollPH,880,256,00117D7A,0,1,1,4294967295,0,0
oInvCollPH,896,256,00371E4F,0,1,1,4294967295,0,0
oInvCollPH,976,256,002F49F2,0,1,1,4294967295,0,0
oInvCollPH,992,256,00290DE5,0,1,1,4294967295,0,0
oInvCollPH,1008,256,002AA492,0,1,1,4294967295,0,0
oInvCollPH,1008,272,0029B80A,0,1,1,4294967295,0,0
oInvCollPH,1360,288,002D627B,0,1,1,4294967295,0,0
oInvCollPH,1344,288,003EE91E,0,1,1,4294967295,0,0
oInvCollPH,1328,288,000FB885,0,1,1,4294967295,0,0
oInvCollPH,1312,288,000A71B3,0,1,1,4294967295,0,0
oInvCollPH,1296,288,0016DB90,0,1,1,4294967295,0,0
oInvCollPH,1280,288,0038BFD7,0,1,1,4294967295,0,0
oInvCollPH,1264,288,001DED2A,0,1,1,4294967295,0,0
oInvCollPH,1248,288,00070E17,0,1,1,4294967295,0,0
oInvCollPH,1232,288,000E79B9,0,1,1,4294967295,0,0
oInvCollPH,1216,288,002F0ECA,0,1,1,4294967295,0,0
oInvCollPH,848,288,001D021A,0,1,1,4294967295,0,0
oInvCollPH,1024,288,00169A5D,0,1,1,4294967295,0,0
oInvCollPH,1040,288,00158EB8,0,1,1,4294967295,0,0
oInvCollPH,1152,288,000CAE2A,0,1,1,4294967295,0,0
oInvCollPH,1168,288,0029D601,0,1,1,4294967295,0,0
oInvCollPH,1184,288,0001DD21,0,1,1,4294967295,0,0
oInvCollPH,1200,288,002B1CF9,0,1,1,4294967295,0,0
oInvCollPH,48,32,0038A5EF,0,1,1,4294967295,0,0
oInvCollPH,48,48,001BAE44,0,1,1,4294967295,0,0
oInvCollPH,48,64,00160BA9,0,1,1,4294967295,0,0
oInvCollPH,48,80,0019806E,0,1,1,4294967295,0,0
oInvCollPH,48,96,002CD72F,0,1,1,4294967295,0,0
oInvCollPH,48,112,001E2FC1,0,1,1,4294967295,0,0
oInvCollPH,48,128,001D5E59,0,1,1,4294967295,0,0
oInvCollPH,48,144,000E2DA5,0,1,1,4294967295,0,0
oInvCollPH,48,160,0018AC11,0,1,1,4294967295,0,0
oInvCollPH,48,176,000DD944,0,1,1,4294967295,0,0
oInvCollPH,80,192,000A11C7,0,1,1,4294967295,0,0
oInvCollPH,80,208,0023FA34,0,1,1,4294967295,0,0
oInvCollPH,64,208,000DFAD0,0,1,1,4294967295,0,0
oInvCollPH,48,224,0030A084,0,1,1,4294967295,0,0
oInvCollPH,48,240,0008EA5F,0,1,1,4294967295,0,0
oInvCollPH,48,256,003B1B23,0,1,1,4294967295,0,0
oInvCollPH,48,272,002605FF,0,1,1,4294967295,0,0
oInvCollPH,48,288,0008D55A,0,1,1,4294967295,0,0
oInvCollPH,48,304,0031DAE5,0,1,1,4294967295,0,0
oInvCollPH,48,320,002A56C3,0,1,1,4294967295,0,0
oInvCollPH,48,336,0021F904,0,1,1,4294967295,0,0
oInvCollPH,256,176,00179B1D,0,1,1,4294967295,0,0
oInvCollPH,256,192,00041CBE,0,1,1,4294967295,0,0
oInvCollPH,256,208,002FBA95,0,1,1,4294967295,0,0
oInvCollPH,256,224,000AB3B7,0,1,1,4294967295,0,0
oInvCollPH,256,240,003CCDD9,0,1,1,4294967295,0,0
oInvCollPH,272,240,003A48F9,0,1,1,4294967295,0,0
oInvCollPH,272,224,0006F6A1,0,1,1,4294967295,0,0
oInvCollPH,272,192,0030413F,0,1,1,4294967295,0,0
oInvCollPH,272,176,0027BD29,0,1,1,4294967295,0,0
oInvCollPH,272,160,003A016A,0,1,1,4294967295,0,0
oInvCollPH,304,208,00299AB4,0,1,1,4294967295,0,0
oInvCollPH,400,176,000CA51B,0,1,1,4294967295,0,0
oInvCollPH,416,80,002FE965,0,1,1,4294967295,0,0
oInvCollPH,416,96,000C269E,0,1,1,4294967295,0,0
oInvCollPH,416,112,003F90C0,0,1,1,4294967295,0,0
oInvCollPH,416,128,002933FB,0,1,1,4294967295,0,0
oInvCollPH,416,144,002E235E,0,1,1,4294967295,0,0
oInvCollPH,416,160,0014CC93,0,1,1,4294967295,0,0
oInvCollPH,416,176,00208D68,0,1,1,4294967295,0,0
oInvCollPH,432,176,00044373,0,1,1,4294967295,0,0
oInvCollPH,432,160,001686A8,0,1,1,4294967295,0,0
oInvCollPH,432,144,002E8DF6,0,1,1,4294967295,0,0
oInvCollPH,432,128,0010DAF4,0,1,1,4294967295,0,0
oInvCollPH,432,112,0003D4EC,0,1,1,4294967295,0,0
oInvCollPH,432,96,0029B72C,0,1,1,4294967295,0,0
oInvCollPH,432,80,000BA566,0,1,1,4294967295,0,0
oInvCollPH,432,64,00390191,0,1,1,4294967295,0,0
oInvCollPH,176,256,001E8DCE,0,1,1,4294967295,0,0
oInvCollPH,192,256,002A8D10,0,1,1,4294967295,0,0
oInvCollPH,208,256,0009FF5A,0,1,1,4294967295,0,0
oInvCollPH,224,256,00283CDA,0,1,1,4294967295,0,0
oInvCollPH,240,256,00172E9D,0,1,1,4294967295,0,0
oInvCollPH,272,256,0002C567,0,1,1,4294967295,0,0
oInvCollPH,272,272,000F271E,0,1,1,4294967295,0,0
oInvCollPH,160,272,00018025,0,1,1,4294967295,0,0
oInvCollPH,160,288,003D0768,0,1,1,4294967295,0,0
oInvCollPH,160,304,000640BF,0,1,1,4294967295,0,0
oInvCollPH,160,320,00240C77,0,1,1,4294967295,0,0
oInvCollPH,160,336,001BEF86,0,1,1,4294967295,0,0
oInvCollPH,160,112,0020ABA0,0,1,1,4294967295,0,0
oInvCollPH,160,128,00116432,0,1,1,4294967295,0,0
oInvCollPH,160,144,002A0943,0,1,1,4294967295,0,0
oInvCollPH,176,144,002C4F4C,0,1,1,4294967295,0,0
oInvCollPH,192,144,0000359B,0,1,1,4294967295,0,0
oInvCollPH,208,144,000F0D8D,0,1,1,4294967295,0,0
oInvCollPH,224,144,0034FA83,0,1,1,4294967295,0,0
oInvCollPH,240,144,00367203,0,1,1,4294967295,0,0
oInvCollPH,176,96,00037523,0,1,1,4294967295,0,0
oInvCollPH,192,96,001C9A7F,0,1,1,4294967295,0,0
oInvCollPH,208,96,003A410B,0,1,1,4294967295,0,0
oInvCollPH,224,96,0013A585,0,1,1,4294967295,0,0
oInvCollPH,240,96,000CCC11,0,1,1,4294967295,0,0
oInvCollPH,256,96,001DFB3B,0,1,1,4294967295,0,0
oInvCollPH,272,96,003A847A,0,1,1,4294967295,0,0
oInvCollPH,272,112,001CE99E,0,1,1,4294967295,0,0
oInvCollPH,272,128,003AB0DF,0,1,1,4294967295,0,0
oInvCollPH,272,144,00096058,0,1,1,4294967295,0,0
oInvCollPH,64,16,0024DCB6,0,1,1,4294967295,0,0
oInvCollPH,80,16,002BEFE6,0,1,1,4294967295,0,0
oInvCollPH,96,16,0027A950,0,1,1,4294967295,0,0
oInvCollPH,112,16,00041907,0,1,1,4294967295,0,0
oInvCollPH,128,16,0030F637,0,1,1,4294967295,0,0
oInvCollPH,144,16,002A7A31,0,1,1,4294967295,0,0
oInvCollPH,160,16,00397812,0,1,1,4294967295,0,0
oInvCollPH,176,16,001D07CB,0,1,1,4294967295,0,0
oInvCollPH,192,16,003DF1ED,0,1,1,4294967295,0,0
oInvCollPH,208,16,000EB57D,0,1,1,4294967295,0,0
oInvCollPH,336,16,003039A1,0,1,1,4294967295,0,0
oInvCollPH,320,16,003C80FB,0,1,1,4294967295,0,0
oInvCollPH,304,16,000617BE,0,1,1,4294967295,0,0
oInvCollPH,288,16,001FF99D,0,1,1,4294967295,0,0
oInvCollPH,272,16,0009A0BD,0,1,1,4294967295,0,0
oInvCollPH,256,16,000B69FD,0,1,1,4294967295,0,0
oInvCollPH,240,16,00100A86,0,1,1,4294967295,0,0
oInvCollPH,224,16,00027BC7,0,1,1,4294967295,0,0
oInvCollPH,576,272,000CD29C,0,1,1,4294967295,0,0
oInvCollPH,720,256,002BA0B0,0,1,1,4294967295,0,0
oInvCollPH,704,256,002C501B,0,1,1,4294967295,0,0
oInvCollPH,688,256,0010E2F5,0,1,1,4294967295,0,0
oInvCollPH,672,256,000DF3C4,0,1,1,4294967295,0,0
oInvCollPH,656,256,0007653F,0,1,1,4294967295,0,0
oInvCollPH,640,256,003B7540,0,1,1,4294967295,0,0
oInvCollPH,624,256,001139B9,0,1,1,4294967295,0,0
oInvCollPH,608,256,000AC5B3,0,1,1,4294967295,0,0
oInvCollPH,592,256,001B92E4,0,1,1,4294967295,0,0
oInvCollPH,816,272,00003185,0,1,1,4294967295,0,0
oInvCollPH,816,256,002DB6A9,0,1,1,4294967295,0,0
oInvCollPH,800,256,000D04D4,0,1,1,4294967295,0,0
oInvCollPH,784,256,001E0ABE,0,1,1,4294967295,0,0
oInvCollPH,768,256,0016E241,0,1,1,4294967295,0,0
oInvCollPH,752,256,001FD1EF,0,1,1,4294967295,0,0
oInvCollPH,736,256,00125CAD,0,1,1,4294967295,0,0
oInvCollPH,352,32,00032268,0,1,1,4294967295,0,0
oInvCollPH,352,48,00350D6E,0,1,1,4294967295,0,0
oInvCollPH,368,48,001496EB,0,1,1,4294967295,0,0
oInvCollPH,384,48,00090315,0,1,1,4294967295,0,0
oInvCollPH,400,48,0028EF39,0,1,1,4294967295,0,0
oInvCollPH,448,48,002E0B55,0,1,1,4294967295,0,0
oInvCollPH,464,48,0019A33E,0,1,1,4294967295,0,0
oInvCollPH,480,48,00001D30,0,1,1,4294967295,0,0
oInvCollPH,496,48,0002B578,0,1,1,4294967295,0,0
oInvCollPH,512,48,003FF35C,0,1,1,4294967295,0,0
oInvCollPH,528,48,003837FF,0,1,1,4294967295,0,0
oInvCollPH,544,48,003A936B,0,1,1,4294967295,0,0
oInvCollPH,560,48,0034FDAF,0,1,1,4294967295,0,0
oInvCollPH,576,48,003F564A,0,1,1,4294967295,0,0
oInvCollPH,592,48,00302FB5,0,1,1,4294967295,0,0
oInvCollPH,608,48,002234A5,0,1,1,4294967295,0,0
oInvCollPH,624,48,00145483,0,1,1,4294967295,0,0
oInvCollPH,640,48,000B76E2,0,1,1,4294967295,0,0
oInvCollPH,656,48,001742FE,0,1,1,4294967295,0,0
oInvCollPH,672,48,002EB44B,0,1,1,4294967295,0,0
oInvCollPH,688,48,001C658C,0,1,1,4294967295,0,0
oInvCollPH,704,48,00009058,0,1,1,4294967295,0,0
oInvCollPH,720,48,002DBB3F,0,1,1,4294967295,0,0
oInvCollPH,736,48,00181696,0,1,1,4294967295,0,0
oInvCollPH,752,48,003032F0,0,1,1,4294967295,0,0
oInvCollPH,768,48,002DCBFB,0,1,1,4294967295,0,0
oInvCollPH,784,48,000BBAA4,0,1,1,4294967295,0,0
oInvCollPH,800,48,000B0765,0,1,1,4294967295,0,0
oInvCollPH,816,48,00159A23,0,1,1,4294967295,0,0
oInvCollPH,832,48,0027F5B3,0,1,1,4294967295,0,0
oInvCollPH,848,48,001D671D,0,1,1,4294967295,0,0
oInvCollPH,864,48,0018C898,0,1,1,4294967295,0,0
oInvCollPH,880,48,0024E2B5,0,1,1,4294967295,0,0
oInvCollPH,896,48,0020AA5D,0,1,1,4294967295,0,0
oInvCollPH,976,48,002B1A3D,0,1,1,4294967295,0,0
oInvCollPH,992,48,00344DCF,0,1,1,4294967295,0,0
oInvCollPH,1008,48,003525F3,0,1,1,4294967295,0,0
oInvCollPH,1024,48,003599AA,0,1,1,4294967295,0,0
oInvCollPH,1040,48,0006450A,0,1,1,4294967295,0,0
oInvCollPH,1056,48,001AD153,0,1,1,4294967295,0,0
oInvCollPH,1072,48,00245199,0,1,1,4294967295,0,0
oInvCollPH,1088,48,000120E8,0,1,1,4294967295,0,0
oInvCollPH,1104,48,003BA9C2,0,1,1,4294967295,0,0
oInvCollPH,1120,48,0017EDC2,0,1,1,4294967295,0,0
oInvCollPH,1136,48,0023B834,0,1,1,4294967295,0,0
oInvCollPH,1152,48,0005068A,0,1,1,4294967295,0,0
oInvCollPH,1168,48,003B1021,0,1,1,4294967295,0,0
oInvCollPH,1184,48,00216E9C,0,1,1,4294967295,0,0
oInvCollPH,1200,48,0003528E,0,1,1,4294967295,0,0
oInvCollPH,1360,304,0010E861,0,1,1,4294967295,0,0
oInvCollPH,832,288,003E77B9,0,1,1,4294967295,0,0
oInvCollPH,304,288,00098B5B,0,1,1,4294967295,0,0
oInvCollPH,320,288,00217B97,0,1,1,4294967295,0,0
oInvCollPH,336,288,003C4E0F,0,1,1,4294967295,0,0
oInvCollPH,352,288,002D6485,0,1,1,4294967295,0,0
oInvCollPH,368,288,002F0F6A,0,1,1,4294967295,0,0
oInvCollPH,384,288,003BBAA2,0,1,1,4294967295,0,0
oInvCollPH,400,288,00358779,0,1,1,4294967295,0,0
oInvCollPH,416,288,002C57C2,0,1,1,4294967295,0,0
oInvCollPH,432,288,001BF1F7,0,1,1,4294967295,0,0
oInvCollPH,448,288,0031538A,0,1,1,4294967295,0,0
oInvCollPH,464,288,0013A052,0,1,1,4294967295,0,0
oInvCollPH,480,288,00213DB0,0,1,1,4294967295,0,0
oInvCollPH,496,288,0007C824,0,1,1,4294967295,0,0
oInvCollPH,512,288,0015AD7E,0,1,1,4294967295,0,0
oInvCollPH,528,288,0000A979,0,1,1,4294967295,0,0
oInvCollPH,544,288,0028CA0C,0,1,1,4294967295,0,0
oInvCollPH,560,288,0032D9FB,0,1,1,4294967295,0,0
oInvisibleSolid,1792,160,002D2744,0,1,1,4294967295,0,1
oInvisibleSolid,1728,208,003AC901,0,1,1,4294967295,0,1
oInvisibleSolid,1856,0,00241200,0,1,1,4294967295,0,1
oInvisibleSolid,1824,80,0021BB56,0,1,1,4294967295,0,1
oInvisibleSolid,1504,288,000F7833,0,1,1,4294967295,0,1
oInvisibleSolid,1376,320,003284F1,0,1,1,4294967295,0,1
oInvisibleSolid,1216,0,003EB066,0,1,1,4294967295,0,1
oInvisibleSolid,1472,0,002A3AF9,0,1,1,4294967295,0,1
oInvisibleSolid,1376,128,0005E962,0,1,1,4294967295,0,1
oInvisibleSolid,352,0,003A6011,0,1,1,4294967295,0,1
oInvisibleSolid,864,256,0032D9D9,0,1,1,4294967295,0,1
oInvisibleSolid,288,288,001099E5,0,1,1,4294967295,0,1
oInvisibleSolid,1056,256,001CF3C9,0,1,1,4294967295,0,1
oInvisibleSolid,928,224,003AA5F6,0,1,1,4294967295,0,1
oInvisibleSolid,576,256,000509D0,0,1,1,4294967295,0,1
oInvisibleSolid,160,256,000C17B2,0,1,1,4294967295,0,1
oInvisibleSolid,384,176,00188EC5,0,1,1,4294967295,0,1
oInvisibleSolid,416,64,0003D0E9,0,1,1,4294967295,0,1
oInvisibleSolid,256,160,00295629,0,1,1,4294967295,0,1
oInvisibleSolid,288,208,0005BCBD,0,1,1,4294967295,0,1
oInvisibleSolid,160,96,003B1DF2,0,1,1,4294967295,0,1
oInvisibleSolid,64,192,00080CB6,0,1,1,4294967295,0,1
oInvisibleSolid,64,0,003D0B23,0,1,1,4294967295,0,1
oInvisibleSolid,0,0,003D3FB2,0,1,1,4294967295,0,1
