oExit,0,272,00327F8A,0,1,1,4294967295,0,1
oExit,0,624,003BB613,0,1,1,4294967295,0,1
oSignPost,224,112,00192C81,0,1,1,4294967295,0,1
oSignPost,144,176,00331C4C,0,1,1,4294967295,0,1
oABubblePile,216,464,0013F6A1,0,1,1,4294967295,0,0
oExit,1456,496,0037CD8B,0,1,1,4294967295,0,1
oWarpStatue,1408,528,0010B4BB,0,1,1,4294967295,0,1
oABubblePile,1176,640,00000C73,0,1,1,4294967295,0,0
oWaterSwitch,416,272,002B61EA,0,1,1,4294967295,0,1
oWaterSwitch,544,80,001C8757,0,1,1,4294967295,0,1
oWaterSwitch,640,464,0011AAAB,0,1,1,4294967295,0,1
oWaterSwitch,928,272,0025D9E8,0,1,1,4294967295,0,1
oWaterSwitch,992,96,0015B124,0,1,1,4294967295,0,1
oWaterSwitch,480,624,0009397C,0,1,1,4294967295,0,1
oWaterSwitch,1072,632,0025E4A6,0,1,1,4294967295,0,1
oWaterSwitch,160,592,0029F0D2,0,1,1,4294967295,0,1
oWaterFloatPlatform,648,112,0009D5D9,0,1,1,4294967295,0,0
oWaterFloatPlatform,520,304,003C4AF6,0,1,1,4294967295,0,0
oWaterFloatPlatform,712,496,0012D44E,0,1,1,4294967295,0,0
oWaterFloatPlatform,968,496,00242670,0,1,1,4294967295,0,0
oWaterFloatPlatform,776,304,0016B1FC,0,1,1,4294967295,0,0
oWaterFloatPlatform,1032,144,0028107A,0,1,1,4294967295,0,0
oEventBarrier,1344,400,0013C543,0,1,1,4294967295,0,1
oZeldaBreakPot,312,288,00192B78,0,1,1,4294967295,0,0
oWeaponLevelUpgrade,1176,448,0016E13E,0,1,1,4294967295,0,1
oPushRock,800,80,0013D086,0,1,1,4294967295,0,0
oPushRock,1248,80,0000EA31,0,1,1,4294967295,0,0
oSkullFish,432,464,003ED33C,0,1,1,4294967295,0,0
oSkullFish,848,624,00312F5D,0,1,1,4294967295,0,0
oSkullFish,768,272,00364679,0,1,1,4294967295,0,0
oPlayer1,48,304,0025DB04,0,1,1,4294967295,0,0
oWaterVolume,0,368,0022EC7E,0,1,1,4294967295,0,1
oInvCollPH,16,304,000AA96F,0,1,1,4294967295,0,0
oInvCollPH,32,304,000FBC87,0,1,1,4294967295,0,0
oInvCollPH,48,304,001261C8,0,1,1,4294967295,0,0
oInvCollPH,112,304,00035C2E,0,1,1,4294967295,0,0
oInvCollPH,96,304,00252BE1,0,1,1,4294967295,0,0
oInvCollPH,80,304,00190F6F,0,1,1,4294967295,0,0
oInvCollPH,64,304,0009C340,0,1,1,4294967295,0,0
oInvCollPH,128,304,002DD5B1,0,1,1,4294967295,0,0
oInvCollPH,144,304,002B9366,0,1,1,4294967295,0,0
oInvCollPH,160,304,0024523B,0,1,1,4294967295,0,0
oInvCollPH,176,304,003A1E2B,0,1,1,4294967295,0,0
oInvCollPH,176,320,00140EE1,0,1,1,4294967295,0,0
oInvCollPH,176,336,00091B8B,0,1,1,4294967295,0,0
oInvCollPH,176,352,00287463,0,1,1,4294967295,0,0
oInvCollPH,176,368,003DACE7,0,1,1,4294967295,0,0
oInvCollPH,176,384,0012C687,0,1,1,4294967295,0,0
oInvCollPH,176,400,002EE341,0,1,1,4294967295,0,0
oInvCollPH,160,400,003749AA,0,1,1,4294967295,0,0
oInvCollPH,144,400,003660BF,0,1,1,4294967295,0,0
oInvCollPH,128,400,003038C3,0,1,1,4294967295,0,0
oInvCollPH,112,400,003DB630,0,1,1,4294967295,0,0
oInvCollPH,96,400,00319872,0,1,1,4294967295,0,0
oInvCollPH,80,400,001F0DEE,0,1,1,4294967295,0,0
oInvCollPH,64,400,0031E24F,0,1,1,4294967295,0,0
oInvCollPH,48,416,001F9DC3,0,1,1,4294967295,0,0
oInvCollPH,48,432,001D2CB4,0,1,1,4294967295,0,0
oInvCollPH,48,448,000429E6,0,1,1,4294967295,0,0
oInvCollPH,48,464,0033A40D,0,1,1,4294967295,0,0
oInvCollPH,48,480,002467EF,0,1,1,4294967295,0,0
oInvCollPH,48,496,000EC263,0,1,1,4294967295,0,0
oInvCollPH,48,512,0021FC01,0,1,1,4294967295,0,0
oInvCollPH,48,528,00399325,0,1,1,4294967295,0,0
oInvCollPH,48,544,000807D7,0,1,1,4294967295,0,0
oInvCollPH,32,544,002B59E6,0,1,1,4294967295,0,0
oInvCollPH,16,544,00367A47,0,1,1,4294967295,0,0
oInvCollPH,0,544,0008E875,0,1,1,4294967295,0,0
oInvCollPH,16,656,001D6A0E,0,1,1,4294967295,0,0
oInvCollPH,32,656,001334E9,0,1,1,4294967295,0,0
oInvCollPH,48,656,00283298,0,1,1,4294967295,0,0
oInvCollPH,64,656,002404A0,0,1,1,4294967295,0,0
oInvCollPH,80,656,001FB9F7,0,1,1,4294967295,0,0
oInvCollPH,96,656,001C27E8,0,1,1,4294967295,0,0
oInvCollPH,112,656,002F3749,0,1,1,4294967295,0,0
oInvCollPH,128,496,00103DE3,0,1,1,4294967295,0,0
oInvCollPH,128,512,0005F4BC,0,1,1,4294967295,0,0
oInvCollPH,128,528,00096F31,0,1,1,4294967295,0,0
oInvCollPH,128,544,003EC681,0,1,1,4294967295,0,0
oInvCollPH,144,544,00277253,0,1,1,4294967295,0,0
oInvCollPH,160,544,003CE0F4,0,1,1,4294967295,0,0
oInvCollPH,176,544,00095CCF,0,1,1,4294967295,0,0
oInvCollPH,192,544,00002372,0,1,1,4294967295,0,0
oInvCollPH,144,624,0038DB36,0,1,1,4294967295,0,0
oInvCollPH,144,480,003D4224,0,1,1,4294967295,0,0
oInvCollPH,160,480,000779A4,0,1,1,4294967295,0,0
oInvCollPH,176,480,003E9B56,0,1,1,4294967295,0,0
oInvCollPH,192,480,0019D97D,0,1,1,4294967295,0,0
oInvCollPH,208,480,000A5A56,0,1,1,4294967295,0,0
oInvCollPH,224,480,0039556D,0,1,1,4294967295,0,0
oInvCollPH,240,480,002D79F2,0,1,1,4294967295,0,0
oInvCollPH,128,640,000F6660,0,1,1,4294967295,0,0
oInvCollPH,144,176,002AC923,0,1,1,4294967295,0,0
oInvCollPH,160,176,0015E2A6,0,1,1,4294967295,0,0
oInvCollPH,128,192,001190A3,0,1,1,4294967295,0,0
oInvCollPH,128,208,000A03B3,0,1,1,4294967295,0,0
oInvCollPH,128,224,0002AC38,0,1,1,4294967295,0,0
oInvCollPH,144,224,003F6BEF,0,1,1,4294967295,0,0
oInvCollPH,160,224,0013045E,0,1,1,4294967295,0,0
oInvCollPH,176,192,0001BD82,0,1,1,4294967295,0,0
oInvCollPH,48,112,000C205E,0,1,1,4294967295,0,0
oInvCollPH,48,128,002B1964,0,1,1,4294967295,0,0
oInvCollPH,48,144,001BD75B,0,1,1,4294967295,0,0
oInvCollPH,48,160,000BAD10,0,1,1,4294967295,0,0
oInvCollPH,48,176,002C7C7D,0,1,1,4294967295,0,0
oInvCollPH,48,192,0032B267,0,1,1,4294967295,0,0
oInvCollPH,48,208,00318C0E,0,1,1,4294967295,0,0
oInvCollPH,48,224,0013E5AF,0,1,1,4294967295,0,0
oInvCollPH,32,224,0003D152,0,1,1,4294967295,0,0
oInvCollPH,16,224,003ADF0D,0,1,1,4294967295,0,0
oInvCollPH,0,224,000779D9,0,1,1,4294967295,0,0
oInvCollPH,112,48,0037E49D,0,1,1,4294967295,0,0
oInvCollPH,112,64,001C72E6,0,1,1,4294967295,0,0
oInvCollPH,112,80,0036CDEE,0,1,1,4294967295,0,0
oInvCollPH,112,96,001B6971,0,1,1,4294967295,0,0
oInvCollPH,96,96,000A9A66,0,1,1,4294967295,0,0
oInvCollPH,80,96,002D4E94,0,1,1,4294967295,0,0
oInvCollPH,64,96,001986C5,0,1,1,4294967295,0,0
oInvCollPH,192,128,0036D90C,0,1,1,4294967295,0,0
oInvCollPH,192,144,0020CFF1,0,1,1,4294967295,0,0
oInvCollPH,192,160,003C8618,0,1,1,4294967295,0,0
oInvCollPH,192,192,0018E829,0,1,1,4294967295,0,0
oInvCollPH,208,192,0009274D,0,1,1,4294967295,0,0
oInvCollPH,224,192,000A5EF7,0,1,1,4294967295,0,0
oInvCollPH,240,192,00345F2E,0,1,1,4294967295,0,0
oInvCollPH,256,192,00342307,0,1,1,4294967295,0,0
oInvCollPH,272,224,0017AE0A,0,1,1,4294967295,0,0
oInvCollPH,288,224,003B9ED2,0,1,1,4294967295,0,0
oInvCollPH,304,224,0013F0D9,0,1,1,4294967295,0,0
oInvCollPH,320,224,0001D5FB,0,1,1,4294967295,0,0
oInvCollPH,336,224,000F8179,0,1,1,4294967295,0,0
oInvCollPH,352,224,002963B9,0,1,1,4294967295,0,0
oInvCollPH,368,224,0031F4EA,0,1,1,4294967295,0,0
oInvCollPH,368,208,001A4448,0,1,1,4294967295,0,0
oInvCollPH,368,192,001E1F95,0,1,1,4294967295,0,0
oInvCollPH,368,176,003B1538,0,1,1,4294967295,0,0
oInvCollPH,368,160,00171771,0,1,1,4294967295,0,0
oInvCollPH,368,144,003B35D6,0,1,1,4294967295,0,0
oInvCollPH,368,128,003A62F9,0,1,1,4294967295,0,0
oInvCollPH,368,112,0035A57E,0,1,1,4294967295,0,0
oInvCollPH,352,112,000B58F4,0,1,1,4294967295,0,0
oInvCollPH,336,112,001F2A35,0,1,1,4294967295,0,0
oInvCollPH,320,112,001FCCA1,0,1,1,4294967295,0,0
oInvCollPH,304,112,00211C5C,0,1,1,4294967295,0,0
oInvCollPH,288,112,0037CD89,0,1,1,4294967295,0,0
oInvCollPH,272,112,000785B8,0,1,1,4294967295,0,0
oInvCollPH,256,112,000B3557,0,1,1,4294967295,0,0
oInvCollPH,240,112,002FD6A5,0,1,1,4294967295,0,0
oInvCollPH,224,112,0016C36D,0,1,1,4294967295,0,0
oInvCollPH,208,112,000BAF28,0,1,1,4294967295,0,0
oInvCollPH,256,448,00158461,0,1,1,4294967295,0,0
oInvCollPH,256,464,0002DFF1,0,1,1,4294967295,0,0
oInvCollPH,304,432,003B965E,0,1,1,4294967295,0,0
oInvCollPH,304,448,00123B31,0,1,1,4294967295,0,0
oInvCollPH,304,464,001D95D7,0,1,1,4294967295,0,0
oInvCollPH,256,320,0039AB5C,0,1,1,4294967295,0,0
oInvCollPH,256,336,000201A1,0,1,1,4294967295,0,0
oInvCollPH,256,352,0026CF23,0,1,1,4294967295,0,0
oInvCollPH,256,368,000007E4,0,1,1,4294967295,0,0
oInvCollPH,256,384,0001259D,0,1,1,4294967295,0,0
oInvCollPH,256,400,0015E96F,0,1,1,4294967295,0,0
oInvCollPH,256,416,002E9FBD,0,1,1,4294967295,0,0
oInvCollPH,272,304,002BFFAA,0,1,1,4294967295,0,0
oInvCollPH,288,304,0037D0C3,0,1,1,4294967295,0,0
oInvCollPH,304,304,003FED9E,0,1,1,4294967295,0,0
oInvCollPH,320,304,000FC00A,0,1,1,4294967295,0,0
oInvCollPH,336,304,00313BB8,0,1,1,4294967295,0,0
oInvCollPH,352,304,003496F8,0,1,1,4294967295,0,0
oInvCollPH,368,304,002E1FC1,0,1,1,4294967295,0,0
oInvCollPH,384,304,003BFAB3,0,1,1,4294967295,0,0
oInvCollPH,400,304,0028ADA8,0,1,1,4294967295,0,0
oInvCollPH,416,304,00364654,0,1,1,4294967295,0,0
oInvCollPH,432,304,002EED2C,0,1,1,4294967295,0,0
oInvCollPH,448,304,0037D3B8,0,1,1,4294967295,0,0
oInvCollPH,464,304,000D6EC4,0,1,1,4294967295,0,0
oInvCollPH,480,304,00394F5C,0,1,1,4294967295,0,0
oInvCollPH,496,304,0009D8E8,0,1,1,4294967295,0,0
oInvCollPH,496,320,002C7CD1,0,1,1,4294967295,0,0
oInvCollPH,496,336,002ECE2B,0,1,1,4294967295,0,0
oInvCollPH,496,352,0033BF82,0,1,1,4294967295,0,0
oInvCollPH,496,368,0037ACDF,0,1,1,4294967295,0,0
oInvCollPH,496,384,0031AC6C,0,1,1,4294967295,0,0
oInvCollPH,496,400,0029E58D,0,1,1,4294967295,0,0
oInvCollPH,496,416,002EB4D7,0,1,1,4294967295,0,0
oInvCollPH,480,416,00203EE0,0,1,1,4294967295,0,0
oInvCollPH,464,416,00294A8B,0,1,1,4294967295,0,0
oInvCollPH,448,416,000EB28A,0,1,1,4294967295,0,0
oInvCollPH,432,416,00267227,0,1,1,4294967295,0,0
oInvCollPH,416,416,000091C9,0,1,1,4294967295,0,0
oInvCollPH,400,416,00400F2A,0,1,1,4294967295,0,0
oInvCollPH,384,416,001C15DC,0,1,1,4294967295,0,0
oInvCollPH,368,416,0023F27D,0,1,1,4294967295,0,0
oInvCollPH,352,416,00052861,0,1,1,4294967295,0,0
oInvCollPH,336,416,000119A1,0,1,1,4294967295,0,0
oInvCollPH,320,416,00223E9B,0,1,1,4294967295,0,0
oInvCollPH,304,480,00184749,0,1,1,4294967295,0,0
oInvCollPH,304,496,002F8AD0,0,1,1,4294967295,0,0
oInvCollPH,304,512,00201E98,0,1,1,4294967295,0,0
oInvCollPH,304,528,00284DF6,0,1,1,4294967295,0,0
oInvCollPH,304,544,0001585D,0,1,1,4294967295,0,0
oInvCollPH,304,560,0029072A,0,1,1,4294967295,0,0
oInvCollPH,304,576,00218A0E,0,1,1,4294967295,0,0
oInvCollPH,304,592,003DDE5E,0,1,1,4294967295,0,0
oInvCollPH,304,608,002ED7CF,0,1,1,4294967295,0,0
oInvCollPH,304,624,003704E9,0,1,1,4294967295,0,0
oInvCollPH,304,640,0028D1EC,0,1,1,4294967295,0,0
oInvCollPH,304,656,00343F9D,0,1,1,4294967295,0,0
oInvCollPH,304,672,000C9FAF,0,1,1,4294967295,0,0
oInvCollPH,304,688,00104AC5,0,1,1,4294967295,0,0
oInvCollPH,448,128,00347A7A,0,1,1,4294967295,0,0
oInvCollPH,448,144,000B4B32,0,1,1,4294967295,0,0
oInvCollPH,448,160,002EC176,0,1,1,4294967295,0,0
oInvCollPH,448,176,002B5698,0,1,1,4294967295,0,0
oInvCollPH,448,192,002A934A,0,1,1,4294967295,0,0
oInvCollPH,448,224,002BD07C,0,1,1,4294967295,0,0
oInvCollPH,464,224,001DE875,0,1,1,4294967295,0,0
oInvCollPH,480,224,0022C553,0,1,1,4294967295,0,0
oInvCollPH,592,224,00240A39,0,1,1,4294967295,0,0
oInvCollPH,608,224,00191AB3,0,1,1,4294967295,0,0
oInvCollPH,624,224,00041F06,0,1,1,4294967295,0,0
oInvCollPH,624,208,00297503,0,1,1,4294967295,0,0
oInvCollPH,624,192,0034FC52,0,1,1,4294967295,0,0
oInvCollPH,624,176,0019957B,0,1,1,4294967295,0,0
oInvCollPH,624,160,001A21F6,0,1,1,4294967295,0,0
oInvCollPH,624,144,000B3B1E,0,1,1,4294967295,0,0
oInvCollPH,624,128,00015D1E,0,1,1,4294967295,0,0
oInvCollPH,624,112,001B2B93,0,1,1,4294967295,0,0
oInvCollPH,608,112,000EBD4D,0,1,1,4294967295,0,0
oInvCollPH,592,112,0012070B,0,1,1,4294967295,0,0
oInvCollPH,576,112,003F5482,0,1,1,4294967295,0,0
oInvCollPH,560,112,00334091,0,1,1,4294967295,0,0
oInvCollPH,544,112,00313014,0,1,1,4294967295,0,0
oInvCollPH,528,112,002E64D2,0,1,1,4294967295,0,0
oInvCollPH,512,112,000F87B3,0,1,1,4294967295,0,0
oInvCollPH,496,112,0022613E,0,1,1,4294967295,0,0
oInvCollPH,480,112,0030EE2B,0,1,1,4294967295,0,0
oInvCollPH,464,112,001965EA,0,1,1,4294967295,0,0
oInvCollPH,976,144,00357FA3,0,1,1,4294967295,0,0
oInvCollPH,992,144,00192A2B,0,1,1,4294967295,0,0
oInvCollPH,1008,144,001EF650,0,1,1,4294967295,0,0
oInvCollPH,1008,160,0032ABDD,0,1,1,4294967295,0,0
oInvCollPH,1008,176,0031CCA1,0,1,1,4294967295,0,0
oInvCollPH,1008,192,00065C47,0,1,1,4294967295,0,0
oInvCollPH,1008,208,002A4DC0,0,1,1,4294967295,0,0
oInvCollPH,1008,224,0029148C,0,1,1,4294967295,0,0
oInvCollPH,992,224,000C0A8D,0,1,1,4294967295,0,0
oInvCollPH,976,224,00325D23,0,1,1,4294967295,0,0
oInvCollPH,960,224,001ECA18,0,1,1,4294967295,0,0
oInvCollPH,896,64,003ED98C,0,1,1,4294967295,0,0
oInvCollPH,896,80,00048BC8,0,1,1,4294967295,0,0
oInvCollPH,944,96,000FA84E,0,1,1,4294967295,0,0
oInvCollPH,944,80,001D7B9D,0,1,1,4294967295,0,0
oInvCollPH,944,64,00260CD0,0,1,1,4294967295,0,0
oInvCollPH,944,48,00146851,0,1,1,4294967295,0,0
oInvCollPH,784,0,0015D69B,0,1,1,4294967295,0,0
oInvCollPH,800,0,000AD1B3,0,1,1,4294967295,0,0
oInvCollPH,816,0,0037E485,0,1,1,4294967295,0,0
oInvCollPH,832,0,0011CAED,0,1,1,4294967295,0,0
oInvCollPH,848,0,0027B28E,0,1,1,4294967295,0,0
oInvCollPH,864,0,000561EA,0,1,1,4294967295,0,0
oInvCollPH,880,0,002B9CC3,0,1,1,4294967295,0,0
oInvCollPH,1232,0,001F1830,0,1,1,4294967295,0,0
oInvCollPH,1248,0,0025933C,0,1,1,4294967295,0,0
oInvCollPH,1264,0,00236277,0,1,1,4294967295,0,0
oInvCollPH,1280,0,00210FC2,0,1,1,4294967295,0,0
oInvCollPH,1296,0,0008EDDC,0,1,1,4294967295,0,0
oInvCollPH,1312,0,000D63E4,0,1,1,4294967295,0,0
oInvCollPH,1328,0,0008EC24,0,1,1,4294967295,0,0
oInvCollPH,1344,16,000DAF54,0,1,1,4294967295,0,0
oInvCollPH,1344,32,001DB51B,0,1,1,4294967295,0,0
oInvCollPH,1344,48,000D42FA,0,1,1,4294967295,0,0
oInvCollPH,1344,64,000BE5E5,0,1,1,4294967295,0,0
oInvCollPH,1344,80,001DC4EB,0,1,1,4294967295,0,0
oInvCollPH,1136,304,001FBB0B,0,1,1,4294967295,0,0
oInvCollPH,1136,320,002CDFC1,0,1,1,4294967295,0,0
oInvCollPH,1136,336,001ECE27,0,1,1,4294967295,0,0
oInvCollPH,1136,352,003B77A5,0,1,1,4294967295,0,0
oInvCollPH,1120,352,0035D462,0,1,1,4294967295,0,0
oInvCollPH,784,496,003E7230,0,1,1,4294967295,0,0
oInvCollPH,800,496,002325F9,0,1,1,4294967295,0,0
oInvCollPH,816,496,001A5D94,0,1,1,4294967295,0,0
oInvCollPH,832,496,000DEA0A,0,1,1,4294967295,0,0
oInvCollPH,848,496,002E96F9,0,1,1,4294967295,0,0
oInvCollPH,864,496,00031CA3,0,1,1,4294967295,0,0
oInvCollPH,880,496,003460CA,0,1,1,4294967295,0,0
oInvCollPH,896,496,0035704C,0,1,1,4294967295,0,0
oInvCollPH,912,496,0013332B,0,1,1,4294967295,0,0
oInvCollPH,928,496,00080F26,0,1,1,4294967295,0,0
oInvCollPH,944,496,00329440,0,1,1,4294967295,0,0
oInvCollPH,944,512,00183173,0,1,1,4294967295,0,0
oInvCollPH,944,528,000C749B,0,1,1,4294967295,0,0
oInvCollPH,944,544,000B5020,0,1,1,4294967295,0,0
oInvCollPH,944,560,0022F850,0,1,1,4294967295,0,0
oInvCollPH,768,560,0034DA6E,0,1,1,4294967295,0,0
oInvCollPH,768,544,001B165E,0,1,1,4294967295,0,0
oInvCollPH,768,528,003339A5,0,1,1,4294967295,0,0
oInvCollPH,768,512,0021547F,0,1,1,4294967295,0,0
oInvCollPH,704,656,0014DDBC,0,1,1,4294967295,0,0
oInvCollPH,688,656,001F2260,0,1,1,4294967295,0,0
oInvCollPH,720,656,00382BB1,0,1,1,4294967295,0,0
oInvCollPH,736,656,003016DD,0,1,1,4294967295,0,0
oInvCollPH,752,656,0037CE6B,0,1,1,4294967295,0,0
oInvCollPH,768,656,0002338D,0,1,1,4294967295,0,0
oInvCollPH,784,656,00039C93,0,1,1,4294967295,0,0
oInvCollPH,800,656,000BFD94,0,1,1,4294967295,0,0
oInvCollPH,816,656,00207AB2,0,1,1,4294967295,0,0
oInvCollPH,816,672,00204DB4,0,1,1,4294967295,0,0
oInvCollPH,816,688,00066826,0,1,1,4294967295,0,0
oInvCollPH,912,656,0016C7A2,0,1,1,4294967295,0,0
oInvCollPH,960,656,001334AB,0,1,1,4294967295,0,0
oInvCollPH,944,656,001034FD,0,1,1,4294967295,0,0
oInvCollPH,928,656,00342C2A,0,1,1,4294967295,0,0
oInvCollPH,384,672,0000314D,0,1,1,4294967295,0,0
oInvCollPH,384,688,00151B02,0,1,1,4294967295,0,0
oInvCollPH,400,656,0002F8F1,0,1,1,4294967295,0,0
oInvCollPH,416,656,00257D67,0,1,1,4294967295,0,0
oInvCollPH,432,656,002DD07C,0,1,1,4294967295,0,0
oInvCollPH,448,656,0017C0A7,0,1,1,4294967295,0,0
oInvCollPH,464,656,0038AC28,0,1,1,4294967295,0,0
oInvCollPH,480,656,002FBEC7,0,1,1,4294967295,0,0
oInvCollPH,496,656,00266C69,0,1,1,4294967295,0,0
oInvCollPH,512,656,0006C2F6,0,1,1,4294967295,0,0
oInvCollPH,528,656,001F0BF8,0,1,1,4294967295,0,0
oInvCollPH,544,656,000DD172,0,1,1,4294967295,0,0
oInvCollPH,560,656,0022A777,0,1,1,4294967295,0,0
oInvCollPH,560,672,003EE589,0,1,1,4294967295,0,0
oInvCollPH,560,688,000053EE,0,1,1,4294967295,0,0
oInvCollPH,656,656,000E24B1,0,1,1,4294967295,0,0
oInvCollPH,672,656,0027BA85,0,1,1,4294967295,0,0
oInvCollPH,640,672,000300A4,0,1,1,4294967295,0,0
oInvCollPH,640,688,002F94BE,0,1,1,4294967295,0,0
oInvCollPH,400,496,00401A09,0,1,1,4294967295,0,0
oInvCollPH,416,496,001CA65B,0,1,1,4294967295,0,0
oInvCollPH,432,496,00385EF3,0,1,1,4294967295,0,0
oInvCollPH,448,496,00329B4D,0,1,1,4294967295,0,0
oInvCollPH,464,496,00090ABB,0,1,1,4294967295,0,0
oInvCollPH,480,496,0014D045,0,1,1,4294967295,0,0
oInvCollPH,496,496,0027140D,0,1,1,4294967295,0,0
oInvCollPH,512,496,0023DC58,0,1,1,4294967295,0,0
oInvCollPH,528,496,0028FB8A,0,1,1,4294967295,0,0
oInvCollPH,544,496,0016D11C,0,1,1,4294967295,0,0
oInvCollPH,560,496,00088A62,0,1,1,4294967295,0,0
oInvCollPH,576,496,000D49E6,0,1,1,4294967295,0,0
oInvCollPH,592,496,00399FB8,0,1,1,4294967295,0,0
oInvCollPH,608,496,000C3D55,0,1,1,4294967295,0,0
oInvCollPH,624,496,0016C1F2,0,1,1,4294967295,0,0
oInvCollPH,640,496,000E8FE7,0,1,1,4294967295,0,0
oInvCollPH,656,496,00025F42,0,1,1,4294967295,0,0
oInvCollPH,672,496,001D717B,0,1,1,4294967295,0,0
oInvCollPH,688,496,0013FF88,0,1,1,4294967295,0,0
oInvCollPH,688,512,0004430B,0,1,1,4294967295,0,0
oInvCollPH,688,528,0013C445,0,1,1,4294967295,0,0
oInvCollPH,688,544,000ADF43,0,1,1,4294967295,0,0
oInvCollPH,688,560,0029E88B,0,1,1,4294967295,0,0
oInvCollPH,384,560,002B45F6,0,1,1,4294967295,0,0
oInvCollPH,384,544,002F1E94,0,1,1,4294967295,0,0
oInvCollPH,384,528,00293DCF,0,1,1,4294967295,0,0
oInvCollPH,384,512,002C22C5,0,1,1,4294967295,0,0
oInvCollPH,576,320,003D0A49,0,1,1,4294967295,0,0
oInvCollPH,576,336,0015A5B3,0,1,1,4294967295,0,0
oInvCollPH,576,352,00133BD7,0,1,1,4294967295,0,0
oInvCollPH,576,368,0034C5E3,0,1,1,4294967295,0,0
oInvCollPH,576,384,00070888,0,1,1,4294967295,0,0
oInvCollPH,576,400,003746D2,0,1,1,4294967295,0,0
oInvCollPH,576,416,003D7933,0,1,1,4294967295,0,0
oInvCollPH,592,416,001AD513,0,1,1,4294967295,0,0
oInvCollPH,608,416,000AD1A1,0,1,1,4294967295,0,0
oInvCollPH,624,416,0009A5CD,0,1,1,4294967295,0,0
oInvCollPH,640,416,001CBD76,0,1,1,4294967295,0,0
oInvCollPH,656,416,00185B42,0,1,1,4294967295,0,0
oInvCollPH,672,416,00035791,0,1,1,4294967295,0,0
oInvCollPH,688,416,0029280C,0,1,1,4294967295,0,0
oInvCollPH,704,416,002D926B,0,1,1,4294967295,0,0
oInvCollPH,720,416,00003CA5,0,1,1,4294967295,0,0
oInvCollPH,736,416,0003AC2A,0,1,1,4294967295,0,0
oInvCollPH,752,416,0025FBA3,0,1,1,4294967295,0,0
oInvCollPH,752,400,002BADE0,0,1,1,4294967295,0,0
oInvCollPH,752,384,003A52E0,0,1,1,4294967295,0,0
oInvCollPH,752,368,0029B9E8,0,1,1,4294967295,0,0
oInvCollPH,752,352,00010B33,0,1,1,4294967295,0,0
oInvCollPH,752,336,00279E53,0,1,1,4294967295,0,0
oInvCollPH,752,320,0003CCD3,0,1,1,4294967295,0,0
oInvCollPH,752,304,00356E06,0,1,1,4294967295,0,0
oInvCollPH,736,304,001E0959,0,1,1,4294967295,0,0
oInvCollPH,720,304,002CEDBA,0,1,1,4294967295,0,0
oInvCollPH,704,304,000EBE89,0,1,1,4294967295,0,0
oInvCollPH,688,304,0024954F,0,1,1,4294967295,0,0
oInvCollPH,672,304,0005F99B,0,1,1,4294967295,0,0
oInvCollPH,656,304,0001705B,0,1,1,4294967295,0,0
oInvCollPH,640,304,0019646D,0,1,1,4294967295,0,0
oInvCollPH,624,304,000062D4,0,1,1,4294967295,0,0
oInvCollPH,608,304,0029E211,0,1,1,4294967295,0,0
oInvCollPH,592,304,0015F840,0,1,1,4294967295,0,0
oInvCollPH,1024,448,0039D839,0,1,1,4294967295,0,0
oInvCollPH,1024,464,001D05D6,0,1,1,4294967295,0,0
oInvCollPH,1024,480,00195837,0,1,1,4294967295,0,0
oInvCollPH,1024,496,000B659B,0,1,1,4294967295,0,0
oInvCollPH,1024,512,001ACA2B,0,1,1,4294967295,0,0
oInvCollPH,1024,528,001869E3,0,1,1,4294967295,0,0
oInvCollPH,1024,544,003FCC8B,0,1,1,4294967295,0,0
oInvCollPH,1024,560,0008EB78,0,1,1,4294967295,0,0
oInvCollPH,1104,560,00008722,0,1,1,4294967295,0,0
oInvCollPH,1104,544,003B2F79,0,1,1,4294967295,0,0
oInvCollPH,1104,528,003BDBEB,0,1,1,4294967295,0,0
oInvCollPH,1104,512,00253E93,0,1,1,4294967295,0,0
oInvCollPH,1104,496,0025306C,0,1,1,4294967295,0,0
oInvCollPH,1104,480,00028F68,0,1,1,4294967295,0,0
oInvCollPH,1104,464,003C4D28,0,1,1,4294967295,0,0
oInvCollPH,1104,448,0012DC76,0,1,1,4294967295,0,0
oInvCollPH,1104,432,000A705E,0,1,1,4294967295,0,0
oInvCollPH,1008,416,00055198,0,1,1,4294967295,0,0
oInvCollPH,992,416,001863DA,0,1,1,4294967295,0,0
oInvCollPH,976,416,002B7178,0,1,1,4294967295,0,0
oInvCollPH,960,416,000A7FB0,0,1,1,4294967295,0,0
oInvCollPH,944,416,00255E19,0,1,1,4294967295,0,0
oInvCollPH,928,416,0025FD3C,0,1,1,4294967295,0,0
oInvCollPH,912,416,0024C536,0,1,1,4294967295,0,0
oInvCollPH,896,416,0003F8E3,0,1,1,4294967295,0,0
oInvCollPH,880,416,00129649,0,1,1,4294967295,0,0
oInvCollPH,864,416,003676F2,0,1,1,4294967295,0,0
oInvCollPH,848,416,0028FAF3,0,1,1,4294967295,0,0
oInvCollPH,832,416,00134CFF,0,1,1,4294967295,0,0
oInvCollPH,832,400,003FCCC2,0,1,1,4294967295,0,0
oInvCollPH,832,384,002CF989,0,1,1,4294967295,0,0
oInvCollPH,832,368,001EBE02,0,1,1,4294967295,0,0
oInvCollPH,832,352,003A2FC8,0,1,1,4294967295,0,0
oInvCollPH,832,336,0023DDEE,0,1,1,4294967295,0,0
oInvCollPH,832,320,0039F1C9,0,1,1,4294967295,0,0
oInvCollPH,848,304,002DE8B7,0,1,1,4294967295,0,0
oInvCollPH,864,304,003FD353,0,1,1,4294967295,0,0
oInvCollPH,880,304,0019A248,0,1,1,4294967295,0,0
oInvCollPH,896,304,001B8215,0,1,1,4294967295,0,0
oInvCollPH,912,304,002136DD,0,1,1,4294967295,0,0
oInvCollPH,928,304,00295D5E,0,1,1,4294967295,0,0
oInvCollPH,944,304,003248F5,0,1,1,4294967295,0,0
oInvCollPH,960,304,002D0838,0,1,1,4294967295,0,0
oInvCollPH,976,304,000AB014,0,1,1,4294967295,0,0
oInvCollPH,992,304,0038649C,0,1,1,4294967295,0,0
oInvCollPH,1008,304,0029C5DD,0,1,1,4294967295,0,0
oInvCollPH,1024,304,00180EBF,0,1,1,4294967295,0,0
oInvCollPH,1040,304,001B7E03,0,1,1,4294967295,0,0
oInvCollPH,1056,304,002E2D36,0,1,1,4294967295,0,0
oInvCollPH,1072,304,003805F9,0,1,1,4294967295,0,0
oInvCollPH,1088,304,0013278B,0,1,1,4294967295,0,0
oInvCollPH,1104,304,0032C122,0,1,1,4294967295,0,0
oInvCollPH,1104,368,00253A6D,0,1,1,4294967295,0,0
oInvCollPH,1104,384,0006E1A0,0,1,1,4294967295,0,0
oInvCollPH,1104,400,00209B3F,0,1,1,4294967295,0,0
oInvCollPH,1104,416,00379826,0,1,1,4294967295,0,0
oInvCollPH,976,656,001CFBDF,0,1,1,4294967295,0,0
oInvCollPH,992,656,002CADB4,0,1,1,4294967295,0,0
oInvCollPH,1008,656,001709DE,0,1,1,4294967295,0,0
oInvCollPH,1024,656,00201AC5,0,1,1,4294967295,0,0
oInvCollPH,1040,656,0028C0E3,0,1,1,4294967295,0,0
oInvCollPH,1056,656,000F9BB7,0,1,1,4294967295,0,0
oInvCollPH,1072,656,000A8703,0,1,1,4294967295,0,0
oInvCollPH,1088,656,0018C8B3,0,1,1,4294967295,0,0
oInvCollPH,1104,656,003FD220,0,1,1,4294967295,0,0
oInvCollPH,896,672,0035D92A,0,1,1,4294967295,0,0
oInvCollPH,896,688,003C3EA3,0,1,1,4294967295,0,0
oInvCollPH,1120,656,000E9918,0,1,1,4294967295,0,0
oInvCollPH,1136,656,003E5185,0,1,1,4294967295,0,0
oInvCollPH,1152,656,000365BC,0,1,1,4294967295,0,0
oInvCollPH,1168,656,000708E5,0,1,1,4294967295,0,0
oInvCollPH,1184,656,00306DF1,0,1,1,4294967295,0,0
oInvCollPH,1200,656,00360362,0,1,1,4294967295,0,0
oInvCollPH,1280,608,000AD35F,0,1,1,4294967295,0,0
oInvCollPH,1280,624,0014B795,0,1,1,4294967295,0,0
oInvCollPH,1280,640,000845A4,0,1,1,4294967295,0,0
oInvCollPH,1264,656,003D1682,0,1,1,4294967295,0,0
oInvCollPH,1248,656,00120B95,0,1,1,4294967295,0,0
oInvCollPH,1232,656,002A88A0,0,1,1,4294967295,0,0
oInvCollPH,1216,656,0023974B,0,1,1,4294967295,0,0
oInvCollPH,1280,592,003A798F,0,1,1,4294967295,0,0
oInvCollPH,1280,576,000E335D,0,1,1,4294967295,0,0
oInvCollPH,1280,560,003C4FFC,0,1,1,4294967295,0,0
oInvCollPH,1280,544,0006DCC6,0,1,1,4294967295,0,0
oInvCollPH,1296,528,003F5DE6,0,1,1,4294967295,0,0
oInvCollPH,1312,528,001D3F0C,0,1,1,4294967295,0,0
oInvCollPH,1328,528,00384469,0,1,1,4294967295,0,0
oInvCollPH,1344,528,0007C697,0,1,1,4294967295,0,0
oInvCollPH,1360,528,000B5C72,0,1,1,4294967295,0,0
oInvCollPH,1376,528,0018E3A7,0,1,1,4294967295,0,0
oInvCollPH,1392,528,00142520,0,1,1,4294967295,0,0
oInvCollPH,896,16,00296972,0,1,1,4294967295,0,0
oInvCollPH,896,32,002CF670,0,1,1,4294967295,0,0
oInvCollPH,960,32,002F7C6D,0,1,1,4294967295,0,0
oInvCollPH,976,32,0032D21B,0,1,1,4294967295,0,0
oInvCollPH,992,32,00321999,0,1,1,4294967295,0,0
oInvCollPH,1008,32,0038668D,0,1,1,4294967295,0,0
oInvCollPH,1024,32,003B59B0,0,1,1,4294967295,0,0
oInvCollPH,1040,32,0006FD8C,0,1,1,4294967295,0,0
oInvCollPH,1056,32,003D205D,0,1,1,4294967295,0,0
oInvCollPH,1072,32,002A8BBC,0,1,1,4294967295,0,0
oInvCollPH,1088,32,00260A94,0,1,1,4294967295,0,0
oInvCollPH,1104,32,002FCDC6,0,1,1,4294967295,0,0
oInvCollPH,1120,32,00196B36,0,1,1,4294967295,0,0
oInvCollPH,1136,32,001176AB,0,1,1,4294967295,0,0
oInvCollPH,1152,32,00315975,0,1,1,4294967295,0,0
oInvCollPH,1168,32,000D8188,0,1,1,4294967295,0,0
oInvCollPH,1184,32,001B288A,0,1,1,4294967295,0,0
oInvCollPH,1200,32,002C0C0E,0,1,1,4294967295,0,0
oInvCollPH,1200,16,000FC4AD,0,1,1,4294967295,0,0
oInvCollPH,1104,112,002F8CC3,0,1,1,4294967295,0,0
oInvCollPH,1120,112,000F9F9B,0,1,1,4294967295,0,0
oInvCollPH,1136,112,003E5421,0,1,1,4294967295,0,0
oInvCollPH,1168,112,000B121C,0,1,1,4294967295,0,0
oInvCollPH,1184,112,0038B586,0,1,1,4294967295,0,0
oInvCollPH,1200,112,001A7A51,0,1,1,4294967295,0,0
oInvCollPH,1088,128,002BC5C2,0,1,1,4294967295,0,0
oInvCollPH,1088,144,003F8EBF,0,1,1,4294967295,0,0
oInvCollPH,1088,160,00391CE6,0,1,1,4294967295,0,0
oInvCollPH,1088,176,000BAA87,0,1,1,4294967295,0,0
oInvCollPH,1088,192,0034B9F3,0,1,1,4294967295,0,0
oInvCollPH,1088,208,00095608,0,1,1,4294967295,0,0
oInvCollPH,1088,224,003F5A4F,0,1,1,4294967295,0,0
oInvCollPH,1104,224,0014269C,0,1,1,4294967295,0,0
oInvCollPH,1120,224,00051DBF,0,1,1,4294967295,0,0
oInvCollPH,1136,224,00115669,0,1,1,4294967295,0,0
oInvCollPH,1152,224,003A008A,0,1,1,4294967295,0,0
oInvCollPH,1168,224,00095A26,0,1,1,4294967295,0,0
oInvCollPH,1184,224,00174CFB,0,1,1,4294967295,0,0
oInvCollPH,1200,224,002D7DD1,0,1,1,4294967295,0,0
oInvCollPH,1216,240,00107066,0,1,1,4294967295,0,0
oInvCollPH,1232,112,003DAA6C,0,1,1,4294967295,0,0
oInvCollPH,1248,112,0034453D,0,1,1,4294967295,0,0
oInvCollPH,1264,112,0026F1BF,0,1,1,4294967295,0,0
oInvCollPH,1280,112,002A36B8,0,1,1,4294967295,0,0
oInvCollPH,1296,112,003CF097,0,1,1,4294967295,0,0
oInvCollPH,1328,96,0035ED87,0,1,1,4294967295,0,0
oInvCollPH,1216,272,003DCD2C,0,1,1,4294967295,0,0
oInvCollPH,1216,288,00297839,0,1,1,4294967295,0,0
oInvCollPH,1216,304,00151B34,0,1,1,4294967295,0,0
oInvCollPH,1216,320,00374B0A,0,1,1,4294967295,0,0
oInvCollPH,1216,336,0013E65E,0,1,1,4294967295,0,0
oInvCollPH,1216,352,003447D8,0,1,1,4294967295,0,0
oInvCollPH,1216,368,00196D72,0,1,1,4294967295,0,0
oInvCollPH,1232,416,0031A1E2,0,1,1,4294967295,0,0
oInvCollPH,1232,400,003E59BD,0,1,1,4294967295,0,0
oInvCollPH,1248,384,002EC0FF,0,1,1,4294967295,0,0
oInvCollPH,1264,384,00247E3B,0,1,1,4294967295,0,0
oInvCollPH,1280,384,0016B15A,0,1,1,4294967295,0,0
oInvCollPH,1296,384,00019E0E,0,1,1,4294967295,0,0
oInvCollPH,1312,384,00207FC2,0,1,1,4294967295,0,0
oInvCollPH,1328,384,002E0241,0,1,1,4294967295,0,0
oInvCollPH,1344,384,00069F0B,0,1,1,4294967295,0,0
oInvCollPH,1360,384,001D0D73,0,1,1,4294967295,0,0
oInvCollPH,1376,384,000A88EC,0,1,1,4294967295,0,0
oInvCollPH,1392,384,00150306,0,1,1,4294967295,0,0
oInvCollPH,720,112,000FEE72,0,1,1,4294967295,0,0
oInvCollPH,736,112,000508C1,0,1,1,4294967295,0,0
oInvCollPH,752,112,000592C2,0,1,1,4294967295,0,0
oInvCollPH,768,112,00132261,0,1,1,4294967295,0,0
oInvCollPH,784,112,00395AF1,0,1,1,4294967295,0,0
oInvCollPH,800,112,00127273,0,1,1,4294967295,0,0
oInvCollPH,816,112,000F0324,0,1,1,4294967295,0,0
oInvCollPH,832,112,0019F825,0,1,1,4294967295,0,0
oInvCollPH,848,112,00290830,0,1,1,4294967295,0,0
oInvCollPH,880,96,003C6FFC,0,1,1,4294967295,0,0
oInvCollPH,944,112,002FDC99,0,1,1,4294967295,0,0
oInvCollPH,944,128,00258994,0,1,1,4294967295,0,0
oInvCollPH,704,128,00359A8F,0,1,1,4294967295,0,0
oInvCollPH,704,144,001B4367,0,1,1,4294967295,0,0
oInvCollPH,704,160,002D5132,0,1,1,4294967295,0,0
oInvCollPH,704,176,00094208,0,1,1,4294967295,0,0
oInvCollPH,704,192,002C865F,0,1,1,4294967295,0,0
oInvCollPH,704,224,0016B1EC,0,1,1,4294967295,0,0
oInvCollPH,720,224,000F5F78,0,1,1,4294967295,0,0
oInvCollPH,736,224,003575B5,0,1,1,4294967295,0,0
oInvCollPH,736,208,0003F947,0,1,1,4294967295,0,0
oInvCollPH,752,192,000594AB,0,1,1,4294967295,0,0
oInvCollPH,768,192,00211A46,0,1,1,4294967295,0,0
oInvCollPH,784,192,00053457,0,1,1,4294967295,0,0
oInvCollPH,800,192,00359D63,0,1,1,4294967295,0,0
oInvCollPH,816,192,001CFEEE,0,1,1,4294967295,0,0
oInvCollPH,832,192,000E380F,0,1,1,4294967295,0,0
oInvCollPH,848,224,001FB58B,0,1,1,4294967295,0,0
oInvCollPH,864,224,0009D42A,0,1,1,4294967295,0,0
oInvCollPH,880,224,00054984,0,1,1,4294967295,0,0
oInvCollPH,896,224,002488F3,0,1,1,4294967295,0,0
oInvCollPH,912,224,00374B52,0,1,1,4294967295,0,0
oInvCollPH,928,224,000CABA0,0,1,1,4294967295,0,0
oInvCollPH,944,224,00184AC8,0,1,1,4294967295,0,0
oInvCollPH,752,16,00237525,0,1,1,4294967295,0,0
oInvCollPH,752,32,003DBAB7,0,1,1,4294967295,0,0
oInvCollPH,736,32,003AB235,0,1,1,4294967295,0,0
oInvCollPH,720,32,002117B4,0,1,1,4294967295,0,0
oInvCollPH,704,0,001AD960,0,1,1,4294967295,0,0
oInvCollPH,688,0,000BEFCF,0,1,1,4294967295,0,0
oInvCollPH,672,0,001D05A9,0,1,1,4294967295,0,0
oInvCollPH,656,0,003CD87F,0,1,1,4294967295,0,0
oInvCollPH,640,0,002C4D98,0,1,1,4294967295,0,0
oInvCollPH,608,16,000B1862,0,1,1,4294967295,0,0
oInvCollPH,608,32,00373F27,0,1,1,4294967295,0,0
oInvCollPH,592,32,003F9826,0,1,1,4294967295,0,0
oInvCollPH,576,32,00062ED3,0,1,1,4294967295,0,0
oInvCollPH,512,32,00044B7F,0,1,1,4294967295,0,0
oInvCollPH,528,32,00061DC5,0,1,1,4294967295,0,0
oInvCollPH,544,32,00153388,0,1,1,4294967295,0,0
oInvCollPH,560,32,00138108,0,1,1,4294967295,0,0
oInvCollPH,464,16,000654C1,0,1,1,4294967295,0,0
oInvCollPH,464,32,0025E34E,0,1,1,4294967295,0,0
oInvCollPH,480,32,001185CC,0,1,1,4294967295,0,0
oInvCollPH,496,32,00157E64,0,1,1,4294967295,0,0
oInvCollPH,128,32,00290BA9,0,1,1,4294967295,0,0
oInvCollPH,144,32,000DD3DB,0,1,1,4294967295,0,0
oInvCollPH,160,32,000180F6,0,1,1,4294967295,0,0
oInvCollPH,176,32,000B48AF,0,1,1,4294967295,0,0
oInvCollPH,192,32,000A2C5C,0,1,1,4294967295,0,0
oInvCollPH,208,32,0031AD27,0,1,1,4294967295,0,0
oInvCollPH,224,32,0023B60E,0,1,1,4294967295,0,0
oInvCollPH,240,32,001305D7,0,1,1,4294967295,0,0
oInvCollPH,256,32,00311F68,0,1,1,4294967295,0,0
oInvCollPH,272,32,0016A9FE,0,1,1,4294967295,0,0
oInvCollPH,288,32,00370B0E,0,1,1,4294967295,0,0
oInvCollPH,304,32,00043D99,0,1,1,4294967295,0,0
oInvCollPH,320,32,000EC98F,0,1,1,4294967295,0,0
oInvCollPH,336,32,000BA417,0,1,1,4294967295,0,0
oInvCollPH,352,32,00268D7B,0,1,1,4294967295,0,0
oInvCollPH,384,0,0013EF7E,0,1,1,4294967295,0,0
oInvCollPH,400,0,002CD685,0,1,1,4294967295,0,0
oInvCollPH,416,0,00344A15,0,1,1,4294967295,0,0
oInvCollPH,432,0,0022F1DB,0,1,1,4294967295,0,0
oInvCollPH,448,0,001EB70E,0,1,1,4294967295,0,0
oInvCollPH,400,560,001E1781,0,1,1,4294967295,0,0
oInvCollPH,416,560,00321573,0,1,1,4294967295,0,0
oInvCollPH,432,560,000C9F74,0,1,1,4294967295,0,0
oInvCollPH,448,560,000AB7FF,0,1,1,4294967295,0,0
oInvCollPH,464,560,0023D41C,0,1,1,4294967295,0,0
oInvCollPH,480,560,0002A985,0,1,1,4294967295,0,0
oInvCollPH,496,560,00237755,0,1,1,4294967295,0,0
oInvCollPH,512,560,003F3298,0,1,1,4294967295,0,0
oInvCollPH,528,560,003C07B1,0,1,1,4294967295,0,0
oInvCollPH,544,560,003889B9,0,1,1,4294967295,0,0
oInvCollPH,560,560,003C4574,0,1,1,4294967295,0,0
oInvCollPH,576,560,003E937C,0,1,1,4294967295,0,0
oInvCollPH,592,560,00278333,0,1,1,4294967295,0,0
oInvCollPH,608,560,00036EDF,0,1,1,4294967295,0,0
oInvCollPH,624,560,0011BDFB,0,1,1,4294967295,0,0
oInvCollPH,640,560,00072C08,0,1,1,4294967295,0,0
oInvCollPH,656,560,0002825A,0,1,1,4294967295,0,0
oInvCollPH,672,560,00171A94,0,1,1,4294967295,0,0
oInvCollPH,1040,560,001356FC,0,1,1,4294967295,0,0
oInvCollPH,1056,560,00250539,0,1,1,4294967295,0,0
oInvCollPH,1072,560,0019362A,0,1,1,4294967295,0,0
oInvCollPH,1088,560,003C476E,0,1,1,4294967295,0,0
oInvCollPH,784,560,0022230B,0,1,1,4294967295,0,0
oInvCollPH,800,560,0033843A,0,1,1,4294967295,0,0
oInvCollPH,816,560,003386EF,0,1,1,4294967295,0,0
oInvCollPH,832,560,003C66D9,0,1,1,4294967295,0,0
oInvCollPH,848,560,0002E37A,0,1,1,4294967295,0,0
oInvCollPH,864,560,0022B42F,0,1,1,4294967295,0,0
oInvCollPH,880,560,00250FD2,0,1,1,4294967295,0,0
oInvCollPH,896,560,001AA7BC,0,1,1,4294967295,0,0
oInvCollPH,912,560,0016B94E,0,1,1,4294967295,0,0
oInvCollPH,928,560,001A9533,0,1,1,4294967295,0,0
oInvCollPH,1408,384,003AC41F,0,1,1,4294967295,0,0
oInvCollPH,1424,384,0021DCED,0,1,1,4294967295,0,0
oInvCollPH,1440,384,003B1700,0,1,1,4294967295,0,0
oInvCollPH,1456,384,002CC3F9,0,1,1,4294967295,0,0
oInvCollPH,1408,528,002FC04E,0,1,1,4294967295,0,0
oInvCollPH,1424,528,001D8659,0,1,1,4294967295,0,0
oInvCollPH,1440,528,00078867,0,1,1,4294967295,0,0
oInvCollPH,1456,528,0013C09E,0,1,1,4294967295,0,0
oInvCollPH,1216,256,00282CCD,0,1,1,4294967295,0,0
oInvCollPH,1232,432,0027AD8F,0,1,1,4294967295,0,0
oInvCollPH,1232,448,002C0C6B,0,1,1,4294967295,0,0
oInvCollPH,1216,448,00100439,0,1,1,4294967295,0,0
oInvCollPH,1216,432,00395343,0,1,1,4294967295,0,0
oInvCollPH,1216,416,003F7731,0,1,1,4294967295,0,0
oInvCollPH,1216,384,003DC3D1,0,1,1,4294967295,0,0
oInvCollPH,1152,112,003EF34F,0,1,1,4294967295,0,0
oInvCollPH,160,624,001BB2AF,0,1,1,4294967295,0,0
oInvCollPH,176,624,00311F2C,0,1,1,4294967295,0,0
oInvCollPH,176,640,001CF378,0,1,1,4294967295,0,0
oInvCollPH,176,656,001C8FFD,0,1,1,4294967295,0,0
oInvCollPH,176,672,00336139,0,1,1,4294967295,0,0
oInvCollPH,176,688,0026C12D,0,1,1,4294967295,0,0
oInvCollPH,208,544,0021F97F,0,1,1,4294967295,0,0
oInvCollPH,224,544,00312824,0,1,1,4294967295,0,0
oInvCollPH,240,544,002582E8,0,1,1,4294967295,0,0
oInvCollPH,256,560,0006DB88,0,1,1,4294967295,0,0
oInvCollPH,256,576,001438A8,0,1,1,4294967295,0,0
oInvCollPH,256,688,00339FA9,0,1,1,4294967295,0,0
oInvCollPH,256,672,000B7B38,0,1,1,4294967295,0,0
oInvCollPH,256,656,001A4F5B,0,1,1,4294967295,0,0
oInvCollPH,256,640,00016B73,0,1,1,4294967295,0,0
oInvCollPH,256,624,000679AB,0,1,1,4294967295,0,0
oInvCollPH,256,608,001A3528,0,1,1,4294967295,0,0
oInvCollPH,256,592,003DD130,0,1,1,4294967295,0,0
oInvCollPH,480,208,00152A02,0,1,1,4294967295,0,0
oInvCollPH,496,192,003AE9A5,0,1,1,4294967295,0,0
oInvCollPH,512,192,002A185A,0,1,1,4294967295,0,0
oInvCollPH,528,192,0038B0C7,0,1,1,4294967295,0,0
oInvCollPH,544,192,00246B2A,0,1,1,4294967295,0,0
oInvCollPH,560,192,0016AE00,0,1,1,4294967295,0,0
oInvCollPH,576,192,001BC46B,0,1,1,4294967295,0,0
oInvCollPH,160,208,001EBD3E,0,1,1,4294967295,0,0
oInvCollPH,352,16,00316A8B,0,1,1,4294967295,0,0
oInvCollPH,720,16,00339BF9,0,1,1,4294967295,0,0
oInvisibleSolid,0,304,00238013,0,1,1,4294967295,0,1
oInvisibleSolid,128,480,0033AC2E,0,1,1,4294967295,0,1
oInvisibleSolid,0,416,00391327,0,1,1,4294967295,0,1
oInvisibleSolid,0,656,000D13E7,0,1,1,4294967295,0,1
oInvisibleSolid,128,0,00155B8E,0,1,1,4294967295,0,1
oInvisibleSolid,0,0,0016C3DF,0,1,1,4294967295,0,1
oInvisibleSolid,0,112,002DECBE,0,1,1,4294967295,0,1
oInvisibleSolid,128,176,001FBBA4,0,1,1,4294967295,0,1
oInvisibleSolid,192,112,0010F6E4,0,1,1,4294967295,0,1
oInvisibleSolid,256,304,00137D4E,0,1,1,4294967295,0,1
oInvisibleSolid,576,304,0026C5BF,0,1,1,4294967295,0,1
oInvisibleSolid,448,112,002C332C,0,1,1,4294967295,0,1
oInvisibleSolid,256,432,0027926C,0,1,1,4294967295,0,1
oInvisibleSolid,384,496,003D2235,0,1,1,4294967295,0,1
oInvisibleSolid,384,656,000BFE77,0,1,1,4294967295,0,1
oInvisibleSolid,1216,0,00343C8D,0,1,1,4294967295,0,1
oInvisibleSolid,896,0,002E1932,0,1,1,4294967295,0,1
oInvisibleSolid,896,48,00018045,0,1,1,4294967295,0,1
oInvisibleSolid,768,0,001247DE,0,1,1,4294967295,0,1
oInvisibleSolid,704,112,0023434C,0,1,1,4294967295,0,1
oInvisibleSolid,960,144,001D7BBB,0,1,1,4294967295,0,1
oInvisibleSolid,832,304,000B4BE3,0,1,1,4294967295,0,1
oInvisibleSolid,1024,432,003CFFC2,0,1,1,4294967295,0,1
oInvisibleSolid,768,496,003204FE,0,1,1,4294967295,0,1
oInvisibleSolid,1120,304,0006F0B2,0,1,1,4294967295,0,1
oInvisibleSolid,1344,0,00316482,0,1,1,4294967295,0,1
oInvisibleSolid,1088,112,0035D47F,0,1,1,4294967295,0,1
oInvisibleSolid,1216,112,003495C1,0,1,1,4294967295,0,1
oInvisibleSolid,1280,528,0009E0A5,0,1,1,4294967295,0,1
oInvisibleSolid,896,656,002165E4,0,1,1,4294967295,0,1
oInvisibleSolid,640,656,002ADBA9,0,1,1,4294967295,0,1
oInvisibleSolid,864,96,002899DF,0,1,1,4294967295,0,1
oInvisibleSolid,1312,96,00039372,0,1,1,4294967295,0,1
oInvisibleSolid,1216,400,002CAFBC,0,1,1,4294967295,0,1
oInvisibleSolid,128,624,001673B7,0,1,1,4294967295,0,1
oInvisibleSolid,592,208,001C9543,0,1,1,4294967295,0,1
oInvisibleSolid,448,208,0000C5F5,0,1,1,4294967295,0,1
oInvisibleSolid,272,208,001885CB,0,1,1,4294967295,0,1
oInvisibleSolid,176,176,0022F22E,0,1,1,4294967295,0,1
oInvisibleSolid,464,0,001C1054,0,1,1,4294967295,0,1
oInvisibleSolid,368,0,00069397,0,1,1,4294967295,0,1
oInvisibleSolid,624,0,0028FC92,0,1,1,4294967295,0,1
oInvisibleSolid,720,0,0026DFAF,0,1,1,4294967295,0,1
oInvisibleSolid,704,208,001B8C9D,0,1,1,4294967295,0,1
oInvisibleSolid,848,208,001AB682,0,1,1,4294967295,0,1
