oExit,0,256,0017B9A3,0,1,1,4294967295,0,1
oDCS_Flame,176,240,0037D245,0,1,1,4294967295,0,0
oDCS_Flame,272,240,00185E09,0,1,1,4294967295,0,0
oHealingPost,224,288,00155A1D,0,1,1,4294967295,0,0
oTempleRunes,216,272,003FD4D0,0,1,1,4294967295,0,1
oPlayer1,48,288,0020A536,0,1,1,4294967295,0,0
oInvCollPH,0,208,00036D5C,0,1,1,4294967295,0,0
oInvCollPH,16,208,001EB79C,0,1,1,4294967295,0,0
oInvCollPH,32,208,0022DC1E,0,1,1,4294967295,0,0
oInvCollPH,48,208,000667D5,0,1,1,4294967295,0,0
oInvCollPH,64,208,003CBDAF,0,1,1,4294967295,0,0
oInvCollPH,80,208,00085599,0,1,1,4294967295,0,0
oInvCollPH,96,208,001B0EC7,0,1,1,4294967295,0,0
oInvCollPH,112,208,002FF9F0,0,1,1,4294967295,0,0
oInvCollPH,128,208,0037226B,0,1,1,4294967295,0,0
oInvCollPH,144,208,002ABC74,0,1,1,4294967295,0,0
oInvCollPH,144,192,00329FA2,0,1,1,4294967295,0,0
oInvCollPH,144,176,0023A72D,0,1,1,4294967295,0,0
oInvCollPH,144,160,00321046,0,1,1,4294967295,0,0
oInvCollPH,160,144,0000FA3E,0,1,1,4294967295,0,0
oInvCollPH,176,144,00329B12,0,1,1,4294967295,0,0
oInvCollPH,192,144,003AB50C,0,1,1,4294967295,0,0
oInvCollPH,208,144,002CB5E8,0,1,1,4294967295,0,0
oInvCollPH,224,144,002F39D4,0,1,1,4294967295,0,0
oInvCollPH,240,144,002A37A8,0,1,1,4294967295,0,0
oInvCollPH,256,144,00259CD9,0,1,1,4294967295,0,0
oInvCollPH,272,144,001FDC42,0,1,1,4294967295,0,0
oInvCollPH,288,176,00025768,0,1,1,4294967295,0,0
oInvCollPH,288,192,0009FB0F,0,1,1,4294967295,0,0
oInvCollPH,288,208,001C8557,0,1,1,4294967295,0,0
oInvCollPH,288,224,002D3D9E,0,1,1,4294967295,0,0
oInvCollPH,288,240,00051122,0,1,1,4294967295,0,0
oInvCollPH,288,256,00201995,0,1,1,4294967295,0,0
oInvCollPH,288,272,001C98CE,0,1,1,4294967295,0,0
oInvCollPH,16,288,0029C002,0,1,1,4294967295,0,0
oInvCollPH,32,288,003ED55D,0,1,1,4294967295,0,0
oInvCollPH,48,288,002238F8,0,1,1,4294967295,0,0
oInvCollPH,64,288,00002003,0,1,1,4294967295,0,0
oInvCollPH,80,288,002B7F3F,0,1,1,4294967295,0,0
oInvCollPH,96,288,000C7E99,0,1,1,4294967295,0,0
oInvCollPH,112,288,001329A8,0,1,1,4294967295,0,0
oInvCollPH,128,288,0027C8B0,0,1,1,4294967295,0,0
oInvCollPH,144,288,00276221,0,1,1,4294967295,0,0
oInvCollPH,160,288,002B74A6,0,1,1,4294967295,0,0
oInvCollPH,176,288,001C8C94,0,1,1,4294967295,0,0
oInvCollPH,192,288,002C0A00,0,1,1,4294967295,0,0
oInvCollPH,208,288,00375E46,0,1,1,4294967295,0,0
oInvCollPH,224,288,002CA2F8,0,1,1,4294967295,0,0
oInvCollPH,240,288,0016157E,0,1,1,4294967295,0,0
oInvCollPH,256,288,0038C460,0,1,1,4294967295,0,0
oInvCollPH,272,288,002B274B,0,1,1,4294967295,0,0
oInvisibleSolid,0,160,001B1144,0,1,1,4294967295,0,1
oInvisibleSolid,0,0,000FDB5C,0,1,1,4294967295,0,1
oInvisibleSolid,288,160,000B528D,0,1,1,4294967295,0,1
oInvisibleSolid,0,288,000ABB67,0,1,1,4294967295,0,1
