oExit,0,2320,00337478,0,1,1,4294967295,0,1
oExit,208,-16,00251E72,0,1,1,4294967295,0,1
oPlayer1,64,2352,00310223,0,1,1,4294967295,0,0
oMetroidDoorHolder,16,2320,00150E31,0,1,1,4294967295,0,1
oMetroidDoorHolder,240,0,00139001,0,1,1,4294967295,0,1
oInvCollPH,224,128,003C7BB1,0,1,1,4294967295,0,0
oInvCollPH,240,128,0007FAB1,0,1,1,4294967295,0,0
oInvCollPH,256,128,001E780A,0,1,1,4294967295,0,0
oInvCollPH,288,768,0033DFC7,0,1,1,4294967295,0,0
oInvCollPH,304,768,002DC0E2,0,1,1,4294967295,0,0
oInvCollPH,192,880,0012C974,0,1,1,4294967295,0,0
oInvCollPH,208,880,000105CD,0,1,1,4294967295,0,0
oInvCollPH,208,1216,002BD50B,0,1,1,4294967295,0,0
oInvCollPH,224,1216,000D6E2A,0,1,1,4294967295,0,0
oInvCollPH,208,2064,0037FC70,0,1,1,4294967295,0,0
oInvCollPH,224,2064,003199C2,0,1,1,4294967295,0,0
oInvCollPH,160,2176,0030C6F2,0,1,1,4294967295,0,0
oInvCollPH,192,2272,0001641D,0,1,1,4294967295,0,0
oInvCollPH,288,2272,0030B048,0,1,1,4294967295,0,0
oInvCollPH,320,2176,002F0A5D,0,1,1,4294967295,0,0
oInvCollPH,256,1984,0010FA84,0,1,1,4294967295,0,0
oInvCollPH,192,1936,00198EE3,0,1,1,4294967295,0,0
oInvCollPH,288,1888,00216DBE,0,1,1,4294967295,0,0
oInvCollPH,208,1632,0008D4F2,0,1,1,4294967295,0,0
oInvCollPH,272,1568,00098C31,0,1,1,4294967295,0,0
oInvCollPH,192,1520,00249CF4,0,1,1,4294967295,0,0
oInvCollPH,304,1472,001E225E,0,1,1,4294967295,0,0
oInvCollPH,176,1424,00014410,0,1,1,4294967295,0,0
oInvCollPH,320,1376,002E917B,0,1,1,4294967295,0,0
oInvCollPH,272,1136,00287C74,0,1,1,4294967295,0,0
oInvCollPH,192,1072,001DE5DD,0,1,1,4294967295,0,0
oInvCollPH,160,992,001C100A,0,1,1,4294967295,0,0
oInvCollPH,304,1040,003274C6,0,1,1,4294967295,0,0
oInvCollPH,288,960,00342EB6,0,1,1,4294967295,0,0
oInvCollPH,192,304,003159BA,0,1,1,4294967295,0,0
oInvCollPH,288,304,00392BE3,0,1,1,4294967295,0,0
oInvCollPH,224,224,00283901,0,1,1,4294967295,0,0
oInvCollPH,144,160,00128915,0,1,1,4294967295,0,0
oInvCollPH,336,160,001DAB9D,0,1,1,4294967295,0,0
oInvCollPH,128,16,002A1C11,0,1,1,4294967295,0,0
oInvCollPH,144,16,00295018,0,1,1,4294967295,0,0
oInvCollPH,160,16,0036635C,0,1,1,4294967295,0,0
oInvCollPH,176,16,001121B6,0,1,1,4294967295,0,0
oInvCollPH,192,16,00011DCB,0,1,1,4294967295,0,0
oInvCollPH,192,0,001B6508,0,1,1,4294967295,0,0
oInvCollPH,272,16,0002E466,0,1,1,4294967295,0,0
oInvCollPH,288,16,0031AF39,0,1,1,4294967295,0,0
oInvCollPH,304,16,0028A034,0,1,1,4294967295,0,0
oInvCollPH,320,16,0021B549,0,1,1,4294967295,0,0
oInvCollPH,336,16,002E7276,0,1,1,4294967295,0,0
oInvCollPH,16,2352,0019C518,0,1,1,4294967295,0,0
oInvCollPH,32,2352,0020CBB6,0,1,1,4294967295,0,0
oInvCollPH,48,2352,001321FA,0,1,1,4294967295,0,0
oInvCollPH,64,2352,003D3A59,0,1,1,4294967295,0,0
oInvCollPH,80,2352,00287BE2,0,1,1,4294967295,0,0
oInvCollPH,96,2352,0016C73D,0,1,1,4294967295,0,0
oInvCollPH,112,2352,00347BE2,0,1,1,4294967295,0,0
oInvCollPH,128,2352,0012FDF6,0,1,1,4294967295,0,0
oInvCollPH,144,2352,000ED8AB,0,1,1,4294967295,0,0
oInvCollPH,336,2352,0030A1F5,0,1,1,4294967295,0,0
oInvCollPH,320,2352,00267F7C,0,1,1,4294967295,0,0
oInvCollPH,304,2352,000016BA,0,1,1,4294967295,0,0
oInvCollPH,288,2352,00345D0B,0,1,1,4294967295,0,0
oInvCollPH,272,2352,0017C562,0,1,1,4294967295,0,0
oInvCollPH,256,2352,0010F7AB,0,1,1,4294967295,0,0
oInvCollPH,240,2352,003C8134,0,1,1,4294967295,0,0
oInvCollPH,224,2352,0006E580,0,1,1,4294967295,0,0
oInvCollPH,208,2352,0014D656,0,1,1,4294967295,0,0
oInvCollPH,192,2352,002BAC8B,0,1,1,4294967295,0,0
oInvCollPH,160,2352,001BADE8,0,1,1,4294967295,0,0
oInvCollPH,176,2352,001A8222,0,1,1,4294967295,0,0
oInvCollPH,112,32,001D90CA,0,1,1,4294967295,0,0
oInvCollPH,112,48,002C1B39,0,1,1,4294967295,0,0
oInvCollPH,112,64,001F2DDA,0,1,1,4294967295,0,0
oInvCollPH,112,80,002CDC09,0,1,1,4294967295,0,0
oInvCollPH,112,96,00201CFE,0,1,1,4294967295,0,0
oInvCollPH,112,112,002B6015,0,1,1,4294967295,0,0
oInvCollPH,112,128,0001CBBE,0,1,1,4294967295,0,0
oInvCollPH,112,144,0029AD45,0,1,1,4294967295,0,0
oInvCollPH,112,368,0027C6E3,0,1,1,4294967295,0,0
oInvCollPH,112,352,0002683D,0,1,1,4294967295,0,0
oInvCollPH,112,336,0015AAAE,0,1,1,4294967295,0,0
oInvCollPH,112,320,003F8B45,0,1,1,4294967295,0,0
oInvCollPH,112,304,003B8AFD,0,1,1,4294967295,0,0
oInvCollPH,112,288,0018BE0F,0,1,1,4294967295,0,0
oInvCollPH,112,272,00190409,0,1,1,4294967295,0,0
oInvCollPH,112,256,00198A54,0,1,1,4294967295,0,0
oInvCollPH,112,240,0031F4D6,0,1,1,4294967295,0,0
oInvCollPH,112,224,00296965,0,1,1,4294967295,0,0
oInvCollPH,112,208,001BCD1A,0,1,1,4294967295,0,0
oInvCollPH,112,192,003D7358,0,1,1,4294967295,0,0
oInvCollPH,112,176,0014B8EB,0,1,1,4294967295,0,0
oInvCollPH,352,32,0015DA4E,0,1,1,4294967295,0,0
oInvCollPH,352,48,00340638,0,1,1,4294967295,0,0
oInvCollPH,352,64,00190E89,0,1,1,4294967295,0,0
oInvCollPH,352,80,00289BAB,0,1,1,4294967295,0,0
oInvCollPH,352,96,000AE14F,0,1,1,4294967295,0,0
oInvCollPH,352,112,0021BBEC,0,1,1,4294967295,0,0
oInvCollPH,352,128,00023E3A,0,1,1,4294967295,0,0
oInvCollPH,352,144,001DAAF3,0,1,1,4294967295,0,0
oInvCollPH,352,176,001308CC,0,1,1,4294967295,0,0
oInvCollPH,352,192,00354297,0,1,1,4294967295,0,0
oInvCollPH,352,208,00339654,0,1,1,4294967295,0,0
oInvCollPH,352,224,000341E2,0,1,1,4294967295,0,0
oInvCollPH,352,240,00076D7B,0,1,1,4294967295,0,0
oInvCollPH,352,256,000AA790,0,1,1,4294967295,0,0
oInvCollPH,352,272,00120917,0,1,1,4294967295,0,0
oInvCollPH,352,288,00274FAF,0,1,1,4294967295,0,0
oInvCollPH,352,304,001F773F,0,1,1,4294967295,0,0
oInvCollPH,352,320,001C26FB,0,1,1,4294967295,0,0
oInvCollPH,352,336,001C65B4,0,1,1,4294967295,0,0
oInvCollPH,352,352,0028B15A,0,1,1,4294967295,0,0
oInvCollPH,352,368,002D5E9C,0,1,1,4294967295,0,0
oInvCollPH,112,400,00057D1B,0,1,1,4294967295,0,0
oInvCollPH,112,416,0037BDC7,0,1,1,4294967295,0,0
oInvCollPH,112,432,001E3950,0,1,1,4294967295,0,0
oInvCollPH,112,448,00253D54,0,1,1,4294967295,0,0
oInvCollPH,112,464,003DCEE2,0,1,1,4294967295,0,0
oInvCollPH,112,480,0008D486,0,1,1,4294967295,0,0
oInvCollPH,112,496,00001C36,0,1,1,4294967295,0,0
oInvCollPH,112,512,0033D5E1,0,1,1,4294967295,0,0
oInvCollPH,112,528,0011F09F,0,1,1,4294967295,0,0
oInvCollPH,112,544,0013FCC4,0,1,1,4294967295,0,0
oInvCollPH,112,560,000B1BE6,0,1,1,4294967295,0,0
oInvCollPH,112,576,00031ABF,0,1,1,4294967295,0,0
oInvCollPH,352,624,00318E7D,0,1,1,4294967295,0,0
oInvCollPH,352,608,0038B745,0,1,1,4294967295,0,0
oInvCollPH,352,592,00175A3D,0,1,1,4294967295,0,0
oInvCollPH,352,576,0013410D,0,1,1,4294967295,0,0
oInvCollPH,352,560,003B977B,0,1,1,4294967295,0,0
oInvCollPH,352,544,001FAE2A,0,1,1,4294967295,0,0
oInvCollPH,352,528,000C8ADF,0,1,1,4294967295,0,0
oInvCollPH,352,512,003F6AC9,0,1,1,4294967295,0,0
oInvCollPH,352,496,000A5834,0,1,1,4294967295,0,0
oInvCollPH,352,480,001D0397,0,1,1,4294967295,0,0
oInvCollPH,352,464,003AB332,0,1,1,4294967295,0,0
oInvCollPH,352,448,000689E5,0,1,1,4294967295,0,0
oInvCollPH,352,432,003681A2,0,1,1,4294967295,0,0
oInvCollPH,352,416,0038889A,0,1,1,4294967295,0,0
oInvCollPH,352,400,000CF2E1,0,1,1,4294967295,0,0
oInvCollPH,352,640,000C7D9F,0,1,1,4294967295,0,0
oInvCollPH,352,656,00088D95,0,1,1,4294967295,0,0
oInvCollPH,352,672,000F9B9A,0,1,1,4294967295,0,0
oInvCollPH,352,688,00362B6F,0,1,1,4294967295,0,0
oInvCollPH,352,704,000D07EE,0,1,1,4294967295,0,0
oInvCollPH,352,720,0025360B,0,1,1,4294967295,0,0
oInvCollPH,352,736,001D7D85,0,1,1,4294967295,0,0
oInvCollPH,352,752,002CB4A8,0,1,1,4294967295,0,0
oInvCollPH,352,768,0021C802,0,1,1,4294967295,0,0
oInvCollPH,352,784,001D8865,0,1,1,4294967295,0,0
oInvCollPH,352,800,00035E23,0,1,1,4294967295,0,0
oInvCollPH,352,816,003A7CA3,0,1,1,4294967295,0,0
oInvCollPH,352,832,00129569,0,1,1,4294967295,0,0
oInvCollPH,352,848,0002423A,0,1,1,4294967295,0,0
oInvCollPH,352,864,000E15BF,0,1,1,4294967295,0,0
oInvCollPH,352,880,002BB289,0,1,1,4294967295,0,0
oInvCollPH,352,896,00130266,0,1,1,4294967295,0,0
oInvCollPH,352,912,000EDD98,0,1,1,4294967295,0,0
oInvCollPH,352,928,003A2317,0,1,1,4294967295,0,0
oInvCollPH,352,944,000504D7,0,1,1,4294967295,0,0
oInvCollPH,352,960,0018DDEB,0,1,1,4294967295,0,0
oInvCollPH,352,976,00192AFF,0,1,1,4294967295,0,0
oInvCollPH,112,592,0010AB55,0,1,1,4294967295,0,0
oInvCollPH,112,608,0031979B,0,1,1,4294967295,0,0
oInvCollPH,112,624,000D3943,0,1,1,4294967295,0,0
oInvCollPH,112,640,00053719,0,1,1,4294967295,0,0
oInvCollPH,112,656,002A975C,0,1,1,4294967295,0,0
oInvCollPH,112,672,00262B2F,0,1,1,4294967295,0,0
oInvCollPH,112,688,00065FD3,0,1,1,4294967295,0,0
oInvCollPH,112,704,00308840,0,1,1,4294967295,0,0
oInvCollPH,112,720,0006C50B,0,1,1,4294967295,0,0
oInvCollPH,112,736,002F8CF2,0,1,1,4294967295,0,0
oInvCollPH,112,752,000DC74E,0,1,1,4294967295,0,0
oInvCollPH,112,768,0032C035,0,1,1,4294967295,0,0
oInvCollPH,112,784,0018128B,0,1,1,4294967295,0,0
oInvCollPH,112,800,0025BF06,0,1,1,4294967295,0,0
oInvCollPH,112,816,00035EAE,0,1,1,4294967295,0,0
oInvCollPH,112,832,001CC031,0,1,1,4294967295,0,0
oInvCollPH,112,848,00148942,0,1,1,4294967295,0,0
oInvCollPH,112,864,000C3813,0,1,1,4294967295,0,0
oInvCollPH,112,880,001C473A,0,1,1,4294967295,0,0
oInvCollPH,112,896,000AC1D3,0,1,1,4294967295,0,0
oInvCollPH,112,912,001ADA18,0,1,1,4294967295,0,0
oInvCollPH,112,928,000624BE,0,1,1,4294967295,0,0
oInvCollPH,112,944,002A94D2,0,1,1,4294967295,0,0
oInvCollPH,112,960,003846EA,0,1,1,4294967295,0,0
oInvCollPH,112,976,002284D1,0,1,1,4294967295,0,0
oInvCollPH,112,992,0025C39B,0,1,1,4294967295,0,0
oInvCollPH,112,1008,00277F0D,0,1,1,4294967295,0,0
oInvCollPH,112,1024,000AFB1D,0,1,1,4294967295,0,0
oInvCollPH,112,1040,00039FB9,0,1,1,4294967295,0,0
oInvCollPH,112,1056,000EB7B4,0,1,1,4294967295,0,0
oInvCollPH,112,1072,000CDD43,0,1,1,4294967295,0,0
oInvCollPH,112,1088,0031540E,0,1,1,4294967295,0,0
oInvCollPH,112,1104,0010D25E,0,1,1,4294967295,0,0
oInvCollPH,112,1120,0031F3DA,0,1,1,4294967295,0,0
oInvCollPH,112,1136,002637F9,0,1,1,4294967295,0,0
oInvCollPH,112,1152,000F4518,0,1,1,4294967295,0,0
oInvCollPH,112,1168,00100EEF,0,1,1,4294967295,0,0
oInvCollPH,112,1184,002940B9,0,1,1,4294967295,0,0
oInvCollPH,112,1200,000E6FBE,0,1,1,4294967295,0,0
oInvCollPH,112,1216,0016C002,0,1,1,4294967295,0,0
oInvCollPH,112,1232,003518A6,0,1,1,4294967295,0,0
oInvCollPH,352,992,0013ECB6,0,1,1,4294967295,0,0
oInvCollPH,352,1008,002534B0,0,1,1,4294967295,0,0
oInvCollPH,352,1024,00251520,0,1,1,4294967295,0,0
oInvCollPH,352,1040,00084921,0,1,1,4294967295,0,0
oInvCollPH,352,1056,001A3C05,0,1,1,4294967295,0,0
oInvCollPH,352,1072,000D3F40,0,1,1,4294967295,0,0
oInvCollPH,352,1088,001F2484,0,1,1,4294967295,0,0
oInvCollPH,352,1104,003E2D5C,0,1,1,4294967295,0,0
oInvCollPH,352,1120,0020E6B5,0,1,1,4294967295,0,0
oInvCollPH,352,1136,000C4F0D,0,1,1,4294967295,0,0
oInvCollPH,352,1152,0006A468,0,1,1,4294967295,0,0
oInvCollPH,352,1168,0023EF1A,0,1,1,4294967295,0,0
oInvCollPH,352,1184,000D9A90,0,1,1,4294967295,0,0
oInvCollPH,352,1200,00038440,0,1,1,4294967295,0,0
oInvCollPH,352,1216,003E1DDB,0,1,1,4294967295,0,0
oInvCollPH,352,1232,000F34A0,0,1,1,4294967295,0,0
oInvCollPH,112,1248,00236FCA,0,1,1,4294967295,0,0
oInvCollPH,112,1264,000D9436,0,1,1,4294967295,0,0
oInvCollPH,112,1280,00222C2E,0,1,1,4294967295,0,0
oInvCollPH,112,1296,001BC310,0,1,1,4294967295,0,0
oInvCollPH,112,1312,002FFEA3,0,1,1,4294967295,0,0
oInvCollPH,112,1328,00166A57,0,1,1,4294967295,0,0
oInvCollPH,112,1344,001031BE,0,1,1,4294967295,0,0
oInvCollPH,112,1360,0026603B,0,1,1,4294967295,0,0
oInvCollPH,112,1376,0022B30C,0,1,1,4294967295,0,0
oInvCollPH,112,1392,003D4A2D,0,1,1,4294967295,0,0
oInvCollPH,112,1408,00358747,0,1,1,4294967295,0,0
oInvCollPH,112,1424,00064352,0,1,1,4294967295,0,0
oInvCollPH,112,1440,00053DD3,0,1,1,4294967295,0,0
oInvCollPH,112,1456,00098825,0,1,1,4294967295,0,0
oInvCollPH,112,1472,002B9662,0,1,1,4294967295,0,0
oInvCollPH,112,1488,0038C144,0,1,1,4294967295,0,0
oInvCollPH,112,1504,00344BD5,0,1,1,4294967295,0,0
oInvCollPH,112,1520,0038DF66,0,1,1,4294967295,0,0
oInvCollPH,112,1536,0000B0D3,0,1,1,4294967295,0,0
oInvCollPH,112,1552,0009055C,0,1,1,4294967295,0,0
oInvCollPH,352,1248,0032760C,0,1,1,4294967295,0,0
oInvCollPH,352,1264,002F25E7,0,1,1,4294967295,0,0
oInvCollPH,352,1280,0003BF35,0,1,1,4294967295,0,0
oInvCollPH,352,1296,0028949C,0,1,1,4294967295,0,0
oInvCollPH,352,1312,002B4426,0,1,1,4294967295,0,0
oInvCollPH,352,1328,000B3DC7,0,1,1,4294967295,0,0
oInvCollPH,352,1344,001CA10C,0,1,1,4294967295,0,0
oInvCollPH,352,1360,0015EEAE,0,1,1,4294967295,0,0
oInvCollPH,352,1376,001DE1A9,0,1,1,4294967295,0,0
oInvCollPH,352,1392,000C9807,0,1,1,4294967295,0,0
oInvCollPH,352,1408,00317737,0,1,1,4294967295,0,0
oInvCollPH,352,1424,001650BC,0,1,1,4294967295,0,0
oInvCollPH,352,1440,003B91C8,0,1,1,4294967295,0,0
oInvCollPH,352,1456,001CAB57,0,1,1,4294967295,0,0
oInvCollPH,352,1472,000E3BEF,0,1,1,4294967295,0,0
oInvCollPH,352,1488,0026A59D,0,1,1,4294967295,0,0
oInvCollPH,352,1504,00136356,0,1,1,4294967295,0,0
oInvCollPH,352,1520,00204C73,0,1,1,4294967295,0,0
oInvCollPH,352,1536,002D9A63,0,1,1,4294967295,0,0
oInvCollPH,352,1552,00234E16,0,1,1,4294967295,0,0
oInvCollPH,352,1568,003EEF32,0,1,1,4294967295,0,0
oInvCollPH,352,1584,002440D4,0,1,1,4294967295,0,0
oInvCollPH,112,1568,0014E418,0,1,1,4294967295,0,0
oInvCollPH,112,1584,0036990A,0,1,1,4294967295,0,0
oInvCollPH,112,1600,0018871C,0,1,1,4294967295,0,0
oInvCollPH,112,1616,000C27D1,0,1,1,4294967295,0,0
oInvCollPH,112,1632,002C200A,0,1,1,4294967295,0,0
oInvCollPH,112,1648,003D2A29,0,1,1,4294967295,0,0
oInvCollPH,112,1664,00348963,0,1,1,4294967295,0,0
oInvCollPH,112,1680,0015F1DC,0,1,1,4294967295,0,0
oInvCollPH,112,1696,002A1909,0,1,1,4294967295,0,0
oInvCollPH,112,1712,0021A1C6,0,1,1,4294967295,0,0
oInvCollPH,112,1728,00330D90,0,1,1,4294967295,0,0
oInvCollPH,112,1744,000B6268,0,1,1,4294967295,0,0
oInvCollPH,112,1760,00187EDE,0,1,1,4294967295,0,0
oInvCollPH,112,1776,0036C3F4,0,1,1,4294967295,0,0
oInvCollPH,112,1792,002EC654,0,1,1,4294967295,0,0
oInvCollPH,112,1808,0012B8B0,0,1,1,4294967295,0,0
oInvCollPH,112,1824,000BAB2E,0,1,1,4294967295,0,0
oInvCollPH,112,1840,003EE6AC,0,1,1,4294967295,0,0
oInvCollPH,352,1840,003746C8,0,1,1,4294967295,0,0
oInvCollPH,352,1824,0035F485,0,1,1,4294967295,0,0
oInvCollPH,352,1808,0013930A,0,1,1,4294967295,0,0
oInvCollPH,352,1792,000FD72F,0,1,1,4294967295,0,0
oInvCollPH,352,1776,000AEF48,0,1,1,4294967295,0,0
oInvCollPH,352,1760,0031C68B,0,1,1,4294967295,0,0
oInvCollPH,352,1744,00236EC2,0,1,1,4294967295,0,0
oInvCollPH,352,1728,00264D72,0,1,1,4294967295,0,0
oInvCollPH,352,1712,0032345D,0,1,1,4294967295,0,0
oInvCollPH,352,1696,00248A65,0,1,1,4294967295,0,0
oInvCollPH,352,1680,0014D05E,0,1,1,4294967295,0,0
oInvCollPH,352,1664,003FBBAB,0,1,1,4294967295,0,0
oInvCollPH,352,1648,000241AF,0,1,1,4294967295,0,0
oInvCollPH,352,1632,0012031B,0,1,1,4294967295,0,0
oInvCollPH,352,1616,0019859C,0,1,1,4294967295,0,0
oInvCollPH,352,1600,001E17A8,0,1,1,4294967295,0,0
oInvCollPH,352,1872,002A7DD4,0,1,1,4294967295,0,0
oInvCollPH,352,1888,0004D776,0,1,1,4294967295,0,0
oInvCollPH,352,1904,003DBE97,0,1,1,4294967295,0,0
oInvCollPH,352,1920,002205C1,0,1,1,4294967295,0,0
oInvCollPH,352,1936,002D3367,0,1,1,4294967295,0,0
oInvCollPH,352,1952,002410F7,0,1,1,4294967295,0,0
oInvCollPH,352,1968,002ED0F0,0,1,1,4294967295,0,0
oInvCollPH,352,1984,0038B619,0,1,1,4294967295,0,0
oInvCollPH,352,2000,0008B624,0,1,1,4294967295,0,0
oInvCollPH,352,2016,0022F20D,0,1,1,4294967295,0,0
oInvCollPH,352,2032,000A71ED,0,1,1,4294967295,0,0
oInvCollPH,352,2048,002FE14C,0,1,1,4294967295,0,0
oInvCollPH,352,2064,001557F6,0,1,1,4294967295,0,0
oInvCollPH,352,2080,00045702,0,1,1,4294967295,0,0
oInvCollPH,352,2096,0006F799,0,1,1,4294967295,0,0
oInvCollPH,352,2112,000D5918,0,1,1,4294967295,0,0
oInvCollPH,352,2128,00346AE1,0,1,1,4294967295,0,0
oInvCollPH,352,2144,00366BDA,0,1,1,4294967295,0,0
oInvCollPH,352,2160,0018E6EA,0,1,1,4294967295,0,0
oInvCollPH,352,2176,0018D242,0,1,1,4294967295,0,0
oInvCollPH,352,2192,003D75CD,0,1,1,4294967295,0,0
oInvCollPH,352,2208,001CB245,0,1,1,4294967295,0,0
oInvCollPH,352,2224,00094FAE,0,1,1,4294967295,0,0
oInvCollPH,352,2240,0016574C,0,1,1,4294967295,0,0
oInvCollPH,352,2256,0022E875,0,1,1,4294967295,0,0
oInvCollPH,352,2272,00351D01,0,1,1,4294967295,0,0
oInvCollPH,352,2288,00404155,0,1,1,4294967295,0,0
oInvCollPH,352,2304,0002F9E1,0,1,1,4294967295,0,0
oInvCollPH,352,2320,0019A27A,0,1,1,4294967295,0,0
oInvCollPH,352,2336,0006884B,0,1,1,4294967295,0,0
oInvCollPH,112,1872,0012C9ED,0,1,1,4294967295,0,0
oInvCollPH,112,1888,0030608D,0,1,1,4294967295,0,0
oInvCollPH,112,1904,001D94D2,0,1,1,4294967295,0,0
oInvCollPH,112,1920,0028D4EC,0,1,1,4294967295,0,0
oInvCollPH,112,1936,003EEE63,0,1,1,4294967295,0,0
oInvCollPH,112,1952,002D8E5F,0,1,1,4294967295,0,0
oInvCollPH,112,1968,0040141A,0,1,1,4294967295,0,0
oInvCollPH,112,1984,003481EB,0,1,1,4294967295,0,0
oInvCollPH,112,2000,003E310E,0,1,1,4294967295,0,0
oInvCollPH,112,2016,0040168D,0,1,1,4294967295,0,0
oInvCollPH,112,2032,0039282C,0,1,1,4294967295,0,0
oInvCollPH,112,2048,00090F92,0,1,1,4294967295,0,0
oInvCollPH,112,2064,003C95A7,0,1,1,4294967295,0,0
oInvCollPH,112,2080,0036EB90,0,1,1,4294967295,0,0
oInvCollPH,112,2096,0008DAFC,0,1,1,4294967295,0,0
oInvCollPH,112,2112,001C5EEE,0,1,1,4294967295,0,0
oInvCollPH,112,2128,003ED160,0,1,1,4294967295,0,0
oInvCollPH,112,2144,003AF6CA,0,1,1,4294967295,0,0
oInvCollPH,112,2160,0001AF4B,0,1,1,4294967295,0,0
oInvCollPH,112,2176,00193EA4,0,1,1,4294967295,0,0
oInvCollPH,112,2192,000879FB,0,1,1,4294967295,0,0
oInvCollPH,112,2208,0027278D,0,1,1,4294967295,0,0
oInvCollPH,112,2224,00290180,0,1,1,4294967295,0,0
oInvCollPH,112,2240,00109D36,0,1,1,4294967295,0,0
oInvCollPH,112,2256,00142525,0,1,1,4294967295,0,0
oInvCollPH,112,2272,001CBDEF,0,1,1,4294967295,0,0
oInvCollPH,96,2272,0009B0B9,0,1,1,4294967295,0,0
oInvCollPH,80,2272,0032D6F8,0,1,1,4294967295,0,0
oInvCollPH,64,2272,0025E731,0,1,1,4294967295,0,0
oInvCollPH,48,2272,0030E91D,0,1,1,4294967295,0,0
oInvCollPH,32,2272,002C9279,0,1,1,4294967295,0,0
oInvCollPH,16,2272,003BD85E,0,1,1,4294967295,0,0
oInvCollPH,0,2272,000DA678,0,1,1,4294967295,0,0
oInvCollPH,240,224,001B6074,0,1,1,4294967295,0,0
oInvCollPH,256,224,001EBA7D,0,1,1,4294967295,0,0
oInvisibleSolid,208,112,002A9FCB,0,1,1,4294967295,0,0
oInvisibleSolid,256,112,001E48FC,0,1,1,4294967295,0,0
oInvisibleSolid,128,0,001EDA26,0,1,1,4294967295,0,1
oInvisibleSolid,272,0,00192F55,0,1,1,4294967295,0,1
oInvisibleSolid,0,0,002A9C84,0,1,1,4294967295,0,1
oInvisibleSolid,352,0,00043351,0,1,1,4294967295,0,1
oInvisibleSolid,0,2352,00195F2A,0,1,1,4294967295,0,1
oInvisibleSolid,176,2272,002E90E7,0,1,1,4294967295,0,1
oInvisibleSolid,272,2272,0024C521,0,1,1,4294967295,0,1
oInvisibleSolid,304,2176,003ED111,0,1,1,4294967295,0,1
oInvisibleSolid,144,2176,003D0D44,0,1,1,4294967295,0,1
oInvisibleSolid,192,2064,00165F97,0,1,1,4294967295,0,1
oInvisibleSolid,240,1984,00122339,0,1,1,4294967295,0,1
oInvisibleSolid,176,1936,000F775B,0,1,1,4294967295,0,1
oInvisibleSolid,128,1856,00263AF7,0,1,1,4294967295,0,0
oInvisibleSolid,336,1856,00025B62,0,1,1,4294967295,0,0
oInvisibleSolid,304,1792,0018E4BA,0,1,1,4294967295,0,0
oInvisibleSolid,160,1792,0000F298,0,1,1,4294967295,0,0
oInvisibleSolid,256,1712,00063450,0,1,1,4294967295,0,0
oInvisibleSolid,272,1888,00394178,0,1,1,4294967295,0,1
oInvisibleSolid,192,1632,0016D0E2,0,1,1,4294967295,0,1
oInvisibleSolid,176,1520,000E7C3B,0,1,1,4294967295,0,1
oInvisibleSolid,288,1472,003FA3EB,0,1,1,4294967295,0,1
oInvisibleSolid,160,1424,001D7687,0,1,1,4294967295,0,1
oInvisibleSolid,304,1376,000B9820,0,1,1,4294967295,0,1
oInvisibleSolid,256,1296,002EA049,0,1,1,4294967295,0,0
oInvisibleSolid,192,1216,0022879D,0,1,1,4294967295,0,1
oInvisibleSolid,256,1136,00160293,0,1,1,4294967295,0,1
oInvisibleSolid,288,1040,003A5FD1,0,1,1,4294967295,0,1
oInvisibleSolid,176,1072,002ED6CF,0,1,1,4294967295,0,1
oInvisibleSolid,144,992,0020EC9C,0,1,1,4294967295,0,1
oInvisibleSolid,272,960,002C421B,0,1,1,4294967295,0,1
oInvisibleSolid,176,880,0018E40E,0,1,1,4294967295,0,1
oInvisibleSolid,272,768,0035A63A,0,1,1,4294967295,0,1
oInvisibleSolid,176,688,001BD5AA,0,1,1,4294967295,0,0
oInvisibleSolid,256,640,001C702A,0,1,1,4294967295,0,0
oInvisibleSolid,192,528,003863EE,0,1,1,4294967295,0,0
oInvisibleSolid,288,480,002FF6C7,0,1,1,4294967295,0,0
oInvisibleSolid,336,384,0025E735,0,1,1,4294967295,0,0
oInvisibleSolid,128,384,002BB40E,0,1,1,4294967295,0,0
oInvisibleSolid,176,304,0028E175,0,1,1,4294967295,0,1
oInvisibleSolid,272,304,00398E05,0,1,1,4294967295,0,1
oInvisibleSolid,208,224,0027236E,0,1,1,4294967295,0,1
oInvisibleSolid,320,160,0027B25E,0,1,1,4294967295,0,1
oInvisibleSolid,128,160,003A81C0,0,1,1,4294967295,0,1
oInvisibleSolid,208,128,00057CCF,0,1,1,4294967295,0,1
oInvisibleSolid,256,1568,00068BB9,0,1,1,4294967295,0,1
