oExit,0,192,000D4264,0,1,1,4294967295,0,1
oWeaponRecharger,96,224,002E1F52,0,1,1,4294967295,0,1
oExit,2720,224,0009B1B3,0,1,1,4294967295,0,1
sSwitchPlatformBlock,368,192,0007E2B4,0,1,1,4294967295,0,0
sSwitchPlatformBlock,512,224,001722C0,0,1,1,4294967295,0,0
sSwitchPlatformBlock,672,32,001C4762,0,1,1,4294967295,0,0
sSwitchPlatformBlock,1024,80,0025426C,0,1,1,4294967295,0,0
sSwitchPlatformBlock,1568,48,00254C43,0,1,1,4294967295,0,0
sSwitchPlatformBlock,1136,160,00174901,0,1,1,4294967295,0,0
sSwitchPlatformBlock,1472,192,0030F05B,0,1,1,4294967295,0,0
sSwitchPlatformBlock,1632,256,001B2238,0,1,1,4294967295,0,0
sSwitchPlatformBlock,1696,80,0019DE13,0,1,1,4294967295,0,0
sSwitchPlatformBlock,2448,192,002C0C7E,0,1,1,4294967295,0,0
sSwitchPlatformBlock,2288,128,00103B44,0,1,1,4294967295,0,0
oPlatformBlock,192,224,0015919D,0,1,1,4294967295,0,1
oPlatformBlock,448,160,002956B1,0,1,1,4294967295,0,1
oPlatformBlock,544,128,000BE644,0,1,1,4294967295,0,1
oPlatformBlock,736,256,00386834,0,1,1,4294967295,0,1
oPlatformBlock,800,192,0013BC26,0,1,1,4294967295,0,1
oPlatformBlock,992,256,0034CDFB,0,1,1,4294967295,0,1
oPlatformBlock,1280,128,0008209C,0,1,1,4294967295,0,1
oPlatformBlock,1440,112,00036814,0,1,1,4294967295,0,1
oPlatformBlock,1472,288,0028F5E7,0,1,1,4294967295,0,1
oPlatformBlock,1568,288,0011E957,0,1,1,4294967295,0,1
oPlatformBlock,1792,224,0009D52A,0,1,1,4294967295,0,1
oPlatformBlock,1904,160,001C357D,0,1,1,4294967295,0,1
oPlatformBlock,2096,96,00256116,0,1,1,4294967295,0,1
oPlatformBlock,2352,64,0034BC2A,0,1,1,4294967295,0,1
oPlatformBlock,2352,256,002C4816,0,1,1,4294967295,0,1
oPlatformBlock,2512,128,0038B687,0,1,1,4294967295,0,1
oPlatformBlock,2512,192,0030B1A0,0,1,1,4294967295,0,1
oCVCandle,928,32,000C6729,0,1,1,4294967295,0,0
oCVCandle,288,144,00207894,0,1,1,4294967295,0,0
oCVCandle,352,144,000C05FB,0,1,1,4294967295,0,0
oCVCandle,1248,224,002BA35F,0,1,1,4294967295,0,0
oCVCandle,1264,224,000C2061,0,1,1,4294967295,0,0
oCVCandle,2064,128,001BFA42,0,1,1,4294967295,0,0
oCVCandle,2192,128,00287A67,0,1,1,4294967295,0,0
oWeaponLevelUpgrade,2200,288,00018C0D,0,1,1,4294967295,0,1
oPlayer1,48,224,001B8889,0,1,1,4294967295,0,0
oInvCollPH,0,16,001E843E,0,1,1,4294967295,0,0
oInvCollPH,16,16,001962D4,0,1,1,4294967295,0,0
oInvCollPH,32,16,002027E3,0,1,1,4294967295,0,0
oInvCollPH,48,16,00078BDB,0,1,1,4294967295,0,0
oInvCollPH,64,16,00302585,0,1,1,4294967295,0,0
oInvCollPH,80,16,00169784,0,1,1,4294967295,0,0
oInvCollPH,96,16,001A6B2C,0,1,1,4294967295,0,0
oInvCollPH,112,16,0014B851,0,1,1,4294967295,0,0
oInvCollPH,128,16,00055D70,0,1,1,4294967295,0,0
oInvCollPH,144,16,00360EBF,0,1,1,4294967295,0,0
oInvCollPH,144,0,00127CF4,0,1,1,4294967295,0,0
oInvCollPH,16,224,00244C6F,0,1,1,4294967295,0,0
oInvCollPH,32,224,000A54BF,0,1,1,4294967295,0,0
oInvCollPH,48,224,0019CC51,0,1,1,4294967295,0,0
oInvCollPH,64,224,000C6CCB,0,1,1,4294967295,0,0
oInvCollPH,80,224,003216AC,0,1,1,4294967295,0,0
oInvCollPH,96,224,00201498,0,1,1,4294967295,0,0
oInvCollPH,112,224,002656C0,0,1,1,4294967295,0,0
oInvCollPH,112,240,0023F5B4,0,1,1,4294967295,0,0
oInvCollPH,112,256,003BFD23,0,1,1,4294967295,0,0
oInvCollPH,112,272,002F5949,0,1,1,4294967295,0,0
oInvCollPH,112,288,00180DDC,0,1,1,4294967295,0,0
oInvCollPH,112,304,002AA80C,0,1,1,4294967295,0,0
oInvCollPH,112,320,0036E433,0,1,1,4294967295,0,0
oInvCollPH,112,336,003D6881,0,1,1,4294967295,0,0
oInvCollPH,704,16,00282C84,0,1,1,4294967295,0,0
oInvCollPH,704,32,0006FA91,0,1,1,4294967295,0,0
oInvCollPH,704,48,0003E57A,0,1,1,4294967295,0,0
oInvCollPH,704,64,0001E9F0,0,1,1,4294967295,0,0
oInvCollPH,704,80,003765A9,0,1,1,4294967295,0,0
oInvCollPH,704,96,003A9724,0,1,1,4294967295,0,0
oInvCollPH,704,112,0029B190,0,1,1,4294967295,0,0
oInvCollPH,704,128,000F1093,0,1,1,4294967295,0,0
oInvCollPH,704,144,000C852C,0,1,1,4294967295,0,0
oInvCollPH,704,160,00040C60,0,1,1,4294967295,0,0
oInvCollPH,704,176,00218DE8,0,1,1,4294967295,0,0
oInvCollPH,720,176,00262CFF,0,1,1,4294967295,0,0
oInvCollPH,720,160,00015BB1,0,1,1,4294967295,0,0
oInvCollPH,720,144,002AC310,0,1,1,4294967295,0,0
oInvCollPH,720,128,002186CB,0,1,1,4294967295,0,0
oInvCollPH,720,112,002DBED2,0,1,1,4294967295,0,0
oInvCollPH,720,96,0006A078,0,1,1,4294967295,0,0
oInvCollPH,720,80,00008E6B,0,1,1,4294967295,0,0
oInvCollPH,720,64,000FC6BC,0,1,1,4294967295,0,0
oInvCollPH,720,48,0003D0CD,0,1,1,4294967295,0,0
oInvCollPH,720,32,003D677F,0,1,1,4294967295,0,0
oInvCollPH,720,16,000C9CBB,0,1,1,4294967295,0,0
oInvCollPH,720,0,002720FA,0,1,1,4294967295,0,0
oInvCollPH,1056,144,003DEDE4,0,1,1,4294967295,0,0
oInvCollPH,1056,160,002DDC0E,0,1,1,4294967295,0,0
oInvCollPH,1056,176,000B4320,0,1,1,4294967295,0,0
oInvCollPH,1072,176,001C4073,0,1,1,4294967295,0,0
oInvCollPH,1088,176,00319EBC,0,1,1,4294967295,0,0
oInvCollPH,1104,176,003A4980,0,1,1,4294967295,0,0
oInvCollPH,1104,160,00125A9E,0,1,1,4294967295,0,0
oInvCollPH,1104,144,002A465D,0,1,1,4294967295,0,0
oInvCollPH,1104,128,003C33B3,0,1,1,4294967295,0,0
oInvCollPH,864,80,0033C106,0,1,1,4294967295,0,0
oInvCollPH,864,96,002BF628,0,1,1,4294967295,0,0
oInvCollPH,864,112,0035967F,0,1,1,4294967295,0,0
oInvCollPH,864,128,003FE473,0,1,1,4294967295,0,0
oInvCollPH,864,144,0010F098,0,1,1,4294967295,0,0
oInvCollPH,864,160,00104B76,0,1,1,4294967295,0,0
oInvCollPH,864,176,000B30DC,0,1,1,4294967295,0,0
oInvCollPH,864,192,002BC68C,0,1,1,4294967295,0,0
oInvCollPH,864,208,000F22BC,0,1,1,4294967295,0,0
oInvCollPH,864,224,00372AFC,0,1,1,4294967295,0,0
oInvCollPH,864,240,000ED6E8,0,1,1,4294967295,0,0
oInvCollPH,864,256,002AF10C,0,1,1,4294967295,0,0
oInvCollPH,864,272,00183DC6,0,1,1,4294967295,0,0
oInvCollPH,864,288,00034C3B,0,1,1,4294967295,0,0
oInvCollPH,864,304,00389E51,0,1,1,4294967295,0,0
oInvCollPH,880,304,00297244,0,1,1,4294967295,0,0
oInvCollPH,896,304,001AA0D8,0,1,1,4294967295,0,0
oInvCollPH,912,304,00265F52,0,1,1,4294967295,0,0
oInvCollPH,928,304,0017F763,0,1,1,4294967295,0,0
oInvCollPH,944,304,002FC4C7,0,1,1,4294967295,0,0
oInvCollPH,960,304,000C7293,0,1,1,4294967295,0,0
oInvCollPH,976,304,001AB330,0,1,1,4294967295,0,0
oInvCollPH,976,288,001F7203,0,1,1,4294967295,0,0
oInvCollPH,976,272,0022264F,0,1,1,4294967295,0,0
oInvCollPH,976,256,0025FD26,0,1,1,4294967295,0,0
oInvCollPH,976,240,00340A56,0,1,1,4294967295,0,0
oInvCollPH,976,224,000793EE,0,1,1,4294967295,0,0
oInvCollPH,976,208,000411FE,0,1,1,4294967295,0,0
oInvCollPH,976,192,002CCFA2,0,1,1,4294967295,0,0
oInvCollPH,976,176,0005685E,0,1,1,4294967295,0,0
oInvCollPH,976,160,0032582D,0,1,1,4294967295,0,0
oInvCollPH,976,144,002E3B8E,0,1,1,4294967295,0,0
oInvCollPH,976,128,003D59C6,0,1,1,4294967295,0,0
oInvCollPH,976,112,003AC94D,0,1,1,4294967295,0,0
oInvCollPH,976,96,003BD868,0,1,1,4294967295,0,0
oInvCollPH,976,80,0034A3EE,0,1,1,4294967295,0,0
oInvCollPH,976,64,000AA095,0,1,1,4294967295,0,0
oInvCollPH,960,64,0004F855,0,1,1,4294967295,0,0
oInvCollPH,944,64,000104E9,0,1,1,4294967295,0,0
oInvCollPH,928,64,000FC3A7,0,1,1,4294967295,0,0
oInvCollPH,912,64,00230380,0,1,1,4294967295,0,0
oInvCollPH,896,64,0019AF79,0,1,1,4294967295,0,0
oInvCollPH,880,64,002C2449,0,1,1,4294967295,0,0
oInvCollPH,1056,16,00240231,0,1,1,4294967295,0,0
oInvCollPH,1056,32,000F4F13,0,1,1,4294967295,0,0
oInvCollPH,1056,48,00026DF5,0,1,1,4294967295,0,0
oInvCollPH,1056,64,0027BCD8,0,1,1,4294967295,0,0
oInvCollPH,1056,80,00166728,0,1,1,4294967295,0,0
oInvCollPH,1056,96,003EDCC7,0,1,1,4294967295,0,0
oInvCollPH,1056,112,001C9A6C,0,1,1,4294967295,0,0
oInvCollPH,1120,112,003268B9,0,1,1,4294967295,0,0
oInvCollPH,1136,112,0031B78D,0,1,1,4294967295,0,0
oInvCollPH,1152,144,003353CF,0,1,1,4294967295,0,0
oInvCollPH,1168,112,0028DEC1,0,1,1,4294967295,0,0
oInvCollPH,1168,96,000E3174,0,1,1,4294967295,0,0
oInvCollPH,1168,80,00252E7B,0,1,1,4294967295,0,0
oInvCollPH,1168,64,003F361B,0,1,1,4294967295,0,0
oInvCollPH,1168,48,00272473,0,1,1,4294967295,0,0
oInvCollPH,1168,32,0024F914,0,1,1,4294967295,0,0
oInvCollPH,1168,16,00014612,0,1,1,4294967295,0,0
oInvCollPH,1168,0,002AC83C,0,1,1,4294967295,0,0
oInvCollPH,1168,256,00024D9B,0,1,1,4294967295,0,0
oInvCollPH,1152,256,003F7E3A,0,1,1,4294967295,0,0
oInvCollPH,1136,256,001DD99C,0,1,1,4294967295,0,0
oInvCollPH,1120,256,003065D4,0,1,1,4294967295,0,0
oInvCollPH,1104,256,002501E4,0,1,1,4294967295,0,0
oInvCollPH,1088,256,0006AF61,0,1,1,4294967295,0,0
oInvCollPH,1072,256,0028E783,0,1,1,4294967295,0,0
oInvCollPH,1056,272,00067A2F,0,1,1,4294967295,0,0
oInvCollPH,1056,288,001B5ED6,0,1,1,4294967295,0,0
oInvCollPH,1056,304,0010EA1C,0,1,1,4294967295,0,0
oInvCollPH,1072,304,00301872,0,1,1,4294967295,0,0
oInvCollPH,1088,304,0006A469,0,1,1,4294967295,0,0
oInvCollPH,1104,304,003E1B38,0,1,1,4294967295,0,0
oInvCollPH,1120,304,000A5016,0,1,1,4294967295,0,0
oInvCollPH,1136,304,004042B8,0,1,1,4294967295,0,0
oInvCollPH,1152,304,00081B02,0,1,1,4294967295,0,0
oInvCollPH,1168,304,0027251D,0,1,1,4294967295,0,0
oInvCollPH,1184,304,00221173,0,1,1,4294967295,0,0
oInvCollPH,1184,256,000B850A,0,1,1,4294967295,0,0
oInvCollPH,1200,256,001CF9F7,0,1,1,4294967295,0,0
oInvCollPH,1200,304,000D8CE4,0,1,1,4294967295,0,0
oInvCollPH,1264,256,002974E9,0,1,1,4294967295,0,0
oInvCollPH,1248,256,0016A59A,0,1,1,4294967295,0,0
oInvCollPH,1232,256,002A199A,0,1,1,4294967295,0,0
oInvCollPH,1216,256,002A4F23,0,1,1,4294967295,0,0
oInvCollPH,1216,304,002BD444,0,1,1,4294967295,0,0
oInvCollPH,1232,304,003803AA,0,1,1,4294967295,0,0
oInvCollPH,1248,304,00267041,0,1,1,4294967295,0,0
oInvCollPH,1264,304,001F30D8,0,1,1,4294967295,0,0
oInvCollPH,1280,304,000FD5B2,0,1,1,4294967295,0,0
oInvCollPH,1296,304,000C48B1,0,1,1,4294967295,0,0
oInvCollPH,1312,304,001BFE4F,0,1,1,4294967295,0,0
oInvCollPH,1328,304,0028AB9D,0,1,1,4294967295,0,0
oInvCollPH,1344,304,0026FEE0,0,1,1,4294967295,0,0
oInvCollPH,1360,304,000E5F91,0,1,1,4294967295,0,0
oInvCollPH,1360,288,001574BC,0,1,1,4294967295,0,0
oInvCollPH,1360,272,002D888A,0,1,1,4294967295,0,0
oInvCollPH,1360,256,001BC67D,0,1,1,4294967295,0,0
oInvCollPH,1328,256,000E0CE0,0,1,1,4294967295,0,0
oInvCollPH,1312,256,0033D836,0,1,1,4294967295,0,0
oInvCollPH,1296,256,0016F978,0,1,1,4294967295,0,0
oInvCollPH,1280,256,00055AC5,0,1,1,4294967295,0,0
oInvCollPH,1360,128,0019D2BB,0,1,1,4294967295,0,0
oInvCollPH,1360,144,0036561B,0,1,1,4294967295,0,0
oInvCollPH,1360,160,0026C012,0,1,1,4294967295,0,0
oInvCollPH,1360,176,003046C8,0,1,1,4294967295,0,0
oInvCollPH,1360,192,00370F9E,0,1,1,4294967295,0,0
oInvCollPH,1360,208,001117B4,0,1,1,4294967295,0,0
oInvCollPH,1360,224,003FACFA,0,1,1,4294967295,0,0
oInvCollPH,1360,240,0018AB9E,0,1,1,4294967295,0,0
oInvCollPH,1344,240,003C95A5,0,1,1,4294967295,0,0
oInvCollPH,1344,224,003496F5,0,1,1,4294967295,0,0
oInvCollPH,1344,208,0014B957,0,1,1,4294967295,0,0
oInvCollPH,1344,192,0036B7F5,0,1,1,4294967295,0,0
oInvCollPH,1344,176,0013352A,0,1,1,4294967295,0,0
oInvCollPH,1344,160,003545A3,0,1,1,4294967295,0,0
oInvCollPH,1344,144,00247770,0,1,1,4294967295,0,0
oInvCollPH,1504,16,000620F4,0,1,1,4294967295,0,0
oInvCollPH,1504,80,00077669,0,1,1,4294967295,0,0
oInvCollPH,1520,64,00195A55,0,1,1,4294967295,0,0
oInvCollPH,1520,16,001131A5,0,1,1,4294967295,0,0
oInvCollPH,1520,0,00156F45,0,1,1,4294967295,0,0
oInvCollPH,1632,16,0038B940,0,1,1,4294967295,0,0
oInvCollPH,1632,32,0023919A,0,1,1,4294967295,0,0
oInvCollPH,1632,48,003C5EF9,0,1,1,4294967295,0,0
oInvCollPH,1632,64,00123687,0,1,1,4294967295,0,0
oInvCollPH,1632,80,0027C98A,0,1,1,4294967295,0,0
oInvCollPH,1632,96,0014C193,0,1,1,4294967295,0,0
oInvCollPH,1632,112,003EE750,0,1,1,4294967295,0,0
oInvCollPH,1664,112,000E4CF9,0,1,1,4294967295,0,0
oInvCollPH,1680,96,003CD33B,0,1,1,4294967295,0,0
oInvCollPH,1648,80,002E662C,0,1,1,4294967295,0,0
oInvCollPH,1648,64,0033F363,0,1,1,4294967295,0,0
oInvCollPH,1648,48,002A471D,0,1,1,4294967295,0,0
oInvCollPH,1696,32,0007B61D,0,1,1,4294967295,0,0
oInvCollPH,1680,32,0018C9C6,0,1,1,4294967295,0,0
oInvCollPH,1664,32,000917A7,0,1,1,4294967295,0,0
oInvCollPH,1440,144,0025A600,0,1,1,4294967295,0,0
oInvCollPH,1440,160,000151E6,0,1,1,4294967295,0,0
oInvCollPH,1440,176,003D3A55,0,1,1,4294967295,0,0
oInvCollPH,1456,192,00066B10,0,1,1,4294967295,0,0
oInvCollPH,1456,128,0001071C,0,1,1,4294967295,0,0
oInvCollPH,1472,128,001D54CF,0,1,1,4294967295,0,0
oInvCollPH,1488,128,00011335,0,1,1,4294967295,0,0
oInvCollPH,1472,176,000ABBB8,0,1,1,4294967295,0,0
oInvCollPH,1488,176,002BA215,0,1,1,4294967295,0,0
oInvCollPH,1504,112,00190A7B,0,1,1,4294967295,0,0
oInvCollPH,1520,112,002CBE0B,0,1,1,4294967295,0,0
oInvCollPH,1536,128,000DBF0F,0,1,1,4294967295,0,0
oInvCollPH,1552,128,0005BA30,0,1,1,4294967295,0,0
oInvCollPH,1504,176,003CBA9C,0,1,1,4294967295,0,0
oInvCollPH,1520,176,00071BD6,0,1,1,4294967295,0,0
oInvCollPH,1536,176,000522D1,0,1,1,4294967295,0,0
oInvCollPH,1552,176,0019033C,0,1,1,4294967295,0,0
oInvCollPH,1568,176,0013D259,0,1,1,4294967295,0,0
oInvCollPH,1584,176,001487F4,0,1,1,4294967295,0,0
oInvCollPH,1600,176,001C8A78,0,1,1,4294967295,0,0
oInvCollPH,1616,176,00293406,0,1,1,4294967295,0,0
oInvCollPH,1632,176,00388BE8,0,1,1,4294967295,0,0
oInvCollPH,1648,176,0020EB62,0,1,1,4294967295,0,0
oInvCollPH,1648,160,003E5949,0,1,1,4294967295,0,0
oInvCollPH,1648,144,001F9819,0,1,1,4294967295,0,0
oInvCollPH,1648,128,0012212E,0,1,1,4294967295,0,0
oInvCollPH,1632,128,00204A24,0,1,1,4294967295,0,0
oInvCollPH,1616,128,003DC039,0,1,1,4294967295,0,0
oInvCollPH,1600,128,001879AC,0,1,1,4294967295,0,0
oInvCollPH,1584,128,000604A7,0,1,1,4294967295,0,0
oInvCollPH,1568,128,0034ACE3,0,1,1,4294967295,0,0
oInvCollPH,1440,208,00005B5A,0,1,1,4294967295,0,0
oInvCollPH,1440,224,002E1177,0,1,1,4294967295,0,0
oInvCollPH,1456,224,001A3266,0,1,1,4294967295,0,0
oInvCollPH,1456,208,003CD58E,0,1,1,4294967295,0,0
oInvCollPH,1152,160,0016DB16,0,1,1,4294967295,0,0
oInvCollPH,1168,160,002C2C90,0,1,1,4294967295,0,0
oInvCollPH,1168,144,00254CC0,0,1,1,4294967295,0,0
oInvCollPH,1168,128,002016F4,0,1,1,4294967295,0,0
oInvCollPH,1520,80,0000A3A0,0,1,1,4294967295,0,0
oInvCollPH,1520,96,0028A16C,0,1,1,4294967295,0,0
oInvCollPH,1504,96,00320226,0,1,1,4294967295,0,0
oInvCollPH,1680,112,00197B8F,0,1,1,4294967295,0,0
oInvCollPH,1696,112,00302BCE,0,1,1,4294967295,0,0
oInvCollPH,1712,112,000962E8,0,1,1,4294967295,0,0
oInvCollPH,1728,112,000B935A,0,1,1,4294967295,0,0
oInvCollPH,1744,112,0014321B,0,1,1,4294967295,0,0
oInvCollPH,1744,96,00268FDB,0,1,1,4294967295,0,0
oInvCollPH,1728,96,00158D0D,0,1,1,4294967295,0,0
oInvCollPH,1712,96,003D0711,0,1,1,4294967295,0,0
oInvCollPH,1696,96,003EA49F,0,1,1,4294967295,0,0
oInvCollPH,1712,32,001DAB9E,0,1,1,4294967295,0,0
oInvCollPH,1728,48,0039CEDB,0,1,1,4294967295,0,0
oInvCollPH,1744,48,00151A51,0,1,1,4294967295,0,0
oInvCollPH,1744,32,000416CD,0,1,1,4294967295,0,0
oInvCollPH,1744,16,00390290,0,1,1,4294967295,0,0
oInvCollPH,1744,0,003DB0B4,0,1,1,4294967295,0,0
oInvCollPH,2096,16,001E383F,0,1,1,4294967295,0,0
oInvCollPH,2112,16,0035212B,0,1,1,4294967295,0,0
oInvCollPH,2128,16,000F9B0F,0,1,1,4294967295,0,0
oInvCollPH,2144,16,0033ECA6,0,1,1,4294967295,0,0
oInvCollPH,2048,160,0037A22E,0,1,1,4294967295,0,0
oInvCollPH,2064,160,0028E092,0,1,1,4294967295,0,0
oInvCollPH,2080,160,002F9DA3,0,1,1,4294967295,0,0
oInvCollPH,2096,160,003FD812,0,1,1,4294967295,0,0
oInvCollPH,2112,160,001E5F55,0,1,1,4294967295,0,0
oInvCollPH,2128,160,000534C2,0,1,1,4294967295,0,0
oInvCollPH,2144,160,00047C2F,0,1,1,4294967295,0,0
oInvCollPH,2032,176,001B5694,0,1,1,4294967295,0,0
oInvCollPH,2032,192,003A88C1,0,1,1,4294967295,0,0
oInvCollPH,2032,208,00180975,0,1,1,4294967295,0,0
oInvCollPH,2048,208,002795DD,0,1,1,4294967295,0,0
oInvCollPH,2064,208,001A464E,0,1,1,4294967295,0,0
oInvCollPH,2080,208,001508AC,0,1,1,4294967295,0,0
oInvCollPH,2096,208,0007C1DD,0,1,1,4294967295,0,0
oInvCollPH,2112,208,002053E1,0,1,1,4294967295,0,0
oInvCollPH,2128,208,00328660,0,1,1,4294967295,0,0
oInvCollPH,2144,208,003333DF,0,1,1,4294967295,0,0
oInvCollPH,2160,208,0030610B,0,1,1,4294967295,0,0
oInvCollPH,2176,208,003C671D,0,1,1,4294967295,0,0
oInvCollPH,2192,208,002711F8,0,1,1,4294967295,0,0
oInvCollPH,2208,208,0017261B,0,1,1,4294967295,0,0
oInvCollPH,2208,192,000AB4FB,0,1,1,4294967295,0,0
oInvCollPH,2208,176,0026F4C0,0,1,1,4294967295,0,0
oInvCollPH,2208,160,00004170,0,1,1,4294967295,0,0
oInvCollPH,2192,160,000461E0,0,1,1,4294967295,0,0
oInvCollPH,2176,160,0017BD9E,0,1,1,4294967295,0,0
oInvCollPH,2160,160,00042177,0,1,1,4294967295,0,0
oInvCollPH,2032,16,000B54C9,0,1,1,4294967295,0,0
oInvCollPH,2032,32,00289769,0,1,1,4294967295,0,0
oInvCollPH,2032,48,000B3446,0,1,1,4294967295,0,0
oInvCollPH,2032,64,001B9116,0,1,1,4294967295,0,0
oInvCollPH,2032,80,002C0C2E,0,1,1,4294967295,0,0
oInvCollPH,2048,80,0022E503,0,1,1,4294967295,0,0
oInvCollPH,2064,80,000FD853,0,1,1,4294967295,0,0
oInvCollPH,2080,80,00321C24,0,1,1,4294967295,0,0
oInvCollPH,2080,64,001D1ACF,0,1,1,4294967295,0,0
oInvCollPH,2080,48,0031FF01,0,1,1,4294967295,0,0
oInvCollPH,2080,32,0002C6DE,0,1,1,4294967295,0,0
oInvCollPH,2160,32,00035660,0,1,1,4294967295,0,0
oInvCollPH,2160,48,0009CD43,0,1,1,4294967295,0,0
oInvCollPH,2160,64,001BDE24,0,1,1,4294967295,0,0
oInvCollPH,2160,80,001CBA81,0,1,1,4294967295,0,0
oInvCollPH,2176,80,00190E1A,0,1,1,4294967295,0,0
oInvCollPH,2192,80,003A774D,0,1,1,4294967295,0,0
oInvCollPH,2208,80,003AE2BE,0,1,1,4294967295,0,0
oInvCollPH,2224,80,0008DA3D,0,1,1,4294967295,0,0
oInvCollPH,2240,80,000C78DE,0,1,1,4294967295,0,0
oInvCollPH,2240,64,001EFD22,0,1,1,4294967295,0,0
oInvCollPH,2240,48,0022582A,0,1,1,4294967295,0,0
oInvCollPH,2240,32,00001887,0,1,1,4294967295,0,0
oInvCollPH,2240,16,0016A108,0,1,1,4294967295,0,0
oInvCollPH,2240,0,00163A45,0,1,1,4294967295,0,0
oInvCollPH,2272,0,002741DE,0,1,1,4294967295,0,0
oInvCollPH,2272,16,0007CE9B,0,1,1,4294967295,0,0
oInvCollPH,2304,32,0018905E,0,1,1,4294967295,0,0
oInvCollPH,2288,48,0016BDBC,0,1,1,4294967295,0,0
oInvCollPH,2256,96,001E1B08,0,1,1,4294967295,0,0
oInvCollPH,2256,112,00099A14,0,1,1,4294967295,0,0
oInvCollPH,2256,128,001EB19A,0,1,1,4294967295,0,0
oInvCollPH,2256,144,00396FA7,0,1,1,4294967295,0,0
oInvCollPH,2256,160,003A0677,0,1,1,4294967295,0,0
oInvCollPH,2256,176,0006A926,0,1,1,4294967295,0,0
oInvCollPH,2272,176,002BF471,0,1,1,4294967295,0,0
oInvCollPH,2272,160,002DD06B,0,1,1,4294967295,0,0
oInvCollPH,2304,128,00403169,0,1,1,4294967295,0,0
oInvCollPH,2272,128,00394302,0,1,1,4294967295,0,0
oInvCollPH,2272,112,002CADF2,0,1,1,4294967295,0,0
oInvCollPH,2272,96,0035BC77,0,1,1,4294967295,0,0
oInvCollPH,2256,272,0019CD54,0,1,1,4294967295,0,0
oInvCollPH,2256,288,00064D33,0,1,1,4294967295,0,0
oInvCollPH,2256,304,0000222B,0,1,1,4294967295,0,0
oInvCollPH,2272,256,000FB187,0,1,1,4294967295,0,0
oInvCollPH,2288,256,0019C4A7,0,1,1,4294967295,0,0
oInvCollPH,2304,256,0036C9B5,0,1,1,4294967295,0,0
oInvCollPH,2304,272,00184550,0,1,1,4294967295,0,0
oInvCollPH,2304,288,000F527C,0,1,1,4294967295,0,0
oInvCollPH,2304,304,001C3769,0,1,1,4294967295,0,0
oInvCollPH,2288,304,0033138E,0,1,1,4294967295,0,0
oInvCollPH,2272,304,003BF85D,0,1,1,4294967295,0,0
oInvCollPH,2624,256,002A7369,0,1,1,4294967295,0,0
oInvCollPH,2640,256,0039CA2B,0,1,1,4294967295,0,0
oInvCollPH,2656,256,001DDAE1,0,1,1,4294967295,0,0
oInvCollPH,2672,256,000ECF7E,0,1,1,4294967295,0,0
oInvCollPH,2688,256,00192853,0,1,1,4294967295,0,0
oInvCollPH,2704,256,001272F9,0,1,1,4294967295,0,0
oInvCollPH,2720,256,00295973,0,1,1,4294967295,0,0
oInvCollPH,2608,272,000BE8D1,0,1,1,4294967295,0,0
oInvCollPH,2608,288,00337771,0,1,1,4294967295,0,0
oInvCollPH,2608,304,000A81E9,0,1,1,4294967295,0,0
oInvCollPH,2608,320,001D0D53,0,1,1,4294967295,0,0
oInvCollPH,2608,336,002FBDC5,0,1,1,4294967295,0,0
oInvCollPH,2672,16,00044D0B,0,1,1,4294967295,0,0
oInvCollPH,2672,32,001C06A4,0,1,1,4294967295,0,0
oInvCollPH,2672,48,00101BB4,0,1,1,4294967295,0,0
oInvCollPH,2672,64,00243343,0,1,1,4294967295,0,0
oInvCollPH,2672,80,0022E678,0,1,1,4294967295,0,0
oInvCollPH,2672,96,003803C7,0,1,1,4294967295,0,0
oInvCollPH,2672,112,0028EC1D,0,1,1,4294967295,0,0
oInvCollPH,2672,128,000CEC88,0,1,1,4294967295,0,0
oInvCollPH,2672,144,0025B379,0,1,1,4294967295,0,0
oInvCollPH,2672,160,003C3A8A,0,1,1,4294967295,0,0
oInvCollPH,2672,176,0005B280,0,1,1,4294967295,0,0
oInvCollPH,2688,176,0020D7E7,0,1,1,4294967295,0,0
oInvCollPH,2704,176,0021FD15,0,1,1,4294967295,0,0
oInvCollPH,2720,176,001537B3,0,1,1,4294967295,0,0
oInvCollPH,2272,80,00035ED6,0,1,1,4294967295,0,0
oInvCollPH,2272,64,00111303,0,1,1,4294967295,0,0
oInvCollPH,2304,80,002D233D,0,1,1,4294967295,0,0
oInvCollPH,2320,48,0033CD9A,0,1,1,4294967295,0,0
oInvCollPH,2336,48,002132ED,0,1,1,4294967295,0,0
oInvCollPH,2352,48,000E2D35,0,1,1,4294967295,0,0
oInvCollPH,2368,48,002D02B7,0,1,1,4294967295,0,0
oInvCollPH,2384,48,000A6BF7,0,1,1,4294967295,0,0
oInvCollPH,2400,48,0017FF56,0,1,1,4294967295,0,0
oInvCollPH,2416,48,0006FF1A,0,1,1,4294967295,0,0
oInvCollPH,2432,48,0012A18A,0,1,1,4294967295,0,0
oInvCollPH,2448,48,001F8662,0,1,1,4294967295,0,0
oInvCollPH,2464,48,0007578A,0,1,1,4294967295,0,0
oInvCollPH,2480,48,00136098,0,1,1,4294967295,0,0
oInvCollPH,2496,48,0029C2BE,0,1,1,4294967295,0,0
oInvCollPH,2512,48,0003750D,0,1,1,4294967295,0,0
oInvCollPH,2528,48,002A00A7,0,1,1,4294967295,0,0
oInvCollPH,2544,48,00077EAF,0,1,1,4294967295,0,0
oInvCollPH,2560,48,0036F565,0,1,1,4294967295,0,0
oInvCollPH,2576,48,0019A9A6,0,1,1,4294967295,0,0
oInvCollPH,2592,48,00152D74,0,1,1,4294967295,0,0
oInvCollPH,2592,32,0000D7B1,0,1,1,4294967295,0,0
oInvCollPH,2576,32,00323FC4,0,1,1,4294967295,0,0
oInvCollPH,2560,32,00245718,0,1,1,4294967295,0,0
oInvCollPH,2544,32,001869DB,0,1,1,4294967295,0,0
oInvCollPH,2528,32,0009C327,0,1,1,4294967295,0,0
oInvCollPH,2512,32,0036B80B,0,1,1,4294967295,0,0
oInvCollPH,2496,32,001FBD1A,0,1,1,4294967295,0,0
oInvCollPH,2480,32,001C0AF9,0,1,1,4294967295,0,0
oInvCollPH,2464,32,0003D8B5,0,1,1,4294967295,0,0
oInvCollPH,2448,32,0012826B,0,1,1,4294967295,0,0
oInvCollPH,2432,32,000045B9,0,1,1,4294967295,0,0
oInvCollPH,2416,32,0035D7EC,0,1,1,4294967295,0,0
oInvCollPH,2400,32,00187CA5,0,1,1,4294967295,0,0
oInvCollPH,2384,32,003424C2,0,1,1,4294967295,0,0
oInvCollPH,2368,32,003C964D,0,1,1,4294967295,0,0
oInvCollPH,2352,32,0033DA1E,0,1,1,4294967295,0,0
oInvCollPH,2336,32,003CF4AF,0,1,1,4294967295,0,0
oInvCollPH,2320,32,003C08E0,0,1,1,4294967295,0,0
oInvCollPH,2304,144,00172D94,0,1,1,4294967295,0,0
oInvCollPH,2304,96,0032A7E2,0,1,1,4294967295,0,0
oInvCollPH,2304,112,002A8E39,0,1,1,4294967295,0,0
oInvCollSM,1520,32,00129DB7,0,1,1,4294967295,0,0
oInvCollSM,1744,64,0035DEA5,0,1,1,4294967295,0,0
oInvCollPH,2192,320,001FCB67,0,1,1,4294967295,0,0
oInvCollPH,2192,336,003A525E,0,1,1,4294967295,0,0
oInvCollPH,2208,304,002A5BFD,0,1,1,4294967295,0,0
oInvCollPH,2208,320,00139E57,0,1,1,4294967295,0,0
oInvCollPH,2208,336,001D74DF,0,1,1,4294967295,0,0
oInvisibleSolid,0,0,001FEA5A,0,1,1,4294967295,0,1
oInvisibleSolid,0,224,0027D191,0,1,1,4294967295,0,1
oInvisibleSolid,704,0,003EBAA5,0,1,1,4294967295,0,1
oInvisibleSolid,864,64,00088584,0,1,1,4294967295,0,1
oInvisibleSolid,1056,0,0017CF8F,0,1,1,4294967295,0,1
oInvisibleSolid,1056,128,003F82AF,0,1,1,4294967295,0,1
oInvisibleSolid,1056,256,00101586,0,1,1,4294967295,0,1
oInvisibleSolid,1344,128,00364623,0,1,1,4294967295,0,1
oInvisibleSolid,1440,128,0022DF70,0,1,1,4294967295,0,1
oInvisibleSolid,1504,64,001EDDBD,0,1,1,4294967295,0,1
oInvisibleSolid,1632,0,002CC780,0,1,1,4294967295,0,1
oInvisibleSolid,1440,192,000904E4,0,1,1,4294967295,0,1
oInvisibleSolid,1152,128,000154F0,0,1,1,4294967295,0,1
oInvisibleSolid,1504,0,00107C38,0,1,1,4294967295,0,1
oInvisibleSolid,1664,96,001E57E9,0,1,1,4294967295,0,1
oInvisibleSolid,1728,0,0014FC68,0,1,1,4294967295,0,1
oInvisibleSolid,1664,0,002C6DE4,0,1,1,4294967295,0,1
oInvisibleSolid,2032,0,0011E87C,0,1,1,4294967295,0,1
oInvisibleSolid,2096,0,0032CB4C,0,1,1,4294967295,0,1
oInvisibleSolid,2160,0,000FD96E,0,1,1,4294967295,0,1
oInvisibleSolid,2032,160,001999F3,0,1,1,4294967295,0,1
oInvisibleSolid,2288,32,002998AA,0,1,1,4294967295,0,1
oInvisibleSolid,2256,0,0013172D,0,1,1,4294967295,0,1
oInvisibleSolid,2256,256,00265AD0,0,1,1,4294967295,0,1
oInvisibleSolid,2608,256,002D55ED,0,1,1,4294967295,0,1
oInvisibleSolid,2672,0,0015FF62,0,1,1,4294967295,0,1
oInvisibleSolid,2288,144,001DBB96,0,1,1,4294967295,0,1
oInvisibleSolid,2304,64,0014C244,0,1,1,4294967295,0,1
oInvisibleSolidMorph,1504,32,00048195,0,1,1,4294967295,0,1
oInvisibleSolidMorph,1728,64,000290A4,0,1,1,4294967295,0,1
oInvisibleSolid,2192,304,00167308,0,1,1,4294967295,0,1
