oExit,0,128,002A4AC9,0,1,1,4294967295,0,1
oExit,1136,128,0015C205,0,1,1,4294967295,0,1
oMoneyChest,592,624,0010A3BE,0,1,1,4294967295,0,1
oMoneyChest,656,624,00084757,0,1,1,4294967295,0,1
oAbominationMain,624,624,001E1B26,0,1,1,4294967295,0,0
oPlayer1,48,160,00277929,0,1,1,4294967295,0,0
oInvCollPH,16,160,002F1FC3,0,1,1,4294967295,0,0
oInvCollPH,32,160,00081948,0,1,1,4294967295,0,0
oInvCollPH,64,160,00100A47,0,1,1,4294967295,0,0
oInvCollPH,80,160,0004A4E2,0,1,1,4294967295,0,0
oInvCollPH,96,160,0020A5D5,0,1,1,4294967295,0,0
oInvCollPH,112,160,0002120D,0,1,1,4294967295,0,0
oInvCollPH,128,160,00140E52,0,1,1,4294967295,0,0
oInvCollPH,208,224,00395805,0,1,1,4294967295,0,0
oInvCollPH,208,304,00198C79,0,1,1,4294967295,0,0
oInvCollPH,224,304,002CC21D,0,1,1,4294967295,0,0
oInvCollPH,240,384,00026341,0,1,1,4294967295,0,0
oInvCollPH,224,384,000A1E58,0,1,1,4294967295,0,0
oInvCollPH,208,384,00003628,0,1,1,4294967295,0,0
oInvCollPH,224,464,0021DE9B,0,1,1,4294967295,0,0
oInvCollPH,208,464,000E626C,0,1,1,4294967295,0,0
oInvCollPH,240,464,0019190A,0,1,1,4294967295,0,0
oInvCollPH,256,464,0015048C,0,1,1,4294967295,0,0
oInvCollPH,272,544,002BBC7B,0,1,1,4294967295,0,0
oInvCollPH,256,544,002BCACF,0,1,1,4294967295,0,0
oInvCollPH,240,544,0033DF0D,0,1,1,4294967295,0,0
oInvCollPH,224,544,002CF6F7,0,1,1,4294967295,0,0
oInvCollPH,208,544,00014DB8,0,1,1,4294967295,0,0
oInvCollPH,208,624,0036B151,0,1,1,4294967295,0,0
oInvCollPH,224,624,000493CA,0,1,1,4294967295,0,0
oInvCollPH,240,624,001B9FB7,0,1,1,4294967295,0,0
oInvCollPH,256,624,0016A150,0,1,1,4294967295,0,0
oInvCollPH,272,624,0005E2B9,0,1,1,4294967295,0,0
oInvCollPH,288,624,0004FB68,0,1,1,4294967295,0,0
oInvCollPH,304,624,003C983D,0,1,1,4294967295,0,0
oInvCollPH,320,624,002A99F7,0,1,1,4294967295,0,0
oInvCollPH,336,624,00047B19,0,1,1,4294967295,0,0
oInvCollPH,352,624,00243631,0,1,1,4294967295,0,0
oInvCollPH,368,624,002D5E34,0,1,1,4294967295,0,0
oInvCollPH,384,624,003C6C6D,0,1,1,4294967295,0,0
oInvCollPH,400,624,002E8E42,0,1,1,4294967295,0,0
oInvCollPH,416,624,003ED186,0,1,1,4294967295,0,0
oInvCollPH,432,624,001EDCC1,0,1,1,4294967295,0,0
oInvCollPH,448,624,00153E7A,0,1,1,4294967295,0,0
oInvCollPH,464,624,000FD544,0,1,1,4294967295,0,0
oInvCollPH,480,624,0014270A,0,1,1,4294967295,0,0
oInvCollPH,496,624,000BA278,0,1,1,4294967295,0,0
oInvCollPH,512,624,0038A620,0,1,1,4294967295,0,0
oInvCollPH,528,624,003E9405,0,1,1,4294967295,0,0
oInvCollPH,544,624,002784E1,0,1,1,4294967295,0,0
oInvCollPH,560,624,002A7F81,0,1,1,4294967295,0,0
oInvCollPH,576,624,000BD442,0,1,1,4294967295,0,0
oInvCollPH,592,624,001AA7C8,0,1,1,4294967295,0,0
oInvCollPH,608,624,002D104C,0,1,1,4294967295,0,0
oInvCollPH,624,624,0013D544,0,1,1,4294967295,0,0
oInvCollPH,640,624,00018C47,0,1,1,4294967295,0,0
oInvCollPH,656,624,000F965B,0,1,1,4294967295,0,0
oInvCollPH,672,624,000286DC,0,1,1,4294967295,0,0
oInvCollPH,688,624,00138002,0,1,1,4294967295,0,0
oInvCollPH,704,624,0003778D,0,1,1,4294967295,0,0
oInvCollPH,720,624,0017343F,0,1,1,4294967295,0,0
oInvCollPH,736,624,003BC862,0,1,1,4294967295,0,0
oInvCollPH,752,624,0020B876,0,1,1,4294967295,0,0
oInvCollPH,768,624,00096580,0,1,1,4294967295,0,0
oInvCollPH,784,624,002A7060,0,1,1,4294967295,0,0
oInvCollPH,800,624,000D7000,0,1,1,4294967295,0,0
oInvCollPH,816,624,002E5960,0,1,1,4294967295,0,0
oInvCollPH,832,624,002B9F41,0,1,1,4294967295,0,0
oInvCollPH,848,624,0020722A,0,1,1,4294967295,0,0
oInvCollPH,864,624,002CBEAC,0,1,1,4294967295,0,0
oInvCollPH,880,624,00238C01,0,1,1,4294967295,0,0
oInvCollPH,896,624,0024DB91,0,1,1,4294967295,0,0
oInvCollPH,912,624,0031FD71,0,1,1,4294967295,0,0
oInvCollPH,928,624,002B79EF,0,1,1,4294967295,0,0
oInvCollPH,944,624,0028AFAB,0,1,1,4294967295,0,0
oInvCollPH,960,624,0017BB51,0,1,1,4294967295,0,0
oInvCollPH,976,624,00102B57,0,1,1,4294967295,0,0
oInvCollPH,992,624,0005FC90,0,1,1,4294967295,0,0
oInvCollPH,1008,624,000A1913,0,1,1,4294967295,0,0
oInvCollPH,1024,624,00061FDF,0,1,1,4294967295,0,0
oInvCollPH,1040,624,00070700,0,1,1,4294967295,0,0
oInvCollPH,144,160,00116B25,0,1,1,4294967295,0,0
oInvCollPH,160,160,000AA412,0,1,1,4294967295,0,0
oInvCollPH,176,160,001DEC8B,0,1,1,4294967295,0,0
oInvCollPH,176,176,00153854,0,1,1,4294967295,0,0
oInvCollPH,176,192,0037EFE7,0,1,1,4294967295,0,0
oInvCollPH,176,208,00384371,0,1,1,4294967295,0,0
oInvCollPH,176,240,00316A24,0,1,1,4294967295,0,0
oInvCollPH,176,256,00236E9A,0,1,1,4294967295,0,0
oInvCollPH,176,272,000A88EF,0,1,1,4294967295,0,0
oInvCollPH,176,288,002693C8,0,1,1,4294967295,0,0
oInvCollPH,176,320,00103A21,0,1,1,4294967295,0,0
oInvCollPH,176,336,0009CE62,0,1,1,4294967295,0,0
oInvCollPH,176,352,00210095,0,1,1,4294967295,0,0
oInvCollPH,176,368,000D346C,0,1,1,4294967295,0,0
oInvCollPH,176,400,00125110,0,1,1,4294967295,0,0
oInvCollPH,176,416,003C110E,0,1,1,4294967295,0,0
oInvCollPH,176,432,001DD42E,0,1,1,4294967295,0,0
oInvCollPH,176,448,0038F31E,0,1,1,4294967295,0,0
oInvCollPH,176,496,003BF83F,0,1,1,4294967295,0,0
oInvCollPH,176,512,001C7955,0,1,1,4294967295,0,0
oInvCollPH,176,528,0023F3DF,0,1,1,4294967295,0,0
oInvCollPH,176,560,000B48FF,0,1,1,4294967295,0,0
oInvCollPH,176,576,002CC1BA,0,1,1,4294967295,0,0
oInvCollPH,176,592,00053BC6,0,1,1,4294967295,0,0
oInvCollPH,176,608,00058849,0,1,1,4294967295,0,0
oInvCollPH,176,480,0027328E,0,1,1,4294967295,0,0
oInvCollPH,1040,224,0020BE27,0,1,1,4294967295,0,0
oInvCollPH,1024,304,0023AB2E,0,1,1,4294967295,0,0
oInvCollPH,1040,304,001F25FA,0,1,1,4294967295,0,0
oInvCollPH,1008,384,0017B1F8,0,1,1,4294967295,0,0
oInvCollPH,1024,384,001C956D,0,1,1,4294967295,0,0
oInvCollPH,1040,384,001A3A44,0,1,1,4294967295,0,0
oInvCollPH,992,464,000F4EA1,0,1,1,4294967295,0,0
oInvCollPH,1008,464,000C8A4C,0,1,1,4294967295,0,0
oInvCollPH,1024,464,003DAB09,0,1,1,4294967295,0,0
oInvCollPH,1040,464,002ACC9D,0,1,1,4294967295,0,0
oInvCollPH,976,544,0032E890,0,1,1,4294967295,0,0
oInvCollPH,992,544,000A4431,0,1,1,4294967295,0,0
oInvCollPH,1008,544,00226530,0,1,1,4294967295,0,0
oInvCollPH,1024,544,001BFF13,0,1,1,4294967295,0,0
oInvCollPH,1040,544,00006650,0,1,1,4294967295,0,0
oInvCollPH,1072,160,000D1B1E,0,1,1,4294967295,0,0
oInvCollPH,1088,160,000B38F0,0,1,1,4294967295,0,0
oInvCollPH,1104,160,001D2606,0,1,1,4294967295,0,0
oInvCollPH,1120,160,001A5DC4,0,1,1,4294967295,0,0
oInvCollPH,1136,160,000814CA,0,1,1,4294967295,0,0
oInvCollPH,1056,176,000C90D3,0,1,1,4294967295,0,0
oInvCollPH,1056,192,001ABD97,0,1,1,4294967295,0,0
oInvCollPH,1056,208,000BD2A6,0,1,1,4294967295,0,0
oInvCollPH,1056,240,0008A83D,0,1,1,4294967295,0,0
oInvCollPH,1056,256,00279B7C,0,1,1,4294967295,0,0
oInvCollPH,1056,272,0031AE1C,0,1,1,4294967295,0,0
oInvCollPH,1056,288,0006C9D3,0,1,1,4294967295,0,0
oInvCollPH,1056,320,00322905,0,1,1,4294967295,0,0
oInvCollPH,1056,336,003260B8,0,1,1,4294967295,0,0
oInvCollPH,1056,352,0004999C,0,1,1,4294967295,0,0
oInvCollPH,1056,368,002EB99B,0,1,1,4294967295,0,0
oInvCollPH,1056,400,0029471D,0,1,1,4294967295,0,0
oInvCollPH,1056,416,001CF7D3,0,1,1,4294967295,0,0
oInvCollPH,1056,432,00067988,0,1,1,4294967295,0,0
oInvCollPH,1056,448,003807BF,0,1,1,4294967295,0,0
oInvCollPH,1056,480,003FCC1A,0,1,1,4294967295,0,0
oInvCollPH,1056,496,001FC38A,0,1,1,4294967295,0,0
oInvCollPH,1056,512,0024D891,0,1,1,4294967295,0,0
oInvCollPH,1056,528,001F68F7,0,1,1,4294967295,0,0
oInvCollPH,1056,560,000FEC64,0,1,1,4294967295,0,0
oInvCollPH,1056,576,000703D2,0,1,1,4294967295,0,0
oInvCollPH,1056,592,00321024,0,1,1,4294967295,0,0
oInvCollPH,1056,608,0016AE85,0,1,1,4294967295,0,0
oInvCollPH,48,160,002A961C,0,1,1,4294967295,0,0
oInvisibleSolid,0,160,000DF536,0,1,1,4294967295,0,1
oInvisibleSolid,192,624,001453E4,0,1,1,4294967295,0,1
oInvisibleSolid,192,224,000A70C7,0,1,1,4294967295,0,1
oInvisibleSolid,192,304,00001B13,0,1,1,4294967295,0,1
oInvisibleSolid,192,384,00353655,0,1,1,4294967295,0,1
oInvisibleSolid,192,464,000B2ABD,0,1,1,4294967295,0,1
oInvisibleSolid,192,544,0034BD09,0,1,1,4294967295,0,1
oInvisibleSolid,1024,224,00000675,0,1,1,4294967295,0,1
oInvisibleSolid,1008,304,0003EF2A,0,1,1,4294967295,0,1
oInvisibleSolid,992,384,002BC1F9,0,1,1,4294967295,0,1
oInvisibleSolid,976,464,0013EE96,0,1,1,4294967295,0,1
oInvisibleSolid,960,544,0008CE38,0,1,1,4294967295,0,1
oInvisibleSolid,1056,160,0001FF69,0,1,1,4294967295,0,1
