oCh17SecDoor,1280,80,0025FC9D,0,1,1,4294967295,0,1
oCh17SecDoor,2080,64,000308D0,0,1,1,4294967295,0,1
oExit,0,160,001E8A3E,0,1,1,4294967295,0,1
oHPF_Console,288,320,00164103,0,1,1,4294967295,0,1
oHPF_Console,336,320,0026A287,0,1,1,4294967295,0,1
oHPF_EnergyBridge,480,352,00354F14,0,1,1,4294967295,0,1
oHPF_EnergyBridge,480,368,0011D83B,0,1,1,4294967295,0,1
oHPF_Console,1728,352,003F556C,0,1,1,4294967295,0,1
oExit,3472,320,0031207E,0,1,1,4294967295,0,1
oHeartPiece,1240,288,002A64B6,0,1,1,4294967295,0,1
oMoneyChest,3248,112,0017F886,0,1,1,4294967295,0,1
oZeldaBreakPot,2224,336,002397E4,0,1,1,4294967295,0,0
oLargeJumper,1796,329,003AED01,0,1,1,4294967295,0,0
oMarioSpikeFloor,896,240,000E8244,0,1,1,4294967295,0,0
oMarioSpikeFloor,912,240,001F67BD,0,1,1,4294967295,0,0
oMarioSpikeFloor,928,240,00387828,0,1,1,4294967295,0,0
oMarioSpikeFloor,944,240,003927BE,0,1,1,4294967295,0,0
oStaticSpike,704,336,003AA202,0,1,1,4294967295,0,0
oStaticSpike,720,336,001CB85A,0,1,1,4294967295,0,0
oStaticSpike,736,336,0014F934,0,1,1,4294967295,0,0
oStaticSpike,752,336,0022EB26,0,1,1,4294967295,0,0
oStaticSpike,768,336,003AF4A6,0,1,1,4294967295,0,0
oStaticSpike,784,336,001C5D84,0,1,1,4294967295,0,0
oStaticSpike,800,336,00282D49,0,1,1,4294967295,0,0
oStaticSpike,816,336,00044097,0,1,1,4294967295,0,0
oStaticSpike,832,336,002AC043,0,1,1,4294967295,0,0
oStaticSpike,848,336,00325FEC,0,1,1,4294967295,0,0
oStaticSpike,864,336,0000920E,0,1,1,4294967295,0,0
oStaticSpike,880,336,003C0519,0,1,1,4294967295,0,0
oStaticSpike,896,336,000EBCBC,0,1,1,4294967295,0,0
oStaticSpike,912,336,001A5062,0,1,1,4294967295,0,0
oStaticSpike,928,336,0033866F,0,1,1,4294967295,0,0
oStaticSpike,944,336,0017C670,0,1,1,4294967295,0,0
oStaticSpike,960,336,000F7E4D,0,1,1,4294967295,0,0
oStaticSpike,976,336,003DDB3E,0,1,1,4294967295,0,0
oStaticSpike,992,336,002EFF8D,0,1,1,4294967295,0,0
oStaticSpike,1008,336,00142F7C,0,1,1,4294967295,0,0
oStaticSpike,1024,336,003386E7,0,1,1,4294967295,0,0
oStaticSpike,1040,336,00309A65,0,1,1,4294967295,0,0
oStaticSpike,1056,336,0027882D,0,1,1,4294967295,0,0
oStaticSpike,1072,336,0006DDE2,0,1,1,4294967295,0,0
oStaticSpike,1088,336,0028A779,0,1,1,4294967295,0,0
oStaticSpike,1104,336,000F68F7,0,1,1,4294967295,0,0
oStaticSpike,1120,336,001332D4,0,1,1,4294967295,0,0
oStaticSpike,1136,336,003BC268,0,1,1,4294967295,0,0
oStaticSpike,1152,336,00176662,0,1,1,4294967295,0,0
oStaticSpike,1168,336,000D71E9,0,1,1,4294967295,0,0
oStaticSpike,1184,336,001BEF3E,0,1,1,4294967295,0,0
oStaticSpike,1200,336,003EB7FD,0,1,1,4294967295,0,0
oZapTrapRed,1888,352,000505E4,0,1,1,4294967295,0,1
oZapTrapRed,2016,224,001D52AD,0,1,1,4294967295,0,1
oZapTrapRed,2144,352,00159AB0,0,1,1,4294967295,0,1
oMarioSpikeCeiling,2240,112,000F33B3,0,1,1,4294967295,0,0
oMarioSpikeCeiling,2256,112,00103AC5,0,1,1,4294967295,0,0
oMarioSpikeCeiling,2272,112,000D02B0,0,1,1,4294967295,0,0
oMarioSpikeCeiling,2288,112,00035AD9,0,1,1,4294967295,0,0
oMarioSpikeCeiling,2304,112,0033A24D,0,1,1,4294967295,0,0
oMarioSpikeCeiling,2320,112,0014EAF6,0,1,1,4294967295,0,0
oMarioSpikeCeiling,2336,112,00135213,0,1,1,4294967295,0,0
oMarioSpikeCeiling,2352,112,0039E92F,0,1,1,4294967295,0,0
oMarioSpikeCeiling,2368,112,00128B89,0,1,1,4294967295,0,0
oMarioSpikeCeiling,2384,112,000E2B7D,0,1,1,4294967295,0,0
oMarioSpikeCeiling,2400,112,001B39F3,0,1,1,4294967295,0,0
oMarioSpikeCeiling,2416,112,0011997F,0,1,1,4294967295,0,0
oMarioSpikeCeiling,2432,112,00226981,0,1,1,4294967295,0,0
oMarioSpikeCeiling,2448,112,0015425C,0,1,1,4294967295,0,0
oMarioSpikeCeiling,2464,112,000B3AFF,0,1,1,4294967295,0,0
oMarioSpikeCeiling,2480,112,00080577,0,1,1,4294967295,0,0
oMarioSpikeCeiling,2496,112,00303350,0,1,1,4294967295,0,0
oMarioSpikeCeiling,2512,112,0027B8F8,0,1,1,4294967295,0,0
oMarioSpikeCeiling,2528,112,00317505,0,1,1,4294967295,0,0
oMarioSpikeCeiling,2544,112,00144A9A,0,1,1,4294967295,0,0
oMarioSpikeCeiling,2560,112,003AD8DE,0,1,1,4294967295,0,0
oMarioSpikeCeiling,2576,112,0007DBF5,0,1,1,4294967295,0,0
oMarioSpikeCeiling,2592,112,0031A460,0,1,1,4294967295,0,0
oMarioSpikeCeiling,2608,112,000F69A5,0,1,1,4294967295,0,0
oMarioSpikeCeiling,2656,112,00268448,0,1,1,4294967295,0,0
oMarioSpikeCeiling,2672,112,001BA6D0,0,1,1,4294967295,0,0
oMarioSpikeCeiling,2688,112,00282580,0,1,1,4294967295,0,0
oMarioSpikeCeiling,2704,112,00197264,0,1,1,4294967295,0,0
oMarioSpikeCeiling,2720,112,0020B07C,0,1,1,4294967295,0,0
oMarioSpikeCeiling,2736,112,0039B06F,0,1,1,4294967295,0,0
oMarioSpikeCeiling,2752,112,003CCA2C,0,1,1,4294967295,0,0
oMarioSpikeCeiling,2768,112,001A4AF2,0,1,1,4294967295,0,0
oMarioSpikeCeiling,2784,112,002B4F3D,0,1,1,4294967295,0,0
oMarioSpikeCeiling,2800,112,00363F65,0,1,1,4294967295,0,0
oMarioSpikeCeiling,2816,112,00298BE9,0,1,1,4294967295,0,0
oMarioSpikeCeiling,2832,112,0010CC30,0,1,1,4294967295,0,0
oMarioSpikeCeiling,2848,112,00351467,0,1,1,4294967295,0,0
oMarioSpikeCeiling,2864,112,002E4563,0,1,1,4294967295,0,0
oMarioSpikeCeiling,2880,112,003B33C3,0,1,1,4294967295,0,0
oMarioSpikeCeiling,2896,112,002C3034,0,1,1,4294967295,0,0
oMarioSpikeCeiling,2912,112,0006CF81,0,1,1,4294967295,0,0
oMarioSpikeCeiling,2928,112,0013216D,0,1,1,4294967295,0,0
oMarioSpikeCeiling,2944,112,0035D54E,0,1,1,4294967295,0,0
oMarioSpikeCeiling,2960,112,0008117E,0,1,1,4294967295,0,0
oMarioSpikeCeiling,2976,112,000A871D,0,1,1,4294967295,0,0
oMarioSpikeCeiling,2992,112,0037CDAE,0,1,1,4294967295,0,0
oZapTrapRed,2688,264,00349EF5,0,1,1,4294967295,0,1
oZapTrapRed,2880,200,001226F0,0,1,1,4294967295,0,1
oZapTrapRed,2576,224,000FCFDD,0,1,1,4294967295,0,1
oZapTrapRed,2480,288,003EE32A,0,1,1,4294967295,0,1
oZapTrapRed,2432,200,003AD64A,0,1,1,4294967295,0,1
oZapTrapRed,2400,200,002FC867,0,1,1,4294967295,0,1
oMovingTrapRed,2336,32,002BE967,0,1,1,4294967295,0,1
oMovingTrapRed,2448,32,00034C44,0,1,1,4294967295,0,1
oMovingTrapRed,2544,32,003645B9,0,1,1,4294967295,0,1
oMovingTrapRed,2624,32,00368C3C,0,1,1,4294967295,0,1
oMovingTrapRed,2704,32,002B278E,0,1,1,4294967295,0,1
oMovingTrapRed,2784,32,0016918E,0,1,1,4294967295,0,1
oMovingTrapRed,2856,32,000C924D,0,1,1,4294967295,0,1
oMovingTrapRed,2928,32,001A64AA,0,1,1,4294967295,0,1
oHexCircle,928,160,00215498,0,1,1,4294967295,0,1
oHexCircle,480,320,0034B663,0,1,1,4294967295,0,1
oHexCircle,480,320,00183787,0,1,1,4294967295,0,1
oInjectorVirus,480,176,0036D672,0,1,1,4294967295,0,1
oInjectorVirus,544,192,000C0368,0,1,1,4294967295,0,1
oInjectorVirus,592,224,00137FC0,0,1,1,4294967295,0,1
oInjectorVirus,624,272,0034322C,0,1,1,4294967295,0,1
oInjectorVirus,640,336,002BC46C,0,1,1,4294967295,0,1
oFacCamera,960,80,0017D9C6,0,1,1,4294967295,0,1
oFacCamera,1248,80,00191F99,0,1,1,4294967295,0,1
oFacCleaner,1120,144,00327ACF,0,1,1,4294967295,0,0
oInjectorVirus,752,16,002F628F,0,1,1,4294967295,0,1
oInjectorVirus,816,32,0009F79A,0,1,1,4294967295,0,1
oInjectorVirus,1760,112,00261699,0,1,1,4294967295,0,1
oInjectorVirus,1856,144,0002DE54,0,1,1,4294967295,0,1
oFacDrone,2480,240,00204265,0,1,1,4294967295,0,0
oMetroidBlockDisappear,3296,112,0018F7E8,0,1,1,4294967295,0,1
oMetroidBlockDisappear,3312,112,000A0163,0,1,1,4294967295,0,1
oMetroidBlockDisappear,3296,128,0024F40F,0,1,1,4294967295,0,1
oMetroidBlockDisappear,3312,128,00194B13,0,1,1,4294967295,0,1
oFacDrone,2704,192,001F6152,0,1,1,4294967295,0,0
oInjectorVirus,1568,112,0019E8A5,0,1,1,4294967295,0,1
oInjectorVirus,2336,384,000EEE26,0,1,1,4294967295,0,1
oInjectorVirus,2752,336,001AD135,0,1,1,4294967295,0,1
oInjectorVirus,2832,384,0027416B,0,1,1,4294967295,0,1
oPlayer1,48,192,0023070F,0,1,1,4294967295,0,0
oInvCollPH,0,80,001A6E8F,0,1,1,4294967295,0,0
oInvCollPH,16,80,0031E4A9,0,1,1,4294967295,0,0
oInvCollPH,32,80,0013D353,0,1,1,4294967295,0,0
oInvCollPH,48,80,001D193F,0,1,1,4294967295,0,0
oInvCollPH,64,80,0024C4B2,0,1,1,4294967295,0,0
oInvCollPH,80,80,0014B231,0,1,1,4294967295,0,0
oInvCollPH,16,192,003A31CF,0,1,1,4294967295,0,0
oInvCollPH,32,192,0024D683,0,1,1,4294967295,0,0
oInvCollPH,48,192,0035896B,0,1,1,4294967295,0,0
oInvCollPH,64,192,00349628,0,1,1,4294967295,0,0
oInvCollPH,80,192,00357E0A,0,1,1,4294967295,0,0
oInvCollPH,96,192,003840F8,0,1,1,4294967295,0,0
oInvCollPH,112,192,003796D6,0,1,1,4294967295,0,0
oInvCollPH,128,192,0020167F,0,1,1,4294967295,0,0
oInvCollPH,144,192,001A618C,0,1,1,4294967295,0,0
oInvCollPH,144,208,001D6060,0,1,1,4294967295,0,0
oInvCollPH,176,224,00175D27,0,1,1,4294967295,0,0
oInvCollPH,192,224,0027B710,0,1,1,4294967295,0,0
oInvCollPH,208,224,0021A9F8,0,1,1,4294967295,0,0
oInvCollPH,208,240,0026036C,0,1,1,4294967295,0,0
oInvCollPH,208,256,002DDCF2,0,1,1,4294967295,0,0
oInvCollPH,208,272,003D46A8,0,1,1,4294967295,0,0
oInvCollPH,224,288,00065F7E,0,1,1,4294967295,0,0
oInvCollPH,240,288,00349EB3,0,1,1,4294967295,0,0
oInvCollPH,240,304,00395484,0,1,1,4294967295,0,0
oInvCollPH,272,320,0021308B,0,1,1,4294967295,0,0
oInvCollPH,288,320,00249FC6,0,1,1,4294967295,0,0
oInvCollPH,304,320,003CE30F,0,1,1,4294967295,0,0
oInvCollPH,320,320,003A5978,0,1,1,4294967295,0,0
oInvCollPH,336,320,003C1E33,0,1,1,4294967295,0,0
oInvCollPH,352,320,002F98DE,0,1,1,4294967295,0,0
oInvCollPH,368,320,00048E30,0,1,1,4294967295,0,0
oInvCollPH,384,320,0014E1CB,0,1,1,4294967295,0,0
oInvCollPH,400,320,001079E0,0,1,1,4294967295,0,0
oInvCollPH,416,320,002EDEC5,0,1,1,4294967295,0,0
oInvCollPH,432,320,003DCC80,0,1,1,4294967295,0,0
oInvCollPH,448,320,000941C3,0,1,1,4294967295,0,0
oInvCollPH,464,320,003A2A49,0,1,1,4294967295,0,0
oInvCollPH,464,336,001CBE69,0,1,1,4294967295,0,0
oInvCollPH,464,352,002F26CD,0,1,1,4294967295,0,0
oInvCollPH,464,368,002DF4A7,0,1,1,4294967295,0,0
oInvCollPH,464,384,003FF40A,0,1,1,4294967295,0,0
oInvCollPH,464,400,0028E3DF,0,1,1,4294967295,0,0
oInvCollPH,464,144,000B8BC7,0,1,1,4294967295,0,0
oInvCollPH,448,128,001F7D81,0,1,1,4294967295,0,0
oInvCollPH,480,128,0005FAE6,0,1,1,4294967295,0,0
oInvCollPH,496,128,0034384B,0,1,1,4294967295,0,0
oInvCollPH,512,128,00046D1E,0,1,1,4294967295,0,0
oInvCollPH,528,128,001537DC,0,1,1,4294967295,0,0
oInvCollPH,544,128,001FD702,0,1,1,4294967295,0,0
oInvCollPH,560,128,001B0E64,0,1,1,4294967295,0,0
oInvCollPH,560,112,00346B35,0,1,1,4294967295,0,0
oInvCollPH,352,96,000E2C01,0,1,1,4294967295,0,0
oInvCollPH,368,96,0029D405,0,1,1,4294967295,0,0
oInvCollPH,384,96,00134C64,0,1,1,4294967295,0,0
oInvCollPH,400,96,0029B2FE,0,1,1,4294967295,0,0
oInvCollPH,416,96,00342851,0,1,1,4294967295,0,0
oInvCollPH,432,96,0008E38D,0,1,1,4294967295,0,0
oInvCollPH,560,96,0014E003,0,1,1,4294967295,0,0
oInvCollPH,560,80,00347F0D,0,1,1,4294967295,0,0
oInvCollPH,704,208,0021EC10,0,1,1,4294967295,0,0
oInvCollPH,720,192,002AFE94,0,1,1,4294967295,0,0
oInvCollPH,736,192,001329F9,0,1,1,4294967295,0,0
oInvCollPH,752,192,001A9007,0,1,1,4294967295,0,0
oInvCollPH,752,208,0035C71B,0,1,1,4294967295,0,0
oInvCollPH,688,256,001DCE89,0,1,1,4294967295,0,0
oInvCollPH,672,272,003072D4,0,1,1,4294967295,0,0
oInvCollPH,688,272,000FC747,0,1,1,4294967295,0,0
oInvCollPH,1232,304,0002F55F,0,1,1,4294967295,0,0
oInvCollPH,1248,304,00106E1D,0,1,1,4294967295,0,0
oInvCollPH,1264,304,0037E286,0,1,1,4294967295,0,0
oInvCollPH,1296,352,0000EA58,0,1,1,4294967295,0,0
oInvCollPH,1312,352,00268957,0,1,1,4294967295,0,0
oInvCollPH,1328,352,00134E8C,0,1,1,4294967295,0,0
oInvCollPH,1280,368,0007A5EC,0,1,1,4294967295,0,0
oInvCollPH,1280,384,0005D522,0,1,1,4294967295,0,0
oInvCollPH,1280,400,0038100E,0,1,1,4294967295,0,0
oInvCollPH,1232,224,0012A890,0,1,1,4294967295,0,0
oInvCollPH,1248,224,002B55A4,0,1,1,4294967295,0,0
oInvCollPH,1264,224,0000319D,0,1,1,4294967295,0,0
oInvCollPH,1280,224,002A4663,0,1,1,4294967295,0,0
oInvCollPH,1296,224,00031B0F,0,1,1,4294967295,0,0
oInvCollPH,1312,224,000AB8F6,0,1,1,4294967295,0,0
oInvCollPH,1328,224,002EC269,0,1,1,4294967295,0,0
oInvCollPH,1328,240,00153F5E,0,1,1,4294967295,0,0
oInvCollPH,1312,240,00193667,0,1,1,4294967295,0,0
oInvCollPH,1296,240,001A7AB8,0,1,1,4294967295,0,0
oInvCollPH,1280,240,002E5086,0,1,1,4294967295,0,0
oInvCollPH,1264,240,003570AE,0,1,1,4294967295,0,0
oInvCollPH,1248,240,000427C5,0,1,1,4294967295,0,0
oInvCollPH,1232,240,00049B8F,0,1,1,4294967295,0,0
oInvCollPH,1216,240,0032A46C,0,1,1,4294967295,0,0
oInvCollPH,704,240,001A829D,0,1,1,4294967295,0,0
oInvCollPH,704,288,000CC845,0,1,1,4294967295,0,0
oInvCollPH,704,304,003B3E1E,0,1,1,4294967295,0,0
oInvCollPH,768,224,00069FA4,0,1,1,4294967295,0,0
oInvCollPH,784,224,000AEFA7,0,1,1,4294967295,0,0
oInvCollPH,800,224,000AD26C,0,1,1,4294967295,0,0
oInvCollPH,816,224,000251D4,0,1,1,4294967295,0,0
oInvCollPH,832,224,0034CE88,0,1,1,4294967295,0,0
oInvCollPH,848,224,00236D04,0,1,1,4294967295,0,0
oInvCollPH,864,224,001393FD,0,1,1,4294967295,0,0
oInvCollPH,880,224,0014307F,0,1,1,4294967295,0,0
oInvCollPH,880,240,0019988E,0,1,1,4294967295,0,0
oInvCollPH,928,256,001857DC,0,1,1,4294967295,0,0
oInvCollPH,944,256,00012B5D,0,1,1,4294967295,0,0
oInvCollPH,960,240,003E47C8,0,1,1,4294967295,0,0
oInvCollPH,912,256,000CA802,0,1,1,4294967295,0,0
oInvCollPH,976,224,002D0D2D,0,1,1,4294967295,0,0
oInvCollPH,992,224,000FEDD8,0,1,1,4294967295,0,0
oInvCollPH,1008,224,003EE657,0,1,1,4294967295,0,0
oInvCollPH,1024,224,001DDD04,0,1,1,4294967295,0,0
oInvCollPH,1040,224,00215BAB,0,1,1,4294967295,0,0
oInvCollPH,1088,224,0039A641,0,1,1,4294967295,0,0
oInvCollPH,1104,224,001FCB82,0,1,1,4294967295,0,0
oInvCollPH,1056,224,000A9962,0,1,1,4294967295,0,0
oInvCollPH,1072,224,003812FB,0,1,1,4294967295,0,0
oInvCollPH,1120,224,000C10FC,0,1,1,4294967295,0,0
oInvCollPH,1136,224,0039522A,0,1,1,4294967295,0,0
oInvCollPH,1152,224,001EE2BB,0,1,1,4294967295,0,0
oInvCollPH,1168,224,000BAE16,0,1,1,4294967295,0,0
oInvCollPH,1184,224,003336A3,0,1,1,4294967295,0,0
oInvCollPH,1200,224,00119E79,0,1,1,4294967295,0,0
oInvCollPH,1360,224,000D8B5E,0,1,1,4294967295,0,0
oInvCollPH,1360,240,00258C0A,0,1,1,4294967295,0,0
oInvCollPH,1344,256,00375AF6,0,1,1,4294967295,0,0
oInvCollPH,1344,272,0015B466,0,1,1,4294967295,0,0
oInvCollPH,1344,288,000D2214,0,1,1,4294967295,0,0
oInvCollPH,1344,304,001C98DE,0,1,1,4294967295,0,0
oInvCollPH,1344,320,0016AB55,0,1,1,4294967295,0,0
oInvCollPH,1344,336,0026C179,0,1,1,4294967295,0,0
oInvCollPH,96,64,00263BFA,0,1,1,4294967295,0,0
oInvCollPH,112,64,001B69BF,0,1,1,4294967295,0,0
oInvCollPH,128,64,0002AF67,0,1,1,4294967295,0,0
oInvCollPH,144,64,00089060,0,1,1,4294967295,0,0
oInvCollPH,160,64,00243C96,0,1,1,4294967295,0,0
oInvCollPH,176,64,0014F0A4,0,1,1,4294967295,0,0
oInvCollPH,192,64,0009AD60,0,1,1,4294967295,0,0
oInvCollPH,208,64,001BD2C8,0,1,1,4294967295,0,0
oInvCollPH,224,64,0014116F,0,1,1,4294967295,0,0
oInvCollPH,240,64,002B9B79,0,1,1,4294967295,0,0
oInvCollPH,256,64,0030AC80,0,1,1,4294967295,0,0
oInvCollPH,272,64,00295F5C,0,1,1,4294967295,0,0
oInvCollPH,288,64,00036AB2,0,1,1,4294967295,0,0
oInvCollPH,304,64,00348B07,0,1,1,4294967295,0,0
oInvCollPH,320,64,0027C29A,0,1,1,4294967295,0,0
oInvCollPH,336,64,0030AC42,0,1,1,4294967295,0,0
oInvCollPH,576,64,00224BA7,0,1,1,4294967295,0,0
oInvCollPH,592,64,000B06FF,0,1,1,4294967295,0,0
oInvCollPH,608,64,001CBA5F,0,1,1,4294967295,0,0
oInvCollPH,624,64,00087597,0,1,1,4294967295,0,0
oInvCollPH,640,64,001C40E1,0,1,1,4294967295,0,0
oInvCollPH,656,64,001EBE36,0,1,1,4294967295,0,0
oInvCollPH,672,64,00336073,0,1,1,4294967295,0,0
oInvCollPH,688,64,001D03D9,0,1,1,4294967295,0,0
oInvCollPH,704,64,00100C1C,0,1,1,4294967295,0,0
oInvCollPH,720,64,002C4E6C,0,1,1,4294967295,0,0
oInvCollPH,736,64,000B81B4,0,1,1,4294967295,0,0
oInvCollPH,752,64,0025AB96,0,1,1,4294967295,0,0
oInvCollSM,1264,320,0031CEF9,0,1,1,4294967295,0,0
oInvCollSM,1248,320,002DCD92,0,1,1,4294967295,0,0
oInvCollSM,1232,320,001E573C,0,1,1,4294967295,0,0
oInvCollSM,1216,320,0008D3B2,0,1,1,4294967295,0,0
oInvCollSM,1200,320,0027C609,0,1,1,4294967295,0,0
oInvCollSM,1184,320,0007F570,0,1,1,4294967295,0,0
oInvCollSM,1168,320,0000622C,0,1,1,4294967295,0,0
oInvCollSM,1152,320,0032AA05,0,1,1,4294967295,0,0
oInvCollSM,1136,320,002FB6D0,0,1,1,4294967295,0,0
oInvCollSM,1120,320,003A4D3B,0,1,1,4294967295,0,0
oInvCollSM,720,320,003664E3,0,1,1,4294967295,0,0
oInvCollSM,736,320,000611DB,0,1,1,4294967295,0,0
oInvCollSM,752,320,000DDECA,0,1,1,4294967295,0,0
oInvCollSM,768,320,00048B30,0,1,1,4294967295,0,0
oInvCollSM,784,320,00048951,0,1,1,4294967295,0,0
oInvCollSM,800,320,0017C62D,0,1,1,4294967295,0,0
oInvCollSM,816,320,003F0E9E,0,1,1,4294967295,0,0
oInvCollSM,832,320,003C44C0,0,1,1,4294967295,0,0
oInvCollSM,848,320,00073E25,0,1,1,4294967295,0,0
oInvCollSM,976,320,0028ADC1,0,1,1,4294967295,0,0
oInvCollSM,960,320,000873B5,0,1,1,4294967295,0,0
oInvCollSM,944,320,002F33E8,0,1,1,4294967295,0,0
oInvCollSM,928,320,0029AC2D,0,1,1,4294967295,0,0
oInvCollSM,912,320,002EA985,0,1,1,4294967295,0,0
oInvCollSM,896,320,003CF253,0,1,1,4294967295,0,0
oInvCollSM,880,320,003D6D30,0,1,1,4294967295,0,0
oInvCollSM,864,320,0016BF62,0,1,1,4294967295,0,0
oInvCollSM,1008,320,00332643,0,1,1,4294967295,0,0
oInvCollSM,992,320,002F50AC,0,1,1,4294967295,0,0
oInvCollSM,1024,320,002F6391,0,1,1,4294967295,0,0
oInvCollSM,1040,320,002D9280,0,1,1,4294967295,0,0
oInvCollSM,1056,320,003FCE19,0,1,1,4294967295,0,0
oInvCollSM,1072,320,0030E224,0,1,1,4294967295,0,0
oInvCollSM,1088,320,002E6CA4,0,1,1,4294967295,0,0
oInvCollSM,1104,320,0010FF1E,0,1,1,4294967295,0,0
oInvCollPH,768,64,002019D9,0,1,1,4294967295,0,0
oInvCollPH,784,64,0009EF45,0,1,1,4294967295,0,0
oInvCollPH,800,64,00031C3D,0,1,1,4294967295,0,0
oInvCollPH,816,64,000FFAD5,0,1,1,4294967295,0,0
oInvCollPH,832,64,0013E320,0,1,1,4294967295,0,0
oInvCollPH,848,64,000BDF8E,0,1,1,4294967295,0,0
oInvCollPH,864,64,00020BE3,0,1,1,4294967295,0,0
oInvCollPH,880,64,003C438F,0,1,1,4294967295,0,0
oInvCollPH,896,64,002A106B,0,1,1,4294967295,0,0
oInvCollPH,912,64,0027F4F9,0,1,1,4294967295,0,0
oInvCollPH,928,64,00350FC2,0,1,1,4294967295,0,0
oInvCollPH,944,64,000CE409,0,1,1,4294967295,0,0
oInvCollPH,960,64,002C4589,0,1,1,4294967295,0,0
oInvCollPH,976,64,00278A55,0,1,1,4294967295,0,0
oInvCollPH,992,64,0001EE96,0,1,1,4294967295,0,0
oInvCollPH,1008,64,00031608,0,1,1,4294967295,0,0
oInvCollPH,1024,64,000FE2E4,0,1,1,4294967295,0,0
oInvCollPH,1040,64,00003D5C,0,1,1,4294967295,0,0
oInvCollPH,1056,64,003A9D12,0,1,1,4294967295,0,0
oInvCollPH,1072,64,003BDA9B,0,1,1,4294967295,0,0
oInvCollPH,1088,64,003C1B26,0,1,1,4294967295,0,0
oInvCollPH,1104,64,0014052E,0,1,1,4294967295,0,0
oInvCollPH,1120,64,0014E70E,0,1,1,4294967295,0,0
oInvCollPH,1136,64,0002B744,0,1,1,4294967295,0,0
oInvCollPH,1152,64,000453B3,0,1,1,4294967295,0,0
oInvCollPH,1168,64,00286A06,0,1,1,4294967295,0,0
oInvCollPH,1184,64,00037798,0,1,1,4294967295,0,0
oInvCollPH,1200,64,002D9E72,0,1,1,4294967295,0,0
oInvCollPH,1216,64,00052A6A,0,1,1,4294967295,0,0
oInvCollPH,1232,64,00375D21,0,1,1,4294967295,0,0
oInvCollPH,1248,64,003FE2E1,0,1,1,4294967295,0,0
oInvCollPH,1264,64,0040153A,0,1,1,4294967295,0,0
oInvCollPH,1280,64,003E0A26,0,1,1,4294967295,0,0
oInvCollPH,1296,64,00054193,0,1,1,4294967295,0,0
oInvCollPH,1312,64,00367C03,0,1,1,4294967295,0,0
oInvCollPH,1328,64,00379BC9,0,1,1,4294967295,0,0
oInvCollPH,1344,64,00213FB3,0,1,1,4294967295,0,0
oInvCollPH,1360,64,003E3973,0,1,1,4294967295,0,0
oInvCollPH,1376,64,00105769,0,1,1,4294967295,0,0
oInvCollPH,1392,64,0020AD11,0,1,1,4294967295,0,0
oInvCollPH,1408,64,001D031F,0,1,1,4294967295,0,0
oInvCollPH,1424,64,00242E71,0,1,1,4294967295,0,0
oInvCollPH,1440,64,0021C383,0,1,1,4294967295,0,0
oInvCollPH,1456,64,002E6024,0,1,1,4294967295,0,0
oInvCollPH,1472,64,002B805E,0,1,1,4294967295,0,0
oInvCollPH,1488,64,0035F641,0,1,1,4294967295,0,0
oInvCollPH,1504,64,001A4BD4,0,1,1,4294967295,0,0
oInvCollPH,1520,64,001A4CA3,0,1,1,4294967295,0,0
oInvCollPH,1536,64,001210CA,0,1,1,4294967295,0,0
oInvCollPH,1552,64,0033DBA4,0,1,1,4294967295,0,0
oInvCollPH,1568,64,0023B3F9,0,1,1,4294967295,0,0
oInvCollPH,1584,64,0026513B,0,1,1,4294967295,0,0
oInvCollPH,1600,80,00013087,0,1,1,4294967295,0,0
oInvCollPH,1600,96,0008F1A3,0,1,1,4294967295,0,0
oInvCollPH,1600,112,0026B1D4,0,1,1,4294967295,0,0
oInvCollPH,1600,128,00233489,0,1,1,4294967295,0,0
oInvCollPH,1600,144,0016850A,0,1,1,4294967295,0,0
oInvCollPH,1616,144,0024561A,0,1,1,4294967295,0,0
oInvCollPH,1632,176,000387AB,0,1,1,4294967295,0,0
oInvCollPH,1648,176,003749A0,0,1,1,4294967295,0,0
oInvCollPH,1648,160,0015706B,0,1,1,4294967295,0,0
oInvCollPH,1664,144,00201FDF,0,1,1,4294967295,0,0
oInvCollPH,1680,144,0018C56D,0,1,1,4294967295,0,0
oInvCollPH,1680,128,00287C23,0,1,1,4294967295,0,0
oInvCollPH,1680,112,003A2FDC,0,1,1,4294967295,0,0
oInvCollPH,1680,96,0029EFE5,0,1,1,4294967295,0,0
oInvCollPH,1680,80,0000DC23,0,1,1,4294967295,0,0
oInvCollPH,1680,64,0003F232,0,1,1,4294967295,0,0
oInvCollPH,1392,256,00171A62,0,1,1,4294967295,0,0
oInvCollPH,1392,272,00268A6B,0,1,1,4294967295,0,0
oInvCollPH,1392,288,00068841,0,1,1,4294967295,0,0
oInvCollPH,1392,304,0007EAC0,0,1,1,4294967295,0,0
oInvCollPH,1424,320,002374B4,0,1,1,4294967295,0,0
oInvCollPH,1440,320,00153DC7,0,1,1,4294967295,0,0
oInvCollPH,1456,320,000715DA,0,1,1,4294967295,0,0
oInvCollPH,1472,320,002D8423,0,1,1,4294967295,0,0
oInvCollPH,1488,320,00337C79,0,1,1,4294967295,0,0
oInvCollPH,1504,320,0004E7BE,0,1,1,4294967295,0,0
oInvCollPH,1520,320,000E6498,0,1,1,4294967295,0,0
oInvCollPH,1536,320,0029910B,0,1,1,4294967295,0,0
oInvCollPH,1552,320,0025A566,0,1,1,4294967295,0,0
oInvCollPH,1568,320,002AC4C2,0,1,1,4294967295,0,0
oInvCollPH,1584,320,0021E535,0,1,1,4294967295,0,0
oInvCollPH,1600,320,0006D138,0,1,1,4294967295,0,0
oInvCollPH,1616,320,00169A53,0,1,1,4294967295,0,0
oInvCollPH,1616,336,00281D8C,0,1,1,4294967295,0,0
oInvCollPH,1648,352,0038F5D9,0,1,1,4294967295,0,0
oInvCollPH,1664,352,001540C2,0,1,1,4294967295,0,0
oInvCollPH,1680,352,0029BD24,0,1,1,4294967295,0,0
oInvCollPH,1696,352,00065CC8,0,1,1,4294967295,0,0
oInvCollPH,1712,352,00307C33,0,1,1,4294967295,0,0
oInvCollPH,1728,352,003CE117,0,1,1,4294967295,0,0
oInvCollPH,1744,352,00098779,0,1,1,4294967295,0,0
oInvCollPH,1760,352,0037BAD3,0,1,1,4294967295,0,0
oInvCollPH,1776,352,003AB938,0,1,1,4294967295,0,0
oInvCollPH,1792,352,000675C1,0,1,1,4294967295,0,0
oInvCollPH,1808,352,0020668F,0,1,1,4294967295,0,0
oInvCollPH,2176,128,00271E30,0,1,1,4294967295,0,0
oInvCollPH,2192,112,0021DCDA,0,1,1,4294967295,0,0
oInvCollPH,2192,128,000A203E,0,1,1,4294967295,0,0
oInvCollPH,2224,80,000406F3,0,1,1,4294967295,0,0
oInvCollPH,2208,96,00177D26,0,1,1,4294967295,0,0
oInvCollPH,2208,144,00075265,0,1,1,4294967295,0,0
oInvCollPH,2208,160,00018C40,0,1,1,4294967295,0,0
oInvCollPH,2208,176,0028D92E,0,1,1,4294967295,0,0
oInvCollPH,2224,112,0016CCB3,0,1,1,4294967295,0,0
oInvCollPH,2224,128,0013EE79,0,1,1,4294967295,0,0
oInvCollPH,2224,144,003562B6,0,1,1,4294967295,0,0
oInvCollPH,2224,160,002415FE,0,1,1,4294967295,0,0
oInvCollPH,2224,176,00212542,0,1,1,4294967295,0,0
oInvCollPH,1840,192,0015915D,0,1,1,4294967295,0,0
oInvCollPH,1856,192,002B482E,0,1,1,4294967295,0,0
oInvCollPH,1872,192,00323469,0,1,1,4294967295,0,0
oInvCollPH,1888,192,003339B5,0,1,1,4294967295,0,0
oInvCollPH,1904,192,001BDC6F,0,1,1,4294967295,0,0
oInvCollPH,1920,192,00204D3B,0,1,1,4294967295,0,0
oInvCollPH,1936,192,0002369E,0,1,1,4294967295,0,0
oInvCollPH,1952,192,00299BCB,0,1,1,4294967295,0,0
oInvCollPH,1968,192,003577E4,0,1,1,4294967295,0,0
oInvCollPH,1984,192,001808CE,0,1,1,4294967295,0,0
oInvCollPH,2000,192,001E19A0,0,1,1,4294967295,0,0
oInvCollPH,2016,192,001D709E,0,1,1,4294967295,0,0
oInvCollPH,2032,192,0024A31C,0,1,1,4294967295,0,0
oInvCollPH,2048,192,00388505,0,1,1,4294967295,0,0
oInvCollPH,2064,192,00256369,0,1,1,4294967295,0,0
oInvCollPH,2080,192,000A9970,0,1,1,4294967295,0,0
oInvCollPH,2096,192,00099616,0,1,1,4294967295,0,0
oInvCollPH,2112,192,000DE726,0,1,1,4294967295,0,0
oInvCollPH,2128,192,002415DA,0,1,1,4294967295,0,0
oInvCollPH,2144,192,003F1175,0,1,1,4294967295,0,0
oInvCollPH,2160,192,00029405,0,1,1,4294967295,0,0
oInvCollPH,2176,192,00353AEB,0,1,1,4294967295,0,0
oInvCollPH,2192,192,003CE0E9,0,1,1,4294967295,0,0
oInvCollPH,2224,192,0010419B,0,1,1,4294967295,0,0
oInvCollPH,2224,208,002ABB11,0,1,1,4294967295,0,0
oInvCollPH,2208,208,0001EB73,0,1,1,4294967295,0,0
oInvCollPH,2192,208,0006049C,0,1,1,4294967295,0,0
oInvCollPH,2176,208,0019B116,0,1,1,4294967295,0,0
oInvCollPH,2160,208,00063DE3,0,1,1,4294967295,0,0
oInvCollPH,2144,208,0034EB93,0,1,1,4294967295,0,0
oInvCollPH,2128,208,003AF847,0,1,1,4294967295,0,0
oInvCollPH,2112,208,0012DA52,0,1,1,4294967295,0,0
oInvCollPH,2096,208,00398866,0,1,1,4294967295,0,0
oInvCollPH,2080,208,002FBD43,0,1,1,4294967295,0,0
oInvCollPH,2064,208,002448E6,0,1,1,4294967295,0,0
oInvCollPH,1824,208,0032864A,0,1,1,4294967295,0,0
oInvCollPH,1840,208,002BA760,0,1,1,4294967295,0,0
oInvCollPH,1856,208,001C0FC4,0,1,1,4294967295,0,0
oInvCollPH,1872,208,00280670,0,1,1,4294967295,0,0
oInvCollPH,1888,208,002884A6,0,1,1,4294967295,0,0
oInvCollPH,1904,208,00363C3C,0,1,1,4294967295,0,0
oInvCollPH,1920,208,0006B88B,0,1,1,4294967295,0,0
oInvCollPH,1936,208,000E32B3,0,1,1,4294967295,0,0
oInvCollPH,1952,208,00152017,0,1,1,4294967295,0,0
oInvCollPH,1968,208,0004BD0B,0,1,1,4294967295,0,0
oInvCollPH,1984,208,003D8B17,0,1,1,4294967295,0,0
oInvCollPH,2000,208,0003748E,0,1,1,4294967295,0,0
oInvCollPH,2016,208,00168696,0,1,1,4294967295,0,0
oInvCollPH,2032,208,002347F0,0,1,1,4294967295,0,0
oInvCollPH,2048,208,0027D3D7,0,1,1,4294967295,0,0
oInvCollPH,2400,208,0014C8B7,0,1,1,4294967295,0,0
oInvCollPH,2400,224,00286CFA,0,1,1,4294967295,0,0
oInvCollPH,2400,240,00219C13,0,1,1,4294967295,0,0
oInvCollPH,2400,256,000EF769,0,1,1,4294967295,0,0
oInvCollPH,2400,272,0012089D,0,1,1,4294967295,0,0
oInvCollPH,2400,288,002FD479,0,1,1,4294967295,0,0
oInvCollPH,2400,304,00075D1E,0,1,1,4294967295,0,0
oInvCollPH,2400,320,0007C17C,0,1,1,4294967295,0,0
oInvCollPH,2400,336,000CF1C6,0,1,1,4294967295,0,0
oInvCollPH,2416,336,0022B702,0,1,1,4294967295,0,0
oInvCollPH,2416,320,0023F9B2,0,1,1,4294967295,0,0
oInvCollPH,2416,304,001D1EFA,0,1,1,4294967295,0,0
oInvCollPH,2416,288,003E391E,0,1,1,4294967295,0,0
oInvCollPH,2416,272,001924E0,0,1,1,4294967295,0,0
oInvCollPH,2416,256,00025FF7,0,1,1,4294967295,0,0
oInvCollPH,2416,240,002709F9,0,1,1,4294967295,0,0
oInvCollPH,2416,224,00383C49,0,1,1,4294967295,0,0
oInvCollPH,2416,208,000542C6,0,1,1,4294967295,0,0
oInvCollPH,2544,80,002B1003,0,1,1,4294967295,0,0
oInvCollPH,2528,80,002A4268,0,1,1,4294967295,0,0
oInvCollPH,2512,80,001F5E31,0,1,1,4294967295,0,0
oInvCollPH,2496,80,00295A56,0,1,1,4294967295,0,0
oInvCollPH,2480,80,0017BE91,0,1,1,4294967295,0,0
oInvCollPH,2464,80,002BBE4C,0,1,1,4294967295,0,0
oInvCollPH,2448,80,0023F324,0,1,1,4294967295,0,0
oInvCollPH,2432,80,001AA882,0,1,1,4294967295,0,0
oInvCollPH,2416,80,001EDC17,0,1,1,4294967295,0,0
oInvCollPH,2400,80,001975D3,0,1,1,4294967295,0,0
oInvCollPH,2384,80,001AB455,0,1,1,4294967295,0,0
oInvCollPH,2368,80,001B6272,0,1,1,4294967295,0,0
oInvCollPH,2352,80,0038C4AD,0,1,1,4294967295,0,0
oInvCollPH,2336,80,00279648,0,1,1,4294967295,0,0
oInvCollPH,2320,80,0039896A,0,1,1,4294967295,0,0
oInvCollPH,2304,80,0021728C,0,1,1,4294967295,0,0
oInvCollPH,2288,80,00331856,0,1,1,4294967295,0,0
oInvCollPH,2272,80,000B4118,0,1,1,4294967295,0,0
oInvCollPH,2256,80,002C8965,0,1,1,4294967295,0,0
oInvCollPH,2240,96,0020EE77,0,1,1,4294967295,0,0
oInvCollPH,2256,96,002FF7DF,0,1,1,4294967295,0,0
oInvCollPH,2272,96,00315165,0,1,1,4294967295,0,0
oInvCollPH,2288,96,000E266A,0,1,1,4294967295,0,0
oInvCollPH,2304,96,003BBF49,0,1,1,4294967295,0,0
oInvCollPH,2320,96,001EACF4,0,1,1,4294967295,0,0
oInvCollPH,2336,96,0016BE96,0,1,1,4294967295,0,0
oInvCollPH,2352,96,0015FA34,0,1,1,4294967295,0,0
oInvCollPH,2368,96,00089623,0,1,1,4294967295,0,0
oInvCollPH,2384,96,002EF9B8,0,1,1,4294967295,0,0
oInvCollPH,2400,96,00049680,0,1,1,4294967295,0,0
oInvCollPH,2416,96,00267D9B,0,1,1,4294967295,0,0
oInvCollPH,2432,96,0037D49D,0,1,1,4294967295,0,0
oInvCollPH,2448,96,000B9B83,0,1,1,4294967295,0,0
oInvCollPH,2464,96,0033E2EA,0,1,1,4294967295,0,0
oInvCollPH,2480,96,0031BFEA,0,1,1,4294967295,0,0
oInvCollPH,2496,96,0022365F,0,1,1,4294967295,0,0
oInvCollPH,2512,96,003EC776,0,1,1,4294967295,0,0
oInvCollPH,2528,96,0037AD4A,0,1,1,4294967295,0,0
oInvCollPH,2544,96,003ABF5F,0,1,1,4294967295,0,0
oInvCollPH,3216,112,002E302F,0,1,1,4294967295,0,0
oInvCollPH,3248,112,002964B3,0,1,1,4294967295,0,0
oInvCollPH,3280,112,000A7C9A,0,1,1,4294967295,0,0
oInvCollPH,3280,128,003528D5,0,1,1,4294967295,0,0
oInvCollPH,3264,128,001469B8,0,1,1,4294967295,0,0
oInvCollPH,3248,144,00218652,0,1,1,4294967295,0,0
oInvCollPH,3248,160,00015B21,0,1,1,4294967295,0,0
oInvCollPH,3232,160,00328F5C,0,1,1,4294967295,0,0
oInvCollPH,3216,176,00234EC1,0,1,1,4294967295,0,0
oInvCollPH,3216,192,0011A538,0,1,1,4294967295,0,0
oInvCollPH,3200,192,0038B04E,0,1,1,4294967295,0,0
oInvCollPH,3040,256,000AEB3C,0,1,1,4294967295,0,0
oInvCollPH,3056,256,0038BFF8,0,1,1,4294967295,0,0
oInvCollPH,3072,256,003E0DA7,0,1,1,4294967295,0,0
oInvCollPH,3088,256,00190D88,0,1,1,4294967295,0,0
oInvCollPH,3104,256,003C8249,0,1,1,4294967295,0,0
oInvCollPH,3120,256,003D0673,0,1,1,4294967295,0,0
oInvCollPH,3136,256,0040378C,0,1,1,4294967295,0,0
oInvCollPH,3152,256,0015D9FC,0,1,1,4294967295,0,0
oInvCollPH,3152,240,003F3A80,0,1,1,4294967295,0,0
oInvCollPH,3024,80,0021DB4B,0,1,1,4294967295,0,0
oInvCollPH,3040,80,0010C07E,0,1,1,4294967295,0,0
oInvCollPH,3056,80,000D829A,0,1,1,4294967295,0,0
oInvCollPH,3072,80,000EEF6D,0,1,1,4294967295,0,0
oInvCollPH,3088,80,003601A7,0,1,1,4294967295,0,0
oInvCollPH,3104,80,0015CB59,0,1,1,4294967295,0,0
oInvCollPH,3120,80,00107B55,0,1,1,4294967295,0,0
oInvCollPH,3136,80,00354F0A,0,1,1,4294967295,0,0
oInvCollPH,3152,80,000EDEC2,0,1,1,4294967295,0,0
oInvCollPH,3168,80,000DA15A,0,1,1,4294967295,0,0
oInvCollPH,3184,80,0028E2E4,0,1,1,4294967295,0,0
oInvCollPH,3184,96,003CB8FE,0,1,1,4294967295,0,0
oInvCollPH,3008,112,00274653,0,1,1,4294967295,0,0
oInvCollPH,3008,128,002DE6B5,0,1,1,4294967295,0,0
oInvCollPH,3008,144,00070603,0,1,1,4294967295,0,0
oInvCollPH,3008,160,003678AF,0,1,1,4294967295,0,0
oInvCollPH,3008,176,001ACCE5,0,1,1,4294967295,0,0
oInvCollPH,3008,192,000FDB77,0,1,1,4294967295,0,0
oInvCollPH,3008,208,001FF069,0,1,1,4294967295,0,0
oInvCollPH,3008,224,001D7254,0,1,1,4294967295,0,0
oInvCollPH,3024,224,00054F20,0,1,1,4294967295,0,0
oInvCollPH,3168,224,0038A40F,0,1,1,4294967295,0,0
oInvCollPH,3184,224,001B5B64,0,1,1,4294967295,0,0
oInvCollPH,3184,208,0000BD7F,0,1,1,4294967295,0,0
oInvCollPH,3328,64,00027989,0,1,1,4294967295,0,0
oInvCollPH,3328,80,00339EAC,0,1,1,4294967295,0,0
oInvCollPH,3328,96,002F70A9,0,1,1,4294967295,0,0
oInvCollPH,3328,112,0002DF38,0,1,1,4294967295,0,0
oInvCollPH,3328,128,0015D4C8,0,1,1,4294967295,0,0
oInvCollPH,3328,144,0038FD8F,0,1,1,4294967295,0,0
oInvCollPH,3328,160,00237EDE,0,1,1,4294967295,0,0
oInvCollPH,3328,176,00289E2F,0,1,1,4294967295,0,0
oInvCollPH,3328,192,0021F2D0,0,1,1,4294967295,0,0
oInvCollPH,3328,208,001CA96E,0,1,1,4294967295,0,0
oInvCollPH,3328,224,000D2B95,0,1,1,4294967295,0,0
oInvCollPH,3328,240,00027D39,0,1,1,4294967295,0,0
oInvCollPH,3328,256,0025FA89,0,1,1,4294967295,0,0
oInvCollPH,3328,272,001D8BA5,0,1,1,4294967295,0,0
oInvCollPH,3344,272,002430F5,0,1,1,4294967295,0,0
oInvCollPH,3360,272,000DF039,0,1,1,4294967295,0,0
oInvCollPH,3376,272,0007C2AA,0,1,1,4294967295,0,0
oInvCollPH,3392,272,00347BBC,0,1,1,4294967295,0,0
oInvCollPH,3408,272,001C2351,0,1,1,4294967295,0,0
oInvCollPH,3424,272,0034298C,0,1,1,4294967295,0,0
oInvCollPH,3440,272,0002B46D,0,1,1,4294967295,0,0
oInvCollPH,3456,272,001846E4,0,1,1,4294967295,0,0
oInvCollPH,3472,272,00057B28,0,1,1,4294967295,0,0
oInvCollPH,2880,208,0026CC69,0,1,1,4294967295,0,0
oInvCollPH,2880,224,0020ABD8,0,1,1,4294967295,0,0
oInvCollPH,2880,240,003A1C7A,0,1,1,4294967295,0,0
oInvCollPH,2880,256,0001DFB0,0,1,1,4294967295,0,0
oInvCollPH,2880,272,0023E26A,0,1,1,4294967295,0,0
oInvCollPH,2880,288,003579BB,0,1,1,4294967295,0,0
oInvCollPH,2880,304,00094188,0,1,1,4294967295,0,0
oInvCollPH,2880,320,002C3B2C,0,1,1,4294967295,0,0
oInvCollPH,2880,336,0039F500,0,1,1,4294967295,0,0
oInvCollPH,2896,336,0023C786,0,1,1,4294967295,0,0
oInvCollPH,2896,320,00287A57,0,1,1,4294967295,0,0
oInvCollPH,2896,304,0022F696,0,1,1,4294967295,0,0
oInvCollPH,2896,288,0039B878,0,1,1,4294967295,0,0
oInvCollPH,2928,272,0001E753,0,1,1,4294967295,0,0
oInvCollPH,2928,256,003EDDD3,0,1,1,4294967295,0,0
oInvCollPH,2896,240,003598FE,0,1,1,4294967295,0,0
oInvCollPH,2896,224,000FFB44,0,1,1,4294967295,0,0
oInvCollPH,2896,208,00057432,0,1,1,4294967295,0,0
oInvCollSM,1712,48,002FC469,0,1,1,4294967295,0,0
oInvCollSM,1728,48,000018C1,0,1,1,4294967295,0,0
oInvCollSM,1744,48,00125687,0,1,1,4294967295,0,0
oInvCollSM,1760,48,002CB893,0,1,1,4294967295,0,0
oInvCollSM,1776,48,000795A3,0,1,1,4294967295,0,0
oInvCollSM,1792,48,00192A72,0,1,1,4294967295,0,0
oInvCollSM,1808,48,0018579F,0,1,1,4294967295,0,0
oInvCollSM,1824,48,002D720B,0,1,1,4294967295,0,0
oInvCollSM,1840,48,003B327E,0,1,1,4294967295,0,0
oInvCollSM,1856,48,000F1FCC,0,1,1,4294967295,0,0
oInvCollSM,1872,48,000053ED,0,1,1,4294967295,0,0
oInvCollSM,1888,48,001C0BB8,0,1,1,4294967295,0,0
oInvCollSM,1904,48,002DD8AE,0,1,1,4294967295,0,0
oInvCollSM,1920,48,000036CA,0,1,1,4294967295,0,0
oInvCollSM,1936,48,002F559D,0,1,1,4294967295,0,0
oInvCollSM,1952,48,0035FED9,0,1,1,4294967295,0,0
oInvCollSM,1968,48,003BAA56,0,1,1,4294967295,0,0
oInvCollSM,1984,48,00172C17,0,1,1,4294967295,0,0
oInvCollSM,2000,48,001799AC,0,1,1,4294967295,0,0
oInvCollSM,2016,48,00118780,0,1,1,4294967295,0,0
oInvCollSM,2032,48,00004E1A,0,1,1,4294967295,0,0
oInvCollSM,2048,48,0009CBE7,0,1,1,4294967295,0,0
oInvCollSM,2064,48,003A60FA,0,1,1,4294967295,0,0
oInvCollSM,2080,48,003B8ABB,0,1,1,4294967295,0,0
oInvCollSM,2096,48,000E2C6F,0,1,1,4294967295,0,0
oInvCollSM,2112,48,00000845,0,1,1,4294967295,0,0
oInvCollSM,2128,48,00096F46,0,1,1,4294967295,0,0
oInvCollSM,2144,48,0037B1E8,0,1,1,4294967295,0,0
oInvCollSM,2160,48,001C64DF,0,1,1,4294967295,0,0
oInvCollSM,2176,48,00287C71,0,1,1,4294967295,0,0
oInvCollSM,2192,48,002109BD,0,1,1,4294967295,0,0
oInvCollSM,2208,48,0035301B,0,1,1,4294967295,0,0
oInvCollSM,2224,48,003F4235,0,1,1,4294967295,0,0
oInvCollSM,2240,48,0025F14D,0,1,1,4294967295,0,0
oInvCollSM,2256,48,00178ABE,0,1,1,4294967295,0,0
oInvCollSM,2272,48,0018435D,0,1,1,4294967295,0,0
oInvCollSM,2288,48,0017A75A,0,1,1,4294967295,0,0
oInvCollSM,2304,48,0028896F,0,1,1,4294967295,0,0
oInvCollSM,2320,48,003C06FE,0,1,1,4294967295,0,0
oInvCollSM,2336,48,003685B5,0,1,1,4294967295,0,0
oInvCollSM,2352,48,003A1ABD,0,1,1,4294967295,0,0
oInvCollSM,2368,48,00143583,0,1,1,4294967295,0,0
oInvCollSM,2384,48,0035C75F,0,1,1,4294967295,0,0
oInvCollSM,2400,48,000684F8,0,1,1,4294967295,0,0
oInvCollSM,2416,48,001DC35A,0,1,1,4294967295,0,0
oInvCollSM,2432,48,0023E146,0,1,1,4294967295,0,0
oInvCollSM,2448,48,000DC407,0,1,1,4294967295,0,0
oInvCollSM,2464,48,001793AD,0,1,1,4294967295,0,0
oInvCollSM,2480,48,003D3A73,0,1,1,4294967295,0,0
oInvCollSM,2496,48,00314A4C,0,1,1,4294967295,0,0
oInvCollSM,2512,48,0028D6BD,0,1,1,4294967295,0,0
oInvCollSM,2528,48,001E90F3,0,1,1,4294967295,0,0
oInvCollSM,2544,48,003E9EB0,0,1,1,4294967295,0,0
oInvCollSM,2560,48,00106567,0,1,1,4294967295,0,0
oInvCollSM,2576,48,00160C8A,0,1,1,4294967295,0,0
oInvCollSM,2592,48,000B5C48,0,1,1,4294967295,0,0
oInvCollSM,2608,48,001CE3C0,0,1,1,4294967295,0,0
oInvCollSM,2624,48,00104D4D,0,1,1,4294967295,0,0
oInvCollSM,2640,48,00152093,0,1,1,4294967295,0,0
oInvCollSM,2656,48,00386D69,0,1,1,4294967295,0,0
oInvCollSM,2672,48,000D4F92,0,1,1,4294967295,0,0
oInvCollSM,2688,48,001354E1,0,1,1,4294967295,0,0
oInvCollSM,2704,48,00067465,0,1,1,4294967295,0,0
oInvCollSM,2720,48,001E9121,0,1,1,4294967295,0,0
oInvCollSM,2736,48,000570B1,0,1,1,4294967295,0,0
oInvCollSM,2752,48,001319AC,0,1,1,4294967295,0,0
oInvCollSM,2768,48,003C7BA1,0,1,1,4294967295,0,0
oInvCollSM,2784,48,00031209,0,1,1,4294967295,0,0
oInvCollSM,2800,48,000B90BC,0,1,1,4294967295,0,0
oInvCollSM,2816,48,003D9B1B,0,1,1,4294967295,0,0
oInvCollSM,2832,48,0003353C,0,1,1,4294967295,0,0
oInvCollSM,2848,48,0036DBDC,0,1,1,4294967295,0,0
oInvCollSM,2864,48,00403315,0,1,1,4294967295,0,0
oInvCollSM,2880,48,0026B525,0,1,1,4294967295,0,0
oInvCollSM,2896,48,001CAEB2,0,1,1,4294967295,0,0
oInvCollSM,2912,48,0010FABB,0,1,1,4294967295,0,0
oInvCollSM,2928,48,003A6177,0,1,1,4294967295,0,0
oInvCollSM,2944,48,003EECFF,0,1,1,4294967295,0,0
oInvCollSM,2960,48,000E858C,0,1,1,4294967295,0,0
oInvCollSM,2976,48,0018E4E4,0,1,1,4294967295,0,0
oInvCollSM,2992,48,0017F249,0,1,1,4294967295,0,0
oInvCollSM,3008,48,000B09FA,0,1,1,4294967295,0,0
oInvCollSM,3024,48,002C1669,0,1,1,4294967295,0,0
oInvCollSM,3040,48,00092AAF,0,1,1,4294967295,0,0
oInvCollSM,3056,48,0018B298,0,1,1,4294967295,0,0
oInvCollSM,3072,48,0035F141,0,1,1,4294967295,0,0
oInvCollSM,3088,48,001F53C1,0,1,1,4294967295,0,0
oInvCollSM,3104,48,0022B190,0,1,1,4294967295,0,0
oInvCollSM,3120,48,0023F1C6,0,1,1,4294967295,0,0
oInvCollSM,3136,48,001671AA,0,1,1,4294967295,0,0
oInvCollSM,3152,48,001BA513,0,1,1,4294967295,0,0
oInvCollSM,3168,48,0023844B,0,1,1,4294967295,0,0
oInvCollSM,3184,48,001473AA,0,1,1,4294967295,0,0
oInvCollSM,3200,48,003F17F5,0,1,1,4294967295,0,0
oInvCollSM,3216,48,00045568,0,1,1,4294967295,0,0
oInvCollSM,3232,48,0023CC00,0,1,1,4294967295,0,0
oInvCollSM,3248,48,002881AF,0,1,1,4294967295,0,0
oInvCollSM,3264,48,0000356F,0,1,1,4294967295,0,0
oInvCollSM,3280,48,00229C06,0,1,1,4294967295,0,0
oInvCollSM,3296,48,003FD17C,0,1,1,4294967295,0,0
oInvCollSM,3312,48,0023D18D,0,1,1,4294967295,0,0
oInvCollPH,2864,80,0005C2B7,0,1,1,4294967295,0,0
oInvCollPH,2848,80,003315E3,0,1,1,4294967295,0,0
oInvCollPH,2832,80,00391EE0,0,1,1,4294967295,0,0
oInvCollPH,2816,80,0013A7EA,0,1,1,4294967295,0,0
oInvCollPH,2800,80,00208F09,0,1,1,4294967295,0,0
oInvCollPH,2784,80,000878FC,0,1,1,4294967295,0,0
oInvCollPH,2768,80,0036C664,0,1,1,4294967295,0,0
oInvCollPH,2752,80,00067E00,0,1,1,4294967295,0,0
oInvCollPH,2736,80,000E3CFC,0,1,1,4294967295,0,0
oInvCollPH,2720,80,002A0F13,0,1,1,4294967295,0,0
oInvCollPH,2704,80,001E05A2,0,1,1,4294967295,0,0
oInvCollPH,2688,80,0020D7FB,0,1,1,4294967295,0,0
oInvCollPH,2672,80,0024444F,0,1,1,4294967295,0,0
oInvCollPH,2656,80,003ABA70,0,1,1,4294967295,0,0
oInvCollPH,2640,80,0039BB50,0,1,1,4294967295,0,0
oInvCollPH,2624,80,00177602,0,1,1,4294967295,0,0
oInvCollPH,2608,80,001D884E,0,1,1,4294967295,0,0
oInvCollPH,2592,80,000B3433,0,1,1,4294967295,0,0
oInvCollPH,2576,80,001AFD02,0,1,1,4294967295,0,0
oInvCollPH,2560,80,002309B2,0,1,1,4294967295,0,0
oInvCollPH,2560,96,002783A0,0,1,1,4294967295,0,0
oInvCollPH,2576,96,000D9F51,0,1,1,4294967295,0,0
oInvCollPH,2592,96,0036AB69,0,1,1,4294967295,0,0
oInvCollPH,2608,96,002625EE,0,1,1,4294967295,0,0
oInvCollPH,2656,96,002FF063,0,1,1,4294967295,0,0
oInvCollPH,2672,96,00245470,0,1,1,4294967295,0,0
oInvCollPH,2688,96,000DDD9C,0,1,1,4294967295,0,0
oInvCollPH,2704,96,0011F992,0,1,1,4294967295,0,0
oInvCollPH,2720,96,00037F95,0,1,1,4294967295,0,0
oInvCollPH,2736,96,001CC4E7,0,1,1,4294967295,0,0
oInvCollPH,2752,96,001E9C5E,0,1,1,4294967295,0,0
oInvCollPH,2768,96,0021653A,0,1,1,4294967295,0,0
oInvCollPH,2784,96,001A83C9,0,1,1,4294967295,0,0
oInvCollPH,2800,96,0019048E,0,1,1,4294967295,0,0
oInvCollPH,2816,96,002F1DD1,0,1,1,4294967295,0,0
oInvCollPH,2832,96,00208AC7,0,1,1,4294967295,0,0
oInvCollPH,2848,96,002A6E86,0,1,1,4294967295,0,0
oInvCollPH,2864,96,000C9E17,0,1,1,4294967295,0,0
oInvCollPH,2880,96,00271DD8,0,1,1,4294967295,0,0
oInvCollPH,2896,96,0003DC14,0,1,1,4294967295,0,0
oInvCollPH,2912,96,000C09CE,0,1,1,4294967295,0,0
oInvCollPH,2928,96,0000D47F,0,1,1,4294967295,0,0
oInvCollPH,2944,96,0022F350,0,1,1,4294967295,0,0
oInvCollPH,2960,96,00128FFD,0,1,1,4294967295,0,0
oInvCollPH,2976,96,0027DF7D,0,1,1,4294967295,0,0
oInvCollPH,2992,96,002F06A4,0,1,1,4294967295,0,0
oInvCollPH,2992,80,002C3DD9,0,1,1,4294967295,0,0
oInvCollPH,2976,80,0018A7C6,0,1,1,4294967295,0,0
oInvCollPH,2960,80,000E3C06,0,1,1,4294967295,0,0
oInvCollPH,2944,80,001EB6F1,0,1,1,4294967295,0,0
oInvCollPH,2928,80,00296F78,0,1,1,4294967295,0,0
oInvCollPH,2912,80,003A0E44,0,1,1,4294967295,0,0
oInvCollPH,2896,80,00125271,0,1,1,4294967295,0,0
oInvCollPH,2880,80,0022176E,0,1,1,4294967295,0,0
oInvCollPH,2640,112,0011696A,0,1,1,4294967295,0,0
oInvCollPH,2640,128,0023BAB3,0,1,1,4294967295,0,0
oInvCollPH,2640,144,000D5388,0,1,1,4294967295,0,0
oInvCollPH,2640,160,001B17BA,0,1,1,4294967295,0,0
oInvCollPH,2640,176,00295EA4,0,1,1,4294967295,0,0
oInvCollPH,2640,192,00266C25,0,1,1,4294967295,0,0
oInvCollPH,2640,208,00118205,0,1,1,4294967295,0,0
oInvCollPH,2640,224,00363F31,0,1,1,4294967295,0,0
oInvCollPH,2640,240,0015BEE4,0,1,1,4294967295,0,0
oInvCollPH,2640,256,001E0AA7,0,1,1,4294967295,0,0
oInvCollPH,2624,256,000124E7,0,1,1,4294967295,0,0
oInvCollPH,2624,240,00294FB5,0,1,1,4294967295,0,0
oInvCollPH,2624,224,00076411,0,1,1,4294967295,0,0
oInvCollPH,2624,208,00190366,0,1,1,4294967295,0,0
oInvCollPH,2624,192,001C30F2,0,1,1,4294967295,0,0
oInvCollPH,2624,176,003A4692,0,1,1,4294967295,0,0
oInvCollPH,2624,160,002F6D2F,0,1,1,4294967295,0,0
oInvCollPH,2624,144,002257CF,0,1,1,4294967295,0,0
oInvCollPH,2624,128,00395DE0,0,1,1,4294967295,0,0
oInvCollPH,2288,208,002BE84F,0,1,1,4294967295,0,0
oInvCollPH,2352,272,001F46F7,0,1,1,4294967295,0,0
oInvCollPH,2480,272,00110E68,0,1,1,4294967295,0,0
oInvCollPH,2576,208,0030E063,0,1,1,4294967295,0,0
oInvCollPH,2672,256,001E09CA,0,1,1,4294967295,0,0
oInvCollPH,1824,352,0022B8C6,0,1,1,4294967295,0,0
oInvCollPH,1840,352,002FA489,0,1,1,4294967295,0,0
oInvCollPH,1856,352,003A65F6,0,1,1,4294967295,0,0
oInvCollPH,1872,352,002D038E,0,1,1,4294967295,0,0
oInvCollPH,1920,352,0019F7D4,0,1,1,4294967295,0,0
oInvCollPH,1936,352,002FAA10,0,1,1,4294967295,0,0
oInvCollPH,1952,352,0010014F,0,1,1,4294967295,0,0
oInvCollPH,1968,352,0030D883,0,1,1,4294967295,0,0
oInvCollPH,1984,352,0033A198,0,1,1,4294967295,0,0
oInvCollPH,2000,352,0034C222,0,1,1,4294967295,0,0
oInvCollPH,2016,352,003CD29A,0,1,1,4294967295,0,0
oInvCollPH,2032,352,000B8C45,0,1,1,4294967295,0,0
oInvCollPH,2048,352,000433C7,0,1,1,4294967295,0,0
oInvCollPH,2064,352,000518BA,0,1,1,4294967295,0,0
oInvCollPH,2080,352,001D1BBA,0,1,1,4294967295,0,0
oInvCollPH,2096,352,002A4DD7,0,1,1,4294967295,0,0
oInvCollPH,2112,352,002DA9FC,0,1,1,4294967295,0,0
oInvCollPH,2128,352,0002AD29,0,1,1,4294967295,0,0
oInvCollPH,2176,352,00000B73,0,1,1,4294967295,0,0
oInvCollPH,2192,352,003CEE93,0,1,1,4294967295,0,0
oInvCollPH,1888,352,003B267F,0,1,1,4294967295,0,0
oInvCollPH,1904,352,003EBFE3,0,1,1,4294967295,0,0
oInvCollPH,2144,352,0030B245,0,1,1,4294967295,0,0
oInvCollPH,2160,352,000422A6,0,1,1,4294967295,0,0
oInvCollPH,2208,352,001409C4,0,1,1,4294967295,0,0
oInvCollPH,2224,352,00170BB6,0,1,1,4294967295,0,0
oInvCollPH,2240,352,003D3D2F,0,1,1,4294967295,0,0
oInvCollPH,2256,352,002B9955,0,1,1,4294967295,0,0
oInvCollPH,2272,352,003BA188,0,1,1,4294967295,0,0
oInvCollPH,2288,352,00319E02,0,1,1,4294967295,0,0
oInvCollPH,2304,352,002B798A,0,1,1,4294967295,0,0
oInvCollPH,2320,352,0016AF23,0,1,1,4294967295,0,0
oInvCollPH,2336,352,001C9E16,0,1,1,4294967295,0,0
oInvCollPH,2352,352,001941F4,0,1,1,4294967295,0,0
oInvCollPH,2368,352,00208A07,0,1,1,4294967295,0,0
oInvCollPH,2384,352,003ABC4F,0,1,1,4294967295,0,0
oInvCollPH,2432,352,000FE474,0,1,1,4294967295,0,0
oInvCollPH,2448,352,00060E02,0,1,1,4294967295,0,0
oInvCollPH,2464,352,002A7483,0,1,1,4294967295,0,0
oInvCollPH,2480,352,002B2CA7,0,1,1,4294967295,0,0
oInvCollPH,2496,352,0020FAD4,0,1,1,4294967295,0,0
oInvCollPH,2512,352,00318942,0,1,1,4294967295,0,0
oInvCollPH,2528,352,000B6BC6,0,1,1,4294967295,0,0
oInvCollPH,2544,352,00192625,0,1,1,4294967295,0,0
oInvCollPH,2560,352,000E1DD9,0,1,1,4294967295,0,0
oInvCollPH,2576,352,0031CB76,0,1,1,4294967295,0,0
oInvCollPH,2592,352,002B30EF,0,1,1,4294967295,0,0
oInvCollPH,2608,352,0014AA9C,0,1,1,4294967295,0,0
oInvCollPH,2624,352,0019BF55,0,1,1,4294967295,0,0
oInvCollPH,2640,352,003B733B,0,1,1,4294967295,0,0
oInvCollPH,2656,352,00094D21,0,1,1,4294967295,0,0
oInvCollPH,2672,352,001B54DD,0,1,1,4294967295,0,0
oInvCollPH,2688,352,0021A690,0,1,1,4294967295,0,0
oInvCollPH,2704,352,002C666B,0,1,1,4294967295,0,0
oInvCollPH,2720,352,0008DF1E,0,1,1,4294967295,0,0
oInvCollPH,2736,352,0036383D,0,1,1,4294967295,0,0
oInvCollPH,2752,352,00021B90,0,1,1,4294967295,0,0
oInvCollPH,2768,352,0007D8B5,0,1,1,4294967295,0,0
oInvCollPH,2784,352,002CE971,0,1,1,4294967295,0,0
oInvCollPH,2800,352,0024452A,0,1,1,4294967295,0,0
oInvCollPH,2816,352,002DB061,0,1,1,4294967295,0,0
oInvCollPH,2832,352,00148956,0,1,1,4294967295,0,0
oInvCollPH,2912,352,003A37C5,0,1,1,4294967295,0,0
oInvCollPH,2928,352,00275595,0,1,1,4294967295,0,0
oInvCollPH,2848,352,00252594,0,1,1,4294967295,0,0
oInvCollPH,2864,352,001B9477,0,1,1,4294967295,0,0
oInvCollPH,2944,352,0037568A,0,1,1,4294967295,0,0
oInvCollPH,2960,352,00183AB4,0,1,1,4294967295,0,0
oInvCollPH,2976,352,00172422,0,1,1,4294967295,0,0
oInvCollPH,2992,352,002F091F,0,1,1,4294967295,0,0
oInvCollPH,3008,352,003FC03A,0,1,1,4294967295,0,0
oInvCollPH,3024,352,00264B70,0,1,1,4294967295,0,0
oInvCollPH,3040,352,003A8269,0,1,1,4294967295,0,0
oInvCollPH,3056,352,0005616D,0,1,1,4294967295,0,0
oInvCollPH,3072,352,00367827,0,1,1,4294967295,0,0
oInvCollPH,3088,352,0036BB95,0,1,1,4294967295,0,0
oInvCollPH,3104,352,0024CB5E,0,1,1,4294967295,0,0
oInvCollPH,3120,352,0032A655,0,1,1,4294967295,0,0
oInvCollPH,3136,352,002DD961,0,1,1,4294967295,0,0
oInvCollPH,3152,352,00330753,0,1,1,4294967295,0,0
oInvCollPH,3168,352,00333B30,0,1,1,4294967295,0,0
oInvCollPH,3184,352,002E018C,0,1,1,4294967295,0,0
oInvCollPH,3200,352,001478E4,0,1,1,4294967295,0,0
oInvCollPH,3216,352,001E76DD,0,1,1,4294967295,0,0
oInvCollPH,3232,352,00081880,0,1,1,4294967295,0,0
oInvCollPH,3248,352,00230DB1,0,1,1,4294967295,0,0
oInvCollPH,3264,352,00279567,0,1,1,4294967295,0,0
oInvCollPH,3280,352,003E6B58,0,1,1,4294967295,0,0
oInvCollPH,3296,352,002C2537,0,1,1,4294967295,0,0
oInvCollPH,3312,352,0035DAB1,0,1,1,4294967295,0,0
oInvCollPH,3328,352,00053EB2,0,1,1,4294967295,0,0
oInvCollPH,3344,352,000801B5,0,1,1,4294967295,0,0
oInvCollPH,3360,352,002788DB,0,1,1,4294967295,0,0
oInvCollPH,3376,352,001E6C33,0,1,1,4294967295,0,0
oInvCollPH,3392,352,000BAEC1,0,1,1,4294967295,0,0
oInvCollPH,3408,352,00404639,0,1,1,4294967295,0,0
oInvCollPH,3424,352,002AF84C,0,1,1,4294967295,0,0
oInvCollPH,3440,352,00092888,0,1,1,4294967295,0,0
oInvCollPH,3456,352,0028850E,0,1,1,4294967295,0,0
oInvCollPH,3472,352,000E26A0,0,1,1,4294967295,0,0
oInvCollPH,2912,272,003EA7D1,0,1,1,4294967295,0,0
oInvisibleSolid,0,192,00130392,0,1,1,4294967295,0,1
oInvisibleSolid,0,0,001F8C79,0,1,1,4294967295,0,1
oInvisibleSolid,96,0,003A64F3,0,1,1,4294967295,0,1
oInvisibleSolid,160,224,003BE2ED,0,1,1,4294967295,0,1
oInvisibleSolid,160,288,0025719A,0,1,1,4294967295,0,1
oInvisibleSolid,256,320,0003C950,0,1,1,4294967295,0,1
oInvisibleSolid,448,144,0022D3C6,0,1,1,4294967295,0,1
oInvisibleSolid,448,112,002AA3C5,0,1,1,4294967295,0,1
oInvisibleSolid,352,80,000461DC,0,1,1,4294967295,0,1
oInvisibleSolid,704,192,00290024,0,1,1,4294967295,0,1
oInvisibleSolid,704,224,0010E4C4,0,1,1,4294967295,0,1
oInvisibleSolid,672,256,00313FE9,0,1,1,4294967295,0,1
oInvisibleSolid,1216,224,003A007D,0,1,1,4294967295,0,1
oInvisibleSolid,1216,304,001CADDE,0,1,1,4294967295,0,1
oInvisibleSolid,1280,352,0015296A,0,1,1,4294967295,0,1
oInvisibleSolid,1344,224,0005F73A,0,1,1,4294967295,0,1
oInvisibleSolid,896,256,002472D6,0,1,1,4294967295,0,1
oInvisibleSolid,960,224,001DCADD,0,1,1,4294967295,0,1
oInvisibleSolidMorph,704,320,001AC5A6,0,1,1,4294967295,0,1
oInvisibleSolid,1376,256,00005767,0,1,1,4294967295,0,1
oInvisibleSolid,1408,320,002AF16F,0,1,1,4294967295,0,1
oInvisibleSolid,1632,352,0034FD0D,0,1,1,4294967295,0,1
oInvisibleSolid,1696,0,001439A8,0,1,1,4294967295,0,1
oInvisibleSolid,1824,192,0002BB48,0,1,1,4294967295,0,1
oInvisibleSolid,1600,0,00375F93,0,1,1,4294967295,0,1
oInvisibleSolid,1632,160,002F330A,0,1,1,4294967295,0,1
oInvisibleSolidMorph,1696,48,001C03FF,0,1,1,4294967295,0,1
oInvisibleSolid,2176,112,00322CCF,0,1,1,4294967295,0,1
oInvisibleSolid,2208,80,00233714,0,1,1,4294967295,0,1
oInvisibleSolid,2240,80,003317D8,0,1,1,4294967295,0,1
oInvisibleSolid,2400,192,00130CD1,0,1,1,4294967295,0,1
oInvisibleSolid,3040,240,001D0AA1,0,1,1,4294967295,0,1
oInvisibleSolid,3008,80,00131482,0,1,1,4294967295,0,1
oInvisibleSolid,3200,112,0010448A,0,1,1,4294967295,0,1
oInvisibleSolid,3232,112,0039C9CE,0,1,1,4294967295,0,1
oInvisibleSolid,3264,112,0030195E,0,1,1,4294967295,0,1
oInvisibleSolid,3328,0,0034EC6C,0,1,1,4294967295,0,1
oInvisibleSolid,2272,208,000FCC8D,0,1,1,4294967295,0,1
oInvisibleSolid,2336,272,00174251,0,1,1,4294967295,0,1
oInvisibleSolid,2464,272,00033837,0,1,1,4294967295,0,1
oInvisibleSolid,2560,208,002EB6F7,0,1,1,4294967295,0,1
oInvisibleSolid,2624,112,0000F43D,0,1,1,4294967295,0,1
oInvisibleSolid,2656,256,0037D478,0,1,1,4294967295,0,1
oInvisibleSolid,2880,192,0039B124,0,1,1,4294967295,0,1
oInvisibleSolid,2912,256,00247BAA,0,1,1,4294967295,0,1
