oExit,232,272,0028642D,0,1,1,4294967295,0,1
oNPC_ChallengeMaster,352,272,003794FF,0,1,1,4294967295,0,1
oMissilePack,232,176,000959DF,0,1,1,4294967295,0,1
oPlayer1,272,304,000466C0,0,1,1,4294967295,0,0
oSpikeZone,176,96,00391042,0,1,1,4294967295,0,0
oSpikeZone,128,64,003D361C,0,1,1,4294967295,0,0
oSpikeZone,128,80,0009FBEE,0,1,1,4294967295,0,0
oSpikeZone,128,96,000F994B,0,1,1,4294967295,0,0
oSpikeZone,144,96,000A88FA,0,1,1,4294967295,0,0
oSpikeZone,160,96,0004198C,0,1,1,4294967295,0,0
oSpikeZone,176,80,00290EE5,0,1,1,4294967295,0,0
oSpikeZone,176,64,000B3956,0,1,1,4294967295,0,0
oSpikeZone,288,64,0017E7EB,0,1,1,4294967295,0,0
oSpikeZone,288,80,002ADFA1,0,1,1,4294967295,0,0
oSpikeZone,288,96,0002F01A,0,1,1,4294967295,0,0
oSpikeZone,320,96,000295E1,0,1,1,4294967295,0,0
oSpikeZone,336,96,002C40C3,0,1,1,4294967295,0,0
oSpikeZone,336,80,001A92F1,0,1,1,4294967295,0,0
oSpikeZone,336,64,000F2EE4,0,1,1,4294967295,0,0
oSpikeZone,304,96,00364E88,0,1,1,4294967295,0,0
oSpikeZone,32,256,0030FF5C,0,1,1,4294967295,0,0
oSpikeZone,48,256,001E30D8,0,1,1,4294967295,0,0
oSpikeZone,64,256,003D2022,0,1,1,4294967295,0,0
oSpikeZone,64,272,001D8F4F,0,1,1,4294967295,0,0
oSpikeZone,64,288,002B9B12,0,1,1,4294967295,0,0
oSpikeZone,432,256,000C59BF,0,1,1,4294967295,0,0
oSpikeZone,416,256,00183BD7,0,1,1,4294967295,0,0
oSpikeZone,400,256,000BABE8,0,1,1,4294967295,0,0
oSpikeZone,400,272,00370406,0,1,1,4294967295,0,0
oSpikeZone,400,288,003F5F36,0,1,1,4294967295,0,0
oScaledTrapZone,80,336,0002F3AC,0,1,1,4294967295,0,1
oInvCollPH,144,80,0000BED7,0,1,1,4294967295,0,0
oInvCollPH,304,80,00320768,0,1,1,4294967295,0,0
oInvCollPH,224,48,003DE716,0,1,1,4294967295,0,0
oInvCollPH,240,48,00283638,0,1,1,4294967295,0,0
oInvCollPH,48,272,00008121,0,1,1,4294967295,0,0
oInvCollPH,64,304,000DF502,0,1,1,4294967295,0,0
oInvCollPH,80,304,00308C84,0,1,1,4294967295,0,0
oInvCollPH,96,304,000AA5A7,0,1,1,4294967295,0,0
oInvCollPH,112,304,0017D325,0,1,1,4294967295,0,0
oInvCollPH,128,304,000BF8C1,0,1,1,4294967295,0,0
oInvCollPH,144,304,0025F420,0,1,1,4294967295,0,0
oInvCollPH,160,304,001710AB,0,1,1,4294967295,0,0
oInvCollPH,176,304,00317DD9,0,1,1,4294967295,0,0
oInvCollPH,288,304,000554E9,0,1,1,4294967295,0,0
oInvCollPH,304,304,000F8ED0,0,1,1,4294967295,0,0
oInvCollPH,320,304,0032EB59,0,1,1,4294967295,0,0
oInvCollPH,336,304,001F6238,0,1,1,4294967295,0,0
oInvCollPH,352,304,0033DC0D,0,1,1,4294967295,0,0
oInvCollPH,368,304,001943FD,0,1,1,4294967295,0,0
oInvCollPH,384,304,0023D0D1,0,1,1,4294967295,0,0
oInvCollPH,400,304,000773D0,0,1,1,4294967295,0,0
oInvCollPH,416,288,002E731B,0,1,1,4294967295,0,0
oInvCollPH,192,304,002AEF91,0,1,1,4294967295,0,0
oInvCollPH,208,304,00252E02,0,1,1,4294967295,0,0
oInvCollPH,224,304,001F1219,0,1,1,4294967295,0,0
oInvCollPH,240,304,0010592D,0,1,1,4294967295,0,0
oInvCollPH,256,304,0000359A,0,1,1,4294967295,0,0
oInvCollPH,272,304,0032767C,0,1,1,4294967295,0,0
oInvCollPH,32,48,003DE6F5,0,1,1,4294967295,0,0
oInvCollPH,48,48,00378C22,0,1,1,4294967295,0,0
oInvCollPH,80,48,0000806C,0,1,1,4294967295,0,0
oInvCollPH,96,48,0004A757,0,1,1,4294967295,0,0
oInvCollPH,112,48,000A3E7F,0,1,1,4294967295,0,0
oInvCollPH,128,48,0035224A,0,1,1,4294967295,0,0
oInvCollPH,176,48,0028E948,0,1,1,4294967295,0,0
oInvCollPH,192,48,003778BA,0,1,1,4294967295,0,0
oInvCollPH,208,48,000B4FE9,0,1,1,4294967295,0,0
oInvCollPH,160,64,0017699D,0,1,1,4294967295,0,0
oInvCollPH,256,48,0011BE9A,0,1,1,4294967295,0,0
oInvCollPH,272,48,000D9DD1,0,1,1,4294967295,0,0
oInvCollPH,288,48,00294C1C,0,1,1,4294967295,0,0
oInvCollPH,336,48,00096769,0,1,1,4294967295,0,0
oInvCollPH,320,80,000A763A,0,1,1,4294967295,0,0
oInvCollPH,352,48,000BBDFB,0,1,1,4294967295,0,0
oInvCollPH,368,48,000453C0,0,1,1,4294967295,0,0
oInvCollPH,384,48,00330A2E,0,1,1,4294967295,0,0
oInvCollPH,416,48,000583B9,0,1,1,4294967295,0,0
oInvCollPH,432,48,0032CB04,0,1,1,4294967295,0,0
oInvCollPH,16,64,00241AB9,0,1,1,4294967295,0,0
oInvCollPH,16,80,0001A14B,0,1,1,4294967295,0,0
oInvCollPH,16,96,001AE160,0,1,1,4294967295,0,0
oInvCollPH,16,112,000E28F4,0,1,1,4294967295,0,0
oInvCollPH,16,128,000014E1,0,1,1,4294967295,0,0
oInvCollPH,16,144,003A7E26,0,1,1,4294967295,0,0
oInvCollPH,16,160,001EE205,0,1,1,4294967295,0,0
oInvCollPH,16,176,0030B951,0,1,1,4294967295,0,0
oInvCollPH,16,192,003E8C3D,0,1,1,4294967295,0,0
oInvCollPH,16,208,003C8BF8,0,1,1,4294967295,0,0
oInvCollPH,16,224,00129D3A,0,1,1,4294967295,0,0
oInvCollPH,16,240,003E713C,0,1,1,4294967295,0,0
oInvCollPH,16,256,001F1115,0,1,1,4294967295,0,0
oInvCollPH,48,288,0022C907,0,1,1,4294967295,0,0
oInvCollPH,448,80,0013EA11,0,1,1,4294967295,0,0
oInvCollPH,448,96,0018C87B,0,1,1,4294967295,0,0
oInvCollPH,448,112,001559E5,0,1,1,4294967295,0,0
oInvCollPH,448,128,000BB6ED,0,1,1,4294967295,0,0
oInvCollPH,448,144,002A27AC,0,1,1,4294967295,0,0
oInvCollPH,448,160,002537B9,0,1,1,4294967295,0,0
oInvCollPH,448,176,001B05E0,0,1,1,4294967295,0,0
oInvCollPH,448,192,000FE1D9,0,1,1,4294967295,0,0
oInvCollPH,448,208,000C47AA,0,1,1,4294967295,0,0
oInvCollPH,448,224,0031C5E3,0,1,1,4294967295,0,0
oInvCollPH,448,240,00140EF8,0,1,1,4294967295,0,0
oInvCollPH,448,256,0038638F,0,1,1,4294967295,0,0
oInvCollPH,432,272,00382A1A,0,1,1,4294967295,0,0
oInvCollPH,64,48,0007DE8A,0,1,1,4294967295,0,0
oInvCollPH,400,48,000087EB,0,1,1,4294967295,0,0
oInvCollPH,320,64,003EB941,0,1,1,4294967295,0,0
oInvCollPH,160,80,000D8714,0,1,1,4294967295,0,0
oInvCollPH,80,192,0007FB2A,0,1,1,4294967295,0,0
oInvCollPH,240,192,0004E3F1,0,1,1,4294967295,0,0
oInvCollPH,160,240,00154618,0,1,1,4294967295,0,0
oInvCollPH,400,192,001AEDAB,0,1,1,4294967295,0,0
oInvCollPH,320,240,00377108,0,1,1,4294967295,0,0
oInvisibleSolid,144,64,0010DBBC,0,1,1,4294967295,0,1
oInvisibleSolid,304,64,003EA8E1,0,1,1,4294967295,0,1
oInvisibleSolid,448,64,0023CA74,0,1,1,4294967295,0,1
oInvisibleSolid,32,304,0001AEEA,0,1,1,4294967295,0,1
oInvisibleSolid,0,64,000DD881,0,1,1,4294967295,0,1
oInvisibleSolid,0,0,0020931B,0,1,1,4294967295,0,1
oInvisibleSolid,32,272,0001CD39,0,1,1,4294967295,0,1
oInvisibleSolid,416,272,001F6946,0,1,1,4294967295,0,1
oInvisibleSolid,64,192,002BC0F5,0,1,1,4294967295,0,1
oInvisibleSolid,144,240,003D581A,0,1,1,4294967295,0,1
oInvisibleSolid,224,192,001F55E6,0,1,1,4294967295,0,1
oInvisibleSolid,304,240,000DA6A3,0,1,1,4294967295,0,1
oInvisibleSolid,384,192,0023B23F,0,1,1,4294967295,0,1
