oExit,1904,208,00376255,0,1,1,4294967295,0,1
oExit,0,224,001626F9,0,1,1,4294967295,0,1
oMetGeemer,800,208,0000B76D,0,1,1,4294967295,0,1
oMetGeemer,528,176,003A9D04,0,1,1,4294967295,0,1
oMetGeemer,1472,224,0003D53B,0,1,1,4294967295,0,1
oMetGeemer,1184,224,0012A13C,0,1,1,4294967295,0,1
oMetSkree,880,80,001FE250,0,1,1,4294967295,0,0
oMetSkree,432,128,00030D8D,0,1,1,4294967295,0,0
oMetSkree,1184,96,003885C5,0,1,1,4294967295,0,0
oMetRipper,376,168,00014D47,0,1,1,4294967295,0,1
oMetMultiviola,584,232,003BEAD4,0,1,1,4294967295,0,0
oPlayer1,1856,240,001139BA,0,1,1,4294967295,0,0
oMetroidDoorHolder,1888,208,0022891D,0,1,1,4294967295,0,1
oMetroidDoorHolder,16,224,00237514,0,1,1,4294967295,0,1
oBreakableMetroidWall,224,176,0027404D,0,1,1,4294967295,0,1
oBreakableMetroidWall,528,192,0005A347,0,1,1,4294967295,0,1
oBreakableMetroidWall,880,192,00374474,0,1,1,4294967295,0,1
oBreakableMetroidWall,752,144,00127E2E,0,1,1,4294967295,0,1
oBreakableMetroidWall,448,144,002C0457,0,1,1,4294967295,0,1
oMetLava,0,260,00284642,0,1,1,4294967295,0,1
oInvCollPH,16,256,001E6E4A,0,1,1,4294967295,0,0
oInvCollPH,32,256,0026BB44,0,1,1,4294967295,0,0
oInvCollPH,48,256,003FB519,0,1,1,4294967295,0,0
oInvCollPH,64,256,000F9234,0,1,1,4294967295,0,0
oInvCollPH,80,256,0010B5E3,0,1,1,4294967295,0,0
oInvCollPH,96,256,0020AE23,0,1,1,4294967295,0,0
oInvCollPH,448,304,0023490B,0,1,1,4294967295,0,0
oInvCollPH,496,320,003F9BB9,0,1,1,4294967295,0,0
oInvCollPH,880,320,00378D9F,0,1,1,4294967295,0,0
oInvCollPH,896,320,00105555,0,1,1,4294967295,0,0
oInvCollPH,368,320,003534F9,0,1,1,4294967295,0,0
oInvCollPH,384,320,00321050,0,1,1,4294967295,0,0
oInvCollPH,400,320,000107D5,0,1,1,4294967295,0,0
oInvCollPH,144,272,0018509D,0,1,1,4294967295,0,0
oInvCollPH,160,272,001D66D0,0,1,1,4294967295,0,0
oInvCollPH,176,272,0008B6AB,0,1,1,4294967295,0,0
oInvCollPH,272,272,0039F9AC,0,1,1,4294967295,0,0
oInvCollPH,256,272,002B8903,0,1,1,4294967295,0,0
oInvCollPH,240,272,0036A649,0,1,1,4294967295,0,0
oInvCollPH,224,272,0015AC1C,0,1,1,4294967295,0,0
oInvCollPH,208,272,0036388A,0,1,1,4294967295,0,0
oInvCollPH,192,272,0032101C,0,1,1,4294967295,0,0
oInvCollPH,1296,288,003D4F87,0,1,1,4294967295,0,0
oInvCollPH,1824,240,003EA085,0,1,1,4294967295,0,0
oInvCollPH,1840,240,0014B937,0,1,1,4294967295,0,0
oInvCollPH,1856,240,0008659E,0,1,1,4294967295,0,0
oInvCollPH,1872,240,003D7086,0,1,1,4294967295,0,0
oInvCollPH,1888,240,001ED23F,0,1,1,4294967295,0,0
oInvCollPH,1904,240,002EA4B7,0,1,1,4294967295,0,0
oInvCollPH,1632,240,0022B2F4,0,1,1,4294967295,0,0
oInvCollPH,1344,304,00000F53,0,1,1,4294967295,0,0
oInvCollPH,1360,304,00380ED3,0,1,1,4294967295,0,0
oInvCollPH,1520,288,00184ED7,0,1,1,4294967295,0,0
oInvCollPH,1504,304,0021952D,0,1,1,4294967295,0,0
oInvCollPH,1440,320,003854E6,0,1,1,4294967295,0,0
oInvCollPH,1424,320,00380C54,0,1,1,4294967295,0,0
oInvCollPH,1168,320,002347C0,0,1,1,4294967295,0,0
oInvCollPH,1184,320,00218204,0,1,1,4294967295,0,0
oInvCollPH,528,336,00026D25,0,1,1,4294967295,0,0
oInvCollPH,544,336,002E19BA,0,1,1,4294967295,0,0
oInvCollPH,560,336,003ECE47,0,1,1,4294967295,0,0
oInvCollPH,640,336,002EAAA3,0,1,1,4294967295,0,0
oInvCollPH,656,336,0029A89A,0,1,1,4294967295,0,0
oInvCollPH,672,336,0002EE05,0,1,1,4294967295,0,0
oInvCollPH,688,336,002E0F69,0,1,1,4294967295,0,0
oInvCollPH,704,336,001EE01C,0,1,1,4294967295,0,0
oInvCollPH,720,336,00236949,0,1,1,4294967295,0,0
oInvCollPH,736,336,001CD654,0,1,1,4294967295,0,0
oInvCollPH,752,336,0016179A,0,1,1,4294967295,0,0
oInvCollPH,768,336,0020D22F,0,1,1,4294967295,0,0
oInvCollPH,784,336,001680E6,0,1,1,4294967295,0,0
oInvCollPH,800,336,0023DCA3,0,1,1,4294967295,0,0
oInvCollPH,816,336,003524B7,0,1,1,4294967295,0,0
oInvCollPH,944,336,001D8D83,0,1,1,4294967295,0,0
oInvCollPH,960,336,000128B3,0,1,1,4294967295,0,0
oInvCollPH,976,336,0026C782,0,1,1,4294967295,0,0
oInvCollPH,992,336,001DAB7E,0,1,1,4294967295,0,0
oInvCollPH,1008,336,002D3E1A,0,1,1,4294967295,0,0
oInvCollPH,1024,336,003FB17C,0,1,1,4294967295,0,0
oInvCollPH,1072,336,002A92F3,0,1,1,4294967295,0,0
oInvCollPH,1088,336,002F847F,0,1,1,4294967295,0,0
oInvCollPH,1104,336,002AA9F5,0,1,1,4294967295,0,0
oInvCollPH,1040,256,003CB1F8,0,1,1,4294967295,0,0
oInvCollPH,1040,272,002B9A18,0,1,1,4294967295,0,0
oInvCollPH,1040,288,001DBCF3,0,1,1,4294967295,0,0
oInvCollPH,1040,304,001F320F,0,1,1,4294967295,0,0
oInvCollPH,1040,320,0000BCFA,0,1,1,4294967295,0,0
oInvCollPH,1120,288,001FBD59,0,1,1,4294967295,0,0
oInvCollPH,1120,304,00166EC3,0,1,1,4294967295,0,0
oInvCollPH,1120,320,0001C8CA,0,1,1,4294967295,0,0
oInvCollPH,1280,256,0026D9CE,0,1,1,4294967295,0,0
oInvCollPH,1280,272,002F9E8C,0,1,1,4294967295,0,0
oInvCollPH,1376,240,00302EFF,0,1,1,4294967295,0,0
oInvCollPH,1376,256,001FCE30,0,1,1,4294967295,0,0
oInvCollPH,1376,272,002CA383,0,1,1,4294967295,0,0
oInvCollPH,1376,288,000961F5,0,1,1,4294967295,0,0
oInvCollPH,1456,272,00163E92,0,1,1,4294967295,0,0
oInvCollPH,1456,288,002C49CA,0,1,1,4294967295,0,0
oInvCollPH,1456,304,00213708,0,1,1,4294967295,0,0
oInvCollPH,1520,272,001E760F,0,1,1,4294967295,0,0
oInvCollPH,1200,208,0037CB72,0,1,1,4294967295,0,0
oInvCollPH,1200,224,002D9AF8,0,1,1,4294967295,0,0
oInvCollPH,1200,240,002AF490,0,1,1,4294967295,0,0
oInvCollPH,1200,256,001D1669,0,1,1,4294967295,0,0
oInvCollPH,1200,272,002FD2B3,0,1,1,4294967295,0,0
oInvCollPH,1200,288,001946B1,0,1,1,4294967295,0,0
oInvCollPH,1200,304,0023A0BA,0,1,1,4294967295,0,0
oInvCollPH,1472,240,003DBA4A,0,1,1,4294967295,0,0
oInvCollPH,1488,240,001846D0,0,1,1,4294967295,0,0
oInvCollPH,1504,240,00245FDD,0,1,1,4294967295,0,0
oInvCollPH,1520,240,0005C805,0,1,1,4294967295,0,0
oInvCollPH,432,112,00108DDB,0,1,1,4294967295,0,0
oInvCollPH,448,112,000F9211,0,1,1,4294967295,0,0
oInvCollPH,512,80,000CF2B5,0,1,1,4294967295,0,0
oInvCollPH,1072,112,003C2A62,0,1,1,4294967295,0,0
oInvCollPH,1088,112,00169971,0,1,1,4294967295,0,0
oInvCollPH,1120,96,0029608F,0,1,1,4294967295,0,0
oInvCollPH,1136,96,003B8EAD,0,1,1,4294967295,0,0
oInvCollPH,1472,128,001D6D24,0,1,1,4294967295,0,0
oInvCollPH,1488,128,003F013F,0,1,1,4294967295,0,0
oInvCollPH,1504,128,0024F918,0,1,1,4294967295,0,0
oInvCollPH,1664,144,003EEC55,0,1,1,4294967295,0,0
oInvCollPH,1904,160,003D63AA,0,1,1,4294967295,0,0
oInvCollPH,1712,128,003CE416,0,1,1,4294967295,0,0
oInvCollPH,1728,128,001573C2,0,1,1,4294967295,0,0
oInvCollPH,1744,128,003EF225,0,1,1,4294967295,0,0
oInvCollPH,1760,128,003DA27C,0,1,1,4294967295,0,0
oInvCollPH,1776,128,00332A03,0,1,1,4294967295,0,0
oInvCollPH,1792,128,0034D2D9,0,1,1,4294967295,0,0
oInvCollPH,1808,128,00081AAE,0,1,1,4294967295,0,0
oInvCollPH,1824,128,00295632,0,1,1,4294967295,0,0
oInvCollPH,1392,112,00035DBE,0,1,1,4294967295,0,0
oInvCollPH,1408,112,002D5223,0,1,1,4294967295,0,0
oInvCollPH,1552,112,002B3C8F,0,1,1,4294967295,0,0
oInvCollPH,1568,112,0029920E,0,1,1,4294967295,0,0
oInvCollPH,1584,112,0021C834,0,1,1,4294967295,0,0
oInvCollPH,1168,80,00368FE1,0,1,1,4294967295,0,0
oInvCollPH,1184,80,00332238,0,1,1,4294967295,0,0
oInvCollPH,1200,80,0036EB8E,0,1,1,4294967295,0,0
oInvCollPH,1216,80,001987DB,0,1,1,4294967295,0,0
oInvCollPH,256,48,002D44C6,0,1,1,4294967295,0,0
oInvCollPH,272,48,000DC3C2,0,1,1,4294967295,0,0
oInvCollPH,304,64,003BE3CC,0,1,1,4294967295,0,0
oInvCollPH,320,64,00058413,0,1,1,4294967295,0,0
oInvCollPH,336,64,002470DE,0,1,1,4294967295,0,0
oInvCollPH,560,64,000AFC86,0,1,1,4294967295,0,0
oInvCollPH,576,64,002A92A8,0,1,1,4294967295,0,0
oInvCollPH,592,64,0007B3AC,0,1,1,4294967295,0,0
oInvCollPH,608,64,0038848B,0,1,1,4294967295,0,0
oInvCollPH,624,64,00288954,0,1,1,4294967295,0,0
oInvCollPH,640,64,0018A906,0,1,1,4294967295,0,0
oInvCollPH,656,64,00205E75,0,1,1,4294967295,0,0
oInvCollPH,672,64,00403339,0,1,1,4294967295,0,0
oInvCollPH,688,64,0034055E,0,1,1,4294967295,0,0
oInvCollPH,704,64,000461F1,0,1,1,4294967295,0,0
oInvCollPH,720,64,0013FF1C,0,1,1,4294967295,0,0
oInvCollPH,736,64,0006AF50,0,1,1,4294967295,0,0
oInvCollPH,752,64,0019287F,0,1,1,4294967295,0,0
oInvCollPH,768,64,001F9B4D,0,1,1,4294967295,0,0
oInvCollPH,864,64,000A49CA,0,1,1,4294967295,0,0
oInvCollPH,880,64,0002E320,0,1,1,4294967295,0,0
oInvCollPH,896,64,000178EC,0,1,1,4294967295,0,0
oInvCollPH,912,64,0007D604,0,1,1,4294967295,0,0
oInvCollPH,928,64,00076D33,0,1,1,4294967295,0,0
oInvCollPH,944,64,0006060E,0,1,1,4294967295,0,0
oInvCollPH,960,64,0037DADA,0,1,1,4294967295,0,0
oInvCollPH,0,176,0025CA5F,0,1,1,4294967295,0,0
oInvCollPH,16,176,0030645D,0,1,1,4294967295,0,0
oInvCollPH,1696,272,001D551B,0,1,1,4294967295,0,0
oInvCollPH,1712,272,0030E8BE,0,1,1,4294967295,0,0
oInvCollPH,1728,272,001BD944,0,1,1,4294967295,0,0
oInvCollPH,512,304,00378332,0,1,1,4294967295,0,0
oInvCollPH,528,288,000D8EE8,0,1,1,4294967295,0,0
oInvCollPH,528,320,001C373B,0,1,1,4294967295,0,0
oInvCollPH,1056,240,00370271,0,1,1,4294967295,0,0
oInvCollPH,1056,256,00196CA5,0,1,1,4294967295,0,0
oInvCollPH,1056,272,001CB328,0,1,1,4294967295,0,0
oInvCollPH,1056,288,0005B0AA,0,1,1,4294967295,0,0
oInvCollPH,1056,304,002B3ECA,0,1,1,4294967295,0,0
oInvCollPH,1056,320,003A0A7B,0,1,1,4294967295,0,0
oInvisibleRupLowSlope,1776,240,0002B694,0,1,1,4294967295,0,0
oInvisibleRupLowSlope,1744,256,00098C87,0,1,1,4294967295,0,0
oInvisibleRupLowSlope,1584,240,0014970E,0,1,1,4294967295,0,0
oInvisibleRupLowSlope,1232,288,00088E06,0,1,1,4294967295,0,0
oInvisibleRupLowSlope,1200,304,002C42B1,0,1,1,4294967295,0,0
oInvisibleRupLowSlope,832,320,000DF2E4,0,1,1,4294967295,0,0
oInvisibleRupLowSlope,576,320,003929F3,0,1,1,4294967295,0,0
oInvisibleLupLowSlope,1664,256,00019285,0,1,1,4294967295,0,0
oInvisibleLupLowSlope,1392,304,003C1DD7,0,1,1,4294967295,0,0
oInvisibleLupLowSlope,1312,288,002FF460,0,1,1,4294967295,0,0
oInvisibleLupLowSlope,912,320,002FF6AC,0,1,1,4294967295,0,0
oInvisibleLupLowSlope,464,304,00023804,0,1,1,4294967295,0,0
oInvisibleLupLowSlope,336,304,003CFFFD,0,1,1,4294967295,0,0
oInvisibleLupLowSlope,288,272,0013B931,0,1,1,4294967295,0,0
oInvisibleLupLowSlope,112,256,0018BAAE,0,1,1,4294967295,0,0
oInvisibleRCeilingLowSlope,368,96,00115899,0,1,1,4294967295,0,0
oInvisibleRCeilingLowSlope,784,80,002C4E7A,0,1,1,4294967295,0,0
oInvisibleRCeilingLowSlope,976,80,00253F00,0,1,1,4294967295,0,0
oInvisibleRCeilingLowSlope,1024,112,0017A47B,0,1,1,4294967295,0,0
oInvisibleRCeilingLowSlope,1232,96,0007027B,0,1,1,4294967295,0,0
oInvisibleRCeilingLowSlope,1280,128,0027DC61,0,1,1,4294967295,0,0
oInvisibleRCeilingLowSlope,1424,128,001F6DCB,0,1,1,4294967295,0,0
oInvisibleRCeilingLowSlope,1600,128,00063E64,0,1,1,4294967295,0,0
oInvisibleRCeilingLowSlope,1856,160,000C498E,0,1,1,4294967295,0,0
oInvisibleLCeilingLowSlope,1680,144,0035FB1B,0,1,1,4294967295,0,0
oInvisibleLCeilingLowSlope,1520,128,0032EBAD,0,1,1,4294967295,0,0
oInvisibleLCeilingLowSlope,1344,144,001BE16B,0,1,1,4294967295,0,0
oInvisibleLCeilingLowSlope,832,80,003D71B9,0,1,1,4294967295,0,0
oInvisibleLCeilingLowSlope,528,80,003E5172,0,1,1,4294967295,0,0
oInvisibleLCeilingLowSlope,464,112,001D746A,0,1,1,4294967295,0,0
oInvisibleLCeilingLowSlope,208,48,001287D0,0,1,1,4294967295,0,0
oInvisibleLCeilingLowSlope,160,80,000216BD,0,1,1,4294967295,0,0
oInvisibleLCeilingLowSlope,112,112,001253FA,0,1,1,4294967295,0,0
oInvisibleLCeilingLowSlope,48,160,0011063F,0,1,1,4294967295,0,0
oInvisibleRupSlope,416,304,0012AB1C,0,1,1,4294967295,0,0
oInvisibleRupSlope,1136,320,00352300,0,1,1,4294967295,0,0
oInvisibleRupSlope,1472,304,00122883,0,1,1,4294967295,0,0
oInvisibleRupSlope,1536,288,0039A381,0,1,1,4294967295,0,0
oInvisibleRupSlope,1552,272,001F2682,0,1,1,4294967295,0,0
oInvisibleRupSlope,1568,256,001E28D0,0,1,1,4294967295,0,0
oInvisibleLupSlope,1648,240,000ACBB8,0,1,1,4294967295,0,0
oInvisibleLupSlope,624,320,00231AA0,0,1,1,4294967295,0,0
oInvisibleLupSlope,320,288,0008A282,0,1,1,4294967295,0,0
oInvisibleRCeilingSlope,288,64,000C41B3,0,1,1,4294967295,0,0
oInvisibleRCeilingSlope,240,48,001C3FEE,0,1,1,4294967295,0,0
oInvisibleRCeilingSlope,352,80,002E7D7B,0,1,1,4294967295,0,0
oInvisibleRCeilingSlope,400,112,00275FAF,0,1,1,4294967295,0,0
oInvisibleRCeilingSlope,1008,96,0001487A,0,1,1,4294967295,0,0
oInvisibleRCeilingSlope,1264,112,0009F95C,0,1,1,4294967295,0,0
oInvisibleRCeilingSlope,1312,144,00026B0B,0,1,1,4294967295,0,0
oInvisibleRCeilingSlope,1632,144,0014141A,0,1,1,4294967295,0,0
oInvisibleRCeilingSlope,1840,144,0019B735,0,1,1,4294967295,0,0
oInvisibleLCeilingSlope,1376,128,002AD86E,0,1,1,4294967295,0,0
oInvisibleLCeilingSlope,1152,96,002BAA08,0,1,1,4294967295,0,0
oInvisibleLCeilingSlope,1104,112,00062A24,0,1,1,4294967295,0,0
oInvisibleLCeilingSlope,496,96,003D1D84,0,1,1,4294967295,0,0
oInvisibleLCeilingSlope,192,64,0017BC7E,0,1,1,4294967295,0,0
oInvisibleLCeilingSlope,144,96,00374201,0,1,1,4294967295,0,0
oInvisibleLCeilingSlope,96,128,003C2A6D,0,1,1,4294967295,0,0
oInvisibleLCeilingSlope,80,144,00379BFA,0,1,1,4294967295,0,0
oInvisibleLCeilingSlope,32,176,0028072A,0,1,1,4294967295,0,0
oInvisibleSolid,0,256,00063D44,0,1,1,4294967295,0,1
oInvisibleSolid,112,272,00323E20,0,1,1,4294967295,0,1
oInvisibleSolid,288,288,001B3FBA,0,1,1,4294967295,0,1
oInvisibleSolid,320,304,0010BDCE,0,1,1,4294967295,0,0
oInvisibleSolid,320,320,001D58C3,0,1,1,4294967295,0,1
oInvisibleSolid,432,304,000C75F9,0,1,1,4294967295,0,1
oInvisibleSolid,512,336,0017540F,0,1,1,4294967295,0,1
oInvisibleSolid,608,320,00175AB1,0,1,1,4294967295,0,0
oInvisibleSolid,864,320,00069CE4,0,1,1,4294967295,0,1
oInvisibleSolid,1152,320,00234C77,0,1,1,4294967295,0,1
oInvisibleSolid,1264,288,0004F0B5,0,1,1,4294967295,0,1
oInvisibleSolid,1232,304,000DF63C,0,1,1,4294967295,0,1
oInvisibleSolid,1488,304,0031EC76,0,1,1,4294967295,0,1
oInvisibleSolid,1616,240,003714B9,0,1,1,4294967295,0,1
oInvisibleSolid,1808,240,003983A2,0,1,1,4294967295,0,1
oInvisibleSolid,1776,256,00284F91,0,1,1,4294967295,0,1
oInvisibleSolid,1584,256,000360B1,0,1,1,4294967295,0,1
oInvisibleSolid,1552,288,001F611E,0,1,1,4294967295,0,0
oInvisibleSolid,1568,272,003A8D77,0,1,1,4294967295,0,1
oInvisibleSolid,1456,240,00009F67,0,1,1,4294967295,0,1
oInvisibleSolid,1520,256,001F7028,0,1,1,4294967295,0,1
oInvisibleSolid,1456,256,00174B50,0,1,1,4294967295,0,1
oInvisibleSolid,1376,224,003C2819,0,1,1,4294967295,0,1
oInvisibleSolid,1280,240,0001E5A0,0,1,1,4294967295,0,1
oInvisibleSolid,1200,192,0018FFE4,0,1,1,4294967295,0,1
oInvisibleSolid,1120,272,002FB7AB,0,1,1,4294967295,0,1
oInvisibleSolid,1040,240,0002EDA0,0,1,1,4294967295,0,1
oInvisibleSolid,928,256,0010E74B,0,1,1,4294967295,0,0
oInvisibleSolid,832,288,000D869E,0,1,1,4294967295,0,0
oInvisibleSolid,800,224,0011419D,0,1,1,4294967295,0,0
oInvisibleSolid,720,272,00208DBD,0,1,1,4294967295,0,0
oInvisibleSolid,688,176,001A0E4B,0,1,1,4294967295,0,0
oInvisibleSolid,608,256,002305AA,0,1,1,4294967295,0,0
oInvisibleSolid,592,128,000DE4C5,0,1,1,4294967295,0,0
oInvisibleSolid,432,240,001C2D22,0,1,1,4294967295,0,0
oInvisibleSolid,352,208,00070721,0,1,1,4294967295,0,0
oInvisibleSolid,272,128,002B4079,0,1,1,4294967295,0,0
oInvisibleSolid,176,224,0035116B,0,1,1,4294967295,0,0
oInvisibleSolid,1888,160,003EB46A,0,1,1,4294967295,0,1
oInvisibleSolid,1856,144,001DC040,0,1,1,4294967295,0,1
oInvisibleSolid,1648,144,0037C8F8,0,1,1,4294967295,0,1
oInvisibleSolid,1632,128,00391989,0,1,1,4294967295,0,1
oInvisibleSolid,1456,128,00327B68,0,1,1,4294967295,0,1
oInvisibleSolid,1328,144,00346135,0,1,1,4294967295,0,0
oInvisibleSolid,1312,128,00201C27,0,1,1,4294967295,0,1
oInvisibleSolid,1056,112,003C32E2,0,1,1,4294967295,0,1
oInvisibleSolid,1024,96,00053CD4,0,1,1,4294967295,0,1
oInvisibleSolid,816,80,001450F5,0,1,1,4294967295,0,0
oInvisibleSolid,416,112,00359630,0,1,1,4294967295,0,1
oInvisibleSolid,400,96,001827D4,0,1,1,4294967295,0,1
oInvisibleSolid,368,80,0010C915,0,1,1,4294967295,0,1
oInvisibleSolid,1264,96,003546F4,0,1,1,4294967295,0,0
oInvisibleSolid,1280,96,003DCB54,0,1,1,4294967295,0,1
oInvisibleSolid,1008,0,00129A91,0,1,1,4294967295,0,1
oInvisibleSolid,256,0,001F36C3,0,1,1,4294967295,0,1
oInvisibleSolid,192,0,001A457B,0,1,1,4294967295,0,1
oInvisibleSolid,192,48,002AE1B9,0,1,1,4294967295,0,0
oInvisibleSolid,304,0,00100261,0,1,1,4294967295,0,1
oInvisibleSolid,32,160,002BC4A1,0,1,1,4294967295,0,0
oInvisibleSolid,0,160,00040FB2,0,1,1,4294967295,0,1
oInvisibleSolid,80,128,0019E32B,0,1,1,4294967295,0,0
oInvisibleSolid,0,112,000385DB,0,1,1,4294967295,0,1
oInvisibleSolid,80,112,001A1104,0,1,1,4294967295,0,1
oInvisibleSolid,144,80,001D29E2,0,1,1,4294967295,0,0
oInvisibleSolid,0,0,00332318,0,1,1,4294967295,0,1
oInvisibleSolid,0,80,00047EFE,0,1,1,4294967295,0,1
oInvisibleSolid,512,288,0028B7BA,0,1,1,4294967295,0,1
oGametSpawner,528,304,0005AA17,0,1,1,4294967295,0,1
