oExit,0,224,003A3870,0,1,1,4294967295,0,1
oExit,960,688,0030CCA6,0,1,1,4294967295,0,1
oExit,1424,96,001103A7,0,1,1,4294967295,0,1
oSignPost,224,640,0019092F,0,1,1,4294967295,0,1
oBlueBlocker,1248,496,0011CD9D,0,1,1,4294967295,0,0
oBlueBlocker,1264,496,002B102E,0,1,1,4294967295,0,0
oBlueBlocker,1280,496,0013488D,0,1,1,4294967295,0,0
oBlueBlocker,1296,496,002DB3A1,0,1,1,4294967295,0,0
oRedBlocker,736,352,0015DCF8,0,1,1,4294967295,0,0
oRedBlocker,736,368,000AC77C,0,1,1,4294967295,0,0
oRedBlocker,736,384,0001335E,0,1,1,4294967295,0,0
oRedBlocker,736,400,0027277D,0,1,1,4294967295,0,0
oRedBlocker,752,400,0015B5C5,0,1,1,4294967295,0,0
oRedBlocker,752,384,002709B7,0,1,1,4294967295,0,0
oRedBlocker,752,368,0003D128,0,1,1,4294967295,0,0
oRedBlocker,752,352,003D18CB,0,1,1,4294967295,0,0
oBlueBlocker,128,496,0016FFCE,0,1,1,4294967295,0,0
oBlueBlocker,144,496,00195383,0,1,1,4294967295,0,0
oDoorKey,528,80,0001A2BA,0,1,1,4294967295,0,1
oZeldaBreakPot,648,432,003CDD46,0,1,1,4294967295,0,0
oLargeJumper,100,217,000BDEC4,0,1,1,4294967295,0,1
oLargeJumper,1316,212,00351DBC,0,1,1,4294967295,0,1
oMarioSpikeFloor,800,592,0002C7F2,0,1,1,4294967295,0,0
oMarioSpikeFloor,816,592,000982B1,0,1,1,4294967295,0,0
oMarioSpikeFloor,832,320,00324F0B,0,1,1,4294967295,0,0
oMarioSpikeFloor,848,320,001E39CD,0,1,1,4294967295,0,0
oMarioSpikeFloor,864,320,003B0B6D,0,1,1,4294967295,0,0
oMarioSpikeFloor,880,320,003F3607,0,1,1,4294967295,0,0
oMarioSpikeFloor,896,320,0021DFC1,0,1,1,4294967295,0,0
oMarioSpikeFloor,912,320,00072994,0,1,1,4294967295,0,0
oMarioSpikeCeiling,288,32,001D8D80,0,1,1,4294967295,0,0
oMarioSpikeCeiling,304,32,0003537D,0,1,1,4294967295,0,0
oMarioSpikeCeiling,320,32,00074A72,0,1,1,4294967295,0,0
oMarioSpikeCeiling,336,32,00332984,0,1,1,4294967295,0,0
oMarioSpikeCeiling,352,32,00227274,0,1,1,4294967295,0,0
oMarioSpikeCeiling,368,32,003C2E14,0,1,1,4294967295,0,0
oMarioSpikeCeiling,416,32,001F0575,0,1,1,4294967295,0,0
oMarioSpikeCeiling,432,32,0019AD42,0,1,1,4294967295,0,0
oMarioSpikeCeiling,480,32,001DDA10,0,1,1,4294967295,0,0
oMarioSpikeCeiling,496,32,000E462A,0,1,1,4294967295,0,0
oMarioSpikeCeiling,544,32,0024CE5D,0,1,1,4294967295,0,0
oMarioSpikeCeiling,560,32,00181A04,0,1,1,4294967295,0,0
oMarioSpikeCeiling,576,32,00050218,0,1,1,4294967295,0,0
oMarioSpikeCeiling,592,32,0020E57C,0,1,1,4294967295,0,0
oMarioSpikeCeiling,608,32,00361DBB,0,1,1,4294967295,0,0
oMarioSpikeCeiling,624,32,00181ACD,0,1,1,4294967295,0,0
oMarioSpikeCeiling,832,64,00061DA9,0,1,1,4294967295,0,0
oMarioSpikeCeiling,848,64,00133A3B,0,1,1,4294967295,0,0
oMarioSpikeCeiling,864,64,002B03AC,0,1,1,4294967295,0,0
oMarioSpikeCeiling,880,64,002FECDE,0,1,1,4294967295,0,0
oMarioSpikeCeiling,896,64,0011BF9E,0,1,1,4294967295,0,0
oMarioSpikeCeiling,912,64,0000AF9F,0,1,1,4294967295,0,0
oBreakableExplodeWall,1280,64,000275C4,0,1,1,4294967295,0,1
oBreakableExplodeWall,1280,96,003BA77D,0,1,1,4294967295,0,1
oMarioSpikeFloor,320,624,0011A7D3,0,1,1,4294967295,0,0
oMarioSpikeFloor,336,624,001C5F18,0,1,1,4294967295,0,0
oMarioSpikeFloor,352,624,001AB70A,0,1,1,4294967295,0,0
oMarioSpikeFloor,368,624,0006BBBF,0,1,1,4294967295,0,0
oMarioSpikeFloor,608,448,001DC294,0,1,1,4294967295,0,0
oMarioSpikeFloor,624,448,000B82DA,0,1,1,4294967295,0,0
oMarioSpikeFloor,672,448,001CBF98,0,1,1,4294967295,0,0
oMarioSpikeFloor,688,448,0032C7BA,0,1,1,4294967295,0,0
oChuchu,448,640,00256A83,0,1,1,4294967295,0,0
oChuchu,688,576,0021E657,0,1,1,4294967295,0,0
oOctorok,400,256,0019440B,0,1,1,4294967295,0,0
oOctorok,880,176,002FC0B0,0,1,1,4294967295,0,0
oChuchu,1136,384,001E9DFA,0,1,1,4294967295,0,0
oSkullBall,1216,272,00029AF1,0,1,1,4294967295,0,0
oOctorok,624,192,000E6242,0,1,1,4294967295,0,0
oPlayer1,944,640,00343595,0,1,1,4294967295,0,0
oInvCollPH,1040,672,002707C6,0,1,1,4294967295,0,0
oInvCollPH,1024,688,00238C4C,0,1,1,4294967295,0,0
oInvCollPH,1056,672,003B58A8,0,1,1,4294967295,0,0
oInvCollPH,1072,672,000A6618,0,1,1,4294967295,0,0
oInvCollPH,1088,672,001CF98F,0,1,1,4294967295,0,0
oInvCollPH,1104,672,001B4A92,0,1,1,4294967295,0,0
oInvCollPH,736,336,001B3AA9,0,1,1,4294967295,0,0
oInvCollPH,752,336,002FFF3B,0,1,1,4294967295,0,0
oInvCollPH,768,336,003DE6BD,0,1,1,4294967295,0,0
oInvCollPH,784,336,00136575,0,1,1,4294967295,0,0
oInvCollPH,800,336,002FDD23,0,1,1,4294967295,0,0
oInvCollPH,816,336,003E8E2D,0,1,1,4294967295,0,0
oInvCollPH,816,320,000EFD01,0,1,1,4294967295,0,0
oInvCollPH,800,320,001EA8DA,0,1,1,4294967295,0,0
oInvCollPH,784,320,001D21F1,0,1,1,4294967295,0,0
oInvCollPH,768,320,0024266E,0,1,1,4294967295,0,0
oInvCollPH,752,320,002D6597,0,1,1,4294967295,0,0
oInvCollPH,848,336,003D7F76,0,1,1,4294967295,0,0
oInvCollPH,864,336,0034CFB9,0,1,1,4294967295,0,0
oInvCollPH,880,336,000F67A7,0,1,1,4294967295,0,0
oInvCollPH,896,336,000D40F6,0,1,1,4294967295,0,0
oInvCollPH,912,336,002D74C5,0,1,1,4294967295,0,0
oInvCollPH,400,48,000F719A,0,1,1,4294967295,0,0
oInvCollPH,400,32,002EFA5D,0,1,1,4294967295,0,0
oInvCollPH,384,48,003EE27B,0,1,1,4294967295,0,0
oInvCollPH,512,48,00326C82,0,1,1,4294967295,0,0
oInvCollPH,528,48,003927E9,0,1,1,4294967295,0,0
oInvCollPH,528,32,000BA9E9,0,1,1,4294967295,0,0
oInvCollPH,256,208,002EE338,0,1,1,4294967295,0,0
oInvCollPH,272,208,0017BB43,0,1,1,4294967295,0,0
oInvCollPH,272,192,0029F39A,0,1,1,4294967295,0,0
oInvCollPH,144,256,002B0257,0,1,1,4294967295,0,0
oInvCollPH,160,256,0038685C,0,1,1,4294967295,0,0
oInvCollPH,176,256,001D019F,0,1,1,4294967295,0,0
oInvCollPH,176,272,002EF6E1,0,1,1,4294967295,0,0
oInvCollPH,160,272,000CAD70,0,1,1,4294967295,0,0
oInvCollPH,128,272,000D6371,0,1,1,4294967295,0,0
oInvCollPH,128,304,00236421,0,1,1,4294967295,0,0
oInvCollPH,144,304,002613E1,0,1,1,4294967295,0,0
oInvCollPH,144,288,00031C37,0,1,1,4294967295,0,0
oInvCollPH,208,560,00015BBB,0,1,1,4294967295,0,0
oInvCollPH,224,560,003EC442,0,1,1,4294967295,0,0
oInvCollPH,240,560,00143C74,0,1,1,4294967295,0,0
oInvCollPH,80,432,002F392E,0,1,1,4294967295,0,0
oInvCollPH,96,624,0026F78C,0,1,1,4294967295,0,0
oInvCollPH,112,608,002F52F7,0,1,1,4294967295,0,0
oInvCollPH,128,608,00032D3E,0,1,1,4294967295,0,0
oInvCollPH,144,608,000C4A26,0,1,1,4294967295,0,0
oInvCollPH,144,624,0015239B,0,1,1,4294967295,0,0
oInvCollPH,288,624,000A62F3,0,1,1,4294967295,0,0
oInvCollPH,304,608,00132C69,0,1,1,4294967295,0,0
oInvCollPH,304,624,0016B586,0,1,1,4294967295,0,0
oInvCollPH,384,624,00111F76,0,1,1,4294967295,0,0
oInvCollPH,400,624,000B3D51,0,1,1,4294967295,0,0
oInvCollPH,400,608,001C9CB0,0,1,1,4294967295,0,0
oInvCollPH,384,272,0030401C,0,1,1,4294967295,0,0
oInvCollPH,384,288,00381837,0,1,1,4294967295,0,0
oInvCollPH,384,304,0034E032,0,1,1,4294967295,0,0
oInvCollPH,400,304,00170696,0,1,1,4294967295,0,0
oInvCollPH,400,288,0029EB50,0,1,1,4294967295,0,0
oInvCollPH,400,272,00388C17,0,1,1,4294967295,0,0
oInvCollPH,400,256,001D0EB4,0,1,1,4294967295,0,0
oInvCollPH,208,368,003DB848,0,1,1,4294967295,0,0
oInvCollPH,240,352,0016A461,0,1,1,4294967295,0,0
oInvCollPH,240,368,003AECDE,0,1,1,4294967295,0,0
oInvCollPH,224,368,002FD4C4,0,1,1,4294967295,0,0
oInvCollPH,256,336,00052338,0,1,1,4294967295,0,0
oInvCollPH,256,384,0037D1B3,0,1,1,4294967295,0,0
oInvCollPH,256,400,000BE088,0,1,1,4294967295,0,0
oInvCollPH,272,400,002CC21A,0,1,1,4294967295,0,0
oInvCollPH,288,400,003B4051,0,1,1,4294967295,0,0
oInvCollPH,304,400,0021C032,0,1,1,4294967295,0,0
oInvCollPH,304,384,003BF29A,0,1,1,4294967295,0,0
oInvCollPH,304,368,002E5760,0,1,1,4294967295,0,0
oInvCollPH,304,352,00293B5B,0,1,1,4294967295,0,0
oInvCollPH,304,336,001B7ABB,0,1,1,4294967295,0,0
oInvCollPH,304,320,001884F8,0,1,1,4294967295,0,0
oInvCollPH,288,320,001F8B65,0,1,1,4294967295,0,0
oInvCollPH,272,320,00355722,0,1,1,4294967295,0,0
oInvCollPH,416,320,000DB46F,0,1,1,4294967295,0,0
oInvCollPH,432,320,001C925C,0,1,1,4294967295,0,0
oInvCollPH,432,336,00330735,0,1,1,4294967295,0,0
oInvCollPH,432,352,00376884,0,1,1,4294967295,0,0
oInvCollPH,432,368,00363055,0,1,1,4294967295,0,0
oInvCollPH,384,336,00179759,0,1,1,4294967295,0,0
oInvCollPH,384,352,001AD4EC,0,1,1,4294967295,0,0
oInvCollPH,384,368,0030601A,0,1,1,4294967295,0,0
oInvCollPH,384,384,00301A4E,0,1,1,4294967295,0,0
oInvCollPH,384,400,00066A07,0,1,1,4294967295,0,0
oInvCollPH,400,400,00359A35,0,1,1,4294967295,0,0
oInvCollPH,416,400,000D413E,0,1,1,4294967295,0,0
oInvCollPH,432,400,003ACFA6,0,1,1,4294967295,0,0
oInvCollPH,464,384,0028CEB4,0,1,1,4294967295,0,0
oInvCollPH,480,384,0004777A,0,1,1,4294967295,0,0
oInvCollPH,496,384,001BF46A,0,1,1,4294967295,0,0
oInvCollPH,512,384,0023CBFB,0,1,1,4294967295,0,0
oInvCollPH,528,384,00243018,0,1,1,4294967295,0,0
oInvCollPH,544,384,001B9CBD,0,1,1,4294967295,0,0
oInvCollPH,560,384,001E55F8,0,1,1,4294967295,0,0
oInvCollPH,576,384,0007F3C9,0,1,1,4294967295,0,0
oInvCollPH,592,384,00130D0F,0,1,1,4294967295,0,0
oInvCollPH,592,400,00234AAA,0,1,1,4294967295,0,0
oInvCollPH,560,400,00072FE3,0,1,1,4294967295,0,0
oInvCollPH,544,400,001C198A,0,1,1,4294967295,0,0
oInvCollPH,528,400,003C76B9,0,1,1,4294967295,0,0
oInvCollPH,512,400,00057D58,0,1,1,4294967295,0,0
oInvCollPH,496,400,00005028,0,1,1,4294967295,0,0
oInvCollPH,480,400,00033F3B,0,1,1,4294967295,0,0
oInvCollPH,464,400,001D6FD9,0,1,1,4294967295,0,0
oInvCollPH,448,400,001535AE,0,1,1,4294967295,0,0
oInvCollPH,656,448,0033ECD6,0,1,1,4294967295,0,0
oInvCollPH,624,464,003076D0,0,1,1,4294967295,0,0
oInvCollPH,640,464,00171E4C,0,1,1,4294967295,0,0
oInvCollPH,656,464,001DC562,0,1,1,4294967295,0,0
oInvCollPH,672,464,0006EECF,0,1,1,4294967295,0,0
oInvCollPH,688,464,003EE675,0,1,1,4294967295,0,0
oInvCollPH,592,416,003816C7,0,1,1,4294967295,0,0
oInvCollPH,592,432,0034BF7D,0,1,1,4294967295,0,0
oInvCollPH,592,448,0004B454,0,1,1,4294967295,0,0
oInvCollPH,576,432,00312B34,0,1,1,4294967295,0,0
oInvCollPH,576,448,003D0CD7,0,1,1,4294967295,0,0
oInvCollPH,576,464,002AD441,0,1,1,4294967295,0,0
oInvCollPH,592,464,0039F340,0,1,1,4294967295,0,0
oInvCollPH,720,320,000867E6,0,1,1,4294967295,0,0
oInvCollPH,704,336,001BF8F3,0,1,1,4294967295,0,0
oInvCollPH,704,352,00135A16,0,1,1,4294967295,0,0
oInvCollPH,704,368,0017757D,0,1,1,4294967295,0,0
oInvCollPH,704,384,002BC796,0,1,1,4294967295,0,0
oInvCollPH,704,400,00078B05,0,1,1,4294967295,0,0
oInvCollPH,704,416,000C1CA4,0,1,1,4294967295,0,0
oInvCollPH,704,432,00134DCE,0,1,1,4294967295,0,0
oInvCollPH,704,448,001BBD72,0,1,1,4294967295,0,0
oInvCollPH,704,464,0009368A,0,1,1,4294967295,0,0
oInvCollPH,720,464,000DAD4B,0,1,1,4294967295,0,0
oInvCollPH,720,448,0021D192,0,1,1,4294967295,0,0
oInvCollPH,720,432,00186537,0,1,1,4294967295,0,0
oInvCollPH,720,416,0015E608,0,1,1,4294967295,0,0
oInvCollPH,720,400,0033492E,0,1,1,4294967295,0,0
oInvCollPH,720,384,000FE37E,0,1,1,4294967295,0,0
oInvCollPH,720,368,000602E0,0,1,1,4294967295,0,0
oInvCollPH,720,352,001F3E61,0,1,1,4294967295,0,0
oInvCollPH,608,208,00143BBC,0,1,1,4294967295,0,0
oInvCollPH,624,208,00165254,0,1,1,4294967295,0,0
oInvCollPH,624,192,00402EBD,0,1,1,4294967295,0,0
oInvCollPH,512,144,000AE5FD,0,1,1,4294967295,0,0
oInvCollPH,512,160,000D201B,0,1,1,4294967295,0,0
oInvCollPH,512,176,0023362D,0,1,1,4294967295,0,0
oInvCollPH,512,192,002F4F33,0,1,1,4294967295,0,0
oInvCollPH,512,208,0017CC5F,0,1,1,4294967295,0,0
oInvCollPH,528,208,003E34E0,0,1,1,4294967295,0,0
oInvCollPH,528,192,0008DD2D,0,1,1,4294967295,0,0
oInvCollPH,528,176,001A24B0,0,1,1,4294967295,0,0
oInvCollPH,528,160,0027A35E,0,1,1,4294967295,0,0
oInvCollPH,528,144,0007F653,0,1,1,4294967295,0,0
oInvCollPH,528,128,0035E59D,0,1,1,4294967295,0,0
oInvCollPH,704,208,000089A2,0,1,1,4294967295,0,0
oInvCollPH,720,208,002776C9,0,1,1,4294967295,0,0
oInvCollPH,720,192,0022221F,0,1,1,4294967295,0,0
oInvCollPH,800,208,0016DAC5,0,1,1,4294967295,0,0
oInvCollPH,816,208,00393969,0,1,1,4294967295,0,0
oInvCollPH,816,192,003D5252,0,1,1,4294967295,0,0
oInvCollPH,672,80,000092CE,0,1,1,4294967295,0,0
oInvCollPH,688,80,002584C4,0,1,1,4294967295,0,0
oInvCollPH,688,64,002D57C6,0,1,1,4294967295,0,0
oInvCollPH,880,176,0003E96B,0,1,1,4294967295,0,0
oInvCollPH,928,208,0027B91C,0,1,1,4294967295,0,0
oInvCollPH,944,208,003BCE2F,0,1,1,4294967295,0,0
oInvCollPH,944,192,001E96DE,0,1,1,4294967295,0,0
oInvCollPH,1200,144,003FFDD8,0,1,1,4294967295,0,0
oInvCollPH,1216,144,000BA10D,0,1,1,4294967295,0,0
oInvCollPH,1232,144,001B5372,0,1,1,4294967295,0,0
oInvCollPH,1360,368,0018E981,0,1,1,4294967295,0,0
oInvCollPH,1264,432,003C1611,0,1,1,4294967295,0,0
oInvCollPH,1280,432,002F263C,0,1,1,4294967295,0,0
oInvCollPH,1296,432,000ED2B4,0,1,1,4294967295,0,0
oInvCollPH,1232,496,001BBD75,0,1,1,4294967295,0,0
oInvCollPH,1328,496,00107363,0,1,1,4294967295,0,0
oInvCollPH,1024,592,003C4CBA,0,1,1,4294967295,0,0
oInvCollPH,1040,592,002DB5E4,0,1,1,4294967295,0,0
oInvCollPH,1040,576,001C61ED,0,1,1,4294967295,0,0
oInvCollPH,896,432,003C6764,0,1,1,4294967295,0,0
oInvCollPH,896,448,0020BE1B,0,1,1,4294967295,0,0
oInvCollPH,896,464,000FDB03,0,1,1,4294967295,0,0
oInvCollPH,912,464,000666CC,0,1,1,4294967295,0,0
oInvCollPH,912,448,00039D79,0,1,1,4294967295,0,0
oInvCollPH,912,432,00367DD9,0,1,1,4294967295,0,0
oInvCollPH,912,416,0035C8DB,0,1,1,4294967295,0,0
oInvCollPH,928,480,0009221C,0,1,1,4294967295,0,0
oInvCollPH,944,480,002F1807,0,1,1,4294967295,0,0
oInvCollPH,960,480,000A68EA,0,1,1,4294967295,0,0
oInvCollPH,976,480,0037033B,0,1,1,4294967295,0,0
oInvCollPH,976,496,00106421,0,1,1,4294967295,0,0
oInvCollPH,960,496,0039E645,0,1,1,4294967295,0,0
oInvCollPH,944,496,003689B8,0,1,1,4294967295,0,0
oInvCollPH,928,496,001C07DB,0,1,1,4294967295,0,0
oInvCollPH,912,496,000907B2,0,1,1,4294967295,0,0
oInvCollPH,896,496,0016585D,0,1,1,4294967295,0,0
oInvCollPH,848,416,00150F65,0,1,1,4294967295,0,0
oInvCollPH,848,432,0032FC00,0,1,1,4294967295,0,0
oInvCollPH,848,448,001AE1BE,0,1,1,4294967295,0,0
oInvCollPH,848,464,00288269,0,1,1,4294967295,0,0
oInvCollPH,848,480,00180331,0,1,1,4294967295,0,0
oInvCollPH,848,496,000037A0,0,1,1,4294967295,0,0
oInvCollPH,848,512,001CE1DF,0,1,1,4294967295,0,0
oInvCollPH,848,528,00049B39,0,1,1,4294967295,0,0
oInvCollPH,848,544,003C58C3,0,1,1,4294967295,0,0
oInvCollPH,848,560,0010E77A,0,1,1,4294967295,0,0
oInvCollPH,848,576,0008793C,0,1,1,4294967295,0,0
oInvCollPH,848,592,001FDBD9,0,1,1,4294967295,0,0
oInvCollPH,832,592,002402D8,0,1,1,4294967295,0,0
oInvCollPH,832,576,0006681C,0,1,1,4294967295,0,0
oInvCollPH,832,560,00049DD0,0,1,1,4294967295,0,0
oInvCollPH,832,544,002171E0,0,1,1,4294967295,0,0
oInvCollPH,832,528,0001187B,0,1,1,4294967295,0,0
oInvCollPH,832,512,00269F66,0,1,1,4294967295,0,0
oInvCollPH,832,496,001A7D6E,0,1,1,4294967295,0,0
oInvCollPH,832,480,0008EABF,0,1,1,4294967295,0,0
oInvCollPH,832,464,001AFB06,0,1,1,4294967295,0,0
oInvCollPH,832,448,00331C70,0,1,1,4294967295,0,0
oInvCollPH,832,432,001B77BD,0,1,1,4294967295,0,0
oInvCollPH,912,640,00087CB9,0,1,1,4294967295,0,0
oInvCollPH,928,640,001DD044,0,1,1,4294967295,0,0
oInvCollPH,944,640,0037386C,0,1,1,4294967295,0,0
oInvCollPH,944,656,000FC09B,0,1,1,4294967295,0,0
oInvCollPH,944,672,00073D98,0,1,1,4294967295,0,0
oInvCollPH,944,688,00358D1A,0,1,1,4294967295,0,0
oInvCollPH,976,560,00048EF9,0,1,1,4294967295,0,0
oInvCollPH,992,560,00137022,0,1,1,4294967295,0,0
oInvCollPH,1008,560,000FB0FA,0,1,1,4294967295,0,0
oInvCollPH,1040,544,003F6E32,0,1,1,4294967295,0,0
oInvCollPH,1104,544,002BEEBF,0,1,1,4294967295,0,0
oInvCollPH,1104,560,001985AB,0,1,1,4294967295,0,0
oInvCollPH,1088,560,00345DA4,0,1,1,4294967295,0,0
oInvCollPH,1072,560,0008D645,0,1,1,4294967295,0,0
oInvCollPH,1056,560,001C74EB,0,1,1,4294967295,0,0
oInvCollPH,1056,528,00034F44,0,1,1,4294967295,0,0
oInvCollPH,1136,512,00398471,0,1,1,4294967295,0,0
oInvCollPH,1136,528,00128451,0,1,1,4294967295,0,0
oInvCollPH,1120,528,00127FFD,0,1,1,4294967295,0,0
oInvCollPH,1024,432,001D086F,0,1,1,4294967295,0,0
oInvCollPH,1040,432,0015BEFD,0,1,1,4294967295,0,0
oInvCollPH,944,320,002458A5,0,1,1,4294967295,0,0
oInvCollPH,960,320,000D519B,0,1,1,4294967295,0,0
oInvCollPH,976,320,003875DD,0,1,1,4294967295,0,0
oInvCollPH,928,336,001D42E3,0,1,1,4294967295,0,0
oInvCollPH,944,336,000F9188,0,1,1,4294967295,0,0
oInvCollPH,960,336,003B85D8,0,1,1,4294967295,0,0
oInvCollPH,976,336,002141A5,0,1,1,4294967295,0,0
oInvCollPH,1120,384,002EAD24,0,1,1,4294967295,0,0
oInvCollPH,1136,384,000EB77B,0,1,1,4294967295,0,0
oInvCollPH,1152,384,00125212,0,1,1,4294967295,0,0
oInvCollPH,1168,384,0030FC6B,0,1,1,4294967295,0,0
oInvCollPH,1184,384,00345165,0,1,1,4294967295,0,0
oInvCollPH,1200,384,000480E0,0,1,1,4294967295,0,0
oInvCollPH,1200,400,003A5188,0,1,1,4294967295,0,0
oInvCollPH,1200,416,003F3125,0,1,1,4294967295,0,0
oInvCollPH,1200,432,00268B7E,0,1,1,4294967295,0,0
oInvCollPH,1200,448,0003F4CB,0,1,1,4294967295,0,0
oInvCollPH,1200,464,001E8355,0,1,1,4294967295,0,0
oInvCollPH,1200,480,00167AA9,0,1,1,4294967295,0,0
oInvCollPH,1200,496,001EB3A3,0,1,1,4294967295,0,0
oInvCollPH,1184,496,002A9BD7,0,1,1,4294967295,0,0
oInvCollPH,1168,496,001E8472,0,1,1,4294967295,0,0
oInvCollPH,1152,496,00000241,0,1,1,4294967295,0,0
oInvCollPH,1056,496,00194869,0,1,1,4294967295,0,0
oInvCollPH,1056,480,002824EB,0,1,1,4294967295,0,0
oInvCollPH,1056,464,0021CFEE,0,1,1,4294967295,0,0
oInvCollPH,1056,448,0006E050,0,1,1,4294967295,0,0
oInvCollPH,1008,320,001712C0,0,1,1,4294967295,0,0
oInvCollPH,1024,320,00205C3F,0,1,1,4294967295,0,0
oInvCollPH,1040,320,0028D5A9,0,1,1,4294967295,0,0
oInvCollPH,1056,320,001BB353,0,1,1,4294967295,0,0
oInvCollPH,1072,320,001F5A6C,0,1,1,4294967295,0,0
oInvCollPH,1088,320,0002D909,0,1,1,4294967295,0,0
oInvCollPH,1104,320,0035FA80,0,1,1,4294967295,0,0
oInvCollPH,1104,336,0018AA25,0,1,1,4294967295,0,0
oInvCollPH,1104,352,002D3561,0,1,1,4294967295,0,0
oInvCollPH,1104,368,00186503,0,1,1,4294967295,0,0
oInvCollPH,992,352,00334F5D,0,1,1,4294967295,0,0
oInvCollPH,992,368,002442D1,0,1,1,4294967295,0,0
oInvCollPH,992,384,001B32BC,0,1,1,4294967295,0,0
oInvCollPH,992,400,0021F0C0,0,1,1,4294967295,0,0
oInvCollPH,1008,400,002A7B58,0,1,1,4294967295,0,0
oInvCollPH,1376,208,0036CA6D,0,1,1,4294967295,0,0
oInvCollPH,1376,224,003751E8,0,1,1,4294967295,0,0
oInvCollPH,1376,240,001EFDB6,0,1,1,4294967295,0,0
oInvCollPH,1376,256,0018030C,0,1,1,4294967295,0,0
oInvCollPH,1376,272,001A5F7E,0,1,1,4294967295,0,0
oInvCollPH,1376,304,0002D351,0,1,1,4294967295,0,0
oInvCollPH,1376,288,001E5DA5,0,1,1,4294967295,0,0
oInvCollPH,1376,336,000DD324,0,1,1,4294967295,0,0
oInvCollPH,1376,320,002BC5A8,0,1,1,4294967295,0,0
oInvCollPH,1376,352,0031C4E4,0,1,1,4294967295,0,0
oInvCollPH,1376,384,001451A7,0,1,1,4294967295,0,0
oInvCollPH,1376,400,003BF430,0,1,1,4294967295,0,0
oInvCollPH,1376,416,001D4135,0,1,1,4294967295,0,0
oInvCollPH,1376,432,0001C0BB,0,1,1,4294967295,0,0
oInvCollPH,1376,448,00306948,0,1,1,4294967295,0,0
oInvCollPH,1376,464,001215CD,0,1,1,4294967295,0,0
oInvCollPH,1360,480,00225A6A,0,1,1,4294967295,0,0
oInvCollPH,1344,512,002CCC42,0,1,1,4294967295,0,0
oInvCollPH,1344,528,001BAD61,0,1,1,4294967295,0,0
oInvCollPH,1344,544,00089B5E,0,1,1,4294967295,0,0
oInvCollPH,1344,560,000E2CD0,0,1,1,4294967295,0,0
oInvCollPH,1328,576,002EC422,0,1,1,4294967295,0,0
oInvCollPH,1312,576,000018E3,0,1,1,4294967295,0,0
oInvCollPH,1232,608,000A7614,0,1,1,4294967295,0,0
oInvCollPH,1248,608,0021F6CA,0,1,1,4294967295,0,0
oInvCollPH,1264,608,0028D112,0,1,1,4294967295,0,0
oInvCollPH,1280,592,0025182E,0,1,1,4294967295,0,0
oInvCollPH,1296,560,001E331E,0,1,1,4294967295,0,0
oInvCollPH,1216,624,00321E24,0,1,1,4294967295,0,0
oInvCollPH,1120,656,001F1B46,0,1,1,4294967295,0,0
oInvCollPH,1136,640,0029CA61,0,1,1,4294967295,0,0
oInvCollPH,1152,640,0013CB52,0,1,1,4294967295,0,0
oInvCollPH,1168,640,003F9F27,0,1,1,4294967295,0,0
oInvCollPH,1184,640,003A5E0C,0,1,1,4294967295,0,0
oInvCollPH,1200,640,0001582C,0,1,1,4294967295,0,0
oInvCollPH,816,608,0014BC1B,0,1,1,4294967295,0,0
oInvCollPH,864,608,001A829C,0,1,1,4294967295,0,0
oInvCollPH,880,608,002007C5,0,1,1,4294967295,0,0
oInvCollPH,880,624,00004CC7,0,1,1,4294967295,0,0
oInvCollPH,672,592,00292B3A,0,1,1,4294967295,0,0
oInvCollPH,672,608,000BD553,0,1,1,4294967295,0,0
oInvCollPH,672,624,000CE0EE,0,1,1,4294967295,0,0
oInvCollPH,688,576,00197D01,0,1,1,4294967295,0,0
oInvCollPH,704,576,0014C2E0,0,1,1,4294967295,0,0
oInvCollPH,720,576,0032C97C,0,1,1,4294967295,0,0
oInvCollPH,736,576,0005577A,0,1,1,4294967295,0,0
oInvCollPH,752,576,0020502D,0,1,1,4294967295,0,0
oInvCollPH,768,576,001D8A72,0,1,1,4294967295,0,0
oInvCollPH,784,576,000E1964,0,1,1,4294967295,0,0
oInvCollPH,784,592,002358A6,0,1,1,4294967295,0,0
oInvCollPH,1024,144,0018A83E,0,1,1,4294967295,0,0
oInvCollPH,1024,160,00149DC0,0,1,1,4294967295,0,0
oInvCollPH,1024,176,001ACD01,0,1,1,4294967295,0,0
oInvCollPH,1024,192,00027F1F,0,1,1,4294967295,0,0
oInvCollPH,1024,208,0022EA84,0,1,1,4294967295,0,0
oInvCollPH,1024,224,003976DF,0,1,1,4294967295,0,0
oInvCollPH,1024,240,0020BF50,0,1,1,4294967295,0,0
oInvCollPH,1040,240,00234BBF,0,1,1,4294967295,0,0
oInvCollPH,1040,224,000A8FF6,0,1,1,4294967295,0,0
oInvCollPH,1040,208,0026D19E,0,1,1,4294967295,0,0
oInvCollPH,1040,192,0010D7A2,0,1,1,4294967295,0,0
oInvCollPH,1040,176,00146B3F,0,1,1,4294967295,0,0
oInvCollPH,1040,160,003FC0B8,0,1,1,4294967295,0,0
oInvCollPH,1040,144,001C9A59,0,1,1,4294967295,0,0
oInvCollPH,1040,128,003905AF,0,1,1,4294967295,0,0
oInvCollPH,1328,128,00031D31,0,1,1,4294967295,0,0
oInvCollPH,1344,128,000D4DEC,0,1,1,4294967295,0,0
oInvCollPH,1360,128,0040257B,0,1,1,4294967295,0,0
oInvCollPH,1376,128,00192C78,0,1,1,4294967295,0,0
oInvCollPH,1392,128,0002BC9B,0,1,1,4294967295,0,0
oInvCollPH,1408,128,00198836,0,1,1,4294967295,0,0
oInvCollPH,1424,128,00170A54,0,1,1,4294967295,0,0
oInvCollPH,1312,144,0033583B,0,1,1,4294967295,0,0
oInvCollPH,1312,160,00282C5E,0,1,1,4294967295,0,0
oInvCollPH,1312,176,000B2AE3,0,1,1,4294967295,0,0
oInvCollPH,1328,176,00307C9B,0,1,1,4294967295,0,0
oInvCollPH,1344,176,00341874,0,1,1,4294967295,0,0
oInvCollPH,1360,176,000F97B1,0,1,1,4294967295,0,0
oInvCollPH,1056,80,000228B0,0,1,1,4294967295,0,0
oInvCollPH,1072,80,0030A9A1,0,1,1,4294967295,0,0
oInvCollPH,1088,112,00234209,0,1,1,4294967295,0,0
oInvCollPH,1104,96,001285ED,0,1,1,4294967295,0,0
oInvCollPH,1120,80,002D5184,0,1,1,4294967295,0,0
oInvCollPH,1136,80,002AD7E9,0,1,1,4294967295,0,0
oInvCollPH,1136,64,00223738,0,1,1,4294967295,0,0
oInvCollPH,928,80,00311024,0,1,1,4294967295,0,0
oInvCollPH,928,96,002F064D,0,1,1,4294967295,0,0
oInvCollPH,928,112,001A061F,0,1,1,4294967295,0,0
oInvCollPH,944,112,000052FC,0,1,1,4294967295,0,0
oInvCollPH,960,112,00333A0C,0,1,1,4294967295,0,0
oInvCollPH,976,112,0004AAE6,0,1,1,4294967295,0,0
oInvCollPH,992,112,0005CA86,0,1,1,4294967295,0,0
oInvCollPH,1008,112,003AA1D6,0,1,1,4294967295,0,0
oInvCollPH,1040,112,00294701,0,1,1,4294967295,0,0
oInvCollPH,1040,96,00180759,0,1,1,4294967295,0,0
oInvCollPH,704,96,0026CAAB,0,1,1,4294967295,0,0
oInvCollPH,704,112,002B66CB,0,1,1,4294967295,0,0
oInvCollPH,720,112,000F099F,0,1,1,4294967295,0,0
oInvCollPH,736,112,000C84C8,0,1,1,4294967295,0,0
oInvCollPH,752,112,003ADAB1,0,1,1,4294967295,0,0
oInvCollPH,768,112,0030DC9C,0,1,1,4294967295,0,0
oInvCollPH,784,112,002E1850,0,1,1,4294967295,0,0
oInvCollPH,800,112,00057C52,0,1,1,4294967295,0,0
oInvCollPH,816,112,002A2481,0,1,1,4294967295,0,0
oInvCollPH,816,96,001DA329,0,1,1,4294967295,0,0
oInvCollPH,816,80,00036956,0,1,1,4294967295,0,0
oInvCollPH,816,64,0003B4D7,0,1,1,4294967295,0,0
oInvCollPH,640,32,002A4E00,0,1,1,4294967295,0,0
oInvCollPH,640,48,0024C1A7,0,1,1,4294967295,0,0
oInvCollPH,656,48,000432E2,0,1,1,4294967295,0,0
oInvCollPH,832,48,00101598,0,1,1,4294967295,0,0
oInvCollPH,848,48,001E5572,0,1,1,4294967295,0,0
oInvCollPH,864,48,0037BD08,0,1,1,4294967295,0,0
oInvCollPH,880,48,00223A9C,0,1,1,4294967295,0,0
oInvCollPH,896,48,00042AB9,0,1,1,4294967295,0,0
oInvCollPH,912,48,0024542E,0,1,1,4294967295,0,0
oInvCollPH,1152,48,000C245E,0,1,1,4294967295,0,0
oInvCollPH,1168,48,001C3E40,0,1,1,4294967295,0,0
oInvCollPH,1184,48,000D79FB,0,1,1,4294967295,0,0
oInvCollPH,1200,48,000C70A5,0,1,1,4294967295,0,0
oInvCollPH,1216,48,002FA92E,0,1,1,4294967295,0,0
oInvCollPH,1232,48,002D4398,0,1,1,4294967295,0,0
oInvCollPH,1248,48,00124CF5,0,1,1,4294967295,0,0
oInvCollPH,1264,48,002215BE,0,1,1,4294967295,0,0
oInvCollPH,1280,48,0010E497,0,1,1,4294967295,0,0
oInvCollPH,1296,48,0029D4FE,0,1,1,4294967295,0,0
oInvCollPH,1312,48,001E77B6,0,1,1,4294967295,0,0
oInvCollPH,1328,48,0022D7C2,0,1,1,4294967295,0,0
oInvCollPH,1344,48,0001CF58,0,1,1,4294967295,0,0
oInvCollPH,1360,48,0026A40A,0,1,1,4294967295,0,0
oInvCollPH,1376,48,001F95AD,0,1,1,4294967295,0,0
oInvCollPH,1392,48,001CA2E1,0,1,1,4294967295,0,0
oInvCollPH,1408,48,00376C12,0,1,1,4294967295,0,0
oInvCollPH,1424,48,00053D06,0,1,1,4294967295,0,0
oInvCollPH,288,16,0028C6D5,0,1,1,4294967295,0,0
oInvCollPH,304,16,00349ED6,0,1,1,4294967295,0,0
oInvCollPH,320,16,00321585,0,1,1,4294967295,0,0
oInvCollPH,336,16,002EB718,0,1,1,4294967295,0,0
oInvCollPH,352,16,000BAB6E,0,1,1,4294967295,0,0
oInvCollPH,368,16,0010316D,0,1,1,4294967295,0,0
oInvCollPH,416,16,00399FA0,0,1,1,4294967295,0,0
oInvCollPH,432,16,0018D737,0,1,1,4294967295,0,0
oInvCollPH,480,16,001C78FC,0,1,1,4294967295,0,0
oInvCollPH,496,16,001510F9,0,1,1,4294967295,0,0
oInvCollPH,544,16,002A7ACA,0,1,1,4294967295,0,0
oInvCollPH,560,16,001532DD,0,1,1,4294967295,0,0
oInvCollPH,576,16,0026826D,0,1,1,4294967295,0,0
oInvCollPH,592,16,000AE418,0,1,1,4294967295,0,0
oInvCollPH,608,16,0028C81A,0,1,1,4294967295,0,0
oInvCollPH,624,16,001595B9,0,1,1,4294967295,0,0
oInvCollPH,256,48,0021A2A0,0,1,1,4294967295,0,0
oInvCollPH,272,48,000707C2,0,1,1,4294967295,0,0
oInvCollPH,272,32,00105504,0,1,1,4294967295,0,0
oInvCollPH,208,144,00152106,0,1,1,4294967295,0,0
oInvCollPH,208,128,0005B10C,0,1,1,4294967295,0,0
oInvCollPH,224,112,00350FCA,0,1,1,4294967295,0,0
oInvCollPH,240,112,001E2E60,0,1,1,4294967295,0,0
oInvCollPH,240,96,0005D064,0,1,1,4294967295,0,0
oInvCollPH,240,80,001E08B9,0,1,1,4294967295,0,0
oInvCollPH,240,64,0013ACAD,0,1,1,4294967295,0,0
oInvCollPH,0,176,001FCC35,0,1,1,4294967295,0,0
oInvCollPH,16,176,0030D39A,0,1,1,4294967295,0,0
oInvCollPH,32,176,002C8CAE,0,1,1,4294967295,0,0
oInvCollPH,48,176,0029D9FC,0,1,1,4294967295,0,0
oInvCollPH,64,176,00183346,0,1,1,4294967295,0,0
oInvCollPH,80,176,0015BE74,0,1,1,4294967295,0,0
oInvCollPH,96,176,00175B1C,0,1,1,4294967295,0,0
oInvCollPH,112,176,00221BAB,0,1,1,4294967295,0,0
oInvCollPH,128,176,0028A521,0,1,1,4294967295,0,0
oInvCollPH,144,176,004016DE,0,1,1,4294967295,0,0
oInvCollPH,160,176,004040B5,0,1,1,4294967295,0,0
oInvCollPH,176,176,00297E12,0,1,1,4294967295,0,0
oInvCollPH,176,160,003F3C57,0,1,1,4294967295,0,0
oInvCollPH,192,144,000BAA5C,0,1,1,4294967295,0,0
oInvCollPH,16,256,00315D32,0,1,1,4294967295,0,0
oInvCollPH,32,256,001138F1,0,1,1,4294967295,0,0
oInvCollPH,48,256,00300F88,0,1,1,4294967295,0,0
oInvCollPH,48,272,00005263,0,1,1,4294967295,0,0
oInvCollPH,48,288,00288B4C,0,1,1,4294967295,0,0
oInvCollPH,48,304,003C233E,0,1,1,4294967295,0,0
oInvCollPH,48,320,003FE30B,0,1,1,4294967295,0,0
oInvCollPH,48,336,001E81B6,0,1,1,4294967295,0,0
oInvCollPH,48,352,002A97AE,0,1,1,4294967295,0,0
oInvCollPH,48,368,003E653D,0,1,1,4294967295,0,0
oInvCollPH,48,384,00354586,0,1,1,4294967295,0,0
oInvCollPH,48,400,001644BE,0,1,1,4294967295,0,0
oInvCollPH,48,416,00213154,0,1,1,4294967295,0,0
oInvCollPH,48,448,002FFD0D,0,1,1,4294967295,0,0
oInvCollPH,48,464,001A9F5D,0,1,1,4294967295,0,0
oInvCollPH,48,480,002A51C3,0,1,1,4294967295,0,0
oInvCollPH,48,496,00118571,0,1,1,4294967295,0,0
oInvCollPH,48,512,00381788,0,1,1,4294967295,0,0
oInvCollPH,48,528,00255DFC,0,1,1,4294967295,0,0
oInvCollPH,48,544,000F29C7,0,1,1,4294967295,0,0
oInvCollPH,48,560,000A1A38,0,1,1,4294967295,0,0
oInvCollPH,48,576,002E519F,0,1,1,4294967295,0,0
oInvCollPH,48,592,00098A92,0,1,1,4294967295,0,0
oInvCollPH,48,608,002E33D9,0,1,1,4294967295,0,0
oInvCollPH,48,624,003764CC,0,1,1,4294967295,0,0
oInvCollPH,64,640,003DE957,0,1,1,4294967295,0,0
oInvCollPH,80,640,00136B27,0,1,1,4294967295,0,0
oInvCollPH,160,640,003A2A9F,0,1,1,4294967295,0,0
oInvCollPH,176,640,001CFA8C,0,1,1,4294967295,0,0
oInvCollPH,192,640,00030BF7,0,1,1,4294967295,0,0
oInvCollPH,208,640,0029DEBA,0,1,1,4294967295,0,0
oInvCollPH,224,640,001D792B,0,1,1,4294967295,0,0
oInvCollPH,240,640,0005CAB8,0,1,1,4294967295,0,0
oInvCollPH,256,640,0031C8B9,0,1,1,4294967295,0,0
oInvCollPH,272,640,00345600,0,1,1,4294967295,0,0
oInvCollPH,320,640,0011F874,0,1,1,4294967295,0,0
oInvCollPH,336,640,00053126,0,1,1,4294967295,0,0
oInvCollPH,352,640,001A36AA,0,1,1,4294967295,0,0
oInvCollPH,368,640,00297AB5,0,1,1,4294967295,0,0
oInvCollPH,416,640,000534A7,0,1,1,4294967295,0,0
oInvCollPH,432,640,003C0242,0,1,1,4294967295,0,0
oInvCollPH,448,640,003F12A3,0,1,1,4294967295,0,0
oInvCollPH,464,640,001DE70B,0,1,1,4294967295,0,0
oInvCollPH,480,640,003E6949,0,1,1,4294967295,0,0
oInvCollPH,496,640,001E0A0F,0,1,1,4294967295,0,0
oInvCollPH,512,640,002EE3F2,0,1,1,4294967295,0,0
oInvCollPH,528,640,0039D120,0,1,1,4294967295,0,0
oInvCollPH,544,640,00059386,0,1,1,4294967295,0,0
oInvCollPH,560,640,000AB2E5,0,1,1,4294967295,0,0
oInvCollPH,576,640,000C111B,0,1,1,4294967295,0,0
oInvCollPH,592,640,002520D1,0,1,1,4294967295,0,0
oInvCollPH,608,640,00121537,0,1,1,4294967295,0,0
oInvCollPH,624,640,00308D78,0,1,1,4294967295,0,0
oInvCollPH,640,640,00049E3F,0,1,1,4294967295,0,0
oInvCollPH,656,640,001F049C,0,1,1,4294967295,0,0
oInvCollPH,448,48,001A2001,0,1,1,4294967295,0,0
oInvCollPH,448,64,0011C439,0,1,1,4294967295,0,0
oInvCollPH,448,80,00280315,0,1,1,4294967295,0,0
oInvCollPH,448,96,00217259,0,1,1,4294967295,0,0
oInvCollPH,448,112,001B47F6,0,1,1,4294967295,0,0
oInvCollPH,448,128,00137608,0,1,1,4294967295,0,0
oInvCollPH,448,144,002E6785,0,1,1,4294967295,0,0
oInvCollPH,448,160,000CB1C7,0,1,1,4294967295,0,0
oInvCollPH,448,176,001385DF,0,1,1,4294967295,0,0
oInvCollPH,448,192,0038233A,0,1,1,4294967295,0,0
oInvCollPH,448,208,00097856,0,1,1,4294967295,0,0
oInvCollPH,448,224,00043110,0,1,1,4294967295,0,0
oInvCollPH,448,240,002F4253,0,1,1,4294967295,0,0
oInvCollPH,464,240,001C805E,0,1,1,4294967295,0,0
oInvCollPH,464,224,00338CDE,0,1,1,4294967295,0,0
oInvCollPH,464,208,00043E1F,0,1,1,4294967295,0,0
oInvCollPH,464,192,003A5498,0,1,1,4294967295,0,0
oInvCollPH,464,176,00333FF1,0,1,1,4294967295,0,0
oInvCollPH,464,160,0012C25E,0,1,1,4294967295,0,0
oInvCollPH,464,144,0019CFC2,0,1,1,4294967295,0,0
oInvCollPH,464,128,001C16F6,0,1,1,4294967295,0,0
oInvCollPH,464,112,0033FA16,0,1,1,4294967295,0,0
oInvCollPH,464,96,002C45CB,0,1,1,4294967295,0,0
oInvCollPH,464,80,002D0181,0,1,1,4294967295,0,0
oInvCollPH,464,64,00241D05,0,1,1,4294967295,0,0
oInvCollPH,464,48,0000E043,0,1,1,4294967295,0,0
oInvCollPH,464,32,0017D7F9,0,1,1,4294967295,0,0
oInvCollPH,976,256,00268CC4,0,1,1,4294967295,0,0
oInvCollPH,1104,112,00317876,0,1,1,4294967295,0,0
oInvisibleSolid,1024,672,0004A7CD,0,1,1,4294967295,0,1
oInvisibleSolid,1120,640,002E53A5,0,1,1,4294967295,0,1
oInvisibleSolid,1216,608,000E287A,0,1,1,4294967295,0,1
oInvisibleSolid,1280,576,000C836A,0,1,1,4294967295,0,1
oInvisibleSolid,896,640,00286C97,0,1,1,4294967295,0,1
oInvisibleSolid,800,608,00308EDD,0,1,1,4294967295,0,1
oInvisibleSolid,672,576,0008F783,0,1,1,4294967295,0,1
oInvisibleSolid,832,416,003C2E8C,0,1,1,4294967295,0,1
oInvisibleSolid,896,416,00098D52,0,1,1,4294967295,0,1
oInvisibleSolid,896,480,0035DF12,0,1,1,4294967295,0,1
oInvisibleSolid,640,448,00063C49,0,1,1,4294967295,0,1
oInvisibleSolid,608,464,00042D50,0,1,1,4294967295,0,1
oInvisibleSolid,576,416,00267E43,0,1,1,4294967295,0,1
oInvisibleSolid,704,320,00282BDA,0,1,1,4294967295,0,1
oInvisibleSolid,736,320,000E6D66,0,1,1,4294967295,0,1
oInvisibleSolid,832,336,000F7C29,0,1,1,4294967295,0,1
oInvisibleSolid,448,384,0002750D,0,1,1,4294967295,0,1
oInvisibleSolid,384,256,003D312E,0,1,1,4294967295,0,1
oInvisibleSolid,384,320,000A9D7D,0,1,1,4294967295,0,1
oInvisibleSolid,256,320,003020E4,0,1,1,4294967295,0,1
oInvisibleSolid,192,368,003F0F4E,0,1,1,4294967295,0,1
oInvisibleSolid,384,608,00262207,0,1,1,4294967295,0,1
oInvisibleSolid,288,608,00239C5A,0,1,1,4294967295,0,1
oInvisibleSolid,192,560,00158908,0,1,1,4294967295,0,1
oInvisibleSolid,64,432,00317F77,0,1,1,4294967295,0,1
oInvisibleSolid,128,256,000413F5,0,1,1,4294967295,0,1
oInvisibleSolid,128,288,002E1905,0,1,1,4294967295,0,1
oInvisibleSolid,256,192,00093F4C,0,1,1,4294967295,0,1
oInvisibleSolid,96,608,001C7769,0,1,1,4294967295,0,1
oInvisibleSolid,0,640,0038F5AB,0,1,1,4294967295,0,1
oInvisibleSolid,0,256,002D0A33,0,1,1,4294967295,0,1
oInvisibleSolid,0,0,00132982,0,1,1,4294967295,0,1
oInvisibleSolid,192,0,00350F6A,0,1,1,4294967295,0,1
oInvisibleSolid,256,0,004040A9,0,1,1,4294967295,0,1
oInvisibleSolid,288,0,003F8101,0,1,1,4294967295,0,1
oInvisibleSolid,384,32,003B54F9,0,1,1,4294967295,0,1
oInvisibleSolid,512,32,0035DBAC,0,1,1,4294967295,0,1
oInvisibleSolid,640,0,000E4C08,0,1,1,4294967295,0,1
oInvisibleSolid,672,64,002111A7,0,1,1,4294967295,0,1
oInvisibleSolid,704,64,002A5EDE,0,1,1,4294967295,0,1
oInvisibleSolid,928,64,000FD098,0,1,1,4294967295,0,1
oInvisibleSolid,1056,64,003D1975,0,1,1,4294967295,0,1
oInvisibleSolid,1184,144,00360594,0,1,1,4294967295,0,1
oInvisibleSolid,864,176,003DCB6F,0,1,1,4294967295,0,1
oInvisibleSolid,608,192,001622B7,0,1,1,4294967295,0,1
oInvisibleSolid,512,128,00209BC9,0,1,1,4294967295,0,1
oInvisibleSolid,704,192,0025E3C4,0,1,1,4294967295,0,1
oInvisibleSolid,448,32,002EF82A,0,1,1,4294967295,0,1
oInvisibleSolid,800,192,00137FE2,0,1,1,4294967295,0,1
oInvisibleSolid,928,192,002102D8,0,1,1,4294967295,0,1
oInvisibleSolid,1024,128,0004EC77,0,1,1,4294967295,0,1
oInvisibleSolid,1312,128,000AB517,0,1,1,4294967295,0,1
oInvisibleSolid,1376,192,0015BB77,0,1,1,4294967295,0,1
oInvisibleSolid,1344,480,0032FE87,0,1,1,4294967295,0,1
oInvisibleSolid,1312,496,00106848,0,1,1,4294967295,0,1
oInvisibleSolid,1216,496,002F04F0,0,1,1,4294967295,0,1
oInvisibleSolid,1248,432,0018A0ED,0,1,1,4294967295,0,1
oInvisibleSolid,1344,368,001BD346,0,1,1,4294967295,0,1
oInvisibleSolid,1024,576,000545E5,0,1,1,4294967295,0,1
oInvisibleSolid,960,560,0033516A,0,1,1,4294967295,0,1
oInvisibleSolid,1024,544,0014BEC0,0,1,1,4294967295,0,1
oInvisibleSolid,928,320,00373742,0,1,1,4294967295,0,1
oInvisibleSolid,992,320,00176AAF,0,1,1,4294967295,0,1
oInvisibleSolid,1056,512,00218B2B,0,1,1,4294967295,0,1
oInvisibleSolid,1024,416,001154CF,0,1,1,4294967295,0,1
oInvisibleSolid,1056,384,00055EEE,0,1,1,4294967295,0,1
oInvisibleSolid,1280,560,0009BD57,0,1,1,4294967295,0,1
oInvisibleSolid,960,256,0036983C,0,1,1,4294967295,0,1
oInvisibleSolid,224,352,000D88C3,0,1,1,4294967295,0,1
oInvisibleSolid,736,192,000281D8,0,1,1,4294967295,0,0
oInvisibleSolid,784,192,00120AC2,0,1,1,4294967295,0,0
oInvisibleSolid,192,128,002FB5CD,0,1,1,4294967295,0,1
oInvisibleSolid,1088,96,001FF7DD,0,1,1,4294967295,0,1
