oExit,2768,-16,0030C8A2,0,1,1,4294967295,0,1
oMetGeemer,832,192,003D9F05,0,1,1,4294967295,0,1
oMetGeemer,816,224,003A223D,0,1,1,4294967295,0,1
oMetGeemer,1936,144,003B64F5,0,1,1,4294967295,0,1
oMetSidehopper,592,192,0020360D,0,1,1,4294967295,0,0
oMetSidehopper,1520,144,0009FA8A,0,1,1,4294967295,0,0
oMetSqueept,1280,288,0018C2A0,0,1,1,4294967295,0,0
oMetReo,2272,48,000A86B9,0,1,1,4294967295,0,0
oMetReo,2464,48,0027547D,0,1,1,4294967295,0,0
oMetReo,2576,128,003C24D6,0,1,1,4294967295,0,0
oMetRipper,2184,120,0030923C,0,1,1,4294967295,0,1
oMetRipper,2184,216,0002150F,0,1,1,4294967295,0,1
oMetSkree,1632,144,001A7552,0,1,1,4294967295,0,0
oPlayer1,160,64,00059E11,0,1,1,4294967295,0,0
oMetroidDoorHolder,2800,0,002879F4,0,1,1,4294967295,0,1
oMetLava,0,272,002F17BA,0,1,1,4294967295,0,1
oInvCollPH,128,224,00150143,0,1,1,4294967295,0,0
oInvCollPH,128,240,0023C832,0,1,1,4294967295,0,0
oInvCollPH,128,256,0023F72C,0,1,1,4294967295,0,0
oInvCollPH,144,256,0038948A,0,1,1,4294967295,0,0
oInvCollPH,160,256,001DB911,0,1,1,4294967295,0,0
oInvCollPH,176,256,00302B07,0,1,1,4294967295,0,0
oInvCollPH,192,256,002EC559,0,1,1,4294967295,0,0
oInvCollPH,192,208,003A0E08,0,1,1,4294967295,0,0
oInvCollPH,176,208,001255C8,0,1,1,4294967295,0,0
oInvCollPH,160,208,0018AABE,0,1,1,4294967295,0,0
oInvCollPH,144,208,001995A6,0,1,1,4294967295,0,0
oInvCollPH,48,48,000F153E,0,1,1,4294967295,0,0
oInvCollPH,64,48,0011C63E,0,1,1,4294967295,0,0
oInvCollPH,80,48,000C5587,0,1,1,4294967295,0,0
oInvCollPH,96,48,00273F1E,0,1,1,4294967295,0,0
oInvCollPH,112,48,002E6914,0,1,1,4294967295,0,0
oInvCollPH,112,32,002AAB2A,0,1,1,4294967295,0,0
oInvCollPH,112,16,00010E1B,0,1,1,4294967295,0,0
oInvCollPH,112,0,0036CF11,0,1,1,4294967295,0,0
oInvCollPH,32,64,003B5875,0,1,1,4294967295,0,0
oInvCollPH,32,80,00066B32,0,1,1,4294967295,0,0
oInvCollPH,32,96,002C8D34,0,1,1,4294967295,0,0
oInvCollPH,32,112,000DB3AC,0,1,1,4294967295,0,0
oInvCollPH,32,128,0015BE4B,0,1,1,4294967295,0,0
oInvCollPH,32,144,002768AD,0,1,1,4294967295,0,0
oInvCollPH,32,160,00275622,0,1,1,4294967295,0,0
oInvCollPH,32,176,0037FD08,0,1,1,4294967295,0,0
oInvCollPH,32,192,001C8B4D,0,1,1,4294967295,0,0
oInvCollPH,32,208,002E478F,0,1,1,4294967295,0,0
oInvCollPH,32,224,0020DF94,0,1,1,4294967295,0,0
oInvCollPH,32,240,0024B990,0,1,1,4294967295,0,0
oInvCollPH,32,256,0036AC2C,0,1,1,4294967295,0,0
oInvCollPH,32,272,002E9AF0,0,1,1,4294967295,0,0
oInvCollPH,32,288,002939C5,0,1,1,4294967295,0,0
oInvCollPH,32,304,003D1214,0,1,1,4294967295,0,0
oInvCollPH,208,208,001AFD0D,0,1,1,4294967295,0,0
oInvCollPH,224,208,00067D96,0,1,1,4294967295,0,0
oInvCollPH,240,208,003B6E0B,0,1,1,4294967295,0,0
oInvCollPH,240,224,001C25E6,0,1,1,4294967295,0,0
oInvCollPH,240,240,001C78BD,0,1,1,4294967295,0,0
oInvCollPH,240,256,003ADAE5,0,1,1,4294967295,0,0
oInvCollPH,224,256,00294002,0,1,1,4294967295,0,0
oInvCollPH,208,256,003DDBB1,0,1,1,4294967295,0,0
oInvCollSM,864,128,00298D6C,0,1,1,4294967295,0,0
oInvCollSM,880,128,00387037,0,1,1,4294967295,0,0
oInvCollSM,896,128,0017B441,0,1,1,4294967295,0,0
oInvCollPH,848,64,00080564,0,1,1,4294967295,0,0
oInvCollPH,848,80,002DE189,0,1,1,4294967295,0,0
oInvCollPH,848,96,0020D9EB,0,1,1,4294967295,0,0
oInvCollPH,848,112,002FFD36,0,1,1,4294967295,0,0
oInvCollPH,912,112,003EFD3D,0,1,1,4294967295,0,0
oInvCollPH,928,112,002EEBFF,0,1,1,4294967295,0,0
oInvCollPH,944,112,000AAFEC,0,1,1,4294967295,0,0
oInvCollPH,944,96,0038615B,0,1,1,4294967295,0,0
oInvCollPH,944,80,0034DDBA,0,1,1,4294967295,0,0
oInvCollPH,896,160,001EA203,0,1,1,4294967295,0,0
oInvCollPH,912,160,001FC2D3,0,1,1,4294967295,0,0
oInvCollPH,928,160,0007601C,0,1,1,4294967295,0,0
oInvCollPH,944,160,0007E4B9,0,1,1,4294967295,0,0
oInvCollPH,960,160,0008FE31,0,1,1,4294967295,0,0
oInvCollPH,976,160,0027F241,0,1,1,4294967295,0,0
oInvCollPH,992,160,0034A5C9,0,1,1,4294967295,0,0
oInvCollPH,784,208,00039232,0,1,1,4294967295,0,0
oInvCollPH,800,208,000E8BA3,0,1,1,4294967295,0,0
oInvCollPH,816,208,00401C74,0,1,1,4294967295,0,0
oInvCollPH,832,208,0024E768,0,1,1,4294967295,0,0
oInvCollPH,848,208,003F4749,0,1,1,4294967295,0,0
oInvCollPH,864,208,00216A3F,0,1,1,4294967295,0,0
oInvCollPH,880,208,0007BEA6,0,1,1,4294967295,0,0
oInvCollPH,560,192,0020EE6D,0,1,1,4294967295,0,0
oInvCollPH,576,192,00214DF6,0,1,1,4294967295,0,0
oInvCollPH,592,192,00234F2B,0,1,1,4294967295,0,0
oInvCollPH,608,192,0034119B,0,1,1,4294967295,0,0
oInvCollPH,624,192,0016FC64,0,1,1,4294967295,0,0
oInvCollPH,320,240,000A990A,0,1,1,4294967295,0,0
oInvCollPH,336,240,000314C6,0,1,1,4294967295,0,0
oInvCollPH,352,240,001C78C5,0,1,1,4294967295,0,0
oInvCollPH,368,240,00132831,0,1,1,4294967295,0,0
oInvCollPH,384,240,0008826B,0,1,1,4294967295,0,0
oInvCollPH,400,240,00090ECA,0,1,1,4294967295,0,0
oInvCollPH,400,224,00354122,0,1,1,4294967295,0,0
oInvCollPH,384,224,000301BA,0,1,1,4294967295,0,0
oInvCollPH,368,224,0004834E,0,1,1,4294967295,0,0
oInvCollPH,352,224,00294DE2,0,1,1,4294967295,0,0
oInvCollPH,336,224,002D0E2C,0,1,1,4294967295,0,0
oInvCollPH,784,288,00338356,0,1,1,4294967295,0,0
oInvCollPH,784,304,003AAC43,0,1,1,4294967295,0,0
oInvCollPH,800,272,002625B5,0,1,1,4294967295,0,0
oInvCollPH,816,272,00108D88,0,1,1,4294967295,0,0
oInvCollPH,832,272,0015DE1C,0,1,1,4294967295,0,0
oInvCollPH,832,288,00072E8F,0,1,1,4294967295,0,0
oInvCollPH,576,224,002F9D9C,0,1,1,4294967295,0,0
oInvCollPH,576,240,002FC14C,0,1,1,4294967295,0,0
oInvCollPH,576,256,002A9B72,0,1,1,4294967295,0,0
oInvCollPH,576,272,00291E40,0,1,1,4294967295,0,0
oInvCollPH,576,288,0018EFA0,0,1,1,4294967295,0,0
oInvCollPH,576,304,0025D49A,0,1,1,4294967295,0,0
oInvCollPH,592,304,00358688,0,1,1,4294967295,0,0
oInvCollPH,592,288,000EEED5,0,1,1,4294967295,0,0
oInvCollPH,592,272,000F5A07,0,1,1,4294967295,0,0
oInvCollPH,592,256,0008BE7B,0,1,1,4294967295,0,0
oInvCollPH,592,240,0013C8C7,0,1,1,4294967295,0,0
oInvCollPH,592,224,002A4A31,0,1,1,4294967295,0,0
oInvCollPH,592,208,001B9354,0,1,1,4294967295,0,0
oInvCollPH,64,320,001D48D8,0,1,1,4294967295,0,0
oInvCollPH,80,320,00026436,0,1,1,4294967295,0,0
oInvCollPH,96,320,0019F5E0,0,1,1,4294967295,0,0
oInvCollPH,112,320,0036FA0A,0,1,1,4294967295,0,0
oInvCollPH,128,320,00052407,0,1,1,4294967295,0,0
oInvCollPH,144,320,002B937E,0,1,1,4294967295,0,0
oInvCollPH,160,320,001E2F52,0,1,1,4294967295,0,0
oInvCollPH,176,320,0035D65D,0,1,1,4294967295,0,0
oInvCollPH,192,320,003E95AE,0,1,1,4294967295,0,0
oInvCollPH,208,320,00284BD3,0,1,1,4294967295,0,0
oInvCollPH,224,320,001DDF27,0,1,1,4294967295,0,0
oInvCollPH,240,320,001325BF,0,1,1,4294967295,0,0
oInvCollPH,256,320,0037A626,0,1,1,4294967295,0,0
oInvCollPH,272,320,003837E4,0,1,1,4294967295,0,0
oInvCollPH,288,320,0034523B,0,1,1,4294967295,0,0
oInvCollPH,304,320,001E54D9,0,1,1,4294967295,0,0
oInvCollPH,320,320,000FB8E3,0,1,1,4294967295,0,0
oInvCollPH,336,320,000A8BD6,0,1,1,4294967295,0,0
oInvCollPH,352,320,001F8227,0,1,1,4294967295,0,0
oInvCollPH,368,320,0010D120,0,1,1,4294967295,0,0
oInvCollPH,384,320,0023FE96,0,1,1,4294967295,0,0
oInvCollPH,400,320,000C38F7,0,1,1,4294967295,0,0
oInvCollPH,416,320,003CEA38,0,1,1,4294967295,0,0
oInvCollPH,432,320,0025E7EB,0,1,1,4294967295,0,0
oInvCollPH,448,320,001BA848,0,1,1,4294967295,0,0
oInvCollPH,464,320,0034E655,0,1,1,4294967295,0,0
oInvCollPH,480,320,000B6845,0,1,1,4294967295,0,0
oInvCollPH,496,320,00175C2E,0,1,1,4294967295,0,0
oInvCollPH,512,320,0039F358,0,1,1,4294967295,0,0
oInvCollPH,528,320,0025F258,0,1,1,4294967295,0,0
oInvCollPH,544,320,0003A68A,0,1,1,4294967295,0,0
oInvCollPH,560,320,003A6B50,0,1,1,4294967295,0,0
oInvCollPH,608,320,000389ED,0,1,1,4294967295,0,0
oInvCollPH,624,320,003A10A6,0,1,1,4294967295,0,0
oInvCollPH,640,320,001A9D36,0,1,1,4294967295,0,0
oInvCollPH,656,320,003F3EAC,0,1,1,4294967295,0,0
oInvCollPH,672,320,0020CFD5,0,1,1,4294967295,0,0
oInvCollPH,688,320,0030CD6B,0,1,1,4294967295,0,0
oInvCollPH,704,320,001EF58D,0,1,1,4294967295,0,0
oInvCollPH,720,320,002EEDDF,0,1,1,4294967295,0,0
oInvCollPH,736,320,0027EE5B,0,1,1,4294967295,0,0
oInvCollPH,752,320,003A46F2,0,1,1,4294967295,0,0
oInvCollPH,768,320,002A5343,0,1,1,4294967295,0,0
oInvCollPH,192,16,000B0A2F,0,1,1,4294967295,0,0
oInvCollPH,192,32,001A50B6,0,1,1,4294967295,0,0
oInvCollPH,192,48,002D6B9C,0,1,1,4294967295,0,0
oInvCollPH,208,48,00307193,0,1,1,4294967295,0,0
oInvCollPH,224,48,0007E68D,0,1,1,4294967295,0,0
oInvCollPH,240,48,00227D47,0,1,1,4294967295,0,0
oInvCollPH,256,48,000B3B44,0,1,1,4294967295,0,0
oInvCollPH,272,48,000898D0,0,1,1,4294967295,0,0
oInvCollPH,288,48,00273D8E,0,1,1,4294967295,0,0
oInvCollPH,304,48,003720E9,0,1,1,4294967295,0,0
oInvCollPH,320,48,003C4ADE,0,1,1,4294967295,0,0
oInvCollPH,336,48,000B262D,0,1,1,4294967295,0,0
oInvCollPH,352,48,0016CD38,0,1,1,4294967295,0,0
oInvCollPH,368,48,0005DB02,0,1,1,4294967295,0,0
oInvCollPH,384,48,00358FDB,0,1,1,4294967295,0,0
oInvCollPH,400,48,0029A1CC,0,1,1,4294967295,0,0
oInvCollPH,416,48,001FFC74,0,1,1,4294967295,0,0
oInvCollPH,432,48,000C0320,0,1,1,4294967295,0,0
oInvCollPH,448,48,00356F75,0,1,1,4294967295,0,0
oInvCollPH,464,48,0012F6A8,0,1,1,4294967295,0,0
oInvCollPH,480,48,0015141C,0,1,1,4294967295,0,0
oInvCollPH,496,48,003646E9,0,1,1,4294967295,0,0
oInvCollPH,512,48,0018DECE,0,1,1,4294967295,0,0
oInvCollPH,528,48,0034501B,0,1,1,4294967295,0,0
oInvCollPH,544,48,002DA1DF,0,1,1,4294967295,0,0
oInvCollPH,560,48,00177603,0,1,1,4294967295,0,0
oInvCollPH,576,48,0026A51D,0,1,1,4294967295,0,0
oInvCollPH,592,48,00117D98,0,1,1,4294967295,0,0
oInvCollPH,608,48,003082C3,0,1,1,4294967295,0,0
oInvCollPH,624,48,001D18EF,0,1,1,4294967295,0,0
oInvCollPH,640,48,00361EB9,0,1,1,4294967295,0,0
oInvCollPH,656,48,003A228D,0,1,1,4294967295,0,0
oInvCollPH,672,48,0009426E,0,1,1,4294967295,0,0
oInvCollPH,688,48,003DF140,0,1,1,4294967295,0,0
oInvCollPH,704,48,0015F1B2,0,1,1,4294967295,0,0
oInvCollPH,720,48,002FDF7D,0,1,1,4294967295,0,0
oInvCollPH,736,48,000A6C2C,0,1,1,4294967295,0,0
oInvCollPH,752,48,00290CEB,0,1,1,4294967295,0,0
oInvCollPH,768,48,0009DEBC,0,1,1,4294967295,0,0
oInvCollPH,784,48,0024517F,0,1,1,4294967295,0,0
oInvCollPH,800,48,003B913E,0,1,1,4294967295,0,0
oInvCollPH,816,48,0007013D,0,1,1,4294967295,0,0
oInvCollPH,832,48,0019A2B1,0,1,1,4294967295,0,0
oInvCollPH,1056,160,002265D5,0,1,1,4294967295,0,0
oInvCollPH,1072,160,00387336,0,1,1,4294967295,0,0
oInvCollPH,1088,160,001201FA,0,1,1,4294967295,0,0
oInvCollPH,960,256,0037D8E7,0,1,1,4294967295,0,0
oInvCollPH,976,256,002C0E0E,0,1,1,4294967295,0,0
oInvCollPH,992,256,0011DDC0,0,1,1,4294967295,0,0
oInvCollPH,1312,144,0030CBA1,0,1,1,4294967295,0,0
oInvCollPH,1328,144,0036B5A3,0,1,1,4294967295,0,0
oInvCollPH,1344,144,001E0386,0,1,1,4294967295,0,0
oInvCollPH,1504,144,000CCD48,0,1,1,4294967295,0,0
oInvCollPH,1520,144,00300E73,0,1,1,4294967295,0,0
oInvCollPH,1536,144,00122FCC,0,1,1,4294967295,0,0
oInvCollPH,1744,256,003D988F,0,1,1,4294967295,0,0
oInvCollPH,1760,256,002FEE51,0,1,1,4294967295,0,0
oInvCollPH,1776,256,0004B35D,0,1,1,4294967295,0,0
oInvCollPH,1552,256,0026244B,0,1,1,4294967295,0,0
oInvCollPH,1568,256,00210381,0,1,1,4294967295,0,0
oInvCollPH,1584,256,001F039A,0,1,1,4294967295,0,0
oInvCollPH,1712,160,0011F523,0,1,1,4294967295,0,0
oInvCollPH,1728,160,00363859,0,1,1,4294967295,0,0
oInvCollPH,1744,160,0039E9BD,0,1,1,4294967295,0,0
oInvCollPH,1760,160,00141B11,0,1,1,4294967295,0,0
oInvCollPH,1600,128,003CF3B8,0,1,1,4294967295,0,0
oInvCollPH,1616,128,0001852A,0,1,1,4294967295,0,0
oInvCollPH,1632,128,000E876A,0,1,1,4294967295,0,0
oInvCollPH,1648,128,001257F4,0,1,1,4294967295,0,0
oInvCollPH,1664,128,002B6526,0,1,1,4294967295,0,0
oInvCollPH,1376,160,0027AE6F,0,1,1,4294967295,0,0
oInvCollPH,1392,160,000C2AB3,0,1,1,4294967295,0,0
oInvCollPH,1408,160,000453B6,0,1,1,4294967295,0,0
oInvCollPH,1424,160,0017BD27,0,1,1,4294967295,0,0
oInvCollPH,1440,160,0032D970,0,1,1,4294967295,0,0
oInvCollPH,1456,160,001E6460,0,1,1,4294967295,0,0
oInvCollPH,1472,160,00043D68,0,1,1,4294967295,0,0
oInvCollPH,1328,240,00338858,0,1,1,4294967295,0,0
oInvCollPH,1344,240,0034B0A7,0,1,1,4294967295,0,0
oInvCollPH,1360,240,00138AF1,0,1,1,4294967295,0,0
oInvCollPH,1376,240,0024B574,0,1,1,4294967295,0,0
oInvCollPH,1392,240,0026F8F8,0,1,1,4294967295,0,0
oInvCollPH,1408,240,001FAFAB,0,1,1,4294967295,0,0
oInvCollPH,1424,240,001CBBD2,0,1,1,4294967295,0,0
oInvCollPH,1440,240,003A98EC,0,1,1,4294967295,0,0
oInvCollPH,1456,240,001A1C99,0,1,1,4294967295,0,0
oInvCollSM,1248,128,001F7EAB,0,1,1,4294967295,0,0
oInvCollSM,1264,128,003E885F,0,1,1,4294967295,0,0
oInvCollSM,1280,128,0000D0C1,0,1,1,4294967295,0,0
oInvCollPH,1152,160,00075EFD,0,1,1,4294967295,0,0
oInvCollPH,1168,160,0010C853,0,1,1,4294967295,0,0
oInvCollPH,1184,160,0002B405,0,1,1,4294967295,0,0
oInvCollPH,1200,160,0031BB67,0,1,1,4294967295,0,0
oInvCollPH,1216,160,002EBC87,0,1,1,4294967295,0,0
oInvCollPH,1072,224,0001C19F,0,1,1,4294967295,0,0
oInvCollPH,1152,240,002EE0DA,0,1,1,4294967295,0,0
oInvCollPH,1232,240,0035761B,0,1,1,4294967295,0,0
oInvCollPH,960,64,000AA001,0,1,1,4294967295,0,0
oInvCollPH,976,64,00364219,0,1,1,4294967295,0,0
oInvCollPH,992,64,0027A245,0,1,1,4294967295,0,0
oInvCollPH,1008,64,000FACA1,0,1,1,4294967295,0,0
oInvCollPH,1024,64,00347055,0,1,1,4294967295,0,0
oInvCollPH,1024,48,000A616E,0,1,1,4294967295,0,0
oInvCollPH,1824,48,00070637,0,1,1,4294967295,0,0
oInvCollPH,1824,64,000911BC,0,1,1,4294967295,0,0
oInvCollPH,1824,80,00401A4F,0,1,1,4294967295,0,0
oInvCollPH,1824,96,000B5C69,0,1,1,4294967295,0,0
oInvCollPH,1840,96,0038DC78,0,1,1,4294967295,0,0
oInvCollPH,1856,96,0013D950,0,1,1,4294967295,0,0
oInvCollPH,1872,96,00116ADF,0,1,1,4294967295,0,0
oInvCollPH,1872,80,0027C98F,0,1,1,4294967295,0,0
oInvCollPH,1872,64,003D23F4,0,1,1,4294967295,0,0
oInvCollPH,1872,48,0016D7A0,0,1,1,4294967295,0,0
oInvCollPH,1872,32,001063B7,0,1,1,4294967295,0,0
oInvCollPH,1824,160,000D5D97,0,1,1,4294967295,0,0
oInvCollPH,1824,176,0033CEC5,0,1,1,4294967295,0,0
oInvCollPH,1824,192,00006D6E,0,1,1,4294967295,0,0
oInvCollPH,1824,208,00224909,0,1,1,4294967295,0,0
oInvCollPH,1840,208,0018F621,0,1,1,4294967295,0,0
oInvCollPH,1856,208,0002CA23,0,1,1,4294967295,0,0
oInvCollPH,1872,208,0035EB2D,0,1,1,4294967295,0,0
oInvCollPH,1872,192,0030BB35,0,1,1,4294967295,0,0
oInvCollPH,1872,176,0001AC81,0,1,1,4294967295,0,0
oInvCollPH,1840,144,0031BE73,0,1,1,4294967295,0,0
oInvCollPH,1856,144,0003CA2D,0,1,1,4294967295,0,0
oInvCollPH,1872,144,003FA238,0,1,1,4294967295,0,0
oInvCollPH,1840,256,00135372,0,1,1,4294967295,0,0
oInvCollPH,1856,256,00018977,0,1,1,4294967295,0,0
oInvCollPH,1872,256,000C6A1B,0,1,1,4294967295,0,0
oInvCollPH,1888,256,00250031,0,1,1,4294967295,0,0
oInvCollPH,1888,272,0011E8CA,0,1,1,4294967295,0,0
oInvCollPH,1888,288,0022AFC7,0,1,1,4294967295,0,0
oInvCollPH,1888,304,0032D553,0,1,1,4294967295,0,0
oInvCollPH,1824,272,0006F0E3,0,1,1,4294967295,0,0
oInvCollPH,1824,288,0039F255,0,1,1,4294967295,0,0
oInvCollPH,1824,304,002AC239,0,1,1,4294967295,0,0
oInvCollPH,1040,32,00207D03,0,1,1,4294967295,0,0
oInvCollPH,1056,32,0011198E,0,1,1,4294967295,0,0
oInvCollPH,1072,32,00180237,0,1,1,4294967295,0,0
oInvCollPH,1088,32,000E0E1E,0,1,1,4294967295,0,0
oInvCollPH,1104,32,000A4BF6,0,1,1,4294967295,0,0
oInvCollPH,1120,32,00256386,0,1,1,4294967295,0,0
oInvCollPH,1136,32,000BC594,0,1,1,4294967295,0,0
oInvCollPH,1152,32,00227B6E,0,1,1,4294967295,0,0
oInvCollPH,1168,32,002A57C9,0,1,1,4294967295,0,0
oInvCollPH,1184,32,001BA635,0,1,1,4294967295,0,0
oInvCollPH,1200,32,000F971F,0,1,1,4294967295,0,0
oInvCollPH,1216,32,0006FEEB,0,1,1,4294967295,0,0
oInvCollPH,1232,32,00369EDC,0,1,1,4294967295,0,0
oInvCollPH,1248,32,001EBBEF,0,1,1,4294967295,0,0
oInvCollPH,1264,32,002D5322,0,1,1,4294967295,0,0
oInvCollPH,1280,32,00250BC1,0,1,1,4294967295,0,0
oInvCollPH,1296,32,002AEBC6,0,1,1,4294967295,0,0
oInvCollPH,1312,32,0014A73E,0,1,1,4294967295,0,0
oInvCollPH,1328,32,001B10B1,0,1,1,4294967295,0,0
oInvCollPH,1344,32,0024DB06,0,1,1,4294967295,0,0
oInvCollPH,1360,32,0014DDE1,0,1,1,4294967295,0,0
oInvCollPH,1376,32,003927EE,0,1,1,4294967295,0,0
oInvCollPH,1392,32,00135C66,0,1,1,4294967295,0,0
oInvCollPH,1408,32,00132AE7,0,1,1,4294967295,0,0
oInvCollPH,1424,32,000AEB5D,0,1,1,4294967295,0,0
oInvCollPH,1440,32,000E63DD,0,1,1,4294967295,0,0
oInvCollPH,1456,32,00222ABD,0,1,1,4294967295,0,0
oInvCollPH,1472,32,0013C30F,0,1,1,4294967295,0,0
oInvCollPH,1488,32,0037EED5,0,1,1,4294967295,0,0
oInvCollPH,1504,32,00352065,0,1,1,4294967295,0,0
oInvCollPH,1520,32,000D40FC,0,1,1,4294967295,0,0
oInvCollPH,1536,32,00312A4F,0,1,1,4294967295,0,0
oInvCollPH,1552,32,001D8EBF,0,1,1,4294967295,0,0
oInvCollPH,1568,32,002CCAFC,0,1,1,4294967295,0,0
oInvCollPH,1584,32,000DBB1B,0,1,1,4294967295,0,0
oInvCollPH,1600,32,0013E87C,0,1,1,4294967295,0,0
oInvCollPH,1616,32,0037F07E,0,1,1,4294967295,0,0
oInvCollPH,1632,32,003AF3E2,0,1,1,4294967295,0,0
oInvCollPH,1648,32,00362722,0,1,1,4294967295,0,0
oInvCollPH,1664,32,0021A9AD,0,1,1,4294967295,0,0
oInvCollPH,1680,32,001D0F55,0,1,1,4294967295,0,0
oInvCollPH,1696,32,000CF262,0,1,1,4294967295,0,0
oInvCollPH,1712,32,000DEBFA,0,1,1,4294967295,0,0
oInvCollPH,1728,32,000E7B70,0,1,1,4294967295,0,0
oInvCollPH,1744,32,000553B0,0,1,1,4294967295,0,0
oInvCollPH,1760,32,003B0B3D,0,1,1,4294967295,0,0
oInvCollPH,1776,32,00279078,0,1,1,4294967295,0,0
oInvCollPH,1792,32,00360F1C,0,1,1,4294967295,0,0
oInvCollPH,1808,32,002A7500,0,1,1,4294967295,0,0
oInvCollPH,992,304,001A698A,0,1,1,4294967295,0,0
oInvCollPH,976,304,00292790,0,1,1,4294967295,0,0
oInvCollPH,960,304,001F77CD,0,1,1,4294967295,0,0
oInvCollPH,944,304,0004F91E,0,1,1,4294967295,0,0
oInvCollPH,928,304,00076058,0,1,1,4294967295,0,0
oInvCollPH,912,304,0000261E,0,1,1,4294967295,0,0
oInvCollPH,896,304,000F63DC,0,1,1,4294967295,0,0
oInvCollPH,880,304,0009C726,0,1,1,4294967295,0,0
oInvCollPH,864,304,0010636D,0,1,1,4294967295,0,0
oInvCollPH,1216,304,000F083D,0,1,1,4294967295,0,0
oInvCollPH,1200,304,0022C6E0,0,1,1,4294967295,0,0
oInvCollPH,1184,304,0035B81E,0,1,1,4294967295,0,0
oInvCollPH,1168,304,00356D7A,0,1,1,4294967295,0,0
oInvCollPH,1152,304,0013C5D9,0,1,1,4294967295,0,0
oInvCollPH,1136,304,00388FD9,0,1,1,4294967295,0,0
oInvCollPH,1120,304,001AB096,0,1,1,4294967295,0,0
oInvCollPH,1104,304,0014DA61,0,1,1,4294967295,0,0
oInvCollPH,1088,304,00270252,0,1,1,4294967295,0,0
oInvCollPH,1072,304,00345282,0,1,1,4294967295,0,0
oInvCollPH,1056,304,0028EAE2,0,1,1,4294967295,0,0
oInvCollPH,1040,304,00402A3E,0,1,1,4294967295,0,0
oInvCollPH,1024,304,0037DC06,0,1,1,4294967295,0,0
oInvCollPH,1008,304,0038773A,0,1,1,4294967295,0,0
oInvCollPH,1232,304,000ACD85,0,1,1,4294967295,0,0
oInvCollPH,2176,192,0029C09B,0,1,1,4294967295,0,0
oInvCollPH,2272,176,00060758,0,1,1,4294967295,0,0
oInvCollPH,2352,256,0004EEC9,0,1,1,4294967295,0,0
oInvCollPH,2576,256,003D0B8B,0,1,1,4294967295,0,0
oInvCollPH,2704,224,0006A801,0,1,1,4294967295,0,0
oInvCollPH,2784,144,0003E1B4,0,1,1,4294967295,0,0
oInvCollPH,2800,144,000F5E6F,0,1,1,4294967295,0,0
oInvCollPH,2816,144,00293EAB,0,1,1,4294967295,0,0
oInvCollPH,2336,48,000871E8,0,1,1,4294967295,0,0
oInvCollPH,2336,64,003834E3,0,1,1,4294967295,0,0
oInvCollPH,2336,80,00372D73,0,1,1,4294967295,0,0
oInvCollPH,2336,96,001707E1,0,1,1,4294967295,0,0
oInvCollPH,2352,96,000BEB80,0,1,1,4294967295,0,0
oInvCollPH,2352,80,00167666,0,1,1,4294967295,0,0
oInvCollPH,2352,64,0020CCF5,0,1,1,4294967295,0,0
oInvCollPH,2352,48,00111339,0,1,1,4294967295,0,0
oInvCollPH,2352,32,001252F0,0,1,1,4294967295,0,0
oInvCollPH,2560,48,0011E291,0,1,1,4294967295,0,0
oInvCollPH,2560,64,000F069B,0,1,1,4294967295,0,0
oInvCollPH,2560,80,0002540B,0,1,1,4294967295,0,0
oInvCollPH,2560,96,002E31E9,0,1,1,4294967295,0,0
oInvCollPH,2576,96,002B420F,0,1,1,4294967295,0,0
oInvCollPH,2576,80,00175E89,0,1,1,4294967295,0,0
oInvCollPH,2576,64,002D2FD3,0,1,1,4294967295,0,0
oInvCollPH,2576,48,00229F35,0,1,1,4294967295,0,0
oInvCollPH,2576,32,000C4A05,0,1,1,4294967295,0,0
oInvCollPH,2448,256,003F34E2,0,1,1,4294967295,0,0
oInvCollPH,2448,272,00285723,0,1,1,4294967295,0,0
oInvCollPH,2448,288,002D4233,0,1,1,4294967295,0,0
oInvCollPH,2448,304,00332EC9,0,1,1,4294967295,0,0
oInvCollPH,2464,304,000E6A17,0,1,1,4294967295,0,0
oInvCollPH,2464,288,00231AC3,0,1,1,4294967295,0,0
oInvCollPH,2464,272,0002DF0C,0,1,1,4294967295,0,0
oInvCollPH,2464,256,00087BBD,0,1,1,4294967295,0,0
oInvCollPH,2464,240,00225F22,0,1,1,4294967295,0,0
oInvCollPH,1968,256,002657E8,0,1,1,4294967295,0,0
oInvCollPH,1984,256,001EEC0E,0,1,1,4294967295,0,0
oInvCollPH,1904,160,002D7FE2,0,1,1,4294967295,0,0
oInvCollPH,1920,160,002FB379,0,1,1,4294967295,0,0
oInvCollPH,1936,160,00043919,0,1,1,4294967295,0,0
oInvCollPH,1952,160,003CFD1A,0,1,1,4294967295,0,0
oInvCollPH,1968,160,001D43D8,0,1,1,4294967295,0,0
oInvCollPH,2048,48,00218C73,0,1,1,4294967295,0,0
oInvCollPH,2048,64,000B20B3,0,1,1,4294967295,0,0
oInvCollPH,2048,80,0020512E,0,1,1,4294967295,0,0
oInvCollPH,2064,80,000C0BA5,0,1,1,4294967295,0,0
oInvCollPH,2064,64,0018AB3D,0,1,1,4294967295,0,0
oInvCollPH,2064,48,001C1771,0,1,1,4294967295,0,0
oInvCollPH,2064,32,0015A22A,0,1,1,4294967295,0,0
oInvCollPH,2048,128,0028BD21,0,1,1,4294967295,0,0
oInvCollPH,2064,128,00224246,0,1,1,4294967295,0,0
oInvCollPH,2080,128,001B0C98,0,1,1,4294967295,0,0
oInvCollPH,2048,160,002D16F1,0,1,1,4294967295,0,0
oInvCollPH,2048,176,003E81B9,0,1,1,4294967295,0,0
oInvCollPH,2064,176,000DFD70,0,1,1,4294967295,0,0
oInvCollPH,2064,160,003A3D12,0,1,1,4294967295,0,0
oInvCollPH,2064,144,003DA62D,0,1,1,4294967295,0,0
oInvCollPH,2048,224,0001F787,0,1,1,4294967295,0,0
oInvCollPH,2064,224,001B0A06,0,1,1,4294967295,0,0
oInvCollPH,2080,224,0032B7F5,0,1,1,4294967295,0,0
oInvCollPH,2048,256,0010356A,0,1,1,4294967295,0,0
oInvCollPH,2048,272,00250FF9,0,1,1,4294967295,0,0
oInvCollPH,2064,272,00005975,0,1,1,4294967295,0,0
oInvCollPH,2064,256,000FF48D,0,1,1,4294967295,0,0
oInvCollPH,2064,240,0021F0CF,0,1,1,4294967295,0,0
oInvCollPH,2832,16,00180988,0,1,1,4294967295,0,0
oInvCollPH,2832,32,002B6BD4,0,1,1,4294967295,0,0
oInvCollPH,2832,48,003EE62F,0,1,1,4294967295,0,0
oInvCollPH,2832,64,0039C5D5,0,1,1,4294967295,0,0
oInvCollPH,2832,80,003B2D2F,0,1,1,4294967295,0,0
oInvCollPH,2832,96,0016EC76,0,1,1,4294967295,0,0
oInvCollPH,2832,112,0022BA19,0,1,1,4294967295,0,0
oInvCollPH,2832,128,0024D46F,0,1,1,4294967295,0,0
oInvCollPH,2832,160,0002D69E,0,1,1,4294967295,0,0
oInvCollPH,2832,176,00375E64,0,1,1,4294967295,0,0
oInvCollPH,2832,192,0007A6BC,0,1,1,4294967295,0,0
oInvCollPH,2832,208,00362C7D,0,1,1,4294967295,0,0
oInvCollPH,2832,224,0031DB5A,0,1,1,4294967295,0,0
oInvCollPH,2832,240,003CC18C,0,1,1,4294967295,0,0
oInvCollPH,2832,256,000FABC7,0,1,1,4294967295,0,0
oInvCollPH,2832,272,00375E19,0,1,1,4294967295,0,0
oInvCollPH,2832,288,000B248B,0,1,1,4294967295,0,0
oInvCollPH,2832,304,00074AB0,0,1,1,4294967295,0,0
oInvCollPH,1248,320,0010AF57,0,1,1,4294967295,0,0
oInvCollPH,1264,320,000C7F80,0,1,1,4294967295,0,0
oInvCollPH,1280,320,000138C7,0,1,1,4294967295,0,0
oInvCollPH,1296,320,0032B5C4,0,1,1,4294967295,0,0
oInvCollPH,1312,320,0026B40D,0,1,1,4294967295,0,0
oInvCollPH,1328,320,00187BF3,0,1,1,4294967295,0,0
oInvCollPH,1344,320,0023D646,0,1,1,4294967295,0,0
oInvCollPH,1360,320,002CEB34,0,1,1,4294967295,0,0
oInvCollPH,1376,320,000AFFBC,0,1,1,4294967295,0,0
oInvCollPH,1392,320,003F67CD,0,1,1,4294967295,0,0
oInvCollPH,1408,320,002D2CA9,0,1,1,4294967295,0,0
oInvCollPH,1424,320,00260005,0,1,1,4294967295,0,0
oInvCollPH,1440,320,00166E80,0,1,1,4294967295,0,0
oInvCollPH,1456,320,0038DB5F,0,1,1,4294967295,0,0
oInvCollPH,1472,320,00187FF2,0,1,1,4294967295,0,0
oInvCollPH,1488,320,00291B1D,0,1,1,4294967295,0,0
oInvCollPH,1504,320,001DB05E,0,1,1,4294967295,0,0
oInvCollPH,1520,320,003034A4,0,1,1,4294967295,0,0
oInvCollPH,1536,320,003C106D,0,1,1,4294967295,0,0
oInvCollPH,1552,320,000956F3,0,1,1,4294967295,0,0
oInvCollPH,1568,320,002EEFC6,0,1,1,4294967295,0,0
oInvCollPH,1584,320,0040228D,0,1,1,4294967295,0,0
oInvCollPH,1600,320,00307CBA,0,1,1,4294967295,0,0
oInvCollPH,1616,320,0019958C,0,1,1,4294967295,0,0
oInvCollPH,1632,320,0000524D,0,1,1,4294967295,0,0
oInvCollPH,1648,320,002A02FF,0,1,1,4294967295,0,0
oInvCollPH,1664,320,0024A7DE,0,1,1,4294967295,0,0
oInvCollPH,1680,320,003381CF,0,1,1,4294967295,0,0
oInvCollPH,1696,320,0035D71C,0,1,1,4294967295,0,0
oInvCollPH,1712,320,00391F41,0,1,1,4294967295,0,0
oInvCollPH,1728,320,00040175,0,1,1,4294967295,0,0
oInvCollPH,1744,320,00283425,0,1,1,4294967295,0,0
oInvCollPH,1760,320,002BA308,0,1,1,4294967295,0,0
oInvCollPH,1776,320,000D21C0,0,1,1,4294967295,0,0
oInvCollPH,1792,320,002E5DBA,0,1,1,4294967295,0,0
oInvCollPH,1808,320,003FF7F3,0,1,1,4294967295,0,0
oInvCollPH,1904,320,00106C0D,0,1,1,4294967295,0,0
oInvCollPH,1920,320,0020281E,0,1,1,4294967295,0,0
oInvCollPH,1936,320,00083665,0,1,1,4294967295,0,0
oInvCollPH,1952,320,003E79CA,0,1,1,4294967295,0,0
oInvCollPH,1968,320,001AFA76,0,1,1,4294967295,0,0
oInvCollPH,1984,320,0020DBA1,0,1,1,4294967295,0,0
oInvCollPH,2000,320,00049BC3,0,1,1,4294967295,0,0
oInvCollPH,2016,320,003609FE,0,1,1,4294967295,0,0
oInvCollPH,2032,320,00014332,0,1,1,4294967295,0,0
oInvCollPH,2048,320,001635A0,0,1,1,4294967295,0,0
oInvCollPH,2064,320,000BE740,0,1,1,4294967295,0,0
oInvCollPH,2080,320,003DB135,0,1,1,4294967295,0,0
oInvCollPH,2096,320,0025BAE2,0,1,1,4294967295,0,0
oInvCollPH,2112,320,00072BFE,0,1,1,4294967295,0,0
oInvCollPH,2128,320,00009A92,0,1,1,4294967295,0,0
oInvCollPH,2144,320,0032615F,0,1,1,4294967295,0,0
oInvCollPH,2160,320,00392248,0,1,1,4294967295,0,0
oInvCollPH,2176,320,002AF2B4,0,1,1,4294967295,0,0
oInvCollPH,2192,320,00293375,0,1,1,4294967295,0,0
oInvCollPH,2208,320,00172127,0,1,1,4294967295,0,0
oInvCollPH,2224,320,00249EC6,0,1,1,4294967295,0,0
oInvCollPH,2240,320,00148458,0,1,1,4294967295,0,0
oInvCollPH,2256,320,003BB2FC,0,1,1,4294967295,0,0
oInvCollPH,2272,320,00162E60,0,1,1,4294967295,0,0
oInvCollPH,2288,320,0033FE4E,0,1,1,4294967295,0,0
oInvCollPH,2304,320,003F4EED,0,1,1,4294967295,0,0
oInvCollPH,2320,320,00088EDF,0,1,1,4294967295,0,0
oInvCollPH,2336,320,0018526B,0,1,1,4294967295,0,0
oInvCollPH,2352,320,000C4785,0,1,1,4294967295,0,0
oInvCollPH,2368,320,00317D36,0,1,1,4294967295,0,0
oInvCollPH,2384,320,001A41F2,0,1,1,4294967295,0,0
oInvCollPH,2400,320,0019F736,0,1,1,4294967295,0,0
oInvCollPH,2416,320,00033BB8,0,1,1,4294967295,0,0
oInvCollPH,2432,320,000A4658,0,1,1,4294967295,0,0
oInvCollPH,2480,320,000090BC,0,1,1,4294967295,0,0
oInvCollPH,2496,320,0024BBFC,0,1,1,4294967295,0,0
oInvCollPH,2512,320,001235FA,0,1,1,4294967295,0,0
oInvCollPH,2528,320,00084890,0,1,1,4294967295,0,0
oInvCollPH,2544,320,00009E5C,0,1,1,4294967295,0,0
oInvCollPH,2560,320,00021E01,0,1,1,4294967295,0,0
oInvCollPH,2576,320,00116831,0,1,1,4294967295,0,0
oInvCollPH,2592,320,001BF5FD,0,1,1,4294967295,0,0
oInvCollPH,2608,320,000E4A9F,0,1,1,4294967295,0,0
oInvCollPH,2624,320,002D1507,0,1,1,4294967295,0,0
oInvCollPH,2640,320,00272233,0,1,1,4294967295,0,0
oInvCollPH,2656,320,003DEBE9,0,1,1,4294967295,0,0
oInvCollPH,2672,320,001657B2,0,1,1,4294967295,0,0
oInvCollPH,2688,320,000D3946,0,1,1,4294967295,0,0
oInvCollPH,2704,320,0034C8C7,0,1,1,4294967295,0,0
oInvCollPH,2720,320,003EC40E,0,1,1,4294967295,0,0
oInvCollPH,2736,320,002ABE93,0,1,1,4294967295,0,0
oInvCollPH,2752,320,0021DD7B,0,1,1,4294967295,0,0
oInvCollPH,2768,320,001E90AB,0,1,1,4294967295,0,0
oInvCollPH,2784,320,0018866C,0,1,1,4294967295,0,0
oInvCollPH,2800,320,0033CA16,0,1,1,4294967295,0,0
oInvCollPH,2816,320,00180EEF,0,1,1,4294967295,0,0
oInvCollPH,1888,16,0017FE5D,0,1,1,4294967295,0,0
oInvCollPH,1904,16,001A08A7,0,1,1,4294967295,0,0
oInvCollPH,1920,16,00004C74,0,1,1,4294967295,0,0
oInvCollPH,1936,16,002FC219,0,1,1,4294967295,0,0
oInvCollPH,1952,16,0003FFE8,0,1,1,4294967295,0,0
oInvCollPH,1968,16,002BD087,0,1,1,4294967295,0,0
oInvCollPH,1984,16,00249976,0,1,1,4294967295,0,0
oInvCollPH,2000,16,0025BF0B,0,1,1,4294967295,0,0
oInvCollPH,2016,16,003CEF61,0,1,1,4294967295,0,0
oInvCollPH,2032,16,000F75E8,0,1,1,4294967295,0,0
oInvCollPH,2080,16,000366FD,0,1,1,4294967295,0,0
oInvCollPH,2096,16,00292F59,0,1,1,4294967295,0,0
oInvCollPH,2112,16,00164143,0,1,1,4294967295,0,0
oInvCollPH,2128,16,00298D79,0,1,1,4294967295,0,0
oInvCollPH,2144,16,003DAB18,0,1,1,4294967295,0,0
oInvCollPH,2160,16,00250452,0,1,1,4294967295,0,0
oInvCollPH,2176,16,000853C2,0,1,1,4294967295,0,0
oInvCollPH,2192,16,00244B5D,0,1,1,4294967295,0,0
oInvCollPH,2208,16,0038680E,0,1,1,4294967295,0,0
oInvCollPH,2224,16,0019A605,0,1,1,4294967295,0,0
oInvCollPH,2240,16,00191F8E,0,1,1,4294967295,0,0
oInvCollPH,2256,16,00212B10,0,1,1,4294967295,0,0
oInvCollPH,2272,16,001C862D,0,1,1,4294967295,0,0
oInvCollPH,2288,16,000CFC74,0,1,1,4294967295,0,0
oInvCollPH,2304,16,0022EB12,0,1,1,4294967295,0,0
oInvCollPH,2320,16,003750E6,0,1,1,4294967295,0,0
oInvCollPH,2368,16,002C808F,0,1,1,4294967295,0,0
oInvCollPH,2384,16,0018DAEA,0,1,1,4294967295,0,0
oInvCollPH,2400,16,001588D8,0,1,1,4294967295,0,0
oInvCollPH,2416,16,002D5108,0,1,1,4294967295,0,0
oInvCollPH,2432,16,000B1EBD,0,1,1,4294967295,0,0
oInvCollPH,2448,16,000F4833,0,1,1,4294967295,0,0
oInvCollPH,2464,16,0026E69F,0,1,1,4294967295,0,0
oInvCollPH,2480,16,0000C06D,0,1,1,4294967295,0,0
oInvCollPH,2496,16,00398937,0,1,1,4294967295,0,0
oInvCollPH,2512,16,0035CAE0,0,1,1,4294967295,0,0
oInvCollPH,2528,16,00379368,0,1,1,4294967295,0,0
oInvCollPH,2544,16,003D4E1A,0,1,1,4294967295,0,0
oInvCollPH,2592,16,00329C2B,0,1,1,4294967295,0,0
oInvCollPH,2608,16,000FC1A0,0,1,1,4294967295,0,0
oInvCollPH,2624,16,003F1BE4,0,1,1,4294967295,0,0
oInvCollPH,2640,16,0009A6A1,0,1,1,4294967295,0,0
oInvCollPH,2656,16,0039C783,0,1,1,4294967295,0,0
oInvCollPH,2672,16,0035B814,0,1,1,4294967295,0,0
oInvCollPH,2688,16,0001CCE5,0,1,1,4294967295,0,0
oInvCollPH,2704,16,001F95F9,0,1,1,4294967295,0,0
oInvCollPH,2720,16,0018002C,0,1,1,4294967295,0,0
oInvCollPH,2736,16,0008E95C,0,1,1,4294967295,0,0
oInvCollPH,2752,16,002912FF,0,1,1,4294967295,0,0
oInvCollPH,2752,0,00100A5F,0,1,1,4294967295,0,0
oInvisibleSolid,48,0,0032B5CA,0,1,1,4294967295,0,1
oInvisibleSolid,0,0,0038ADA7,0,1,1,4294967295,0,1
oInvisibleSolid,192,0,001933B2,0,1,1,4294967295,0,1
oInvisibleSolid,128,208,00305EED,0,1,1,4294967295,0,1
oInvisibleSolid,48,320,002F9B41,0,1,1,4294967295,0,1
oInvisibleSolid,544,192,0024A40C,0,1,1,4294967295,0,1
oInvisibleSolid,320,224,000D56B8,0,1,1,4294967295,0,1
oInvisibleSolid,576,208,0015147E,0,1,1,4294967295,0,1
oInvisibleSolid,848,0,000FF9A7,0,1,1,4294967295,0,1
oInvisibleSolid,960,0,003DCCD4,0,1,1,4294967295,0,1
oInvisibleSolid,880,160,003ACED7,0,1,1,4294967295,0,1
oInvisibleSolid,768,208,0004AA3A,0,1,1,4294967295,0,1
oInvisibleSolid,784,272,0012B5D6,0,1,1,4294967295,0,1
oInvisibleSolid,848,304,000B168D,0,1,1,4294967295,0,1
oInvisibleSolidMorph,848,128,003E4524,0,1,1,4294967295,0,1
oInvisibleSolidMorph,1696,128,0017AEE0,0,1,1,4294967295,0,0
oInvisibleSolid,1696,160,0004C3A8,0,1,1,4294967295,0,1
oInvisibleSolid,1824,144,001D9EF1,0,1,1,4294967295,0,1
oInvisibleSolid,1888,160,00233DE7,0,1,1,4294967295,0,1
oInvisibleSolid,1824,0,00147347,0,1,1,4294967295,0,1
oInvisibleSolid,1888,0,003981ED,0,1,1,4294967295,0,1
oInvisibleSolid,1824,256,003F0E98,0,1,1,4294967295,0,1
oInvisibleSolid,1584,128,0021BD98,0,1,1,4294967295,0,1
oInvisibleSolid,1728,256,00217C5E,0,1,1,4294967295,0,1
oInvisibleSolid,1536,256,002D8C05,0,1,1,4294967295,0,1
oInvisibleSolid,1488,144,0003EF2C,0,1,1,4294967295,0,1
oInvisibleSolid,1360,160,000219B0,0,1,1,4294967295,0,1
oInvisibleSolid,1312,240,00375FAB,0,1,1,4294967295,0,1
oInvisibleSolid,1296,144,0030FC3B,0,1,1,4294967295,0,1
oInvisibleSolid,1216,240,00333F6F,0,1,1,4294967295,0,1
oInvisibleSolid,1136,160,002831B1,0,1,1,4294967295,0,1
oInvisibleSolid,1136,240,000EFA74,0,1,1,4294967295,0,1
oInvisibleSolid,1040,160,00399228,0,1,1,4294967295,0,1
oInvisibleSolid,1056,224,0000AEA6,0,1,1,4294967295,0,1
oInvisibleSolid,944,256,00105E77,0,1,1,4294967295,0,1
oInvisibleSolidMorph,1232,128,00179F4B,0,1,1,4294967295,0,1
oInvisibleSolid,1040,0,001875A4,0,1,1,4294967295,0,1
oInvisibleSolid,2832,0,0037C846,0,1,1,4294967295,0,1
oInvisibleSolid,2560,32,0023AB66,0,1,1,4294967295,0,1
oInvisibleSolid,2336,32,000C6C98,0,1,1,4294967295,0,1
oInvisibleSolid,2768,144,00197F6E,0,1,1,4294967295,0,1
oInvisibleSolid,2688,224,002D7E4C,0,1,1,4294967295,0,1
oInvisibleSolid,2560,256,000AB6DB,0,1,1,4294967295,0,1
oInvisibleSolid,2448,240,00194E63,0,1,1,4294967295,0,1
oInvisibleSolid,2336,256,0020E3BB,0,1,1,4294967295,0,1
oInvisibleSolid,2048,32,00382D1C,0,1,1,4294967295,0,1
oInvisibleSolid,2032,128,00058095,0,1,1,4294967295,0,1
oInvisibleSolid,2048,144,00059B56,0,1,1,4294967295,0,1
oInvisibleSolid,2032,224,00317F04,0,1,1,4294967295,0,1
oInvisibleSolid,2048,240,0026780B,0,1,1,4294967295,0,1
oInvisibleSolid,1952,256,0011557F,0,1,1,4294967295,0,1
oInvisibleSolid,2160,192,00338CA7,0,1,1,4294967295,0,1
oInvisibleSolid,2256,176,001035B4,0,1,1,4294967295,0,1
