oExit,1424,184,000F777C,0,1,1,4294967295,0,1
oAbom_ParaBlock,1056,112,0012B07B,0,1,1,4294967295,0,1
oAbom_ParaBlock,1056,128,003EAC79,0,1,1,4294967295,0,1
oAbom_ParaBlock,1056,144,0002537F,0,1,1,4294967295,0,1
oAbom_ParaBlock,1056,160,0009B57E,0,1,1,4294967295,0,1
oAbom_ParaBlock,1056,176,00046319,0,1,1,4294967295,0,1
oAbom_ParaBlock,1056,192,0007095C,0,1,1,4294967295,0,1
oAbom_ParaBlock,1056,208,0022F51C,0,1,1,4294967295,0,1
oAbom_ParaBlock,1056,224,0037DBCB,0,1,1,4294967295,0,1
oPlayer1,48,240,001FE4F8,0,1,1,4294967295,0,0
oInvisibleSolid,0,0,00019A65,0,1,1,4294967295,0,1
oInvisibleSolid,0,256,003AF63E,0,1,1,4294967295,0,1
oInvisibleSlimSolid,0,248,001E4A4D,0,1,1,4294967295,0,1
oInvisibleSlimSolid,0,96,0011E141,0,1,1,4294967295,0,1
oInvisibleSolid,1344,224,0024B900,0,1,1,4294967295,0,1
oInvisibleSolid,1056,256,0011000B,0,1,1,4294967295,0,1
oInvisibleSolid,1056,0,0038D328,0,1,1,4294967295,0,1
oInvisibleSolid,1344,96,000E950B,0,1,1,4294967295,0,1
oInvisibleSolid,672,0,003374C5,0,1,1,4294967295,0,1
oInvisibleSolid,672,320,0018D40F,0,1,1,4294967295,0,1
oInvisibleSlimSolid,672,32,00104B6D,0,1,1,4294967295,0,1
oInvisibleSlimSolid,672,312,001265E3,0,1,1,4294967295,0,1
oInvisibleSlimSolid,1056,248,000D0F0D,0,1,1,4294967295,0,1
oInvisibleSlimSolid,1056,96,000A2C19,0,1,1,4294967295,0,1
oInvisibleSlimSolid,1344,128,0015F530,0,1,1,4294967295,0,1
oInvisibleSlimSolid,1344,216,00322CE5,0,1,1,4294967295,0,1
