oExit,32,688,003B3DE0,0,1,1,4294967295,0,1
oExit,736,96,00089688,0,1,1,4294967295,0,1
oSwitchHolder,672,512,002A47A3,0,1,1,4294967295,0,1
oSwitchHolder,656,320,000C20AF,0,1,1,4294967295,0,1
oSwitchHolder,160,80,0025EBD8,0,1,1,4294967295,0,1
oSwitchBarrier,592,64,0023D28D,0,1,1,4294967295,0,1
oSwitchBarrier,608,64,0025CB7E,0,1,1,4294967295,0,1
oSwitchBarrier,624,64,003A376B,0,1,1,4294967295,0,1
oLargeJumper,228,616,001282E2,0,1,1,4294967295,0,0
oArmoredBug,512,448,00026712,0,1,1,4294967295,0,0
oArmoredBug,80,224,001A0710,0,1,1,4294967295,0,0
oArmoredBug,416,128,002A4BD3,0,1,1,4294967295,0,0
oPlayer1,128,640,00345815,0,1,1,4294967295,0,0
oInvCollPH,464,592,0017B546,0,1,1,4294967295,0,0
oInvCollPH,464,608,003694A9,0,1,1,4294967295,0,0
oInvCollPH,464,624,00105762,0,1,1,4294967295,0,0
oInvCollPH,480,576,0038298A,0,1,1,4294967295,0,0
oInvCollPH,496,576,00045F0E,0,1,1,4294967295,0,0
oInvCollPH,512,576,001A54AE,0,1,1,4294967295,0,0
oInvCollPH,512,592,0029AF3E,0,1,1,4294967295,0,0
oInvCollPH,512,608,00096546,0,1,1,4294967295,0,0
oInvCollPH,512,624,0029C5D7,0,1,1,4294967295,0,0
oInvCollPH,144,128,003F636B,0,1,1,4294967295,0,0
oInvCollPH,160,128,002DE337,0,1,1,4294967295,0,0
oInvCollPH,176,128,0027E8EC,0,1,1,4294967295,0,0
oInvCollPH,176,144,003BBBCE,0,1,1,4294967295,0,0
oInvCollPH,176,160,00300D4C,0,1,1,4294967295,0,0
oInvCollPH,176,176,00214289,0,1,1,4294967295,0,0
oInvCollPH,160,176,001FD355,0,1,1,4294967295,0,0
oInvCollPH,144,176,003D40C0,0,1,1,4294967295,0,0
oInvCollPH,128,176,003EE8AB,0,1,1,4294967295,0,0
oInvCollPH,128,160,002DF077,0,1,1,4294967295,0,0
oInvCollPH,128,144,0008EFBC,0,1,1,4294967295,0,0
oInvCollPH,128,256,003E2640,0,1,1,4294967295,0,0
oInvCollPH,144,256,003378B8,0,1,1,4294967295,0,0
oInvCollPH,160,256,002120C0,0,1,1,4294967295,0,0
oInvCollPH,176,256,001B2382,0,1,1,4294967295,0,0
oInvCollPH,192,256,003AB0D2,0,1,1,4294967295,0,0
oInvCollPH,192,272,00362917,0,1,1,4294967295,0,0
oInvCollPH,192,288,001CE980,0,1,1,4294967295,0,0
oInvCollPH,192,304,00068903,0,1,1,4294967295,0,0
oInvCollPH,192,320,0001B1DC,0,1,1,4294967295,0,0
oInvCollPH,192,336,0028BC18,0,1,1,4294967295,0,0
oInvCollPH,176,336,00082A9C,0,1,1,4294967295,0,0
oInvCollPH,160,336,00344CD7,0,1,1,4294967295,0,0
oInvCollPH,144,336,0011FDB4,0,1,1,4294967295,0,0
oInvCollPH,128,336,002CCDA9,0,1,1,4294967295,0,0
oInvCollPH,112,336,0003B623,0,1,1,4294967295,0,0
oInvCollPH,112,320,002E152E,0,1,1,4294967295,0,0
oInvCollPH,112,304,003C594C,0,1,1,4294967295,0,0
oInvCollPH,112,288,000B15BF,0,1,1,4294967295,0,0
oInvCollPH,112,272,002B869B,0,1,1,4294967295,0,0
oInvCollPH,256,80,002E37B6,0,1,1,4294967295,0,0
oInvCollPH,256,96,003CDC02,0,1,1,4294967295,0,0
oInvCollPH,256,112,0023DB41,0,1,1,4294967295,0,0
oInvCollPH,256,128,0007FC3F,0,1,1,4294967295,0,0
oInvCollPH,272,128,002126D0,0,1,1,4294967295,0,0
oInvCollPH,288,128,00227B71,0,1,1,4294967295,0,0
oInvCollPH,304,128,00226449,0,1,1,4294967295,0,0
oInvCollPH,304,112,0009A78A,0,1,1,4294967295,0,0
oInvCollPH,304,96,003458A6,0,1,1,4294967295,0,0
oInvCollPH,304,80,00273156,0,1,1,4294967295,0,0
oInvCollPH,304,64,0020C022,0,1,1,4294967295,0,0
oInvCollPH,464,192,001D2FD4,0,1,1,4294967295,0,0
oInvCollPH,464,208,00155C4B,0,1,1,4294967295,0,0
oInvCollPH,480,176,000A8CA5,0,1,1,4294967295,0,0
oInvCollPH,496,176,002C2059,0,1,1,4294967295,0,0
oInvCollPH,512,176,000AB767,0,1,1,4294967295,0,0
oInvCollPH,512,192,001B0454,0,1,1,4294967295,0,0
oInvCollPH,512,208,00303794,0,1,1,4294967295,0,0
oInvCollPH,592,160,003DA1FA,0,1,1,4294967295,0,0
oInvCollPH,592,176,00136707,0,1,1,4294967295,0,0
oInvCollPH,592,192,00116466,0,1,1,4294967295,0,0
oInvCollPH,592,208,001A86F5,0,1,1,4294967295,0,0
oInvCollPH,608,144,00012C22,0,1,1,4294967295,0,0
oInvCollPH,624,144,00326432,0,1,1,4294967295,0,0
oInvCollPH,640,144,00282CF5,0,1,1,4294967295,0,0
oInvCollPH,640,160,0030B503,0,1,1,4294967295,0,0
oInvCollPH,640,176,001DCA76,0,1,1,4294967295,0,0
oInvCollPH,640,192,0008E521,0,1,1,4294967295,0,0
oInvCollPH,640,208,000B27B2,0,1,1,4294967295,0,0
oInvCollPH,704,144,002325A2,0,1,1,4294967295,0,0
oInvCollPH,704,160,0007FA09,0,1,1,4294967295,0,0
oInvCollPH,704,176,001BFFCC,0,1,1,4294967295,0,0
oInvCollPH,720,128,002DEE97,0,1,1,4294967295,0,0
oInvCollPH,736,128,003D2DB6,0,1,1,4294967295,0,0
oInvCollPH,688,304,0031A426,0,1,1,4294967295,0,0
oInvCollPH,688,320,001A8E8D,0,1,1,4294967295,0,0
oInvCollPH,688,336,0018D770,0,1,1,4294967295,0,0
oInvCollPH,688,352,002F38B9,0,1,1,4294967295,0,0
oInvCollPH,368,288,00147427,0,1,1,4294967295,0,0
oInvCollPH,352,304,00382CB6,0,1,1,4294967295,0,0
oInvCollPH,352,320,000DA05D,0,1,1,4294967295,0,0
oInvCollPH,352,336,00338BB2,0,1,1,4294967295,0,0
oInvCollPH,416,336,00178F4D,0,1,1,4294967295,0,0
oInvCollPH,416,320,0011ACBF,0,1,1,4294967295,0,0
oInvCollPH,416,304,0001A49F,0,1,1,4294967295,0,0
oInvCollPH,416,288,000DE392,0,1,1,4294967295,0,0
oInvCollPH,288,352,00259B28,0,1,1,4294967295,0,0
oInvCollPH,304,352,003A3935,0,1,1,4294967295,0,0
oInvCollPH,320,352,0006F236,0,1,1,4294967295,0,0
oInvCollPH,336,352,001D64A9,0,1,1,4294967295,0,0
oInvCollPH,272,368,0037BD7D,0,1,1,4294967295,0,0
oInvCollPH,272,384,00172430,0,1,1,4294967295,0,0
oInvCollPH,272,400,003AB02B,0,1,1,4294967295,0,0
oInvCollPH,288,400,002ECE04,0,1,1,4294967295,0,0
oInvCollPH,304,400,0015B899,0,1,1,4294967295,0,0
oInvCollPH,320,400,002E945A,0,1,1,4294967295,0,0
oInvCollPH,336,400,003C03C5,0,1,1,4294967295,0,0
oInvCollPH,352,400,00227ED4,0,1,1,4294967295,0,0
oInvCollPH,368,400,001FE03A,0,1,1,4294967295,0,0
oInvCollPH,384,400,00025292,0,1,1,4294967295,0,0
oInvCollPH,400,400,0034C3C9,0,1,1,4294967295,0,0
oInvCollPH,416,400,000EC47E,0,1,1,4294967295,0,0
oInvCollPH,416,384,00128B90,0,1,1,4294967295,0,0
oInvCollPH,416,368,00364ED9,0,1,1,4294967295,0,0
oInvCollPH,416,352,00092B28,0,1,1,4294967295,0,0
oInvCollPH,496,512,001EBCB1,0,1,1,4294967295,0,0
oInvCollPH,496,528,003E94B8,0,1,1,4294967295,0,0
oInvCollPH,512,528,002DA5F7,0,1,1,4294967295,0,0
oInvCollPH,528,528,003338AC,0,1,1,4294967295,0,0
oInvCollPH,544,528,0001CB2C,0,1,1,4294967295,0,0
oInvCollPH,416,480,00142B92,0,1,1,4294967295,0,0
oInvCollPH,432,480,00172973,0,1,1,4294967295,0,0
oInvCollPH,448,480,0030290B,0,1,1,4294967295,0,0
oInvCollPH,464,480,0004FA91,0,1,1,4294967295,0,0
oInvCollPH,480,480,0039ED84,0,1,1,4294967295,0,0
oInvCollPH,480,496,002049D7,0,1,1,4294967295,0,0
oInvCollPH,464,496,00012EF6,0,1,1,4294967295,0,0
oInvCollPH,448,496,00394093,0,1,1,4294967295,0,0
oInvCollPH,432,496,002A4F80,0,1,1,4294967295,0,0
oInvCollPH,416,496,0021180B,0,1,1,4294967295,0,0
oInvCollPH,400,496,0005235E,0,1,1,4294967295,0,0
oInvCollPH,560,528,00206847,0,1,1,4294967295,0,0
oInvCollPH,576,528,00343CBD,0,1,1,4294967295,0,0
oInvCollPH,592,528,0020C815,0,1,1,4294967295,0,0
oInvCollPH,608,528,00072345,0,1,1,4294967295,0,0
oInvCollPH,608,512,002910F3,0,1,1,4294967295,0,0
oInvCollPH,608,496,003962ED,0,1,1,4294967295,0,0
oInvCollPH,608,480,001FF430,0,1,1,4294967295,0,0
oInvCollPH,720,208,00301814,0,1,1,4294967295,0,0
oInvCollPH,720,480,000B414B,0,1,1,4294967295,0,0
oInvCollPH,720,496,0022B731,0,1,1,4294967295,0,0
oInvCollPH,720,512,0028BDC8,0,1,1,4294967295,0,0
oInvCollPH,720,528,0033734E,0,1,1,4294967295,0,0
oInvCollPH,720,544,000BF99F,0,1,1,4294967295,0,0
oInvCollPH,720,560,00334DCD,0,1,1,4294967295,0,0
oInvCollPH,720,576,001C60FC,0,1,1,4294967295,0,0
oInvCollPH,720,592,002C563F,0,1,1,4294967295,0,0
oInvCollPH,720,608,00394CA5,0,1,1,4294967295,0,0
oInvCollPH,720,624,003E1ECD,0,1,1,4294967295,0,0
oInvCollPH,592,368,001008A0,0,1,1,4294967295,0,0
oInvCollPH,608,368,001506F7,0,1,1,4294967295,0,0
oInvCollPH,624,368,00393073,0,1,1,4294967295,0,0
oInvCollPH,576,384,00086E5C,0,1,1,4294967295,0,0
oInvCollPH,576,400,00217C42,0,1,1,4294967295,0,0
oInvCollPH,576,416,00353EAA,0,1,1,4294967295,0,0
oInvCollPH,576,432,0029300F,0,1,1,4294967295,0,0
oInvCollPH,624,464,002FCA91,0,1,1,4294967295,0,0
oInvCollPH,640,464,0001B79D,0,1,1,4294967295,0,0
oInvCollPH,656,464,00180A32,0,1,1,4294967295,0,0
oInvCollPH,672,464,001BC879,0,1,1,4294967295,0,0
oInvCollPH,688,464,003AC1EA,0,1,1,4294967295,0,0
oInvCollPH,704,464,001BDBD6,0,1,1,4294967295,0,0
oInvCollPH,640,368,00275C0D,0,1,1,4294967295,0,0
oInvCollPH,656,368,00356C0A,0,1,1,4294967295,0,0
oInvCollPH,672,368,00372049,0,1,1,4294967295,0,0
oInvCollPH,288,480,001DB7BF,0,1,1,4294967295,0,0
oInvCollPH,304,480,0009101C,0,1,1,4294967295,0,0
oInvCollPH,320,480,00221B18,0,1,1,4294967295,0,0
oInvCollPH,336,480,0014351F,0,1,1,4294967295,0,0
oInvCollPH,352,480,003C2C9B,0,1,1,4294967295,0,0
oInvCollPH,368,480,001B7B0A,0,1,1,4294967295,0,0
oInvCollPH,384,480,00190885,0,1,1,4294967295,0,0
oInvCollPH,272,496,003C0D53,0,1,1,4294967295,0,0
oInvCollPH,272,512,0028D012,0,1,1,4294967295,0,0
oInvCollPH,272,528,0031F893,0,1,1,4294967295,0,0
oInvCollPH,272,544,002DA9A7,0,1,1,4294967295,0,0
oInvCollPH,272,560,00370DAE,0,1,1,4294967295,0,0
oInvCollPH,288,560,00089A49,0,1,1,4294967295,0,0
oInvCollPH,304,560,000D78FB,0,1,1,4294967295,0,0
oInvCollPH,320,560,0003844F,0,1,1,4294967295,0,0
oInvCollPH,336,560,003E62B3,0,1,1,4294967295,0,0
oInvCollPH,352,560,0002D2CA,0,1,1,4294967295,0,0
oInvCollPH,368,560,0016675C,0,1,1,4294967295,0,0
oInvCollPH,384,560,000900E2,0,1,1,4294967295,0,0
oInvCollPH,384,544,0026099C,0,1,1,4294967295,0,0
oInvCollPH,384,528,00151A7B,0,1,1,4294967295,0,0
oInvCollPH,384,512,002C7D6F,0,1,1,4294967295,0,0
oInvCollPH,48,416,0027B6F4,0,1,1,4294967295,0,0
oInvCollPH,64,416,00227BCD,0,1,1,4294967295,0,0
oInvCollPH,80,416,00278D11,0,1,1,4294967295,0,0
oInvCollPH,96,416,0031FA7A,0,1,1,4294967295,0,0
oInvCollPH,192,416,00356998,0,1,1,4294967295,0,0
oInvCollPH,192,432,002BBEA3,0,1,1,4294967295,0,0
oInvCollPH,192,448,002E195B,0,1,1,4294967295,0,0
oInvCollPH,192,464,00229CD5,0,1,1,4294967295,0,0
oInvCollPH,192,480,00216BE0,0,1,1,4294967295,0,0
oInvCollPH,112,416,00181B41,0,1,1,4294967295,0,0
oInvCollPH,128,416,00354831,0,1,1,4294967295,0,0
oInvCollPH,144,416,001C37FC,0,1,1,4294967295,0,0
oInvCollPH,160,416,002C0D22,0,1,1,4294967295,0,0
oInvCollPH,176,416,002718E9,0,1,1,4294967295,0,0
oInvCollPH,192,496,0023131D,0,1,1,4294967295,0,0
oInvCollPH,192,512,0033B757,0,1,1,4294967295,0,0
oInvCollPH,192,528,00078F35,0,1,1,4294967295,0,0
oInvCollPH,192,544,00217192,0,1,1,4294967295,0,0
oInvCollPH,192,560,002C8505,0,1,1,4294967295,0,0
oInvCollPH,176,560,001D75DB,0,1,1,4294967295,0,0
oInvCollPH,160,560,0026F350,0,1,1,4294967295,0,0
oInvCollPH,144,560,000B8CBE,0,1,1,4294967295,0,0
oInvCollPH,128,560,002B9C82,0,1,1,4294967295,0,0
oInvCollPH,112,560,0035AC19,0,1,1,4294967295,0,0
oInvCollPH,96,560,002F98D4,0,1,1,4294967295,0,0
oInvCollPH,80,560,002CFE7D,0,1,1,4294967295,0,0
oInvCollPH,64,560,0035B958,0,1,1,4294967295,0,0
oInvCollPH,48,560,001786DA,0,1,1,4294967295,0,0
oInvCollPH,32,560,000C6A61,0,1,1,4294967295,0,0
oInvCollPH,96,656,0003D85A,0,1,1,4294967295,0,0
oInvCollPH,96,672,00237D00,0,1,1,4294967295,0,0
oInvCollPH,96,688,0025343E,0,1,1,4294967295,0,0
oInvCollPH,112,640,00295025,0,1,1,4294967295,0,0
oInvCollPH,128,640,0018A58C,0,1,1,4294967295,0,0
oInvCollPH,144,640,00126B6E,0,1,1,4294967295,0,0
oInvCollPH,400,224,002168C1,0,1,1,4294967295,0,0
oInvCollPH,416,224,0007EDC1,0,1,1,4294967295,0,0
oInvCollPH,432,224,00354736,0,1,1,4294967295,0,0
oInvCollPH,448,224,0022B806,0,1,1,4294967295,0,0
oInvCollPH,384,240,004017BB,0,1,1,4294967295,0,0
oInvCollPH,384,256,003CA3AF,0,1,1,4294967295,0,0
oInvCollPH,384,272,00018E11,0,1,1,4294967295,0,0
oInvCollPH,528,224,0028ED9C,0,1,1,4294967295,0,0
oInvCollPH,544,224,00131ACB,0,1,1,4294967295,0,0
oInvCollPH,560,224,0027C22E,0,1,1,4294967295,0,0
oInvCollPH,576,224,002E16B0,0,1,1,4294967295,0,0
oInvCollPH,656,224,003A560A,0,1,1,4294967295,0,0
oInvCollPH,672,224,0033029E,0,1,1,4294967295,0,0
oInvCollPH,688,224,0016BC3F,0,1,1,4294967295,0,0
oInvCollPH,704,224,0017C65C,0,1,1,4294967295,0,0
oInvCollPH,432,272,0026FFC1,0,1,1,4294967295,0,0
oInvCollPH,448,272,000DABCE,0,1,1,4294967295,0,0
oInvCollPH,464,272,00341B47,0,1,1,4294967295,0,0
oInvCollPH,480,272,000C0125,0,1,1,4294967295,0,0
oInvCollPH,496,272,003F04D3,0,1,1,4294967295,0,0
oInvCollPH,512,272,002ADD71,0,1,1,4294967295,0,0
oInvCollPH,528,272,002D8DB9,0,1,1,4294967295,0,0
oInvCollPH,544,272,00139024,0,1,1,4294967295,0,0
oInvCollPH,560,272,000A57E7,0,1,1,4294967295,0,0
oInvCollPH,576,272,00343DF1,0,1,1,4294967295,0,0
oInvCollPH,592,272,000391B6,0,1,1,4294967295,0,0
oInvCollPH,608,272,000888F0,0,1,1,4294967295,0,0
oInvCollPH,624,272,0033F306,0,1,1,4294967295,0,0
oInvCollPH,640,272,002FE8E3,0,1,1,4294967295,0,0
oInvCollPH,656,272,00038164,0,1,1,4294967295,0,0
oInvCollPH,672,272,0005283C,0,1,1,4294967295,0,0
oInvCollPH,160,640,002B0DE4,0,1,1,4294967295,0,0
oInvCollPH,176,640,001F49B5,0,1,1,4294967295,0,0
oInvCollPH,192,640,003F5E0C,0,1,1,4294967295,0,0
oInvCollPH,208,640,00095BF0,0,1,1,4294967295,0,0
oInvCollPH,224,640,001EFF47,0,1,1,4294967295,0,0
oInvCollPH,240,640,000B807B,0,1,1,4294967295,0,0
oInvCollPH,256,640,0027107D,0,1,1,4294967295,0,0
oInvCollPH,272,640,00075032,0,1,1,4294967295,0,0
oInvCollPH,288,640,0038DAC9,0,1,1,4294967295,0,0
oInvCollPH,304,640,0015DB50,0,1,1,4294967295,0,0
oInvCollPH,320,640,00384DBE,0,1,1,4294967295,0,0
oInvCollPH,336,640,0015B66E,0,1,1,4294967295,0,0
oInvCollPH,352,640,0011219A,0,1,1,4294967295,0,0
oInvCollPH,368,640,00330092,0,1,1,4294967295,0,0
oInvCollPH,384,640,0001B27C,0,1,1,4294967295,0,0
oInvCollPH,400,640,00160040,0,1,1,4294967295,0,0
oInvCollPH,416,640,002E885F,0,1,1,4294967295,0,0
oInvCollPH,432,640,00084F47,0,1,1,4294967295,0,0
oInvCollPH,448,640,0014913B,0,1,1,4294967295,0,0
oInvCollPH,528,640,002F174D,0,1,1,4294967295,0,0
oInvCollPH,544,640,0022C756,0,1,1,4294967295,0,0
oInvCollPH,560,640,0033E3EA,0,1,1,4294967295,0,0
oInvCollPH,576,640,003FEC1D,0,1,1,4294967295,0,0
oInvCollPH,592,640,0009418D,0,1,1,4294967295,0,0
oInvCollPH,608,640,00383470,0,1,1,4294967295,0,0
oInvCollPH,624,640,0010C1B2,0,1,1,4294967295,0,0
oInvCollPH,640,640,000E442A,0,1,1,4294967295,0,0
oInvCollPH,656,640,000DD4D8,0,1,1,4294967295,0,0
oInvCollPH,672,640,0023D9F1,0,1,1,4294967295,0,0
oInvCollPH,688,640,002741F6,0,1,1,4294967295,0,0
oInvCollPH,704,640,0007936B,0,1,1,4294967295,0,0
oInvCollPH,32,48,0034C020,0,1,1,4294967295,0,0
oInvCollPH,48,48,000CF747,0,1,1,4294967295,0,0
oInvCollPH,64,48,0036AADE,0,1,1,4294967295,0,0
oInvCollPH,80,48,000653BA,0,1,1,4294967295,0,0
oInvCollPH,96,48,0002F8A9,0,1,1,4294967295,0,0
oInvCollPH,112,48,00008F71,0,1,1,4294967295,0,0
oInvCollPH,128,48,00271426,0,1,1,4294967295,0,0
oInvCollPH,144,48,00089AF7,0,1,1,4294967295,0,0
oInvCollPH,160,48,002947AD,0,1,1,4294967295,0,0
oInvCollPH,176,48,003EBA34,0,1,1,4294967295,0,0
oInvCollPH,192,48,0036806E,0,1,1,4294967295,0,0
oInvCollPH,208,48,002C9A21,0,1,1,4294967295,0,0
oInvCollPH,224,48,003C4E0A,0,1,1,4294967295,0,0
oInvCollPH,240,48,001A2D69,0,1,1,4294967295,0,0
oInvCollPH,320,48,0007C759,0,1,1,4294967295,0,0
oInvCollPH,336,48,001BCA5C,0,1,1,4294967295,0,0
oInvCollPH,352,48,001D358C,0,1,1,4294967295,0,0
oInvCollPH,368,48,003A5CBB,0,1,1,4294967295,0,0
oInvCollPH,384,48,000E320F,0,1,1,4294967295,0,0
oInvCollPH,400,48,002C98AF,0,1,1,4294967295,0,0
oInvCollPH,416,48,00121067,0,1,1,4294967295,0,0
oInvCollPH,432,48,00393117,0,1,1,4294967295,0,0
oInvCollPH,448,48,00368DDC,0,1,1,4294967295,0,0
oInvCollPH,464,48,00404749,0,1,1,4294967295,0,0
oInvCollPH,480,48,000D1B39,0,1,1,4294967295,0,0
oInvCollPH,496,48,001A3145,0,1,1,4294967295,0,0
oInvCollPH,512,48,000B72CC,0,1,1,4294967295,0,0
oInvCollPH,528,48,000101A8,0,1,1,4294967295,0,0
oInvCollPH,544,48,003980A1,0,1,1,4294967295,0,0
oInvCollPH,560,48,000D4C8B,0,1,1,4294967295,0,0
oInvCollPH,576,48,00272264,0,1,1,4294967295,0,0
oInvCollPH,592,48,0014F227,0,1,1,4294967295,0,0
oInvCollPH,608,48,000EB5BD,0,1,1,4294967295,0,0
oInvCollPH,624,48,001F3069,0,1,1,4294967295,0,0
oInvCollPH,640,48,001F4FEB,0,1,1,4294967295,0,0
oInvCollPH,656,48,001A78EA,0,1,1,4294967295,0,0
oInvCollPH,672,48,001BEE47,0,1,1,4294967295,0,0
oInvCollPH,688,48,003A91E3,0,1,1,4294967295,0,0
oInvCollPH,704,48,000CB3CB,0,1,1,4294967295,0,0
oInvCollPH,720,48,003573C5,0,1,1,4294967295,0,0
oInvCollPH,736,48,0003C458,0,1,1,4294967295,0,0
oInvCollPH,16,64,003325B6,0,1,1,4294967295,0,0
oInvCollPH,16,80,0022F030,0,1,1,4294967295,0,0
oInvCollPH,16,96,003C851E,0,1,1,4294967295,0,0
oInvCollPH,16,112,000D7ED1,0,1,1,4294967295,0,0
oInvCollPH,16,128,000797AD,0,1,1,4294967295,0,0
oInvCollPH,16,144,0026D75B,0,1,1,4294967295,0,0
oInvCollPH,16,160,0025D876,0,1,1,4294967295,0,0
oInvCollPH,16,176,002AE785,0,1,1,4294967295,0,0
oInvCollPH,16,192,0001B44E,0,1,1,4294967295,0,0
oInvCollPH,16,208,0034F16A,0,1,1,4294967295,0,0
oInvCollPH,16,224,003C5902,0,1,1,4294967295,0,0
oInvCollPH,16,240,0000F0F3,0,1,1,4294967295,0,0
oInvCollPH,16,256,0019D749,0,1,1,4294967295,0,0
oInvCollPH,16,272,000B45DC,0,1,1,4294967295,0,0
oInvCollPH,16,288,001CF9A7,0,1,1,4294967295,0,0
oInvCollPH,16,304,00202586,0,1,1,4294967295,0,0
oInvCollPH,16,320,000094D4,0,1,1,4294967295,0,0
oInvCollPH,16,336,003F2888,0,1,1,4294967295,0,0
oInvCollPH,16,352,003DE799,0,1,1,4294967295,0,0
oInvCollPH,16,368,0021C506,0,1,1,4294967295,0,0
oInvCollPH,16,384,0017319C,0,1,1,4294967295,0,0
oInvCollPH,16,400,0022359D,0,1,1,4294967295,0,0
oInvCollPH,16,576,003F056D,0,1,1,4294967295,0,0
oInvCollPH,16,592,0022654D,0,1,1,4294967295,0,0
oInvCollPH,16,608,003A7A35,0,1,1,4294967295,0,0
oInvCollPH,16,624,000D454E,0,1,1,4294967295,0,0
oInvCollPH,16,640,000940A9,0,1,1,4294967295,0,0
oInvCollPH,16,656,00020924,0,1,1,4294967295,0,0
oInvCollPH,16,672,00182F39,0,1,1,4294967295,0,0
oInvCollPH,16,688,0019CD9F,0,1,1,4294967295,0,0
oInvisibleSolid,96,640,0009CF36,0,1,1,4294967295,0,1
oInvisibleSolid,464,576,0036CCCB,0,1,1,4294967295,0,1
oInvisibleRupLowSlope,512,464,001A5D8F,0,1,1,4294967295,0,0
oInvisibleRupLowSlope,544,448,001B9A72,0,1,1,4294967295,0,0
oInvisibleSolid,720,192,0028C44E,0,1,1,4294967295,0,1
oInvisibleSolid,704,128,000DFA8C,0,1,1,4294967295,0,1
oInvisibleSolid,0,0,001103A1,0,1,1,4294967295,0,1
oInvisibleSolid,256,64,0004EC32,0,1,1,4294967295,0,1
oInvisibleSolid,464,176,0037F733,0,1,1,4294967295,0,1
oInvisibleSolid,592,144,0002BD6A,0,1,1,4294967295,0,1
oInvisibleSolid,128,128,0033A39A,0,1,1,4294967295,0,1
oInvisibleSolid,112,256,00350E73,0,1,1,4294967295,0,1
oInvisibleSolid,32,416,00368978,0,1,1,4294967295,0,1
oInvisibleSolid,0,64,003895B3,0,1,1,4294967295,0,1
oInvisibleSolid,272,480,0028F175,0,1,1,4294967295,0,1
oInvisibleSolid,272,352,002EB75C,0,1,1,4294967295,0,1
oInvisibleSolid,352,288,0023BFA7,0,1,1,4294967295,0,1
oInvisibleSolid,384,224,00060D31,0,1,1,4294967295,0,1
oInvisibleSolid,688,288,001C1B3F,0,1,1,4294967295,0,1
oInvisibleSolid,576,368,000A033F,0,1,1,4294967295,0,1
oInvisibleSolid,400,480,002D0F9D,0,1,1,4294967295,0,1
oInvisibleSolid,496,480,00084F02,0,1,1,4294967295,0,1
oInvisibleSolid,544,464,002E8D70,0,1,1,4294967295,0,1
