oChaosElevator,160,160,00126177,0,1,1,4294967295,0,1
oExit,64,128,0030D47F,0,1,1,4294967295,0,1
oExit,352,2288,000D8971,0,1,1,4294967295,0,1
oEventBarrier,192,2256,00148579,0,1,1,4294967295,0,1
oLinkBombUpgrade,128,2304,0025F3A6,0,1,1,4294967295,0,1
oNGCRmGen,400,512,000827C9,0,1,1,4294967295,0,1
oNGCRmGen,400,864,002AFBD8,0,1,1,4294967295,0,1
oNGCRmGen,368,1568,002D708F,0,1,1,4294967295,0,1
oNGCRmGen,368,1920,003D1F65,0,1,1,4294967295,0,1
oZakoSoldier,336,512,002E7727,0,1,1,4294967295,0,0
oZakoSoldier,320,864,0001ECCC,0,1,1,4294967295,0,0
oZakoSoldier,288,864,001F301A,0,1,1,4294967295,0,0
oZakoSoldier,304,1568,0001E735,0,1,1,4294967295,0,0
oZakoSoldier,304,1920,002C4557,0,1,1,4294967295,0,0
oZakoSoldier,384,1216,0039CB14,0,1,1,4294967295,0,0
oZakoSoldier,352,1216,0009DF5E,0,1,1,4294967295,0,0
oZakoSoldier,320,1216,0013A5D6,0,1,1,4294967295,0,0
oPlayer1,96,160,002AA404,0,1,1,4294967295,0,0
oBreakableMetroidWall,112,2304,002780A7,0,1,1,4294967295,0,1
oBreakableMetroidWall,96,2304,00142F14,0,1,1,4294967295,0,1
oInvCollPH,192,1776,001B9FA6,0,1,1,4294967295,0,0
oInvCollPH,192,1792,0036E18B,0,1,1,4294967295,0,0
oInvCollPH,192,1808,000DEBFD,0,1,1,4294967295,0,0
oInvCollPH,192,1824,003DE2AE,0,1,1,4294967295,0,0
oInvCollPH,192,1840,002C2A41,0,1,1,4294967295,0,0
oInvCollPH,208,1840,000691D7,0,1,1,4294967295,0,0
oInvCollPH,224,1840,003F68F4,0,1,1,4294967295,0,0
oInvCollPH,240,1840,003A3E9D,0,1,1,4294967295,0,0
oInvCollPH,256,1840,00219839,0,1,1,4294967295,0,0
oInvCollPH,272,1840,002545DC,0,1,1,4294967295,0,0
oInvCollPH,272,1824,0019FD0B,0,1,1,4294967295,0,0
oInvCollPH,272,1808,0033145B,0,1,1,4294967295,0,0
oInvCollPH,272,1792,000E122D,0,1,1,4294967295,0,0
oInvCollPH,272,1776,00276E22,0,1,1,4294967295,0,0
oInvCollPH,272,1760,0030779D,0,1,1,4294967295,0,0
oInvCollPH,272,2224,0023CFB2,0,1,1,4294967295,0,0
oInvCollPH,192,1488,00281550,0,1,1,4294967295,0,0
oInvCollPH,208,1488,000D8960,0,1,1,4294967295,0,0
oInvCollPH,224,1488,002B19A6,0,1,1,4294967295,0,0
oInvCollPH,240,1488,00067426,0,1,1,4294967295,0,0
oInvCollPH,256,1488,002BD505,0,1,1,4294967295,0,0
oInvCollPH,272,1488,0039FC4C,0,1,1,4294967295,0,0
oInvCollPH,272,1472,0025408F,0,1,1,4294967295,0,0
oInvCollPH,192,752,000A8D42,0,1,1,4294967295,0,0
oInvCollPH,192,768,0039B1F5,0,1,1,4294967295,0,0
oInvCollPH,192,784,003F3783,0,1,1,4294967295,0,0
oInvCollPH,208,784,000F9C9A,0,1,1,4294967295,0,0
oInvCollPH,224,784,00086386,0,1,1,4294967295,0,0
oInvCollPH,240,784,0035C002,0,1,1,4294967295,0,0
oInvCollPH,240,768,0027FECD,0,1,1,4294967295,0,0
oInvCollPH,240,752,003E17BC,0,1,1,4294967295,0,0
oInvCollPH,240,736,002F6CF9,0,1,1,4294967295,0,0
oInvCollPH,192,368,00023F4C,0,1,1,4294967295,0,0
oInvCollPH,192,384,00351F31,0,1,1,4294967295,0,0
oInvCollPH,192,400,0008F3CA,0,1,1,4294967295,0,0
oInvCollPH,192,416,0021B0BF,0,1,1,4294967295,0,0
oInvCollPH,192,432,000187ED,0,1,1,4294967295,0,0
oInvCollPH,208,432,00303EBF,0,1,1,4294967295,0,0
oInvCollPH,224,432,00183F21,0,1,1,4294967295,0,0
oInvCollPH,240,432,003F4A01,0,1,1,4294967295,0,0
oInvCollPH,256,432,000C077D,0,1,1,4294967295,0,0
oInvCollPH,272,432,00105379,0,1,1,4294967295,0,0
oInvCollPH,288,432,000F47FA,0,1,1,4294967295,0,0
oInvCollPH,304,432,0023573B,0,1,1,4294967295,0,0
oInvCollPH,304,416,001D4C62,0,1,1,4294967295,0,0
oInvCollPH,304,400,00323EA9,0,1,1,4294967295,0,0
oInvCollPH,304,384,0008610A,0,1,1,4294967295,0,0
oInvCollPH,304,368,000C936E,0,1,1,4294967295,0,0
oInvCollPH,304,352,00005826,0,1,1,4294967295,0,0
oInvCollPH,32,16,0005E336,0,1,1,4294967295,0,0
oInvCollPH,48,16,00045B52,0,1,1,4294967295,0,0
oInvCollPH,64,16,002D7549,0,1,1,4294967295,0,0
oInvCollPH,80,16,0022346E,0,1,1,4294967295,0,0
oInvCollPH,96,16,001EA4C1,0,1,1,4294967295,0,0
oInvCollPH,112,16,001F304E,0,1,1,4294967295,0,0
oInvCollPH,128,32,0015E00B,0,1,1,4294967295,0,0
oInvCollPH,128,48,0038E405,0,1,1,4294967295,0,0
oInvCollPH,128,64,0012D19D,0,1,1,4294967295,0,0
oInvCollPH,128,80,002C7FA7,0,1,1,4294967295,0,0
oInvCollPH,144,80,001CC6C0,0,1,1,4294967295,0,0
oInvCollPH,160,80,00020045,0,1,1,4294967295,0,0
oInvCollPH,176,80,00143AA0,0,1,1,4294967295,0,0
oInvCollPH,16,32,001F2E88,0,1,1,4294967295,0,0
oInvCollPH,16,48,003D6A89,0,1,1,4294967295,0,0
oInvCollPH,16,64,003BA323,0,1,1,4294967295,0,0
oInvCollPH,16,80,003275A2,0,1,1,4294967295,0,0
oInvCollPH,16,96,00310EBB,0,1,1,4294967295,0,0
oInvCollPH,16,112,003C1B60,0,1,1,4294967295,0,0
oInvCollPH,16,128,00237CA0,0,1,1,4294967295,0,0
oInvCollPH,16,144,001C2F84,0,1,1,4294967295,0,0
oInvCollPH,208,512,000CB2D9,0,1,1,4294967295,0,0
oInvCollPH,224,512,001E9505,0,1,1,4294967295,0,0
oInvCollPH,240,512,00318955,0,1,1,4294967295,0,0
oInvCollPH,256,512,001DAB36,0,1,1,4294967295,0,0
oInvCollPH,272,512,002F57FE,0,1,1,4294967295,0,0
oInvCollPH,288,512,0009B3BF,0,1,1,4294967295,0,0
oInvCollPH,304,512,00171D5B,0,1,1,4294967295,0,0
oInvCollPH,320,512,0001E4CB,0,1,1,4294967295,0,0
oInvCollPH,336,512,001ED5EC,0,1,1,4294967295,0,0
oInvCollPH,432,512,0014EDB4,0,1,1,4294967295,0,0
oInvCollPH,416,512,000EB1CF,0,1,1,4294967295,0,0
oInvCollPH,400,512,00378B37,0,1,1,4294967295,0,0
oInvCollPH,192,528,002A122F,0,1,1,4294967295,0,0
oInvCollPH,192,544,000D6587,0,1,1,4294967295,0,0
oInvCollPH,192,560,00272861,0,1,1,4294967295,0,0
oInvCollPH,192,576,002BAD39,0,1,1,4294967295,0,0
oInvCollPH,192,592,003CC945,0,1,1,4294967295,0,0
oInvCollPH,192,608,0000B8E8,0,1,1,4294967295,0,0
oInvCollPH,192,624,00047B23,0,1,1,4294967295,0,0
oInvCollPH,192,640,00234C52,0,1,1,4294967295,0,0
oInvCollPH,192,656,000E5C11,0,1,1,4294967295,0,0
oInvCollPH,384,512,00275FEB,0,1,1,4294967295,0,0
oInvCollPH,368,512,00018E94,0,1,1,4294967295,0,0
oInvCollPH,352,512,002F5728,0,1,1,4294967295,0,0
oInvCollPH,192,672,0011ACCA,0,1,1,4294967295,0,0
oInvCollPH,192,688,001747F3,0,1,1,4294967295,0,0
oInvCollPH,192,704,0008C8D7,0,1,1,4294967295,0,0
oInvCollPH,192,720,0039B34B,0,1,1,4294967295,0,0
oInvCollPH,256,720,00184E87,0,1,1,4294967295,0,0
oInvCollPH,272,720,0024C3C0,0,1,1,4294967295,0,0
oInvCollPH,288,720,000E7680,0,1,1,4294967295,0,0
oInvCollPH,304,720,002C810E,0,1,1,4294967295,0,0
oInvCollPH,320,720,001B7BB8,0,1,1,4294967295,0,0
oInvCollPH,336,720,0000275A,0,1,1,4294967295,0,0
oInvCollPH,352,720,0009D631,0,1,1,4294967295,0,0
oInvCollPH,368,720,001CFB1C,0,1,1,4294967295,0,0
oInvCollPH,384,720,002E9969,0,1,1,4294967295,0,0
oInvCollPH,400,720,0025384A,0,1,1,4294967295,0,0
oInvCollPH,416,720,00140C41,0,1,1,4294967295,0,0
oInvCollPH,432,720,000B49C8,0,1,1,4294967295,0,0
oInvCollPH,192,880,001DC712,0,1,1,4294967295,0,0
oInvCollPH,192,896,000CAD19,0,1,1,4294967295,0,0
oInvCollPH,192,912,0013AB14,0,1,1,4294967295,0,0
oInvCollPH,192,928,00062A63,0,1,1,4294967295,0,0
oInvCollPH,192,944,003234A3,0,1,1,4294967295,0,0
oInvCollPH,192,960,002A6401,0,1,1,4294967295,0,0
oInvCollPH,192,976,001C8515,0,1,1,4294967295,0,0
oInvCollPH,192,992,000DE428,0,1,1,4294967295,0,0
oInvCollPH,192,1008,000287A7,0,1,1,4294967295,0,0
oInvCollPH,192,1136,002F1E53,0,1,1,4294967295,0,0
oInvCollPH,192,1120,000CA931,0,1,1,4294967295,0,0
oInvCollPH,192,1104,00128509,0,1,1,4294967295,0,0
oInvCollPH,192,1088,003483A5,0,1,1,4294967295,0,0
oInvCollPH,192,1072,000A1AA4,0,1,1,4294967295,0,0
oInvCollPH,192,1056,000F6A08,0,1,1,4294967295,0,0
oInvCollPH,192,1040,00147504,0,1,1,4294967295,0,0
oInvCollPH,192,1024,000500AE,0,1,1,4294967295,0,0
oInvCollPH,208,864,000A85D2,0,1,1,4294967295,0,0
oInvCollPH,224,864,0022B82B,0,1,1,4294967295,0,0
oInvCollPH,240,864,003C9C13,0,1,1,4294967295,0,0
oInvCollPH,256,864,002F5F81,0,1,1,4294967295,0,0
oInvCollPH,272,864,002FCA19,0,1,1,4294967295,0,0
oInvCollPH,288,864,0038A683,0,1,1,4294967295,0,0
oInvCollPH,304,864,003E8D26,0,1,1,4294967295,0,0
oInvCollPH,320,864,000491BB,0,1,1,4294967295,0,0
oInvCollPH,336,864,0008CD8B,0,1,1,4294967295,0,0
oInvCollPH,352,864,00203F74,0,1,1,4294967295,0,0
oInvCollPH,368,864,002211E7,0,1,1,4294967295,0,0
oInvCollPH,384,864,000557D9,0,1,1,4294967295,0,0
oInvCollPH,400,864,00061E2F,0,1,1,4294967295,0,0
oInvCollPH,416,864,0025B689,0,1,1,4294967295,0,0
oInvCollPH,432,864,001C7A96,0,1,1,4294967295,0,0
oInvCollPH,208,1136,000B9B59,0,1,1,4294967295,0,0
oInvCollPH,224,1136,002D824B,0,1,1,4294967295,0,0
oInvCollPH,240,1136,00267049,0,1,1,4294967295,0,0
oInvCollPH,256,1136,0035836E,0,1,1,4294967295,0,0
oInvCollPH,272,1136,0031E7DC,0,1,1,4294967295,0,0
oInvCollPH,288,1136,00366B16,0,1,1,4294967295,0,0
oInvCollPH,304,1136,002B4D48,0,1,1,4294967295,0,0
oInvCollPH,320,1136,0003239A,0,1,1,4294967295,0,0
oInvCollPH,336,1136,00214076,0,1,1,4294967295,0,0
oInvCollPH,352,1136,00258E54,0,1,1,4294967295,0,0
oInvCollPH,368,1136,00191211,0,1,1,4294967295,0,0
oInvCollPH,384,1136,00156FFD,0,1,1,4294967295,0,0
oInvCollPH,400,1136,003EECC3,0,1,1,4294967295,0,0
oInvCollPH,448,368,00114F1D,0,1,1,4294967295,0,0
oInvCollPH,448,384,001AA942,0,1,1,4294967295,0,0
oInvCollPH,448,400,00120E37,0,1,1,4294967295,0,0
oInvCollPH,448,416,003A37B8,0,1,1,4294967295,0,0
oInvCollPH,448,432,0030842D,0,1,1,4294967295,0,0
oInvCollPH,448,448,0009677A,0,1,1,4294967295,0,0
oInvCollPH,448,464,002C419D,0,1,1,4294967295,0,0
oInvCollPH,448,480,00360C44,0,1,1,4294967295,0,0
oInvCollPH,448,496,001C4557,0,1,1,4294967295,0,0
oInvCollPH,448,736,00261DFF,0,1,1,4294967295,0,0
oInvCollPH,448,752,002DB6AA,0,1,1,4294967295,0,0
oInvCollPH,448,768,0023FBDD,0,1,1,4294967295,0,0
oInvCollPH,448,784,0034EE6E,0,1,1,4294967295,0,0
oInvCollPH,448,800,0009CDB5,0,1,1,4294967295,0,0
oInvCollPH,448,816,00296718,0,1,1,4294967295,0,0
oInvCollPH,448,832,002300F3,0,1,1,4294967295,0,0
oInvCollPH,448,848,002456BC,0,1,1,4294967295,0,0
oInvCollPH,320,336,0002A768,0,1,1,4294967295,0,0
oInvCollPH,336,336,001B9A1C,0,1,1,4294967295,0,0
oInvCollPH,352,336,0019B4DC,0,1,1,4294967295,0,0
oInvCollPH,368,336,00263B6A,0,1,1,4294967295,0,0
oInvCollPH,384,336,001FBC89,0,1,1,4294967295,0,0
oInvCollPH,400,336,003B9C92,0,1,1,4294967295,0,0
oInvCollPH,416,336,0027C2D4,0,1,1,4294967295,0,0
oInvCollPH,432,336,0005347E,0,1,1,4294967295,0,0
oInvCollPH,192,96,0028CC4E,0,1,1,4294967295,0,0
oInvCollPH,192,112,003A5805,0,1,1,4294967295,0,0
oInvCollPH,192,128,0021BF2B,0,1,1,4294967295,0,0
oInvCollPH,192,144,0032035F,0,1,1,4294967295,0,0
oInvCollPH,192,160,002951C8,0,1,1,4294967295,0,0
oInvCollPH,192,176,00036907,0,1,1,4294967295,0,0
oInvCollPH,192,192,000EEE87,0,1,1,4294967295,0,0
oInvCollPH,192,208,001FE5C9,0,1,1,4294967295,0,0
oInvCollPH,192,224,0022F05D,0,1,1,4294967295,0,0
oInvCollPH,192,240,000740DD,0,1,1,4294967295,0,0
oInvCollPH,192,256,00163BA8,0,1,1,4294967295,0,0
oInvCollPH,192,272,0013D16C,0,1,1,4294967295,0,0
oInvCollPH,192,288,002BA87B,0,1,1,4294967295,0,0
oInvCollPH,192,304,001C4490,0,1,1,4294967295,0,0
oInvCollPH,192,320,0025AFB1,0,1,1,4294967295,0,0
oInvCollPH,192,336,00168DE8,0,1,1,4294967295,0,0
oInvCollPH,208,1216,00306239,0,1,1,4294967295,0,0
oInvCollPH,224,1216,0015300D,0,1,1,4294967295,0,0
oInvCollPH,240,1216,0032C867,0,1,1,4294967295,0,0
oInvCollPH,256,1216,0016F6DD,0,1,1,4294967295,0,0
oInvCollPH,272,1216,002CF294,0,1,1,4294967295,0,0
oInvCollPH,288,1216,0005A999,0,1,1,4294967295,0,0
oInvCollPH,304,1216,001B5227,0,1,1,4294967295,0,0
oInvCollPH,320,1216,00143B72,0,1,1,4294967295,0,0
oInvCollPH,336,1216,000FCC73,0,1,1,4294967295,0,0
oInvCollPH,192,1232,00369942,0,1,1,4294967295,0,0
oInvCollPH,192,1248,0022D1CC,0,1,1,4294967295,0,0
oInvCollPH,192,1264,00123EEF,0,1,1,4294967295,0,0
oInvCollPH,192,1280,000C8BD2,0,1,1,4294967295,0,0
oInvCollPH,192,1296,003FA2BB,0,1,1,4294967295,0,0
oInvCollPH,192,1312,002573D4,0,1,1,4294967295,0,0
oInvCollPH,192,1328,0001E2B5,0,1,1,4294967295,0,0
oInvCollPH,192,1344,00387FAD,0,1,1,4294967295,0,0
oInvCollPH,192,1360,001D4242,0,1,1,4294967295,0,0
oInvCollPH,352,1216,001DCEF9,0,1,1,4294967295,0,0
oInvCollPH,368,1216,00351DFE,0,1,1,4294967295,0,0
oInvCollPH,384,1216,003A0B1F,0,1,1,4294967295,0,0
oInvCollPH,400,1216,000B49C2,0,1,1,4294967295,0,0
oInvCollPH,192,1376,000604C3,0,1,1,4294967295,0,0
oInvCollPH,192,1392,000FD711,0,1,1,4294967295,0,0
oInvCollPH,192,1408,0000FDF6,0,1,1,4294967295,0,0
oInvCollPH,192,1424,00060A67,0,1,1,4294967295,0,0
oInvCollPH,192,1440,003CC52E,0,1,1,4294967295,0,0
oInvCollPH,192,1456,000D02FD,0,1,1,4294967295,0,0
oInvCollPH,288,1456,001142FB,0,1,1,4294967295,0,0
oInvCollPH,304,1456,002A86E4,0,1,1,4294967295,0,0
oInvCollPH,320,1456,003EC581,0,1,1,4294967295,0,0
oInvCollPH,336,1456,002F5748,0,1,1,4294967295,0,0
oInvCollPH,352,1456,00399BBE,0,1,1,4294967295,0,0
oInvCollPH,368,1456,003AC07B,0,1,1,4294967295,0,0
oInvCollPH,384,1456,001C9435,0,1,1,4294967295,0,0
oInvCollPH,400,1456,00125BF3,0,1,1,4294967295,0,0
oInvCollPH,192,1584,00253DFA,0,1,1,4294967295,0,0
oInvCollPH,192,1600,001F2E65,0,1,1,4294967295,0,0
oInvCollPH,192,1616,001AB104,0,1,1,4294967295,0,0
oInvCollPH,192,1632,001A4D69,0,1,1,4294967295,0,0
oInvCollPH,192,1648,0001572C,0,1,1,4294967295,0,0
oInvCollPH,192,1664,000ADD16,0,1,1,4294967295,0,0
oInvCollPH,192,1680,00009A8A,0,1,1,4294967295,0,0
oInvCollPH,192,1696,000DABB7,0,1,1,4294967295,0,0
oInvCollPH,192,1712,00001C3E,0,1,1,4294967295,0,0
oInvCollPH,192,1728,00392B5D,0,1,1,4294967295,0,0
oInvCollPH,192,1744,002C245F,0,1,1,4294967295,0,0
oInvCollPH,208,1568,003D33A7,0,1,1,4294967295,0,0
oInvCollPH,224,1568,0015E9F0,0,1,1,4294967295,0,0
oInvCollPH,240,1568,000BE571,0,1,1,4294967295,0,0
oInvCollPH,256,1568,0007325D,0,1,1,4294967295,0,0
oInvCollPH,272,1568,002394DA,0,1,1,4294967295,0,0
oInvCollPH,288,1568,001BA632,0,1,1,4294967295,0,0
oInvCollPH,304,1568,0024C363,0,1,1,4294967295,0,0
oInvCollPH,320,1568,00020CF3,0,1,1,4294967295,0,0
oInvCollPH,336,1568,0011151A,0,1,1,4294967295,0,0
oInvCollPH,352,1568,00190FFB,0,1,1,4294967295,0,0
oInvCollPH,368,1568,00331C19,0,1,1,4294967295,0,0
oInvCollPH,384,1568,0002CF71,0,1,1,4294967295,0,0
oInvCollPH,400,1568,00099E7A,0,1,1,4294967295,0,0
oInvCollPH,288,1744,003FF342,0,1,1,4294967295,0,0
oInvCollPH,304,1744,00038BB3,0,1,1,4294967295,0,0
oInvCollPH,320,1744,0003B940,0,1,1,4294967295,0,0
oInvCollPH,336,1744,001EE9E8,0,1,1,4294967295,0,0
oInvCollPH,352,1744,001A0205,0,1,1,4294967295,0,0
oInvCollPH,368,1744,00086FE5,0,1,1,4294967295,0,0
oInvCollPH,384,1744,0038849F,0,1,1,4294967295,0,0
oInvCollPH,400,1744,0013F222,0,1,1,4294967295,0,0
oInvCollPH,144,2320,0030BB92,0,1,1,4294967295,0,0
oInvCollPH,160,2320,00399960,0,1,1,4294967295,0,0
oInvCollPH,176,2320,0020AF5D,0,1,1,4294967295,0,0
oInvCollPH,192,2320,0025383C,0,1,1,4294967295,0,0
oInvCollPH,208,2320,000CBACA,0,1,1,4294967295,0,0
oInvCollPH,224,2320,003FE318,0,1,1,4294967295,0,0
oInvCollPH,240,2320,0024E6E6,0,1,1,4294967295,0,0
oInvCollPH,256,2320,000DC6BB,0,1,1,4294967295,0,0
oInvCollPH,272,2320,00023EB7,0,1,1,4294967295,0,0
oInvCollPH,400,2320,00067744,0,1,1,4294967295,0,0
oInvCollPH,384,2320,0034AC12,0,1,1,4294967295,0,0
oInvCollPH,368,2320,00205619,0,1,1,4294967295,0,0
oInvCollPH,352,2320,001382FF,0,1,1,4294967295,0,0
oInvCollPH,336,2320,000919AD,0,1,1,4294967295,0,0
oInvCollPH,320,2320,00186DBA,0,1,1,4294967295,0,0
oInvCollPH,304,2320,001AB895,0,1,1,4294967295,0,0
oInvCollPH,288,2320,00047CE1,0,1,1,4294967295,0,0
oInvCollPH,192,1936,0011024D,0,1,1,4294967295,0,0
oInvCollPH,192,1952,0035B274,0,1,1,4294967295,0,0
oInvCollPH,192,1968,003391F7,0,1,1,4294967295,0,0
oInvCollPH,192,1984,00277EEA,0,1,1,4294967295,0,0
oInvCollPH,192,2000,00114DD3,0,1,1,4294967295,0,0
oInvCollPH,192,2016,0028A50D,0,1,1,4294967295,0,0
oInvCollPH,192,2032,000D3D96,0,1,1,4294967295,0,0
oInvCollPH,192,2048,0034ECDF,0,1,1,4294967295,0,0
oInvCollPH,192,2064,002D084A,0,1,1,4294967295,0,0
oInvCollPH,192,2208,000952FC,0,1,1,4294967295,0,0
oInvCollPH,192,2192,001C7BFA,0,1,1,4294967295,0,0
oInvCollPH,192,2176,001EC7EC,0,1,1,4294967295,0,0
oInvCollPH,192,2160,001E3E84,0,1,1,4294967295,0,0
oInvCollPH,192,2144,000B3A9D,0,1,1,4294967295,0,0
oInvCollPH,192,2080,00052114,0,1,1,4294967295,0,0
oInvCollPH,192,2096,000326E7,0,1,1,4294967295,0,0
oInvCollPH,192,2112,003ED20A,0,1,1,4294967295,0,0
oInvCollPH,192,2128,002657FE,0,1,1,4294967295,0,0
oInvCollPH,208,1920,002B16F6,0,1,1,4294967295,0,0
oInvCollPH,224,1920,0027C8C7,0,1,1,4294967295,0,0
oInvCollPH,240,1920,003DDA8C,0,1,1,4294967295,0,0
oInvCollPH,256,1920,001CCBB3,0,1,1,4294967295,0,0
oInvCollPH,272,1920,0033D094,0,1,1,4294967295,0,0
oInvCollPH,288,1920,003AD605,0,1,1,4294967295,0,0
oInvCollPH,304,1920,002A77A3,0,1,1,4294967295,0,0
oInvCollPH,320,1920,002A8E46,0,1,1,4294967295,0,0
oInvCollPH,336,1920,002C0461,0,1,1,4294967295,0,0
oInvCollPH,352,1920,0015F930,0,1,1,4294967295,0,0
oInvCollPH,368,1920,003ACC3B,0,1,1,4294967295,0,0
oInvCollPH,384,1920,00148A89,0,1,1,4294967295,0,0
oInvCollPH,400,1920,002AA6AE,0,1,1,4294967295,0,0
oInvCollPH,288,2208,00224C4F,0,1,1,4294967295,0,0
oInvCollPH,304,2208,0008CEA0,0,1,1,4294967295,0,0
oInvCollPH,320,2208,0037C4E9,0,1,1,4294967295,0,0
oInvCollPH,336,2208,0024F65C,0,1,1,4294967295,0,0
oInvCollPH,352,2208,0004A6D6,0,1,1,4294967295,0,0
oInvCollPH,368,2208,000325B2,0,1,1,4294967295,0,0
oInvCollPH,384,2208,0004D017,0,1,1,4294967295,0,0
oInvCollPH,400,2208,0028F46A,0,1,1,4294967295,0,0
oInvCollPH,416,1168,001D0DD0,0,1,1,4294967295,0,0
oInvCollPH,416,1184,003FEEF9,0,1,1,4294967295,0,0
oInvCollPH,416,1200,00144C20,0,1,1,4294967295,0,0
oInvCollPH,416,1472,0005E3B5,0,1,1,4294967295,0,0
oInvCollPH,416,1488,0011376D,0,1,1,4294967295,0,0
oInvCollPH,416,1504,0020943E,0,1,1,4294967295,0,0
oInvCollPH,416,1520,0006EF3C,0,1,1,4294967295,0,0
oInvCollPH,416,1536,001E958B,0,1,1,4294967295,0,0
oInvCollPH,416,1552,000293C1,0,1,1,4294967295,0,0
oInvCollPH,416,1760,0012C5FA,0,1,1,4294967295,0,0
oInvCollPH,416,1776,003F8D57,0,1,1,4294967295,0,0
oInvCollPH,416,1792,0015143A,0,1,1,4294967295,0,0
oInvCollPH,416,1808,003AD95B,0,1,1,4294967295,0,0
oInvCollPH,416,1824,00276951,0,1,1,4294967295,0,0
oInvCollPH,416,1840,002AB640,0,1,1,4294967295,0,0
oInvCollPH,416,1856,00343471,0,1,1,4294967295,0,0
oInvCollPH,416,1872,002857E6,0,1,1,4294967295,0,0
oInvCollPH,416,1888,001D0C07,0,1,1,4294967295,0,0
oInvCollPH,416,1904,00177FFB,0,1,1,4294967295,0,0
oInvCollPH,416,2224,001BFC32,0,1,1,4294967295,0,0
oInvCollPH,416,2240,000F3CA3,0,1,1,4294967295,0,0
oInvCollPH,416,2256,001FA134,0,1,1,4294967295,0,0
oInvCollPH,416,2272,0024B9D2,0,1,1,4294967295,0,0
oInvCollPH,416,2288,001C40B9,0,1,1,4294967295,0,0
oInvCollPH,416,2304,00063B97,0,1,1,4294967295,0,0
oInvCollPH,32,160,00031594,0,1,1,4294967295,0,0
oInvCollPH,48,160,00320F5B,0,1,1,4294967295,0,0
oInvCollPH,64,160,00363C71,0,1,1,4294967295,0,0
oInvCollPH,80,160,0008BB31,0,1,1,4294967295,0,0
oInvCollPH,96,160,000FB349,0,1,1,4294967295,0,0
oInvCollPH,112,160,00158B7C,0,1,1,4294967295,0,0
oInvCollPH,112,176,001517CC,0,1,1,4294967295,0,0
oInvCollPH,112,192,000D3925,0,1,1,4294967295,0,0
oInvCollPH,112,208,0020E7F9,0,1,1,4294967295,0,0
oInvCollPH,112,224,002A5224,0,1,1,4294967295,0,0
oInvCollPH,112,240,0035C194,0,1,1,4294967295,0,0
oInvCollPH,112,256,0002F00F,0,1,1,4294967295,0,0
oInvCollPH,112,272,0019E220,0,1,1,4294967295,0,0
oInvCollPH,112,288,002291A5,0,1,1,4294967295,0,0
oInvCollPH,112,304,000E2553,0,1,1,4294967295,0,0
oInvCollPH,112,320,000C3DE8,0,1,1,4294967295,0,0
oInvCollPH,112,336,002DFD33,0,1,1,4294967295,0,0
oInvCollPH,112,352,00164BB1,0,1,1,4294967295,0,0
oInvCollPH,112,368,003FA59C,0,1,1,4294967295,0,0
oInvCollPH,112,384,0028A34B,0,1,1,4294967295,0,0
oInvCollPH,112,400,002A5D1D,0,1,1,4294967295,0,0
oInvCollPH,112,416,00055577,0,1,1,4294967295,0,0
oInvCollPH,112,432,002F02FC,0,1,1,4294967295,0,0
oInvCollPH,112,448,00114301,0,1,1,4294967295,0,0
oInvCollPH,112,464,003C5B14,0,1,1,4294967295,0,0
oInvCollPH,112,480,00003E33,0,1,1,4294967295,0,0
oInvCollPH,112,496,0005FDE7,0,1,1,4294967295,0,0
oInvCollPH,112,512,00281ADB,0,1,1,4294967295,0,0
oInvCollPH,112,528,000ECF64,0,1,1,4294967295,0,0
oInvCollPH,112,544,003D6219,0,1,1,4294967295,0,0
oInvCollPH,112,560,003B54CF,0,1,1,4294967295,0,0
oInvCollPH,112,576,000AA364,0,1,1,4294967295,0,0
oInvCollPH,112,592,0000E056,0,1,1,4294967295,0,0
oInvCollPH,112,608,0034017E,0,1,1,4294967295,0,0
oInvCollPH,112,624,002C6A8D,0,1,1,4294967295,0,0
oInvCollPH,112,640,002216F8,0,1,1,4294967295,0,0
oInvCollPH,112,656,0029FD08,0,1,1,4294967295,0,0
oInvCollPH,112,672,000252FB,0,1,1,4294967295,0,0
oInvCollPH,112,688,002F236D,0,1,1,4294967295,0,0
oInvCollPH,112,704,000522AE,0,1,1,4294967295,0,0
oInvCollPH,112,720,0006FBFE,0,1,1,4294967295,0,0
oInvCollPH,112,736,003CB3FE,0,1,1,4294967295,0,0
oInvCollPH,112,752,00396803,0,1,1,4294967295,0,0
oInvCollPH,112,768,0012BF91,0,1,1,4294967295,0,0
oInvCollPH,112,784,0035546E,0,1,1,4294967295,0,0
oInvCollPH,112,800,003635B1,0,1,1,4294967295,0,0
oInvCollPH,112,816,0031D21C,0,1,1,4294967295,0,0
oInvCollPH,112,832,000E44A8,0,1,1,4294967295,0,0
oInvCollPH,112,848,003FA547,0,1,1,4294967295,0,0
oInvCollPH,112,864,003AA360,0,1,1,4294967295,0,0
oInvCollPH,112,880,0021B610,0,1,1,4294967295,0,0
oInvCollPH,112,896,0026F4AA,0,1,1,4294967295,0,0
oInvCollPH,112,912,001B6936,0,1,1,4294967295,0,0
oInvCollPH,112,928,00190DFF,0,1,1,4294967295,0,0
oInvCollPH,112,944,0030C302,0,1,1,4294967295,0,0
oInvCollPH,112,960,0035FD36,0,1,1,4294967295,0,0
oInvCollPH,112,976,00044D46,0,1,1,4294967295,0,0
oInvCollPH,112,992,002E8DC2,0,1,1,4294967295,0,0
oInvCollPH,112,1008,003E8653,0,1,1,4294967295,0,0
oInvCollPH,112,1024,0001D825,0,1,1,4294967295,0,0
oInvCollPH,112,1040,0029A688,0,1,1,4294967295,0,0
oInvCollPH,112,1056,0002D9E7,0,1,1,4294967295,0,0
oInvCollPH,112,1072,00332459,0,1,1,4294967295,0,0
oInvCollPH,112,1088,003FC645,0,1,1,4294967295,0,0
oInvCollPH,112,1104,0019732D,0,1,1,4294967295,0,0
oInvCollPH,112,1120,0037F5D0,0,1,1,4294967295,0,0
oInvCollPH,112,1136,002187A9,0,1,1,4294967295,0,0
oInvCollPH,112,1152,001A8137,0,1,1,4294967295,0,0
oInvCollPH,112,1168,0021BBA4,0,1,1,4294967295,0,0
oInvCollPH,112,1184,000291C3,0,1,1,4294967295,0,0
oInvCollPH,112,1200,003B52AE,0,1,1,4294967295,0,0
oInvCollPH,112,1216,003592A9,0,1,1,4294967295,0,0
oInvCollPH,112,1232,003B4452,0,1,1,4294967295,0,0
oInvCollPH,112,1248,0024E0A6,0,1,1,4294967295,0,0
oInvCollPH,112,1264,0031BD2A,0,1,1,4294967295,0,0
oInvCollPH,112,1280,000E32DB,0,1,1,4294967295,0,0
oInvCollPH,112,1296,0028A745,0,1,1,4294967295,0,0
oInvCollPH,112,1312,00224C2B,0,1,1,4294967295,0,0
oInvCollPH,112,1328,0014AC07,0,1,1,4294967295,0,0
oInvCollPH,112,1344,001035FA,0,1,1,4294967295,0,0
oInvCollPH,112,1360,00403C5F,0,1,1,4294967295,0,0
oInvCollPH,112,1376,000A97D9,0,1,1,4294967295,0,0
oInvCollPH,112,1392,000C118F,0,1,1,4294967295,0,0
oInvCollPH,112,1408,0030E8D1,0,1,1,4294967295,0,0
oInvCollPH,112,1424,0024C348,0,1,1,4294967295,0,0
oInvCollPH,112,1440,00380AA2,0,1,1,4294967295,0,0
oInvCollPH,112,1456,001BE984,0,1,1,4294967295,0,0
oInvCollPH,112,1472,00005F1A,0,1,1,4294967295,0,0
oInvCollPH,112,1488,0008F346,0,1,1,4294967295,0,0
oInvCollPH,112,1504,0034F6DA,0,1,1,4294967295,0,0
oInvCollPH,112,1520,00321792,0,1,1,4294967295,0,0
oInvCollPH,112,1536,002C2DC6,0,1,1,4294967295,0,0
oInvCollPH,112,1552,0020124E,0,1,1,4294967295,0,0
oInvCollPH,112,1568,000F47EC,0,1,1,4294967295,0,0
oInvCollPH,112,1584,000CA99B,0,1,1,4294967295,0,0
oInvCollPH,112,1600,0038BC28,0,1,1,4294967295,0,0
oInvCollPH,112,1616,0034C6B9,0,1,1,4294967295,0,0
oInvCollPH,112,1632,0028AFFF,0,1,1,4294967295,0,0
oInvCollPH,112,1648,0018BF52,0,1,1,4294967295,0,0
oInvCollPH,112,1664,0014B0E3,0,1,1,4294967295,0,0
oInvCollPH,112,1680,002E027B,0,1,1,4294967295,0,0
oInvCollPH,112,1696,00272C33,0,1,1,4294967295,0,0
oInvCollPH,112,1712,0035A7D1,0,1,1,4294967295,0,0
oInvCollPH,112,1728,002B8199,0,1,1,4294967295,0,0
oInvCollPH,112,1744,00177393,0,1,1,4294967295,0,0
oInvCollPH,112,1760,003C74CE,0,1,1,4294967295,0,0
oInvCollPH,112,1776,001F6765,0,1,1,4294967295,0,0
oInvCollPH,112,1792,00326780,0,1,1,4294967295,0,0
oInvCollPH,112,1808,00020AA5,0,1,1,4294967295,0,0
oInvCollPH,112,1824,000E083D,0,1,1,4294967295,0,0
oInvCollPH,112,1840,003EB0C7,0,1,1,4294967295,0,0
oInvCollPH,112,1856,0037BE1A,0,1,1,4294967295,0,0
oInvCollPH,112,1872,000290C6,0,1,1,4294967295,0,0
oInvCollPH,112,1888,00272A8F,0,1,1,4294967295,0,0
oInvCollPH,112,1904,003C1205,0,1,1,4294967295,0,0
oInvCollPH,112,1920,003D0078,0,1,1,4294967295,0,0
oInvCollPH,112,1936,000CE127,0,1,1,4294967295,0,0
oInvCollPH,112,1952,00326F4A,0,1,1,4294967295,0,0
oInvCollPH,112,1968,0030AD1D,0,1,1,4294967295,0,0
oInvCollPH,112,1984,000CCCA5,0,1,1,4294967295,0,0
oInvCollPH,112,2000,000A3E7C,0,1,1,4294967295,0,0
oInvCollPH,112,2016,00104BA0,0,1,1,4294967295,0,0
oInvCollPH,112,2032,00086178,0,1,1,4294967295,0,0
oInvCollPH,112,2048,00206321,0,1,1,4294967295,0,0
oInvCollPH,112,2064,001702C8,0,1,1,4294967295,0,0
oInvCollPH,112,2080,00013767,0,1,1,4294967295,0,0
oInvCollPH,112,2096,0033D865,0,1,1,4294967295,0,0
oInvCollPH,112,2112,0004497A,0,1,1,4294967295,0,0
oInvCollPH,112,2128,0031277C,0,1,1,4294967295,0,0
oInvCollPH,112,2144,00330F9D,0,1,1,4294967295,0,0
oInvCollPH,112,2160,0002FD2B,0,1,1,4294967295,0,0
oInvCollPH,112,2176,00205DCE,0,1,1,4294967295,0,0
oInvCollPH,112,2192,00202129,0,1,1,4294967295,0,0
oInvCollPH,112,2208,003C2BCD,0,1,1,4294967295,0,0
oInvCollPH,112,2224,00089D7E,0,1,1,4294967295,0,0
oInvCollPH,112,2240,000B3815,0,1,1,4294967295,0,0
oInvCollPH,112,2256,002E0807,0,1,1,4294967295,0,0
oInvCollPH,112,2272,00331CC3,0,1,1,4294967295,0,0
oInvCollSM,208,2240,002B7ADE,0,1,1,4294967295,0,0
oInvCollSM,224,2240,003AB962,0,1,1,4294967295,0,0
oInvCollSM,240,2240,002091EC,0,1,1,4294967295,0,0
oInvCollSM,256,2240,00019A91,0,1,1,4294967295,0,0
oInvCollSM,272,2240,000D6CE0,0,1,1,4294967295,0,0
oInvCollPH,16,2320,001F609E,0,1,1,4294967295,0,0
oInvCollPH,32,2320,003AF087,0,1,1,4294967295,0,0
oInvCollPH,48,2320,0029336F,0,1,1,4294967295,0,0
oInvCollPH,64,2320,00205329,0,1,1,4294967295,0,0
oInvCollPH,80,2320,003EC203,0,1,1,4294967295,0,0
oInvCollPH,96,2320,000C2E2B,0,1,1,4294967295,0,0
oInvCollPH,112,2320,0037CDA8,0,1,1,4294967295,0,0
oInvCollPH,128,2320,001F88E2,0,1,1,4294967295,0,0
oInvCollPH,80,2304,003510D8,0,1,1,4294967295,0,0
oInvCollSM,112,2288,000FCD77,0,1,1,4294967295,0,0
oInvisibleSolid,192,352,001F31BC,0,1,1,4294967295,0,1
oInvisibleSolid,448,352,002B57D6,0,1,1,4294967295,0,1
oInvisibleSolid,128,0,0015BBAC,0,1,1,4294967295,0,1
oInvisibleSolid,0,0,00135E9A,0,1,1,4294967295,0,1
oInvisibleSolid,0,32,0035E655,0,1,1,4294967295,0,1
oInvisibleSolid,0,160,003896A5,0,1,1,4294967295,0,1
oInvisibleSolid,192,0,0006561F,0,1,1,4294967295,0,1
oInvisibleSolid,192,512,003CC400,0,1,1,4294967295,0,1
oInvisibleSolid,192,736,00174A74,0,1,1,4294967295,0,1
oInvisibleSolid,192,864,001FB5EE,0,1,1,4294967295,0,1
oInvisibleSolid,416,1152,00173DAF,0,1,1,4294967295,0,1
oInvisibleSolid,192,1216,0016E92A,0,1,1,4294967295,0,1
oInvisibleSolid,192,1472,0032745B,0,1,1,4294967295,0,1
oInvisibleSolid,192,1568,00183FB2,0,1,1,4294967295,0,1
oInvisibleSolid,192,1760,002F1AF8,0,1,1,4294967295,0,1
oInvisibleSolid,192,2224,001D36B4,0,1,1,4294967295,0,1
oInvisibleSolid,192,1920,0039EB17,0,1,1,4294967295,0,1
oInvisibleSolid,0,2320,000B0E54,0,1,1,4294967295,0,1
oInvisibleSolidMorph,192,2240,000D0229,0,1,1,4294967295,0,1
oInvisibleSolidMorph,96,2288,001A09AC,0,1,1,4294967295,0,1
oInvisibleSolid,0,2288,001285D1,0,1,1,4294967295,0,1
