oMMIntroCollA,2064,112,003DFBAC,0,1,1,4294967295,0,1
oMMIntroCollA,2128,96,0019F5A1,0,1,1,4294967295,0,1
oMMIntroCollA,2192,128,002F25DD,0,1,1,4294967295,0,1
oMMIntroCollA,2256,112,0018E1AA,0,1,1,4294967295,0,1
oMMIntroCollA,2320,96,002AE10D,0,1,1,4294967295,0,1
oMMIntroCollA,2384,96,00134809,0,1,1,4294967295,0,1
oMMIntroCollA,2448,144,002FDE0B,0,1,1,4294967295,0,1
oMMIntroCollA,2512,112,000CA779,0,1,1,4294967295,0,1
oMMIntroCollA,2576,96,003F8206,0,1,1,4294967295,0,1
oMMIntroCollA,2640,80,003217E8,0,1,1,4294967295,0,1
oMMIntroCollA,2704,96,0005ACE2,0,1,1,4294967295,0,1
oMMIntroCollA,2768,80,00212799,0,1,1,4294967295,0,1
oMMIntroCollA,2832,80,003AFE48,0,1,1,4294967295,0,1
oMMIntroCollA,2896,96,0030CBD5,0,1,1,4294967295,0,1
oMMIntroCollA,2960,112,003B0DE5,0,1,1,4294967295,0,1
oMMIntroCollA,3024,144,002D65B3,0,1,1,4294967295,0,1
oMMIntroCollA,3088,80,003E6D94,0,1,1,4294967295,0,1
oMMIntroCollA,3152,96,00050285,0,1,1,4294967295,0,1
oMMIntroCollA,3216,80,00202C5E,0,1,1,4294967295,0,1
oMMIntroCollA,3280,112,000CF213,0,1,1,4294967295,0,1
oMMIntroCollA,3344,96,00278256,0,1,1,4294967295,0,1
oMMIntroCollA,3408,128,001494E4,0,1,1,4294967295,0,1
oMMIntroCollA,3472,96,003173C4,0,1,1,4294967295,0,1
oMMIntroCollA,3536,160,001FE766,0,1,1,4294967295,0,1
oExit,0,272,000A3C55,0,1,1,4294967295,0,1
oExit,4080,224,003E595D,0,1,1,4294967295,0,1
oSignPost,192,304,002293FD,0,1,1,4294967295,0,1
oZeldaBreakPot,3488,224,001792F7,0,1,1,4294967295,0,0
oZeldaBreakPot,3504,224,0032E5F2,0,1,1,4294967295,0,0
oZeldaBreakPot,2240,224,00104739,0,1,1,4294967295,0,0
oCrablaster,352,80,000951A4,0,1,1,4294967295,0,0
oSineFaller,592,160,0013414D,0,1,1,4294967295,0,0
oBarrierAttacker,1392,128,002AC6E1,0,1,1,4294967295,0,1
oBallDeVouxMain,1984,192,0011DE1E,0,1,1,4294967295,0,0
oSineFaller,1728,192,00261B36,0,1,1,4294967295,0,0
oHammaHammaMain,2968,240,0017C4F7,0,1,1,4294967295,0,0
oBarrierAttacker,3440,192,000E3CAF,0,1,1,4294967295,0,1
oSineFaller,2544,208,00154C89,0,1,1,4294967295,0,0
oBallDeVouxMain,3784,216,001E4F94,0,1,1,4294967295,0,1
oPlayer1,48,304,000317C2,0,1,1,4294967295,0,0
oInvCollPH,32,80,000A949D,0,1,1,4294967295,0,0
oInvCollPH,32,96,001C864E,0,1,1,4294967295,0,0
oInvCollPH,32,112,000DE22D,0,1,1,4294967295,0,0
oInvCollPH,32,128,002B4AFB,0,1,1,4294967295,0,0
oInvCollPH,32,144,00311479,0,1,1,4294967295,0,0
oInvCollPH,32,160,00253185,0,1,1,4294967295,0,0
oInvCollPH,32,176,001FAA5B,0,1,1,4294967295,0,0
oInvCollPH,32,192,0024F8B9,0,1,1,4294967295,0,0
oInvCollPH,32,208,00199D81,0,1,1,4294967295,0,0
oInvCollPH,32,224,0003B456,0,1,1,4294967295,0,0
oInvCollPH,16,224,00310F6C,0,1,1,4294967295,0,0
oInvCollPH,0,224,000509BD,0,1,1,4294967295,0,0
oInvCollPH,48,64,0021EB67,0,1,1,4294967295,0,0
oInvCollPH,64,64,0005309B,0,1,1,4294967295,0,0
oInvCollPH,80,64,0014B5FE,0,1,1,4294967295,0,0
oInvCollPH,96,64,0038778F,0,1,1,4294967295,0,0
oInvCollPH,112,64,001FCB18,0,1,1,4294967295,0,0
oInvCollPH,128,64,001CF010,0,1,1,4294967295,0,0
oInvCollPH,144,64,0016C681,0,1,1,4294967295,0,0
oInvCollPH,16,304,00213F86,0,1,1,4294967295,0,0
oInvCollPH,32,304,003683B5,0,1,1,4294967295,0,0
oInvCollPH,48,304,00372797,0,1,1,4294967295,0,0
oInvCollPH,80,304,0034103C,0,1,1,4294967295,0,0
oInvCollPH,64,304,003CD7AB,0,1,1,4294967295,0,0
oInvCollPH,112,304,000638F1,0,1,1,4294967295,0,0
oInvCollPH,96,304,00164791,0,1,1,4294967295,0,0
oInvCollPH,144,304,00094995,0,1,1,4294967295,0,0
oInvCollPH,128,304,001A87F9,0,1,1,4294967295,0,0
oInvCollPH,224,304,00048661,0,1,1,4294967295,0,0
oInvCollPH,208,304,00337D38,0,1,1,4294967295,0,0
oInvCollPH,192,304,000E1269,0,1,1,4294967295,0,0
oInvCollPH,176,304,000978F6,0,1,1,4294967295,0,0
oInvCollPH,160,304,0013D844,0,1,1,4294967295,0,0
oInvCollPH,304,304,0025814A,0,1,1,4294967295,0,0
oInvCollPH,288,304,003A6489,0,1,1,4294967295,0,0
oInvCollPH,272,304,0026647B,0,1,1,4294967295,0,0
oInvCollPH,256,304,0009BC4D,0,1,1,4294967295,0,0
oInvCollPH,240,304,002AF6D9,0,1,1,4294967295,0,0
oInvCollPH,400,304,000DDED9,0,1,1,4294967295,0,0
oInvCollPH,384,304,000B8B6D,0,1,1,4294967295,0,0
oInvCollPH,368,304,001CE75A,0,1,1,4294967295,0,0
oInvCollPH,352,304,00391526,0,1,1,4294967295,0,0
oInvCollPH,336,304,003C3629,0,1,1,4294967295,0,0
oInvCollPH,320,304,00332004,0,1,1,4294967295,0,0
oInvCollPH,416,304,000495F2,0,1,1,4294967295,0,0
oInvCollPH,432,304,00097E0D,0,1,1,4294967295,0,0
oInvCollPH,448,304,000B2872,0,1,1,4294967295,0,0
oInvCollPH,464,304,0025AD84,0,1,1,4294967295,0,0
oInvCollPH,464,64,002809B5,0,1,1,4294967295,0,0
oInvCollPH,448,64,002E48E2,0,1,1,4294967295,0,0
oInvCollPH,432,64,000FBDEB,0,1,1,4294967295,0,0
oInvCollPH,416,64,002AFA09,0,1,1,4294967295,0,0
oInvCollPH,400,64,003EE07A,0,1,1,4294967295,0,0
oInvCollPH,384,64,003295D6,0,1,1,4294967295,0,0
oInvCollPH,368,64,003560FA,0,1,1,4294967295,0,0
oInvCollPH,352,64,000633F4,0,1,1,4294967295,0,0
oInvCollPH,336,64,000B50E2,0,1,1,4294967295,0,0
oInvCollPH,320,64,0006199E,0,1,1,4294967295,0,0
oInvCollPH,304,64,001B3209,0,1,1,4294967295,0,0
oInvCollPH,288,64,00282192,0,1,1,4294967295,0,0
oInvCollPH,272,64,0008C75D,0,1,1,4294967295,0,0
oInvCollPH,256,64,0040452A,0,1,1,4294967295,0,0
oInvCollPH,240,64,003C18A6,0,1,1,4294967295,0,0
oInvCollPH,224,64,001FF0C6,0,1,1,4294967295,0,0
oInvCollPH,208,64,003D757D,0,1,1,4294967295,0,0
oInvCollPH,192,64,00354A23,0,1,1,4294967295,0,0
oInvCollPH,176,64,003EF3BA,0,1,1,4294967295,0,0
oInvCollPH,160,64,001ADB8D,0,1,1,4294967295,0,0
oInvCollPH,576,304,0005762F,0,1,1,4294967295,0,0
oInvCollPH,560,304,000FCCAA,0,1,1,4294967295,0,0
oInvCollPH,544,304,002BDF2E,0,1,1,4294967295,0,0
oInvCollPH,528,304,00345AE4,0,1,1,4294967295,0,0
oInvCollPH,512,304,001946FB,0,1,1,4294967295,0,0
oInvCollPH,496,304,00010E91,0,1,1,4294967295,0,0
oInvCollPH,480,304,002D4CC9,0,1,1,4294967295,0,0
oInvCollPH,512,64,0038BD51,0,1,1,4294967295,0,0
oInvCollPH,496,64,00053BB6,0,1,1,4294967295,0,0
oInvCollPH,480,64,000009FA,0,1,1,4294967295,0,0
oInvCollPH,528,64,00186DCA,0,1,1,4294967295,0,0
oInvCollPH,544,64,00230955,0,1,1,4294967295,0,0
oInvCollPH,560,64,003AA297,0,1,1,4294967295,0,0
oInvCollPH,576,64,002D8870,0,1,1,4294967295,0,0
oInvCollPH,992,96,002F355F,0,1,1,4294967295,0,0
oInvCollPH,992,112,00238B89,0,1,1,4294967295,0,0
oInvCollPH,992,128,0029A16E,0,1,1,4294967295,0,0
oInvCollPH,992,144,000BDBF2,0,1,1,4294967295,0,0
oInvCollPH,992,160,002D60E1,0,1,1,4294967295,0,0
oInvCollPH,1008,160,001661C8,0,1,1,4294967295,0,0
oInvCollPH,1024,160,000EB1DF,0,1,1,4294967295,0,0
oInvCollPH,1040,160,002CE67E,0,1,1,4294967295,0,0
oInvCollPH,1040,144,000FDEF3,0,1,1,4294967295,0,0
oInvCollPH,1040,128,00222634,0,1,1,4294967295,0,0
oInvCollPH,1040,112,002A2315,0,1,1,4294967295,0,0
oInvCollPH,1040,96,003FBF17,0,1,1,4294967295,0,0
oInvCollPH,1040,80,0020B45A,0,1,1,4294967295,0,0
oInvCollPH,720,192,0035ACCE,0,1,1,4294967295,0,0
oInvCollPH,720,208,000E1A4F,0,1,1,4294967295,0,0
oInvCollPH,720,224,0019E121,0,1,1,4294967295,0,0
oInvCollPH,736,176,0016A172,0,1,1,4294967295,0,0
oInvCollPH,752,176,0009AC4E,0,1,1,4294967295,0,0
oInvCollPH,768,176,000464F1,0,1,1,4294967295,0,0
oInvCollPH,784,176,00390C38,0,1,1,4294967295,0,0
oInvCollPH,800,176,0018CEC2,0,1,1,4294967295,0,0
oInvCollPH,816,176,001A8BB6,0,1,1,4294967295,0,0
oInvCollPH,832,176,0004E34C,0,1,1,4294967295,0,0
oInvCollPH,848,176,00235351,0,1,1,4294967295,0,0
oInvCollPH,864,176,00237AC4,0,1,1,4294967295,0,0
oInvCollPH,880,176,000D5EF7,0,1,1,4294967295,0,0
oInvCollPH,896,176,0013D4D1,0,1,1,4294967295,0,0
oInvCollPH,896,192,000A5F4E,0,1,1,4294967295,0,0
oInvCollPH,896,208,002B4C4B,0,1,1,4294967295,0,0
oInvCollPH,896,224,000D438F,0,1,1,4294967295,0,0
oInvCollPH,896,240,0028EF43,0,1,1,4294967295,0,0
oInvCollPH,896,256,001AA8D5,0,1,1,4294967295,0,0
oInvCollPH,896,272,00295AEE,0,1,1,4294967295,0,0
oInvCollPH,896,288,00329D26,0,1,1,4294967295,0,0
oInvCollPH,592,256,0012C1D4,0,1,1,4294967295,0,0
oInvCollPH,592,272,0038BCE9,0,1,1,4294967295,0,0
oInvCollPH,592,288,000AE7E0,0,1,1,4294967295,0,0
oInvCollPH,608,240,001D9B6A,0,1,1,4294967295,0,0
oInvCollPH,624,240,001A3E7F,0,1,1,4294967295,0,0
oInvCollPH,640,240,003B9D01,0,1,1,4294967295,0,0
oInvCollPH,656,240,001062E9,0,1,1,4294967295,0,0
oInvCollPH,672,240,003CAD19,0,1,1,4294967295,0,0
oInvCollPH,688,240,0036F9D3,0,1,1,4294967295,0,0
oInvCollPH,704,240,00028653,0,1,1,4294967295,0,0
oInvCollPH,912,304,00352B9B,0,1,1,4294967295,0,0
oInvCollPH,928,304,0000961E,0,1,1,4294967295,0,0
oInvCollPH,944,304,0039CD80,0,1,1,4294967295,0,0
oInvCollPH,1120,304,0015E452,0,1,1,4294967295,0,0
oInvCollPH,1104,304,000CA560,0,1,1,4294967295,0,0
oInvCollPH,1088,304,001D19A9,0,1,1,4294967295,0,0
oInvCollPH,1072,304,000F58B2,0,1,1,4294967295,0,0
oInvCollPH,1056,304,0010B787,0,1,1,4294967295,0,0
oInvCollPH,1040,304,003396F9,0,1,1,4294967295,0,0
oInvCollPH,1024,304,00112D89,0,1,1,4294967295,0,0
oInvCollPH,1008,304,001DCB32,0,1,1,4294967295,0,0
oInvCollPH,992,304,002802EF,0,1,1,4294967295,0,0
oInvCollPH,976,304,0027CC62,0,1,1,4294967295,0,0
oInvCollPH,960,304,001BAF2A,0,1,1,4294967295,0,0
oInvCollPH,1120,64,003E7ABF,0,1,1,4294967295,0,0
oInvCollPH,1104,64,0003F5F4,0,1,1,4294967295,0,0
oInvCollPH,1088,64,00202EAE,0,1,1,4294967295,0,0
oInvCollPH,1072,64,0011D780,0,1,1,4294967295,0,0
oInvCollPH,1056,64,001D592A,0,1,1,4294967295,0,0
oInvCollPH,976,64,000040A1,0,1,1,4294967295,0,0
oInvCollPH,960,64,0009C5AC,0,1,1,4294967295,0,0
oInvCollPH,944,64,003CE50E,0,1,1,4294967295,0,0
oInvCollPH,928,64,001C3FB1,0,1,1,4294967295,0,0
oInvCollPH,912,64,003C1E67,0,1,1,4294967295,0,0
oInvCollPH,896,64,0008200C,0,1,1,4294967295,0,0
oInvCollPH,880,64,0024F140,0,1,1,4294967295,0,0
oInvCollPH,864,64,000C218B,0,1,1,4294967295,0,0
oInvCollPH,848,64,003B06CE,0,1,1,4294967295,0,0
oInvCollPH,832,64,00065E9C,0,1,1,4294967295,0,0
oInvCollPH,816,64,000633B0,0,1,1,4294967295,0,0
oInvCollPH,800,64,003C6989,0,1,1,4294967295,0,0
oInvCollPH,784,64,0029022C,0,1,1,4294967295,0,0
oInvCollPH,768,64,003254A0,0,1,1,4294967295,0,0
oInvCollPH,752,64,00111F29,0,1,1,4294967295,0,0
oInvCollPH,736,64,000A1DB7,0,1,1,4294967295,0,0
oInvCollPH,720,64,00299F35,0,1,1,4294967295,0,0
oInvCollPH,704,64,003651BD,0,1,1,4294967295,0,0
oInvCollPH,688,64,002B5E60,0,1,1,4294967295,0,0
oInvCollPH,672,64,0034C811,0,1,1,4294967295,0,0
oInvCollPH,656,64,002F50A5,0,1,1,4294967295,0,0
oInvCollPH,640,64,001BD5D4,0,1,1,4294967295,0,0
oInvCollPH,624,64,0034B3C4,0,1,1,4294967295,0,0
oInvCollPH,608,64,003E6801,0,1,1,4294967295,0,0
oInvCollPH,592,64,0025F7B9,0,1,1,4294967295,0,0
oInvCollPH,1136,192,000B100B,0,1,1,4294967295,0,0
oInvCollPH,1136,208,0021FA9A,0,1,1,4294967295,0,0
oInvCollPH,1136,224,003FEBD3,0,1,1,4294967295,0,0
oInvCollPH,1136,240,000B2A38,0,1,1,4294967295,0,0
oInvCollPH,1136,256,002F9767,0,1,1,4294967295,0,0
oInvCollPH,1136,272,0011709F,0,1,1,4294967295,0,0
oInvCollPH,1136,288,001F645A,0,1,1,4294967295,0,0
oInvCollPH,1152,176,00189F93,0,1,1,4294967295,0,0
oInvCollPH,1168,176,000AF1EA,0,1,1,4294967295,0,0
oInvCollPH,1184,176,0000A51A,0,1,1,4294967295,0,0
oInvCollPH,1200,176,002A020D,0,1,1,4294967295,0,0
oInvCollPH,1216,176,003EA271,0,1,1,4294967295,0,0
oInvCollPH,1232,176,0030017D,0,1,1,4294967295,0,0
oInvCollPH,1248,176,003D3326,0,1,1,4294967295,0,0
oInvCollPH,1440,288,001D913E,0,1,1,4294967295,0,0
oInvCollPH,1440,272,001F4B3F,0,1,1,4294967295,0,0
oInvCollPH,1440,256,002D4D60,0,1,1,4294967295,0,0
oInvCollPH,1440,240,002CBFDC,0,1,1,4294967295,0,0
oInvCollPH,1440,224,00355DCA,0,1,1,4294967295,0,0
oInvCollPH,1440,208,003ECA11,0,1,1,4294967295,0,0
oInvCollPH,1440,192,001312F2,0,1,1,4294967295,0,0
oInvCollPH,1440,176,0006ED94,0,1,1,4294967295,0,0
oInvCollPH,1264,176,0036D7EC,0,1,1,4294967295,0,0
oInvCollPH,1280,176,001CB363,0,1,1,4294967295,0,0
oInvCollPH,1392,176,0004880B,0,1,1,4294967295,0,0
oInvCollPH,1376,176,00172548,0,1,1,4294967295,0,0
oInvCollPH,1360,176,001454C0,0,1,1,4294967295,0,0
oInvCollPH,1408,176,000C45D6,0,1,1,4294967295,0,0
oInvCollPH,1424,176,0002B2B1,0,1,1,4294967295,0,0
oInvCollPH,1344,176,003F69F5,0,1,1,4294967295,0,0
oInvCollPH,1328,176,003A3F5C,0,1,1,4294967295,0,0
oInvCollPH,1312,176,001F7C4B,0,1,1,4294967295,0,0
oInvCollPH,1296,176,00260C64,0,1,1,4294967295,0,0
oInvCollPH,1456,304,002377B4,0,1,1,4294967295,0,0
oInvCollPH,1472,304,00202A94,0,1,1,4294967295,0,0
oInvCollPH,1488,304,00306F66,0,1,1,4294967295,0,0
oInvCollPH,1504,304,0028B1B4,0,1,1,4294967295,0,0
oInvCollPH,1520,304,002B6328,0,1,1,4294967295,0,0
oInvCollPH,1536,304,000E45B4,0,1,1,4294967295,0,0
oInvCollPH,1552,304,001F014B,0,1,1,4294967295,0,0
oInvCollPH,1568,304,00364D29,0,1,1,4294967295,0,0
oInvCollPH,1584,304,0019142F,0,1,1,4294967295,0,0
oInvCollPH,1600,304,000B7608,0,1,1,4294967295,0,0
oInvCollPH,1616,304,0029B7BC,0,1,1,4294967295,0,0
oInvCollPH,1632,304,0001647C,0,1,1,4294967295,0,0
oInvCollPH,1648,304,0004FEBE,0,1,1,4294967295,0,0
oInvCollPH,1664,304,00039C8B,0,1,1,4294967295,0,0
oInvCollPH,1664,320,001753F9,0,1,1,4294967295,0,0
oInvCollPH,1664,336,0035988A,0,1,1,4294967295,0,0
oInvCollPH,1664,64,001D0944,0,1,1,4294967295,0,0
oInvCollPH,1648,64,00400738,0,1,1,4294967295,0,0
oInvCollPH,1632,64,003B8C83,0,1,1,4294967295,0,0
oInvCollPH,1616,64,0022FEE4,0,1,1,4294967295,0,0
oInvCollPH,1600,64,0015AC55,0,1,1,4294967295,0,0
oInvCollPH,1584,64,001AB8FB,0,1,1,4294967295,0,0
oInvCollPH,1568,64,00293FDF,0,1,1,4294967295,0,0
oInvCollPH,1552,64,001F0BEB,0,1,1,4294967295,0,0
oInvCollPH,1536,64,002D6419,0,1,1,4294967295,0,0
oInvCollPH,1520,64,003EE5AC,0,1,1,4294967295,0,0
oInvCollPH,1504,64,00148B5D,0,1,1,4294967295,0,0
oInvCollPH,1488,64,003474F5,0,1,1,4294967295,0,0
oInvCollPH,1472,64,003E7506,0,1,1,4294967295,0,0
oInvCollPH,1456,64,003DC34D,0,1,1,4294967295,0,0
oInvCollPH,1440,64,001C2D75,0,1,1,4294967295,0,0
oInvCollPH,1424,64,0006EDA1,0,1,1,4294967295,0,0
oInvCollPH,1408,64,000F233A,0,1,1,4294967295,0,0
oInvCollPH,1392,64,0038CD4D,0,1,1,4294967295,0,0
oInvCollPH,1376,64,003D7394,0,1,1,4294967295,0,0
oInvCollPH,1360,64,00325BD9,0,1,1,4294967295,0,0
oInvCollPH,1344,64,002E1C02,0,1,1,4294967295,0,0
oInvCollPH,1328,64,000BC4F2,0,1,1,4294967295,0,0
oInvCollPH,1312,64,00010ADB,0,1,1,4294967295,0,0
oInvCollPH,1296,64,00246C1F,0,1,1,4294967295,0,0
oInvCollPH,1280,64,003414EE,0,1,1,4294967295,0,0
oInvCollPH,1264,64,0024EC2B,0,1,1,4294967295,0,0
oInvCollPH,1248,64,00347B5E,0,1,1,4294967295,0,0
oInvCollPH,1232,64,0035BFA8,0,1,1,4294967295,0,0
oInvCollPH,1216,64,00302000,0,1,1,4294967295,0,0
oInvCollPH,1200,64,001DE9DE,0,1,1,4294967295,0,0
oInvCollPH,1184,64,001F881F,0,1,1,4294967295,0,0
oInvCollPH,1168,64,001BB1F0,0,1,1,4294967295,0,0
oInvCollPH,1152,64,001F0F52,0,1,1,4294967295,0,0
oInvCollPH,1136,64,00091AC8,0,1,1,4294967295,0,0
oInvCollPH,1776,240,0038AA8F,0,1,1,4294967295,0,0
oInvCollPH,1776,256,00191406,0,1,1,4294967295,0,0
oInvCollPH,1776,272,0005346C,0,1,1,4294967295,0,0
oInvCollPH,1776,288,000279B0,0,1,1,4294967295,0,0
oInvCollPH,1776,304,001A8781,0,1,1,4294967295,0,0
oInvCollPH,1776,320,00345673,0,1,1,4294967295,0,0
oInvCollPH,1776,336,002DDE13,0,1,1,4294967295,0,0
oInvCollPH,1792,224,000785B0,0,1,1,4294967295,0,0
oInvCollPH,1808,224,000A0139,0,1,1,4294967295,0,0
oInvCollPH,1824,224,0009308C,0,1,1,4294967295,0,0
oInvCollPH,1840,224,002F866E,0,1,1,4294967295,0,0
oInvCollPH,1856,224,001126ED,0,1,1,4294967295,0,0
oInvCollPH,1872,224,0011BA75,0,1,1,4294967295,0,0
oInvCollPH,1888,224,003FA504,0,1,1,4294967295,0,0
oInvCollPH,1904,224,001A70D7,0,1,1,4294967295,0,0
oInvCollPH,1920,224,0021DA6D,0,1,1,4294967295,0,0
oInvCollPH,1984,224,000D1FAC,0,1,1,4294967295,0,0
oInvCollPH,1968,224,0027EC3E,0,1,1,4294967295,0,0
oInvCollPH,1952,224,002EA564,0,1,1,4294967295,0,0
oInvCollPH,1936,224,003E0C01,0,1,1,4294967295,0,0
oInvCollPH,2000,224,00050D98,0,1,1,4294967295,0,0
oInvCollPH,2016,224,002A5152,0,1,1,4294967295,0,0
oInvCollPH,2032,224,00340DF2,0,1,1,4294967295,0,0
oInvCollPH,2048,224,0038B71E,0,1,1,4294967295,0,0
oInvCollPH,2048,240,001BB65F,0,1,1,4294967295,0,0
oInvCollPH,2048,256,001A516C,0,1,1,4294967295,0,0
oInvCollPH,2048,272,000F412F,0,1,1,4294967295,0,0
oInvCollPH,2048,288,00088B86,0,1,1,4294967295,0,0
oInvCollPH,2048,304,0000EACC,0,1,1,4294967295,0,0
oInvCollPH,2048,320,002AE94F,0,1,1,4294967295,0,0
oInvCollPH,2048,336,00124BC9,0,1,1,4294967295,0,0
oInvCollPH,2176,272,002BB865,0,1,1,4294967295,0,0
oInvCollPH,2192,272,000C4F9F,0,1,1,4294967295,0,0
oInvCollPH,2208,272,00254FB7,0,1,1,4294967295,0,0
oInvCollPH,2160,288,003059CF,0,1,1,4294967295,0,0
oInvCollPH,2160,304,00152FF6,0,1,1,4294967295,0,0
oInvCollPH,2160,320,003EC63B,0,1,1,4294967295,0,0
oInvCollPH,2160,336,0005EAAA,0,1,1,4294967295,0,0
oInvCollPH,2224,256,002EDD71,0,1,1,4294967295,0,0
oInvCollPH,2240,240,002FE59D,0,1,1,4294967295,0,0
oInvCollPH,2256,240,00395AA1,0,1,1,4294967295,0,0
oInvCollPH,2272,240,0031BF4F,0,1,1,4294967295,0,0
oInvCollPH,2272,256,000E3998,0,1,1,4294967295,0,0
oInvCollPH,2272,272,001CC7BC,0,1,1,4294967295,0,0
oInvCollPH,2272,288,00301CE4,0,1,1,4294967295,0,0
oInvCollPH,2272,304,001CEBB6,0,1,1,4294967295,0,0
oInvCollPH,2272,320,003E494E,0,1,1,4294967295,0,0
oInvCollPH,2272,336,003FC942,0,1,1,4294967295,0,0
oInvCollPH,2048,0,0015EBB1,0,1,1,4294967295,0,0
oInvCollPH,2048,16,003D6205,0,1,1,4294967295,0,0
oInvCollPH,2048,32,000B6958,0,1,1,4294967295,0,0
oInvCollPH,2048,48,0013FB74,0,1,1,4294967295,0,0
oInvCollPH,2048,64,0026E1B4,0,1,1,4294967295,0,0
oInvCollPH,2032,64,0005C6C8,0,1,1,4294967295,0,0
oInvCollPH,2016,64,000ECB79,0,1,1,4294967295,0,0
oInvCollPH,2000,64,003DE465,0,1,1,4294967295,0,0
oInvCollPH,1984,64,00138B44,0,1,1,4294967295,0,0
oInvCollPH,1968,64,00108AF9,0,1,1,4294967295,0,0
oInvCollPH,1952,64,0033AC45,0,1,1,4294967295,0,0
oInvCollPH,1936,64,0019DC39,0,1,1,4294967295,0,0
oInvCollPH,1920,64,0033AF88,0,1,1,4294967295,0,0
oInvCollPH,1904,64,0020F12C,0,1,1,4294967295,0,0
oInvCollPH,1824,64,0003E380,0,1,1,4294967295,0,0
oInvCollPH,1840,64,0027E76C,0,1,1,4294967295,0,0
oInvCollPH,1856,64,002E9421,0,1,1,4294967295,0,0
oInvCollPH,1872,64,0000D3DB,0,1,1,4294967295,0,0
oInvCollPH,1888,64,0035AAC0,0,1,1,4294967295,0,0
oInvCollPH,1744,64,0031DD5E,0,1,1,4294967295,0,0
oInvCollPH,1760,64,0021586A,0,1,1,4294967295,0,0
oInvCollPH,1776,64,000699D2,0,1,1,4294967295,0,0
oInvCollPH,1792,64,003FC521,0,1,1,4294967295,0,0
oInvCollPH,1808,64,002AA84F,0,1,1,4294967295,0,0
oInvCollPH,1728,64,0011BB00,0,1,1,4294967295,0,0
oInvCollPH,1712,64,002114E6,0,1,1,4294967295,0,0
oInvCollPH,1696,64,00181C5E,0,1,1,4294967295,0,0
oInvCollPH,1680,64,0009734C,0,1,1,4294967295,0,0
oInvCollPH,2384,256,0012F5D7,0,1,1,4294967295,0,0
oInvCollPH,2384,272,001B4C94,0,1,1,4294967295,0,0
oInvCollPH,2384,288,0001033B,0,1,1,4294967295,0,0
oInvCollPH,2384,304,00398DF9,0,1,1,4294967295,0,0
oInvCollPH,2384,320,000E83A3,0,1,1,4294967295,0,0
oInvCollPH,2384,336,00161496,0,1,1,4294967295,0,0
oInvCollPH,2400,240,00220D75,0,1,1,4294967295,0,0
oInvCollPH,2416,240,00031D53,0,1,1,4294967295,0,0
oInvCollPH,2432,240,0034F0AC,0,1,1,4294967295,0,0
oInvCollPH,2448,240,000519DD,0,1,1,4294967295,0,0
oInvCollPH,2464,240,0037D148,0,1,1,4294967295,0,0
oInvCollPH,2480,240,002A8F81,0,1,1,4294967295,0,0
oInvCollPH,2496,240,00278ECF,0,1,1,4294967295,0,0
oInvCollPH,2512,240,00107E6A,0,1,1,4294967295,0,0
oInvCollPH,2528,240,003687CE,0,1,1,4294967295,0,0
oInvCollPH,2544,240,00019022,0,1,1,4294967295,0,0
oInvCollPH,2560,240,0007FB35,0,1,1,4294967295,0,0
oInvCollPH,2560,256,00087EE0,0,1,1,4294967295,0,0
oInvCollPH,2560,272,00167F8F,0,1,1,4294967295,0,0
oInvCollPH,2560,288,00301D76,0,1,1,4294967295,0,0
oInvCollPH,2560,304,00290C2E,0,1,1,4294967295,0,0
oInvCollPH,2560,320,00254CB5,0,1,1,4294967295,0,0
oInvCollPH,2560,336,00011265,0,1,1,4294967295,0,0
oInvCollPH,2640,208,001C6C01,0,1,1,4294967295,0,0
oInvCollPH,2640,224,0003933A,0,1,1,4294967295,0,0
oInvCollPH,2640,240,003CCCD8,0,1,1,4294967295,0,0
oInvCollPH,2640,256,003FF1EE,0,1,1,4294967295,0,0
oInvCollPH,2640,272,00211F42,0,1,1,4294967295,0,0
oInvCollPH,2640,288,002FC939,0,1,1,4294967295,0,0
oInvCollPH,2640,304,001FC2CF,0,1,1,4294967295,0,0
oInvCollPH,2640,320,003D7A4B,0,1,1,4294967295,0,0
oInvCollPH,2640,336,0016C417,0,1,1,4294967295,0,0
oInvCollPH,2656,192,002F4689,0,1,1,4294967295,0,0
oInvCollPH,2672,192,002A700B,0,1,1,4294967295,0,0
oInvCollPH,2688,192,003A28D8,0,1,1,4294967295,0,0
oInvCollPH,2688,208,00004EE3,0,1,1,4294967295,0,0
oInvCollPH,2688,224,00047080,0,1,1,4294967295,0,0
oInvCollPH,2688,240,00338F81,0,1,1,4294967295,0,0
oInvCollPH,2688,256,002607D1,0,1,1,4294967295,0,0
oInvCollPH,2688,272,002F7AFF,0,1,1,4294967295,0,0
oInvCollPH,2688,288,00276367,0,1,1,4294967295,0,0
oInvCollPH,2688,304,0028FF78,0,1,1,4294967295,0,0
oInvCollPH,2688,320,00053E81,0,1,1,4294967295,0,0
oInvCollPH,2688,336,00180BDD,0,1,1,4294967295,0,0
oInvCollPH,2800,256,003729AB,0,1,1,4294967295,0,0
oInvCollPH,2800,272,003A1E48,0,1,1,4294967295,0,0
oInvCollPH,2800,288,00068051,0,1,1,4294967295,0,0
oInvCollPH,2848,240,00179A69,0,1,1,4294967295,0,0
oInvCollPH,2864,240,002551E7,0,1,1,4294967295,0,0
oInvCollPH,2880,240,002D2113,0,1,1,4294967295,0,0
oInvCollPH,2896,240,0001B86D,0,1,1,4294967295,0,0
oInvCollPH,2800,304,002D9962,0,1,1,4294967295,0,0
oInvCollPH,2800,320,00021B01,0,1,1,4294967295,0,0
oInvCollPH,2800,336,0021A700,0,1,1,4294967295,0,0
oInvCollPH,2912,240,000D776E,0,1,1,4294967295,0,0
oInvCollPH,2928,240,00174F88,0,1,1,4294967295,0,0
oInvCollPH,2944,240,0033F911,0,1,1,4294967295,0,0
oInvCollPH,2960,240,00007B5E,0,1,1,4294967295,0,0
oInvCollPH,2976,240,003C985B,0,1,1,4294967295,0,0
oInvCollPH,2976,256,000249A3,0,1,1,4294967295,0,0
oInvCollPH,2976,272,001A66FB,0,1,1,4294967295,0,0
oInvCollPH,2976,288,000DEBE0,0,1,1,4294967295,0,0
oInvCollPH,2976,304,00021177,0,1,1,4294967295,0,0
oInvCollPH,2976,320,003E7EAC,0,1,1,4294967295,0,0
oInvCollPH,2976,336,0038B82B,0,1,1,4294967295,0,0
oInvCollPH,3088,272,000ED765,0,1,1,4294967295,0,0
oInvCollPH,3088,288,003D4C0A,0,1,1,4294967295,0,0
oInvCollPH,3088,304,002B6838,0,1,1,4294967295,0,0
oInvCollPH,3088,320,00072036,0,1,1,4294967295,0,0
oInvCollPH,3088,336,0006D512,0,1,1,4294967295,0,0
oInvCollPH,3104,256,00356592,0,1,1,4294967295,0,0
oInvCollPH,3120,256,002F4EC5,0,1,1,4294967295,0,0
oInvCollPH,3136,256,002AB34C,0,1,1,4294967295,0,0
oInvCollPH,3136,272,001FBC04,0,1,1,4294967295,0,0
oInvCollPH,3136,288,002E4003,0,1,1,4294967295,0,0
oInvCollPH,3136,304,000C5892,0,1,1,4294967295,0,0
oInvCollPH,3136,320,001152A0,0,1,1,4294967295,0,0
oInvCollPH,3136,336,001DFA8E,0,1,1,4294967295,0,0
oInvCollPH,3216,336,003BF192,0,1,1,4294967295,0,0
oInvCollPH,3216,320,00058B69,0,1,1,4294967295,0,0
oInvCollPH,3216,304,0012B338,0,1,1,4294967295,0,0
oInvCollPH,3216,288,0016A446,0,1,1,4294967295,0,0
oInvCollPH,3216,272,0018E505,0,1,1,4294967295,0,0
oInvCollPH,3216,256,000969A5,0,1,1,4294967295,0,0
oInvCollPH,3216,240,0034B4E8,0,1,1,4294967295,0,0
oInvCollPH,3232,224,0027B4FD,0,1,1,4294967295,0,0
oInvCollPH,3248,224,000DBB4A,0,1,1,4294967295,0,0
oInvCollPH,3264,224,0030DAB5,0,1,1,4294967295,0,0
oInvCollPH,3264,240,000F09B6,0,1,1,4294967295,0,0
oInvCollPH,3264,256,00067514,0,1,1,4294967295,0,0
oInvCollPH,3264,272,0006B4DA,0,1,1,4294967295,0,0
oInvCollPH,3264,288,002AB08D,0,1,1,4294967295,0,0
oInvCollPH,3264,304,00157D2A,0,1,1,4294967295,0,0
oInvCollPH,3264,320,0008D464,0,1,1,4294967295,0,0
oInvCollPH,3264,336,000933C5,0,1,1,4294967295,0,0
oInvCollPH,3344,336,00017F43,0,1,1,4294967295,0,0
oInvCollPH,3344,320,001B32B5,0,1,1,4294967295,0,0
oInvCollPH,3344,304,0018C1A4,0,1,1,4294967295,0,0
oInvCollPH,3344,288,000617CB,0,1,1,4294967295,0,0
oInvCollPH,3360,272,003483D9,0,1,1,4294967295,0,0
oInvCollPH,3376,272,003BA07E,0,1,1,4294967295,0,0
oInvCollPH,3392,272,00186D38,0,1,1,4294967295,0,0
oInvCollPH,3392,288,00192411,0,1,1,4294967295,0,0
oInvCollPH,3392,304,002D87B4,0,1,1,4294967295,0,0
oInvCollPH,3392,320,001BC199,0,1,1,4294967295,0,0
oInvCollPH,3392,336,000896EA,0,1,1,4294967295,0,0
oInvCollPH,3472,336,00132AB9,0,1,1,4294967295,0,0
oInvCollPH,3472,320,003478C7,0,1,1,4294967295,0,0
oInvCollPH,3472,304,000E7317,0,1,1,4294967295,0,0
oInvCollPH,3472,288,00140DB9,0,1,1,4294967295,0,0
oInvCollPH,3472,272,004028D1,0,1,1,4294967295,0,0
oInvCollPH,3472,256,00040F5A,0,1,1,4294967295,0,0
oInvCollPH,3488,240,002E9AAF,0,1,1,4294967295,0,0
oInvCollPH,3504,240,00330B8D,0,1,1,4294967295,0,0
oInvCollPH,3520,240,0024AD8D,0,1,1,4294967295,0,0
oInvCollPH,3520,256,00013450,0,1,1,4294967295,0,0
oInvCollPH,3520,272,00190F90,0,1,1,4294967295,0,0
oInvCollPH,3520,288,002A472C,0,1,1,4294967295,0,0
oInvCollPH,3520,304,0006EFAA,0,1,1,4294967295,0,0
oInvCollPH,3520,320,001A9A8A,0,1,1,4294967295,0,0
oInvCollPH,3520,336,003E5A13,0,1,1,4294967295,0,0
oInvCollPH,2832,240,0039196D,0,1,1,4294967295,0,0
oInvCollPH,2816,240,001CD241,0,1,1,4294967295,0,0
oInvCollPH,4048,96,002FDCE2,0,1,1,4294967295,0,0
oInvCollPH,4048,112,000DFFFE,0,1,1,4294967295,0,0
oInvCollPH,4048,128,00171009,0,1,1,4294967295,0,0
oInvCollPH,4048,144,0010DA8B,0,1,1,4294967295,0,0
oInvCollPH,4048,160,00291379,0,1,1,4294967295,0,0
oInvCollPH,4048,176,001A4E71,0,1,1,4294967295,0,0
oInvCollPH,4064,176,00385A65,0,1,1,4294967295,0,0
oInvCollPH,4080,176,001E7BF4,0,1,1,4294967295,0,0
oInvCollPH,3600,16,003A6A1A,0,1,1,4294967295,0,0
oInvCollPH,3600,32,00128F70,0,1,1,4294967295,0,0
oInvCollPH,3600,48,00163257,0,1,1,4294967295,0,0
oInvCollPH,3600,64,001097EF,0,1,1,4294967295,0,0
oInvCollPH,3616,64,001D5D8C,0,1,1,4294967295,0,0
oInvCollPH,3632,64,00130799,0,1,1,4294967295,0,0
oInvCollPH,3648,64,00159DFA,0,1,1,4294967295,0,0
oInvCollPH,3664,64,00058793,0,1,1,4294967295,0,0
oInvCollPH,3680,64,001DD2AF,0,1,1,4294967295,0,0
oInvCollPH,3696,64,000BE26B,0,1,1,4294967295,0,0
oInvCollPH,3712,64,00248770,0,1,1,4294967295,0,0
oInvCollPH,3728,64,0021BC7E,0,1,1,4294967295,0,0
oInvCollPH,3744,64,00193B75,0,1,1,4294967295,0,0
oInvCollPH,4032,64,001CFBE1,0,1,1,4294967295,0,0
oInvCollPH,4016,64,00045B89,0,1,1,4294967295,0,0
oInvCollPH,3968,64,002A3713,0,1,1,4294967295,0,0
oInvCollPH,3984,64,00317A4C,0,1,1,4294967295,0,0
oInvCollPH,4000,64,002A1458,0,1,1,4294967295,0,0
oInvCollPH,3936,64,0014C16C,0,1,1,4294967295,0,0
oInvCollPH,3952,64,00169EB2,0,1,1,4294967295,0,0
oInvCollPH,3840,64,002215EB,0,1,1,4294967295,0,0
oInvCollPH,3856,64,00344EC9,0,1,1,4294967295,0,0
oInvCollPH,3824,64,00243963,0,1,1,4294967295,0,0
oInvCollPH,3760,64,000627A2,0,1,1,4294967295,0,0
oInvCollPH,3776,64,00220F0F,0,1,1,4294967295,0,0
oInvCollPH,3792,64,00065CC3,0,1,1,4294967295,0,0
oInvCollPH,3808,64,0036F52A,0,1,1,4294967295,0,0
oInvCollPH,3872,64,000178D4,0,1,1,4294967295,0,0
oInvCollPH,3888,64,000EFDD1,0,1,1,4294967295,0,0
oInvCollPH,3904,64,0022E44E,0,1,1,4294967295,0,0
oInvCollPH,3920,64,0029FF65,0,1,1,4294967295,0,0
oInvCollPH,3600,272,0028AA2F,0,1,1,4294967295,0,0
oInvCollPH,3600,288,003EF2B4,0,1,1,4294967295,0,0
oInvCollPH,3600,304,003393CA,0,1,1,4294967295,0,0
oInvCollPH,3600,320,0033EA1E,0,1,1,4294967295,0,0
oInvCollPH,3600,336,002F4C5F,0,1,1,4294967295,0,0
oInvCollPH,3616,256,0019EDCA,0,1,1,4294967295,0,0
oInvCollPH,3632,256,002D8B07,0,1,1,4294967295,0,0
oInvCollPH,3648,256,001FA1E2,0,1,1,4294967295,0,0
oInvCollPH,3664,256,00038E41,0,1,1,4294967295,0,0
oInvCollPH,3680,256,00081CEA,0,1,1,4294967295,0,0
oInvCollPH,3696,256,00097E25,0,1,1,4294967295,0,0
oInvCollPH,3712,256,0033AEA9,0,1,1,4294967295,0,0
oInvCollPH,3728,256,0009BA38,0,1,1,4294967295,0,0
oInvCollPH,3744,256,00046B20,0,1,1,4294967295,0,0
oInvCollPH,3760,256,0004C11E,0,1,1,4294967295,0,0
oInvCollPH,3776,256,0000AE1B,0,1,1,4294967295,0,0
oInvCollPH,3792,256,00262ECF,0,1,1,4294967295,0,0
oInvCollPH,3808,256,000026CF,0,1,1,4294967295,0,0
oInvCollPH,3824,256,002CD8E7,0,1,1,4294967295,0,0
oInvCollPH,3840,256,002BB1BD,0,1,1,4294967295,0,0
oInvCollPH,3856,256,0023ABCD,0,1,1,4294967295,0,0
oInvCollPH,3872,256,000C76EF,0,1,1,4294967295,0,0
oInvCollPH,3888,256,00097E91,0,1,1,4294967295,0,0
oInvCollPH,3904,256,000B84DA,0,1,1,4294967295,0,0
oInvCollPH,3920,256,000F63E6,0,1,1,4294967295,0,0
oInvCollPH,3936,256,00105F8C,0,1,1,4294967295,0,0
oInvCollPH,3952,256,0009E9A7,0,1,1,4294967295,0,0
oInvCollPH,3968,256,0011DBD0,0,1,1,4294967295,0,0
oInvCollPH,3984,256,003573C7,0,1,1,4294967295,0,0
oInvCollPH,4000,256,00238E03,0,1,1,4294967295,0,0
oInvCollPH,4016,256,002348EB,0,1,1,4294967295,0,0
oInvCollPH,4032,256,00359E99,0,1,1,4294967295,0,0
oInvCollPH,4048,256,0038298C,0,1,1,4294967295,0,0
oInvCollPH,4064,256,00336A9F,0,1,1,4294967295,0,0
oInvCollPH,4080,256,00287728,0,1,1,4294967295,0,0
oInvisibleSolid,0,80,0033D02F,0,1,1,4294967295,0,1
oInvisibleSolid,0,0,00103D83,0,1,1,4294967295,0,1
oInvisibleSolid,0,304,002ACBDD,0,1,1,4294967295,0,1
oInvisibleSolid,992,80,002C0B8C,0,1,1,4294967295,0,1
oInvisibleSolid,592,240,00043FAE,0,1,1,4294967295,0,1
oInvisibleSolid,720,176,000DBE2F,0,1,1,4294967295,0,1
oInvisibleSolid,1136,176,0022C3DB,0,1,1,4294967295,0,1
oInvisibleSolid,1776,224,000ECE0A,0,1,1,4294967295,0,1
oInvisibleSolid,2160,272,0030A881,0,1,1,4294967295,0,1
oInvisibleSolid,2224,240,0004DFC2,0,1,1,4294967295,0,1
oInvisibleSolid,2384,240,0033124B,0,1,1,4294967295,0,1
oInvisibleSolid,2640,192,002FBEA6,0,1,1,4294967295,0,1
oInvisibleSolid,2800,240,000B02F1,0,1,1,4294967295,0,1
oInvisibleSolid,3088,256,00247652,0,1,1,4294967295,0,1
oInvisibleSolid,3216,224,000966A8,0,1,1,4294967295,0,1
oInvisibleSolid,3344,272,003D56D8,0,1,1,4294967295,0,1
oInvisibleSolid,3472,240,0019161D,0,1,1,4294967295,0,1
oInvisibleSolid,3600,256,003D8320,0,1,1,4294967295,0,1
oInvisibleSolid,3600,0,00005E58,0,1,1,4294967295,0,1
oInvisibleSolid,4048,80,003F953E,0,1,1,4294967295,0,1
