oExit,0,912,000F508C,0,1,1,4294967295,0,1
oExit,1664,160,002663D8,0,1,1,4294967295,0,1
oExit,0,176,00390144,0,1,1,4294967295,0,1
oArrowQuiver,40,640,000BAA3B,0,1,1,4294967295,0,1
oHeartPiece,32,416,00004C68,0,1,1,4294967295,0,1
oZeldaBreakPot,528,960,002D26A6,0,1,1,4294967295,0,0
oZeldaBreakPot,1328,560,0020EBE7,0,1,1,4294967295,0,0
oZeldaBreakPot,560,704,001E5C6F,0,1,1,4294967295,0,0
oZeldaBreakPot,968,192,00278433,0,1,1,4294967295,0,0
oBreakRock,144,272,000D4DE3,0,1,1,4294967295,0,0
oBreakRock,144,304,002BA60E,0,1,1,4294967295,0,0
oGreenOrc,1136,912,00198816,0,1,1,4294967295,0,0
oGreenOrc,1312,944,0002B2E3,0,1,1,4294967295,0,0
oOctorok,1256,576,00071A71,0,1,1,4294967295,0,0
oOctorok,216,704,00334FA0,0,1,1,4294967295,0,0
oOctorok,1192,400,0034FA30,0,1,1,4294967295,0,0
oOctorok,984,400,001CC93B,0,1,1,4294967295,0,0
oTektile,1144,560,0004DD2D,0,1,1,4294967295,0,0
oWolfos,944,400,000D727A,0,1,1,4294967295,0,0
oGreenOrc,888,400,001546D9,0,1,1,4294967295,0,0
oGreenOrc,1552,784,003830EA,0,1,1,4294967295,0,0
oGreenSlime,1552,784,00352DE8,0,1,1,4294967295,0,0
oGreenSlime,480,480,003779C3,0,1,1,4294967295,0,0
oGreenSlime,592,720,0003B832,0,1,1,4294967295,0,0
oGreenSlime,864,576,002CA2F5,0,1,1,4294967295,0,0
oGreenOrc,640,720,00163580,0,1,1,4294967295,0,0
oGreenOrc,224,400,003EB1E6,0,1,1,4294967295,0,0
oGreenOrc,128,96,001A44E1,0,1,1,4294967295,0,0
oGreenOrc,1152,176,0013C879,0,1,1,4294967295,0,0
oGreenOrc,816,176,0011A44E,0,1,1,4294967295,0,0
oPlayer1,48,944,0030BA7C,0,1,1,4294967295,0,0
oInvCollPH,16,944,00098259,0,1,1,4294967295,0,0
oInvCollPH,32,944,00342225,0,1,1,4294967295,0,0
oInvCollPH,48,944,000E144A,0,1,1,4294967295,0,0
oInvCollPH,64,944,0025EA20,0,1,1,4294967295,0,0
oInvCollPH,80,944,002C5B51,0,1,1,4294967295,0,0
oInvCollPH,96,944,0028A5EA,0,1,1,4294967295,0,0
oInvCollPH,112,944,0036B2B5,0,1,1,4294967295,0,0
oInvCollPH,128,944,000F0D65,0,1,1,4294967295,0,0
oInvCollPH,144,944,00285A8B,0,1,1,4294967295,0,0
oInvCollPH,160,944,00173838,0,1,1,4294967295,0,0
oInvCollPH,160,960,00400A53,0,1,1,4294967295,0,0
oInvCollPH,160,976,003E0633,0,1,1,4294967295,0,0
oInvCollPH,160,992,003338E2,0,1,1,4294967295,0,0
oInvCollPH,160,1008,0010A88F,0,1,1,4294967295,0,0
oInvCollPH,160,1024,000820FB,0,1,1,4294967295,0,0
oInvCollPH,160,1040,002D8688,0,1,1,4294967295,0,0
oInvCollPH,368,800,001B3C26,0,1,1,4294967295,0,0
oInvCollPH,384,800,000BEB26,0,1,1,4294967295,0,0
oInvCollPH,400,800,003B6A8C,0,1,1,4294967295,0,0
oInvCollPH,400,784,00240AB6,0,1,1,4294967295,0,0
oInvCollPH,384,784,0009D31E,0,1,1,4294967295,0,0
oInvCollPH,416,768,003B46EF,0,1,1,4294967295,0,0
oInvCollPH,416,800,0036771A,0,1,1,4294967295,0,0
oInvCollPH,432,800,0012CE0B,0,1,1,4294967295,0,0
oInvCollPH,448,800,000015E5,0,1,1,4294967295,0,0
oInvCollPH,464,800,000892E2,0,1,1,4294967295,0,0
oInvCollPH,480,800,00373FEF,0,1,1,4294967295,0,0
oInvCollPH,496,800,002CBA26,0,1,1,4294967295,0,0
oInvCollPH,496,752,00227D5B,0,1,1,4294967295,0,0
oInvCollPH,480,752,001C6804,0,1,1,4294967295,0,0
oInvCollPH,464,752,0030833B,0,1,1,4294967295,0,0
oInvCollPH,448,752,0038FC90,0,1,1,4294967295,0,0
oInvCollPH,432,752,00350313,0,1,1,4294967295,0,0
oInvCollPH,512,736,0017162E,0,1,1,4294967295,0,0
oInvCollPH,512,832,002FB0C8,0,1,1,4294967295,0,0
oInvCollPH,528,832,003B293C,0,1,1,4294967295,0,0
oInvCollPH,544,832,003CD8A9,0,1,1,4294967295,0,0
oInvCollPH,560,832,0003506D,0,1,1,4294967295,0,0
oInvCollPH,576,800,000DDCC7,0,1,1,4294967295,0,0
oInvCollPH,592,800,001548C7,0,1,1,4294967295,0,0
oInvCollPH,608,800,000834BB,0,1,1,4294967295,0,0
oInvCollPH,624,800,000B78B4,0,1,1,4294967295,0,0
oInvCollPH,640,800,0038BAFB,0,1,1,4294967295,0,0
oInvCollPH,640,784,001D05D1,0,1,1,4294967295,0,0
oInvCollPH,640,768,00321799,0,1,1,4294967295,0,0
oInvCollPH,640,752,00125BB3,0,1,1,4294967295,0,0
oInvCollPH,640,736,002AD4C9,0,1,1,4294967295,0,0
oInvCollPH,640,720,00283479,0,1,1,4294967295,0,0
oInvCollPH,624,720,0040248F,0,1,1,4294967295,0,0
oInvCollPH,608,720,001F6882,0,1,1,4294967295,0,0
oInvCollPH,592,720,00040BC8,0,1,1,4294967295,0,0
oInvCollPH,576,720,002B29F4,0,1,1,4294967295,0,0
oInvCollPH,560,720,00148166,0,1,1,4294967295,0,0
oInvCollPH,544,720,001BB4F1,0,1,1,4294967295,0,0
oInvCollPH,528,720,0037C98A,0,1,1,4294967295,0,0
oInvCollPH,560,816,000D430D,0,1,1,4294967295,0,0
oInvCollPH,272,992,0031B511,0,1,1,4294967295,0,0
oInvCollPH,272,1008,003045B0,0,1,1,4294967295,0,0
oInvCollPH,272,1024,001CBFEA,0,1,1,4294967295,0,0
oInvCollPH,272,1040,002C3DA9,0,1,1,4294967295,0,0
oInvCollPH,704,1040,0022C3CD,0,1,1,4294967295,0,0
oInvCollPH,704,1024,0022C730,0,1,1,4294967295,0,0
oInvCollPH,704,1008,003EAA37,0,1,1,4294967295,0,0
oInvCollPH,704,992,0012A02A,0,1,1,4294967295,0,0
oInvCollPH,704,976,00304998,0,1,1,4294967295,0,0
oInvCollPH,688,976,00227129,0,1,1,4294967295,0,0
oInvCollPH,672,976,0013BA0E,0,1,1,4294967295,0,0
oInvCollPH,656,976,003D9AA4,0,1,1,4294967295,0,0
oInvCollPH,640,976,000E8446,0,1,1,4294967295,0,0
oInvCollPH,624,976,0000B751,0,1,1,4294967295,0,0
oInvCollPH,608,976,001ABEF6,0,1,1,4294967295,0,0
oInvCollPH,592,976,0011B63E,0,1,1,4294967295,0,0
oInvCollPH,576,976,000D79BB,0,1,1,4294967295,0,0
oInvCollPH,560,976,00287C0A,0,1,1,4294967295,0,0
oInvCollPH,288,976,0023D773,0,1,1,4294967295,0,0
oInvCollPH,304,976,003E865D,0,1,1,4294967295,0,0
oInvCollPH,320,976,0018FD68,0,1,1,4294967295,0,0
oInvCollPH,336,976,002E2513,0,1,1,4294967295,0,0
oInvCollPH,352,976,0025C9F7,0,1,1,4294967295,0,0
oInvCollPH,368,976,000DBF5B,0,1,1,4294967295,0,0
oInvCollPH,384,976,002FA800,0,1,1,4294967295,0,0
oInvCollPH,400,976,002D6099,0,1,1,4294967295,0,0
oInvCollPH,416,976,00070286,0,1,1,4294967295,0,0
oInvCollPH,432,976,000047B1,0,1,1,4294967295,0,0
oInvCollPH,448,976,00012D8A,0,1,1,4294967295,0,0
oInvCollPH,464,976,002E4783,0,1,1,4294967295,0,0
oInvCollPH,480,976,0017254E,0,1,1,4294967295,0,0
oInvCollPH,496,976,00158376,0,1,1,4294967295,0,0
oInvCollPH,512,976,0039E218,0,1,1,4294967295,0,0
oInvCollPH,528,976,0023BA9F,0,1,1,4294967295,0,0
oInvCollPH,544,976,0001BD47,0,1,1,4294967295,0,0
oInvCollPH,816,1040,003B180B,0,1,1,4294967295,0,0
oInvCollPH,816,1024,0008594F,0,1,1,4294967295,0,0
oInvCollPH,816,1008,00218E07,0,1,1,4294967295,0,0
oInvCollPH,816,992,00195880,0,1,1,4294967295,0,0
oInvCollPH,816,976,00291B22,0,1,1,4294967295,0,0
oInvCollPH,816,960,000A5CAA,0,1,1,4294967295,0,0
oInvCollPH,832,1040,0038E063,0,1,1,4294967295,0,0
oInvCollPH,832,1024,0020A864,0,1,1,4294967295,0,0
oInvCollPH,832,1008,00032D6E,0,1,1,4294967295,0,0
oInvCollPH,832,992,00086711,0,1,1,4294967295,0,0
oInvCollPH,832,976,0039E482,0,1,1,4294967295,0,0
oInvCollPH,832,960,0011AADA,0,1,1,4294967295,0,0
oInvCollPH,832,944,0023B6C8,0,1,1,4294967295,0,0
oInvCollPH,960,1040,000C2E7C,0,1,1,4294967295,0,0
oInvCollPH,960,1024,002B053C,0,1,1,4294967295,0,0
oInvCollPH,960,1008,002AD3F4,0,1,1,4294967295,0,0
oInvCollPH,960,992,000839C2,0,1,1,4294967295,0,0
oInvCollPH,960,976,001FFED9,0,1,1,4294967295,0,0
oInvCollPH,960,960,0012D827,0,1,1,4294967295,0,0
oInvCollPH,976,1024,001D0EBB,0,1,1,4294967295,0,0
oInvCollPH,976,1008,0029F9BE,0,1,1,4294967295,0,0
oInvCollPH,976,992,001B73E0,0,1,1,4294967295,0,0
oInvCollPH,976,976,0004EAE1,0,1,1,4294967295,0,0
oInvCollPH,976,960,00089228,0,1,1,4294967295,0,0
oInvCollPH,976,1040,00127DD5,0,1,1,4294967295,0,0
oInvCollPH,976,944,00315A4A,0,1,1,4294967295,0,0
oInvCollPH,1120,928,00302214,0,1,1,4294967295,0,0
oInvCollPH,1120,944,00402869,0,1,1,4294967295,0,0
oInvCollPH,1120,960,001B3B0F,0,1,1,4294967295,0,0
oInvCollPH,1120,976,003F7E57,0,1,1,4294967295,0,0
oInvCollPH,1120,992,003CE3FF,0,1,1,4294967295,0,0
oInvCollPH,1120,1008,001E3C80,0,1,1,4294967295,0,0
oInvCollPH,1120,1024,0007CC6B,0,1,1,4294967295,0,0
oInvCollPH,1120,1040,00360206,0,1,1,4294967295,0,0
oInvCollPH,1136,1040,001C6EA9,0,1,1,4294967295,0,0
oInvCollPH,1136,1024,000B476C,0,1,1,4294967295,0,0
oInvCollPH,1136,1008,0007E987,0,1,1,4294967295,0,0
oInvCollPH,1136,992,0037B42D,0,1,1,4294967295,0,0
oInvCollPH,1136,976,00360952,0,1,1,4294967295,0,0
oInvCollPH,1136,960,00193D7C,0,1,1,4294967295,0,0
oInvCollPH,1136,944,0033BACA,0,1,1,4294967295,0,0
oInvCollPH,1136,928,00261218,0,1,1,4294967295,0,0
oInvCollPH,1136,912,003038CB,0,1,1,4294967295,0,0
oInvCollPH,1280,944,00348FFD,0,1,1,4294967295,0,0
oInvCollPH,1296,944,002B64D4,0,1,1,4294967295,0,0
oInvCollPH,1312,944,001DA53D,0,1,1,4294967295,0,0
oInvCollPH,1328,944,00293AFF,0,1,1,4294967295,0,0
oInvCollPH,1264,960,0033D9AF,0,1,1,4294967295,0,0
oInvCollPH,1264,976,0012278C,0,1,1,4294967295,0,0
oInvCollPH,1264,992,0033DC76,0,1,1,4294967295,0,0
oInvCollPH,1264,1008,0039298E,0,1,1,4294967295,0,0
oInvCollPH,1264,1024,00219C05,0,1,1,4294967295,0,0
oInvCollPH,1264,1040,00290418,0,1,1,4294967295,0,0
oInvCollPH,1344,944,001A1757,0,1,1,4294967295,0,0
oInvCollPH,1360,944,002EEE07,0,1,1,4294967295,0,0
oInvCollPH,1376,944,002A663A,0,1,1,4294967295,0,0
oInvCollPH,1392,944,00212241,0,1,1,4294967295,0,0
oInvCollPH,1408,912,001A832C,0,1,1,4294967295,0,0
oInvCollPH,1408,928,00079600,0,1,1,4294967295,0,0
oInvCollPH,1424,896,002A60B1,0,1,1,4294967295,0,0
oInvCollPH,1440,896,000F16C2,0,1,1,4294967295,0,0
oInvCollPH,1456,880,002E2913,0,1,1,4294967295,0,0
oInvCollPH,1456,864,002DF910,0,1,1,4294967295,0,0
oInvCollPH,1472,848,0026AF52,0,1,1,4294967295,0,0
oInvCollPH,1488,848,0032EBDC,0,1,1,4294967295,0,0
oInvCollPH,1520,784,00025706,0,1,1,4294967295,0,0
oInvCollPH,1536,784,0020254A,0,1,1,4294967295,0,0
oInvCollPH,1552,784,000BD358,0,1,1,4294967295,0,0
oInvCollPH,1568,752,001C836E,0,1,1,4294967295,0,0
oInvCollPH,1504,800,00108B06,0,1,1,4294967295,0,0
oInvCollPH,1504,816,002ED142,0,1,1,4294967295,0,0
oInvCollPH,1504,832,001DA336,0,1,1,4294967295,0,0
oInvCollPH,1568,768,000680D4,0,1,1,4294967295,0,0
oInvCollPH,1584,736,0037E63E,0,1,1,4294967295,0,0
oInvCollPH,1600,720,000ED241,0,1,1,4294967295,0,0
oInvCollPH,1616,704,0009DBED,0,1,1,4294967295,0,0
oInvCollPH,1632,736,001FEE24,0,1,1,4294967295,0,0
oInvCollPH,1648,736,00121858,0,1,1,4294967295,0,0
oInvCollPH,1664,736,00220E76,0,1,1,4294967295,0,0
oInvCollPH,1664,640,00246F6B,0,1,1,4294967295,0,0
oInvCollPH,1648,640,00364A75,0,1,1,4294967295,0,0
oInvCollPH,1632,656,0021B939,0,1,1,4294967295,0,0
oInvCollPH,1648,656,00315578,0,1,1,4294967295,0,0
oInvCollPH,1664,656,00186B86,0,1,1,4294967295,0,0
oInvCollPH,1456,592,00270350,0,1,1,4294967295,0,0
oInvCollPH,1472,592,002C2A20,0,1,1,4294967295,0,0
oInvCollPH,1488,592,002ABB65,0,1,1,4294967295,0,0
oInvCollPH,1504,592,003CE594,0,1,1,4294967295,0,0
oInvCollPH,1520,592,00081249,0,1,1,4294967295,0,0
oInvCollPH,1520,576,00046A3E,0,1,1,4294967295,0,0
oInvCollPH,1504,576,001B419B,0,1,1,4294967295,0,0
oInvCollPH,1488,576,00230C45,0,1,1,4294967295,0,0
oInvCollPH,1472,576,0036CEDD,0,1,1,4294967295,0,0
oInvCollPH,1360,624,000294C4,0,1,1,4294967295,0,0
oInvCollPH,1376,624,000CCBCB,0,1,1,4294967295,0,0
oInvCollPH,1392,624,000C9033,0,1,1,4294967295,0,0
oInvCollPH,1408,624,003A9330,0,1,1,4294967295,0,0
oInvCollPH,1424,624,00023082,0,1,1,4294967295,0,0
oInvCollPH,1440,624,003F8B09,0,1,1,4294967295,0,0
oInvCollPH,1440,608,0034AED5,0,1,1,4294967295,0,0
oInvCollPH,1440,576,0013644D,0,1,1,4294967295,0,0
oInvCollPH,1424,576,003115AA,0,1,1,4294967295,0,0
oInvCollPH,1408,576,002ADC3B,0,1,1,4294967295,0,0
oInvCollPH,1392,576,00053723,0,1,1,4294967295,0,0
oInvCollPH,1376,576,00235BEE,0,1,1,4294967295,0,0
oInvCollPH,1296,656,0029FCE7,0,1,1,4294967295,0,0
oInvCollPH,1312,656,0004C7C1,0,1,1,4294967295,0,0
oInvCollPH,1328,656,003666A2,0,1,1,4294967295,0,0
oInvCollPH,1344,656,002DFBFD,0,1,1,4294967295,0,0
oInvCollPH,1344,640,0015DC70,0,1,1,4294967295,0,0
oInvCollPH,1344,576,003867F0,0,1,1,4294967295,0,0
oInvCollPH,1328,576,003E386A,0,1,1,4294967295,0,0
oInvCollPH,1312,576,0017083F,0,1,1,4294967295,0,0
oInvCollPH,1232,688,00370971,0,1,1,4294967295,0,0
oInvCollPH,1248,688,0026E21C,0,1,1,4294967295,0,0
oInvCollPH,1264,688,00228A77,0,1,1,4294967295,0,0
oInvCollPH,1280,688,00372E7D,0,1,1,4294967295,0,0
oInvCollPH,1280,672,0025367D,0,1,1,4294967295,0,0
oInvCollPH,1280,576,0006FC15,0,1,1,4294967295,0,0
oInvCollPH,1264,576,001A4193,0,1,1,4294967295,0,0
oInvCollPH,1248,576,001F0455,0,1,1,4294967295,0,0
oInvCollPH,1200,576,00250579,0,1,1,4294967295,0,0
oInvCollPH,1184,576,00098310,0,1,1,4294967295,0,0
oInvCollPH,1168,576,000ED27D,0,1,1,4294967295,0,0
oInvCollPH,1152,576,001FB5BC,0,1,1,4294967295,0,0
oInvCollPH,1136,576,003FD402,0,1,1,4294967295,0,0
oInvCollPH,1216,576,001728E5,0,1,1,4294967295,0,0
oInvCollPH,1120,592,001F36F4,0,1,1,4294967295,0,0
oInvCollPH,1120,608,0021A85F,0,1,1,4294967295,0,0
oInvCollPH,1120,624,0037589C,0,1,1,4294967295,0,0
oInvCollPH,1120,640,003F56AD,0,1,1,4294967295,0,0
oInvCollPH,1120,656,0023157B,0,1,1,4294967295,0,0
oInvCollPH,1120,672,0003647A,0,1,1,4294967295,0,0
oInvCollPH,1120,688,001AC402,0,1,1,4294967295,0,0
oInvCollPH,1120,704,0009D147,0,1,1,4294967295,0,0
oInvCollPH,1120,720,00234AC8,0,1,1,4294967295,0,0
oInvCollPH,1136,720,003E5B9C,0,1,1,4294967295,0,0
oInvCollPH,1152,720,0036FA91,0,1,1,4294967295,0,0
oInvCollPH,1168,720,0015FF80,0,1,1,4294967295,0,0
oInvCollPH,1184,720,0008E262,0,1,1,4294967295,0,0
oInvCollPH,1200,720,001D8994,0,1,1,4294967295,0,0
oInvCollPH,1216,720,002CAA65,0,1,1,4294967295,0,0
oInvCollPH,1216,704,003856E0,0,1,1,4294967295,0,0
oInvCollPH,752,624,001741E8,0,1,1,4294967295,0,0
oInvCollPH,752,640,002C5A1D,0,1,1,4294967295,0,0
oInvCollPH,752,656,000A7107,0,1,1,4294967295,0,0
oInvCollPH,752,672,0023AF83,0,1,1,4294967295,0,0
oInvCollPH,752,688,001228EA,0,1,1,4294967295,0,0
oInvCollPH,752,704,0002F334,0,1,1,4294967295,0,0
oInvCollPH,752,720,00125523,0,1,1,4294967295,0,0
oInvCollPH,752,736,0032CBD5,0,1,1,4294967295,0,0
oInvCollPH,752,752,0005D320,0,1,1,4294967295,0,0
oInvCollPH,768,608,0038B006,0,1,1,4294967295,0,0
oInvCollPH,784,608,0026AD81,0,1,1,4294967295,0,0
oInvCollPH,800,608,0036BAC6,0,1,1,4294967295,0,0
oInvCollPH,816,608,00317369,0,1,1,4294967295,0,0
oInvCollPH,832,592,000257DC,0,1,1,4294967295,0,0
oInvCollPH,848,576,002AE7EE,0,1,1,4294967295,0,0
oInvCollPH,864,576,00053D8F,0,1,1,4294967295,0,0
oInvCollPH,880,576,00271CDF,0,1,1,4294967295,0,0
oInvCollPH,896,576,0025D7F3,0,1,1,4294967295,0,0
oInvCollPH,768,752,0031E7F6,0,1,1,4294967295,0,0
oInvCollPH,784,752,000C4331,0,1,1,4294967295,0,0
oInvCollPH,800,752,000755CB,0,1,1,4294967295,0,0
oInvCollPH,816,752,00261ADA,0,1,1,4294967295,0,0
oInvCollPH,832,752,00249E2D,0,1,1,4294967295,0,0
oInvCollPH,848,752,003F9D8D,0,1,1,4294967295,0,0
oInvCollPH,864,752,0007128F,0,1,1,4294967295,0,0
oInvCollPH,880,752,0031BF2D,0,1,1,4294967295,0,0
oInvCollPH,896,752,001D38E0,0,1,1,4294967295,0,0
oInvCollPH,912,752,000AE8AD,0,1,1,4294967295,0,0
oInvCollPH,928,752,000511B8,0,1,1,4294967295,0,0
oInvCollPH,944,752,001B1023,0,1,1,4294967295,0,0
oInvCollPH,960,752,00004C66,0,1,1,4294967295,0,0
oInvCollPH,976,752,003FB8E4,0,1,1,4294967295,0,0
oInvCollPH,976,736,0002858D,0,1,1,4294967295,0,0
oInvCollPH,976,720,003DB4B2,0,1,1,4294967295,0,0
oInvCollPH,976,704,00310715,0,1,1,4294967295,0,0
oInvCollPH,976,688,003F880D,0,1,1,4294967295,0,0
oInvCollPH,976,672,00208439,0,1,1,4294967295,0,0
oInvCollPH,976,656,003C8746,0,1,1,4294967295,0,0
oInvCollPH,976,640,0007B572,0,1,1,4294967295,0,0
oInvCollPH,976,624,00031FD4,0,1,1,4294967295,0,0
oInvCollPH,976,608,00152FED,0,1,1,4294967295,0,0
oInvCollPH,976,592,001B9F4F,0,1,1,4294967295,0,0
oInvCollPH,976,576,000C4975,0,1,1,4294967295,0,0
oInvCollPH,960,576,001ED56D,0,1,1,4294967295,0,0
oInvCollPH,944,576,001DD7EC,0,1,1,4294967295,0,0
oInvCollPH,928,576,00016A17,0,1,1,4294967295,0,0
oInvCollPH,912,576,003742EB,0,1,1,4294967295,0,0
oInvCollPH,528,480,003B1C0C,0,1,1,4294967295,0,0
oInvCollPH,528,496,003D83CA,0,1,1,4294967295,0,0
oInvCollPH,560,512,003FA3C5,0,1,1,4294967295,0,0
oInvCollPH,576,512,001A8804,0,1,1,4294967295,0,0
oInvCollPH,592,512,000CF0F0,0,1,1,4294967295,0,0
oInvCollPH,592,528,002D9549,0,1,1,4294967295,0,0
oInvCollPH,592,560,00116F5A,0,1,1,4294967295,0,0
oInvCollPH,576,560,001C3F7A,0,1,1,4294967295,0,0
oInvCollPH,560,560,0022263B,0,1,1,4294967295,0,0
oInvCollPH,544,560,0033B9F0,0,1,1,4294967295,0,0
oInvCollPH,528,560,00132654,0,1,1,4294967295,0,0
oInvCollPH,512,560,003ABB05,0,1,1,4294967295,0,0
oInvCollPH,608,560,0025EB5C,0,1,1,4294967295,0,0
oInvCollPH,624,560,001D1B31,0,1,1,4294967295,0,0
oInvCollPH,640,560,0039B304,0,1,1,4294967295,0,0
oInvCollPH,656,560,0028B1E2,0,1,1,4294967295,0,0
oInvCollPH,672,560,001AB224,0,1,1,4294967295,0,0
oInvCollPH,672,544,003615A8,0,1,1,4294967295,0,0
oInvCollPH,656,544,003027F4,0,1,1,4294967295,0,0
oInvCollPH,640,544,001C1270,0,1,1,4294967295,0,0
oInvCollPH,624,544,000B6DF1,0,1,1,4294967295,0,0
oInvCollPH,384,480,001CDC04,0,1,1,4294967295,0,0
oInvCollPH,400,480,000843BC,0,1,1,4294967295,0,0
oInvCollPH,416,480,00381602,0,1,1,4294967295,0,0
oInvCollPH,432,480,000D3C87,0,1,1,4294967295,0,0
oInvCollPH,448,480,0027491A,0,1,1,4294967295,0,0
oInvCollPH,464,480,003BC17D,0,1,1,4294967295,0,0
oInvCollPH,480,480,003814E6,0,1,1,4294967295,0,0
oInvCollPH,496,480,001902FD,0,1,1,4294967295,0,0
oInvCollPH,512,480,000C6802,0,1,1,4294967295,0,0
oInvCollPH,368,496,000A45E8,0,1,1,4294967295,0,0
oInvCollPH,368,512,000CE2AD,0,1,1,4294967295,0,0
oInvCollPH,368,528,0002568E,0,1,1,4294967295,0,0
oInvCollPH,368,544,00286B10,0,1,1,4294967295,0,0
oInvCollPH,368,560,0009BA1A,0,1,1,4294967295,0,0
oInvCollPH,384,560,00132A63,0,1,1,4294967295,0,0
oInvCollPH,400,560,00274EB3,0,1,1,4294967295,0,0
oInvCollPH,416,560,0037AF74,0,1,1,4294967295,0,0
oInvCollPH,432,560,0032E4D1,0,1,1,4294967295,0,0
oInvCollPH,448,560,003F2762,0,1,1,4294967295,0,0
oInvCollPH,464,560,0022405B,0,1,1,4294967295,0,0
oInvCollPH,480,560,001ABDB5,0,1,1,4294967295,0,0
oInvCollPH,496,560,001EA928,0,1,1,4294967295,0,0
oInvCollPH,208,720,000CE102,0,1,1,4294967295,0,0
oInvCollPH,16,656,0007E346,0,1,1,4294967295,0,0
oInvCollPH,32,656,0025222F,0,1,1,4294967295,0,0
oInvCollPH,48,656,0039A830,0,1,1,4294967295,0,0
oInvCollPH,64,656,0006E55F,0,1,1,4294967295,0,0
oInvCollPH,80,656,001C2123,0,1,1,4294967295,0,0
oInvCollPH,96,656,0032159D,0,1,1,4294967295,0,0
oInvCollPH,112,656,002AE363,0,1,1,4294967295,0,0
oInvCollPH,128,656,003AA720,0,1,1,4294967295,0,0
oInvCollPH,144,656,003BE110,0,1,1,4294967295,0,0
oInvCollPH,160,656,000527E8,0,1,1,4294967295,0,0
oInvCollPH,176,656,00327ED6,0,1,1,4294967295,0,0
oInvCollPH,192,656,0036A263,0,1,1,4294967295,0,0
oInvCollPH,192,672,00302750,0,1,1,4294967295,0,0
oInvCollPH,192,688,00351507,0,1,1,4294967295,0,0
oInvCollPH,0,800,0035BC0F,0,1,1,4294967295,0,0
oInvCollPH,16,800,0038E523,0,1,1,4294967295,0,0
oInvCollPH,32,800,002CB57D,0,1,1,4294967295,0,0
oInvCollPH,48,800,002BE931,0,1,1,4294967295,0,0
oInvCollPH,64,800,00072588,0,1,1,4294967295,0,0
oInvCollPH,144,800,00010563,0,1,1,4294967295,0,0
oInvCollPH,128,800,000B9272,0,1,1,4294967295,0,0
oInvCollPH,112,800,00232684,0,1,1,4294967295,0,0
oInvCollPH,96,800,0004EA44,0,1,1,4294967295,0,0
oInvCollPH,80,800,0011DEF8,0,1,1,4294967295,0,0
oInvCollPH,160,800,002BB599,0,1,1,4294967295,0,0
oInvCollPH,176,800,00030209,0,1,1,4294967295,0,0
oInvCollPH,192,800,00365C39,0,1,1,4294967295,0,0
oInvCollPH,192,784,0034515F,0,1,1,4294967295,0,0
oInvCollPH,192,768,002193D7,0,1,1,4294967295,0,0
oInvCollPH,192,752,00295083,0,1,1,4294967295,0,0
oInvCollPH,192,736,0026110F,0,1,1,4294967295,0,0
oInvCollPH,96,576,00277B44,0,1,1,4294967295,0,0
oInvCollPH,112,576,0001E368,0,1,1,4294967295,0,0
oInvCollPH,128,576,0022B8FD,0,1,1,4294967295,0,0
oInvCollPH,144,576,000440F8,0,1,1,4294967295,0,0
oInvCollPH,160,576,0032E483,0,1,1,4294967295,0,0
oInvCollPH,176,576,0014E957,0,1,1,4294967295,0,0
oInvCollPH,192,576,003AA1CC,0,1,1,4294967295,0,0
oInvCollPH,208,576,00292594,0,1,1,4294967295,0,0
oInvCollPH,224,576,001FF05D,0,1,1,4294967295,0,0
oInvCollPH,240,576,00169682,0,1,1,4294967295,0,0
oInvCollPH,256,576,000A5434,0,1,1,4294967295,0,0
oInvCollPH,272,576,0023A7CD,0,1,1,4294967295,0,0
oInvCollPH,272,560,00359D34,0,1,1,4294967295,0,0
oInvCollPH,272,432,0038EABC,0,1,1,4294967295,0,0
oInvCollPH,272,448,000D0E03,0,1,1,4294967295,0,0
oInvCollPH,272,464,00126BAC,0,1,1,4294967295,0,0
oInvCollPH,272,480,0018FAE5,0,1,1,4294967295,0,0
oInvCollPH,80,544,00276E37,0,1,1,4294967295,0,0
oInvCollPH,64,544,000111DA,0,1,1,4294967295,0,0
oInvCollPH,48,544,000D83B3,0,1,1,4294967295,0,0
oInvCollPH,32,544,000E57F4,0,1,1,4294967295,0,0
oInvCollPH,16,544,00235159,0,1,1,4294967295,0,0
oInvCollPH,0,544,003B9138,0,1,1,4294967295,0,0
oInvCollPH,272,544,003EB6F6,0,1,1,4294967295,0,0
oInvCollPH,272,528,001D2312,0,1,1,4294967295,0,0
oInvCollPH,272,512,0016979E,0,1,1,4294967295,0,0
oInvCollPH,272,496,0017EC96,0,1,1,4294967295,0,0
oInvCollPH,256,432,00119432,0,1,1,4294967295,0,0
oInvCollPH,224,416,0030F6F8,0,1,1,4294967295,0,0
oInvCollPH,208,416,00152A90,0,1,1,4294967295,0,0
oInvCollPH,240,432,0008902E,0,1,1,4294967295,0,0
oInvCollPH,192,432,003A7FB1,0,1,1,4294967295,0,0
oInvCollPH,176,432,001D95D5,0,1,1,4294967295,0,0
oInvCollPH,112,368,000C52F2,0,1,1,4294967295,0,0
oInvCollPH,112,384,00105F68,0,1,1,4294967295,0,0
oInvCollPH,96,400,00176198,0,1,1,4294967295,0,0
oInvCollPH,80,416,003DA154,0,1,1,4294967295,0,0
oInvCollPH,64,432,00355B9C,0,1,1,4294967295,0,0
oInvCollPH,48,432,0009B305,0,1,1,4294967295,0,0
oInvCollPH,32,432,000FB70C,0,1,1,4294967295,0,0
oInvCollPH,16,432,00304A25,0,1,1,4294967295,0,0
oInvCollSH,912,400,002BFFFF,0,1,1,4294967295,0,0
oInvCollSH,928,400,002828E4,0,1,1,4294967295,0,0
oInvCollSH,944,400,00152193,0,1,1,4294967295,0,0
oInvCollSH,960,400,0011D383,0,1,1,4294967295,0,0
oInvCollSH,976,400,001F8362,0,1,1,4294967295,0,0
oInvCollSH,992,400,00329622,0,1,1,4294967295,0,0
oInvCollSH,1008,400,0005DFE1,0,1,1,4294967295,0,0
oInvCollSH,1024,400,001153B9,0,1,1,4294967295,0,0
oInvCollSH,1040,400,001CF93F,0,1,1,4294967295,0,0
oInvCollSH,1264,400,0006F943,0,1,1,4294967295,0,0
oInvCollSH,1248,400,003A46A4,0,1,1,4294967295,0,0
oInvCollSH,1232,400,001C9D58,0,1,1,4294967295,0,0
oInvCollSH,1216,400,0008A0D4,0,1,1,4294967295,0,0
oInvCollSH,1200,400,0005E0F5,0,1,1,4294967295,0,0
oInvCollSH,1184,400,0015D24A,0,1,1,4294967295,0,0
oInvCollSH,1168,400,0029E85E,0,1,1,4294967295,0,0
oInvCollSH,1152,400,00293385,0,1,1,4294967295,0,0
oInvCollSH,1136,400,0012CDFE,0,1,1,4294967295,0,0
oInvCollSH,1120,400,000CE369,0,1,1,4294967295,0,0
oInvCollSH,1056,400,0035364F,0,1,1,4294967295,0,0
oInvCollSH,1072,400,0035D9E8,0,1,1,4294967295,0,0
oInvCollSH,1088,400,002BEB72,0,1,1,4294967295,0,0
oInvCollSH,1104,400,001248E4,0,1,1,4294967295,0,0
oInvCollPH,1280,416,00189CE9,0,1,1,4294967295,0,0
oInvCollPH,1296,416,002D6EDA,0,1,1,4294967295,0,0
oInvCollPH,1312,416,0025611C,0,1,1,4294967295,0,0
oInvCollPH,1328,416,003E1500,0,1,1,4294967295,0,0
oInvCollPH,1344,416,00378C27,0,1,1,4294967295,0,0
oInvCollPH,1360,416,0006C996,0,1,1,4294967295,0,0
oInvCollPH,1360,400,002910EF,0,1,1,4294967295,0,0
oInvCollPH,1344,400,0004A841,0,1,1,4294967295,0,0
oInvCollPH,1328,400,0000BB2B,0,1,1,4294967295,0,0
oInvCollPH,1312,400,001F2BE0,0,1,1,4294967295,0,0
oInvCollPH,1296,400,0027B6B3,0,1,1,4294967295,0,0
oInvCollPH,1472,464,002D9D4D,0,1,1,4294967295,0,0
oInvCollPH,1488,464,00244693,0,1,1,4294967295,0,0
oInvCollPH,1504,464,0017407A,0,1,1,4294967295,0,0
oInvCollPH,1520,464,003CA643,0,1,1,4294967295,0,0
oInvCollPH,1520,448,001BA69D,0,1,1,4294967295,0,0
oInvCollPH,1504,448,00262841,0,1,1,4294967295,0,0
oInvCollPH,1488,448,0010FBA5,0,1,1,4294967295,0,0
oInvCollPH,1648,528,0026C1D8,0,1,1,4294967295,0,0
oInvCollPH,1664,528,000487B9,0,1,1,4294967295,0,0
oInvCollPH,1664,512,00305934,0,1,1,4294967295,0,0
oInvCollPH,720,448,00207459,0,1,1,4294967295,0,0
oInvCollPH,736,448,00173F85,0,1,1,4294967295,0,0
oInvCollPH,752,448,000DFDCE,0,1,1,4294967295,0,0
oInvCollPH,768,448,00091A73,0,1,1,4294967295,0,0
oInvCollPH,784,448,00098CAD,0,1,1,4294967295,0,0
oInvCollPH,784,432,000D31A6,0,1,1,4294967295,0,0
oInvCollPH,768,432,0011F8E1,0,1,1,4294967295,0,0
oInvCollPH,752,432,0010B7B7,0,1,1,4294967295,0,0
oInvCollPH,736,432,002EE038,0,1,1,4294967295,0,0
oInvCollPH,800,416,0031A620,0,1,1,4294967295,0,0
oInvCollPH,800,448,0002B61F,0,1,1,4294967295,0,0
oInvCollPH,816,448,003031FD,0,1,1,4294967295,0,0
oInvCollPH,832,448,00319663,0,1,1,4294967295,0,0
oInvCollPH,848,448,00001B15,0,1,1,4294967295,0,0
oInvCollPH,864,448,00220484,0,1,1,4294967295,0,0
oInvCollPH,880,448,00089756,0,1,1,4294967295,0,0
oInvCollPH,880,432,002A6E87,0,1,1,4294967295,0,0
oInvCollPH,880,416,001AF45D,0,1,1,4294967295,0,0
oInvCollPH,880,400,00084628,0,1,1,4294967295,0,0
oInvCollPH,864,400,0038E150,0,1,1,4294967295,0,0
oInvCollPH,848,400,000B4E38,0,1,1,4294967295,0,0
oInvCollPH,832,400,00305D3E,0,1,1,4294967295,0,0
oInvCollPH,816,400,001633A1,0,1,1,4294967295,0,0
oInvCollPH,224,400,00284112,0,1,1,4294967295,0,0
oInvCollPH,112,352,002BACE1,0,1,1,4294967295,0,0
oInvCollPH,128,336,0032AFDC,0,1,1,4294967295,0,0
oInvCollPH,144,336,0032ABAE,0,1,1,4294967295,0,0
oInvCollPH,160,336,00208AD7,0,1,1,4294967295,0,0
oInvCollPH,160,352,000B9137,0,1,1,4294967295,0,0
oInvCollPH,160,368,002A1C83,0,1,1,4294967295,0,0
oInvCollPH,160,384,001047D5,0,1,1,4294967295,0,0
oInvCollPH,160,400,000327B4,0,1,1,4294967295,0,0
oInvCollPH,160,416,00319558,0,1,1,4294967295,0,0
oInvCollPH,16,208,003C5D41,0,1,1,4294967295,0,0
oInvCollPH,32,208,00009EFB,0,1,1,4294967295,0,0
oInvCollPH,48,208,0001965F,0,1,1,4294967295,0,0
oInvCollPH,64,208,000B0738,0,1,1,4294967295,0,0
oInvCollPH,80,208,0014872E,0,1,1,4294967295,0,0
oInvCollPH,96,208,0029CA94,0,1,1,4294967295,0,0
oInvCollPH,112,208,0008C86A,0,1,1,4294967295,0,0
oInvCollPH,128,208,00166205,0,1,1,4294967295,0,0
oInvCollPH,144,208,0028C0A8,0,1,1,4294967295,0,0
oInvCollPH,160,208,00074FE7,0,1,1,4294967295,0,0
oInvCollPH,160,224,0024E485,0,1,1,4294967295,0,0
oInvCollPH,160,240,001DF38C,0,1,1,4294967295,0,0
oInvCollPH,160,256,002396CF,0,1,1,4294967295,0,0
oInvCollPH,144,256,002FA0D5,0,1,1,4294967295,0,0
oInvCollPH,128,256,002E8D3D,0,1,1,4294967295,0,0
oInvCollPH,112,256,00291840,0,1,1,4294967295,0,0
oInvCollPH,96,256,00123992,0,1,1,4294967295,0,0
oInvCollPH,80,256,001E3BBE,0,1,1,4294967295,0,0
oInvCollPH,64,256,002639DA,0,1,1,4294967295,0,0
oInvCollPH,48,256,000E7FDF,0,1,1,4294967295,0,0
oInvCollPH,32,256,003E0BD4,0,1,1,4294967295,0,0
oInvCollPH,16,256,00227A56,0,1,1,4294967295,0,0
oInvCollPH,0,256,002F7410,0,1,1,4294967295,0,0
oInvCollPH,1136,176,00294663,0,1,1,4294967295,0,0
oInvCollPH,1152,176,002D1166,0,1,1,4294967295,0,0
oInvCollPH,1168,176,0011D477,0,1,1,4294967295,0,0
oInvCollPH,784,176,002EFDE1,0,1,1,4294967295,0,0
oInvCollPH,800,176,003C95E2,0,1,1,4294967295,0,0
oInvCollPH,816,176,0017EB1A,0,1,1,4294967295,0,0
oInvCollPH,768,192,003AB5EC,0,1,1,4294967295,0,0
oInvCollPH,784,192,002013B1,0,1,1,4294967295,0,0
oInvCollPH,800,192,0028DFAA,0,1,1,4294967295,0,0
oInvCollPH,816,192,002B2D22,0,1,1,4294967295,0,0
oInvCollPH,1120,192,0019E4C4,0,1,1,4294967295,0,0
oInvCollPH,1136,192,00028B52,0,1,1,4294967295,0,0
oInvCollPH,1152,192,001F145E,0,1,1,4294967295,0,0
oInvCollPH,1168,192,0001C511,0,1,1,4294967295,0,0
oInvCollPH,496,304,002F734A,0,1,1,4294967295,0,0
oInvCollPH,512,304,00159894,0,1,1,4294967295,0,0
oInvCollPH,528,304,0010924C,0,1,1,4294967295,0,0
oInvCollPH,528,320,00155FB4,0,1,1,4294967295,0,0
oInvCollPH,512,320,00129221,0,1,1,4294967295,0,0
oInvCollPH,496,320,0020D434,0,1,1,4294967295,0,0
oInvCollPH,480,320,002CD091,0,1,1,4294967295,0,0
oInvCollPH,384,256,002A4159,0,1,1,4294967295,0,0
oInvCollPH,400,256,00035759,0,1,1,4294967295,0,0
oInvCollPH,416,256,00211FA9,0,1,1,4294967295,0,0
oInvCollPH,432,256,00091CF0,0,1,1,4294967295,0,0
oInvCollPH,432,240,0017902C,0,1,1,4294967295,0,0
oInvCollPH,416,240,003B1182,0,1,1,4294967295,0,0
oInvCollPH,400,240,003A07DC,0,1,1,4294967295,0,0
oInvCollPH,576,208,00258C8F,0,1,1,4294967295,0,0
oInvCollPH,608,208,0013E49A,0,1,1,4294967295,0,0
oInvCollPH,624,208,00147E06,0,1,1,4294967295,0,0
oInvCollPH,592,208,001EDFDD,0,1,1,4294967295,0,0
oInvCollPH,592,192,0007ADBF,0,1,1,4294967295,0,0
oInvCollPH,624,192,00008AC0,0,1,1,4294967295,0,0
oInvCollPH,608,192,00366AB2,0,1,1,4294967295,0,0
oInvCollPH,656,352,00391C2B,0,1,1,4294967295,0,0
oInvCollPH,672,352,0001E2D0,0,1,1,4294967295,0,0
oInvCollPH,688,352,00010667,0,1,1,4294967295,0,0
oInvCollPH,704,352,002F51C2,0,1,1,4294967295,0,0
oInvCollPH,704,336,0019F972,0,1,1,4294967295,0,0
oInvCollPH,688,336,003F40CC,0,1,1,4294967295,0,0
oInvCollPH,672,336,00377291,0,1,1,4294967295,0,0
oInvCollPH,928,224,00127DA1,0,1,1,4294967295,0,0
oInvCollPH,944,224,002106C6,0,1,1,4294967295,0,0
oInvCollPH,960,224,00063B55,0,1,1,4294967295,0,0
oInvCollPH,976,224,0011348A,0,1,1,4294967295,0,0
oInvCollPH,992,224,002715A0,0,1,1,4294967295,0,0
oInvCollPH,1008,224,0003849F,0,1,1,4294967295,0,0
oInvCollPH,1008,208,003478BB,0,1,1,4294967295,0,0
oInvCollPH,992,208,00225909,0,1,1,4294967295,0,0
oInvCollPH,976,208,0011A5C8,0,1,1,4294967295,0,0
oInvCollPH,960,208,003E5465,0,1,1,4294967295,0,0
oInvCollPH,944,208,00391213,0,1,1,4294967295,0,0
oInvCollPH,1296,176,00135FE4,0,1,1,4294967295,0,0
oInvCollPH,1312,176,00322C3F,0,1,1,4294967295,0,0
oInvCollPH,1328,176,003E8DB4,0,1,1,4294967295,0,0
oInvCollPH,1344,176,003824E2,0,1,1,4294967295,0,0
oInvCollPH,1344,160,0004B37C,0,1,1,4294967295,0,0
oInvCollPH,1328,160,00381A53,0,1,1,4294967295,0,0
oInvCollPH,1312,160,002B7015,0,1,1,4294967295,0,0
oInvCollPH,1568,16,003DAD57,0,1,1,4294967295,0,0
oInvCollPH,1568,32,000CD2F3,0,1,1,4294967295,0,0
oInvCollPH,1568,48,0008FCBE,0,1,1,4294967295,0,0
oInvCollPH,1568,64,003DEA19,0,1,1,4294967295,0,0
oInvCollPH,1568,80,00029386,0,1,1,4294967295,0,0
oInvCollPH,1568,96,000EAEBC,0,1,1,4294967295,0,0
oInvCollPH,1584,96,001D9A76,0,1,1,4294967295,0,0
oInvCollPH,1600,96,002B8619,0,1,1,4294967295,0,0
oInvCollPH,1616,96,0013D39A,0,1,1,4294967295,0,0
oInvCollPH,1632,96,00338B87,0,1,1,4294967295,0,0
oInvCollPH,1648,96,000B19AB,0,1,1,4294967295,0,0
oInvCollPH,1664,96,00397FFE,0,1,1,4294967295,0,0
oInvCollPH,1504,208,003620F0,0,1,1,4294967295,0,0
oInvCollPH,1504,224,00214C51,0,1,1,4294967295,0,0
oInvCollPH,1504,240,000484AD,0,1,1,4294967295,0,0
oInvCollPH,1504,256,0016B049,0,1,1,4294967295,0,0
oInvCollPH,1504,272,003AD28D,0,1,1,4294967295,0,0
oInvCollPH,1520,272,001BAFF0,0,1,1,4294967295,0,0
oInvCollPH,1536,272,0025E73D,0,1,1,4294967295,0,0
oInvCollPH,1552,272,00348FDA,0,1,1,4294967295,0,0
oInvCollPH,1568,272,000173DF,0,1,1,4294967295,0,0
oInvCollPH,1584,272,0007019B,0,1,1,4294967295,0,0
oInvCollPH,1600,272,0032FCA9,0,1,1,4294967295,0,0
oInvCollPH,1616,272,001C2EAF,0,1,1,4294967295,0,0
oInvCollPH,1632,272,0036B8AE,0,1,1,4294967295,0,0
oInvCollPH,1648,272,001B7BF2,0,1,1,4294967295,0,0
oInvCollPH,1664,272,0000AC7A,0,1,1,4294967295,0,0
oInvCollPH,1520,192,00193319,0,1,1,4294967295,0,0
oInvCollPH,1536,192,002BC3B7,0,1,1,4294967295,0,0
oInvCollPH,1552,192,0020D8ED,0,1,1,4294967295,0,0
oInvCollPH,1568,192,000FCE06,0,1,1,4294967295,0,0
oInvCollPH,1584,192,00170868,0,1,1,4294967295,0,0
oInvCollPH,1600,192,003D136E,0,1,1,4294967295,0,0
oInvCollPH,1616,192,00205363,0,1,1,4294967295,0,0
oInvCollPH,1632,192,002DC796,0,1,1,4294967295,0,0
oInvCollPH,1648,192,002838DA,0,1,1,4294967295,0,0
oInvCollPH,1664,192,003E8E86,0,1,1,4294967295,0,0
oInvCollPH,1616,720,000547AA,0,1,1,4294967295,0,0
oInvCollPH,128,96,0006680D,0,1,1,4294967295,0,0
oInvCollPH,112,112,0038295A,0,1,1,4294967295,0,0
oInvCollPH,128,112,0002796C,0,1,1,4294967295,0,0
oInvCollPH,0,128,0039BD2D,0,1,1,4294967295,0,0
oInvCollPH,16,128,001C42E0,0,1,1,4294967295,0,0
oInvCollPH,32,128,003BB2A9,0,1,1,4294967295,0,0
oInvCollPH,48,128,00183A0B,0,1,1,4294967295,0,0
oInvCollPH,64,128,0016533C,0,1,1,4294967295,0,0
oInvCollPH,80,128,002B39FF,0,1,1,4294967295,0,0
oInvCollPH,96,128,0002A087,0,1,1,4294967295,0,0
oInvCollPH,96,0,002F09DE,0,1,1,4294967295,0,0
oInvCollPH,96,16,00173218,0,1,1,4294967295,0,0
oInvCollPH,96,32,0011E923,0,1,1,4294967295,0,0
oInvCollPH,96,48,001EB658,0,1,1,4294967295,0,0
oInvCollPH,96,64,00212EEF,0,1,1,4294967295,0,0
oInvCollPH,96,80,00084C51,0,1,1,4294967295,0,0
oInvisibleSolid,0,656,00257A4F,0,1,1,4294967295,0,1
oInvisibleSolid,0,944,001F0951,0,1,1,4294967295,0,1
oInvisibleSolid,368,784,0032E103,0,1,1,4294967295,0,1
oInvisibleSolid,272,976,003BD3FB,0,1,1,4294967295,0,1
oInvisibleSolid,416,752,00260251,0,1,1,4294967295,0,1
oInvisibleSolid,512,720,00397DFE,0,1,1,4294967295,0,1
oInvisibleSolid,512,816,00236E32,0,1,1,4294967295,0,1
oInvisibleSolid,816,944,001F9142,0,1,1,4294967295,0,1
oInvisibleSolid,960,944,001E1116,0,1,1,4294967295,0,1
oInvisibleSolid,1120,912,003E9025,0,1,1,4294967295,0,1
oInvisibleSolid,1264,944,0002E836,0,1,1,4294967295,0,1
oInvisibleSolid,1408,896,0022BB36,0,1,1,4294967295,0,1
oInvisibleSolid,1456,848,0000EBA3,0,1,1,4294967295,0,1
oInvisibleSolid,1504,784,000F191C,0,1,1,4294967295,0,1
oInvisibleSolid,1568,736,000844BB,0,1,1,4294967295,0,1
oInvisibleSolid,752,608,001FBDCC,0,1,1,4294967295,0,1
oInvisibleSolid,832,576,0030D8DA,0,1,1,4294967295,0,1
oInvisibleSolid,1632,640,001569D6,0,1,1,4294967295,0,1
oInvisibleSolid,1456,576,0037D882,0,1,1,4294967295,0,1
oInvisibleSolid,1360,576,001B6A0C,0,1,1,4294967295,0,1
oInvisibleSolid,1296,576,0021626C,0,1,1,4294967295,0,1
oInvisibleSolid,1232,576,0012D824,0,1,1,4294967295,0,1
oInvisibleSolid,1120,576,003997DA,0,1,1,4294967295,0,1
oInvisibleSolid,208,704,00310AE3,0,1,1,4294967295,0,1
oInvisibleSolid,0,432,00222B8F,0,1,1,4294967295,0,1
oInvisibleSolid,96,560,002919A1,0,1,1,4294967295,0,1
oInvisibleSolid,368,480,000EE059,0,1,1,4294967295,0,1
oInvisibleSolid,544,512,0016D650,0,1,1,4294967295,0,1
oInvisibleSolid,608,544,00227710,0,1,1,4294967295,0,1
oInvisibleSolid,800,400,000DE2C4,0,1,1,4294967295,0,1
oInvisibleSolid,720,432,00251CA3,0,1,1,4294967295,0,1
oInvisibleSolid,208,400,0037F2EE,0,1,1,4294967295,0,1
oInvisibleSolid,112,336,001992C4,0,1,1,4294967295,0,1
oInvisibleSolid,0,208,003000C3,0,1,1,4294967295,0,1
oInvisibleSolid,1648,512,00137C02,0,1,1,4294967295,0,1
oInvisibleSolid,1472,448,002A5B6B,0,1,1,4294967295,0,1
oInvisibleSolid,1280,400,0008E0CB,0,1,1,4294967295,0,1
oInvisibleSlimSolid,896,400,001BB178,0,1,1,4294967295,0,1
oInvisibleSolid,80,400,00275B7E,0,1,1,4294967295,0,1
oInvisibleSolid,384,240,0021E752,0,1,1,4294967295,0,1
oInvisibleSolid,480,304,001F15E5,0,1,1,4294967295,0,1
oInvisibleSolid,576,192,0007D153,0,1,1,4294967295,0,1
oInvisibleSolid,656,336,00282448,0,1,1,4294967295,0,1
oInvisibleSolid,768,176,00058035,0,1,1,4294967295,0,1
oInvisibleSolid,928,208,0012A7C3,0,1,1,4294967295,0,1
oInvisibleSolid,1120,176,0038EF5F,0,1,1,4294967295,0,1
oInvisibleSolid,1296,160,0016F07B,0,1,1,4294967295,0,1
oInvisibleSolid,1568,0,0025F891,0,1,1,4294967295,0,1
oInvisibleSolid,1504,192,001D1C55,0,1,1,4294967295,0,1
oInvisibleSolid,1600,704,003F8820,0,1,1,4294967295,0,1
oInvisibleSolid,0,0,0035F258,0,1,1,4294967295,0,1
oInvisibleSolid,112,96,001DA52E,0,1,1,4294967295,0,1
