oWarship_EnergyBeam,80,72,0035A4D2,0,1,1,4294967295,0,1
oWarship_EnergyBeam,464,40,00060AA7,0,1,1,4294967295,0,1
oWarship_EnergyBeam,176,40,002353D0,0,1,1,4294967295,0,1
oWarship_EnergyBeam,272,72,002CA56A,0,1,1,4294967295,0,1
oWarship_EnergyBeam,560,72,0038D803,0,1,1,4294967295,0,1
oWarship_EnergyBeam,2000,184,002146C4,0,1,1,4294967295,0,1
oExit,112,192,0039F3E6,0,1,1,4294967295,0,1
oExit,9448,192,00082E80,0,1,1,4294967295,0,1
oEventBarrier,272,96,0009205B,0,1,1,4294967295,0,1
oBikeBoostPickup,528,208,002B0D78,0,1,1,4294967295,0,0
oBikeBoostPickup,560,208,003CFA31,0,1,1,4294967295,0,0
oBikeBoostPickup,592,208,0028C910,0,1,1,4294967295,0,0
oBikeBoostPickup,624,208,000EEBDD,0,1,1,4294967295,0,0
oBikeBoostPickup,656,208,003772C1,0,1,1,4294967295,0,0
oBikeBoostPickup,688,208,001834EF,0,1,1,4294967295,0,0
oBikeBoostPickup,720,208,002588D2,0,1,1,4294967295,0,0
oBikeBoostPickup,752,208,00257111,0,1,1,4294967295,0,0
oBikeBoostPickup,784,208,000289E4,0,1,1,4294967295,0,0
oMovingTrap,2144,64,003499FB,0,1,1,4294967295,0,1
oMovingTrap,2384,192,000FA435,0,1,1,4294967295,0,1
oMovingTrap,3264,96,0006A22F,0,1,1,4294967295,0,1
oMovingTrap,3552,112,002ECD1A,0,1,1,4294967295,0,1
oMovingTrap,3296,256,003F8862,0,1,1,4294967295,0,1
oMovingTrap,4080,240,000A8F0A,0,1,1,4294967295,0,1
oMovingTrap,4784,192,000C6429,0,1,1,4294967295,0,1
oBikeBoostPickup,1760,176,003963F4,0,1,1,4294967295,0,0
oBikeBoostPickup,1808,176,0006EAB9,0,1,1,4294967295,0,0
oBikeBoostPickup,2784,272,00291753,0,1,1,4294967295,0,0
oBikeBoostPickup,2816,272,0010C886,0,1,1,4294967295,0,0
oBikeBoostPickup,2848,272,000AE08E,0,1,1,4294967295,0,0
oBikeBoostPickup,2880,272,0002B8B8,0,1,1,4294967295,0,0
oBikeBoostPickup,3792,224,0032C4E9,0,1,1,4294967295,0,0
oBikeBoostPickup,3824,224,000DC240,0,1,1,4294967295,0,0
oBikeBoostPickup,4320,224,003A54F0,0,1,1,4294967295,0,0
oBikeBoostPickup,4352,224,000B48EC,0,1,1,4294967295,0,0
oBikeBoostPickup,5104,144,001E2E03,0,1,1,4294967295,0,0
oBikeBoostPickup,5152,144,003726DC,0,1,1,4294967295,0,0
oBikeBoostPickup,1344,128,000142B0,0,1,1,4294967295,0,0
oBikeBoostPickup,1376,144,001DF68A,0,1,1,4294967295,0,0
oBikeBoostPickup,1408,176,000A54CD,0,1,1,4294967295,0,0
oEventBarrier,2320,96,0022DDBD,0,1,1,4294967295,0,1
oEventBarrier,1264,96,000F5BC8,0,1,1,4294967295,0,1
oEventBarrier,3952,144,00089ADF,0,1,1,4294967295,0,1
oEventBarrier,5376,96,0011FC94,0,1,1,4294967295,0,1
oEventBarrier,5632,96,002AAF16,0,1,1,4294967295,0,1
oEventBarrier,6224,48,00266EC3,0,1,1,4294967295,0,1
oEventBarrier,6608,240,00123A62,0,1,1,4294967295,0,1
oEventBarrier,7456,240,0033CAEE,0,1,1,4294967295,0,1
oBikeBoostPickup,1952,128,000C8C62,0,1,1,4294967295,0,0
oBikeBoostPickup,1984,128,0035ACA5,0,1,1,4294967295,0,0
oBikeBoostPickup,2016,128,002FA76C,0,1,1,4294967295,0,0
oBikeBoostPickup,1088,176,00126DD1,0,1,1,4294967295,0,0
oZeldaBreakPot,9312,224,002E0117,0,1,1,4294967295,0,1
oZeldaBreakPot,9328,224,0032E929,0,1,1,4294967295,0,1
oZeldaBreakPot,9344,224,000BAA52,0,1,1,4294967295,0,1
oZeldaBreakPot,9360,224,000B0DFD,0,1,1,4294967295,0,1
oZeldaBreakPot,9376,224,002749C4,0,1,1,4294967295,0,1
oZeldaBreakPot,9392,224,00364CA2,0,1,1,4294967295,0,1
oZeldaBreakPot,9408,224,001E17A6,0,1,1,4294967295,0,1
oZapTrap,5936,112,001D71DF,0,1,1,4294967295,0,0
oZapTrap,5136,208,003FC357,0,1,1,4294967295,0,0
oZapTrap,5568,160,003BF16C,0,1,1,4294967295,0,0
oZapTrap,6768,304,003FA91A,0,1,1,4294967295,0,0
oZapTrap,6928,256,001C4991,0,1,1,4294967295,0,0
oZapTrap,7040,304,002F2372,0,1,1,4294967295,0,0
oZapTrap,7136,256,002E905A,0,1,1,4294967295,0,0
oZapTrap,7312,304,00110164,0,1,1,4294967295,0,0
oStaticSpike,6256,128,003CC791,0,1,1,4294967295,0,0
oStaticSpike,6368,64,0032334D,0,1,1,4294967295,0,0
oStaticSpike,6400,80,0000853D,0,1,1,4294967295,0,0
oStaticSpike,6432,96,002925F1,0,1,1,4294967295,0,0
oStaticSpike,6464,112,0024C184,0,1,1,4294967295,0,0
oStaticSpike,6496,144,0010D0C1,0,1,1,4294967295,0,0
oStaticSpike,6528,176,001CAD03,0,1,1,4294967295,0,0
oStaticSpike,6544,224,000C1BEC,0,1,1,4294967295,0,0
oStaticSpike,6288,128,0008E820,0,1,1,4294967295,0,0
oStaticSpike,6320,144,003CC24A,0,1,1,4294967295,0,0
oStaticSpike,6352,160,0017D7F4,0,1,1,4294967295,0,0
oStaticSpike,6384,192,003628F1,0,1,1,4294967295,0,0
oStaticSpike,6416,224,00173F60,0,1,1,4294967295,0,0
oStaticSpike,6432,272,000F6848,0,1,1,4294967295,0,0
oMotorBlockCore,2320,128,002BCDAE,0,1,1,4294967295,0,0
oMotorBlockCore,6608,272,00261B6B,0,1,1,4294967295,0,0
oMotorBlockCore,7456,256,0008B84D,0,1,1,4294967295,0,0
oMotorBlockCore,6224,96,00195125,0,1,1,4294967295,0,0
oMotorBlockCore,5632,112,002EC6E8,0,1,1,4294967295,0,0
oMotorBlockCore,5376,144,001E74BA,0,1,1,4294967295,0,0
oMotorBlockCore,3952,192,0009B81C,0,1,1,4294967295,0,0
oMotorBlockCore,1264,144,0015A1EC,0,1,1,4294967295,0,0
oZakoCannonfodder,7952,272,0034EF53,0,1,1,4294967295,0,0
oZakoCannonfodder,8032,272,003F7245,0,1,1,4294967295,0,0
oZakoCannonfodder,8080,272,003B35B3,0,1,1,4294967295,0,0
oZakoCannonfodder,8128,272,00326B39,0,1,1,4294967295,0,1
oZakoCannonfodder,8192,272,002DAA04,0,1,1,4294967295,0,0
oZakoCannonfodder,8272,272,0013B97A,0,1,1,4294967295,0,1
oZakoCannonfodder,8304,272,00117323,0,1,1,4294967295,0,1
oZakoCannonfodder,8384,272,00401F5A,0,1,1,4294967295,0,0
oZakoCannonfodder,8432,272,001685BB,0,1,1,4294967295,0,1
oZakoCannonfodder,8496,272,0000D532,0,1,1,4294967295,0,0
oZakoCannonfodder,8544,272,0020214E,0,1,1,4294967295,0,1
oZakoCannonfodder,8592,272,001DCF5D,0,1,1,4294967295,0,1
oZakoCannonfodder,8832,240,001EB4BE,0,1,1,4294967295,0,0
oZakoCannonfodder,8880,240,00207652,0,1,1,4294967295,0,0
oZakoCannonfodder,8912,240,0005E409,0,1,1,4294967295,0,1
oZakoCannonfodder,8976,240,00141A65,0,1,1,4294967295,0,0
oZakoCannonfodder,9040,240,001B2F80,0,1,1,4294967295,0,0
oZakoCannonfodder,9104,240,000F0747,0,1,1,4294967295,0,1
oZakoCannonfodder,9184,240,00015730,0,1,1,4294967295,0,1
oZakoCannonfodder,9232,240,00022E86,0,1,1,4294967295,0,1
oPlayer1,144,240,00340EBC,0,1,1,4294967295,0,0
oGetOnBike,192,240,000665BD,0,1,1,4294967295,0,1
oStopBike,9280,112,0008C8F7,0,1,1,4294967295,0,1
oInvCollPH,16,96,00295593,0,1,1,4294967295,0,0
oInvCollPH,16,112,001B7876,0,1,1,4294967295,0,0
oInvCollPH,16,128,00211258,0,1,1,4294967295,0,0
oInvCollPH,16,144,002C0C41,0,1,1,4294967295,0,0
oInvCollPH,16,160,00001CF5,0,1,1,4294967295,0,0
oInvCollPH,16,176,0005723B,0,1,1,4294967295,0,0
oInvCollPH,16,192,000BEC2A,0,1,1,4294967295,0,0
oInvCollPH,16,208,0012837A,0,1,1,4294967295,0,0
oInvCollPH,16,224,00393E87,0,1,1,4294967295,0,0
oInvCollPH,32,80,0005481F,0,1,1,4294967295,0,0
oInvCollPH,48,80,003598FB,0,1,1,4294967295,0,0
oInvCollPH,64,80,00137C2C,0,1,1,4294967295,0,0
oInvCollPH,80,80,000DCC0B,0,1,1,4294967295,0,0
oInvCollPH,96,80,0025F1E7,0,1,1,4294967295,0,0
oInvCollPH,112,80,003ACB11,0,1,1,4294967295,0,0
oInvCollPH,128,80,000ABB78,0,1,1,4294967295,0,0
oInvCollPH,144,80,0035AB7B,0,1,1,4294967295,0,0
oInvCollPH,160,80,002E72B8,0,1,1,4294967295,0,0
oInvCollPH,32,240,002EDCD9,0,1,1,4294967295,0,0
oInvCollPH,48,240,004036A7,0,1,1,4294967295,0,0
oInvCollPH,64,240,00318921,0,1,1,4294967295,0,0
oInvCollPH,80,240,000A1C36,0,1,1,4294967295,0,0
oInvCollPH,96,240,0004B9A0,0,1,1,4294967295,0,0
oInvCollPH,112,240,0021B7DB,0,1,1,4294967295,0,0
oInvCollPH,496,240,000A06EB,0,1,1,4294967295,0,0
oInvCollPH,480,240,00251C93,0,1,1,4294967295,0,0
oInvCollPH,464,240,000AF0BA,0,1,1,4294967295,0,0
oInvCollPH,448,240,002939AF,0,1,1,4294967295,0,0
oInvCollPH,432,240,000A81C6,0,1,1,4294967295,0,0
oInvCollPH,416,240,00010F34,0,1,1,4294967295,0,0
oInvCollPH,400,240,003327EC,0,1,1,4294967295,0,0
oInvCollPH,384,240,000185FD,0,1,1,4294967295,0,0
oInvCollPH,368,240,0037D78E,0,1,1,4294967295,0,0
oInvCollPH,352,240,0007E064,0,1,1,4294967295,0,0
oInvCollPH,336,240,001262BC,0,1,1,4294967295,0,0
oInvCollPH,320,240,002567EC,0,1,1,4294967295,0,0
oInvCollPH,304,240,0020E39C,0,1,1,4294967295,0,0
oInvCollPH,288,240,003FE0C0,0,1,1,4294967295,0,0
oInvCollPH,272,240,000C55B7,0,1,1,4294967295,0,0
oInvCollPH,256,240,001C93D7,0,1,1,4294967295,0,0
oInvCollPH,240,240,0038E63C,0,1,1,4294967295,0,0
oInvCollPH,224,240,002412E7,0,1,1,4294967295,0,0
oInvCollPH,208,240,001FA2A9,0,1,1,4294967295,0,0
oInvCollPH,192,240,000526DD,0,1,1,4294967295,0,0
oInvCollPH,176,240,00356C56,0,1,1,4294967295,0,0
oInvCollPH,160,240,002781CE,0,1,1,4294967295,0,0
oInvCollPH,144,240,00331D9C,0,1,1,4294967295,0,0
oInvCollPH,128,240,00374E34,0,1,1,4294967295,0,0
oInvCollPH,512,240,001EFAD6,0,1,1,4294967295,0,0
oInvCollPH,528,240,002FA4F4,0,1,1,4294967295,0,0
oInvCollPH,544,240,001A5A78,0,1,1,4294967295,0,0
oInvCollPH,560,240,003CAD1C,0,1,1,4294967295,0,0
oInvCollPH,576,240,001CFDEE,0,1,1,4294967295,0,0
oInvCollPH,592,240,00372389,0,1,1,4294967295,0,0
oInvCollPH,608,240,003B48AE,0,1,1,4294967295,0,0
oInvCollPH,624,240,00012DFD,0,1,1,4294967295,0,0
oInvCollPH,640,240,002E3443,0,1,1,4294967295,0,0
oInvCollPH,656,240,00153C51,0,1,1,4294967295,0,0
oInvCollPH,672,240,000ECAA2,0,1,1,4294967295,0,0
oInvCollPH,688,240,002AB335,0,1,1,4294967295,0,0
oInvCollPH,704,240,0019289A,0,1,1,4294967295,0,0
oInvCollPH,720,240,001D2E6B,0,1,1,4294967295,0,0
oInvCollPH,736,240,00187A7C,0,1,1,4294967295,0,0
oInvCollPH,752,240,002ED358,0,1,1,4294967295,0,0
oInvCollPH,768,240,002055C4,0,1,1,4294967295,0,0
oInvCollPH,784,240,0009CC05,0,1,1,4294967295,0,0
oInvCollPH,800,240,002092BB,0,1,1,4294967295,0,0
oInvCollPH,1088,240,000C3462,0,1,1,4294967295,0,0
oInvCollPH,1280,80,00124613,0,1,1,4294967295,0,0
oInvCollPH,1264,176,00007234,0,1,1,4294967295,0,0
oInvCollPH,1920,176,001A21F4,0,1,1,4294967295,0,0
oInvCollPH,1920,192,001049C3,0,1,1,4294967295,0,0
oInvCollPH,2144,160,00248285,0,1,1,4294967295,0,0
oInvCollPH,2128,160,003E93F4,0,1,1,4294967295,0,0
oInvCollPH,2112,160,002A2235,0,1,1,4294967295,0,0
oInvCollPH,2096,160,00199387,0,1,1,4294967295,0,0
oInvCollPH,2080,160,002C03E0,0,1,1,4294967295,0,0
oInvCollPH,2064,160,001ABCA2,0,1,1,4294967295,0,0
oInvCollPH,2048,160,0000A555,0,1,1,4294967295,0,0
oInvCollPH,2032,160,000C1348,0,1,1,4294967295,0,0
oInvCollPH,2016,160,003CE8DF,0,1,1,4294967295,0,0
oInvCollPH,2000,160,00217777,0,1,1,4294967295,0,0
oInvCollPH,1984,160,00277C00,0,1,1,4294967295,0,0
oInvCollPH,1968,160,00103653,0,1,1,4294967295,0,0
oInvCollPH,1952,160,002BFA80,0,1,1,4294967295,0,0
oInvCollPH,1936,160,001149C7,0,1,1,4294967295,0,0
oInvCollPH,2160,160,0029087F,0,1,1,4294967295,0,0
oInvCollPH,2176,160,00245B8F,0,1,1,4294967295,0,0
oInvCollPH,2192,160,0007884C,0,1,1,4294967295,0,0
oInvCollPH,2208,160,0011692D,0,1,1,4294967295,0,0
oInvCollPH,2224,160,00178C8A,0,1,1,4294967295,0,0
oInvCollPH,2240,160,001E2280,0,1,1,4294967295,0,0
oInvCollPH,2256,160,001383EC,0,1,1,4294967295,0,0
oInvCollPH,2272,160,001510DA,0,1,1,4294967295,0,0
oInvCollPH,2288,160,0008CB91,0,1,1,4294967295,0,0
oInvCollPH,2304,160,00041649,0,1,1,4294967295,0,0
oInvCollPH,2320,160,00232AA7,0,1,1,4294967295,0,0
oInvCollPH,2336,160,002BCA21,0,1,1,4294967295,0,0
oInvCollPH,2352,160,0021C2D0,0,1,1,4294967295,0,0
oInvCollPH,2368,160,00342F9D,0,1,1,4294967295,0,0
oInvCollPH,2384,160,003566CC,0,1,1,4294967295,0,0
oInvCollPH,2384,176,00177548,0,1,1,4294967295,0,0
oInvCollPH,2384,192,00027F10,0,1,1,4294967295,0,0
oInvCollPH,1680,224,002CE0FA,0,1,1,4294967295,0,0
oInvCollPH,1680,240,00294F07,0,1,1,4294967295,0,0
oInvCollPH,1696,208,000FD762,0,1,1,4294967295,0,0
oInvCollPH,1712,208,002453CC,0,1,1,4294967295,0,0
oInvCollPH,1728,208,000DBF61,0,1,1,4294967295,0,0
oInvCollPH,1744,208,00315F8F,0,1,1,4294967295,0,0
oInvCollPH,1760,208,00210EC2,0,1,1,4294967295,0,0
oInvCollPH,1776,208,001EEB0F,0,1,1,4294967295,0,0
oInvCollPH,1792,208,002323D3,0,1,1,4294967295,0,0
oInvCollPH,1808,208,00236170,0,1,1,4294967295,0,0
oInvCollPH,1824,208,00318543,0,1,1,4294967295,0,0
oInvCollPH,1840,208,000FFECD,0,1,1,4294967295,0,0
oInvCollPH,1856,208,00297F33,0,1,1,4294967295,0,0
oInvCollPH,1872,208,001D8826,0,1,1,4294967295,0,0
oInvCollPH,1888,208,003E4CAA,0,1,1,4294967295,0,0
oInvCollPH,1904,208,001ACB8A,0,1,1,4294967295,0,0
oInvCollPH,2400,208,0038B237,0,1,1,4294967295,0,0
oInvCollPH,2416,208,00106CE3,0,1,1,4294967295,0,0
oInvCollPH,2432,208,000B71F8,0,1,1,4294967295,0,0
oInvCollPH,2432,224,0019A284,0,1,1,4294967295,0,0
oInvCollPH,2432,240,001D8824,0,1,1,4294967295,0,0
oInvCollPH,2720,208,0018511A,0,1,1,4294967295,0,0
oInvCollPH,2720,224,001D6E96,0,1,1,4294967295,0,0
oInvCollPH,2736,224,00244694,0,1,1,4294967295,0,0
oInvCollPH,2752,224,001368F0,0,1,1,4294967295,0,0
oInvCollPH,2768,224,00252B67,0,1,1,4294967295,0,0
oInvCollPH,2784,224,003DAC1C,0,1,1,4294967295,0,0
oInvCollPH,2800,224,001A3FEB,0,1,1,4294967295,0,0
oInvCollPH,2816,224,0015C98C,0,1,1,4294967295,0,0
oInvCollPH,2832,224,0021D23F,0,1,1,4294967295,0,0
oInvCollPH,2848,224,003A5543,0,1,1,4294967295,0,0
oInvCollPH,2864,224,000A3657,0,1,1,4294967295,0,0
oInvCollPH,2880,224,003F18C5,0,1,1,4294967295,0,0
oInvCollPH,2896,224,001959C5,0,1,1,4294967295,0,0
oInvCollPH,2912,224,001BCF97,0,1,1,4294967295,0,0
oInvCollPH,2928,224,0035EE88,0,1,1,4294967295,0,0
oInvCollPH,2944,224,0024E4B6,0,1,1,4294967295,0,0
oInvCollPH,2944,208,0009F93E,0,1,1,4294967295,0,0
oInvCollPH,2944,192,00334F55,0,1,1,4294967295,0,0
oInvCollPH,2672,160,003E5FB7,0,1,1,4294967295,0,0
oInvCollPH,2672,176,000E5EFC,0,1,1,4294967295,0,0
oInvCollPH,2688,176,002FF348,0,1,1,4294967295,0,0
oInvCollPH,2704,176,0016D7AC,0,1,1,4294967295,0,0
oInvCollPH,2960,176,000E22BB,0,1,1,4294967295,0,0
oInvCollPH,2976,176,00020F1D,0,1,1,4294967295,0,0
oInvCollPH,2992,176,00334546,0,1,1,4294967295,0,0
oInvCollPH,3008,176,002C6412,0,1,1,4294967295,0,0
oInvCollPH,3024,176,001BC862,0,1,1,4294967295,0,0
oInvCollPH,3040,176,0022261B,0,1,1,4294967295,0,0
oInvCollPH,3040,160,00111E6F,0,1,1,4294967295,0,0
oInvCollPH,3040,144,0034959F,0,1,1,4294967295,0,0
oInvCollPH,2624,112,00262AE7,0,1,1,4294967295,0,0
oInvCollPH,2624,128,003F2971,0,1,1,4294967295,0,0
oInvCollPH,2640,128,0036D8E3,0,1,1,4294967295,0,0
oInvCollPH,2656,128,000CC234,0,1,1,4294967295,0,0
oInvCollPH,3040,128,00192AD1,0,1,1,4294967295,0,0
oInvCollPH,3040,112,0000F748,0,1,1,4294967295,0,0
oInvCollPH,3040,96,00140DC0,0,1,1,4294967295,0,0
oInvCollPH,3072,272,0018A855,0,1,1,4294967295,0,0
oInvCollPH,3072,288,001814B0,0,1,1,4294967295,0,0
oInvCollPH,3296,256,000F3891,0,1,1,4294967295,0,0
oInvCollPH,3280,256,0002E376,0,1,1,4294967295,0,0
oInvCollPH,3264,256,0028B01B,0,1,1,4294967295,0,0
oInvCollPH,3248,256,00378548,0,1,1,4294967295,0,0
oInvCollPH,3232,256,001F7E9C,0,1,1,4294967295,0,0
oInvCollPH,3216,256,00155CB5,0,1,1,4294967295,0,0
oInvCollPH,3200,256,00061698,0,1,1,4294967295,0,0
oInvCollPH,3184,256,0038A534,0,1,1,4294967295,0,0
oInvCollPH,3168,256,0002FAA1,0,1,1,4294967295,0,0
oInvCollPH,3152,256,00055256,0,1,1,4294967295,0,0
oInvCollPH,3136,256,0037FD85,0,1,1,4294967295,0,0
oInvCollPH,3120,256,00048A58,0,1,1,4294967295,0,0
oInvCollPH,3104,256,0019A22E,0,1,1,4294967295,0,0
oInvCollPH,3088,256,00148C3B,0,1,1,4294967295,0,0
oInvCollPH,3312,256,002A9EFC,0,1,1,4294967295,0,0
oInvCollPH,3328,256,001D80A3,0,1,1,4294967295,0,0
oInvCollPH,3344,256,00003964,0,1,1,4294967295,0,0
oInvCollPH,3360,256,0029E2D4,0,1,1,4294967295,0,0
oInvCollPH,3376,256,00119E54,0,1,1,4294967295,0,0
oInvCollPH,3392,256,001454B8,0,1,1,4294967295,0,0
oInvCollPH,3408,256,0022158E,0,1,1,4294967295,0,0
oInvCollPH,3424,256,0028BBD6,0,1,1,4294967295,0,0
oInvCollPH,3440,256,002AA12C,0,1,1,4294967295,0,0
oInvCollPH,3440,272,0015FAB9,0,1,1,4294967295,0,0
oInvCollPH,3440,288,001F9EC1,0,1,1,4294967295,0,0
oInvCollPH,2512,304,0031A50E,0,1,1,4294967295,0,0
oInvCollPH,2528,304,0034EACC,0,1,1,4294967295,0,0
oInvCollPH,2544,304,00239958,0,1,1,4294967295,0,0
oInvCollPH,2560,304,003FFB5A,0,1,1,4294967295,0,0
oInvCollPH,2576,304,001C3076,0,1,1,4294967295,0,0
oInvCollPH,2592,304,0022E356,0,1,1,4294967295,0,0
oInvCollPH,2608,304,0014031E,0,1,1,4294967295,0,0
oInvCollPH,2624,304,002D4E8E,0,1,1,4294967295,0,0
oInvCollPH,2640,304,0021EB81,0,1,1,4294967295,0,0
oInvCollPH,2656,304,0027520F,0,1,1,4294967295,0,0
oInvCollPH,2672,304,00083F14,0,1,1,4294967295,0,0
oInvCollPH,2688,304,00105DB2,0,1,1,4294967295,0,0
oInvCollPH,2704,304,0002CC96,0,1,1,4294967295,0,0
oInvCollPH,2720,304,001F2166,0,1,1,4294967295,0,0
oInvCollPH,2736,304,003DFD79,0,1,1,4294967295,0,0
oInvCollPH,2752,304,003ED083,0,1,1,4294967295,0,0
oInvCollPH,2768,304,0020968F,0,1,1,4294967295,0,0
oInvCollPH,2784,304,003054B2,0,1,1,4294967295,0,0
oInvCollPH,2800,304,002315D5,0,1,1,4294967295,0,0
oInvCollPH,2816,304,0023DF46,0,1,1,4294967295,0,0
oInvCollPH,2832,304,0003D776,0,1,1,4294967295,0,0
oInvCollPH,2848,304,000A43A9,0,1,1,4294967295,0,0
oInvCollPH,2864,304,00341EFA,0,1,1,4294967295,0,0
oInvCollPH,2880,304,00030C9F,0,1,1,4294967295,0,0
oInvCollPH,2896,304,002010E3,0,1,1,4294967295,0,0
oInvCollPH,2912,304,000AF70E,0,1,1,4294967295,0,0
oInvCollPH,2928,304,000DD5A2,0,1,1,4294967295,0,0
oInvCollPH,2944,304,001112DF,0,1,1,4294967295,0,0
oInvCollPH,2960,304,0020F183,0,1,1,4294967295,0,0
oInvCollPH,2976,304,000E09B7,0,1,1,4294967295,0,0
oInvCollPH,2992,304,002BC035,0,1,1,4294967295,0,0
oInvCollPH,3008,304,003254DF,0,1,1,4294967295,0,0
oInvCollPH,3024,304,0008C9E8,0,1,1,4294967295,0,0
oInvCollPH,3040,304,003311AC,0,1,1,4294967295,0,0
oInvCollPH,3056,304,000B7B6D,0,1,1,4294967295,0,0
oInvCollPH,832,256,0004CBB9,0,1,1,4294967295,0,0
oInvCollPH,848,256,002D549F,0,1,1,4294967295,0,0
oInvCollPH,864,256,0028BFFE,0,1,1,4294967295,0,0
oInvCollPH,880,256,0001B5C8,0,1,1,4294967295,0,0
oInvCollPH,896,256,00094375,0,1,1,4294967295,0,0
oInvCollPH,912,256,003369DF,0,1,1,4294967295,0,0
oInvCollPH,928,256,0009F666,0,1,1,4294967295,0,0
oInvCollPH,944,256,000F82FC,0,1,1,4294967295,0,0
oInvCollPH,960,256,0007710A,0,1,1,4294967295,0,0
oInvCollPH,976,256,0019D020,0,1,1,4294967295,0,0
oInvCollPH,992,256,00095B6E,0,1,1,4294967295,0,0
oInvCollPH,1008,256,001B7330,0,1,1,4294967295,0,0
oInvCollPH,1024,256,00350219,0,1,1,4294967295,0,0
oInvCollPH,1040,256,003BAC15,0,1,1,4294967295,0,0
oInvCollPH,1056,256,000631CA,0,1,1,4294967295,0,0
oInvCollPH,1072,256,0032F572,0,1,1,4294967295,0,0
oInvCollPH,1184,256,0028DA87,0,1,1,4294967295,0,0
oInvCollPH,1104,256,003F6CF5,0,1,1,4294967295,0,0
oInvCollPH,1120,256,001FCBA6,0,1,1,4294967295,0,0
oInvCollPH,1136,256,00001880,0,1,1,4294967295,0,0
oInvCollPH,1152,256,000A088E,0,1,1,4294967295,0,0
oInvCollPH,1168,256,001BB5E7,0,1,1,4294967295,0,0
oInvCollPH,1200,256,00230108,0,1,1,4294967295,0,0
oInvCollPH,1216,256,002F6FF2,0,1,1,4294967295,0,0
oInvCollPH,1232,256,003BFFF9,0,1,1,4294967295,0,0
oInvCollPH,1248,256,00320CE6,0,1,1,4294967295,0,0
oInvCollPH,1264,240,00088D3F,0,1,1,4294967295,0,0
oInvCollPH,1280,256,000AFA84,0,1,1,4294967295,0,0
oInvCollPH,1296,256,001B3502,0,1,1,4294967295,0,0
oInvCollPH,1312,256,0031FFAA,0,1,1,4294967295,0,0
oInvCollPH,1328,256,000A722D,0,1,1,4294967295,0,0
oInvCollPH,1344,256,00098864,0,1,1,4294967295,0,0
oInvCollPH,1360,256,002A1B89,0,1,1,4294967295,0,0
oInvCollPH,1376,256,002A3EFF,0,1,1,4294967295,0,0
oInvCollPH,1392,256,000A0DBB,0,1,1,4294967295,0,0
oInvCollPH,1408,256,000503E0,0,1,1,4294967295,0,0
oInvCollPH,1424,256,003F2C60,0,1,1,4294967295,0,0
oInvCollPH,1440,256,0005361A,0,1,1,4294967295,0,0
oInvCollPH,1456,256,000A57AF,0,1,1,4294967295,0,0
oInvCollPH,1472,256,002B3C78,0,1,1,4294967295,0,0
oInvCollPH,1488,256,001C243C,0,1,1,4294967295,0,0
oInvCollPH,1504,256,0007E526,0,1,1,4294967295,0,0
oInvCollPH,1520,256,000E846D,0,1,1,4294967295,0,0
oInvCollPH,1536,256,0012B0C2,0,1,1,4294967295,0,0
oInvCollPH,1552,256,001AC531,0,1,1,4294967295,0,0
oInvCollPH,1568,256,002405CE,0,1,1,4294967295,0,0
oInvCollPH,1584,256,002A421A,0,1,1,4294967295,0,0
oInvCollPH,1600,256,0011F319,0,1,1,4294967295,0,0
oInvCollPH,1616,256,0024DFB6,0,1,1,4294967295,0,0
oInvCollPH,1632,256,002ECB2F,0,1,1,4294967295,0,0
oInvCollPH,1648,256,0028055D,0,1,1,4294967295,0,0
oInvCollPH,1664,256,0016C6E9,0,1,1,4294967295,0,0
oInvCollPH,176,80,00244666,0,1,1,4294967295,0,0
oInvCollPH,192,80,0011D389,0,1,1,4294967295,0,0
oInvCollPH,208,80,003B8C79,0,1,1,4294967295,0,0
oInvCollPH,224,80,0021F12F,0,1,1,4294967295,0,0
oInvCollPH,240,80,000FD989,0,1,1,4294967295,0,0
oInvCollPH,256,80,00125DF2,0,1,1,4294967295,0,0
oInvCollPH,272,80,001C23A8,0,1,1,4294967295,0,0
oInvCollPH,288,80,00368913,0,1,1,4294967295,0,0
oInvCollPH,304,80,003047A0,0,1,1,4294967295,0,0
oInvCollPH,320,80,002FFB15,0,1,1,4294967295,0,0
oInvCollPH,336,80,0023BD18,0,1,1,4294967295,0,0
oInvCollPH,352,80,000890BC,0,1,1,4294967295,0,0
oInvCollPH,368,80,002FDC57,0,1,1,4294967295,0,0
oInvCollPH,384,80,0019AABB,0,1,1,4294967295,0,0
oInvCollPH,400,80,000E7E09,0,1,1,4294967295,0,0
oInvCollPH,416,80,001CEC77,0,1,1,4294967295,0,0
oInvCollPH,432,80,000E0EC4,0,1,1,4294967295,0,0
oInvCollPH,448,80,002CDF71,0,1,1,4294967295,0,0
oInvCollPH,464,80,0004B423,0,1,1,4294967295,0,0
oInvCollPH,480,80,001E1DA7,0,1,1,4294967295,0,0
oInvCollPH,496,80,001C4E08,0,1,1,4294967295,0,0
oInvCollPH,512,80,00206547,0,1,1,4294967295,0,0
oInvCollPH,528,80,000F550A,0,1,1,4294967295,0,0
oInvCollPH,544,80,000D9FFF,0,1,1,4294967295,0,0
oInvCollPH,560,80,003BA215,0,1,1,4294967295,0,0
oInvCollPH,576,80,002E89B9,0,1,1,4294967295,0,0
oInvCollPH,592,80,003AF8A0,0,1,1,4294967295,0,0
oInvCollPH,608,80,0034739D,0,1,1,4294967295,0,0
oInvCollPH,624,80,0024D2E5,0,1,1,4294967295,0,0
oInvCollPH,640,80,003DC14D,0,1,1,4294967295,0,0
oInvCollPH,656,80,002DC95E,0,1,1,4294967295,0,0
oInvCollPH,672,80,002508FC,0,1,1,4294967295,0,0
oInvCollPH,688,80,000B39D1,0,1,1,4294967295,0,0
oInvCollPH,704,80,0025A916,0,1,1,4294967295,0,0
oInvCollPH,720,80,0006679C,0,1,1,4294967295,0,0
oInvCollPH,736,80,0001875E,0,1,1,4294967295,0,0
oInvCollPH,752,80,00009BBE,0,1,1,4294967295,0,0
oInvCollPH,768,80,003D478A,0,1,1,4294967295,0,0
oInvCollPH,784,80,003D45DB,0,1,1,4294967295,0,0
oInvCollPH,800,80,002805FF,0,1,1,4294967295,0,0
oInvCollPH,816,80,003A1674,0,1,1,4294967295,0,0
oInvCollPH,832,80,00099B80,0,1,1,4294967295,0,0
oInvCollPH,848,80,002C317D,0,1,1,4294967295,0,0
oInvCollPH,864,80,002D1ABC,0,1,1,4294967295,0,0
oInvCollPH,880,80,002263BD,0,1,1,4294967295,0,0
oInvCollPH,896,80,001EB76A,0,1,1,4294967295,0,0
oInvCollPH,912,80,00094563,0,1,1,4294967295,0,0
oInvCollPH,928,80,0035F3C2,0,1,1,4294967295,0,0
oInvCollPH,944,80,00352EBB,0,1,1,4294967295,0,0
oInvCollPH,960,80,0022AF6E,0,1,1,4294967295,0,0
oInvCollPH,976,80,000C46FE,0,1,1,4294967295,0,0
oInvCollPH,992,80,0023D06B,0,1,1,4294967295,0,0
oInvCollPH,1008,80,003463E7,0,1,1,4294967295,0,0
oInvCollPH,1024,80,00351DBD,0,1,1,4294967295,0,0
oInvCollPH,1040,80,00014312,0,1,1,4294967295,0,0
oInvCollPH,1056,80,00068ECC,0,1,1,4294967295,0,0
oInvCollPH,1072,80,0034BE2A,0,1,1,4294967295,0,0
oInvCollPH,1088,80,0020304E,0,1,1,4294967295,0,0
oInvCollPH,1104,80,00177CC2,0,1,1,4294967295,0,0
oInvCollPH,1120,80,00185CC4,0,1,1,4294967295,0,0
oInvCollPH,1136,80,00010314,0,1,1,4294967295,0,0
oInvCollPH,1152,80,00384068,0,1,1,4294967295,0,0
oInvCollPH,1168,80,003DCEFF,0,1,1,4294967295,0,0
oInvCollPH,1184,80,0029B779,0,1,1,4294967295,0,0
oInvCollPH,1200,80,00096A81,0,1,1,4294967295,0,0
oInvCollPH,1216,80,0006EE27,0,1,1,4294967295,0,0
oInvCollPH,1232,80,00195682,0,1,1,4294967295,0,0
oInvCollPH,1248,80,0001C5F7,0,1,1,4294967295,0,0
oInvCollPH,1264,80,001E0B42,0,1,1,4294967295,0,0
oInvCollPH,1296,80,0026DF3F,0,1,1,4294967295,0,0
oInvCollPH,1312,80,0006C4D3,0,1,1,4294967295,0,0
oInvCollPH,1328,80,0022A821,0,1,1,4294967295,0,0
oInvCollPH,1344,80,003B370A,0,1,1,4294967295,0,0
oInvCollPH,1360,80,003C1623,0,1,1,4294967295,0,0
oInvCollPH,1376,80,003E1194,0,1,1,4294967295,0,0
oInvCollPH,1392,80,001AD970,0,1,1,4294967295,0,0
oInvCollPH,1408,80,00356BB3,0,1,1,4294967295,0,0
oInvCollPH,1424,80,000EB864,0,1,1,4294967295,0,0
oInvCollPH,1440,80,003D8B68,0,1,1,4294967295,0,0
oInvCollPH,1456,80,003DAF37,0,1,1,4294967295,0,0
oInvCollPH,1472,80,00169A43,0,1,1,4294967295,0,0
oInvCollPH,1488,80,001806E7,0,1,1,4294967295,0,0
oInvCollPH,1504,80,00353431,0,1,1,4294967295,0,0
oInvCollPH,1520,80,000E7818,0,1,1,4294967295,0,0
oInvCollPH,1536,80,000A7FFF,0,1,1,4294967295,0,0
oInvCollPH,1552,80,001AF815,0,1,1,4294967295,0,0
oInvCollPH,1568,80,0008ABCA,0,1,1,4294967295,0,0
oInvCollPH,1584,80,00094639,0,1,1,4294967295,0,0
oInvCollPH,1600,80,003866DD,0,1,1,4294967295,0,0
oInvCollPH,1616,80,00362D22,0,1,1,4294967295,0,0
oInvCollPH,1632,80,0030D4AE,0,1,1,4294967295,0,0
oInvCollPH,1648,80,00003EBB,0,1,1,4294967295,0,0
oInvCollPH,1664,80,00350E40,0,1,1,4294967295,0,0
oInvCollPH,1680,80,002C811D,0,1,1,4294967295,0,0
oInvCollPH,1696,80,003688BB,0,1,1,4294967295,0,0
oInvCollPH,1712,80,00073E47,0,1,1,4294967295,0,0
oInvCollPH,1728,80,004001AA,0,1,1,4294967295,0,0
oInvCollPH,1744,80,000B2252,0,1,1,4294967295,0,0
oInvCollPH,1760,80,00396828,0,1,1,4294967295,0,0
oInvCollPH,1776,80,0000E0D6,0,1,1,4294967295,0,0
oInvCollPH,1792,80,00111C60,0,1,1,4294967295,0,0
oInvCollPH,1808,80,0011C3F7,0,1,1,4294967295,0,0
oInvCollPH,1824,80,001652A0,0,1,1,4294967295,0,0
oInvCollPH,1840,80,000E83D9,0,1,1,4294967295,0,0
oInvCollPH,1856,80,001339FA,0,1,1,4294967295,0,0
oInvCollPH,1872,80,000B5F62,0,1,1,4294967295,0,0
oInvCollPH,1888,80,002F74A9,0,1,1,4294967295,0,0
oInvCollPH,1904,80,0008A5D1,0,1,1,4294967295,0,0
oInvCollPH,1920,80,003CED24,0,1,1,4294967295,0,0
oInvCollPH,1936,80,002B5201,0,1,1,4294967295,0,0
oInvCollPH,1952,80,001EC778,0,1,1,4294967295,0,0
oInvCollPH,1968,80,000067B8,0,1,1,4294967295,0,0
oInvCollPH,1984,80,002442A6,0,1,1,4294967295,0,0
oInvCollPH,2000,80,000EF732,0,1,1,4294967295,0,0
oInvCollPH,2016,80,002767D4,0,1,1,4294967295,0,0
oInvCollPH,2032,80,0008CC24,0,1,1,4294967295,0,0
oInvCollPH,2048,80,00147721,0,1,1,4294967295,0,0
oInvCollPH,2064,80,002214FB,0,1,1,4294967295,0,0
oInvCollPH,2080,80,0034E31D,0,1,1,4294967295,0,0
oInvCollPH,2096,80,002A51CD,0,1,1,4294967295,0,0
oInvCollPH,2112,80,001794FE,0,1,1,4294967295,0,0
oInvCollPH,2128,80,002B442B,0,1,1,4294967295,0,0
oInvCollPH,2144,80,003150F4,0,1,1,4294967295,0,0
oInvCollPH,2160,80,0001958E,0,1,1,4294967295,0,0
oInvCollPH,2176,80,0016DC96,0,1,1,4294967295,0,0
oInvCollPH,2192,80,0001CC54,0,1,1,4294967295,0,0
oInvCollPH,2208,80,002E0B76,0,1,1,4294967295,0,0
oInvCollPH,2224,80,000FB29B,0,1,1,4294967295,0,0
oInvCollPH,2240,80,003521A5,0,1,1,4294967295,0,0
oInvCollPH,2256,80,0010E156,0,1,1,4294967295,0,0
oInvCollPH,2272,80,00175971,0,1,1,4294967295,0,0
oInvCollPH,2288,80,000DC0B1,0,1,1,4294967295,0,0
oInvCollPH,2304,80,000BAFAD,0,1,1,4294967295,0,0
oInvCollPH,2320,80,002EB6C9,0,1,1,4294967295,0,0
oInvCollPH,2336,80,0039D769,0,1,1,4294967295,0,0
oInvCollPH,2352,80,00280D5E,0,1,1,4294967295,0,0
oInvCollPH,2368,80,00046409,0,1,1,4294967295,0,0
oInvCollPH,2384,80,0020F8C7,0,1,1,4294967295,0,0
oInvCollPH,2400,80,00266A92,0,1,1,4294967295,0,0
oInvCollPH,2416,80,001B2D89,0,1,1,4294967295,0,0
oInvCollPH,2432,80,0011CD0C,0,1,1,4294967295,0,0
oInvCollPH,2448,80,0033BBF9,0,1,1,4294967295,0,0
oInvCollPH,2464,80,000A593F,0,1,1,4294967295,0,0
oInvCollPH,2480,80,0023C225,0,1,1,4294967295,0,0
oInvCollPH,2496,80,003114DB,0,1,1,4294967295,0,0
oInvCollPH,2512,80,00400606,0,1,1,4294967295,0,0
oInvCollPH,2528,80,00269273,0,1,1,4294967295,0,0
oInvCollPH,2544,80,0018C26D,0,1,1,4294967295,0,0
oInvCollPH,2560,80,000A9442,0,1,1,4294967295,0,0
oInvCollPH,2576,80,002ED09A,0,1,1,4294967295,0,0
oInvCollPH,2592,80,0007A70A,0,1,1,4294967295,0,0
oInvCollPH,2608,80,00183057,0,1,1,4294967295,0,0
oInvCollPH,2448,256,0029572E,0,1,1,4294967295,0,0
oInvCollPH,2464,256,001CA6B8,0,1,1,4294967295,0,0
oInvCollPH,2480,256,003885E3,0,1,1,4294967295,0,0
oInvCollPH,2480,272,0032EE4F,0,1,1,4294967295,0,0
oInvCollPH,2480,288,0022D0BD,0,1,1,4294967295,0,0
oInvCollPH,3680,112,003091A7,0,1,1,4294967295,0,0
oInvCollPH,3680,128,00093B7E,0,1,1,4294967295,0,0
oInvCollPH,3696,128,0035424C,0,1,1,4294967295,0,0
oInvCollPH,3712,128,003FEC84,0,1,1,4294967295,0,0
oInvCollPH,3728,128,0037E837,0,1,1,4294967295,0,0
oInvCollPH,3744,128,001B0436,0,1,1,4294967295,0,0
oInvCollPH,3760,128,000161CB,0,1,1,4294967295,0,0
oInvCollPH,3776,128,001A45E7,0,1,1,4294967295,0,0
oInvCollPH,3792,128,0016CA48,0,1,1,4294967295,0,0
oInvCollPH,3808,128,00194284,0,1,1,4294967295,0,0
oInvCollPH,3824,128,0027F479,0,1,1,4294967295,0,0
oInvCollPH,3840,128,0013E8DA,0,1,1,4294967295,0,0
oInvCollPH,3856,128,0022A156,0,1,1,4294967295,0,0
oInvCollPH,3872,128,000C208A,0,1,1,4294967295,0,0
oInvCollPH,3888,128,0002029D,0,1,1,4294967295,0,0
oInvCollPH,3904,128,00339401,0,1,1,4294967295,0,0
oInvCollPH,3920,128,002AA52B,0,1,1,4294967295,0,0
oInvCollPH,3936,128,0014A32E,0,1,1,4294967295,0,0
oInvCollPH,3952,128,000FFD51,0,1,1,4294967295,0,0
oInvCollPH,3952,112,002E5885,0,1,1,4294967295,0,0
oInvCollPH,3952,96,002BC82C,0,1,1,4294967295,0,0
oInvCollPH,7472,80,00384988,0,1,1,4294967295,0,0
oInvCollPH,7488,80,000446D7,0,1,1,4294967295,0,0
oInvCollPH,7504,80,0026C50F,0,1,1,4294967295,0,0
oInvCollPH,7520,80,003A255F,0,1,1,4294967295,0,0
oInvCollPH,7536,80,0012A6A1,0,1,1,4294967295,0,0
oInvCollPH,7552,80,0032E80C,0,1,1,4294967295,0,0
oInvCollPH,7616,80,001534C8,0,1,1,4294967295,0,0
oInvCollPH,7600,80,000D9ABD,0,1,1,4294967295,0,0
oInvCollPH,7584,80,00043A2D,0,1,1,4294967295,0,0
oInvCollPH,7568,80,000F84D9,0,1,1,4294967295,0,0
oInvCollPH,7632,80,00125171,0,1,1,4294967295,0,0
oInvCollPH,7648,80,0032077F,0,1,1,4294967295,0,0
oInvCollPH,7664,80,0007BA6D,0,1,1,4294967295,0,0
oInvCollPH,7680,80,003C9B39,0,1,1,4294967295,0,0
oInvCollPH,7696,80,002398F8,0,1,1,4294967295,0,0
oInvCollPH,7712,80,0000C4D4,0,1,1,4294967295,0,0
oInvCollPH,7728,80,00091C3E,0,1,1,4294967295,0,0
oInvCollPH,7744,80,00160832,0,1,1,4294967295,0,0
oInvCollPH,7760,80,000974D2,0,1,1,4294967295,0,0
oInvCollPH,7760,64,00238F39,0,1,1,4294967295,0,0
oInvCollPH,7760,48,00043295,0,1,1,4294967295,0,0
oInvCollPH,9536,64,001F129E,0,1,1,4294967295,0,0
oInvCollPH,9536,80,00396A30,0,1,1,4294967295,0,0
oInvCollPH,9536,96,003CD470,0,1,1,4294967295,0,0
oInvCollPH,9536,160,00216B70,0,1,1,4294967295,0,0
oInvCollPH,9536,144,00277CDE,0,1,1,4294967295,0,0
oInvCollPH,9536,128,003A04EC,0,1,1,4294967295,0,0
oInvCollPH,9536,112,0006165E,0,1,1,4294967295,0,0
oInvCollPH,9536,176,0019FD6A,0,1,1,4294967295,0,0
oInvCollPH,9536,192,003BA371,0,1,1,4294967295,0,0
oInvCollPH,9536,208,0034BF8A,0,1,1,4294967295,0,0
oInvCollPH,9536,224,003A32E1,0,1,1,4294967295,0,0
oInvCollPH,8720,256,0039DC8A,0,1,1,4294967295,0,0
oInvCollPH,8736,240,00141F55,0,1,1,4294967295,0,0
oInvCollPH,8752,240,00302874,0,1,1,4294967295,0,0
oInvCollPH,8768,240,003B0926,0,1,1,4294967295,0,0
oInvCollPH,8784,240,00270E1B,0,1,1,4294967295,0,0
oInvCollPH,8800,240,00016674,0,1,1,4294967295,0,0
oInvCollPH,8816,240,003D1B62,0,1,1,4294967295,0,0
oInvCollPH,8832,240,000DB779,0,1,1,4294967295,0,0
oInvCollPH,8848,240,00213003,0,1,1,4294967295,0,0
oInvCollPH,8864,240,002DA697,0,1,1,4294967295,0,0
oInvCollPH,8880,240,003FEF36,0,1,1,4294967295,0,0
oInvCollPH,8896,240,003588EF,0,1,1,4294967295,0,0
oInvCollPH,8912,240,0023F4B7,0,1,1,4294967295,0,0
oInvCollPH,8928,240,001971F1,0,1,1,4294967295,0,0
oInvCollPH,8944,240,001EE4C5,0,1,1,4294967295,0,0
oInvCollPH,8960,240,00053C04,0,1,1,4294967295,0,0
oInvCollPH,8976,240,00232931,0,1,1,4294967295,0,0
oInvCollPH,8992,240,001431F0,0,1,1,4294967295,0,0
oInvCollPH,9008,240,00108940,0,1,1,4294967295,0,0
oInvCollPH,9024,240,0013F712,0,1,1,4294967295,0,0
oInvCollPH,9040,240,0021E1C1,0,1,1,4294967295,0,0
oInvCollPH,9056,240,003A66CC,0,1,1,4294967295,0,0
oInvCollPH,9072,240,00031361,0,1,1,4294967295,0,0
oInvCollPH,9088,240,0037E31E,0,1,1,4294967295,0,0
oInvCollPH,9104,240,001C32C3,0,1,1,4294967295,0,0
oInvCollPH,9120,240,002FD4DF,0,1,1,4294967295,0,0
oInvCollPH,9136,240,00254C1A,0,1,1,4294967295,0,0
oInvCollPH,9152,240,0027DF6B,0,1,1,4294967295,0,0
oInvCollPH,9168,240,003C8469,0,1,1,4294967295,0,0
oInvCollPH,9184,240,00215ABB,0,1,1,4294967295,0,0
oInvCollPH,9200,240,001693A1,0,1,1,4294967295,0,0
oInvCollPH,9216,240,003B6E8F,0,1,1,4294967295,0,0
oInvCollPH,9232,240,0021FD82,0,1,1,4294967295,0,0
oInvCollPH,9248,240,0038AE62,0,1,1,4294967295,0,0
oInvCollPH,9264,240,00322BC2,0,1,1,4294967295,0,0
oInvCollPH,9280,240,00242133,0,1,1,4294967295,0,0
oInvCollPH,9296,240,00107E6F,0,1,1,4294967295,0,0
oInvCollPH,9312,240,00299E45,0,1,1,4294967295,0,0
oInvCollPH,9328,240,001785E4,0,1,1,4294967295,0,0
oInvCollPH,9344,240,00398671,0,1,1,4294967295,0,0
oInvCollPH,9360,240,0003310C,0,1,1,4294967295,0,0
oInvCollPH,9376,240,0030D64A,0,1,1,4294967295,0,0
oInvCollPH,9392,240,000B63DE,0,1,1,4294967295,0,0
oInvCollPH,9408,240,0031B199,0,1,1,4294967295,0,0
oInvCollPH,9424,240,001AC297,0,1,1,4294967295,0,0
oInvCollPH,9440,240,0033A0B1,0,1,1,4294967295,0,0
oInvCollPH,9456,240,000671BA,0,1,1,4294967295,0,0
oInvCollPH,9472,240,000C839D,0,1,1,4294967295,0,0
oInvCollPH,9488,240,003C466A,0,1,1,4294967295,0,0
oInvCollPH,9504,240,0018D446,0,1,1,4294967295,0,0
oInvCollPH,9520,240,001C6FC6,0,1,1,4294967295,0,0
oInvCollPH,5648,32,00315F2C,0,1,1,4294967295,0,0
oInvCollPH,5664,32,003138A8,0,1,1,4294967295,0,0
oInvCollPH,5680,32,002495B3,0,1,1,4294967295,0,0
oInvCollPH,5696,32,0030A550,0,1,1,4294967295,0,0
oInvCollPH,5712,32,001185C8,0,1,1,4294967295,0,0
oInvCollPH,5728,32,00277BFA,0,1,1,4294967295,0,0
oInvCollPH,5744,32,0030A3CA,0,1,1,4294967295,0,0
oInvCollPH,5760,32,003ED8E3,0,1,1,4294967295,0,0
oInvCollPH,5776,32,002EE41A,0,1,1,4294967295,0,0
oInvCollPH,5792,32,0016DBB0,0,1,1,4294967295,0,0
oInvCollPH,5808,32,002EBCFF,0,1,1,4294967295,0,0
oInvCollPH,5824,32,00241C39,0,1,1,4294967295,0,0
oInvCollPH,5840,32,002F3471,0,1,1,4294967295,0,0
oInvCollPH,5856,32,001A72D0,0,1,1,4294967295,0,0
oInvCollPH,5872,32,000D3714,0,1,1,4294967295,0,0
oInvCollPH,5888,32,000A4C10,0,1,1,4294967295,0,0
oInvCollPH,5904,32,0033D53D,0,1,1,4294967295,0,0
oInvCollPH,5920,32,001AFC00,0,1,1,4294967295,0,0
oInvCollPH,5936,32,002F3007,0,1,1,4294967295,0,0
oInvCollPH,5952,32,001DB996,0,1,1,4294967295,0,0
oInvCollPH,5968,32,002FD2C6,0,1,1,4294967295,0,0
oInvCollPH,5984,32,00388CAF,0,1,1,4294967295,0,0
oInvCollPH,6000,32,0005DCDB,0,1,1,4294967295,0,0
oInvCollPH,6016,32,001A55BC,0,1,1,4294967295,0,0
oInvCollPH,6032,32,002E8108,0,1,1,4294967295,0,0
oInvCollPH,6048,32,00329919,0,1,1,4294967295,0,0
oInvCollPH,6064,32,0039D017,0,1,1,4294967295,0,0
oInvCollPH,6080,32,0011D573,0,1,1,4294967295,0,0
oInvCollPH,6096,32,002FA87A,0,1,1,4294967295,0,0
oInvCollPH,6112,32,00285551,0,1,1,4294967295,0,0
oInvCollPH,6128,32,00283F21,0,1,1,4294967295,0,0
oInvCollPH,6144,32,0019A8D1,0,1,1,4294967295,0,0
oInvCollPH,6160,32,00069347,0,1,1,4294967295,0,0
oInvCollPH,6176,32,00303A4E,0,1,1,4294967295,0,0
oInvCollPH,6192,32,0027E130,0,1,1,4294967295,0,0
oInvCollPH,6208,32,0004F470,0,1,1,4294967295,0,0
oInvCollPH,6224,32,00092ECF,0,1,1,4294967295,0,0
oInvCollPH,6240,32,0014FE9E,0,1,1,4294967295,0,0
oInvCollPH,6256,32,000E57CB,0,1,1,4294967295,0,0
oInvCollPH,6272,32,00176609,0,1,1,4294967295,0,0
oInvCollPH,6288,32,003C8E29,0,1,1,4294967295,0,0
oInvCollPH,6304,32,001743CA,0,1,1,4294967295,0,0
oInvCollPH,6320,32,000AB2C8,0,1,1,4294967295,0,0
oInvCollPH,6336,32,0010025D,0,1,1,4294967295,0,0
oInvCollPH,6352,32,0038DF62,0,1,1,4294967295,0,0
oInvCollPH,6368,32,00025F91,0,1,1,4294967295,0,0
oInvCollPH,6384,32,000E1007,0,1,1,4294967295,0,0
oInvCollPH,6400,32,000FF451,0,1,1,4294967295,0,0
oInvCollPH,6416,32,002681FB,0,1,1,4294967295,0,0
oInvCollPH,6432,32,0021E193,0,1,1,4294967295,0,0
oInvCollPH,6448,32,000BC936,0,1,1,4294967295,0,0
oInvCollPH,6464,32,002FB13F,0,1,1,4294967295,0,0
oInvCollPH,6480,32,0009E409,0,1,1,4294967295,0,0
oInvCollPH,6496,32,002E6268,0,1,1,4294967295,0,0
oInvCollPH,6512,32,001AD5AC,0,1,1,4294967295,0,0
oInvCollPH,6528,32,000109C5,0,1,1,4294967295,0,0
oInvCollPH,6544,32,00017442,0,1,1,4294967295,0,0
oInvCollPH,6560,32,001D057D,0,1,1,4294967295,0,0
oInvCollPH,6576,32,001F2A36,0,1,1,4294967295,0,0
oInvCollPH,6592,32,0038839E,0,1,1,4294967295,0,0
oInvCollPH,7776,32,0009BC7C,0,1,1,4294967295,0,0
oInvCollPH,7792,32,0004F526,0,1,1,4294967295,0,0
oInvCollPH,7808,32,00057FD0,0,1,1,4294967295,0,0
oInvCollPH,7824,32,0004A997,0,1,1,4294967295,0,0
oInvCollPH,7840,32,000D0684,0,1,1,4294967295,0,0
oInvCollPH,7856,32,001BE355,0,1,1,4294967295,0,0
oInvCollPH,7872,32,00314FB5,0,1,1,4294967295,0,0
oInvCollPH,7888,32,003C4AB8,0,1,1,4294967295,0,0
oInvCollPH,7904,32,002A2E16,0,1,1,4294967295,0,0
oInvCollPH,7920,32,0021F370,0,1,1,4294967295,0,0
oInvCollPH,7936,32,00160E42,0,1,1,4294967295,0,0
oInvCollPH,7952,32,000CBD98,0,1,1,4294967295,0,0
oInvCollPH,7968,32,0009B544,0,1,1,4294967295,0,0
oInvCollPH,7984,32,001BA8AE,0,1,1,4294967295,0,0
oInvCollPH,8000,32,0012D875,0,1,1,4294967295,0,0
oInvCollPH,8016,32,002974EF,0,1,1,4294967295,0,0
oInvCollPH,8032,32,0036767E,0,1,1,4294967295,0,0
oInvCollPH,8048,32,00246A64,0,1,1,4294967295,0,0
oInvCollPH,8064,32,00363486,0,1,1,4294967295,0,0
oInvCollPH,8080,32,003DB729,0,1,1,4294967295,0,0
oInvCollPH,8096,32,000727A0,0,1,1,4294967295,0,0
oInvCollPH,8112,32,001D993C,0,1,1,4294967295,0,0
oInvCollPH,8128,32,000DA46E,0,1,1,4294967295,0,0
oInvCollPH,8144,32,001D151B,0,1,1,4294967295,0,0
oInvCollPH,8160,32,0024770C,0,1,1,4294967295,0,0
oInvCollPH,8176,32,001FE4B3,0,1,1,4294967295,0,0
oInvCollPH,8192,32,0005D46A,0,1,1,4294967295,0,0
oInvCollPH,8208,32,003D010C,0,1,1,4294967295,0,0
oInvCollPH,8224,32,002632FD,0,1,1,4294967295,0,0
oInvCollPH,8240,32,001DC5DE,0,1,1,4294967295,0,0
oInvCollPH,8256,32,0029A572,0,1,1,4294967295,0,0
oInvCollPH,8272,32,0009DA8D,0,1,1,4294967295,0,0
oInvCollPH,8288,32,002FE414,0,1,1,4294967295,0,0
oInvCollPH,8304,32,000387BE,0,1,1,4294967295,0,0
oInvCollPH,8320,32,00301703,0,1,1,4294967295,0,0
oInvCollPH,8336,32,0007E5A1,0,1,1,4294967295,0,0
oInvCollPH,8352,32,002F74B5,0,1,1,4294967295,0,0
oInvCollPH,8368,32,00084A44,0,1,1,4294967295,0,0
oInvCollPH,8384,32,00266F7E,0,1,1,4294967295,0,0
oInvCollPH,8400,32,00127B75,0,1,1,4294967295,0,0
oInvCollPH,8416,32,003EED13,0,1,1,4294967295,0,0
oInvCollPH,8432,32,002047F2,0,1,1,4294967295,0,0
oInvCollPH,8448,32,003CACC6,0,1,1,4294967295,0,0
oInvCollPH,8464,32,00001AA9,0,1,1,4294967295,0,0
oInvCollPH,8480,32,00196835,0,1,1,4294967295,0,0
oInvCollPH,8496,32,001C1894,0,1,1,4294967295,0,0
oInvCollPH,8512,32,00005212,0,1,1,4294967295,0,0
oInvCollPH,8528,32,0010C737,0,1,1,4294967295,0,0
oInvCollPH,8544,32,0008B1C4,0,1,1,4294967295,0,0
oInvCollPH,8560,32,001ABC06,0,1,1,4294967295,0,0
oInvCollPH,8576,32,0037642B,0,1,1,4294967295,0,0
oInvCollPH,8592,32,0001F504,0,1,1,4294967295,0,0
oInvCollPH,8608,32,001D575D,0,1,1,4294967295,0,0
oInvCollPH,8624,32,000AD5BF,0,1,1,4294967295,0,0
oInvCollPH,8640,32,000F6DEE,0,1,1,4294967295,0,0
oInvCollPH,8656,32,001A20DB,0,1,1,4294967295,0,0
oInvCollPH,8672,32,0033BAEC,0,1,1,4294967295,0,0
oInvCollPH,8688,32,001EDFE7,0,1,1,4294967295,0,0
oInvCollPH,8704,32,00334337,0,1,1,4294967295,0,0
oInvCollPH,8720,32,003B6C18,0,1,1,4294967295,0,0
oInvCollPH,8736,32,0010C709,0,1,1,4294967295,0,0
oInvCollPH,8752,32,0021C586,0,1,1,4294967295,0,0
oInvCollPH,8768,32,00203C95,0,1,1,4294967295,0,0
oInvCollPH,8784,32,0018BF7D,0,1,1,4294967295,0,0
oInvCollPH,8800,32,002EA13D,0,1,1,4294967295,0,0
oInvCollPH,8816,32,0035A109,0,1,1,4294967295,0,0
oInvCollPH,8832,32,00281C2A,0,1,1,4294967295,0,0
oInvCollPH,8848,32,0006B953,0,1,1,4294967295,0,0
oInvCollPH,8864,32,00212ABF,0,1,1,4294967295,0,0
oInvCollPH,8880,32,00060B14,0,1,1,4294967295,0,0
oInvCollPH,8896,32,003803FD,0,1,1,4294967295,0,0
oInvCollPH,8912,32,0029DF58,0,1,1,4294967295,0,0
oInvCollPH,8928,32,0020A3A9,0,1,1,4294967295,0,0
oInvCollPH,8944,32,0017ED3D,0,1,1,4294967295,0,0
oInvCollPH,8960,32,003484B6,0,1,1,4294967295,0,0
oInvCollPH,8976,32,003D0BB7,0,1,1,4294967295,0,0
oInvCollPH,8992,32,00390485,0,1,1,4294967295,0,0
oInvCollPH,9008,32,00367957,0,1,1,4294967295,0,0
oInvCollPH,9024,32,00328905,0,1,1,4294967295,0,0
oInvCollPH,9040,32,00103015,0,1,1,4294967295,0,0
oInvCollPH,9056,32,0008BBA3,0,1,1,4294967295,0,0
oInvCollPH,9072,32,000402CE,0,1,1,4294967295,0,0
oInvCollPH,9088,32,0007764F,0,1,1,4294967295,0,0
oInvCollPH,9104,32,000BD4E6,0,1,1,4294967295,0,0
oInvCollPH,9120,32,000FB709,0,1,1,4294967295,0,0
oInvCollPH,9136,32,0000E18B,0,1,1,4294967295,0,0
oInvCollPH,9152,32,00316113,0,1,1,4294967295,0,0
oInvCollPH,9168,32,001A7A77,0,1,1,4294967295,0,0
oInvCollPH,9184,32,000ED1A6,0,1,1,4294967295,0,0
oInvCollPH,9200,32,0033EFD6,0,1,1,4294967295,0,0
oInvCollPH,9216,32,003221D2,0,1,1,4294967295,0,0
oInvCollPH,9232,32,0037DD88,0,1,1,4294967295,0,0
oInvCollPH,9248,32,00191E92,0,1,1,4294967295,0,0
oInvCollPH,9264,32,0023DAF6,0,1,1,4294967295,0,0
oInvCollPH,9280,32,00158FF2,0,1,1,4294967295,0,0
oInvCollPH,9296,32,003C15C7,0,1,1,4294967295,0,0
oInvCollPH,9312,32,002ECC81,0,1,1,4294967295,0,0
oInvCollPH,9328,32,0008BDBB,0,1,1,4294967295,0,0
oInvCollPH,9344,32,003B13FF,0,1,1,4294967295,0,0
oInvCollPH,9360,32,001F1254,0,1,1,4294967295,0,0
oInvCollPH,9376,32,001D7B04,0,1,1,4294967295,0,0
oInvCollPH,9392,32,0039E42A,0,1,1,4294967295,0,0
oInvCollPH,9408,32,000B3D2A,0,1,1,4294967295,0,0
oInvCollPH,9424,32,0012FF95,0,1,1,4294967295,0,0
oInvCollPH,9440,32,00025CEB,0,1,1,4294967295,0,0
oInvCollPH,9456,32,00288642,0,1,1,4294967295,0,0
oInvCollPH,9472,32,00124801,0,1,1,4294967295,0,0
oInvCollPH,9488,32,001E214B,0,1,1,4294967295,0,0
oInvCollPH,9504,32,002982DA,0,1,1,4294967295,0,0
oInvCollPH,9520,32,001E5D47,0,1,1,4294967295,0,0
oInvCollPH,7584,288,0038C99E,0,1,1,4294967295,0,0
oInvCollPH,7600,272,001F200A,0,1,1,4294967295,0,0
oInvCollPH,7616,272,0013E2AE,0,1,1,4294967295,0,0
oInvCollPH,7632,272,0025D419,0,1,1,4294967295,0,0
oInvCollPH,7648,272,0002BBAA,0,1,1,4294967295,0,0
oInvCollPH,7664,272,0013F6CC,0,1,1,4294967295,0,0
oInvCollPH,7680,272,001B2243,0,1,1,4294967295,0,0
oInvCollPH,7696,272,003FDC0D,0,1,1,4294967295,0,0
oInvCollPH,7712,272,003D6ED9,0,1,1,4294967295,0,0
oInvCollPH,7728,272,002F051A,0,1,1,4294967295,0,0
oInvCollPH,7744,272,0037B889,0,1,1,4294967295,0,0
oInvCollPH,7760,272,000FC308,0,1,1,4294967295,0,0
oInvCollPH,7776,272,003FAFD3,0,1,1,4294967295,0,0
oInvCollPH,7792,272,003E2B1D,0,1,1,4294967295,0,0
oInvCollPH,7808,272,000F7534,0,1,1,4294967295,0,0
oInvCollPH,7824,272,0023D937,0,1,1,4294967295,0,0
oInvCollPH,7840,272,00074F7C,0,1,1,4294967295,0,0
oInvCollPH,7856,272,00051229,0,1,1,4294967295,0,0
oInvCollPH,7872,272,003091FE,0,1,1,4294967295,0,0
oInvCollPH,7888,272,00119B5A,0,1,1,4294967295,0,0
oInvCollPH,7904,272,000C312D,0,1,1,4294967295,0,0
oInvCollPH,7920,272,00396508,0,1,1,4294967295,0,0
oInvCollPH,7936,272,00333804,0,1,1,4294967295,0,0
oInvCollPH,7952,272,0015897E,0,1,1,4294967295,0,0
oInvCollPH,7968,272,00313F67,0,1,1,4294967295,0,0
oInvCollPH,7984,272,0006B994,0,1,1,4294967295,0,0
oInvCollPH,8000,272,00187229,0,1,1,4294967295,0,0
oInvCollPH,8016,272,00111E41,0,1,1,4294967295,0,0
oInvCollPH,8032,272,001C40CF,0,1,1,4294967295,0,0
oInvCollPH,8048,272,000C22EB,0,1,1,4294967295,0,0
oInvCollPH,8064,272,00027B46,0,1,1,4294967295,0,0
oInvCollPH,8080,272,0026A7B9,0,1,1,4294967295,0,0
oInvCollPH,8096,272,0037A9AC,0,1,1,4294967295,0,0
oInvCollPH,8112,272,0006A61E,0,1,1,4294967295,0,0
oInvCollPH,8128,272,001AB913,0,1,1,4294967295,0,0
oInvCollPH,8144,272,00274B21,0,1,1,4294967295,0,0
oInvCollPH,8160,272,0003D5A3,0,1,1,4294967295,0,0
oInvCollPH,8176,272,001A0207,0,1,1,4294967295,0,0
oInvCollPH,8192,272,002988A0,0,1,1,4294967295,0,0
oInvCollPH,8208,272,002C9952,0,1,1,4294967295,0,0
oInvCollPH,8224,272,002A9BCB,0,1,1,4294967295,0,0
oInvCollPH,8240,272,000417E5,0,1,1,4294967295,0,0
oInvCollPH,8256,272,00272428,0,1,1,4294967295,0,0
oInvCollPH,8272,272,0006C782,0,1,1,4294967295,0,0
oInvCollPH,8288,272,0000DDDC,0,1,1,4294967295,0,0
oInvCollPH,8304,272,00334193,0,1,1,4294967295,0,0
oInvCollPH,8320,272,0031B345,0,1,1,4294967295,0,0
oInvCollPH,8336,272,00176A74,0,1,1,4294967295,0,0
oInvCollPH,8352,272,0033DBB6,0,1,1,4294967295,0,0
oInvCollPH,8368,272,00254DF0,0,1,1,4294967295,0,0
oInvCollPH,8384,272,00281745,0,1,1,4294967295,0,0
oInvCollPH,8400,272,003459AE,0,1,1,4294967295,0,0
oInvCollPH,8416,272,0017F1D8,0,1,1,4294967295,0,0
oInvCollPH,8432,272,0006FADD,0,1,1,4294967295,0,0
oInvCollPH,8448,272,001895CF,0,1,1,4294967295,0,0
oInvCollPH,8464,272,00131247,0,1,1,4294967295,0,0
oInvCollPH,8480,272,002ED8AE,0,1,1,4294967295,0,0
oInvCollPH,8496,272,00084A79,0,1,1,4294967295,0,0
oInvCollPH,8512,272,00103D99,0,1,1,4294967295,0,0
oInvCollPH,8528,272,0016CFBA,0,1,1,4294967295,0,0
oInvCollPH,8544,272,00390565,0,1,1,4294967295,0,0
oInvCollPH,8560,272,003AA869,0,1,1,4294967295,0,0
oInvCollPH,8576,272,001A3020,0,1,1,4294967295,0,0
oInvCollPH,8592,272,002CB259,0,1,1,4294967295,0,0
oInvCollPH,8608,272,001559EA,0,1,1,4294967295,0,0
oInvCollPH,8624,272,00198F28,0,1,1,4294967295,0,0
oInvCollPH,8640,272,003751C5,0,1,1,4294967295,0,0
oInvCollPH,8656,272,0030FCA1,0,1,1,4294967295,0,0
oInvCollPH,8672,272,002518EB,0,1,1,4294967295,0,0
oInvCollPH,8688,272,0035FFE1,0,1,1,4294967295,0,0
oInvCollPH,8704,272,002E257E,0,1,1,4294967295,0,0
oInvCollPH,3456,304,0012E409,0,1,1,4294967295,0,0
oInvCollPH,3472,304,000DCC77,0,1,1,4294967295,0,0
oInvCollPH,3488,304,0033D479,0,1,1,4294967295,0,0
oInvCollPH,3504,304,0037F44D,0,1,1,4294967295,0,0
oInvCollPH,3520,304,00100796,0,1,1,4294967295,0,0
oInvCollPH,3536,304,003ABAF2,0,1,1,4294967295,0,0
oInvCollPH,3552,304,0001534B,0,1,1,4294967295,0,0
oInvCollPH,3568,304,001644F7,0,1,1,4294967295,0,0
oInvCollPH,3584,304,002009B4,0,1,1,4294967295,0,0
oInvCollPH,3600,304,003DBF7B,0,1,1,4294967295,0,0
oInvCollPH,3616,304,001E78F2,0,1,1,4294967295,0,0
oInvCollPH,3632,304,0030A89B,0,1,1,4294967295,0,0
oInvCollPH,6272,288,00213880,0,1,1,4294967295,0,0
oInvCollPH,6288,304,00081F30,0,1,1,4294967295,0,0
oInvCollPH,6304,304,0039A963,0,1,1,4294967295,0,0
oInvCollPH,6320,304,003E6D4C,0,1,1,4294967295,0,0
oInvCollPH,6336,304,002E87B2,0,1,1,4294967295,0,0
oInvCollPH,6352,304,00029724,0,1,1,4294967295,0,0
oInvCollPH,6368,304,0036BA85,0,1,1,4294967295,0,0
oInvCollPH,6384,304,0027FF49,0,1,1,4294967295,0,0
oInvCollPH,6400,304,0009FEE4,0,1,1,4294967295,0,0
oInvCollPH,6416,304,003F16EA,0,1,1,4294967295,0,0
oInvCollPH,6432,304,003EF03C,0,1,1,4294967295,0,0
oInvCollPH,6448,304,003A1D85,0,1,1,4294967295,0,0
oInvCollPH,6464,304,001D0E73,0,1,1,4294967295,0,0
oInvCollPH,6480,304,00105F2F,0,1,1,4294967295,0,0
oInvCollPH,6496,304,00048940,0,1,1,4294967295,0,0
oInvCollPH,6512,304,0036A9E3,0,1,1,4294967295,0,0
oInvCollPH,6528,304,00029773,0,1,1,4294967295,0,0
oInvCollPH,6544,304,002033D6,0,1,1,4294967295,0,0
oInvCollPH,6560,304,001D33E1,0,1,1,4294967295,0,0
oInvCollPH,6576,304,003B3F3D,0,1,1,4294967295,0,0
oInvCollPH,6592,304,001101F1,0,1,1,4294967295,0,0
oInvCollPH,6608,304,003175F5,0,1,1,4294967295,0,0
oInvCollPH,6624,304,0013593D,0,1,1,4294967295,0,0
oInvCollPH,6640,304,00216213,0,1,1,4294967295,0,0
oInvCollPH,6656,304,000807E3,0,1,1,4294967295,0,0
oInvCollPH,6672,304,0028CE17,0,1,1,4294967295,0,0
oInvCollPH,6688,304,002D3D13,0,1,1,4294967295,0,0
oInvCollPH,6704,304,001D2A47,0,1,1,4294967295,0,0
oInvCollPH,6720,304,0020FED1,0,1,1,4294967295,0,0
oInvCollPH,6736,304,000218D5,0,1,1,4294967295,0,0
oInvCollPH,6752,304,0033EB9A,0,1,1,4294967295,0,0
oInvCollPH,6768,304,00153BFA,0,1,1,4294967295,0,0
oInvCollPH,6784,304,0006CE36,0,1,1,4294967295,0,0
oInvCollPH,6800,304,001ADEDE,0,1,1,4294967295,0,0
oInvCollPH,6816,304,002DEECD,0,1,1,4294967295,0,0
oInvCollPH,6832,304,003A02B4,0,1,1,4294967295,0,0
oInvCollPH,6848,304,002BEDC0,0,1,1,4294967295,0,0
oInvCollPH,6864,304,0032034B,0,1,1,4294967295,0,0
oInvCollPH,6880,304,0017705F,0,1,1,4294967295,0,0
oInvCollPH,6896,304,003BD740,0,1,1,4294967295,0,0
oInvCollPH,6912,304,0020F031,0,1,1,4294967295,0,0
oInvCollPH,6928,304,001597EE,0,1,1,4294967295,0,0
oInvCollPH,6944,304,00076A76,0,1,1,4294967295,0,0
oInvCollPH,6960,304,003EE5F3,0,1,1,4294967295,0,0
oInvCollPH,6976,304,00316764,0,1,1,4294967295,0,0
oInvCollPH,6992,304,0030AA3A,0,1,1,4294967295,0,0
oInvCollPH,7008,304,000950BE,0,1,1,4294967295,0,0
oInvCollPH,7024,304,0006BE49,0,1,1,4294967295,0,0
oInvCollPH,7040,304,000EC352,0,1,1,4294967295,0,0
oInvCollPH,7056,304,00358140,0,1,1,4294967295,0,0
oInvCollPH,7072,304,00311D3E,0,1,1,4294967295,0,0
oInvCollPH,7088,304,00188A9D,0,1,1,4294967295,0,0
oInvCollPH,7104,304,00170E95,0,1,1,4294967295,0,0
oInvCollPH,7120,304,001961FF,0,1,1,4294967295,0,0
oInvCollPH,7136,304,0008AEED,0,1,1,4294967295,0,0
oInvCollPH,7152,304,00390FEE,0,1,1,4294967295,0,0
oInvCollPH,7168,304,001BED1C,0,1,1,4294967295,0,0
oInvCollPH,7184,304,003DFB97,0,1,1,4294967295,0,0
oInvCollPH,7200,304,000F1A71,0,1,1,4294967295,0,0
oInvCollPH,7216,304,0009B350,0,1,1,4294967295,0,0
oInvCollPH,7232,304,000427BA,0,1,1,4294967295,0,0
oInvCollPH,7248,304,000A6842,0,1,1,4294967295,0,0
oInvCollPH,7264,304,0035A316,0,1,1,4294967295,0,0
oInvCollPH,7280,304,00060D42,0,1,1,4294967295,0,0
oInvCollPH,7296,304,003D9E3C,0,1,1,4294967295,0,0
oInvCollPH,7312,304,0030F528,0,1,1,4294967295,0,0
oInvCollPH,7328,304,002C4B30,0,1,1,4294967295,0,0
oInvCollPH,7344,304,002B90A1,0,1,1,4294967295,0,0
oInvCollPH,7360,304,0025435D,0,1,1,4294967295,0,0
oInvCollPH,7376,304,0008FD15,0,1,1,4294967295,0,0
oInvCollPH,7392,304,002EC3AD,0,1,1,4294967295,0,0
oInvCollPH,7408,304,0021EEB9,0,1,1,4294967295,0,0
oInvCollPH,7424,304,002E96CF,0,1,1,4294967295,0,0
oInvCollPH,7440,304,00171A59,0,1,1,4294967295,0,0
oInvCollPH,7456,304,001A41EB,0,1,1,4294967295,0,0
oInvCollPH,7472,304,001A573C,0,1,1,4294967295,0,0
oInvCollPH,7488,304,0015044A,0,1,1,4294967295,0,0
oInvCollPH,7504,304,0017E6C9,0,1,1,4294967295,0,0
oInvCollPH,7520,304,002AFE0D,0,1,1,4294967295,0,0
oInvCollPH,7536,304,002A16D2,0,1,1,4294967295,0,0
oInvCollPH,7552,304,0001DE67,0,1,1,4294967295,0,0
oInvCollPH,7568,304,00049D67,0,1,1,4294967295,0,0
oInvCollPH,6608,64,00089E56,0,1,1,4294967295,0,0
oInvCollPH,6608,80,0039EB81,0,1,1,4294967295,0,0
oInvCollPH,6608,96,0014DC57,0,1,1,4294967295,0,0
oInvCollPH,6608,112,000C219E,0,1,1,4294967295,0,0
oInvCollPH,6608,128,002104EE,0,1,1,4294967295,0,0
oInvCollPH,6608,144,0030AB41,0,1,1,4294967295,0,0
oInvCollPH,6608,160,001413A6,0,1,1,4294967295,0,0
oInvCollPH,6608,176,00100C32,0,1,1,4294967295,0,0
oInvCollPH,6608,192,0016AAF0,0,1,1,4294967295,0,0
oInvCollPH,6608,208,000FEAEB,0,1,1,4294967295,0,0
oInvCollPH,6608,224,00175A5D,0,1,1,4294967295,0,0
oInvCollPH,6624,224,002417DE,0,1,1,4294967295,0,0
oInvCollPH,6640,224,0009AD6D,0,1,1,4294967295,0,0
oInvCollPH,6656,224,000FB387,0,1,1,4294967295,0,0
oInvCollPH,6672,224,002D06A5,0,1,1,4294967295,0,0
oInvCollPH,6688,224,00197C72,0,1,1,4294967295,0,0
oInvCollPH,6704,224,0025A594,0,1,1,4294967295,0,0
oInvCollPH,6720,224,001FF511,0,1,1,4294967295,0,0
oInvCollPH,6736,224,000EFF40,0,1,1,4294967295,0,0
oInvCollPH,6752,224,00342DEE,0,1,1,4294967295,0,0
oInvCollPH,6768,224,001DC586,0,1,1,4294967295,0,0
oInvCollPH,6784,224,0007B487,0,1,1,4294967295,0,0
oInvCollPH,6800,224,002B1D73,0,1,1,4294967295,0,0
oInvCollPH,6816,224,0016DAE8,0,1,1,4294967295,0,0
oInvCollPH,6832,224,0029E8E7,0,1,1,4294967295,0,0
oInvCollPH,6848,224,00365CDE,0,1,1,4294967295,0,0
oInvCollPH,6864,224,0017E114,0,1,1,4294967295,0,0
oInvCollPH,6880,224,000212DE,0,1,1,4294967295,0,0
oInvCollPH,6896,224,003ED496,0,1,1,4294967295,0,0
oInvCollPH,6912,224,00248A1B,0,1,1,4294967295,0,0
oInvCollPH,6928,224,001920D9,0,1,1,4294967295,0,0
oInvCollPH,6944,224,00338DEF,0,1,1,4294967295,0,0
oInvCollPH,6960,224,001A2B06,0,1,1,4294967295,0,0
oInvCollPH,6976,224,002D9C79,0,1,1,4294967295,0,0
oInvCollPH,6992,224,00207C5B,0,1,1,4294967295,0,0
oInvCollPH,7008,224,0029250E,0,1,1,4294967295,0,0
oInvCollPH,7024,224,00023927,0,1,1,4294967295,0,0
oInvCollPH,7040,224,0024F6DA,0,1,1,4294967295,0,0
oInvCollPH,7056,224,000BC0A2,0,1,1,4294967295,0,0
oInvCollPH,7072,224,00150C24,0,1,1,4294967295,0,0
oInvCollPH,7088,224,002E5445,0,1,1,4294967295,0,0
oInvCollPH,7104,224,004026EA,0,1,1,4294967295,0,0
oInvCollPH,7120,224,003F4356,0,1,1,4294967295,0,0
oInvCollPH,7136,224,001961FA,0,1,1,4294967295,0,0
oInvCollPH,7152,224,00345B7C,0,1,1,4294967295,0,0
oInvCollPH,7168,224,0008547B,0,1,1,4294967295,0,0
oInvCollPH,7184,224,00395AAD,0,1,1,4294967295,0,0
oInvCollPH,7200,224,0007B602,0,1,1,4294967295,0,0
oInvCollPH,7216,224,003E4DDB,0,1,1,4294967295,0,0
oInvCollPH,7232,224,000DC5FF,0,1,1,4294967295,0,0
oInvCollPH,7248,224,0013312F,0,1,1,4294967295,0,0
oInvCollPH,7264,224,00132673,0,1,1,4294967295,0,0
oInvCollPH,7280,224,0013CC9E,0,1,1,4294967295,0,0
oInvCollPH,7296,224,003F82FD,0,1,1,4294967295,0,0
oInvCollPH,7312,224,00268B37,0,1,1,4294967295,0,0
oInvCollPH,7328,224,001234C3,0,1,1,4294967295,0,0
oInvCollPH,7344,224,003B5310,0,1,1,4294967295,0,0
oInvCollPH,7360,224,003CB76C,0,1,1,4294967295,0,0
oInvCollPH,7376,224,003FEFF8,0,1,1,4294967295,0,0
oInvCollPH,7392,224,00154FBE,0,1,1,4294967295,0,0
oInvCollPH,7408,224,0025831E,0,1,1,4294967295,0,0
oInvCollPH,7424,224,0027577A,0,1,1,4294967295,0,0
oInvCollPH,7440,224,001FD98F,0,1,1,4294967295,0,0
oInvCollPH,7456,224,001792C2,0,1,1,4294967295,0,0
oInvCollPH,7456,208,003F465F,0,1,1,4294967295,0,0
oInvCollPH,7456,192,0025BA83,0,1,1,4294967295,0,0
oInvCollPH,7456,176,001D743D,0,1,1,4294967295,0,0
oInvCollPH,7456,160,0032AD98,0,1,1,4294967295,0,0
oInvCollPH,7456,144,003E3586,0,1,1,4294967295,0,0
oInvCollPH,7456,128,00037C86,0,1,1,4294967295,0,0
oInvCollPH,7456,112,001AFAE4,0,1,1,4294967295,0,0
oInvCollPH,7456,96,0005DCCA,0,1,1,4294967295,0,0
oInvCollPH,5808,128,0033FA87,0,1,1,4294967295,0,0
oInvCollPH,5808,144,000959DB,0,1,1,4294967295,0,0
oInvCollPH,5824,112,0024FFB1,0,1,1,4294967295,0,0
oInvCollPH,5840,112,002C7E5E,0,1,1,4294967295,0,0
oInvCollPH,5856,112,0022976C,0,1,1,4294967295,0,0
oInvCollPH,5872,112,001FF37C,0,1,1,4294967295,0,0
oInvCollPH,5888,112,0010A60E,0,1,1,4294967295,0,0
oInvCollPH,5904,112,00310B58,0,1,1,4294967295,0,0
oInvCollPH,5920,112,0012CE5B,0,1,1,4294967295,0,0
oInvCollPH,5936,112,0001EF69,0,1,1,4294967295,0,0
oInvCollPH,6032,112,0007507D,0,1,1,4294967295,0,0
oInvCollPH,6016,112,003B2C18,0,1,1,4294967295,0,0
oInvCollPH,6000,112,001B797D,0,1,1,4294967295,0,0
oInvCollPH,5984,112,000F1AE9,0,1,1,4294967295,0,0
oInvCollPH,5968,112,001B620A,0,1,1,4294967295,0,0
oInvCollPH,5952,112,00157169,0,1,1,4294967295,0,0
oInvCollPH,6224,144,00349839,0,1,1,4294967295,0,0
oInvCollPH,6224,128,00093EA3,0,1,1,4294967295,0,0
oInvCollPH,6224,112,0018716D,0,1,1,4294967295,0,0
oInvCollPH,6208,112,00157B97,0,1,1,4294967295,0,0
oInvCollPH,6192,112,00375DF7,0,1,1,4294967295,0,0
oInvCollPH,6176,112,0001C378,0,1,1,4294967295,0,0
oInvCollPH,6160,112,001EA9DB,0,1,1,4294967295,0,0
oInvCollPH,6144,112,003A3A0F,0,1,1,4294967295,0,0
oInvCollPH,6128,112,00287F12,0,1,1,4294967295,0,0
oInvCollPH,6112,112,0032412A,0,1,1,4294967295,0,0
oInvCollPH,6096,112,000CCC6E,0,1,1,4294967295,0,0
oInvCollPH,6080,112,00187EDF,0,1,1,4294967295,0,0
oInvCollPH,6064,112,003DB091,0,1,1,4294967295,0,0
oInvCollPH,6048,112,00262580,0,1,1,4294967295,0,0
oInvCollPH,5792,160,001480F8,0,1,1,4294967295,0,0
oInvCollPH,5776,160,001EBD43,0,1,1,4294967295,0,0
oInvCollPH,5760,160,003F4C0A,0,1,1,4294967295,0,0
oInvCollPH,5376,176,000FDD87,0,1,1,4294967295,0,0
oInvCollPH,5376,192,003E9208,0,1,1,4294967295,0,0
oInvCollPH,5392,160,00147B9D,0,1,1,4294967295,0,0
oInvCollPH,5408,160,000114CD,0,1,1,4294967295,0,0
oInvCollPH,5424,160,002B06BA,0,1,1,4294967295,0,0
oInvCollPH,5440,160,00233D5B,0,1,1,4294967295,0,0
oInvCollPH,5456,160,00301923,0,1,1,4294967295,0,0
oInvCollPH,5472,160,0013AB9A,0,1,1,4294967295,0,0
oInvCollPH,5488,160,00391F14,0,1,1,4294967295,0,0
oInvCollPH,5504,160,000351F0,0,1,1,4294967295,0,0
oInvCollPH,5520,160,00316B3E,0,1,1,4294967295,0,0
oInvCollPH,5536,160,00184A99,0,1,1,4294967295,0,0
oInvCollPH,5552,160,0016CB5D,0,1,1,4294967295,0,0
oInvCollPH,5568,160,000E017D,0,1,1,4294967295,0,0
oInvCollPH,5584,160,00134DD1,0,1,1,4294967295,0,0
oInvCollPH,5600,160,00085789,0,1,1,4294967295,0,0
oInvCollPH,5616,160,00235493,0,1,1,4294967295,0,0
oInvCollPH,5632,160,000FF35F,0,1,1,4294967295,0,0
oInvCollPH,5648,160,0031CD68,0,1,1,4294967295,0,0
oInvCollPH,5664,160,002E54E1,0,1,1,4294967295,0,0
oInvCollPH,5680,160,0037695A,0,1,1,4294967295,0,0
oInvCollPH,5696,160,0007033F,0,1,1,4294967295,0,0
oInvCollPH,5712,160,002E5F37,0,1,1,4294967295,0,0
oInvCollPH,5728,160,001237D0,0,1,1,4294967295,0,0
oInvCollPH,5744,160,003B57B6,0,1,1,4294967295,0,0
oInvCollPH,6224,160,000A2158,0,1,1,4294967295,0,0
oInvCollPH,6224,176,000C5A10,0,1,1,4294967295,0,0
oInvCollPH,6224,192,00169B01,0,1,1,4294967295,0,0
oInvCollPH,4560,224,002D333C,0,1,1,4294967295,0,0
oInvCollPH,4560,240,00256B3A,0,1,1,4294967295,0,0
oInvCollPH,4576,208,00261EF5,0,1,1,4294967295,0,0
oInvCollPH,4592,208,000186E2,0,1,1,4294967295,0,0
oInvCollPH,4608,208,00325EFA,0,1,1,4294967295,0,0
oInvCollPH,4624,208,001FBC03,0,1,1,4294967295,0,0
oInvCollPH,4640,208,000FA7B4,0,1,1,4294967295,0,0
oInvCollPH,4656,208,001E26AA,0,1,1,4294967295,0,0
oInvCollPH,4672,208,0027F4F6,0,1,1,4294967295,0,0
oInvCollPH,4688,208,003EE239,0,1,1,4294967295,0,0
oInvCollPH,4704,208,0014F86A,0,1,1,4294967295,0,0
oInvCollPH,4720,208,0007523D,0,1,1,4294967295,0,0
oInvCollPH,4736,208,002ACCD8,0,1,1,4294967295,0,0
oInvCollPH,4752,208,0027897C,0,1,1,4294967295,0,0
oInvCollPH,4768,208,000AA411,0,1,1,4294967295,0,0
oInvCollPH,4784,208,001E632E,0,1,1,4294967295,0,0
oInvCollPH,4800,208,002D0434,0,1,1,4294967295,0,0
oInvCollPH,4816,208,0008834F,0,1,1,4294967295,0,0
oInvCollPH,4832,208,000C8833,0,1,1,4294967295,0,0
oInvCollPH,4848,208,001B1D42,0,1,1,4294967295,0,0
oInvCollPH,4864,208,0019B55A,0,1,1,4294967295,0,0
oInvCollPH,4880,208,0007EE4E,0,1,1,4294967295,0,0
oInvCollPH,4896,208,000E478D,0,1,1,4294967295,0,0
oInvCollPH,4912,208,003DD6DB,0,1,1,4294967295,0,0
oInvCollPH,4928,208,00155E2C,0,1,1,4294967295,0,0
oInvCollPH,4944,208,003FCD67,0,1,1,4294967295,0,0
oInvCollPH,4960,208,0023C6D0,0,1,1,4294967295,0,0
oInvCollPH,4976,208,00047C30,0,1,1,4294967295,0,0
oInvCollPH,4992,208,00394707,0,1,1,4294967295,0,0
oInvCollPH,5008,208,003E4F7C,0,1,1,4294967295,0,0
oInvCollPH,5024,208,0004B08D,0,1,1,4294967295,0,0
oInvCollPH,5040,208,002AC523,0,1,1,4294967295,0,0
oInvCollPH,5056,208,0034A833,0,1,1,4294967295,0,0
oInvCollPH,5072,208,003984FF,0,1,1,4294967295,0,0
oInvCollPH,5088,208,003322CB,0,1,1,4294967295,0,0
oInvCollPH,5104,208,0006FE50,0,1,1,4294967295,0,0
oInvCollPH,5120,208,003DD417,0,1,1,4294967295,0,0
oInvCollPH,5136,208,000651B1,0,1,1,4294967295,0,0
oInvCollPH,5152,208,0024F35E,0,1,1,4294967295,0,0
oInvCollPH,5168,208,0017F451,0,1,1,4294967295,0,0
oInvCollPH,5184,208,003A350C,0,1,1,4294967295,0,0
oInvCollPH,5200,208,00387E5D,0,1,1,4294967295,0,0
oInvCollPH,5216,208,001F8F9C,0,1,1,4294967295,0,0
oInvCollPH,5232,208,00222047,0,1,1,4294967295,0,0
oInvCollPH,5248,208,0000EBD1,0,1,1,4294967295,0,0
oInvCollPH,5264,208,0038A2A5,0,1,1,4294967295,0,0
oInvCollPH,5280,208,0010A5C2,0,1,1,4294967295,0,0
oInvCollPH,5296,208,002F4FB0,0,1,1,4294967295,0,0
oInvCollPH,5312,208,00090DA3,0,1,1,4294967295,0,0
oInvCollPH,5328,208,003B6EAF,0,1,1,4294967295,0,0
oInvCollPH,5344,208,000CBFDF,0,1,1,4294967295,0,0
oInvCollPH,5360,208,00183788,0,1,1,4294967295,0,0
oInvCollPH,6256,208,002F7EFF,0,1,1,4294967295,0,0
oInvCollPH,6272,208,0010C7FA,0,1,1,4294967295,0,0
oInvCollPH,6272,224,001EFA9A,0,1,1,4294967295,0,0
oInvCollPH,3664,304,0009B9EA,0,1,1,4294967295,0,0
oInvCollPH,3648,304,00097E11,0,1,1,4294967295,0,0
oInvCollPH,3680,304,003029ED,0,1,1,4294967295,0,0
oInvCollPH,3696,288,003B3667,0,1,1,4294967295,0,0
oInvCollPH,3696,272,0011F8FE,0,1,1,4294967295,0,0
oInvCollPH,3712,256,002EC29D,0,1,1,4294967295,0,0
oInvCollPH,3728,256,003ED91E,0,1,1,4294967295,0,0
oInvCollPH,3744,256,000CB4F5,0,1,1,4294967295,0,0
oInvCollPH,3760,256,003D82E1,0,1,1,4294967295,0,0
oInvCollPH,3776,256,0018AACF,0,1,1,4294967295,0,0
oInvCollPH,3792,256,0025BC25,0,1,1,4294967295,0,0
oInvCollPH,3808,256,0032303C,0,1,1,4294967295,0,0
oInvCollPH,3824,256,0002B82E,0,1,1,4294967295,0,0
oInvCollPH,3840,256,000635FC,0,1,1,4294967295,0,0
oInvCollPH,3856,256,00311AB9,0,1,1,4294967295,0,0
oInvCollPH,3872,256,00292F39,0,1,1,4294967295,0,0
oInvCollPH,3888,256,00327851,0,1,1,4294967295,0,0
oInvCollPH,3904,256,0036E75E,0,1,1,4294967295,0,0
oInvCollPH,3920,256,003A137F,0,1,1,4294967295,0,0
oInvCollPH,3936,256,0031F7A8,0,1,1,4294967295,0,0
oInvCollPH,3952,256,00039537,0,1,1,4294967295,0,0
oInvCollPH,3968,256,00073006,0,1,1,4294967295,0,0
oInvCollPH,3984,256,0023A775,0,1,1,4294967295,0,0
oInvCollPH,4000,256,0002A9C6,0,1,1,4294967295,0,0
oInvCollPH,4016,256,0018FDB2,0,1,1,4294967295,0,0
oInvCollPH,4032,256,002CE443,0,1,1,4294967295,0,0
oInvCollPH,4048,256,0018D22C,0,1,1,4294967295,0,0
oInvCollPH,4064,256,0009C700,0,1,1,4294967295,0,0
oInvCollPH,4080,256,00008D60,0,1,1,4294967295,0,0
oInvCollPH,4096,256,0028685B,0,1,1,4294967295,0,0
oInvCollPH,4112,256,002C416E,0,1,1,4294967295,0,0
oInvCollPH,4128,256,001964DE,0,1,1,4294967295,0,0
oInvCollPH,4144,256,00108C35,0,1,1,4294967295,0,0
oInvCollPH,4160,256,003DAA78,0,1,1,4294967295,0,0
oInvCollPH,4176,256,002F4B37,0,1,1,4294967295,0,0
oInvCollPH,4192,256,00065F76,0,1,1,4294967295,0,0
oInvCollPH,4208,256,003779BD,0,1,1,4294967295,0,0
oInvCollPH,4224,256,0017AE5A,0,1,1,4294967295,0,0
oInvCollPH,4240,256,0015588B,0,1,1,4294967295,0,0
oInvCollPH,4256,256,0027D759,0,1,1,4294967295,0,0
oInvCollPH,4272,256,00054AC0,0,1,1,4294967295,0,0
oInvCollPH,4288,256,00099864,0,1,1,4294967295,0,0
oInvCollPH,4304,256,002BC295,0,1,1,4294967295,0,0
oInvCollPH,4320,256,002CD399,0,1,1,4294967295,0,0
oInvCollPH,4336,256,002D200B,0,1,1,4294967295,0,0
oInvCollPH,4352,256,000DCE8B,0,1,1,4294967295,0,0
oInvCollPH,4368,256,0038B1D1,0,1,1,4294967295,0,0
oInvCollPH,4384,256,0010D830,0,1,1,4294967295,0,0
oInvCollPH,4400,256,001162C5,0,1,1,4294967295,0,0
oInvCollPH,4416,256,00309FF6,0,1,1,4294967295,0,0
oInvCollPH,4432,256,0034ADDA,0,1,1,4294967295,0,0
oInvCollPH,4448,256,0004EB49,0,1,1,4294967295,0,0
oInvCollPH,4464,256,000863E1,0,1,1,4294967295,0,0
oInvCollPH,4480,256,003363A4,0,1,1,4294967295,0,0
oInvCollPH,4496,256,000A31AE,0,1,1,4294967295,0,0
oInvCollPH,4512,256,001821EB,0,1,1,4294967295,0,0
oInvCollPH,4528,256,0023FE8D,0,1,1,4294967295,0,0
oInvCollPH,4544,256,000D41D8,0,1,1,4294967295,0,0
oInvCollPH,6272,240,001AB237,0,1,1,4294967295,0,0
oInvCollPH,6272,256,001EC63E,0,1,1,4294967295,0,0
oInvCollPH,6272,272,001D1DA3,0,1,1,4294967295,0,0
oInvCollPH,3056,80,003AD95C,0,1,1,4294967295,0,0
oInvCollPH,3072,80,000FCFD4,0,1,1,4294967295,0,0
oInvCollPH,3088,80,000AC77D,0,1,1,4294967295,0,0
oInvCollPH,3104,80,001E0BB9,0,1,1,4294967295,0,0
oInvCollPH,3120,80,00035543,0,1,1,4294967295,0,0
oInvCollPH,3136,80,0024D746,0,1,1,4294967295,0,0
oInvCollPH,3152,80,0011BD1D,0,1,1,4294967295,0,0
oInvCollPH,3168,80,003F0EBD,0,1,1,4294967295,0,0
oInvCollPH,3184,80,0007A7EF,0,1,1,4294967295,0,0
oInvCollPH,3200,80,002A18A2,0,1,1,4294967295,0,0
oInvCollPH,3216,80,003A16CD,0,1,1,4294967295,0,0
oInvCollPH,3232,80,003E2979,0,1,1,4294967295,0,0
oInvCollPH,3248,80,001EE39B,0,1,1,4294967295,0,0
oInvCollPH,3264,80,00322DFE,0,1,1,4294967295,0,0
oInvCollPH,3280,80,00116D93,0,1,1,4294967295,0,0
oInvCollPH,3296,80,003F00BD,0,1,1,4294967295,0,0
oInvCollPH,3312,80,0014AD80,0,1,1,4294967295,0,0
oInvCollPH,3328,80,000ECB5B,0,1,1,4294967295,0,0
oInvCollPH,3344,80,0008C374,0,1,1,4294967295,0,0
oInvCollPH,3360,80,00089D19,0,1,1,4294967295,0,0
oInvCollPH,3376,80,003CBABA,0,1,1,4294967295,0,0
oInvCollPH,3392,80,0033A26A,0,1,1,4294967295,0,0
oInvCollPH,3408,80,00358315,0,1,1,4294967295,0,0
oInvCollPH,3424,80,0021CCC6,0,1,1,4294967295,0,0
oInvCollPH,3440,80,0031D73B,0,1,1,4294967295,0,0
oInvCollPH,3456,80,0031A0F2,0,1,1,4294967295,0,0
oInvCollPH,3472,80,00131030,0,1,1,4294967295,0,0
oInvCollPH,3488,80,002EBF18,0,1,1,4294967295,0,0
oInvCollPH,3504,80,00314D82,0,1,1,4294967295,0,0
oInvCollPH,3520,80,003C74C7,0,1,1,4294967295,0,0
oInvCollPH,3536,80,00385F65,0,1,1,4294967295,0,0
oInvCollPH,3552,80,000876ED,0,1,1,4294967295,0,0
oInvCollPH,3568,80,002A26C4,0,1,1,4294967295,0,0
oInvCollPH,3584,80,002E826E,0,1,1,4294967295,0,0
oInvCollPH,3600,80,00219B46,0,1,1,4294967295,0,0
oInvCollPH,3616,80,000BE543,0,1,1,4294967295,0,0
oInvCollPH,3632,80,0039BD93,0,1,1,4294967295,0,0
oInvCollPH,3648,80,00059434,0,1,1,4294967295,0,0
oInvCollPH,3664,80,001D38F8,0,1,1,4294967295,0,0
oInvCollPH,3968,80,000F0112,0,1,1,4294967295,0,0
oInvCollPH,3984,80,00094A5C,0,1,1,4294967295,0,0
oInvCollPH,4000,80,002866AB,0,1,1,4294967295,0,0
oInvCollPH,4016,80,000A016B,0,1,1,4294967295,0,0
oInvCollPH,4032,80,003A0922,0,1,1,4294967295,0,0
oInvCollPH,4048,80,002F5DD5,0,1,1,4294967295,0,0
oInvCollPH,4064,80,00020379,0,1,1,4294967295,0,0
oInvCollPH,4080,80,0012DA34,0,1,1,4294967295,0,0
oInvCollPH,4096,80,000336C0,0,1,1,4294967295,0,0
oInvCollPH,4112,80,00340A55,0,1,1,4294967295,0,0
oInvCollPH,4128,80,001C99CA,0,1,1,4294967295,0,0
oInvCollPH,4144,80,00365240,0,1,1,4294967295,0,0
oInvCollPH,4160,80,00195BC2,0,1,1,4294967295,0,0
oInvCollPH,4176,80,0012F44A,0,1,1,4294967295,0,0
oInvCollPH,4192,80,00374852,0,1,1,4294967295,0,0
oInvCollPH,4208,80,002F6EDF,0,1,1,4294967295,0,0
oInvCollPH,4224,80,00144DBF,0,1,1,4294967295,0,0
oInvCollPH,4240,80,0002728F,0,1,1,4294967295,0,0
oInvCollPH,4256,80,0020D76A,0,1,1,4294967295,0,0
oInvCollPH,4272,80,003BDD01,0,1,1,4294967295,0,0
oInvCollPH,4288,80,0013545D,0,1,1,4294967295,0,0
oInvCollPH,4304,80,002AF60C,0,1,1,4294967295,0,0
oInvCollPH,4320,80,001194E7,0,1,1,4294967295,0,0
oInvCollPH,4336,80,000D3C73,0,1,1,4294967295,0,0
oInvCollPH,4352,80,0000873F,0,1,1,4294967295,0,0
oInvCollPH,4368,80,002A4F3A,0,1,1,4294967295,0,0
oInvCollPH,4384,80,00346C0F,0,1,1,4294967295,0,0
oInvCollPH,4400,80,003E2257,0,1,1,4294967295,0,0
oInvCollPH,4416,80,0006359F,0,1,1,4294967295,0,0
oInvCollPH,4432,80,00271BEA,0,1,1,4294967295,0,0
oInvCollPH,4448,80,0027BDFD,0,1,1,4294967295,0,0
oInvCollPH,4464,80,003728D9,0,1,1,4294967295,0,0
oInvCollPH,4480,80,003CB16E,0,1,1,4294967295,0,0
oInvCollPH,4496,80,002ECC64,0,1,1,4294967295,0,0
oInvCollPH,4512,80,0010BB32,0,1,1,4294967295,0,0
oInvCollPH,4528,80,001DFBEC,0,1,1,4294967295,0,0
oInvCollPH,4544,80,0037F7E4,0,1,1,4294967295,0,0
oInvCollPH,4560,80,001034D7,0,1,1,4294967295,0,0
oInvCollPH,4576,80,002B8D8D,0,1,1,4294967295,0,0
oInvCollPH,4592,80,000EDF53,0,1,1,4294967295,0,0
oInvCollPH,4608,80,0023FD20,0,1,1,4294967295,0,0
oInvCollPH,4624,80,001866BD,0,1,1,4294967295,0,0
oInvCollPH,4640,80,0021198B,0,1,1,4294967295,0,0
oInvCollPH,4656,80,00184B61,0,1,1,4294967295,0,0
oInvCollPH,4672,80,00394515,0,1,1,4294967295,0,0
oInvCollPH,4688,80,002C1398,0,1,1,4294967295,0,0
oInvCollPH,4704,80,003BCC90,0,1,1,4294967295,0,0
oInvCollPH,4720,80,00017D89,0,1,1,4294967295,0,0
oInvCollPH,4736,80,003BAC97,0,1,1,4294967295,0,0
oInvCollPH,4752,80,001753AE,0,1,1,4294967295,0,0
oInvCollPH,4768,80,0037052A,0,1,1,4294967295,0,0
oInvCollPH,4784,80,00039684,0,1,1,4294967295,0,0
oInvCollPH,4800,80,00295E4C,0,1,1,4294967295,0,0
oInvCollPH,4816,80,00168A05,0,1,1,4294967295,0,0
oInvCollPH,4832,80,00070ED2,0,1,1,4294967295,0,0
oInvCollPH,4848,80,000BE2BE,0,1,1,4294967295,0,0
oInvCollPH,4864,80,0038B439,0,1,1,4294967295,0,0
oInvCollPH,4880,80,00342DF1,0,1,1,4294967295,0,0
oInvCollPH,4896,80,002204E8,0,1,1,4294967295,0,0
oInvCollPH,4912,80,003E0733,0,1,1,4294967295,0,0
oInvCollPH,4928,80,0009164D,0,1,1,4294967295,0,0
oInvCollPH,4944,80,0002BC3F,0,1,1,4294967295,0,0
oInvCollPH,4960,80,0003054C,0,1,1,4294967295,0,0
oInvCollPH,4976,80,003502A0,0,1,1,4294967295,0,0
oInvCollPH,4992,80,00038CE5,0,1,1,4294967295,0,0
oInvCollPH,5008,80,003FC6F9,0,1,1,4294967295,0,0
oInvCollPH,5024,80,000DD497,0,1,1,4294967295,0,0
oInvCollPH,5040,80,00170B52,0,1,1,4294967295,0,0
oInvCollPH,5056,80,0009D81A,0,1,1,4294967295,0,0
oInvCollPH,5072,80,001C9CBC,0,1,1,4294967295,0,0
oInvCollPH,5088,80,00194A7E,0,1,1,4294967295,0,0
oInvCollPH,5104,80,00135DFF,0,1,1,4294967295,0,0
oInvCollPH,5120,80,0035CCCF,0,1,1,4294967295,0,0
oInvCollPH,5136,80,00091F18,0,1,1,4294967295,0,0
oInvCollPH,5152,80,0012560C,0,1,1,4294967295,0,0
oInvCollPH,5168,80,00179156,0,1,1,4294967295,0,0
oInvCollPH,5184,80,000F0569,0,1,1,4294967295,0,0
oInvCollPH,5200,80,00138E29,0,1,1,4294967295,0,0
oInvCollPH,5216,80,0030B36A,0,1,1,4294967295,0,0
oInvCollPH,5232,80,0039C4CA,0,1,1,4294967295,0,0
oInvCollPH,5248,80,0004DF9F,0,1,1,4294967295,0,0
oInvCollPH,5264,80,00051894,0,1,1,4294967295,0,0
oInvCollPH,5280,80,002F00DC,0,1,1,4294967295,0,0
oInvCollPH,5296,80,002923FD,0,1,1,4294967295,0,0
oInvCollPH,5312,80,003AFC9F,0,1,1,4294967295,0,0
oInvCollPH,5328,80,00120F25,0,1,1,4294967295,0,0
oInvCollPH,5344,80,00350C61,0,1,1,4294967295,0,0
oInvCollPH,5360,80,001A0C3D,0,1,1,4294967295,0,0
oInvCollPH,5376,80,003C8704,0,1,1,4294967295,0,0
oInvCollPH,5392,80,00323D85,0,1,1,4294967295,0,0
oInvCollPH,5408,80,00399166,0,1,1,4294967295,0,0
oInvCollPH,5424,80,003A59E5,0,1,1,4294967295,0,0
oInvCollPH,5440,80,00328CB3,0,1,1,4294967295,0,0
oInvCollPH,5456,80,00237474,0,1,1,4294967295,0,0
oInvCollPH,5472,80,003A27F5,0,1,1,4294967295,0,0
oInvCollPH,5488,80,00396A59,0,1,1,4294967295,0,0
oInvCollPH,5504,80,0008590C,0,1,1,4294967295,0,0
oInvCollPH,5520,80,003C5CE9,0,1,1,4294967295,0,0
oInvCollPH,5536,80,0008D263,0,1,1,4294967295,0,0
oInvCollPH,5552,80,00103DE7,0,1,1,4294967295,0,0
oInvCollPH,5568,80,00216F92,0,1,1,4294967295,0,0
oInvCollPH,5584,80,0039AE7F,0,1,1,4294967295,0,0
oInvCollPH,5600,80,000B1B1C,0,1,1,4294967295,0,0
oInvCollPH,5616,80,002D0962,0,1,1,4294967295,0,0
oInvCollPH,5632,80,00172B62,0,1,1,4294967295,0,0
oInvCollPH,5632,64,0016436B,0,1,1,4294967295,0,0
oInvCollPH,5632,48,0038A48C,0,1,1,4294967295,0,0
oInvCollPH,1264,192,002C3473,0,1,1,4294967295,0,0
oInvCollPH,1264,208,000A4EAC,0,1,1,4294967295,0,0
oInvCollPH,1264,224,0037BD47,0,1,1,4294967295,0,0
oInvCollPH,1088,208,00054FBC,0,1,1,4294967295,0,0
oInvCollPH,1104,208,001A9187,0,1,1,4294967295,0,0
oInvisibleSolid,0,0,0021D50E,0,1,1,4294967295,0,1
oInvisibleSolid,0,96,001C1954,0,1,1,4294967295,0,1
oInvisibleSolid,0,240,002D9956,0,1,1,4294967295,0,1
oInvisibleSolid,816,256,003863FD,0,1,1,4294967295,0,1
oInvisibleSolid,1680,208,002F67F3,0,1,1,4294967295,0,1
oInvisibleSolid,1920,160,003C9656,0,1,1,4294967295,0,1
oInvisibleSolid,2496,304,001BF2D0,0,1,1,4294967295,0,1
oInvisibleSolid,3072,256,001174CF,0,1,1,4294967295,0,1
oInvisibleSolid,3696,256,002B48AE,0,1,1,4294967295,0,1
oInvisibleSolid,3680,96,002E7073,0,1,1,4294967295,0,1
oInvisibleSolid,1088,224,000AF6B1,0,1,1,4294967295,0,1
oInvisibleSolid,1264,160,002C0F62,0,1,1,4294967295,0,1
oInvisibleSolid,2624,96,000BFC49,0,1,1,4294967295,0,1
oInvisibleSolid,2672,144,00351395,0,1,1,4294967295,0,1
oInvisibleSolid,2720,192,0028CD6B,0,1,1,4294967295,0,1
oInvisibleSolid,8720,240,0029A1ED,0,1,1,4294967295,0,1
oInvisibleSolid,9536,48,003DD423,0,1,1,4294967295,0,1
oInvisibleSolid,5648,0,0005A4D9,0,1,1,4294967295,0,1
oInvisibleSolid,5808,112,0011CBE1,0,1,1,4294967295,0,1
oInvisibleSolid,5376,160,000C4842,0,1,1,4294967295,0,1
oInvisibleSolid,4560,208,003BB600,0,1,1,4294967295,0,1
oInvisibleSolid,6608,48,00098D7F,0,1,1,4294967295,0,1
oInvisibleSolid,7472,48,0028BAC4,0,1,1,4294967295,0,1
oInvisibleSolid,7584,272,000750AE,0,1,1,4294967295,0,1
oBikeDestroyer,1072,224,0029E46E,0,1,1,4294967295,0,1
oBikeDestroyer,1248,160,0025900B,0,1,1,4294967295,0,1
oBikeDestroyer,1664,208,002048E5,0,1,1,4294967295,0,1
oBikeDestroyer,1904,160,00342B59,0,1,1,4294967295,0,1
oBikeDestroyer,3056,256,001C4F1C,0,1,1,4294967295,0,1
oBikeDestroyer,3680,256,002A4F86,0,1,1,4294967295,0,1
oBikeDestroyer,4544,208,002BE602,0,1,1,4294967295,0,1
oBikeDestroyer,5360,160,00247CD5,0,1,1,4294967295,0,1
oBikeDestroyer,5792,112,001DCA80,0,1,1,4294967295,0,1
oBikeDestroyer,6592,48,0038E6CA,0,1,1,4294967295,0,1
oBikeDestroyer,7568,272,0037856A,0,1,1,4294967295,0,1
oBikeDestroyer,8704,240,0008D7A7,0,1,1,4294967295,0,1
oSoundEmitter,2176,192,003507C4,0,1,1,4294967295,0,1
oInvisibleSolid,1072,208,000AA37D,0,1,1,4294967295,0,1
oBikeDestroyer,1056,208,000C7498,0,1,1,4294967295,0,0
oInvisibleSolid,6240,208,003A98F3,0,1,1,4294967295,0,1
