oPlayer1,128,160,003FED72,0,1,1,4294967295,0,0
oInvisibleSolid,2464,944,002DFC3F,0,1,1,4294967295,0,1
oInvisibleSolid,2592,1008,0023651F,0,1,1,4294967295,0,1
oInvisibleSolid,2768,1008,002ECAAF,0,1,1,4294967295,0,1
oInvisibleLupLowSlope,2784,1072,000BEB2F,0,1,1,4294967295,0,0
oInvisibleLupLowSlope,2816,1088,001A1B9D,0,1,1,4294967295,0,0
oInvisibleLupLowSlope,2848,1104,00349A65,0,1,1,4294967295,0,0
oInvisibleLupLowSlope,2880,1120,0038A02D,0,1,1,4294967295,0,0
oInvisibleRupLowSlope,2560,1072,003018B1,0,1,1,4294967295,0,0
oInvisibleRupLowSlope,2528,1088,0035D712,0,1,1,4294967295,0,0
oInvisibleRupLowSlope,2496,1104,000CFA89,0,1,1,4294967295,0,0
oInvisibleRupLowSlope,2464,1120,00287020,0,1,1,4294967295,0,0
oInvisibleSolid,2848,944,001B75BA,0,1,1,4294967295,0,1
oInvisibleSolid,2912,736,0032618A,0,1,1,4294967295,0,1
oInvisibleSolid,2464,1136,00192947,0,1,1,4294967295,0,1
oInvisibleSolid,2496,1120,0003B232,0,1,1,4294967295,0,1
oInvisibleSolid,2528,1104,0031A3BD,0,1,1,4294967295,0,1
oInvisibleSolid,2560,1088,0005D093,0,1,1,4294967295,0,1
oInvisibleSolid,2592,1072,0031487E,0,1,1,4294967295,0,1
oInvisibleSolid,2720,0,0028E6B9,0,1,1,4294967295,0,1
oInvisibleSolid,2464,352,003FA5F8,0,1,1,4294967295,0,1
oInvisibleSolid,2080,0,00371DB4,0,1,1,4294967295,0,1
oInvisibleSolid,1696,0,004021B7,0,1,1,4294967295,0,1
oInvisibleSolid,992,0,00045BEF,0,1,1,4294967295,0,1
oInvisibleSolid,576,544,002731BF,0,1,1,4294967295,0,1
oInvisibleSolid,576,0,003A9EF6,0,1,1,4294967295,0,1
oInvisibleSolid,256,0,0034719A,0,1,1,4294967295,0,1
oInvisibleSolid,0,0,002CEFB9,0,1,1,4294967295,0,1
oInvisibleSolid,0,160,000BB15A,0,1,1,4294967295,0,1
oInvisibleSolid,0,800,001B1739,0,1,1,4294967295,0,1
oInvisibleSolid,928,736,0024AE86,0,1,1,4294967295,0,1
oInvisibleSolid,992,672,00081F42,0,1,1,4294967295,0,1
oInvisibleSolid,1056,608,003A9518,0,1,1,4294967295,0,1
oInvisibleSolid,2080,352,003AE261,0,1,1,4294967295,0,1
oInvisibleSolid,1952,352,0034EE36,0,1,1,4294967295,0,1
oInvisibleSolid,1792,416,001D6CF8,0,1,1,4294967295,0,1
oInvisibleSolid,1888,480,0030A251,0,1,1,4294967295,0,1
oInvisibleSolid,1952,544,0009FD9C,0,1,1,4294967295,0,1
oInvisibleSolid,2672,1008,0026EA55,0,1,1,4294967295,0,1
