oExit,0,128,001C8100,0,1,1,4294967295,0,1
oExit,560,1760,0000E702,0,1,1,4294967295,0,1
oG6_EarthPlat,128,1728,0023DBC1,0,1,1,4294967295,0,1
oG6_EarthPlat,160,1728,0018B54C,0,1,1,4294967295,0,1
oG6_EarthPlat,352,320,0024CA77,0,1,1,4294967295,0,1
oHeartPiece,80,1776,003BA5D4,0,1,1,4294967295,0,1
oPuzzleReset,432,784,00017A06,0,1,1,4294967295,0,1
oLargeJumper,68,680,0006E6EA,0,1,1,4294967295,0,0
oLargeJumper,164,1096,00014A4B,0,1,1,4294967295,0,0
oLargeJumper,292,1608,0020C6CD,0,1,1,4294967295,0,0
oLargeJumper,100,904,000D31F7,0,1,1,4294967295,0,0
oLargeJumper,68,456,000F2756,0,1,1,4294967295,0,0
oLargeJumper,484,296,00013298,0,1,1,4294967295,0,0
oG6_EarthSwitch,184,1333,0029B03E,0,1,1,4294967295,0,0
oG6_EarthSwitch,72,1557,001C3BB0,0,1,1,4294967295,0,0
oG6_EarthSwitch,488,1557,000AB841,0,1,1,4294967295,0,0
oPT_Skeleton,352,160,00316333,0,1,1,4294967295,0,1
oPushRock,416,288,0013F20C,0,1,1,4294967295,0,1
oPushRock,256,768,0021362B,0,1,1,4294967295,0,1
oPT_Slime,224,544,001A3F97,0,1,1,4294967295,0,1
oPT_Slime,320,1760,0013629F,0,1,1,4294967295,0,1
oPT_Slime,256,960,00380CB4,0,1,1,4294967295,0,1
oPlayer1,48,160,00094D62,0,1,1,4294967295,0,0
oInvCollPH,0,80,0017332F,0,1,1,4294967295,0,0
oInvCollPH,16,80,002CB5E2,0,1,1,4294967295,0,0
oInvCollPH,32,80,0036420A,0,1,1,4294967295,0,0
oInvCollPH,48,80,00100EC4,0,1,1,4294967295,0,0
oInvCollPH,48,64,0011B82F,0,1,1,4294967295,0,0
oInvCollPH,80,704,0003407E,0,1,1,4294967295,0,0
oInvCollPH,96,704,002D0A76,0,1,1,4294967295,0,0
oInvCollPH,112,704,00345522,0,1,1,4294967295,0,0
oInvCollPH,112,720,00382ABC,0,1,1,4294967295,0,0
oInvCollPH,96,720,0031C548,0,1,1,4294967295,0,0
oInvCollPH,80,720,000F428A,0,1,1,4294967295,0,0
oInvCollPH,64,720,0016BA3F,0,1,1,4294967295,0,0
oInvCollPH,160,784,000B2D8F,0,1,1,4294967295,0,0
oInvCollPH,176,784,003A377D,0,1,1,4294967295,0,0
oInvCollPH,176,768,000855BE,0,1,1,4294967295,0,0
oInvCollPH,160,816,00197EE4,0,1,1,4294967295,0,0
oInvCollPH,160,832,0014D6BB,0,1,1,4294967295,0,0
oInvCollPH,160,848,001DD0DA,0,1,1,4294967295,0,0
oInvCollPH,176,848,00276AD3,0,1,1,4294967295,0,0
oInvCollPH,192,848,0024E1DA,0,1,1,4294967295,0,0
oInvCollPH,208,848,001F448C,0,1,1,4294967295,0,0
oInvCollPH,224,848,00038CC7,0,1,1,4294967295,0,0
oInvCollPH,240,848,001D754C,0,1,1,4294967295,0,0
oInvCollPH,256,848,00046842,0,1,1,4294967295,0,0
oInvCollPH,272,848,000E68C9,0,1,1,4294967295,0,0
oInvCollPH,272,832,002A68F5,0,1,1,4294967295,0,0
oInvCollPH,272,816,0012F5F1,0,1,1,4294967295,0,0
oInvCollPH,272,800,0036D1A6,0,1,1,4294967295,0,0
oInvCollPH,256,800,00120F7E,0,1,1,4294967295,0,0
oInvCollPH,240,800,00211BBC,0,1,1,4294967295,0,0
oInvCollPH,224,800,003992AE,0,1,1,4294967295,0,0
oInvCollPH,208,800,00347703,0,1,1,4294967295,0,0
oInvCollPH,192,800,00260BC5,0,1,1,4294967295,0,0
oInvCollPH,288,528,0000BBD2,0,1,1,4294967295,0,0
oInvCollPH,304,512,001C9678,0,1,1,4294967295,0,0
oInvCollPH,320,512,002C5E6E,0,1,1,4294967295,0,0
oInvCollPH,336,512,00245767,0,1,1,4294967295,0,0
oInvCollPH,336,528,002CA8F4,0,1,1,4294967295,0,0
oInvCollPH,400,800,003C7125,0,1,1,4294967295,0,0
oInvCollPH,416,800,0023CCBA,0,1,1,4294967295,0,0
oInvCollPH,432,800,0034A568,0,1,1,4294967295,0,0
oInvCollPH,448,800,001C68A9,0,1,1,4294967295,0,0
oInvCollPH,464,800,001D9995,0,1,1,4294967295,0,0
oInvCollPH,480,800,0001C54D,0,1,1,4294967295,0,0
oInvCollPH,496,800,0033EFF7,0,1,1,4294967295,0,0
oInvCollPH,384,816,0025C8F1,0,1,1,4294967295,0,0
oInvCollPH,384,832,0033848C,0,1,1,4294967295,0,0
oInvCollPH,384,848,0004C44F,0,1,1,4294967295,0,0
oInvCollPH,400,848,0037F518,0,1,1,4294967295,0,0
oInvCollPH,416,848,00147D0F,0,1,1,4294967295,0,0
oInvCollPH,432,848,0029E3B5,0,1,1,4294967295,0,0
oInvCollPH,448,848,003513F8,0,1,1,4294967295,0,0
oInvCollPH,464,848,002FC65E,0,1,1,4294967295,0,0
oInvCollPH,480,848,0014706D,0,1,1,4294967295,0,0
oInvCollPH,496,848,00089CD2,0,1,1,4294967295,0,0
oInvCollPH,240,544,000D403B,0,1,1,4294967295,0,0
oInvCollPH,224,544,000B911F,0,1,1,4294967295,0,0
oInvCollPH,208,544,00284CEB,0,1,1,4294967295,0,0
oInvCollPH,192,544,00246CE8,0,1,1,4294967295,0,0
oInvCollPH,176,544,000735A1,0,1,1,4294967295,0,0
oInvCollPH,160,544,003C8662,0,1,1,4294967295,0,0
oInvCollPH,144,544,000BF084,0,1,1,4294967295,0,0
oInvCollPH,128,544,0004FB93,0,1,1,4294967295,0,0
oInvCollPH,112,544,00048355,0,1,1,4294967295,0,0
oInvCollPH,96,560,00367B70,0,1,1,4294967295,0,0
oInvCollPH,96,576,0031FF17,0,1,1,4294967295,0,0
oInvCollPH,96,592,00312F68,0,1,1,4294967295,0,0
oInvCollPH,96,608,000ED0CC,0,1,1,4294967295,0,0
oInvCollPH,96,624,002BF409,0,1,1,4294967295,0,0
oInvCollPH,112,624,001083E3,0,1,1,4294967295,0,0
oInvCollPH,128,624,001174CE,0,1,1,4294967295,0,0
oInvCollPH,144,624,001AC89F,0,1,1,4294967295,0,0
oInvCollPH,160,624,0018FC01,0,1,1,4294967295,0,0
oInvCollPH,176,624,000AAAA7,0,1,1,4294967295,0,0
oInvCollPH,192,624,00141488,0,1,1,4294967295,0,0
oInvCollPH,208,624,003E13C6,0,1,1,4294967295,0,0
oInvCollPH,256,624,000C33B2,0,1,1,4294967295,0,0
oInvCollPH,272,624,0006D306,0,1,1,4294967295,0,0
oInvCollPH,224,624,003DDD04,0,1,1,4294967295,0,0
oInvCollPH,240,624,0015FD8C,0,1,1,4294967295,0,0
oInvCollPH,288,624,00275B9B,0,1,1,4294967295,0,0
oInvCollPH,304,624,001E0B38,0,1,1,4294967295,0,0
oInvCollPH,320,624,002FBB9E,0,1,1,4294967295,0,0
oInvCollPH,336,624,0030E5A6,0,1,1,4294967295,0,0
oInvCollPH,352,624,002223C3,0,1,1,4294967295,0,0
oInvCollPH,368,624,0018440F,0,1,1,4294967295,0,0
oInvCollPH,384,624,0033CBAE,0,1,1,4294967295,0,0
oInvCollPH,400,624,00137A0E,0,1,1,4294967295,0,0
oInvCollPH,416,624,002C52EB,0,1,1,4294967295,0,0
oInvCollPH,432,624,00315EB2,0,1,1,4294967295,0,0
oInvCollPH,432,608,0010C46B,0,1,1,4294967295,0,0
oInvCollPH,432,592,0016D1DB,0,1,1,4294967295,0,0
oInvCollPH,432,576,001A3066,0,1,1,4294967295,0,0
oInvCollPH,432,560,003F2246,0,1,1,4294967295,0,0
oInvCollPH,432,544,002C7A81,0,1,1,4294967295,0,0
oInvCollPH,416,544,00023908,0,1,1,4294967295,0,0
oInvCollPH,400,544,00022F88,0,1,1,4294967295,0,0
oInvCollPH,384,544,001352C9,0,1,1,4294967295,0,0
oInvCollPH,368,544,001B1D4D,0,1,1,4294967295,0,0
oInvCollPH,352,544,001B2018,0,1,1,4294967295,0,0
oInvCollPH,272,544,003A853B,0,1,1,4294967295,0,0
oInvCollPH,256,544,00282479,0,1,1,4294967295,0,0
oInvCollPH,144,48,003EC1F0,0,1,1,4294967295,0,0
oInvCollPH,128,48,0040248B,0,1,1,4294967295,0,0
oInvCollPH,112,48,001CB176,0,1,1,4294967295,0,0
oInvCollPH,96,48,000B85B8,0,1,1,4294967295,0,0
oInvCollPH,80,48,003D6711,0,1,1,4294967295,0,0
oInvCollPH,64,48,002EBA67,0,1,1,4294967295,0,0
oInvCollPH,304,48,0023E450,0,1,1,4294967295,0,0
oInvCollPH,288,48,0019AC53,0,1,1,4294967295,0,0
oInvCollPH,272,48,0017EA9D,0,1,1,4294967295,0,0
oInvCollPH,256,48,000405B8,0,1,1,4294967295,0,0
oInvCollPH,240,48,003688AD,0,1,1,4294967295,0,0
oInvCollPH,224,48,002BCAB1,0,1,1,4294967295,0,0
oInvCollPH,208,48,003399C9,0,1,1,4294967295,0,0
oInvCollPH,192,48,0028C397,0,1,1,4294967295,0,0
oInvCollPH,176,48,0016CEE2,0,1,1,4294967295,0,0
oInvCollPH,160,48,000FB0D9,0,1,1,4294967295,0,0
oInvCollPH,464,48,002DAA62,0,1,1,4294967295,0,0
oInvCollPH,448,48,0015FD67,0,1,1,4294967295,0,0
oInvCollPH,432,48,001046B7,0,1,1,4294967295,0,0
oInvCollPH,416,48,00055BB7,0,1,1,4294967295,0,0
oInvCollPH,400,48,001A7AEA,0,1,1,4294967295,0,0
oInvCollPH,384,48,000E1023,0,1,1,4294967295,0,0
oInvCollPH,368,48,002CB5E6,0,1,1,4294967295,0,0
oInvCollPH,352,48,002A5E65,0,1,1,4294967295,0,0
oInvCollPH,336,48,001D696F,0,1,1,4294967295,0,0
oInvCollPH,320,48,0000E6E1,0,1,1,4294967295,0,0
oInvCollPH,480,48,000B3D88,0,1,1,4294967295,0,0
oInvCollPH,496,48,003A3A2E,0,1,1,4294967295,0,0
oInvCollPH,432,320,0027A5D6,0,1,1,4294967295,0,0
oInvCollPH,448,320,00343D7E,0,1,1,4294967295,0,0
oInvCollPH,464,320,00034187,0,1,1,4294967295,0,0
oInvCollPH,480,320,00030FB3,0,1,1,4294967295,0,0
oInvCollPH,496,320,00396596,0,1,1,4294967295,0,0
oInvCollPH,416,336,00330797,0,1,1,4294967295,0,0
oInvCollPH,416,352,003D4E74,0,1,1,4294967295,0,0
oInvCollPH,416,368,000F428F,0,1,1,4294967295,0,0
oInvCollPH,416,384,001F90A2,0,1,1,4294967295,0,0
oInvCollPH,416,400,002AFDD1,0,1,1,4294967295,0,0
oInvCollPH,432,400,00012E52,0,1,1,4294967295,0,0
oInvCollPH,448,400,0038FCEE,0,1,1,4294967295,0,0
oInvCollPH,464,400,000A766F,0,1,1,4294967295,0,0
oInvCollPH,480,400,0008C530,0,1,1,4294967295,0,0
oInvCollPH,496,400,00336047,0,1,1,4294967295,0,0
oInvCollPH,176,320,001FA205,0,1,1,4294967295,0,0
oInvCollPH,192,320,0008888B,0,1,1,4294967295,0,0
oInvCollPH,208,320,003892E5,0,1,1,4294967295,0,0
oInvCollPH,224,320,0039D0FD,0,1,1,4294967295,0,0
oInvCollPH,240,320,001E0DA4,0,1,1,4294967295,0,0
oInvCollPH,256,320,000D759E,0,1,1,4294967295,0,0
oInvCollPH,272,320,00197D80,0,1,1,4294967295,0,0
oInvCollPH,288,320,003522E9,0,1,1,4294967295,0,0
oInvCollPH,304,320,000E47BD,0,1,1,4294967295,0,0
oInvCollPH,320,320,0022EFF1,0,1,1,4294967295,0,0
oInvCollPH,336,320,002DB786,0,1,1,4294967295,0,0
oInvCollPH,336,336,00345968,0,1,1,4294967295,0,0
oInvCollPH,336,352,000D2999,0,1,1,4294967295,0,0
oInvCollPH,336,368,002255F5,0,1,1,4294967295,0,0
oInvCollPH,336,384,00162285,0,1,1,4294967295,0,0
oInvCollPH,336,400,0035F902,0,1,1,4294967295,0,0
oInvCollPH,320,400,003BB2EE,0,1,1,4294967295,0,0
oInvCollPH,304,400,00293B3E,0,1,1,4294967295,0,0
oInvCollPH,288,400,00344435,0,1,1,4294967295,0,0
oInvCollPH,272,400,0014A0C6,0,1,1,4294967295,0,0
oInvCollPH,256,400,0019BC8D,0,1,1,4294967295,0,0
oInvCollPH,240,400,000DE3E7,0,1,1,4294967295,0,0
oInvCollPH,224,400,000DED93,0,1,1,4294967295,0,0
oInvCollPH,208,400,000EE0C8,0,1,1,4294967295,0,0
oInvCollPH,192,400,00280595,0,1,1,4294967295,0,0
oInvCollPH,176,400,002D5161,0,1,1,4294967295,0,0
oInvCollPH,160,400,002D1510,0,1,1,4294967295,0,0
oInvCollPH,160,384,002756D4,0,1,1,4294967295,0,0
oInvCollPH,160,368,000624DD,0,1,1,4294967295,0,0
oInvCollPH,160,352,003620AF,0,1,1,4294967295,0,0
oInvCollPH,160,336,0036C821,0,1,1,4294967295,0,0
oInvCollPH,16,160,002E17E7,0,1,1,4294967295,0,0
oInvCollPH,32,160,001F420F,0,1,1,4294967295,0,0
oInvCollPH,48,160,002BF2B3,0,1,1,4294967295,0,0
oInvCollPH,144,160,0013D91F,0,1,1,4294967295,0,0
oInvCollPH,128,160,0011F9DB,0,1,1,4294967295,0,0
oInvCollPH,112,160,0039253A,0,1,1,4294967295,0,0
oInvCollPH,96,160,00267AC3,0,1,1,4294967295,0,0
oInvCollPH,80,160,0009ADF4,0,1,1,4294967295,0,0
oInvCollPH,64,160,0028627E,0,1,1,4294967295,0,0
oInvCollPH,160,160,001666AE,0,1,1,4294967295,0,0
oInvCollPH,176,160,0024B3B3,0,1,1,4294967295,0,0
oInvCollPH,192,160,0036B05B,0,1,1,4294967295,0,0
oInvCollPH,208,160,00293480,0,1,1,4294967295,0,0
oInvCollPH,224,160,00247C18,0,1,1,4294967295,0,0
oInvCollPH,240,160,001B6709,0,1,1,4294967295,0,0
oInvCollPH,256,160,00363A3B,0,1,1,4294967295,0,0
oInvCollPH,272,160,00318F0C,0,1,1,4294967295,0,0
oInvCollPH,288,160,003E71AD,0,1,1,4294967295,0,0
oInvCollPH,304,160,0035FC43,0,1,1,4294967295,0,0
oInvCollPH,320,160,000031FC,0,1,1,4294967295,0,0
oInvCollPH,336,160,00284F57,0,1,1,4294967295,0,0
oInvCollPH,352,160,0023593F,0,1,1,4294967295,0,0
oInvCollPH,368,160,000F319C,0,1,1,4294967295,0,0
oInvCollPH,384,160,002540B6,0,1,1,4294967295,0,0
oInvCollPH,400,160,003655C8,0,1,1,4294967295,0,0
oInvCollPH,416,160,0009A996,0,1,1,4294967295,0,0
oInvCollPH,432,160,003C7BF8,0,1,1,4294967295,0,0
oInvCollPH,432,176,00192D1B,0,1,1,4294967295,0,0
oInvCollPH,432,192,000F0850,0,1,1,4294967295,0,0
oInvCollPH,432,208,00092209,0,1,1,4294967295,0,0
oInvCollPH,416,208,000C3984,0,1,1,4294967295,0,0
oInvCollPH,400,208,001487A3,0,1,1,4294967295,0,0
oInvCollPH,384,208,001B7F11,0,1,1,4294967295,0,0
oInvCollPH,368,208,00283473,0,1,1,4294967295,0,0
oInvCollPH,352,208,003779FC,0,1,1,4294967295,0,0
oInvCollPH,336,208,00197565,0,1,1,4294967295,0,0
oInvCollPH,320,208,002273AC,0,1,1,4294967295,0,0
oInvCollPH,304,208,0026F505,0,1,1,4294967295,0,0
oInvCollPH,288,208,0002A18A,0,1,1,4294967295,0,0
oInvCollPH,272,208,0002F41D,0,1,1,4294967295,0,0
oInvCollPH,256,208,0021322A,0,1,1,4294967295,0,0
oInvCollPH,240,208,0033DEE2,0,1,1,4294967295,0,0
oInvCollPH,224,208,00309A07,0,1,1,4294967295,0,0
oInvCollPH,208,208,0010F974,0,1,1,4294967295,0,0
oInvCollPH,192,208,0010E68F,0,1,1,4294967295,0,0
oInvCollPH,176,208,00029B00,0,1,1,4294967295,0,0
oInvCollPH,160,208,002294DD,0,1,1,4294967295,0,0
oInvCollPH,144,208,00327B0C,0,1,1,4294967295,0,0
oInvCollPH,128,208,002905E1,0,1,1,4294967295,0,0
oInvCollPH,112,208,00140904,0,1,1,4294967295,0,0
oInvCollPH,96,208,0027A5D5,0,1,1,4294967295,0,0
oInvCollPH,80,208,0022B223,0,1,1,4294967295,0,0
oInvCollPH,64,208,003C475F,0,1,1,4294967295,0,0
oInvCollPH,64,944,0004C6D4,0,1,1,4294967295,0,0
oInvCollPH,80,944,0039717E,0,1,1,4294967295,0,0
oInvCollPH,96,944,003C7A51,0,1,1,4294967295,0,0
oInvCollPH,112,944,00215843,0,1,1,4294967295,0,0
oInvCollPH,112,928,00141F90,0,1,1,4294967295,0,0
oInvCollPH,96,928,0033A836,0,1,1,4294967295,0,0
oInvCollPH,80,928,00252A3B,0,1,1,4294967295,0,0
oInvCollPH,144,1120,0017EB91,0,1,1,4294967295,0,0
oInvCollPH,160,1120,001415DE,0,1,1,4294967295,0,0
oInvCollPH,176,1120,003C65E2,0,1,1,4294967295,0,0
oInvCollPH,176,1136,00143F48,0,1,1,4294967295,0,0
oInvCollPH,160,1136,002D305F,0,1,1,4294967295,0,0
oInvCollPH,144,1136,0000CD34,0,1,1,4294967295,0,0
oInvCollPH,128,1136,002E9FD7,0,1,1,4294967295,0,0
oInvCollPH,208,960,003DB9AB,0,1,1,4294967295,0,0
oInvCollPH,224,960,003D42AC,0,1,1,4294967295,0,0
oInvCollPH,240,960,00257AAE,0,1,1,4294967295,0,0
oInvCollPH,240,976,000C4DC9,0,1,1,4294967295,0,0
oInvCollPH,224,976,001A5A1E,0,1,1,4294967295,0,0
oInvCollPH,208,976,0004489A,0,1,1,4294967295,0,0
oInvCollPH,192,976,0034ACE5,0,1,1,4294967295,0,0
oInvCollPH,256,1040,001B92C3,0,1,1,4294967295,0,0
oInvCollPH,256,1056,001C9463,0,1,1,4294967295,0,0
oInvCollPH,256,1072,0014A604,0,1,1,4294967295,0,0
oInvCollPH,256,1088,002F13A4,0,1,1,4294967295,0,0
oInvCollPH,256,1104,001728A6,0,1,1,4294967295,0,0
oInvCollPH,256,1120,00318317,0,1,1,4294967295,0,0
oInvCollPH,256,1136,001E2BE9,0,1,1,4294967295,0,0
oInvCollPH,272,1136,003CDBD0,0,1,1,4294967295,0,0
oInvCollPH,272,1120,000AF930,0,1,1,4294967295,0,0
oInvCollPH,272,1104,00177738,0,1,1,4294967295,0,0
oInvCollPH,272,1088,002FB9F0,0,1,1,4294967295,0,0
oInvCollPH,272,1072,003CF724,0,1,1,4294967295,0,0
oInvCollPH,272,1056,0037A9EE,0,1,1,4294967295,0,0
oInvCollPH,272,1040,0003A1F0,0,1,1,4294967295,0,0
oInvCollPH,272,1024,00062381,0,1,1,4294967295,0,0
oInvCollPH,256,992,00152919,0,1,1,4294967295,0,0
oInvCollPH,256,1008,003EFAE5,0,1,1,4294967295,0,0
oInvCollPH,272,960,00158724,0,1,1,4294967295,0,0
oInvCollPH,288,960,001534B7,0,1,1,4294967295,0,0
oInvCollPH,304,960,000C6435,0,1,1,4294967295,0,0
oInvCollPH,320,960,0009D65C,0,1,1,4294967295,0,0
oInvCollPH,336,960,001DE9A6,0,1,1,4294967295,0,0
oInvCollPH,352,960,000F616B,0,1,1,4294967295,0,0
oInvCollPH,368,960,002D8446,0,1,1,4294967295,0,0
oInvCollPH,368,976,003F512A,0,1,1,4294967295,0,0
oInvCollPH,368,992,003E2F30,0,1,1,4294967295,0,0
oInvCollPH,368,1008,00329D1D,0,1,1,4294967295,0,0
oInvCollPH,352,1008,00119A84,0,1,1,4294967295,0,0
oInvCollPH,336,1008,00079AAE,0,1,1,4294967295,0,0
oInvCollPH,320,1008,000333A3,0,1,1,4294967295,0,0
oInvCollPH,304,1008,0030094F,0,1,1,4294967295,0,0
oInvCollPH,288,1008,0009BCAF,0,1,1,4294967295,0,0
oInvCollPH,464,1088,00260158,0,1,1,4294967295,0,0
oInvCollPH,480,1088,0013F456,0,1,1,4294967295,0,0
oInvCollPH,496,1088,003918AB,0,1,1,4294967295,0,0
oInvCollPH,448,1104,0035D401,0,1,1,4294967295,0,0
oInvCollPH,400,1120,00390093,0,1,1,4294967295,0,0
oInvCollPH,416,1120,0024A1E3,0,1,1,4294967295,0,0
oInvCollPH,432,1120,001E4E14,0,1,1,4294967295,0,0
oInvCollPH,384,1136,000A66B1,0,1,1,4294967295,0,0
oInvCollPH,400,1136,002CA3C0,0,1,1,4294967295,0,0
oInvCollPH,416,1136,0036D5A9,0,1,1,4294967295,0,0
oInvCollPH,432,1136,00353D62,0,1,1,4294967295,0,0
oInvCollPH,448,1136,00192D9A,0,1,1,4294967295,0,0
oInvCollPH,464,1136,00321AFC,0,1,1,4294967295,0,0
oInvCollPH,480,1136,001F4601,0,1,1,4294967295,0,0
oInvCollPH,496,1136,002C4115,0,1,1,4294967295,0,0
oInvCollPH,368,1408,001A9EDC,0,1,1,4294967295,0,0
oInvCollPH,368,1424,003250B2,0,1,1,4294967295,0,0
oInvCollPH,352,1424,0028EFFC,0,1,1,4294967295,0,0
oInvCollPH,64,1584,0006DE21,0,1,1,4294967295,0,0
oInvCollPH,80,1584,00275870,0,1,1,4294967295,0,0
oInvCollPH,96,1584,001AC3D7,0,1,1,4294967295,0,0
oInvCollPH,112,1584,002589DF,0,1,1,4294967295,0,0
oInvCollPH,112,1568,000BC98F,0,1,1,4294967295,0,0
oInvCollPH,96,1568,00190DF7,0,1,1,4294967295,0,0
oInvCollPH,80,1568,002F0C72,0,1,1,4294967295,0,0
oInvCollPH,448,1584,0023E34E,0,1,1,4294967295,0,0
oInvCollPH,464,1584,0015F40C,0,1,1,4294967295,0,0
oInvCollPH,480,1584,00087936,0,1,1,4294967295,0,0
oInvCollPH,496,1584,0032DF53,0,1,1,4294967295,0,0
oInvCollPH,496,1568,00245E87,0,1,1,4294967295,0,0
oInvCollPH,480,1568,00301EB5,0,1,1,4294967295,0,0
oInvCollPH,464,1568,00073369,0,1,1,4294967295,0,0
oInvCollPH,352,1456,0039DA62,0,1,1,4294967295,0,0
oInvCollPH,368,1456,00243C9E,0,1,1,4294967295,0,0
oInvCollPH,384,1456,00064C8E,0,1,1,4294967295,0,0
oInvCollPH,400,1456,00054A34,0,1,1,4294967295,0,0
oInvCollPH,416,1456,003FC1FF,0,1,1,4294967295,0,0
oInvCollPH,432,1456,00365C11,0,1,1,4294967295,0,0
oInvCollPH,448,1456,002E5FFE,0,1,1,4294967295,0,0
oInvCollPH,464,1456,003424F9,0,1,1,4294967295,0,0
oInvCollPH,464,1440,0018B500,0,1,1,4294967295,0,0
oInvCollPH,448,1440,001F954E,0,1,1,4294967295,0,0
oInvCollPH,432,1440,001576B7,0,1,1,4294967295,0,0
oInvCollPH,416,1440,00364665,0,1,1,4294967295,0,0
oInvCollPH,400,1440,003BC1EE,0,1,1,4294967295,0,0
oInvCollPH,384,1440,001FF7FA,0,1,1,4294967295,0,0
oInvCollPH,80,1184,002B2357,0,1,1,4294967295,0,0
oInvCollPH,144,1248,00275A31,0,1,1,4294967295,0,0
oInvCollPH,160,1248,003A5D70,0,1,1,4294967295,0,0
oInvCollPH,176,1248,002F0C68,0,1,1,4294967295,0,0
oInvCollPH,192,1248,003329D8,0,1,1,4294967295,0,0
oInvCollPH,208,1248,000BB88D,0,1,1,4294967295,0,0
oInvCollPH,336,1248,001B0B7F,0,1,1,4294967295,0,0
oInvCollPH,352,1248,00114BB5,0,1,1,4294967295,0,0
oInvCollPH,368,1248,002AAC81,0,1,1,4294967295,0,0
oInvCollPH,384,1248,0000A988,0,1,1,4294967295,0,0
oInvCollPH,400,1248,003912E8,0,1,1,4294967295,0,0
oInvCollPH,464,1344,002B16E0,0,1,1,4294967295,0,0
oInvCollPH,480,1344,00091308,0,1,1,4294967295,0,0
oInvCollPH,496,1344,001E2A59,0,1,1,4294967295,0,0
oInvCollPH,272,1632,0008A00E,0,1,1,4294967295,0,0
oInvCollPH,288,1632,0026C400,0,1,1,4294967295,0,0
oInvCollPH,304,1632,00021F40,0,1,1,4294967295,0,0
oInvCollPH,320,1632,002B9056,0,1,1,4294967295,0,0
oInvCollPH,336,1632,003DFEA6,0,1,1,4294967295,0,0
oInvCollPH,176,1456,003A284E,0,1,1,4294967295,0,0
oInvCollPH,192,1456,00160B56,0,1,1,4294967295,0,0
oInvCollPH,208,1456,001F1E38,0,1,1,4294967295,0,0
oInvCollPH,224,1456,0021C215,0,1,1,4294967295,0,0
oInvCollPH,240,1456,00252809,0,1,1,4294967295,0,0
oInvCollPH,256,1456,000BEE8D,0,1,1,4294967295,0,0
oInvCollPH,272,1456,002E2D25,0,1,1,4294967295,0,0
oInvCollPH,80,1344,001CFBDB,0,1,1,4294967295,0,0
oInvCollPH,96,1344,000198AF,0,1,1,4294967295,0,0
oInvCollPH,112,1344,000473D5,0,1,1,4294967295,0,0
oInvCollPH,128,1344,001B94EE,0,1,1,4294967295,0,0
oInvCollPH,144,1344,001F3EF8,0,1,1,4294967295,0,0
oInvCollPH,160,1344,000A3073,0,1,1,4294967295,0,0
oInvCollPH,176,1344,000CAC15,0,1,1,4294967295,0,0
oInvCollPH,192,1344,002E4E16,0,1,1,4294967295,0,0
oInvCollPH,208,1344,003EA3A8,0,1,1,4294967295,0,0
oInvCollPH,192,1120,0028079A,0,1,1,4294967295,0,0
oInvCollPH,208,1120,003C8238,0,1,1,4294967295,0,0
oInvCollPH,208,1136,000757AD,0,1,1,4294967295,0,0
oInvCollPH,192,1136,0006337A,0,1,1,4294967295,0,0
oInvCollPH,480,1328,003C33A4,0,1,1,4294967295,0,0
oInvCollPH,496,1312,002F0996,0,1,1,4294967295,0,0
oInvCollPH,464,1696,002BF5D6,0,1,1,4294967295,0,0
oInvCollPH,480,1696,0025ABFA,0,1,1,4294967295,0,0
oInvCollPH,496,1696,00171B48,0,1,1,4294967295,0,0
oInvCollPH,448,1712,00244086,0,1,1,4294967295,0,0
oInvCollPH,464,1712,0029979E,0,1,1,4294967295,0,0
oInvCollPH,480,1712,001EF6AA,0,1,1,4294967295,0,0
oInvCollPH,496,1712,0025826C,0,1,1,4294967295,0,0
oInvCollPH,272,1760,00097331,0,1,1,4294967295,0,0
oInvCollPH,288,1760,0022E4D0,0,1,1,4294967295,0,0
oInvCollPH,304,1760,000CC2FB,0,1,1,4294967295,0,0
oInvCollPH,320,1760,00020C70,0,1,1,4294967295,0,0
oInvCollPH,336,1760,00055EE4,0,1,1,4294967295,0,0
oInvCollPH,352,1760,0024A21B,0,1,1,4294967295,0,0
oInvCollPH,368,1760,001A1D2F,0,1,1,4294967295,0,0
oInvCollPH,368,1776,000BECBD,0,1,1,4294967295,0,0
oInvCollPH,256,1776,000C50BA,0,1,1,4294967295,0,0
oInvCollPH,64,1712,0028A764,0,1,1,4294967295,0,0
oInvCollPH,80,1712,001CBBEB,0,1,1,4294967295,0,0
oInvCollPH,96,1712,00273D3E,0,1,1,4294967295,0,0
oInvCollPH,112,1712,00150796,0,1,1,4294967295,0,0
oInvCollPH,128,1712,00394A46,0,1,1,4294967295,0,0
oInvCollPH,144,1712,0011DA78,0,1,1,4294967295,0,0
oInvCollPH,160,1712,0026FFA3,0,1,1,4294967295,0,0
oInvCollPH,176,1712,0014665C,0,1,1,4294967295,0,0
oInvCollPH,176,1696,0037B0BA,0,1,1,4294967295,0,0
oInvCollPH,176,1680,000B0254,0,1,1,4294967295,0,0
oInvCollPH,176,1664,0029DFCA,0,1,1,4294967295,0,0
oInvCollPH,160,1664,00377BA2,0,1,1,4294967295,0,0
oInvCollPH,144,1664,0018F851,0,1,1,4294967295,0,0
oInvCollPH,128,1664,002A7633,0,1,1,4294967295,0,0
oInvCollPH,112,1664,0003B6F1,0,1,1,4294967295,0,0
oInvCollPH,96,1664,00218058,0,1,1,4294967295,0,0
oInvCollPH,80,1664,003CC9BC,0,1,1,4294967295,0,0
oInvCollPH,64,1792,001D9C06,0,1,1,4294967295,0,0
oInvCollPH,80,1792,002184F3,0,1,1,4294967295,0,0
oInvCollPH,96,1792,0007FBA5,0,1,1,4294967295,0,0
oInvCollPH,112,1792,000E5457,0,1,1,4294967295,0,0
oInvCollPH,112,1808,0016A262,0,1,1,4294967295,0,0
oInvCollPH,192,1840,001EA6AE,0,1,1,4294967295,0,0
oInvCollPH,192,1824,0010046F,0,1,1,4294967295,0,0
oInvCollPH,192,1808,00389678,0,1,1,4294967295,0,0
oInvCollPH,208,1792,0010CE30,0,1,1,4294967295,0,0
oInvCollPH,224,1792,001BEFAA,0,1,1,4294967295,0,0
oInvCollPH,240,1792,00261B8E,0,1,1,4294967295,0,0
oInvCollPH,384,1792,0037CA1D,0,1,1,4294967295,0,0
oInvCollPH,400,1792,00016033,0,1,1,4294967295,0,0
oInvCollPH,416,1792,002E7323,0,1,1,4294967295,0,0
oInvCollPH,432,1792,00175EEA,0,1,1,4294967295,0,0
oInvCollPH,448,1792,0034EA3D,0,1,1,4294967295,0,0
oInvCollPH,464,1792,00232850,0,1,1,4294967295,0,0
oInvCollPH,480,1792,00136A2A,0,1,1,4294967295,0,0
oInvCollPH,496,1792,00032F38,0,1,1,4294967295,0,0
oInvCollPH,512,1792,00166AEC,0,1,1,4294967295,0,0
oInvCollPH,528,1792,001A5F0B,0,1,1,4294967295,0,0
oInvCollPH,544,1792,00255004,0,1,1,4294967295,0,0
oInvCollPH,560,1792,000B0D9D,0,1,1,4294967295,0,0
oInvCollPH,48,224,000DEA64,0,1,1,4294967295,0,0
oInvCollPH,48,240,00033241,0,1,1,4294967295,0,0
oInvCollPH,48,256,0019556C,0,1,1,4294967295,0,0
oInvCollPH,48,272,0038C5DC,0,1,1,4294967295,0,0
oInvCollPH,48,288,0033234F,0,1,1,4294967295,0,0
oInvCollPH,48,304,00063C39,0,1,1,4294967295,0,0
oInvCollPH,48,320,0025536D,0,1,1,4294967295,0,0
oInvCollPH,48,336,00215D8F,0,1,1,4294967295,0,0
oInvCollPH,48,352,00101EA1,0,1,1,4294967295,0,0
oInvCollPH,48,368,00346380,0,1,1,4294967295,0,0
oInvCollPH,48,384,001DD7F1,0,1,1,4294967295,0,0
oInvCollPH,48,400,0013D3ED,0,1,1,4294967295,0,0
oInvCollPH,48,416,0034E0C2,0,1,1,4294967295,0,0
oInvCollPH,48,432,002873B9,0,1,1,4294967295,0,0
oInvCollPH,48,448,003C7EF9,0,1,1,4294967295,0,0
oInvCollPH,48,464,0028E988,0,1,1,4294967295,0,0
oInvCollPH,48,496,00314076,0,1,1,4294967295,0,0
oInvCollPH,48,512,0032C470,0,1,1,4294967295,0,0
oInvCollPH,48,528,00254B92,0,1,1,4294967295,0,0
oInvCollPH,48,544,0008B414,0,1,1,4294967295,0,0
oInvCollPH,48,560,0018639C,0,1,1,4294967295,0,0
oInvCollPH,48,576,001D074F,0,1,1,4294967295,0,0
oInvCollPH,48,592,0038BC80,0,1,1,4294967295,0,0
oInvCollPH,48,608,002C3648,0,1,1,4294967295,0,0
oInvCollPH,48,624,00311CC5,0,1,1,4294967295,0,0
oInvCollPH,48,640,003C0264,0,1,1,4294967295,0,0
oInvCollPH,48,656,000A6E6C,0,1,1,4294967295,0,0
oInvCollPH,48,672,0003FFD0,0,1,1,4294967295,0,0
oInvCollPH,48,688,00367EA4,0,1,1,4294967295,0,0
oInvCollPH,48,736,003EB6EB,0,1,1,4294967295,0,0
oInvCollPH,48,752,002E3CC5,0,1,1,4294967295,0,0
oInvCollPH,48,768,002EC9E7,0,1,1,4294967295,0,0
oInvCollPH,48,784,00144FDC,0,1,1,4294967295,0,0
oInvCollPH,48,800,002D2977,0,1,1,4294967295,0,0
oInvCollPH,48,816,002E023A,0,1,1,4294967295,0,0
oInvCollPH,48,832,002BD6BA,0,1,1,4294967295,0,0
oInvCollPH,48,848,0030F216,0,1,1,4294967295,0,0
oInvCollPH,48,864,00188695,0,1,1,4294967295,0,0
oInvCollPH,48,880,0030850D,0,1,1,4294967295,0,0
oInvCollPH,48,896,0001C0B3,0,1,1,4294967295,0,0
oInvCollPH,48,912,0038A333,0,1,1,4294967295,0,0
oInvCollPH,48,960,000A8D9C,0,1,1,4294967295,0,0
oInvCollPH,48,976,002B9C3C,0,1,1,4294967295,0,0
oInvCollPH,48,992,00092243,0,1,1,4294967295,0,0
oInvCollPH,48,1008,000A506D,0,1,1,4294967295,0,0
oInvCollPH,48,1024,000C8F76,0,1,1,4294967295,0,0
oInvCollPH,48,1040,002348E0,0,1,1,4294967295,0,0
oInvCollPH,48,1056,0031E4A7,0,1,1,4294967295,0,0
oInvCollPH,48,1072,001296D0,0,1,1,4294967295,0,0
oInvCollPH,48,1088,001864DE,0,1,1,4294967295,0,0
oInvCollPH,48,1104,003AEC63,0,1,1,4294967295,0,0
oInvCollPH,48,1120,002514A6,0,1,1,4294967295,0,0
oInvCollPH,48,1136,002EF096,0,1,1,4294967295,0,0
oInvCollPH,48,1152,003AAB8C,0,1,1,4294967295,0,0
oInvCollPH,48,1168,003B3353,0,1,1,4294967295,0,0
oInvCollPH,48,1200,00322A2F,0,1,1,4294967295,0,0
oInvCollPH,48,1216,0007541C,0,1,1,4294967295,0,0
oInvCollPH,48,1232,003C8D0F,0,1,1,4294967295,0,0
oInvCollPH,48,1248,00015478,0,1,1,4294967295,0,0
oInvCollPH,48,1264,0003657F,0,1,1,4294967295,0,0
oInvCollPH,48,1280,001867C0,0,1,1,4294967295,0,0
oInvCollPH,48,1296,003DA16B,0,1,1,4294967295,0,0
oInvCollPH,48,1312,0019D067,0,1,1,4294967295,0,0
oInvCollPH,48,1328,002DEC5C,0,1,1,4294967295,0,0
oInvCollPH,48,1360,0016FA02,0,1,1,4294967295,0,0
oInvCollPH,48,1376,00358237,0,1,1,4294967295,0,0
oInvCollPH,48,1392,0023F602,0,1,1,4294967295,0,0
oInvCollPH,48,1408,001205BA,0,1,1,4294967295,0,0
oInvCollPH,48,1424,000C508A,0,1,1,4294967295,0,0
oInvCollPH,48,1440,003AE725,0,1,1,4294967295,0,0
oInvCollPH,48,1456,003450CB,0,1,1,4294967295,0,0
oInvCollPH,48,1472,00047744,0,1,1,4294967295,0,0
oInvCollPH,48,1488,001C02F3,0,1,1,4294967295,0,0
oInvCollPH,48,1504,000CDC59,0,1,1,4294967295,0,0
oInvCollPH,48,1520,0019419C,0,1,1,4294967295,0,0
oInvCollPH,48,1536,0000026E,0,1,1,4294967295,0,0
oInvCollPH,48,1552,001BDD4C,0,1,1,4294967295,0,0
oInvCollPH,48,1600,002FE950,0,1,1,4294967295,0,0
oInvCollPH,48,1616,0005CC94,0,1,1,4294967295,0,0
oInvCollPH,48,1632,00258CAE,0,1,1,4294967295,0,0
oInvCollPH,48,1648,0036B252,0,1,1,4294967295,0,0
oInvCollPH,48,1728,0027D1A7,0,1,1,4294967295,0,0
oInvCollPH,48,1744,00089315,0,1,1,4294967295,0,0
oInvCollPH,48,1760,0033233D,0,1,1,4294967295,0,0
oInvCollPH,48,1776,00203E19,0,1,1,4294967295,0,0
oInvCollPH,512,1712,003B4E78,0,1,1,4294967295,0,0
oInvCollPH,528,1712,00137D99,0,1,1,4294967295,0,0
oInvCollPH,544,1712,003C7BF7,0,1,1,4294967295,0,0
oInvCollPH,560,1712,00361F11,0,1,1,4294967295,0,0
oInvCollPH,512,1680,00179CBD,0,1,1,4294967295,0,0
oInvCollPH,512,1664,0017AA7F,0,1,1,4294967295,0,0
oInvCollPH,512,1648,003A6819,0,1,1,4294967295,0,0
oInvCollPH,512,1632,0014D059,0,1,1,4294967295,0,0
oInvCollPH,512,1616,0017E223,0,1,1,4294967295,0,0
oInvCollPH,512,1600,0006CCF9,0,1,1,4294967295,0,0
oInvCollPH,512,1552,0028F4B0,0,1,1,4294967295,0,0
oInvCollPH,512,1536,003A0A45,0,1,1,4294967295,0,0
oInvCollPH,512,1520,00381CD5,0,1,1,4294967295,0,0
oInvCollPH,512,1504,000A2D67,0,1,1,4294967295,0,0
oInvCollPH,512,1488,000A51D4,0,1,1,4294967295,0,0
oInvCollPH,512,1472,0012BAE3,0,1,1,4294967295,0,0
oInvCollPH,512,1456,0000BCF8,0,1,1,4294967295,0,0
oInvCollPH,512,1440,0021DB55,0,1,1,4294967295,0,0
oInvCollPH,512,1424,0036CB46,0,1,1,4294967295,0,0
oInvCollPH,512,1408,00171625,0,1,1,4294967295,0,0
oInvCollPH,512,1392,000BD532,0,1,1,4294967295,0,0
oInvCollPH,512,1376,001049A1,0,1,1,4294967295,0,0
oInvCollPH,512,1360,00251EBA,0,1,1,4294967295,0,0
oInvCollPH,512,1296,0015C106,0,1,1,4294967295,0,0
oInvCollPH,512,1280,00253E06,0,1,1,4294967295,0,0
oInvCollPH,512,1264,0038C746,0,1,1,4294967295,0,0
oInvCollPH,512,1248,002F8E7B,0,1,1,4294967295,0,0
oInvCollPH,512,1232,000A7156,0,1,1,4294967295,0,0
oInvCollPH,512,1216,002042EA,0,1,1,4294967295,0,0
oInvCollPH,512,1200,000DBC7E,0,1,1,4294967295,0,0
oInvCollPH,512,1184,0020DD1B,0,1,1,4294967295,0,0
oInvCollPH,512,1168,00113C96,0,1,1,4294967295,0,0
oInvCollPH,512,1152,00221259,0,1,1,4294967295,0,0
oInvCollPH,512,1072,0008D14F,0,1,1,4294967295,0,0
oInvCollPH,512,1056,001DC154,0,1,1,4294967295,0,0
oInvCollPH,512,1040,00338E2A,0,1,1,4294967295,0,0
oInvCollPH,512,1024,00269834,0,1,1,4294967295,0,0
oInvCollPH,512,1008,0006CC9D,0,1,1,4294967295,0,0
oInvCollPH,512,992,001D03B5,0,1,1,4294967295,0,0
oInvCollPH,512,976,003219AD,0,1,1,4294967295,0,0
oInvCollPH,512,864,000CDEBA,0,1,1,4294967295,0,0
oInvCollPH,512,960,001726A4,0,1,1,4294967295,0,0
oInvCollPH,512,944,001D1164,0,1,1,4294967295,0,0
oInvCollPH,512,928,002C48A9,0,1,1,4294967295,0,0
oInvCollPH,512,912,003B3BB3,0,1,1,4294967295,0,0
oInvCollPH,512,784,000D49CC,0,1,1,4294967295,0,0
oInvCollPH,512,896,000A96B9,0,1,1,4294967295,0,0
oInvCollPH,512,880,0012D1C5,0,1,1,4294967295,0,0
oInvCollPH,512,768,0012C251,0,1,1,4294967295,0,0
oInvCollPH,512,752,0031AC40,0,1,1,4294967295,0,0
oInvCollPH,512,736,00153B77,0,1,1,4294967295,0,0
oInvCollPH,512,720,0037C0C4,0,1,1,4294967295,0,0
oInvCollPH,512,704,001E5726,0,1,1,4294967295,0,0
oInvCollPH,512,688,000D6178,0,1,1,4294967295,0,0
oInvCollPH,512,672,00120AEB,0,1,1,4294967295,0,0
oInvCollPH,512,656,003F9142,0,1,1,4294967295,0,0
oInvCollPH,512,640,001C77A1,0,1,1,4294967295,0,0
oInvCollPH,512,624,001CFA12,0,1,1,4294967295,0,0
oInvCollPH,512,608,0013643F,0,1,1,4294967295,0,0
oInvCollPH,512,592,001DD5BE,0,1,1,4294967295,0,0
oInvCollPH,512,576,0014F0AC,0,1,1,4294967295,0,0
oInvCollPH,512,560,002B6BF9,0,1,1,4294967295,0,0
oInvCollPH,512,544,00372A26,0,1,1,4294967295,0,0
oInvCollPH,512,528,00149ABB,0,1,1,4294967295,0,0
oInvCollPH,512,512,0021995F,0,1,1,4294967295,0,0
oInvCollPH,512,496,003DFC71,0,1,1,4294967295,0,0
oInvCollPH,512,480,001E3B79,0,1,1,4294967295,0,0
oInvCollPH,512,464,001D81C9,0,1,1,4294967295,0,0
oInvCollPH,512,448,0032D7AA,0,1,1,4294967295,0,0
oInvCollPH,512,432,00078624,0,1,1,4294967295,0,0
oInvCollPH,512,416,003D59EC,0,1,1,4294967295,0,0
oInvCollPH,512,304,00333E7C,0,1,1,4294967295,0,0
oInvCollPH,512,288,0029944A,0,1,1,4294967295,0,0
oInvCollPH,512,272,0006EB98,0,1,1,4294967295,0,0
oInvCollPH,512,256,003954DC,0,1,1,4294967295,0,0
oInvCollPH,512,240,00235DDB,0,1,1,4294967295,0,0
oInvCollPH,512,224,001D700D,0,1,1,4294967295,0,0
oInvCollPH,512,208,003F2C76,0,1,1,4294967295,0,0
oInvCollPH,512,192,0013E7D5,0,1,1,4294967295,0,0
oInvCollPH,512,176,0024B92C,0,1,1,4294967295,0,0
oInvCollPH,512,160,00358F23,0,1,1,4294967295,0,0
oInvCollPH,512,144,00100CB0,0,1,1,4294967295,0,0
oInvCollPH,512,128,0033E2B1,0,1,1,4294967295,0,0
oInvCollPH,512,112,003B62E4,0,1,1,4294967295,0,0
oInvCollPH,512,96,000AF042,0,1,1,4294967295,0,0
oInvCollPH,512,80,000339C2,0,1,1,4294967295,0,0
oInvCollPH,112,1824,00277641,0,1,1,4294967295,0,0
oInvCollPH,112,1840,0006DA20,0,1,1,4294967295,0,0
oInvCollPH,80,480,001E2473,0,1,1,4294967295,0,0
oEnemySpawnZone,128,1264,002AEC43,0,1,1,4294967295,0,1
oInvisibleSolid,0,64,00140D8F,0,1,1,4294967295,0,1
oInvisibleSolid,0,0,0026D385,0,1,1,4294967295,0,1
oInvisibleSolid,0,160,00319FC9,0,1,1,4294967295,0,1
oInvisibleSolid,64,704,000A90D6,0,1,1,4294967295,0,1
oInvisibleSolid,160,768,000D6078,0,1,1,4294967295,0,1
oInvisibleSolid,160,800,002BF844,0,1,1,4294967295,0,1
oInvisibleSolid,288,512,0035F7DB,0,1,1,4294967295,0,1
oInvisibleSolid,96,544,0025E501,0,1,1,4294967295,0,1
oInvisibleSolid,0,224,00277EBA,0,1,1,4294967295,0,1
oInvisibleSolid,512,64,003B1A42,0,1,1,4294967295,0,1
oInvisibleSolid,416,320,0012B363,0,1,1,4294967295,0,1
oInvisibleSolid,160,320,00165BB4,0,1,1,4294967295,0,1
oInvisibleSolid,384,800,002E4A2D,0,1,1,4294967295,0,1
oInvisibleSolid,64,928,002E5A12,0,1,1,4294967295,0,1
oInvisibleSolid,192,960,000B46A1,0,1,1,4294967295,0,1
oInvisibleSolid,256,960,002D59C4,0,1,1,4294967295,0,1
oInvisibleSolid,256,1024,003D46FA,0,1,1,4294967295,0,1
oInvisibleSolid,448,1088,003D4510,0,1,1,4294967295,0,1
oInvisibleSolid,384,1120,0038A298,0,1,1,4294967295,0,1
oInvisibleSolid,128,1120,0001E43C,0,1,1,4294967295,0,1
oInvisibleSolid,64,1184,0039B5E8,0,1,1,4294967295,0,1
oInvisibleSolid,128,1248,00022EDE,0,1,1,4294967295,0,1
oInvisibleSolid,320,1248,002FC513,0,1,1,4294967295,0,1
oInvisibleSolid,448,1344,003E0E77,0,1,1,4294967295,0,1
oInvisibleSolid,352,1408,001872F5,0,1,1,4294967295,0,1
oInvisibleSolid,352,1440,00359B5B,0,1,1,4294967295,0,1
oInvisibleSolid,160,1456,002350FE,0,1,1,4294967295,0,1
oInvisibleSolid,64,1344,001857FB,0,1,1,4294967295,0,1
oInvisibleSolid,448,1568,00070E2B,0,1,1,4294967295,0,1
oInvisibleSolid,256,1632,00240074,0,1,1,4294967295,0,1
oInvisibleSolid,64,1568,0019A031,0,1,1,4294967295,0,1
oInvisibleSolid,480,1312,0035A27A,0,1,1,4294967295,0,1
oInvisibleSolid,64,1664,00010F9B,0,1,1,4294967295,0,1
oInvisibleSolid,256,1760,00090DEF,0,1,1,4294967295,0,1
oInvisibleSolid,0,1792,0004207E,0,1,1,4294967295,0,1
oInvisibleSolid,448,1696,0026B446,0,1,1,4294967295,0,1
oInvisibleSolid,192,1792,000DC747,0,1,1,4294967295,0,1
oInvisibleSolid,64,480,002E6936,0,1,1,4294967295,0,1
