oExit,440,64,00315D45,0,1,1,4294967295,0,1
oMoneyChest,208,96,000EB6F2,0,1,1,4294967295,0,1
oBreakableWExp_Coded,256,144,003751C2,0,1,1,4294967295,0,1
oBreakableWExp_Coded,240,144,00384619,0,1,1,4294967295,0,1
oBreakableWExp_Coded,224,144,0026043F,0,1,1,4294967295,0,1
oBreakableWExp_Coded,208,144,001B83CE,0,1,1,4294967295,0,1
oBreakableWExp_Coded,192,144,0018C6B6,0,1,1,4294967295,0,1
oBreakableWExp_Coded,176,144,002FF670,0,1,1,4294967295,0,1
oPlayer1,64,320,000B9790,0,1,1,4294967295,0,0
oInvCollSM,192,128,0024452D,0,1,1,4294967295,0,0
oInvCollSM,208,128,00064A7F,0,1,1,4294967295,0,0
oInvCollSM,224,128,0035725B,0,1,1,4294967295,0,0
oInvCollSM,240,128,0003767C,0,1,1,4294967295,0,0
oInvCollSM,256,128,0014B2A9,0,1,1,4294967295,0,0
oInvCollSM,352,288,00276C4F,0,1,1,4294967295,0,0
oInvCollSM,160,288,003B665B,0,1,1,4294967295,0,0
oInvCollSM,176,288,00205ABE,0,1,1,4294967295,0,0
oInvCollSM,224,288,00232D2D,0,1,1,4294967295,0,0
oInvCollSM,240,288,0037309A,0,1,1,4294967295,0,0
oInvCollSM,288,288,00396C01,0,1,1,4294967295,0,0
oInvCollSM,304,288,00337AD6,0,1,1,4294967295,0,0
oInvCollPH,208,32,003EE350,0,1,1,4294967295,0,0
oInvCollPH,240,32,000A8A11,0,1,1,4294967295,0,0
oInvCollPH,224,64,00155FA6,0,1,1,4294967295,0,0
oInvCollPH,224,80,00180931,0,1,1,4294967295,0,0
oInvCollPH,240,80,0033D074,0,1,1,4294967295,0,0
oInvCollPH,240,64,00202D04,0,1,1,4294967295,0,0
oInvCollPH,240,48,003C09AA,0,1,1,4294967295,0,0
oInvCollPH,448,208,0027B11C,0,1,1,4294967295,0,0
oInvCollPH,384,96,001B2125,0,1,1,4294967295,0,0
oInvCollPH,400,96,002A712B,0,1,1,4294967295,0,0
oInvCollPH,416,96,001115F6,0,1,1,4294967295,0,0
oInvCollPH,432,96,003E098C,0,1,1,4294967295,0,0
oInvCollPH,448,96,0016D92C,0,1,1,4294967295,0,0
oInvCollPH,368,112,001FDC04,0,1,1,4294967295,0,0
oInvCollPH,384,144,0021BC4D,0,1,1,4294967295,0,0
oInvCollPH,400,176,00015E48,0,1,1,4294967295,0,0
oInvCollPH,416,176,00035E77,0,1,1,4294967295,0,0
oInvCollPH,432,176,000BBF6A,0,1,1,4294967295,0,0
oInvCollPH,144,16,00072D7F,0,1,1,4294967295,0,0
oInvCollPH,160,16,001A5890,0,1,1,4294967295,0,0
oInvCollPH,176,16,0030BF00,0,1,1,4294967295,0,0
oInvCollPH,256,16,003F3B74,0,1,1,4294967295,0,0
oInvCollPH,272,16,00306982,0,1,1,4294967295,0,0
oInvCollPH,288,16,000D046E,0,1,1,4294967295,0,0
oInvCollPH,304,16,002A1446,0,1,1,4294967295,0,0
oInvCollPH,320,16,000A937F,0,1,1,4294967295,0,0
oInvCollPH,336,16,0014E8D9,0,1,1,4294967295,0,0
oInvCollPH,352,16,00108F4E,0,1,1,4294967295,0,0
oInvCollPH,368,16,000B38C7,0,1,1,4294967295,0,0
oInvCollPH,384,16,001668C7,0,1,1,4294967295,0,0
oInvCollPH,400,16,003EEB8A,0,1,1,4294967295,0,0
oInvCollPH,416,16,000FFAFA,0,1,1,4294967295,0,0
oInvCollPH,432,16,000229CE,0,1,1,4294967295,0,0
oInvCollPH,448,16,0026E68D,0,1,1,4294967295,0,0
oInvCollPH,0,272,00115445,0,1,1,4294967295,0,0
oInvCollPH,0,288,0030665A,0,1,1,4294967295,0,0
oInvCollPH,0,304,0023631A,0,1,1,4294967295,0,0
oInvCollPH,464,32,0016A274,0,1,1,4294967295,0,0
oInvCollPH,464,48,002A568A,0,1,1,4294967295,0,0
oInvCollPH,464,64,001B538D,0,1,1,4294967295,0,0
oInvCollPH,464,80,0018AD52,0,1,1,4294967295,0,0
oInvCollPH,464,224,003669E2,0,1,1,4294967295,0,0
oInvCollPH,464,240,003C1827,0,1,1,4294967295,0,0
oInvCollPH,464,256,002A9AF3,0,1,1,4294967295,0,0
oInvCollPH,464,272,0001EA36,0,1,1,4294967295,0,0
oInvCollPH,464,288,000F3E01,0,1,1,4294967295,0,0
oInvCollPH,464,304,00041AD7,0,1,1,4294967295,0,0
oInvCollPH,32,320,00026E52,0,1,1,4294967295,0,0
oInvCollPH,48,320,0033F7A6,0,1,1,4294967295,0,0
oInvCollPH,64,320,003AB23B,0,1,1,4294967295,0,0
oInvCollPH,80,320,002BC041,0,1,1,4294967295,0,0
oInvCollPH,96,320,003B3B79,0,1,1,4294967295,0,0
oInvCollPH,112,320,0013B7B0,0,1,1,4294967295,0,0
oInvCollPH,128,320,000D7EC5,0,1,1,4294967295,0,0
oInvCollPH,144,320,000E006E,0,1,1,4294967295,0,0
oInvCollPH,160,320,00005193,0,1,1,4294967295,0,0
oInvCollPH,176,320,0017D88A,0,1,1,4294967295,0,0
oInvCollPH,192,320,0003EB7F,0,1,1,4294967295,0,0
oInvCollPH,208,320,0026B3DD,0,1,1,4294967295,0,0
oInvCollPH,224,320,003E4C6E,0,1,1,4294967295,0,0
oInvCollPH,240,320,00194E53,0,1,1,4294967295,0,0
oInvCollPH,256,320,0007A9E0,0,1,1,4294967295,0,0
oInvCollPH,272,320,00133C47,0,1,1,4294967295,0,0
oInvCollPH,288,320,0039B579,0,1,1,4294967295,0,0
oInvCollPH,304,320,00145553,0,1,1,4294967295,0,0
oInvCollPH,320,320,001D6D8D,0,1,1,4294967295,0,0
oInvCollPH,336,320,00106176,0,1,1,4294967295,0,0
oInvCollPH,352,320,000AC7C9,0,1,1,4294967295,0,0
oInvCollPH,368,320,00014147,0,1,1,4294967295,0,0
oInvCollPH,384,320,000D71CB,0,1,1,4294967295,0,0
oInvCollPH,400,320,0021E2ED,0,1,1,4294967295,0,0
oInvCollPH,416,320,003388FE,0,1,1,4294967295,0,0
oInvCollPH,432,320,00017A8B,0,1,1,4294967295,0,0
oInvCollPH,448,320,003054F5,0,1,1,4294967295,0,0
oInvCollPH,208,96,002A6592,0,1,1,4294967295,0,0
oInvCollPH,224,96,00213DA4,0,1,1,4294967295,0,0
oInvCollPH,240,96,002ADE6D,0,1,1,4294967295,0,0
oInvCollPH,192,112,00139BF7,0,1,1,4294967295,0,0
oInvCollPH,240,112,0005B3F4,0,1,1,4294967295,0,0
oInvCollPH,128,32,003D6621,0,1,1,4294967295,0,0
oInvCollPH,128,48,000CA0DD,0,1,1,4294967295,0,0
oInvCollPH,128,64,00027F5B,0,1,1,4294967295,0,0
oInvCollPH,128,80,0008C014,0,1,1,4294967295,0,0
oInvCollPH,128,96,00351245,0,1,1,4294967295,0,0
oInvCollPH,128,112,001B1D28,0,1,1,4294967295,0,0
oInvCollPH,128,128,0003F298,0,1,1,4294967295,0,0
oInvCollPH,128,144,0018623C,0,1,1,4294967295,0,0
oInvCollPH,16,240,003D19E0,0,1,1,4294967295,0,0
oInvCollPH,32,240,00383E1E,0,1,1,4294967295,0,0
oInvCollPH,80,240,0039449B,0,1,1,4294967295,0,0
oInvCollPH,96,240,001CECE6,0,1,1,4294967295,0,0
oInvCollPH,112,240,001C69B8,0,1,1,4294967295,0,0
oInvCollPH,128,240,0028DBF1,0,1,1,4294967295,0,0
oInvCollPH,160,160,00118295,0,1,1,4294967295,0,0
oInvCollPH,176,160,0023B525,0,1,1,4294967295,0,0
oInvCollPH,192,160,002002AD,0,1,1,4294967295,0,0
oInvCollPH,208,160,000FF09C,0,1,1,4294967295,0,0
oInvCollPH,224,160,001CD834,0,1,1,4294967295,0,0
oInvCollPH,240,160,00116F09,0,1,1,4294967295,0,0
oInvCollPH,256,160,00236499,0,1,1,4294967295,0,0
oInvCollPH,272,160,0019B43D,0,1,1,4294967295,0,0
oInvCollPH,288,160,0019B5F4,0,1,1,4294967295,0,0
oInvCollPH,304,176,00304F7B,0,1,1,4294967295,0,0
oInvCollPH,320,192,001272C5,0,1,1,4294967295,0,0
oInvCollPH,336,208,00250132,0,1,1,4294967295,0,0
oInvCollPH,352,224,003CCE54,0,1,1,4294967295,0,0
oInvCollPH,144,256,0001D725,0,1,1,4294967295,0,0
oInvCollPH,144,272,00358DD7,0,1,1,4294967295,0,0
oInvCollPH,368,240,000F10C1,0,1,1,4294967295,0,0
oInvCollPH,368,272,000CB906,0,1,1,4294967295,0,0
oInvCollPH,192,272,000C251C,0,1,1,4294967295,0,0
oInvCollPH,256,272,0004CC3B,0,1,1,4294967295,0,0
oInvCollPH,320,272,00254F5E,0,1,1,4294967295,0,0
oInvCollPH,32,224,000B9F8E,0,1,1,4294967295,0,0
oInvCollPH,48,208,003C9079,0,1,1,4294967295,0,0
oInvCollPH,64,208,002F434E,0,1,1,4294967295,0,0
oInvisibleSolidMorph,144,288,0006E897,0,1,1,4294967295,0,1
oInvisibleSolidMorph,176,128,00289F59,0,1,1,4294967295,0,1
oInvisibleSolidMorph,208,288,003E2DB6,0,1,1,4294967295,0,1
oInvisibleSolidMorph,272,288,001C1E05,0,1,1,4294967295,0,1
oInvisibleSolidMorph,336,288,00098E28,0,1,1,4294967295,0,1
oInvisibleSolid,368,96,002EBEBA,0,1,1,4294967295,0,1
oInvisibleSolid,384,128,0004F20F,0,1,1,4294967295,0,1
oInvisibleSolid,400,160,000578C0,0,1,1,4294967295,0,1
oInvisibleSolid,448,192,00233A44,0,1,1,4294967295,0,1
oInvisibleSolid,464,0,00363E38,0,1,1,4294967295,0,1
oInvisibleSolid,144,0,0035BCC9,0,1,1,4294967295,0,1
oInvisibleSolid,192,32,002979D3,0,1,1,4294967295,0,1
oInvisibleSolid,224,48,0026AB82,0,1,1,4294967295,0,1
oInvisibleSolid,192,96,00216E01,0,1,1,4294967295,0,1
oInvisibleSolid,0,0,003ECDD0,0,1,1,4294967295,0,1
oInvisibleSolid,16,320,002F86C0,0,1,1,4294967295,0,1
oInvisibleSolid,0,256,001F0A50,0,1,1,4294967295,0,1
oInvisibleSolid,384,256,000EA626,0,1,1,4294967295,0,0
oInvisibleSolid,144,160,000E178A,0,1,1,4294967295,0,1
oInvisibleSolid,144,176,002CE10F,0,1,1,4294967295,0,1
oInvisibleSolid,144,192,003A59A3,0,1,1,4294967295,0,1
oInvisibleSolid,144,208,00130DD3,0,1,1,4294967295,0,1
oInvisibleSolid,144,224,0021F39C,0,1,1,4294967295,0,1
oInvisibleSolid,144,240,00134AAC,0,1,1,4294967295,0,1
oInvisibleSolid,0,224,001549CC,0,1,1,4294967295,0,1
oInvisibleSolid,80,224,0007D673,0,1,1,4294967295,0,1
oTempTrapSpot,192,280,00197024,0,1,1,4294967295,0,1
oTempTrapSpot,256,280,001528B1,0,1,1,4294967295,0,1
oTempTrapSpot,320,280,00305FE1,0,1,1,4294967295,0,1
