oExit,1024,336,00103BC6,0,1,1,4294967295,0,1
oExit,1680,272,00204956,0,1,1,4294967295,0,1
oExit,0,272,00217B0C,0,1,1,4294967295,0,1
oExit,960,80,0006711B,0,1,1,4294967295,0,1
oGH_Door,1200,240,00378C9C,0,1,1,4294967295,0,1
oGH_Door,944,240,001C8877,0,1,1,4294967295,0,1
oGH_Door,464,240,0020EECE,0,1,1,4294967295,0,1
oGH_Object,688,304,0033CC87,0,1,1,4294967295,0,0
oGH_Door,1680,240,0014E216,0,1,1,4294967295,0,1
oGH_Door,16,240,00260448,0,1,1,4294967295,0,1
oGH_Object,232,304,001EED84,0,1,1,4294967295,0,1
oGH_DeskLamp,304,288,00071930,0,1,1,4294967295,0,1
oGH_DeskLamp,563,287,00190311,0,1,1,4294967295,0,1
oGH_DeskLamp,1402,283,0035D619,0,1,1,4294967295,0,1
oGH_LightCheck,1112,224,0024E084,0,1,1,4294967295,0,1
oGH_LightCheck,1136,224,0026B5A4,0,1,1,4294967295,0,1
oGH_LightCheck,1160,224,00298467,0,1,1,4294967295,0,1
oGH_LightCheck,1112,200,00297B98,0,1,1,4294967295,0,1
oGH_LightCheck,1136,200,0009F1F9,0,1,1,4294967295,0,1
oGH_LightCheck,1160,200,00230CCB,0,1,1,4294967295,0,1
oGH_LightCheck,1112,176,0018AA93,0,1,1,4294967295,0,1
oGH_LightCheck,1136,176,0025F87C,0,1,1,4294967295,0,1
oGH_LightCheck,1160,176,00388DEE,0,1,1,4294967295,0,1
oGH_Page,634,280,0030470A,0,1,1,4294967295,0,1
oGH_Page,176,284,00109D1B,0,1,1,4294967295,0,1
oGH_Page,1451,286,003AD388,0,1,1,4294967295,0,1
oGH_KeySparkle,120,282,003792F2,0,1,1,4294967295,0,1
oGH_KeySparkle,1607,287,00220587,0,1,1,4294967295,0,1
oPlayer1,1136,304,00289F1E,0,1,1,4294967295,0,0
oGH_MapCovering,16,0,000FB41F,0,1,1,4294967295,0,1
oGH_MapCovering,464,0,00045BA7,0,1,1,4294967295,0,1
oGH_MapCovering,944,0,00252A44,0,1,1,4294967295,0,1
oGH_MapCovering,1200,0,00111393,0,1,1,4294967295,0,1
oInvCollPH,1136,304,001F49CE,0,1,1,4294967295,0,0
oInvCollPH,1152,304,001296B8,0,1,1,4294967295,0,0
oInvCollPH,1168,304,003BB7C2,0,1,1,4294967295,0,0
oInvCollPH,1184,304,000ED491,0,1,1,4294967295,0,0
oInvCollPH,1200,304,0014B47A,0,1,1,4294967295,0,0
oInvCollPH,1120,320,00131088,0,1,1,4294967295,0,0
oInvCollPH,1120,336,000151A7,0,1,1,4294967295,0,0
oInvCollPH,1664,160,001E0BB0,0,1,1,4294967295,0,0
oInvCollPH,1664,176,003C2A7A,0,1,1,4294967295,0,0
oInvCollPH,1664,192,000C22F3,0,1,1,4294967295,0,0
oInvCollPH,1664,208,003D0FDE,0,1,1,4294967295,0,0
oInvCollPH,1664,224,000EB0CD,0,1,1,4294967295,0,0
oInvCollPH,1680,224,0036D56B,0,1,1,4294967295,0,0
oInvCollPH,1184,160,000CB951,0,1,1,4294967295,0,0
oInvCollPH,1184,176,0039429A,0,1,1,4294967295,0,0
oInvCollPH,1184,192,002844A1,0,1,1,4294967295,0,0
oInvCollPH,1184,208,00180890,0,1,1,4294967295,0,0
oInvCollPH,1184,224,0037D8FF,0,1,1,4294967295,0,0
oInvCollPH,1200,224,002C2A7F,0,1,1,4294967295,0,0
oInvCollPH,1200,208,0021801B,0,1,1,4294967295,0,0
oInvCollPH,1200,192,00320A4D,0,1,1,4294967295,0,0
oInvCollPH,1200,176,00279A9C,0,1,1,4294967295,0,0
oInvCollPH,1200,160,0019343E,0,1,1,4294967295,0,0
oInvCollPH,1200,144,0027FEF9,0,1,1,4294967295,0,0
oInvCollPH,928,160,00356606,0,1,1,4294967295,0,0
oInvCollPH,928,176,003CE387,0,1,1,4294967295,0,0
oInvCollPH,928,192,0004A1AD,0,1,1,4294967295,0,0
oInvCollPH,928,208,002145C9,0,1,1,4294967295,0,0
oInvCollPH,928,224,002A2B2A,0,1,1,4294967295,0,0
oInvCollPH,944,224,000AA65F,0,1,1,4294967295,0,0
oInvCollPH,944,208,00183AA1,0,1,1,4294967295,0,0
oInvCollPH,944,192,0037EE35,0,1,1,4294967295,0,0
oInvCollPH,944,176,001891A7,0,1,1,4294967295,0,0
oInvCollPH,944,160,002F0953,0,1,1,4294967295,0,0
oInvCollPH,944,144,001DCBB1,0,1,1,4294967295,0,0
oInvCollPH,448,160,001F7C26,0,1,1,4294967295,0,0
oInvCollPH,448,176,003C7653,0,1,1,4294967295,0,0
oInvCollPH,448,192,001D3DBA,0,1,1,4294967295,0,0
oInvCollPH,448,208,00398111,0,1,1,4294967295,0,0
oInvCollPH,448,224,002140A9,0,1,1,4294967295,0,0
oInvCollPH,464,224,001AE874,0,1,1,4294967295,0,0
oInvCollPH,464,208,001C9910,0,1,1,4294967295,0,0
oInvCollPH,464,192,0015547B,0,1,1,4294967295,0,0
oInvCollPH,464,176,00250D1B,0,1,1,4294967295,0,0
oInvCollPH,464,160,0010C954,0,1,1,4294967295,0,0
oInvCollPH,464,144,0013AB77,0,1,1,4294967295,0,0
oInvCollPH,0,224,001C981B,0,1,1,4294967295,0,0
oInvCollPH,16,224,00006280,0,1,1,4294967295,0,0
oInvCollPH,16,208,0037C395,0,1,1,4294967295,0,0
oInvCollPH,16,192,0013DA63,0,1,1,4294967295,0,0
oInvCollPH,16,176,002D7C86,0,1,1,4294967295,0,0
oInvCollPH,16,160,002217EB,0,1,1,4294967295,0,0
oInvCollPH,16,144,00187768,0,1,1,4294967295,0,0
oInvCollPH,1216,304,0021B186,0,1,1,4294967295,0,0
oInvCollPH,1232,304,00004EE2,0,1,1,4294967295,0,0
oInvCollPH,1248,304,003ED6DE,0,1,1,4294967295,0,0
oInvCollPH,1264,304,002DFDBA,0,1,1,4294967295,0,0
oInvCollPH,1280,304,003A262F,0,1,1,4294967295,0,0
oInvCollPH,1296,304,0022780A,0,1,1,4294967295,0,0
oInvCollPH,1312,304,000E49F0,0,1,1,4294967295,0,0
oInvCollPH,1328,304,000F675E,0,1,1,4294967295,0,0
oInvCollPH,1344,304,00361E47,0,1,1,4294967295,0,0
oInvCollPH,1360,304,0025745F,0,1,1,4294967295,0,0
oInvCollPH,1376,304,003C837B,0,1,1,4294967295,0,0
oInvCollPH,1392,304,00134691,0,1,1,4294967295,0,0
oInvCollPH,1408,304,0027B537,0,1,1,4294967295,0,0
oInvCollPH,1424,304,00260B1F,0,1,1,4294967295,0,0
oInvCollPH,1440,304,001B1BEE,0,1,1,4294967295,0,0
oInvCollPH,1456,304,000AA512,0,1,1,4294967295,0,0
oInvCollPH,1472,304,002DE57F,0,1,1,4294967295,0,0
oInvCollPH,1488,304,0003CB82,0,1,1,4294967295,0,0
oInvCollPH,1504,304,002B697D,0,1,1,4294967295,0,0
oInvCollPH,1520,304,00363F6A,0,1,1,4294967295,0,0
oInvCollPH,1536,304,001B2800,0,1,1,4294967295,0,0
oInvCollPH,1552,304,003C06E2,0,1,1,4294967295,0,0
oInvCollPH,1568,304,0006AA09,0,1,1,4294967295,0,0
oInvCollPH,1584,304,001DFB1C,0,1,1,4294967295,0,0
oInvCollPH,1600,304,0015DE31,0,1,1,4294967295,0,0
oInvCollPH,1616,304,002E660E,0,1,1,4294967295,0,0
oInvCollPH,1632,304,00206838,0,1,1,4294967295,0,0
oInvCollPH,1648,304,0005D79D,0,1,1,4294967295,0,0
oInvCollPH,1664,304,000AE750,0,1,1,4294967295,0,0
oInvCollPH,1680,304,0018EA01,0,1,1,4294967295,0,0
oInvCollPH,1008,320,00160E13,0,1,1,4294967295,0,0
oInvCollPH,1008,304,001B139A,0,1,1,4294967295,0,0
oInvCollPH,992,304,0013180C,0,1,1,4294967295,0,0
oInvCollPH,976,304,000CB871,0,1,1,4294967295,0,0
oInvCollPH,960,304,00358F93,0,1,1,4294967295,0,0
oInvCollPH,944,304,000B68D4,0,1,1,4294967295,0,0
oInvCollPH,928,304,00231A36,0,1,1,4294967295,0,0
oInvCollPH,912,304,003B7076,0,1,1,4294967295,0,0
oInvCollPH,896,304,003B25F2,0,1,1,4294967295,0,0
oInvCollPH,880,304,003B639A,0,1,1,4294967295,0,0
oInvCollPH,864,304,003AA9BA,0,1,1,4294967295,0,0
oInvCollPH,848,304,0023CAD4,0,1,1,4294967295,0,0
oInvCollPH,832,304,00327BF6,0,1,1,4294967295,0,0
oInvCollPH,816,304,002F5AC1,0,1,1,4294967295,0,0
oInvCollPH,800,304,00291BE0,0,1,1,4294967295,0,0
oInvCollPH,784,304,002A08B9,0,1,1,4294967295,0,0
oInvCollPH,768,304,0014A0D1,0,1,1,4294967295,0,0
oInvCollPH,752,304,00168F49,0,1,1,4294967295,0,0
oInvCollPH,736,304,0035214F,0,1,1,4294967295,0,0
oInvCollPH,720,304,00153D34,0,1,1,4294967295,0,0
oInvCollPH,704,304,000E861D,0,1,1,4294967295,0,0
oInvCollPH,688,304,002463E7,0,1,1,4294967295,0,0
oInvCollPH,672,304,002F704C,0,1,1,4294967295,0,0
oInvCollPH,656,304,003FF04C,0,1,1,4294967295,0,0
oInvCollPH,640,304,002EA74C,0,1,1,4294967295,0,0
oInvCollPH,624,304,000B4691,0,1,1,4294967295,0,0
oInvCollPH,608,304,001B3EBE,0,1,1,4294967295,0,0
oInvCollPH,592,304,0004308E,0,1,1,4294967295,0,0
oInvCollPH,576,304,00208840,0,1,1,4294967295,0,0
oInvCollPH,560,304,0014DFF3,0,1,1,4294967295,0,0
oInvCollPH,544,304,003D25CB,0,1,1,4294967295,0,0
oInvCollPH,528,304,00145009,0,1,1,4294967295,0,0
oInvCollPH,512,304,00185715,0,1,1,4294967295,0,0
oInvCollPH,496,304,0021FCD8,0,1,1,4294967295,0,0
oInvCollPH,480,304,003B4B2F,0,1,1,4294967295,0,0
oInvCollPH,464,304,0029FE0F,0,1,1,4294967295,0,0
oInvCollPH,448,304,001D24F5,0,1,1,4294967295,0,0
oInvCollPH,432,304,00350C29,0,1,1,4294967295,0,0
oInvCollPH,416,304,0003A0C8,0,1,1,4294967295,0,0
oInvCollPH,400,304,00011DA9,0,1,1,4294967295,0,0
oInvCollPH,384,304,0035030E,0,1,1,4294967295,0,0
oInvCollPH,368,304,0000E802,0,1,1,4294967295,0,0
oInvCollPH,352,304,002B01BB,0,1,1,4294967295,0,0
oInvCollPH,336,304,001D598F,0,1,1,4294967295,0,0
oInvCollPH,320,304,0004AB5B,0,1,1,4294967295,0,0
oInvCollPH,304,304,00179942,0,1,1,4294967295,0,0
oInvCollPH,288,304,0011915C,0,1,1,4294967295,0,0
oInvCollPH,272,304,00024CDE,0,1,1,4294967295,0,0
oInvCollPH,256,304,0024A1CC,0,1,1,4294967295,0,0
oInvCollPH,240,304,003AF7C9,0,1,1,4294967295,0,0
oInvCollPH,224,304,0028AC15,0,1,1,4294967295,0,0
oInvCollPH,208,304,00143960,0,1,1,4294967295,0,0
oInvCollPH,192,304,0024EF69,0,1,1,4294967295,0,0
oInvCollPH,176,304,00004610,0,1,1,4294967295,0,0
oInvCollPH,160,304,001C1F90,0,1,1,4294967295,0,0
oInvCollPH,144,304,001D790D,0,1,1,4294967295,0,0
oInvCollPH,128,304,000F37E9,0,1,1,4294967295,0,0
oInvCollPH,112,304,002FBC35,0,1,1,4294967295,0,0
oInvCollPH,96,304,0035C649,0,1,1,4294967295,0,0
oInvCollPH,80,304,0035CAFA,0,1,1,4294967295,0,0
oInvCollPH,64,304,0011D202,0,1,1,4294967295,0,0
oInvCollPH,48,304,00370225,0,1,1,4294967295,0,0
oInvCollPH,32,304,0032D975,0,1,1,4294967295,0,0
oInvCollPH,16,304,002EC9D5,0,1,1,4294967295,0,0
oInvCollPH,32,128,000CCE2C,0,1,1,4294967295,0,0
oInvCollPH,48,128,000AEBDE,0,1,1,4294967295,0,0
oInvCollPH,64,128,002F2656,0,1,1,4294967295,0,0
oInvCollPH,80,128,002376F7,0,1,1,4294967295,0,0
oInvCollPH,96,128,0009127B,0,1,1,4294967295,0,0
oInvCollPH,112,128,00145717,0,1,1,4294967295,0,0
oInvCollPH,128,128,002EF724,0,1,1,4294967295,0,0
oInvCollPH,144,128,001C3A81,0,1,1,4294967295,0,0
oInvCollPH,160,128,00391AF4,0,1,1,4294967295,0,0
oInvCollPH,176,128,00070B0D,0,1,1,4294967295,0,0
oInvCollPH,192,128,002347B8,0,1,1,4294967295,0,0
oInvCollPH,208,128,003D4643,0,1,1,4294967295,0,0
oInvCollPH,224,128,003E71B8,0,1,1,4294967295,0,0
oInvCollPH,240,128,0004D421,0,1,1,4294967295,0,0
oInvCollPH,256,128,00042425,0,1,1,4294967295,0,0
oInvCollPH,272,128,0029F79E,0,1,1,4294967295,0,0
oInvCollPH,288,128,001F994F,0,1,1,4294967295,0,0
oInvCollPH,304,128,0036B36F,0,1,1,4294967295,0,0
oInvCollPH,320,128,00096D25,0,1,1,4294967295,0,0
oInvCollPH,336,128,002DEAE9,0,1,1,4294967295,0,0
oInvCollPH,352,128,000EBDBD,0,1,1,4294967295,0,0
oInvCollPH,368,128,00213C38,0,1,1,4294967295,0,0
oInvCollPH,384,128,001929F9,0,1,1,4294967295,0,0
oInvCollPH,400,128,001BF995,0,1,1,4294967295,0,0
oInvCollPH,416,128,000C0FA8,0,1,1,4294967295,0,0
oInvCollPH,432,128,0030224B,0,1,1,4294967295,0,0
oInvCollPH,480,128,001CF55F,0,1,1,4294967295,0,0
oInvCollPH,496,128,000C4733,0,1,1,4294967295,0,0
oInvCollPH,512,128,00047B52,0,1,1,4294967295,0,0
oInvCollPH,528,128,002B4BE4,0,1,1,4294967295,0,0
oInvCollPH,544,128,00293217,0,1,1,4294967295,0,0
oInvCollPH,560,128,003D2DA6,0,1,1,4294967295,0,0
oInvCollPH,576,128,003325AA,0,1,1,4294967295,0,0
oInvCollPH,592,128,0013929C,0,1,1,4294967295,0,0
oInvCollPH,608,128,00302819,0,1,1,4294967295,0,0
oInvCollPH,624,128,00002A9E,0,1,1,4294967295,0,0
oInvCollPH,640,128,0013785E,0,1,1,4294967295,0,0
oInvCollPH,656,128,0028DD6F,0,1,1,4294967295,0,0
oInvCollPH,672,128,00021CBB,0,1,1,4294967295,0,0
oInvCollPH,688,128,0027F555,0,1,1,4294967295,0,0
oInvCollPH,704,128,003B950F,0,1,1,4294967295,0,0
oInvCollPH,720,128,000532CA,0,1,1,4294967295,0,0
oInvCollPH,736,128,0022995F,0,1,1,4294967295,0,0
oInvCollPH,752,128,0010F007,0,1,1,4294967295,0,0
oInvCollPH,768,128,00155FB7,0,1,1,4294967295,0,0
oInvCollPH,784,128,001990F3,0,1,1,4294967295,0,0
oInvCollPH,800,128,0006C117,0,1,1,4294967295,0,0
oInvCollPH,816,128,002D08F7,0,1,1,4294967295,0,0
oInvCollPH,832,128,003F5531,0,1,1,4294967295,0,0
oInvCollPH,848,128,001099BD,0,1,1,4294967295,0,0
oInvCollPH,864,128,002CB020,0,1,1,4294967295,0,0
oInvCollPH,880,128,00270BEA,0,1,1,4294967295,0,0
oInvCollPH,896,128,003968A8,0,1,1,4294967295,0,0
oInvCollPH,912,128,00223038,0,1,1,4294967295,0,0
oInvCollPH,944,128,00329C12,0,1,1,4294967295,0,0
oInvCollPH,944,112,0010A4AC,0,1,1,4294967295,0,0
oInvCollPH,944,96,000D574F,0,1,1,4294967295,0,0
oInvCollPH,944,80,001023A8,0,1,1,4294967295,0,0
oInvCollPH,944,64,003D686D,0,1,1,4294967295,0,0
oInvCollPH,944,48,00054E01,0,1,1,4294967295,0,0
oInvCollPH,944,32,00378A60,0,1,1,4294967295,0,0
oInvCollPH,944,16,0014FBA1,0,1,1,4294967295,0,0
oInvCollPH,1184,48,003362D7,0,1,1,4294967295,0,0
oInvCollPH,1184,64,0009EAC8,0,1,1,4294967295,0,0
oInvCollPH,1184,80,000360B8,0,1,1,4294967295,0,0
oInvCollPH,1184,96,00123EF7,0,1,1,4294967295,0,0
oInvCollPH,1184,112,003FC390,0,1,1,4294967295,0,0
oInvCollPH,1184,128,0033668B,0,1,1,4294967295,0,0
oInvCollPH,1216,128,003E407C,0,1,1,4294967295,0,0
oInvCollPH,1232,128,002C67B6,0,1,1,4294967295,0,0
oInvCollPH,1248,128,0004B4CB,0,1,1,4294967295,0,0
oInvCollPH,1264,128,003F4168,0,1,1,4294967295,0,0
oInvCollPH,1280,128,0020DAC7,0,1,1,4294967295,0,0
oInvCollPH,1296,128,0009EAF0,0,1,1,4294967295,0,0
oInvCollPH,1312,128,001856A1,0,1,1,4294967295,0,0
oInvCollPH,1328,128,00162798,0,1,1,4294967295,0,0
oInvCollPH,1344,128,00343165,0,1,1,4294967295,0,0
oInvCollPH,1360,128,001BC8BD,0,1,1,4294967295,0,0
oInvCollPH,1376,128,0013DE2A,0,1,1,4294967295,0,0
oInvCollPH,1392,128,0026D5A2,0,1,1,4294967295,0,0
oInvCollPH,1408,128,000344D0,0,1,1,4294967295,0,0
oInvCollPH,1424,128,001EB1E0,0,1,1,4294967295,0,0
oInvCollPH,1440,128,00209DC0,0,1,1,4294967295,0,0
oInvCollPH,1456,128,0002D7F1,0,1,1,4294967295,0,0
oInvCollPH,1472,128,001C26D7,0,1,1,4294967295,0,0
oInvCollPH,1488,128,00045E21,0,1,1,4294967295,0,0
oInvCollPH,1504,128,0016052E,0,1,1,4294967295,0,0
oInvCollPH,1520,128,002B8566,0,1,1,4294967295,0,0
oInvCollPH,1536,128,00063E29,0,1,1,4294967295,0,0
oInvCollPH,1552,128,0039243E,0,1,1,4294967295,0,0
oInvCollPH,1568,128,0014BA74,0,1,1,4294967295,0,0
oInvCollPH,1584,128,000C9C9D,0,1,1,4294967295,0,0
oInvCollPH,1600,128,0001115E,0,1,1,4294967295,0,0
oInvCollPH,1616,128,000EFCDD,0,1,1,4294967295,0,0
oInvCollPH,1632,128,001ACD10,0,1,1,4294967295,0,0
oInvCollPH,1648,128,002F2AB2,0,1,1,4294967295,0,0
oInvCollPH,1008,336,0001653F,0,1,1,4294967295,0,0
oInvCollPFH,1072,304,00337C1E,0,1,1,4294967295,0,0
oInvCollPFH,1088,304,00300E71,0,1,1,4294967295,0,0
oInvCollPFH,1104,304,003008A3,0,1,1,4294967295,0,0
oInvCollPFH,1040,304,0019800C,0,1,1,4294967295,0,0
oInvCollPFH,1056,304,00301323,0,1,1,4294967295,0,0
oInvCollPH,1184,32,0020FBEB,0,1,1,4294967295,0,0
oInvCollPH,1168,16,00055953,0,1,1,4294967295,0,0
oInvCollPFH,992,208,0009BAA3,0,1,1,4294967295,0,0
oInvCollPFH,1008,208,00009687,0,1,1,4294967295,0,0
oInvCollPFH,1024,208,0021130D,0,1,1,4294967295,0,0
oInvCollPFH,1104,112,0005E385,0,1,1,4294967295,0,0
oInvCollPFH,1120,112,00146C3F,0,1,1,4294967295,0,0
oInvCollPFH,1136,112,0036CA12,0,1,1,4294967295,0,0
oInvCollPFH,1152,112,00132C63,0,1,1,4294967295,0,0
oInvCollPFH,1168,112,0019E0CC,0,1,1,4294967295,0,0
oInvCollPH,1152,16,0026B98F,0,1,1,4294967295,0,0
oInvCollPH,1136,16,00315E71,0,1,1,4294967295,0,0
oInvCollPH,1120,16,0023682E,0,1,1,4294967295,0,0
oInvCollPH,1104,16,0006C7FF,0,1,1,4294967295,0,0
oInvCollPH,1088,16,002AB8BC,0,1,1,4294967295,0,0
oInvisiblePlatform,1024,304,0023619B,0,1,1,4294967295,0,1
oInvisiblePlatform,1088,320,001F534F,0,1,1,4294967295,0,0
oInvisiblePlatform,1072,336,000FC9BC,0,1,1,4294967295,0,0
oInvisibleSolid,1120,304,0015158F,0,1,1,4294967295,0,1
oInvisibleSolid,1664,144,00038F52,0,1,1,4294967295,0,1
oInvisibleSolid,1184,144,0034DB71,0,1,1,4294967295,0,1
oInvisibleSolid,928,144,0014B259,0,1,1,4294967295,0,1
oInvisibleSolid,448,144,001E3C30,0,1,1,4294967295,0,1
oInvisibleSolid,0,144,003872C3,0,1,1,4294967295,0,1
oInvisibleSolid,0,0,000124EF,0,1,1,4294967295,0,1
oInvisibleSolid,0,304,00276759,0,1,1,4294967295,0,1
oInvisibleSolid,1184,0,00116422,0,1,1,4294967295,0,1
oInvisiblePlatform,1104,288,000CC6A7,0,1,1,4294967295,0,0
oInvisiblePlatform,1088,272,001D444F,0,1,1,4294967295,0,0
oInvisiblePlatform,1072,256,00088232,0,1,1,4294967295,0,0
oInvisiblePlatform,1056,240,0014BC8B,0,1,1,4294967295,0,0
oInvisiblePlatform,1040,224,002DEDE1,0,1,1,4294967295,0,0
oInvisiblePlatform,976,208,000D743E,0,1,1,4294967295,0,1
oInvisiblePlatform,1008,192,00111315,0,1,1,4294967295,0,0
oInvisiblePlatform,1024,176,000F88D8,0,1,1,4294967295,0,0
oInvisiblePlatform,1040,160,00309E7F,0,1,1,4294967295,0,0
oInvisiblePlatform,1056,144,001557B1,0,1,1,4294967295,0,0
oInvisiblePlatform,1072,128,00379973,0,1,1,4294967295,0,0
oInvisiblePlatform,1088,112,001DE499,0,1,1,4294967295,0,1
oInvisiblePlatform,1120,96,00300A2C,0,1,1,4294967295,0,0
oInvisiblePlatform,1104,80,00361EE8,0,1,1,4294967295,0,0
oInvisiblePlatform,1088,64,001669A8,0,1,1,4294967295,0,0
oInvisiblePlatform,1072,48,0019411C,0,1,1,4294967295,0,0
oInvisiblePlatform,1056,32,00082C2E,0,1,1,4294967295,0,0
oInvisiblePlatform,1040,16,001AB6EA,0,1,1,4294967295,0,0
oInvisibleSolid,1088,0,001CD8DD,0,1,1,4294967295,0,1
oGH_CR_Barrier,1552,144,001629AE,0,1,1,4294967295,0,0
