oMCastle_TorchA,512,112,000CA673,0,1,1,4294967295,0,0
oMCastle_TorchA,256,128,002BE056,0,1,1,4294967295,0,0
oMCastle_TorchA,128,512,002AEB74,0,1,1,4294967295,0,0
oMCastle_TorchA,384,512,00343320,0,1,1,4294967295,0,0
oMCastle_TorchA,384,1024,001C9E29,0,1,1,4294967295,0,0
oMCastle_TorchA,448,1024,0015D3AD,0,1,1,4294967295,0,0
oMCastle_TorchA,448,1920,001A1071,0,1,1,4294967295,0,0
oMCastle_TorchA,512,1920,003A4175,0,1,1,4294967295,0,0
oMCastle_TorchA,384,2432,002153C7,0,1,1,4294967295,0,0
oMCastle_TorchA,320,2432,0028953C,0,1,1,4294967295,0,0
oExit,0,176,0010BB37,0,1,1,4294967295,0,1
oExit,688,2976,0000287D,0,1,1,4294967295,0,1
oSwitchHolder,160,2736,0014D28E,0,1,1,4294967295,0,1
oStrikeChainPoint,352,2208,00168CC6,0,1,1,4294967295,0,0
oStrikeChainPoint,192,2240,002ABEBA,0,1,1,4294967295,0,0
oStrikeChainPoint,160,2336,00332F10,0,1,1,4294967295,0,0
oStrikeChainPoint,352,2464,00342BBA,0,1,1,4294967295,0,0
oStrikeChainPoint,512,2464,002E1F6A,0,1,1,4294967295,0,0
oStrikeChainPoint,544,2352,003461B6,0,1,1,4294967295,0,0
oStrikeChainPoint,368,1536,00203B89,0,1,1,4294967295,0,0
oStrikeChainPoint,416,1344,003F5A59,0,1,1,4294967295,0,0
oStrikeChainPoint,464,1536,000B760E,0,1,1,4294967295,0,0
oStrikeChainPoint,288,1072,003521C1,0,1,1,4294967295,0,0
oStrikeChainPoint,176,976,0008D666,0,1,1,4294967295,0,0
oStrikeChainPoint,128,704,003103FB,0,1,1,4294967295,0,0
oStrikeChainPoint,128,576,001D1222,0,1,1,4294967295,0,0
oStrikeChainPoint,320,576,001AFC63,0,1,1,4294967295,0,0
oStrikeChainPoint,416,240,00259C1C,0,1,1,4294967295,0,0
oStrikeChainPoint,288,112,003DD775,0,1,1,4294967295,0,0
oStrikeChainPoint,416,112,001AC6A8,0,1,1,4294967295,0,0
oStrikeChainPoint,544,240,0037F245,0,1,1,4294967295,0,0
oCastlePlatMaker,576,352,003DDDF3,0,1,1,4294967295,0,1
oCastlePlatMaker,528,512,0017C539,0,1,1,4294967295,0,1
oCastlePlatMaker,608,512,002328A0,0,1,1,4294967295,0,1
oCastlePlatMaker,560,640,001ADA55,0,1,1,4294967295,0,1
oCastlePlatMaker,608,768,002416BE,0,1,1,4294967295,0,1
oCastlePlatMaker,560,768,0007BAAA,0,1,1,4294967295,0,1
oCastlePlatMaker,368,752,000C019B,0,1,1,4294967295,0,1
oCastlePlatMaker,416,1072,0036D242,0,1,1,4294967295,0,1
oCastlePlatMaker,256,1536,003D6055,0,1,1,4294967295,0,1
oCastlePlatMaker,288,1648,000548BB,0,1,1,4294967295,0,1
oCastlePlatMaker,368,1744,002892C2,0,1,1,4294967295,0,1
oCastlePlatMaker,320,1936,000A7702,0,1,1,4294967295,0,0
oCastlePlatMaker,288,2064,002CA38F,0,1,1,4294967295,0,0
oCastlePlatMaker,512,2000,00400BCF,0,1,1,4294967295,0,1
oCastlePlatMaker,288,1792,0016AAD4,0,1,1,4294967295,0,1
oCastlePlatMaker,224,2272,0030BE62,0,1,1,4294967295,0,0
oCastlePlatMaker,224,2336,00073BB0,0,1,1,4294967295,0,1
oCastlePlatMaker,400,2256,003271F9,0,1,1,4294967295,0,1
oCastlePlatMaker,464,2336,0010BB69,0,1,1,4294967295,0,1
oCastlePlatMaker,96,2400,00204ECD,0,1,1,4294967295,0,1
oCastlePlatMaker,608,2400,0030710C,0,1,1,4294967295,0,1
oCastlePlatMaker,224,2656,000251AD,0,1,1,4294967295,0,1
oCastlePlatMaker,256,2432,003F7C3A,0,1,1,4294967295,0,0
oCastlePlatMaker,480,2432,002CF542,0,1,1,4294967295,0,1
oSwitchBarrier,480,2208,00248A73,0,1,1,4294967295,0,1
oSwitchBarrier,512,2304,000B1ED7,0,1,1,4294967295,0,1
oStrikeChainPoint,576,2432,0035CF71,0,1,1,4294967295,0,0
oStrikeChainPoint,192,2432,000EF016,0,1,1,4294967295,0,0
oStrikeChainPoint,608,2304,000DF222,0,1,1,4294967295,0,0
oCastlePlatMaker,592,2512,00109E68,0,1,1,4294967295,0,1
oCastlePlatMaker,272,2528,000B9E00,0,1,1,4294967295,0,0
oZeldaBreakPot,128,2672,003E8583,0,1,1,4294967295,0,0
oZeldaBreakPot,144,2672,001FA91A,0,1,1,4294967295,0,0
oZeldaBreakPot,160,2672,001B139E,0,1,1,4294967295,0,0
oZeldaBreakPot,176,2672,00267A5F,0,1,1,4294967295,0,0
oCastlePlatMaker,336,1360,00364DC4,0,1,1,4294967295,0,1
oCastlePlatMaker,496,1360,0024B49F,0,1,1,4294967295,0,1
oStrikeChainPoint,480,2544,001B0B07,0,1,1,4294967295,0,0
oCastleRedSpike,272,240,002E8A88,0,1,1,4294967295,0,0
oCastleRedSpike,304,208,002507F6,0,1,1,4294967295,0,0
oCastleRedSpike,336,144,000453DB,0,1,1,4294967295,0,0
oCastleRedSpike,336,176,002CDFDF,0,1,1,4294967295,0,0
oCastleRedSpike,368,144,0004C1E4,0,1,1,4294967295,0,0
oCastleRedSpike,368,176,0003B671,0,1,1,4294967295,0,0
oCastleRedSpike,528,416,002E4219,0,1,1,4294967295,0,0
oCastleRedSpike,624,416,0006B530,0,1,1,4294967295,0,0
oCastleRedSpike,560,512,0033F582,0,1,1,4294967295,0,0
oCastleRedSpike,592,592,00171D26,0,1,1,4294967295,0,0
oCastleRedSpike,624,592,002FBBFB,0,1,1,4294967295,0,0
oCastleRedSpike,432,688,0036B64A,0,1,1,4294967295,0,0
oCastleRedSpike,480,720,003A8378,0,1,1,4294967295,0,0
oCastleRedSpike,528,688,00325892,0,1,1,4294967295,0,0
oCastleRedSpike,112,656,0010C5AF,0,1,1,4294967295,0,0
oCastleRedSpike,144,656,00267847,0,1,1,4294967295,0,0
oCastleRedSpike,176,752,000CF7CA,0,1,1,4294967295,0,0
oCastleRedSpike,80,752,0039A14E,0,1,1,4294967295,0,0
oCastleRedSpike,80,848,00213C56,0,1,1,4294967295,0,0
oCastleRedSpike,112,848,0017F3B5,0,1,1,4294967295,0,0
oCastleRedSpike,144,848,00317977,0,1,1,4294967295,0,0
oCastleRedSpike,144,880,0017C2A3,0,1,1,4294967295,0,0
oCastleRedSpike,144,912,003296B3,0,1,1,4294967295,0,0
oCastleRedSpike,208,848,003BE040,0,1,1,4294967295,0,0
oCastleRedSpike,208,880,0002B2CF,0,1,1,4294967295,0,0
oCastleRedSpike,208,912,0012439A,0,1,1,4294967295,0,0
oCastleRedSpike,144,1040,003C66DC,0,1,1,4294967295,0,0
oCastleRedSpike,176,1040,002B4074,0,1,1,4294967295,0,0
oCastleRedSpike,208,1040,00019AA8,0,1,1,4294967295,0,0
oCastleRedSpike,304,1296,0020A9CE,0,1,1,4294967295,0,0
oCastleRedSpike,528,1296,00189D22,0,1,1,4294967295,0,0
oCastleRedSpike,256,1664,001F0E75,0,1,1,4294967295,0,0
oCastleRedSpike,288,1760,00325655,0,1,1,4294967295,0,0
oCastleRedSpike,368,1840,00313363,0,1,1,4294967295,0,0
oCastleRedSpike,464,2064,00324C81,0,1,1,4294967295,0,0
oCastleRedSpike,272,2096,0030A71F,0,1,1,4294967295,0,0
oCastleRedSpike,304,2096,001AFC71,0,1,1,4294967295,0,0
oCastleRedSpike,336,2096,002EF85B,0,1,1,4294967295,0,0
oCastleRedSpike,368,2096,003EB52C,0,1,1,4294967295,0,0
oCastleRedSpike,464,2096,001CC73A,0,1,1,4294967295,0,0
oCastleRedSpike,496,2096,0011F472,0,1,1,4294967295,0,0
oCastleRedSpike,528,2096,000C8A06,0,1,1,4294967295,0,0
oCastleRedSpike,560,2096,00355767,0,1,1,4294967295,0,0
oStaticSpikeRed,384,1264,00381AE1,0,1,1,4294967295,0,0
oStaticSpikeRed,400,1264,00287469,0,1,1,4294967295,0,0
oStaticSpikeRed,416,1264,0016583B,0,1,1,4294967295,0,0
oStaticSpikeRed,432,1264,00006152,0,1,1,4294967295,0,0
oStaticSpikeRed,560,1152,0035278C,0,1,1,4294967295,0,0
oStaticSpikeRed,544,1152,003393D5,0,1,1,4294967295,0,0
oStaticSpikeRed,528,1152,00197AFE,0,1,1,4294967295,0,0
oStaticSpikeRed,512,1152,00016FAD,0,1,1,4294967295,0,0
oStaticSpikeRed,496,1152,0002D599,0,1,1,4294967295,0,0
oStaticSpikeRed,480,1152,003B8102,0,1,1,4294967295,0,0
oStaticSpikeRed,464,1152,0000C081,0,1,1,4294967295,0,0
oStaticSpikeRed,448,1152,0009A768,0,1,1,4294967295,0,0
oStaticSpikeRed,368,1152,000EA92A,0,1,1,4294967295,0,0
oStaticSpikeRed,352,1152,0000A2FC,0,1,1,4294967295,0,0
oStaticSpikeRed,336,1152,001D5534,0,1,1,4294967295,0,0
oStaticSpikeRed,320,1152,002C0811,0,1,1,4294967295,0,0
oStaticSpikeRed,304,1152,00033A98,0,1,1,4294967295,0,0
oStaticSpikeRed,288,1152,003219E2,0,1,1,4294967295,0,0
oStaticSpikeRed,272,1152,001C32C1,0,1,1,4294967295,0,0
oStaticSpikeRed,256,1152,0022E7ED,0,1,1,4294967295,0,0
oStaticSpikeRed,240,1152,000401E1,0,1,1,4294967295,0,0
oStaticSpikeRed,224,1152,002BE837,0,1,1,4294967295,0,0
oStaticSpikeRed,208,1152,0015CFB2,0,1,1,4294967295,0,0
oStaticSpikeRed,192,1152,0032FF7B,0,1,1,4294967295,0,0
oStaticSpikeRed,176,1152,000E7009,0,1,1,4294967295,0,0
oStaticSpikeRed,160,1152,003B3656,0,1,1,4294967295,0,0
oStaticSpikeRed,144,1152,00022D2C,0,1,1,4294967295,0,0
oStaticSpikeRed,128,1152,0028EFB0,0,1,1,4294967295,0,0
oTimedSwitch,312,1192,00234523,0,1,1,4294967295,0,0
oTimedSwitch,504,1192,0015D9B0,0,1,1,4294967295,0,0
oTimedSwitch,424,2392,001C71EB,0,1,1,4294967295,0,0
oTimedSwitch,536,2232,0037F57F,0,1,1,4294967295,0,0
oMovingTrapRed,192,464,00303BDA,0,1,1,4294967295,0,1
oZapTrapRed,256,1952,003B176B,0,1,1,4294967295,0,1
oZapTrapRed,544,1952,000E2D9C,0,1,1,4294967295,0,0
oZapTrapRed,352,2016,00133792,0,1,1,4294967295,0,1
oCastleRedSpike,464,2032,000F93EE,0,1,1,4294967295,0,0
oPlayer1,48,208,001B4C9E,0,1,1,4294967295,0,0
oScaledTrapZone,256,368,001D3C8A,0,1,1,4294967295,0,1
oScaledTrapZone,256,752,0019F411,0,1,1,4294967295,0,1
oScaledTrapZone,192,560,001B1126,0,1,1,4294967295,0,1
oScaledTrapZone,320,816,002D8F1E,0,1,1,4294967295,0,1
oScaledTrapZone,64,1072,0030A6CB,0,1,1,4294967295,0,1
oScaledTrapZone,128,1200,002B07BF,0,1,1,4294967295,0,1
oScaledTrapZone,256,1392,0020DEF0,0,1,1,4294967295,0,1
oScaledTrapZone,448,1392,003DE7F8,0,1,1,4294967295,0,1
oScaledTrapZone,576,1456,003A8FBF,0,1,1,4294967295,0,1
oScaledTrapZone,128,1648,003002C8,0,1,1,4294967295,0,1
oScaledTrapZone,384,1584,0039D618,0,1,1,4294967295,0,1
oScaledTrapZone,256,2288,000FFCF3,0,1,1,4294967295,0,1
oScaledTrapZone,256,2544,00305B5F,0,1,1,4294967295,0,1
oScaledTrapZone,64,2800,001F799B,0,1,1,4294967295,0,1
oScaledTrapZone,448,2608,002A1205,0,1,1,4294967295,0,1
oScaledTrapZone,576,2608,00013BE6,0,1,1,4294967295,0,1
oScaledTrapZone,192,1776,00234513,0,1,1,4294967295,0,1
oInvCollPH,16,208,003FBF92,0,1,1,4294967295,0,0
oInvCollPH,32,208,00311E2C,0,1,1,4294967295,0,0
oInvCollPH,48,208,0023EC24,0,1,1,4294967295,0,0
oInvCollPH,240,208,002C5656,0,1,1,4294967295,0,0
oInvCollPH,224,208,0016E0A1,0,1,1,4294967295,0,0
oInvCollPH,208,208,003EA0E7,0,1,1,4294967295,0,0
oInvCollPH,192,208,001212EA,0,1,1,4294967295,0,0
oInvCollPH,176,208,000176E9,0,1,1,4294967295,0,0
oInvCollPH,160,208,00245E96,0,1,1,4294967295,0,0
oInvCollPH,144,208,0012854F,0,1,1,4294967295,0,0
oInvCollPH,128,208,0025E03E,0,1,1,4294967295,0,0
oInvCollPH,112,208,00263060,0,1,1,4294967295,0,0
oInvCollPH,96,208,00282EB0,0,1,1,4294967295,0,0
oInvCollPH,80,208,00277030,0,1,1,4294967295,0,0
oInvCollPH,64,208,003E86F7,0,1,1,4294967295,0,0
oInvCollPH,240,224,0016D6D2,0,1,1,4294967295,0,0
oInvCollPH,240,240,003D896F,0,1,1,4294967295,0,0
oInvCollPH,240,256,001C8433,0,1,1,4294967295,0,0
oInvCollPH,240,272,003AE13F,0,1,1,4294967295,0,0
oInvCollPH,240,288,002B4191,0,1,1,4294967295,0,0
oInvCollPH,240,304,0038F957,0,1,1,4294967295,0,0
oInvCollPH,240,320,004001D5,0,1,1,4294967295,0,0
oInvCollPH,240,336,00030CAA,0,1,1,4294967295,0,0
oInvCollPH,240,352,001D5A43,0,1,1,4294967295,0,0
oInvCollPH,240,368,0009B8A5,0,1,1,4294967295,0,0
oInvCollPH,272,384,0026005B,0,1,1,4294967295,0,0
oInvCollPH,288,384,001FD43F,0,1,1,4294967295,0,0
oInvCollPH,304,384,00088DCE,0,1,1,4294967295,0,0
oInvCollPH,320,384,00097889,0,1,1,4294967295,0,0
oInvCollPH,336,384,0031321D,0,1,1,4294967295,0,0
oInvCollPH,352,384,003D55A4,0,1,1,4294967295,0,0
oInvCollPH,368,384,001E36F4,0,1,1,4294967295,0,0
oInvCollPH,384,384,002302B8,0,1,1,4294967295,0,0
oInvCollPH,400,384,003546D8,0,1,1,4294967295,0,0
oInvCollPH,416,384,000EBCEE,0,1,1,4294967295,0,0
oInvCollPH,432,384,0020252A,0,1,1,4294967295,0,0
oInvCollPH,448,384,0013305A,0,1,1,4294967295,0,0
oInvCollPH,464,384,0005C605,0,1,1,4294967295,0,0
oInvCollPH,480,384,001A633D,0,1,1,4294967295,0,0
oInvCollPH,496,384,003353E6,0,1,1,4294967295,0,0
oInvCollPH,496,400,0003A77D,0,1,1,4294967295,0,0
oInvCollPH,496,416,000AE208,0,1,1,4294967295,0,0
oInvCollPH,496,432,000EB816,0,1,1,4294967295,0,0
oInvCollPH,432,432,000F002F,0,1,1,4294967295,0,0
oInvCollPH,416,432,00085E2C,0,1,1,4294967295,0,0
oInvCollPH,400,432,003DF136,0,1,1,4294967295,0,0
oInvCollPH,384,432,0000228D,0,1,1,4294967295,0,0
oInvCollPH,368,432,001B1D12,0,1,1,4294967295,0,0
oInvCollPH,352,432,001E8557,0,1,1,4294967295,0,0
oInvCollPH,336,432,000CF582,0,1,1,4294967295,0,0
oInvCollPH,320,432,00323210,0,1,1,4294967295,0,0
oInvCollPH,304,432,0025987F,0,1,1,4294967295,0,0
oInvCollPH,288,432,00131908,0,1,1,4294967295,0,0
oInvCollPH,272,432,001603CE,0,1,1,4294967295,0,0
oInvCollPH,256,432,0016C2B0,0,1,1,4294967295,0,0
oInvCollPH,0,64,0019EAC4,0,1,1,4294967295,0,0
oInvCollPH,16,64,000C5DDA,0,1,1,4294967295,0,0
oInvCollPH,32,64,00030B93,0,1,1,4294967295,0,0
oInvCollPH,48,64,00048B7E,0,1,1,4294967295,0,0
oInvCollPH,64,64,000C9BEF,0,1,1,4294967295,0,0
oInvCollPH,80,64,001D089C,0,1,1,4294967295,0,0
oInvCollPH,96,64,0002AC90,0,1,1,4294967295,0,0
oInvCollPH,112,64,002A5763,0,1,1,4294967295,0,0
oInvCollPH,128,48,003749EB,0,1,1,4294967295,0,0
oInvCollPH,144,48,0025E6C7,0,1,1,4294967295,0,0
oInvCollPH,160,48,00344711,0,1,1,4294967295,0,0
oInvCollPH,176,48,0038BC59,0,1,1,4294967295,0,0
oInvCollPH,192,48,0025C7DC,0,1,1,4294967295,0,0
oInvCollPH,208,48,000ADC94,0,1,1,4294967295,0,0
oInvCollPH,224,48,003B51C3,0,1,1,4294967295,0,0
oInvCollPH,240,48,0001D891,0,1,1,4294967295,0,0
oInvCollPH,256,48,00338775,0,1,1,4294967295,0,0
oInvCollPH,272,48,000C9D9A,0,1,1,4294967295,0,0
oInvCollPH,288,48,0033FD9D,0,1,1,4294967295,0,0
oInvCollPH,304,48,00108C8D,0,1,1,4294967295,0,0
oInvCollPH,320,48,002814FC,0,1,1,4294967295,0,0
oInvCollPH,336,48,00126D18,0,1,1,4294967295,0,0
oInvCollPH,352,48,0006C3F8,0,1,1,4294967295,0,0
oInvCollPH,368,48,002AB059,0,1,1,4294967295,0,0
oInvCollPH,384,32,0032C77D,0,1,1,4294967295,0,0
oInvCollPH,400,32,000EAD0D,0,1,1,4294967295,0,0
oInvCollPH,416,32,001CF039,0,1,1,4294967295,0,0
oInvCollPH,432,32,0032A907,0,1,1,4294967295,0,0
oInvCollPH,448,32,002F5D71,0,1,1,4294967295,0,0
oInvCollPH,464,32,00271A9F,0,1,1,4294967295,0,0
oInvCollPH,480,32,000109EC,0,1,1,4294967295,0,0
oInvCollPH,496,32,00277A79,0,1,1,4294967295,0,0
oInvCollPH,512,32,000BC49C,0,1,1,4294967295,0,0
oInvCollPH,528,32,00060E95,0,1,1,4294967295,0,0
oInvCollPH,544,32,000603F8,0,1,1,4294967295,0,0
oInvCollPH,560,32,00072706,0,1,1,4294967295,0,0
oInvCollPH,576,32,002495D8,0,1,1,4294967295,0,0
oInvCollPH,592,32,00120474,0,1,1,4294967295,0,0
oInvCollPH,608,32,00044C65,0,1,1,4294967295,0,0
oInvCollPH,624,32,0001023A,0,1,1,4294967295,0,0
oInvCollPH,64,432,00198B98,0,1,1,4294967295,0,0
oInvCollPH,80,432,002247E3,0,1,1,4294967295,0,0
oInvCollPH,96,432,0020A313,0,1,1,4294967295,0,0
oInvCollPH,112,432,002E6FD4,0,1,1,4294967295,0,0
oInvCollPH,128,432,00293D8F,0,1,1,4294967295,0,0
oInvCollPH,144,432,0023501A,0,1,1,4294967295,0,0
oInvCollPH,160,432,001436B6,0,1,1,4294967295,0,0
oInvCollPH,176,432,0036C6DF,0,1,1,4294967295,0,0
oInvCollPH,192,432,003A4C22,0,1,1,4294967295,0,0
oInvCollPH,208,432,002A7EA9,0,1,1,4294967295,0,0
oInvCollPH,224,432,0012C9C8,0,1,1,4294967295,0,0
oInvCollPH,240,432,0023F0CD,0,1,1,4294967295,0,0
oInvCollPH,192,592,002FADC3,0,1,1,4294967295,0,0
oInvCollPH,192,608,002AEF1E,0,1,1,4294967295,0,0
oInvCollPH,192,624,0032DD77,0,1,1,4294967295,0,0
oInvCollPH,192,640,00292A83,0,1,1,4294967295,0,0
oInvCollPH,192,656,00291377,0,1,1,4294967295,0,0
oInvCollPH,192,672,00270B2B,0,1,1,4294967295,0,0
oInvCollPH,192,688,002851E3,0,1,1,4294967295,0,0
oInvCollPH,192,704,0017DF4E,0,1,1,4294967295,0,0
oInvCollPH,192,720,0015FA6B,0,1,1,4294967295,0,0
oInvCollPH,192,736,0034DB21,0,1,1,4294967295,0,0
oInvCollPH,192,752,0010BA12,0,1,1,4294967295,0,0
oInvCollPH,192,768,0034C68D,0,1,1,4294967295,0,0
oInvCollPH,192,784,0037CBE0,0,1,1,4294967295,0,0
oInvCollPH,192,800,00173422,0,1,1,4294967295,0,0
oInvCollPH,192,816,0025652A,0,1,1,4294967295,0,0
oInvCollPH,208,816,0002F390,0,1,1,4294967295,0,0
oInvCollPH,224,816,00148D42,0,1,1,4294967295,0,0
oInvCollPH,240,816,001DAFCB,0,1,1,4294967295,0,0
oInvCollPH,240,752,0015160B,0,1,1,4294967295,0,0
oInvCollPH,240,736,0008EA29,0,1,1,4294967295,0,0
oInvCollPH,240,720,00165203,0,1,1,4294967295,0,0
oInvCollPH,240,704,000CFA4C,0,1,1,4294967295,0,0
oInvCollPH,240,688,003DD156,0,1,1,4294967295,0,0
oInvCollPH,240,672,00252BE0,0,1,1,4294967295,0,0
oInvCollPH,240,656,003B66AC,0,1,1,4294967295,0,0
oInvCollPH,240,640,0000E6E9,0,1,1,4294967295,0,0
oInvCollPH,240,624,0028641F,0,1,1,4294967295,0,0
oInvCollPH,240,608,0009F056,0,1,1,4294967295,0,0
oInvCollPH,240,592,0015A1D8,0,1,1,4294967295,0,0
oInvCollPH,240,576,0028F5A3,0,1,1,4294967295,0,0
oInvCollPH,224,576,0022711C,0,1,1,4294967295,0,0
oInvCollPH,208,576,001D26AC,0,1,1,4294967295,0,0
oInvCollPH,448,464,002A4766,0,1,1,4294967295,0,0
oInvCollPH,448,480,001E3434,0,1,1,4294967295,0,0
oInvCollPH,448,496,00130E5D,0,1,1,4294967295,0,0
oInvCollPH,448,512,00242697,0,1,1,4294967295,0,0
oInvCollPH,448,528,001B5E23,0,1,1,4294967295,0,0
oInvCollPH,448,544,000242F9,0,1,1,4294967295,0,0
oInvCollPH,448,560,0028FDFC,0,1,1,4294967295,0,0
oInvCollPH,448,576,002283FC,0,1,1,4294967295,0,0
oInvCollPH,448,592,00131978,0,1,1,4294967295,0,0
oInvCollPH,448,608,0039797E,0,1,1,4294967295,0,0
oInvCollPH,448,624,0023B3AC,0,1,1,4294967295,0,0
oInvCollPH,448,640,000369A4,0,1,1,4294967295,0,0
oInvCollPH,448,656,00333926,0,1,1,4294967295,0,0
oInvCollPH,448,672,00229709,0,1,1,4294967295,0,0
oInvCollPH,448,688,00156204,0,1,1,4294967295,0,0
oInvCollPH,464,688,0038A37E,0,1,1,4294967295,0,0
oInvCollPH,480,688,001B2961,0,1,1,4294967295,0,0
oInvCollPH,496,688,003EBACB,0,1,1,4294967295,0,0
oInvCollPH,496,672,001EB387,0,1,1,4294967295,0,0
oInvCollPH,496,656,001BCD17,0,1,1,4294967295,0,0
oInvCollPH,496,640,0022D195,0,1,1,4294967295,0,0
oInvCollPH,496,624,00221376,0,1,1,4294967295,0,0
oInvCollPH,496,608,003217BE,0,1,1,4294967295,0,0
oInvCollPH,496,592,0011FC84,0,1,1,4294967295,0,0
oInvCollPH,496,576,003A36A3,0,1,1,4294967295,0,0
oInvCollPH,496,560,0009A290,0,1,1,4294967295,0,0
oInvCollPH,496,544,002C9726,0,1,1,4294967295,0,0
oInvCollPH,496,528,002CF925,0,1,1,4294967295,0,0
oInvCollPH,496,512,001E1ECD,0,1,1,4294967295,0,0
oInvCollPH,496,496,002154DF,0,1,1,4294967295,0,0
oInvCollPH,496,480,00226743,0,1,1,4294967295,0,0
oInvCollPH,496,464,0036AF8C,0,1,1,4294967295,0,0
oInvCollPH,496,448,003534AF,0,1,1,4294967295,0,0
oInvCollPH,256,832,0009C272,0,1,1,4294967295,0,0
oInvCollPH,256,848,001BBF04,0,1,1,4294967295,0,0
oInvCollPH,256,864,002C8768,0,1,1,4294967295,0,0
oInvCollPH,256,880,0018D977,0,1,1,4294967295,0,0
oInvCollPH,272,880,001C438B,0,1,1,4294967295,0,0
oInvCollPH,288,880,0005647C,0,1,1,4294967295,0,0
oInvCollPH,304,880,002FD39E,0,1,1,4294967295,0,0
oInvCollPH,304,816,002972F3,0,1,1,4294967295,0,0
oInvCollPH,304,800,003DEB67,0,1,1,4294967295,0,0
oInvCollPH,304,784,0039EC12,0,1,1,4294967295,0,0
oInvCollPH,304,768,001ADE5B,0,1,1,4294967295,0,0
oInvCollPH,288,768,000318BD,0,1,1,4294967295,0,0
oInvCollPH,272,768,001B7BD8,0,1,1,4294967295,0,0
oInvCollPH,336,832,001C457C,0,1,1,4294967295,0,0
oInvCollPH,352,832,000C5991,0,1,1,4294967295,0,0
oInvCollPH,368,832,000EDFC0,0,1,1,4294967295,0,0
oInvCollPH,384,832,000B7FB4,0,1,1,4294967295,0,0
oInvCollPH,400,832,002F3C8C,0,1,1,4294967295,0,0
oInvCollPH,416,832,000AFD08,0,1,1,4294967295,0,0
oInvCollPH,432,832,002D1373,0,1,1,4294967295,0,0
oInvCollPH,448,832,002CAC58,0,1,1,4294967295,0,0
oInvCollPH,464,832,0025EC1E,0,1,1,4294967295,0,0
oInvCollPH,480,832,000166CD,0,1,1,4294967295,0,0
oInvCollPH,496,832,0036314B,0,1,1,4294967295,0,0
oInvCollPH,496,944,00398FE2,0,1,1,4294967295,0,0
oInvCollPH,480,944,0014706B,0,1,1,4294967295,0,0
oInvCollPH,464,944,00289F73,0,1,1,4294967295,0,0
oInvCollPH,448,944,001D73DA,0,1,1,4294967295,0,0
oInvCollPH,432,944,00174470,0,1,1,4294967295,0,0
oInvCollPH,416,944,001D0439,0,1,1,4294967295,0,0
oInvCollPH,400,944,00229114,0,1,1,4294967295,0,0
oInvCollPH,384,944,00164FA7,0,1,1,4294967295,0,0
oInvCollPH,368,944,001C5E40,0,1,1,4294967295,0,0
oInvCollPH,352,944,000CAD1B,0,1,1,4294967295,0,0
oInvCollPH,336,944,0038F1FB,0,1,1,4294967295,0,0
oInvCollPH,320,944,0023984C,0,1,1,4294967295,0,0
oInvCollPH,320,928,002A1941,0,1,1,4294967295,0,0
oInvCollPH,320,912,001AFC43,0,1,1,4294967295,0,0
oInvCollPH,320,896,000258BF,0,1,1,4294967295,0,0
oInvCollPH,192,1424,003493E4,0,1,1,4294967295,0,0
oInvCollPH,192,1440,00097FF8,0,1,1,4294967295,0,0
oInvCollPH,192,1456,0034FF9B,0,1,1,4294967295,0,0
oInvCollPH,208,1456,00021724,0,1,1,4294967295,0,0
oInvCollPH,224,1456,000A6BD1,0,1,1,4294967295,0,0
oInvCollPH,240,1456,0010E2A8,0,1,1,4294967295,0,0
oInvCollPH,256,1456,001F4665,0,1,1,4294967295,0,0
oInvCollPH,272,1456,00305B94,0,1,1,4294967295,0,0
oInvCollPH,288,1456,003179DF,0,1,1,4294967295,0,0
oInvCollPH,304,1456,00154B8F,0,1,1,4294967295,0,0
oInvCollPH,320,1456,003B1ECB,0,1,1,4294967295,0,0
oInvCollPH,336,1456,0003532F,0,1,1,4294967295,0,0
oInvCollPH,352,1456,00165446,0,1,1,4294967295,0,0
oInvCollPH,368,1456,002C363D,0,1,1,4294967295,0,0
oInvCollPH,368,1440,0017C9AE,0,1,1,4294967295,0,0
oInvCollPH,368,1424,0011DE3A,0,1,1,4294967295,0,0
oInvCollPH,368,1408,0022144B,0,1,1,4294967295,0,0
oInvCollPH,352,1408,0030697B,0,1,1,4294967295,0,0
oInvCollPH,336,1408,003B39E9,0,1,1,4294967295,0,0
oInvCollPH,320,1408,002840F3,0,1,1,4294967295,0,0
oInvCollPH,304,1408,002E8A7D,0,1,1,4294967295,0,0
oInvCollPH,288,1408,0025C09C,0,1,1,4294967295,0,0
oInvCollPH,272,1408,002B6AF8,0,1,1,4294967295,0,0
oInvCollPH,256,1408,002ECD11,0,1,1,4294967295,0,0
oInvCollPH,448,1424,00044BEE,0,1,1,4294967295,0,0
oInvCollPH,448,1440,001E153D,0,1,1,4294967295,0,0
oInvCollPH,448,1456,003A5199,0,1,1,4294967295,0,0
oInvCollPH,464,1456,00004BCD,0,1,1,4294967295,0,0
oInvCollPH,480,1456,003ACC73,0,1,1,4294967295,0,0
oInvCollPH,496,1456,001B3667,0,1,1,4294967295,0,0
oInvCollPH,464,1408,000D9DEC,0,1,1,4294967295,0,0
oInvCollPH,480,1408,003A5D42,0,1,1,4294967295,0,0
oInvCollPH,496,1408,00029236,0,1,1,4294967295,0,0
oInvCollPH,512,1408,0027FFED,0,1,1,4294967295,0,0
oInvCollPH,528,1408,002E5353,0,1,1,4294967295,0,0
oInvCollPH,544,1408,0011FFE8,0,1,1,4294967295,0,0
oInvCollPH,560,1408,0014CC17,0,1,1,4294967295,0,0
oInvCollPH,560,1424,00251CA4,0,1,1,4294967295,0,0
oInvCollPH,560,1440,001278D1,0,1,1,4294967295,0,0
oInvCollPH,560,1456,0026155E,0,1,1,4294967295,0,0
oInvCollPH,640,1296,003969BC,0,1,1,4294967295,0,0
oInvCollPH,640,1312,0021B048,0,1,1,4294967295,0,0
oInvCollPH,640,1328,0034D181,0,1,1,4294967295,0,0
oInvCollPH,640,1344,0033C215,0,1,1,4294967295,0,0
oInvCollPH,640,1360,0016AE09,0,1,1,4294967295,0,0
oInvCollPH,640,1376,00105AD2,0,1,1,4294967295,0,0
oInvCollPH,640,1392,00397D70,0,1,1,4294967295,0,0
oInvCollPH,640,1408,00251A27,0,1,1,4294967295,0,0
oInvCollPH,640,1424,0031C854,0,1,1,4294967295,0,0
oInvCollPH,640,1440,00311594,0,1,1,4294967295,0,0
oInvCollPH,640,1456,001A4B89,0,1,1,4294967295,0,0
oInvCollPH,576,1104,003457A4,0,1,1,4294967295,0,0
oInvCollPH,576,1120,0018125B,0,1,1,4294967295,0,0
oInvCollPH,576,1136,00149070,0,1,1,4294967295,0,0
oInvCollPH,576,1152,0018FD45,0,1,1,4294967295,0,0
oInvCollPH,576,1168,0032AB07,0,1,1,4294967295,0,0
oInvCollPH,576,1184,0002FF9A,0,1,1,4294967295,0,0
oInvCollPH,576,1200,00348039,0,1,1,4294967295,0,0
oInvCollPH,576,1216,000B20C1,0,1,1,4294967295,0,0
oInvCollPH,576,1232,0014061C,0,1,1,4294967295,0,0
oInvCollPH,576,1248,00212D7E,0,1,1,4294967295,0,0
oInvCollPH,576,1264,0024E5F3,0,1,1,4294967295,0,0
oInvCollPH,592,1264,002D202E,0,1,1,4294967295,0,0
oInvCollPH,608,1264,0018DC5E,0,1,1,4294967295,0,0
oInvCollPH,624,1264,0022ED21,0,1,1,4294967295,0,0
oInvCollPH,304,1168,0032842E,0,1,1,4294967295,0,0
oInvCollPH,320,1168,0021938F,0,1,1,4294967295,0,0
oInvCollPH,336,1168,000D09B7,0,1,1,4294967295,0,0
oInvCollPH,496,1168,002FAE2F,0,1,1,4294967295,0,0
oInvCollPH,512,1168,000647DD,0,1,1,4294967295,0,0
oInvCollPH,528,1168,001510FC,0,1,1,4294967295,0,0
oInvCollPH,144,1216,002CE19B,0,1,1,4294967295,0,0
oInvCollPH,160,1216,00300DEA,0,1,1,4294967295,0,0
oInvCollPH,176,1216,002D3F02,0,1,1,4294967295,0,0
oInvCollPH,192,1216,003A5085,0,1,1,4294967295,0,0
oInvCollPH,208,1216,002A0620,0,1,1,4294967295,0,0
oInvCollPH,224,1216,00194BBD,0,1,1,4294967295,0,0
oInvCollPH,240,1216,000A4F6C,0,1,1,4294967295,0,0
oInvCollPH,240,1232,00305B15,0,1,1,4294967295,0,0
oInvCollPH,240,1248,0035B379,0,1,1,4294967295,0,0
oInvCollPH,240,1264,00337E82,0,1,1,4294967295,0,0
oInvCollPH,240,1280,0012379F,0,1,1,4294967295,0,0
oInvCollPH,240,1296,002F68FE,0,1,1,4294967295,0,0
oInvCollPH,240,1312,001584A2,0,1,1,4294967295,0,0
oInvCollPH,240,1328,002287D8,0,1,1,4294967295,0,0
oInvCollPH,240,1344,000FEB50,0,1,1,4294967295,0,0
oInvCollPH,240,1360,00090E6F,0,1,1,4294967295,0,0
oInvCollPH,240,1376,00151DF8,0,1,1,4294967295,0,0
oInvCollPH,240,1392,000D60E1,0,1,1,4294967295,0,0
oInvCollPH,176,1392,000F160D,0,1,1,4294967295,0,0
oInvCollPH,160,1392,0022CC40,0,1,1,4294967295,0,0
oInvCollPH,144,1392,003A9ACC,0,1,1,4294967295,0,0
oInvCollPH,128,1392,003C7BE2,0,1,1,4294967295,0,0
oInvCollPH,528,832,0033175F,0,1,1,4294967295,0,0
oInvCollPH,544,832,003D6BCD,0,1,1,4294967295,0,0
oInvCollPH,560,832,000EBFCD,0,1,1,4294967295,0,0
oInvCollPH,576,832,00116873,0,1,1,4294967295,0,0
oInvCollPH,592,832,002BF9B2,0,1,1,4294967295,0,0
oInvCollPH,608,832,00118652,0,1,1,4294967295,0,0
oInvCollPH,512,960,0002FFD2,0,1,1,4294967295,0,0
oInvCollPH,512,976,0007AC43,0,1,1,4294967295,0,0
oInvCollPH,624,832,000E170A,0,1,1,4294967295,0,0
oInvCollPH,512,992,0028AC1D,0,1,1,4294967295,0,0
oInvCollPH,512,1008,00174C75,0,1,1,4294967295,0,0
oInvCollPH,512,1024,00016389,0,1,1,4294967295,0,0
oInvCollPH,512,1040,0007DCDF,0,1,1,4294967295,0,0
oInvCollPH,512,1056,002A88DC,0,1,1,4294967295,0,0
oInvCollPH,512,1072,003C8C1E,0,1,1,4294967295,0,0
oInvCollPH,528,1072,00226112,0,1,1,4294967295,0,0
oInvCollPH,544,1072,00368368,0,1,1,4294967295,0,0
oInvCollPH,560,1072,002F9104,0,1,1,4294967295,0,0
oInvCollPH,640,48,003FA384,0,1,1,4294967295,0,0
oInvCollPH,640,64,00100233,0,1,1,4294967295,0,0
oInvCollPH,640,80,0007E4CB,0,1,1,4294967295,0,0
oInvCollPH,640,96,0013BB5E,0,1,1,4294967295,0,0
oInvCollPH,640,112,000A9FC8,0,1,1,4294967295,0,0
oInvCollPH,640,128,002CD162,0,1,1,4294967295,0,0
oInvCollPH,640,144,0024E2F4,0,1,1,4294967295,0,0
oInvCollPH,640,160,00178170,0,1,1,4294967295,0,0
oInvCollPH,640,176,000F7E31,0,1,1,4294967295,0,0
oInvCollPH,640,192,003414BE,0,1,1,4294967295,0,0
oInvCollPH,640,208,003B8C4E,0,1,1,4294967295,0,0
oInvCollPH,640,224,00299D01,0,1,1,4294967295,0,0
oInvCollPH,640,240,00099F6D,0,1,1,4294967295,0,0
oInvCollPH,640,256,00187B7E,0,1,1,4294967295,0,0
oInvCollPH,640,272,002335DD,0,1,1,4294967295,0,0
oInvCollPH,640,288,00307965,0,1,1,4294967295,0,0
oInvCollPH,640,304,001EC0DC,0,1,1,4294967295,0,0
oInvCollPH,640,320,003EF295,0,1,1,4294967295,0,0
oInvCollPH,640,336,000D90FB,0,1,1,4294967295,0,0
oInvCollPH,640,352,003AC4A6,0,1,1,4294967295,0,0
oInvCollPH,640,368,003C0DD3,0,1,1,4294967295,0,0
oInvCollPH,640,384,002E104E,0,1,1,4294967295,0,0
oInvCollPH,640,400,00068B76,0,1,1,4294967295,0,0
oInvCollPH,640,416,003D50C7,0,1,1,4294967295,0,0
oInvCollPH,640,432,00391DA9,0,1,1,4294967295,0,0
oInvCollPH,640,448,001A00DC,0,1,1,4294967295,0,0
oInvCollPH,640,464,0033951D,0,1,1,4294967295,0,0
oInvCollPH,640,480,000A04AA,0,1,1,4294967295,0,0
oInvCollPH,640,496,00172129,0,1,1,4294967295,0,0
oInvCollPH,640,512,003A4B7E,0,1,1,4294967295,0,0
oInvCollPH,640,528,003BAE0F,0,1,1,4294967295,0,0
oInvCollPH,640,544,0002DBC6,0,1,1,4294967295,0,0
oInvCollPH,640,560,002EF8D2,0,1,1,4294967295,0,0
oInvCollPH,640,576,0034C2A7,0,1,1,4294967295,0,0
oInvCollPH,640,592,001D45FD,0,1,1,4294967295,0,0
oInvCollPH,640,608,00302C78,0,1,1,4294967295,0,0
oInvCollPH,640,624,00381B78,0,1,1,4294967295,0,0
oInvCollPH,640,640,001BD57F,0,1,1,4294967295,0,0
oInvCollPH,640,656,00322F38,0,1,1,4294967295,0,0
oInvCollPH,640,672,002BDD46,0,1,1,4294967295,0,0
oInvCollPH,640,688,0039B4B6,0,1,1,4294967295,0,0
oInvCollPH,640,704,000109F5,0,1,1,4294967295,0,0
oInvCollPH,640,720,0026BC6B,0,1,1,4294967295,0,0
oInvCollPH,640,736,003DEC51,0,1,1,4294967295,0,0
oInvCollPH,640,752,002B47E3,0,1,1,4294967295,0,0
oInvCollPH,640,768,00298B25,0,1,1,4294967295,0,0
oInvCollPH,640,784,00103DE0,0,1,1,4294967295,0,0
oInvCollPH,640,800,0017FE20,0,1,1,4294967295,0,0
oInvCollPH,640,816,0024F6F0,0,1,1,4294967295,0,0
oInvCollPH,48,448,0026F679,0,1,1,4294967295,0,0
oInvCollPH,48,464,0010B416,0,1,1,4294967295,0,0
oInvCollPH,48,480,000D7837,0,1,1,4294967295,0,0
oInvCollPH,48,496,002421EF,0,1,1,4294967295,0,0
oInvCollPH,48,512,0025CAC6,0,1,1,4294967295,0,0
oInvCollPH,48,528,001E4A57,0,1,1,4294967295,0,0
oInvCollPH,48,544,00294489,0,1,1,4294967295,0,0
oInvCollPH,48,560,001C60E3,0,1,1,4294967295,0,0
oInvCollPH,48,576,000104C8,0,1,1,4294967295,0,0
oInvCollPH,48,592,001126BB,0,1,1,4294967295,0,0
oInvCollPH,48,608,0008F503,0,1,1,4294967295,0,0
oInvCollPH,48,624,0012A209,0,1,1,4294967295,0,0
oInvCollPH,48,640,003B0396,0,1,1,4294967295,0,0
oInvCollPH,48,656,0019D53A,0,1,1,4294967295,0,0
oInvCollPH,48,672,000D8276,0,1,1,4294967295,0,0
oInvCollPH,48,688,0021883A,0,1,1,4294967295,0,0
oInvCollPH,48,704,00333298,0,1,1,4294967295,0,0
oInvCollPH,48,720,001F2114,0,1,1,4294967295,0,0
oInvCollPH,48,736,00182737,0,1,1,4294967295,0,0
oInvCollPH,48,752,003138BE,0,1,1,4294967295,0,0
oInvCollPH,48,768,002804F0,0,1,1,4294967295,0,0
oInvCollPH,48,784,000E9470,0,1,1,4294967295,0,0
oInvCollPH,48,816,00031BAF,0,1,1,4294967295,0,0
oInvCollPH,48,800,002B7C46,0,1,1,4294967295,0,0
oInvCollPH,48,832,0010F15F,0,1,1,4294967295,0,0
oInvCollPH,48,848,0039E502,0,1,1,4294967295,0,0
oInvCollPH,48,880,000C7E91,0,1,1,4294967295,0,0
oInvCollPH,48,896,001D29EE,0,1,1,4294967295,0,0
oInvCollPH,48,864,000CE2B7,0,1,1,4294967295,0,0
oInvCollPH,48,912,003AEC2D,0,1,1,4294967295,0,0
oInvCollPH,48,928,001470E7,0,1,1,4294967295,0,0
oInvCollPH,48,944,000E1145,0,1,1,4294967295,0,0
oInvCollPH,48,960,001A063C,0,1,1,4294967295,0,0
oInvCollPH,48,976,00033247,0,1,1,4294967295,0,0
oInvCollPH,48,992,002857F6,0,1,1,4294967295,0,0
oInvCollPH,48,1008,001BCEF0,0,1,1,4294967295,0,0
oInvCollPH,48,1024,000184DF,0,1,1,4294967295,0,0
oInvCollPH,48,1040,00001BD7,0,1,1,4294967295,0,0
oInvCollPH,48,1056,000E239E,0,1,1,4294967295,0,0
oInvCollPH,48,1072,001126C1,0,1,1,4294967295,0,0
oInvCollPH,64,1088,0006E1D6,0,1,1,4294967295,0,0
oInvCollPH,80,1088,002EE962,0,1,1,4294967295,0,0
oInvCollPH,96,1088,000C6C48,0,1,1,4294967295,0,0
oInvCollPH,112,1088,001F860E,0,1,1,4294967295,0,0
oInvCollPH,112,1104,0022D542,0,1,1,4294967295,0,0
oInvCollPH,112,1120,00197229,0,1,1,4294967295,0,0
oInvCollPH,112,1136,002F6882,0,1,1,4294967295,0,0
oInvCollPH,112,1152,00202DD0,0,1,1,4294967295,0,0
oInvCollPH,112,1168,0014693B,0,1,1,4294967295,0,0
oInvCollPH,112,1184,00133416,0,1,1,4294967295,0,0
oInvCollPH,112,1200,00189287,0,1,1,4294967295,0,0
oInvCollPH,112,1408,001A5BFF,0,1,1,4294967295,0,0
oInvCollPH,112,1424,001DDB4F,0,1,1,4294967295,0,0
oInvCollPH,112,1440,0038F4C5,0,1,1,4294967295,0,0
oInvCollPH,112,1456,0036E990,0,1,1,4294967295,0,0
oInvCollPH,112,1472,0034081E,0,1,1,4294967295,0,0
oInvCollPH,112,1488,001E3492,0,1,1,4294967295,0,0
oInvCollPH,112,1504,0000DBAE,0,1,1,4294967295,0,0
oInvCollPH,112,1520,0011F948,0,1,1,4294967295,0,0
oInvCollPH,112,1536,0014A566,0,1,1,4294967295,0,0
oInvCollPH,112,1552,000A0226,0,1,1,4294967295,0,0
oInvCollPH,112,1568,0005B2F4,0,1,1,4294967295,0,0
oInvCollPH,112,1584,003C84E8,0,1,1,4294967295,0,0
oInvCollPH,112,1600,0014F09A,0,1,1,4294967295,0,0
oInvCollPH,112,1616,00401AC7,0,1,1,4294967295,0,0
oInvCollPH,112,1632,0006AF28,0,1,1,4294967295,0,0
oInvCollPH,112,1648,002803F2,0,1,1,4294967295,0,0
oInvCollPH,128,1664,00076710,0,1,1,4294967295,0,0
oInvCollPH,144,1664,0001FD64,0,1,1,4294967295,0,0
oInvCollPH,160,1664,003247B2,0,1,1,4294967295,0,0
oInvCollPH,176,1664,000CA91F,0,1,1,4294967295,0,0
oInvCollPH,176,1680,00335AEA,0,1,1,4294967295,0,0
oInvCollPH,176,1696,00386A5F,0,1,1,4294967295,0,0
oInvCollPH,176,1712,00005BFA,0,1,1,4294967295,0,0
oInvCollPH,176,1728,002B3C29,0,1,1,4294967295,0,0
oInvCollPH,176,1744,003D49A9,0,1,1,4294967295,0,0
oInvCollPH,176,1760,00229339,0,1,1,4294967295,0,0
oInvCollPH,176,1776,0001A1C2,0,1,1,4294967295,0,0
oInvCollPH,576,1472,00375AA8,0,1,1,4294967295,0,0
oInvCollPH,592,1472,0008EAC3,0,1,1,4294967295,0,0
oInvCollPH,608,1472,0034013F,0,1,1,4294967295,0,0
oInvCollPH,624,1472,003120E2,0,1,1,4294967295,0,0
oInvCollPH,512,1488,003150DB,0,1,1,4294967295,0,0
oInvCollPH,512,1504,000D4327,0,1,1,4294967295,0,0
oInvCollPH,512,1520,000ED7D1,0,1,1,4294967295,0,0
oInvCollPH,512,1536,001205C1,0,1,1,4294967295,0,0
oInvCollPH,512,1552,00146BDE,0,1,1,4294967295,0,0
oInvCollPH,512,1568,001F9AE4,0,1,1,4294967295,0,0
oInvCollPH,512,1584,002F43EB,0,1,1,4294967295,0,0
oInvCollPH,400,1600,00107172,0,1,1,4294967295,0,0
oInvCollPH,416,1600,0032BD9D,0,1,1,4294967295,0,0
oInvCollPH,432,1600,001D7788,0,1,1,4294967295,0,0
oInvCollPH,448,1600,0032BFBC,0,1,1,4294967295,0,0
oInvCollPH,464,1600,00219C3A,0,1,1,4294967295,0,0
oInvCollPH,480,1600,0024D432,0,1,1,4294967295,0,0
oInvCollPH,496,1600,003D7953,0,1,1,4294967295,0,0
oInvCollPH,384,1616,00382A50,0,1,1,4294967295,0,0
oInvCollPH,384,1632,0018FF8C,0,1,1,4294967295,0,0
oInvCollPH,384,1648,001F2DAF,0,1,1,4294967295,0,0
oInvCollPH,384,1664,000E0F41,0,1,1,4294967295,0,0
oInvCollPH,384,1680,002A1BF7,0,1,1,4294967295,0,0
oInvCollPH,384,1696,001C7286,0,1,1,4294967295,0,0
oInvCollPH,384,1712,001F53EC,0,1,1,4294967295,0,0
oInvCollPH,384,1728,0039923E,0,1,1,4294967295,0,0
oInvCollPH,384,1744,0015F65D,0,1,1,4294967295,0,0
oInvCollPH,384,1760,0010F0C1,0,1,1,4294967295,0,0
oInvCollPH,384,1776,003B4C1F,0,1,1,4294967295,0,0
oInvCollPH,384,1792,002B177A,0,1,1,4294967295,0,0
oInvCollPH,384,1808,003D36DA,0,1,1,4294967295,0,0
oInvCollPH,384,1824,002D791F,0,1,1,4294967295,0,0
oInvCollPH,384,1840,0028367D,0,1,1,4294967295,0,0
oInvCollPH,400,1840,001070A2,0,1,1,4294967295,0,0
oInvCollPH,416,1840,001F32CE,0,1,1,4294967295,0,0
oInvCollPH,432,1840,002C3214,0,1,1,4294967295,0,0
oInvCollPH,448,1840,0021871D,0,1,1,4294967295,0,0
oInvCollPH,464,1840,00348621,0,1,1,4294967295,0,0
oInvCollPH,480,1840,000E3A76,0,1,1,4294967295,0,0
oInvCollPH,496,1840,00283C0C,0,1,1,4294967295,0,0
oInvCollPH,512,1840,0007A5EB,0,1,1,4294967295,0,0
oInvCollPH,528,1840,0029637A,0,1,1,4294967295,0,0
oInvCollPH,544,1840,003FF3DE,0,1,1,4294967295,0,0
oInvCollPH,560,1840,00095D06,0,1,1,4294967295,0,0
oInvCollPH,576,1872,003C91DE,0,1,1,4294967295,0,0
oInvCollPH,576,1888,002DD3DC,0,1,1,4294967295,0,0
oInvCollPH,576,1904,0027F43F,0,1,1,4294967295,0,0
oInvCollPH,576,1920,0011E833,0,1,1,4294967295,0,0
oInvCollPH,576,1936,002490F0,0,1,1,4294967295,0,0
oInvCollPH,576,1952,001E8C13,0,1,1,4294967295,0,0
oInvCollPH,576,1968,0010705E,0,1,1,4294967295,0,0
oInvCollPH,576,1984,00187251,0,1,1,4294967295,0,0
oInvCollPH,576,2000,000FCB64,0,1,1,4294967295,0,0
oInvCollPH,576,2016,00216CD2,0,1,1,4294967295,0,0
oInvCollPH,576,2032,00236895,0,1,1,4294967295,0,0
oInvCollPH,576,2048,00364FDF,0,1,1,4294967295,0,0
oInvCollPH,576,2064,0034FAFC,0,1,1,4294967295,0,0
oInvCollPH,576,2080,00082FAE,0,1,1,4294967295,0,0
oInvCollPH,576,2096,00269D2C,0,1,1,4294967295,0,0
oInvCollPH,592,2096,00284048,0,1,1,4294967295,0,0
oInvCollPH,608,2096,0029B1D5,0,1,1,4294967295,0,0
oInvCollPH,624,2096,001FDA27,0,1,1,4294967295,0,0
oInvCollPH,272,2304,003CF111,0,1,1,4294967295,0,0
oInvCollPH,288,2304,0011D34C,0,1,1,4294967295,0,0
oInvCollPH,304,2304,0018C450,0,1,1,4294967295,0,0
oInvCollPH,320,2304,000858E9,0,1,1,4294967295,0,0
oInvCollPH,336,2304,0026DC29,0,1,1,4294967295,0,0
oInvCollPH,352,2304,0028918E,0,1,1,4294967295,0,0
oInvCollPH,368,2304,0006D46D,0,1,1,4294967295,0,0
oInvCollPH,384,2304,000DB13C,0,1,1,4294967295,0,0
oInvCollPH,400,2304,003E4B0B,0,1,1,4294967295,0,0
oInvCollPH,416,2304,000EED54,0,1,1,4294967295,0,0
oInvCollPH,432,2304,0004628A,0,1,1,4294967295,0,0
oInvCollPH,432,2320,0028B6F3,0,1,1,4294967295,0,0
oInvCollPH,432,2336,002383DD,0,1,1,4294967295,0,0
oInvCollPH,432,2352,002D044B,0,1,1,4294967295,0,0
oInvCollPH,416,2352,0038ABCC,0,1,1,4294967295,0,0
oInvCollPH,400,2352,002A06C0,0,1,1,4294967295,0,0
oInvCollPH,384,2352,00178031,0,1,1,4294967295,0,0
oInvCollPH,368,2352,0002C009,0,1,1,4294967295,0,0
oInvCollPH,352,2352,0025C046,0,1,1,4294967295,0,0
oInvCollPH,336,2352,000C454C,0,1,1,4294967295,0,0
oInvCollPH,320,2352,001399CD,0,1,1,4294967295,0,0
oInvCollPH,304,2352,0003C370,0,1,1,4294967295,0,0
oInvCollPH,288,2352,0020D494,0,1,1,4294967295,0,0
oInvCollPH,272,2352,0011C481,0,1,1,4294967295,0,0
oInvCollPH,256,2352,00133F57,0,1,1,4294967295,0,0
oInvCollPH,256,2336,003FDEDF,0,1,1,4294967295,0,0
oInvCollPH,256,2320,00290D6A,0,1,1,4294967295,0,0
oInvCollPH,464,2624,00183660,0,1,1,4294967295,0,0
oInvCollPH,480,2624,000623F0,0,1,1,4294967295,0,0
oInvCollPH,496,2624,0019F9AD,0,1,1,4294967295,0,0
oInvCollPH,496,2640,0027EE6A,0,1,1,4294967295,0,0
oInvCollPH,496,2656,00361F99,0,1,1,4294967295,0,0
oInvCollPH,496,2672,002C750B,0,1,1,4294967295,0,0
oInvCollPH,480,2672,00111ADF,0,1,1,4294967295,0,0
oInvCollPH,464,2672,0000A234,0,1,1,4294967295,0,0
oInvCollPH,448,2672,0022405E,0,1,1,4294967295,0,0
oInvCollPH,592,2624,002A317A,0,1,1,4294967295,0,0
oInvCollPH,608,2624,00207445,0,1,1,4294967295,0,0
oInvCollPH,624,2624,0025E897,0,1,1,4294967295,0,0
oInvCollPH,576,2640,003B1D4C,0,1,1,4294967295,0,0
oInvCollPH,576,2656,00346869,0,1,1,4294967295,0,0
oInvCollPH,576,2672,00176FA9,0,1,1,4294967295,0,0
oInvCollPH,592,2672,003AE5EC,0,1,1,4294967295,0,0
oInvCollPH,608,2672,000D0CE7,0,1,1,4294967295,0,0
oInvCollPH,624,2672,00028A7C,0,1,1,4294967295,0,0
oInvCollPH,640,2560,0012B0C9,0,1,1,4294967295,0,0
oInvCollPH,640,2576,00102BF6,0,1,1,4294967295,0,0
oInvCollPH,640,2592,0007D657,0,1,1,4294967295,0,0
oInvCollPH,640,2608,000FE7A9,0,1,1,4294967295,0,0
oInvCollPH,640,2240,002A204E,0,1,1,4294967295,0,0
oInvCollPH,640,2256,0019F431,0,1,1,4294967295,0,0
oInvCollPH,640,2272,003E9F56,0,1,1,4294967295,0,0
oInvCollPH,640,2288,00292DD2,0,1,1,4294967295,0,0
oInvCollPH,640,2128,002A0A7D,0,1,1,4294967295,0,0
oInvCollPH,640,2144,00287CBE,0,1,1,4294967295,0,0
oInvCollPH,640,2160,00115E74,0,1,1,4294967295,0,0
oInvCollPH,640,2176,0014CA69,0,1,1,4294967295,0,0
oInvCollPH,640,2192,000D682B,0,1,1,4294967295,0,0
oInvCollPH,640,2208,00329619,0,1,1,4294967295,0,0
oInvCollPH,640,2224,003F1EEE,0,1,1,4294967295,0,0
oInvCollPH,640,2304,001AE767,0,1,1,4294967295,0,0
oInvCollPH,640,2320,003956A5,0,1,1,4294967295,0,0
oInvCollPH,640,2336,003848EB,0,1,1,4294967295,0,0
oInvCollPH,640,2352,003C879B,0,1,1,4294967295,0,0
oInvCollPH,640,2368,00264010,0,1,1,4294967295,0,0
oInvCollPH,640,2384,00296BCA,0,1,1,4294967295,0,0
oInvCollPH,640,2400,0038D24B,0,1,1,4294967295,0,0
oInvCollPH,640,2416,002D31DB,0,1,1,4294967295,0,0
oInvCollPH,640,2432,001C1AEE,0,1,1,4294967295,0,0
oInvCollPH,640,2448,000DAEDC,0,1,1,4294967295,0,0
oInvCollPH,640,2464,001B7B25,0,1,1,4294967295,0,0
oInvCollPH,640,2480,001FA057,0,1,1,4294967295,0,0
oInvCollPH,640,2496,00244CD2,0,1,1,4294967295,0,0
oInvCollPH,640,2512,0039E34A,0,1,1,4294967295,0,0
oInvCollPH,640,2528,003329FF,0,1,1,4294967295,0,0
oInvCollPH,640,2544,00184651,0,1,1,4294967295,0,0
oInvCollPH,640,2688,000B6FE3,0,1,1,4294967295,0,0
oInvCollPH,640,2704,002EF8B0,0,1,1,4294967295,0,0
oInvCollPH,640,2720,003DD3CF,0,1,1,4294967295,0,0
oInvCollPH,640,2736,00105148,0,1,1,4294967295,0,0
oInvCollPH,640,2752,0029DC2D,0,1,1,4294967295,0,0
oInvCollPH,640,2768,0036A8EC,0,1,1,4294967295,0,0
oInvCollPH,640,2784,003280C4,0,1,1,4294967295,0,0
oInvCollPH,640,2800,00022465,0,1,1,4294967295,0,0
oInvCollPH,640,2816,001E3052,0,1,1,4294967295,0,0
oInvCollPH,640,2832,0039F312,0,1,1,4294967295,0,0
oInvCollPH,640,2848,002447CB,0,1,1,4294967295,0,0
oInvCollPH,640,2864,0038E112,0,1,1,4294967295,0,0
oInvCollPH,656,2864,00012470,0,1,1,4294967295,0,0
oInvCollPH,672,2864,0036394A,0,1,1,4294967295,0,0
oInvCollPH,688,2864,002493F9,0,1,1,4294967295,0,0
oInvCollPH,336,3008,001878C8,0,1,1,4294967295,0,0
oInvCollPH,352,3008,0027ADBA,0,1,1,4294967295,0,0
oInvCollPH,368,3008,000E93DF,0,1,1,4294967295,0,0
oInvCollPH,384,3008,00158150,0,1,1,4294967295,0,0
oInvCollPH,400,3008,0003D560,0,1,1,4294967295,0,0
oInvCollPH,416,3008,0012B8B1,0,1,1,4294967295,0,0
oInvCollPH,432,3008,0006C85A,0,1,1,4294967295,0,0
oInvCollPH,448,3008,00359E6B,0,1,1,4294967295,0,0
oInvCollPH,464,3008,000C4CE4,0,1,1,4294967295,0,0
oInvCollPH,480,3008,001AD741,0,1,1,4294967295,0,0
oInvCollPH,496,3008,0019F8EC,0,1,1,4294967295,0,0
oInvCollPH,512,3008,0023945E,0,1,1,4294967295,0,0
oInvCollPH,528,3008,00157E15,0,1,1,4294967295,0,0
oInvCollPH,544,3008,0019A297,0,1,1,4294967295,0,0
oInvCollPH,560,3008,002F31EE,0,1,1,4294967295,0,0
oInvCollPH,576,3008,0032A57E,0,1,1,4294967295,0,0
oInvCollPH,592,3008,002FCD10,0,1,1,4294967295,0,0
oInvCollPH,608,3008,003240B8,0,1,1,4294967295,0,0
oInvCollPH,624,3008,001C4B4F,0,1,1,4294967295,0,0
oInvCollPH,640,3008,002A8E3E,0,1,1,4294967295,0,0
oInvCollPH,656,3008,0001F63F,0,1,1,4294967295,0,0
oInvCollPH,672,3008,001E02A5,0,1,1,4294967295,0,0
oInvCollPH,688,3008,00170E16,0,1,1,4294967295,0,0
oInvCollPH,256,2768,00149767,0,1,1,4294967295,0,0
oInvCollPH,256,2784,002A0BF9,0,1,1,4294967295,0,0
oInvCollPH,256,2800,0010B496,0,1,1,4294967295,0,0
oInvCollPH,320,2800,0031A1FD,0,1,1,4294967295,0,0
oInvCollPH,336,2800,004002EC,0,1,1,4294967295,0,0
oInvCollPH,352,2800,003A104E,0,1,1,4294967295,0,0
oInvCollPH,368,2800,000146A7,0,1,1,4294967295,0,0
oInvCollPH,368,2784,003B0F79,0,1,1,4294967295,0,0
oInvCollPH,368,2768,00163030,0,1,1,4294967295,0,0
oInvCollPH,368,2752,0008F652,0,1,1,4294967295,0,0
oInvCollPH,256,2576,002C8CF5,0,1,1,4294967295,0,0
oInvCollPH,256,2592,003ED0BC,0,1,1,4294967295,0,0
oInvCollPH,256,2608,000FD4C0,0,1,1,4294967295,0,0
oInvCollPH,256,2624,001B78B5,0,1,1,4294967295,0,0
oInvCollPH,256,2640,002F05DE,0,1,1,4294967295,0,0
oInvCollPH,256,2656,00264B41,0,1,1,4294967295,0,0
oInvCollPH,256,2672,0028B15F,0,1,1,4294967295,0,0
oInvCollPH,256,2688,00299EB0,0,1,1,4294967295,0,0
oInvCollPH,256,2704,0015E17D,0,1,1,4294967295,0,0
oInvCollPH,256,2720,00247AE9,0,1,1,4294967295,0,0
oInvCollPH,256,2736,0003B955,0,1,1,4294967295,0,0
oInvCollPH,272,2560,003AC040,0,1,1,4294967295,0,0
oInvCollPH,288,2560,001CCA26,0,1,1,4294967295,0,0
oInvCollPH,304,2560,003E1B8F,0,1,1,4294967295,0,0
oInvCollPH,320,2560,0022C0C4,0,1,1,4294967295,0,0
oInvCollPH,336,2560,00115433,0,1,1,4294967295,0,0
oInvCollPH,352,2560,000A5829,0,1,1,4294967295,0,0
oInvCollPH,368,2560,003AEC39,0,1,1,4294967295,0,0
oInvCollPH,384,2560,00316AAF,0,1,1,4294967295,0,0
oInvCollPH,400,2560,00229DB8,0,1,1,4294967295,0,0
oInvCollPH,416,2560,000EF845,0,1,1,4294967295,0,0
oInvCollPH,432,2560,00119B45,0,1,1,4294967295,0,0
oInvCollPH,432,2576,0034F427,0,1,1,4294967295,0,0
oInvCollPH,432,2592,003464A5,0,1,1,4294967295,0,0
oInvCollPH,432,2608,0034AF8E,0,1,1,4294967295,0,0
oInvCollPH,432,2688,0021FCA5,0,1,1,4294967295,0,0
oInvCollPH,432,2704,003F3C11,0,1,1,4294967295,0,0
oInvCollPH,432,2720,001C9CF7,0,1,1,4294967295,0,0
oInvCollPH,432,2736,00084344,0,1,1,4294967295,0,0
oInvCollPH,416,2736,0039E4CF,0,1,1,4294967295,0,0
oInvCollPH,400,2736,0009B40D,0,1,1,4294967295,0,0
oInvCollPH,384,2736,0020A32B,0,1,1,4294967295,0,0
oInvCollPH,64,2816,0015A978,0,1,1,4294967295,0,0
oInvCollPH,80,2816,003662A5,0,1,1,4294967295,0,0
oInvCollPH,96,2816,001AF704,0,1,1,4294967295,0,0
oInvCollPH,112,2816,001923F6,0,1,1,4294967295,0,0
oInvCollPH,128,2816,003322C4,0,1,1,4294967295,0,0
oInvCollPH,144,2816,003B8BC0,0,1,1,4294967295,0,0
oInvCollPH,160,2816,0010BED0,0,1,1,4294967295,0,0
oInvCollPH,176,2816,0010C899,0,1,1,4294967295,0,0
oInvCollPH,192,2816,00343FB2,0,1,1,4294967295,0,0
oInvCollPH,208,2816,000415F5,0,1,1,4294967295,0,0
oInvCollPH,224,2816,00316F9B,0,1,1,4294967295,0,0
oInvCollPH,240,2816,00310E7C,0,1,1,4294967295,0,0
oInvCollPH,304,2816,0016AD61,0,1,1,4294967295,0,0
oInvCollPH,304,2832,00050A32,0,1,1,4294967295,0,0
oInvCollPH,304,2848,00104BCD,0,1,1,4294967295,0,0
oInvCollPH,304,2864,001A7187,0,1,1,4294967295,0,0
oInvCollPH,304,2880,00266CAA,0,1,1,4294967295,0,0
oInvCollPH,304,2896,002C8CFE,0,1,1,4294967295,0,0
oInvCollPH,304,2912,00081EE8,0,1,1,4294967295,0,0
oInvCollPH,304,2928,0001A7BD,0,1,1,4294967295,0,0
oInvCollPH,304,2944,000BF011,0,1,1,4294967295,0,0
oInvCollPH,304,2960,00227CD5,0,1,1,4294967295,0,0
oInvCollPH,304,2976,001EBF3E,0,1,1,4294967295,0,0
oInvCollPH,304,2992,0022BF22,0,1,1,4294967295,0,0
oInvCollPH,192,1792,003C5D72,0,1,1,4294967295,0,0
oInvCollPH,208,1792,000E9214,0,1,1,4294967295,0,0
oInvCollPH,224,1792,002B87D9,0,1,1,4294967295,0,0
oInvCollPH,240,1792,003C145D,0,1,1,4294967295,0,0
oInvCollPH,240,1808,000D1FD7,0,1,1,4294967295,0,0
oInvCollPH,240,1824,00206C3C,0,1,1,4294967295,0,0
oInvCollPH,240,1840,000E74F4,0,1,1,4294967295,0,0
oInvCollPH,240,1856,001D4D2E,0,1,1,4294967295,0,0
oInvCollPH,240,1872,002A6DA5,0,1,1,4294967295,0,0
oInvCollPH,240,1888,002E0825,0,1,1,4294967295,0,0
oInvCollPH,240,1904,001705B7,0,1,1,4294967295,0,0
oInvCollPH,240,1920,00240E7E,0,1,1,4294967295,0,0
oInvCollPH,240,1936,002D6E91,0,1,1,4294967295,0,0
oInvCollPH,240,1952,000C55CC,0,1,1,4294967295,0,0
oInvCollPH,240,1968,0008220F,0,1,1,4294967295,0,0
oInvCollPH,240,1984,000FA875,0,1,1,4294967295,0,0
oInvCollPH,240,2000,0032E829,0,1,1,4294967295,0,0
oInvCollPH,240,2016,00144FBE,0,1,1,4294967295,0,0
oInvCollPH,240,2032,003BEF21,0,1,1,4294967295,0,0
oInvCollPH,240,2048,002B2DE7,0,1,1,4294967295,0,0
oInvCollPH,240,2064,001254C3,0,1,1,4294967295,0,0
oInvCollPH,240,2080,0015A1B9,0,1,1,4294967295,0,0
oInvCollPH,240,2096,00315123,0,1,1,4294967295,0,0
oInvCollPH,224,2096,0013B16B,0,1,1,4294967295,0,0
oInvCollPH,208,2096,0030D5BE,0,1,1,4294967295,0,0
oInvCollPH,192,2096,000D97AD,0,1,1,4294967295,0,0
oInvCollPH,176,2096,00286652,0,1,1,4294967295,0,0
oInvCollPH,160,2096,003B6011,0,1,1,4294967295,0,0
oInvCollPH,144,2096,0032D59E,0,1,1,4294967295,0,0
oInvCollPH,128,2096,000267C9,0,1,1,4294967295,0,0
oInvCollPH,112,2096,0036BF0D,0,1,1,4294967295,0,0
oInvCollPH,96,2096,000DA9B6,0,1,1,4294967295,0,0
oInvCollPH,80,2096,00287E21,0,1,1,4294967295,0,0
oInvCollPH,64,2096,00372F7A,0,1,1,4294967295,0,0
oInvCollPH,48,2112,0015F5AE,0,1,1,4294967295,0,0
oInvCollPH,48,2128,0039F88B,0,1,1,4294967295,0,0
oInvCollPH,48,2144,003C4682,0,1,1,4294967295,0,0
oInvCollPH,48,2160,00170B59,0,1,1,4294967295,0,0
oInvCollPH,48,2176,001B16A3,0,1,1,4294967295,0,0
oInvCollPH,48,2192,00227FA8,0,1,1,4294967295,0,0
oInvCollPH,48,2208,001987C0,0,1,1,4294967295,0,0
oInvCollPH,48,2224,0031A8BA,0,1,1,4294967295,0,0
oInvCollPH,48,2240,0021E35F,0,1,1,4294967295,0,0
oInvCollPH,48,2256,00206874,0,1,1,4294967295,0,0
oInvCollPH,48,2272,002EFE22,0,1,1,4294967295,0,0
oInvCollPH,48,2288,001C7B55,0,1,1,4294967295,0,0
oInvCollPH,48,2304,001EBCE6,0,1,1,4294967295,0,0
oInvCollPH,48,2320,000DC678,0,1,1,4294967295,0,0
oInvCollPH,48,2336,00385E9E,0,1,1,4294967295,0,0
oInvCollPH,48,2352,000FC380,0,1,1,4294967295,0,0
oInvCollPH,48,2368,000A1CFC,0,1,1,4294967295,0,0
oInvCollPH,48,2384,003C9DA3,0,1,1,4294967295,0,0
oInvCollPH,48,2400,003A2E66,0,1,1,4294967295,0,0
oInvCollPH,48,2416,002EAD9C,0,1,1,4294967295,0,0
oInvCollPH,48,2432,0020A43A,0,1,1,4294967295,0,0
oInvCollPH,48,2448,0026909F,0,1,1,4294967295,0,0
oInvCollPH,48,2464,004013E0,0,1,1,4294967295,0,0
oInvCollPH,48,2480,002DA4D5,0,1,1,4294967295,0,0
oInvCollPH,48,2496,0011767F,0,1,1,4294967295,0,0
oInvCollPH,48,2512,00043CCE,0,1,1,4294967295,0,0
oInvCollPH,48,2528,0010F648,0,1,1,4294967295,0,0
oInvCollPH,48,2544,000741D0,0,1,1,4294967295,0,0
oInvCollPH,48,2560,000A3291,0,1,1,4294967295,0,0
oInvCollPH,48,2576,001840D6,0,1,1,4294967295,0,0
oInvCollPH,48,2592,0024CFCC,0,1,1,4294967295,0,0
oInvCollPH,80,2608,00093C97,0,1,1,4294967295,0,0
oInvCollPH,48,2624,000B792D,0,1,1,4294967295,0,0
oInvCollPH,48,2640,0028317B,0,1,1,4294967295,0,0
oInvCollPH,48,2656,001627D1,0,1,1,4294967295,0,0
oInvCollPH,48,2672,000E7CEF,0,1,1,4294967295,0,0
oInvCollPH,48,2688,00255DD6,0,1,1,4294967295,0,0
oInvCollPH,48,2704,00028F36,0,1,1,4294967295,0,0
oInvCollPH,48,2720,002431F5,0,1,1,4294967295,0,0
oInvCollPH,48,2736,00311BE1,0,1,1,4294967295,0,0
oInvCollPH,48,2752,00062852,0,1,1,4294967295,0,0
oInvCollPH,48,2768,002AB076,0,1,1,4294967295,0,0
oInvCollPH,48,2784,002ACA05,0,1,1,4294967295,0,0
oInvCollPH,48,2800,0032D483,0,1,1,4294967295,0,0
oInvCollPH,144,2688,00360F2D,0,1,1,4294967295,0,0
oInvCollPH,160,2688,002A3667,0,1,1,4294967295,0,0
oInvCollPH,176,2688,0000B7F4,0,1,1,4294967295,0,0
oInvCollPH,96,2608,002BBB48,0,1,1,4294967295,0,0
oInvCollPH,112,2608,00161D14,0,1,1,4294967295,0,0
oInvisibleSolid,0,208,002B47CA,0,1,1,4294967295,0,1
oInvisibleSolid,256,384,002EE730,0,1,1,4294967295,0,1
oInvisibleSolid,448,448,0005C13C,0,1,1,4294967295,0,1
oInvisibleSolid,0,0,002B327B,0,1,1,4294967295,0,1
oInvisibleSolid,128,0,002DEDFA,0,1,1,4294967295,0,1
oInvisibleSolid,384,0,0039B865,0,1,1,4294967295,0,1
oInvisibleSolid,640,0,002192E6,0,1,1,4294967295,0,1
oInvisibleSolid,0,448,002C9DE2,0,1,1,4294967295,0,1
oInvisibleSolid,192,576,00280788,0,1,1,4294967295,0,1
oInvisibleSolid,256,768,003DD8EA,0,1,1,4294967295,0,1
oInvisibleSolid,320,832,00085A87,0,1,1,4294967295,0,1
oInvisibleSolid,512,832,00216D09,0,1,1,4294967295,0,1
oInvisibleSolid,576,1088,001DC28E,0,1,1,4294967295,0,1
oInvisibleSolid,640,1280,00253B51,0,1,1,4294967295,0,1
oInvisibleSolid,288,1168,0026F55F,0,1,1,4294967295,0,1
oInvisibleSolid,480,1168,001A81F9,0,1,1,4294967295,0,1
oInvisibleSolid,0,1088,001179AA,0,1,1,4294967295,0,1
oInvisibleSolid,128,1216,00133B05,0,1,1,4294967295,0,1
oInvisibleSolid,192,1408,00125BF6,0,1,1,4294967295,0,1
oInvisibleSolid,448,1408,002E412D,0,1,1,4294967295,0,1
oInvisibleSolid,512,1472,003A700C,0,1,1,4294967295,0,1
oInvisibleSolid,384,1600,0030DD90,0,1,1,4294967295,0,1
oInvisibleSolid,0,1664,00283AFE,0,1,1,4294967295,0,1
oInvisibleSolid,0,1792,004004FD,0,1,1,4294967295,0,1
oInvisibleSolid,0,2112,001473B0,0,1,1,4294967295,0,1
oInvisibleSolid,256,2304,003D0B2E,0,1,1,4294967295,0,1
oInvisibleSolid,128,2688,00313A0C,0,1,1,4294967295,0,1
oInvisibleSolid,448,2624,000B3C89,0,1,1,4294967295,0,1
oInvisibleSolid,576,2624,00122BB2,0,1,1,4294967295,0,1
oInvisibleSolid,256,2560,001FF7ED,0,1,1,4294967295,0,1
oInvisibleSolid,256,2752,004046CB,0,1,1,4294967295,0,1
oInvisibleSolid,0,2816,000BA8F3,0,1,1,4294967295,0,1
oInvisibleSolid,320,3008,00102C92,0,1,1,4294967295,0,1
oInvisibleSolid,640,2112,0039BD2A,0,1,1,4294967295,0,1
oInvisibleSolid,576,1856,001AC857,0,1,1,4294967295,0,1
oTimeSwBarrier,384,1472,002E936B,0,1,1,4294967295,0,1
oTimeSwBarrier,512,2688,0022B5CF,0,1,1,4294967295,0,1
oInvisibleSolid,64,2608,000938FD,0,1,1,4294967295,0,1
