oWarpStatue,288,368,001EF4B4,0,1,1,4294967295,0,1
oExit,624,96,00331826,0,1,1,4294967295,0,1
oExit,0,160,002D65DA,0,1,1,4294967295,0,1
oExit,0,848,002463BB,0,1,1,4294967295,0,1
oEventBarrier,496,448,00218E68,0,1,1,4294967295,0,1
oAPBoost,560,432,0022F848,0,1,1,4294967295,0,1
oReachRing,192,336,003A9FBB,0,1,1,4294967295,0,0
oReachRing,96,368,00219B00,0,1,1,4294967295,0,0
oReachRing,80,464,00057099,0,1,1,4294967295,0,0
oReachRing,112,528,003D218F,0,1,1,4294967295,0,0
oReachRing,192,560,001A3DE7,0,1,1,4294967295,0,0
oReachRing,272,608,003144E3,0,1,1,4294967295,0,0
oReachRing,256,688,001971EB,0,1,1,4294967295,0,0
oReachRing,208,752,0017F3BF,0,1,1,4294967295,0,0
oReachRing,176,816,0036AEF0,0,1,1,4294967295,0,0
oReachRing,272,768,002C08DD,0,1,1,4294967295,0,0
oReachRing,368,768,000DAF65,0,1,1,4294967295,0,0
oReachRing,416,720,0009B48F,0,1,1,4294967295,0,0
oReachRing,464,800,0002C73C,0,1,1,4294967295,0,0
oReachRing,416,816,0025197D,0,1,1,4294967295,0,0
oReachRing,336,624,000B84B7,0,1,1,4294967295,0,0
oReachRing,368,560,003CB1A9,0,1,1,4294967295,0,0
oReachRing,464,528,00109F9A,0,1,1,4294967295,0,0
oReachRing,384,480,000696C5,0,1,1,4294967295,0,0
oReachRing,416,416,0003C5F8,0,1,1,4294967295,0,0
oReachRing,512,368,002A617E,0,1,1,4294967295,0,0
oReachRing,352,688,002C61D3,0,1,1,4294967295,0,0
oLargeJumper,228,344,0038F531,0,1,1,4294967295,0,0
oLargeJumper,52,536,003438DF,0,1,1,4294967295,0,0
oLargeJumper,308,760,000B5341,0,1,1,4294967295,0,0
oPlayer1,592,128,00377867,0,1,1,4294967295,0,0
oInvCollPH,96,96,003B500B,0,1,1,4294967295,0,0
oInvCollPH,96,112,00022401,0,1,1,4294967295,0,0
oInvCollPH,112,112,00138CA5,0,1,1,4294967295,0,0
oInvCollPH,128,112,00331B1B,0,1,1,4294967295,0,0
oInvCollPH,144,112,003B1614,0,1,1,4294967295,0,0
oInvCollPH,144,96,000437DE,0,1,1,4294967295,0,0
oInvCollPH,144,80,002461B4,0,1,1,4294967295,0,0
oInvCollPH,160,208,00118034,0,1,1,4294967295,0,0
oInvCollPH,176,208,00155BDB,0,1,1,4294967295,0,0
oInvCollPH,192,208,00016EE4,0,1,1,4294967295,0,0
oInvCollPH,192,192,0035C208,0,1,1,4294967295,0,0
oInvCollPH,176,192,00030E07,0,1,1,4294967295,0,0
oInvCollPH,576,416,002AE020,0,1,1,4294967295,0,0
oInvCollPH,576,432,0007B44B,0,1,1,4294967295,0,0
oInvCollPH,240,432,00069ABD,0,1,1,4294967295,0,0
oInvCollPH,256,432,00249009,0,1,1,4294967295,0,0
oInvCollPH,272,432,002CE46F,0,1,1,4294967295,0,0
oInvCollPH,64,560,00335D95,0,1,1,4294967295,0,0
oInvCollPH,80,560,00064CDA,0,1,1,4294967295,0,0
oInvCollPH,96,560,001EAB26,0,1,1,4294967295,0,0
oInvCollPH,96,576,00256FAA,0,1,1,4294967295,0,0
oInvCollPH,416,16,00162645,0,1,1,4294967295,0,0
oInvCollPH,432,16,00214F11,0,1,1,4294967295,0,0
oInvCollPH,448,16,0017B485,0,1,1,4294967295,0,0
oInvCollPH,464,16,00288829,0,1,1,4294967295,0,0
oInvCollPH,480,16,003967F7,0,1,1,4294967295,0,0
oInvCollPH,496,16,0017EACF,0,1,1,4294967295,0,0
oInvCollPH,512,16,00288604,0,1,1,4294967295,0,0
oInvCollPH,528,16,0014CE25,0,1,1,4294967295,0,0
oInvCollPH,544,16,001E70F5,0,1,1,4294967295,0,0
oInvCollPH,560,16,0011761A,0,1,1,4294967295,0,0
oInvCollPH,576,16,003A320B,0,1,1,4294967295,0,0
oInvCollPH,592,16,0022F2D3,0,1,1,4294967295,0,0
oInvCollPH,608,16,00269B16,0,1,1,4294967295,0,0
oInvCollPH,624,16,00029508,0,1,1,4294967295,0,0
oInvCollPH,224,32,001A604A,0,1,1,4294967295,0,0
oInvCollPH,240,32,0016E291,0,1,1,4294967295,0,0
oInvCollPH,256,32,003ECEC8,0,1,1,4294967295,0,0
oInvCollPH,272,32,0038FEEC,0,1,1,4294967295,0,0
oInvCollPH,288,32,001A6ABB,0,1,1,4294967295,0,0
oInvCollPH,304,32,003C7A48,0,1,1,4294967295,0,0
oInvCollPH,320,32,002123A2,0,1,1,4294967295,0,0
oInvCollPH,336,32,000B9EED,0,1,1,4294967295,0,0
oInvCollPH,352,32,0022D9C8,0,1,1,4294967295,0,0
oInvCollPH,368,32,000A195B,0,1,1,4294967295,0,0
oInvCollPH,0,64,002BDB1B,0,1,1,4294967295,0,0
oInvCollPH,16,64,00376D90,0,1,1,4294967295,0,0
oInvCollPH,32,64,0012E1BE,0,1,1,4294967295,0,0
oInvCollPH,48,64,000A228E,0,1,1,4294967295,0,0
oInvCollPH,64,64,0020D617,0,1,1,4294967295,0,0
oInvCollPH,80,64,000C9190,0,1,1,4294967295,0,0
oInvCollPH,16,192,000E1C86,0,1,1,4294967295,0,0
oInvCollPH,32,192,002805F1,0,1,1,4294967295,0,0
oInvCollPH,48,192,002D661C,0,1,1,4294967295,0,0
oInvCollPH,64,192,003EDA5C,0,1,1,4294967295,0,0
oInvCollPH,80,192,001ACFA1,0,1,1,4294967295,0,0
oInvCollPH,96,192,00163191,0,1,1,4294967295,0,0
oInvCollPH,112,192,0020E7B6,0,1,1,4294967295,0,0
oInvCollPH,128,192,00241419,0,1,1,4294967295,0,0
oInvCollPH,144,192,0004CEB3,0,1,1,4294967295,0,0
oInvCollPH,144,224,0009F1FE,0,1,1,4294967295,0,0
oInvCollPH,144,240,0010C462,0,1,1,4294967295,0,0
oInvCollPH,128,240,001323B8,0,1,1,4294967295,0,0
oInvCollPH,112,240,00088D49,0,1,1,4294967295,0,0
oInvCollPH,96,240,001A5DA7,0,1,1,4294967295,0,0
oInvCollPH,80,240,00326318,0,1,1,4294967295,0,0
oInvCollPH,64,240,001113EE,0,1,1,4294967295,0,0
oInvCollPH,48,240,0016EFFD,0,1,1,4294967295,0,0
oInvCollPH,160,864,00236392,0,1,1,4294967295,0,0
oInvCollPH,176,848,000625C1,0,1,1,4294967295,0,0
oInvCollPH,192,848,0018FC69,0,1,1,4294967295,0,0
oInvCollPH,208,848,00178955,0,1,1,4294967295,0,0
oInvCollPH,208,864,001BEA67,0,1,1,4294967295,0,0
oInvCollPH,416,864,0001FFF3,0,1,1,4294967295,0,0
oInvCollPH,432,848,00139F76,0,1,1,4294967295,0,0
oInvCollPH,448,848,001B150C,0,1,1,4294967295,0,0
oInvCollPH,464,848,001D27A3,0,1,1,4294967295,0,0
oInvCollPH,464,864,00307847,0,1,1,4294967295,0,0
oInvCollPH,592,672,00267929,0,1,1,4294967295,0,0
oInvCollPH,592,688,0000A5CD,0,1,1,4294967295,0,0
oInvCollPH,592,704,002A3FB6,0,1,1,4294967295,0,0
oInvCollPH,592,720,0013E340,0,1,1,4294967295,0,0
oInvCollPH,592,736,000FCF8B,0,1,1,4294967295,0,0
oInvCollPH,592,752,002248B9,0,1,1,4294967295,0,0
oInvCollPH,576,768,00179981,0,1,1,4294967295,0,0
oInvCollPH,560,768,00293DBD,0,1,1,4294967295,0,0
oInvCollPH,288,800,00199881,0,1,1,4294967295,0,0
oInvCollPH,288,816,0001617C,0,1,1,4294967295,0,0
oInvCollPH,288,832,00303D57,0,1,1,4294967295,0,0
oInvCollPH,288,848,00366383,0,1,1,4294967295,0,0
oInvCollPH,288,864,000ED50B,0,1,1,4294967295,0,0
oInvCollPH,304,784,003A4991,0,1,1,4294967295,0,0
oInvCollPH,320,784,0032877D,0,1,1,4294967295,0,0
oInvCollPH,336,784,00213476,0,1,1,4294967295,0,0
oInvCollPH,336,800,0011F612,0,1,1,4294967295,0,0
oInvCollPH,336,816,00065FD6,0,1,1,4294967295,0,0
oInvCollPH,336,832,002FB394,0,1,1,4294967295,0,0
oInvCollPH,336,848,0020E879,0,1,1,4294967295,0,0
oInvCollPH,336,864,0023E858,0,1,1,4294967295,0,0
oInvCollPH,80,656,0008A467,0,1,1,4294967295,0,0
oInvCollPH,80,672,0030845B,0,1,1,4294967295,0,0
oInvCollPH,80,688,003D63F0,0,1,1,4294967295,0,0
oInvCollPH,80,704,002AA82B,0,1,1,4294967295,0,0
oInvCollPH,80,720,00040DBE,0,1,1,4294967295,0,0
oInvCollPH,80,800,000C9D86,0,1,1,4294967295,0,0
oInvCollPH,64,800,0003961A,0,1,1,4294967295,0,0
oInvCollPH,48,800,00090EE5,0,1,1,4294967295,0,0
oInvCollPH,32,800,0036BE81,0,1,1,4294967295,0,0
oInvCollPH,16,800,0034BB95,0,1,1,4294967295,0,0
oInvCollPH,0,800,003C34B2,0,1,1,4294967295,0,0
oInvCollPH,80,736,0007A6DD,0,1,1,4294967295,0,0
oInvCollPH,80,752,001E80A3,0,1,1,4294967295,0,0
oInvCollPH,80,768,003A571B,0,1,1,4294967295,0,0
oInvCollPH,80,784,003315FD,0,1,1,4294967295,0,0
oInvCollPH,544,800,0013C33E,0,1,1,4294967295,0,0
oInvCollPH,544,784,0036615C,0,1,1,4294967295,0,0
oInvCollPH,544,816,00277B33,0,1,1,4294967295,0,0
oInvCollPH,544,832,0005761A,0,1,1,4294967295,0,0
oInvCollPH,544,848,00110E8A,0,1,1,4294967295,0,0
oInvCollPH,544,864,0038DE8A,0,1,1,4294967295,0,0
oInvCollPH,16,880,00216AA0,0,1,1,4294967295,0,0
oInvCollPH,32,880,003073C8,0,1,1,4294967295,0,0
oInvCollPH,48,880,00130EE5,0,1,1,4294967295,0,0
oInvCollPH,64,880,0022896E,0,1,1,4294967295,0,0
oInvCollPH,80,880,003C0D2A,0,1,1,4294967295,0,0
oInvCollPH,96,880,003B0106,0,1,1,4294967295,0,0
oInvCollPH,112,880,001051B4,0,1,1,4294967295,0,0
oInvCollPH,128,880,001883FC,0,1,1,4294967295,0,0
oInvCollPH,144,880,003BC64D,0,1,1,4294967295,0,0
oInvCollPH,224,880,002E15BB,0,1,1,4294967295,0,0
oInvCollPH,240,880,001EA8A9,0,1,1,4294967295,0,0
oInvCollPH,256,880,0020F937,0,1,1,4294967295,0,0
oInvCollPH,272,880,002BBD97,0,1,1,4294967295,0,0
oInvCollPH,352,880,002FDC8D,0,1,1,4294967295,0,0
oInvCollPH,368,880,003981BB,0,1,1,4294967295,0,0
oInvCollPH,384,880,0021C055,0,1,1,4294967295,0,0
oInvCollPH,400,880,003FBC2F,0,1,1,4294967295,0,0
oInvCollPH,480,880,002DC0E9,0,1,1,4294967295,0,0
oInvCollPH,496,880,0025AF55,0,1,1,4294967295,0,0
oInvCollPH,512,880,000F795C,0,1,1,4294967295,0,0
oInvCollPH,528,880,00308491,0,1,1,4294967295,0,0
oInvCollPH,112,592,003C6F86,0,1,1,4294967295,0,0
oInvCollPH,128,592,000E7A15,0,1,1,4294967295,0,0
oInvCollPH,144,592,000699BC,0,1,1,4294967295,0,0
oInvCollPH,192,592,001427D7,0,1,1,4294967295,0,0
oInvCollPH,208,592,0022FF6A,0,1,1,4294967295,0,0
oInvCollPH,224,592,000814E9,0,1,1,4294967295,0,0
oInvCollPH,160,592,0034D6CE,0,1,1,4294967295,0,0
oInvCollPH,176,592,000AB0DF,0,1,1,4294967295,0,0
oInvCollPH,240,608,00269DB5,0,1,1,4294967295,0,0
oInvCollPH,240,624,000B89BA,0,1,1,4294967295,0,0
oInvCollPH,224,640,0024693C,0,1,1,4294967295,0,0
oInvCollPH,208,640,00215014,0,1,1,4294967295,0,0
oInvCollPH,192,640,0017A210,0,1,1,4294967295,0,0
oInvCollPH,176,640,00160294,0,1,1,4294967295,0,0
oInvCollPH,160,640,001F0866,0,1,1,4294967295,0,0
oInvCollPH,144,640,003A665D,0,1,1,4294967295,0,0
oInvCollPH,128,640,00375B69,0,1,1,4294967295,0,0
oInvCollPH,112,640,00010520,0,1,1,4294967295,0,0
oInvCollPH,96,640,0016CD8C,0,1,1,4294967295,0,0
oInvCollPH,352,608,000AE7C4,0,1,1,4294967295,0,0
oInvCollPH,352,624,00242F8F,0,1,1,4294967295,0,0
oInvCollPH,352,640,003D4855,0,1,1,4294967295,0,0
oInvCollPH,368,640,001B7489,0,1,1,4294967295,0,0
oInvCollPH,384,640,002A8D09,0,1,1,4294967295,0,0
oInvCollPH,400,640,002D70AE,0,1,1,4294967295,0,0
oInvCollPH,416,640,000F3794,0,1,1,4294967295,0,0
oInvCollPH,432,640,001AE40C,0,1,1,4294967295,0,0
oInvCollPH,448,640,0011A12E,0,1,1,4294967295,0,0
oInvCollPH,464,640,003E5F6B,0,1,1,4294967295,0,0
oInvCollPH,480,640,000ACAC4,0,1,1,4294967295,0,0
oInvCollPH,496,640,000ABAF0,0,1,1,4294967295,0,0
oInvCollPH,528,640,00262621,0,1,1,4294967295,0,0
oInvCollPH,544,640,00009844,0,1,1,4294967295,0,0
oInvCollPH,560,640,0018B41C,0,1,1,4294967295,0,0
oInvCollPH,576,640,0019760E,0,1,1,4294967295,0,0
oInvCollPH,512,640,002AC06F,0,1,1,4294967295,0,0
oInvCollPH,176,368,003CF41E,0,1,1,4294967295,0,0
oInvCollPH,192,368,002FE201,0,1,1,4294967295,0,0
oInvCollPH,208,368,00154465,0,1,1,4294967295,0,0
oInvCollPH,224,368,00010AFE,0,1,1,4294967295,0,0
oInvCollPH,240,368,000BCC97,0,1,1,4294967295,0,0
oInvCollPH,256,368,00325AD8,0,1,1,4294967295,0,0
oInvCollPH,272,368,0009C60C,0,1,1,4294967295,0,0
oInvCollPH,288,368,0037804F,0,1,1,4294967295,0,0
oInvCollPH,304,368,00070356,0,1,1,4294967295,0,0
oInvCollPH,320,368,0031DC8E,0,1,1,4294967295,0,0
oInvCollPH,336,368,00218927,0,1,1,4294967295,0,0
oInvCollPH,32,256,002B806F,0,1,1,4294967295,0,0
oInvCollPH,32,272,00282841,0,1,1,4294967295,0,0
oInvCollPH,32,288,002AAF57,0,1,1,4294967295,0,0
oInvCollPH,32,304,00219205,0,1,1,4294967295,0,0
oInvCollPH,32,320,002274E1,0,1,1,4294967295,0,0
oInvCollPH,32,336,00315B28,0,1,1,4294967295,0,0
oInvCollPH,32,352,002F56B5,0,1,1,4294967295,0,0
oInvCollPH,32,368,0036EFB5,0,1,1,4294967295,0,0
oInvCollPH,32,384,000D3164,0,1,1,4294967295,0,0
oInvCollPH,32,400,003B8E45,0,1,1,4294967295,0,0
oInvCollPH,32,544,001E87B3,0,1,1,4294967295,0,0
oInvCollPH,32,528,002BD740,0,1,1,4294967295,0,0
oInvCollPH,32,512,000400E3,0,1,1,4294967295,0,0
oInvCollPH,32,496,0002AE6D,0,1,1,4294967295,0,0
oInvCollPH,32,480,001666DD,0,1,1,4294967295,0,0
oInvCollPH,32,464,0011A6AD,0,1,1,4294967295,0,0
oInvCollPH,32,448,0035B8F1,0,1,1,4294967295,0,0
oInvCollPH,32,432,001961E1,0,1,1,4294967295,0,0
oInvCollPH,32,416,002D66BC,0,1,1,4294967295,0,0
oInvCollPH,376,384,0035EFFC,0,1,1,4294967295,0,0
oInvCollPH,368,192,002765D5,0,1,1,4294967295,0,0
oInvCollPH,384,192,001C40C6,0,1,1,4294967295,0,0
oInvCollPH,400,192,0029F62B,0,1,1,4294967295,0,0
oInvCollPH,416,192,00356BBE,0,1,1,4294967295,0,0
oInvCollPH,432,192,0005A9CE,0,1,1,4294967295,0,0
oInvCollPH,432,256,001EEF58,0,1,1,4294967295,0,0
oInvCollPH,448,256,0028C8CC,0,1,1,4294967295,0,0
oInvCollPH,464,256,00272801,0,1,1,4294967295,0,0
oInvCollPH,368,592,001649CD,0,1,1,4294967295,0,0
oInvCollPH,384,592,003E8CDD,0,1,1,4294967295,0,0
oInvCollPH,400,592,00080E8A,0,1,1,4294967295,0,0
oInvCollPH,416,592,0015CBD2,0,1,1,4294967295,0,0
oInvCollPH,240,592,00354FF4,0,1,1,4294967295,0,0
oInvCollPH,240,640,00209FA4,0,1,1,4294967295,0,0
oInvCollPH,592,128,001BF96A,0,1,1,4294967295,0,0
oInvCollPH,608,128,0001ACAE,0,1,1,4294967295,0,0
oInvCollPH,624,128,00155699,0,1,1,4294967295,0,0
oInvCollPH,512,512,00346631,0,1,1,4294967295,0,0
oInvCollPH,528,512,000E9DEB,0,1,1,4294967295,0,0
oInvCollPH,496,528,002A4F9C,0,1,1,4294967295,0,0
oInvCollPH,496,544,0036FF38,0,1,1,4294967295,0,0
oInvCollPH,544,400,0012128D,0,1,1,4294967295,0,0
oInvCollPH,560,400,003E305C,0,1,1,4294967295,0,0
oInvCollPH,512,400,0010F724,0,1,1,4294967295,0,0
oInvCollPH,512,416,002BEA27,0,1,1,4294967295,0,0
oInvCollPH,512,432,0031F00C,0,1,1,4294967295,0,0
oInvCollPH,496,432,0002FB8C,0,1,1,4294967295,0,0
oInvCollPH,496,416,002E22DD,0,1,1,4294967295,0,0
oInvCollPH,416,448,0022751C,0,1,1,4294967295,0,0
oInvCollPH,400,512,0019C459,0,1,1,4294967295,0,0
oInvCollPH,416,512,000AB31A,0,1,1,4294967295,0,0
oInvCollPH,432,512,00152F22,0,1,1,4294967295,0,0
oInvisibleRupLowSlope,128,368,002D6C9D,0,1,1,4294967295,0,0
oInvisibleRupLowSlope,320,192,000523B0,0,1,1,4294967295,0,0
oInvisibleRupLowSlope,448,176,00023F51,0,1,1,4294967295,0,0
oInvisibleRupLowSlope,480,160,0030472C,0,1,1,4294967295,0,0
oInvisibleRupLowSlope,512,144,003206E8,0,1,1,4294967295,0,0
oInvisibleRupLowSlope,544,128,0006C38A,0,1,1,4294967295,0,0
oInvisibleRupLowSlope,432,576,002EFC94,0,1,1,4294967295,0,0
oInvisibleRupLowSlope,464,560,000FD5AD,0,1,1,4294967295,0,0
oInvisibleLupLowSlope,352,368,000AA9BD,0,1,1,4294967295,0,0
oInvisibleLUpSteepSlope,544,480,0026D4A9,0,1,1,4294967295,0,0
oInvisibleLUpSteepSlope,560,448,002818BC,0,1,1,4294967295,0,0
oInvisibleLCeilingLowSlope,160,64,003DE56E,0,1,1,4294967295,0,0
oInvisibleLCeilingLowSlope,192,48,002415E2,0,1,1,4294967295,0,0
oInvisibleLCeilingLowSlope,384,32,003462EC,0,1,1,4294967295,0,0
oInvisibleRCeilingLowSlope,320,224,0018290A,0,1,1,4294967295,0,0
oInvisibleRCeilingLowSlope,352,240,003535EC,0,1,1,4294967295,0,0
oInvisibleRCeilingLowSlope,384,256,001F7297,0,1,1,4294967295,0,0
oInvisibleRCeilingLowSlope,480,272,00385BAD,0,1,1,4294967295,0,0
oInvisibleRCeilingLowSlope,512,288,0034F562,0,1,1,4294967295,0,0
oInvisibleLCeilingSteepSlope,544,304,003988EC,0,1,1,4294967295,0,0
oInvisibleLCeilingSteepSlope,560,336,0027E826,0,1,1,4294967295,0,0
oInvisibleLCeilingSteepSlope,576,368,0033DD72,0,1,1,4294967295,0,0
oInvisibleSolid,384,0,0014359F,0,1,1,4294967295,0,1
oInvisibleSolid,192,0,003CC2A1,0,1,1,4294967295,0,1
oInvisibleSolid,160,0,00366E60,0,1,1,4294967295,0,1
oInvisibleSolid,0,0,00301CD6,0,1,1,4294967295,0,1
oInvisibleSolid,96,80,003122E1,0,1,1,4294967295,0,1
oInvisibleSolid,160,192,00146E30,0,1,1,4294967295,0,1
oInvisibleSolid,0,192,0018EDE5,0,1,1,4294967295,0,1
oInvisibleSolid,0,256,000B023C,0,1,1,4294967295,0,1
oInvisibleSolid,48,560,00068CA2,0,1,1,4294967295,0,1
oInvisibleSolid,0,592,00136812,0,1,1,4294967295,0,1
oInvisibleSolid,352,592,002C0A50,0,1,1,4294967295,0,1
oInvisibleSolid,0,656,0000AA24,0,1,1,4294967295,0,1
oInvisibleSolid,0,880,0019A2BC,0,1,1,4294967295,0,1
oInvisibleSolid,160,848,003F8B6D,0,1,1,4294967295,0,1
oInvisibleSolid,288,784,0026951E,0,1,1,4294967295,0,1
oInvisibleSolid,416,848,0016B65D,0,1,1,4294967295,0,1
oInvisibleSolid,544,768,002FC976,0,1,1,4294967295,0,1
oInvisibleSolid,592,656,0034B0BE,0,1,1,4294967295,0,1
oInvisibleSolid,592,368,00063097,0,1,1,4294967295,0,1
oInvisibleSolid,576,400,00225BC4,0,1,1,4294967295,0,1
oInvisibleSolid,560,480,00098D01,0,1,1,4294967295,0,1
oInvisibleSolid,464,576,00146833,0,1,1,4294967295,0,1
oInvisibleSolid,576,336,0034E4B6,0,1,1,4294967295,0,1
oInvisibleSolid,560,288,002FECBE,0,1,1,4294967295,0,1
oInvisibleSolid,544,288,0002C70D,0,1,1,4294967295,0,0
oInvisibleSolid,512,272,002ED77D,0,1,1,4294967295,0,1
oInvisibleSolid,416,256,0011B77F,0,1,1,4294967295,0,1
oInvisibleSolid,384,240,002193BD,0,1,1,4294967295,0,1
oInvisibleSolid,352,192,000939D6,0,1,1,4294967295,0,1
oInvisibleSolid,312,208,0024910D,0,1,1,4294967295,0,1
oInvisibleSolid,480,176,001D2497,0,1,1,4294967295,0,1
oInvisibleSolid,512,160,002E179F,0,1,1,4294967295,0,1
oInvisibleSolid,544,144,003047DE,0,1,1,4294967295,0,1
oInvisibleSolid,576,128,0013426C,0,1,1,4294967295,0,1
oInvisibleSolid,120,384,000BD220,0,1,1,4294967295,0,1
oInvisibleRCeilingLowSlope,128,400,00346253,0,1,1,4294967295,0,0
oInvisibleRCeilingLowSlope,160,416,0031C91A,0,1,1,4294967295,0,0
oInvisibleRCeilingLowSlope,192,432,0022C009,0,1,1,4294967295,0,0
oInvisibleLCeilingLowSlope,352,400,002D56D3,0,1,1,4294967295,0,0
oInvisibleLCeilingLowSlope,320,416,00016245,0,1,1,4294967295,0,0
oInvisibleLCeilingLowSlope,288,432,00016978,0,1,1,4294967295,0,0
oInvisibleSolid,224,432,00111A54,0,1,1,4294967295,0,1
oInvisibleSolid,192,416,0023E956,0,1,1,4294967295,0,1
oInvisibleSolid,160,368,0013FFF3,0,1,1,4294967295,0,1
oInvisibleSolid,528,400,001AB42C,0,1,1,4294967295,0,1
oInvisibleSolid,496,400,0017D37A,0,1,1,4294967295,0,1
oInvisibleSolid,400,448,000BE4AA,0,1,1,4294967295,0,1
oInvisibleSolid,384,512,0002E0B7,0,1,1,4294967295,0,1
oInvisibleSolid,400,528,0021494F,0,1,1,4294967295,0,0
oInvisibleSolid,496,512,000B6F0E,0,1,1,4294967295,0,1
oVaultFingers,0,16,00146340,0,1,1,4294967295,0,1
