oExit,480,224,0001978F,0,1,1,4294967295,0,1
oLevelDecal,160,176,001D42D7,0,1,1,4294967295,0,1
oLevelDecal,240,144,001075FE,0,1,1,4294967295,0,1
oLevelDecal,288,144,003C326A,0,1,1,4294967295,0,1
oLevelDecal,368,176,00088D8F,0,1,1,4294967295,0,1
oLevelDecal,224,240,001A61C0,0,1,1,4294967295,0,1
oLevelDecal,304,240,00082DF8,0,1,1,4294967295,0,1
oExit,56,160,0039D6E2,0,1,1,4294967295,0,1
oHealingPost,96,256,00298B15,0,1,1,4294967295,0,0
oSmallGlow,160,176,00309051,0,1,1,4294967295,0,1
oSmallGlow,240,144,000E951B,0,1,1,4294967295,0,1
oSmallGlow,288,144,002AD46D,0,1,1,4294967295,0,1
oSmallGlow,368,176,0033F597,0,1,1,4294967295,0,1
oSmallGlow,224,240,0009A4C9,0,1,1,4294967295,0,1
oSmallGlow,304,240,0033A8F0,0,1,1,4294967295,0,1
oHeartPiece,448,240,003F4730,0,1,1,4294967295,0,1
oPlayer1,48,256,003296C6,0,1,1,4294967295,0,0
oInvCollPH,256,288,0009CF3F,0,1,1,4294967295,0,0
oInvCollPH,272,288,002ECA7F,0,1,1,4294967295,0,0
oInvCollPH,256,48,000F6AD5,0,1,1,4294967295,0,0
oInvCollPH,272,48,002E402C,0,1,1,4294967295,0,0
oInvCollPH,16,192,002C0C3B,0,1,1,4294967295,0,0
oInvCollPH,16,208,001C059F,0,1,1,4294967295,0,0
oInvCollPH,16,224,001E923B,0,1,1,4294967295,0,0
oInvCollPH,16,240,002F40F8,0,1,1,4294967295,0,0
oInvCollPH,512,208,002F8A62,0,1,1,4294967295,0,0
oInvCollPH,512,224,0003251A,0,1,1,4294967295,0,0
oInvCollPH,512,240,0028FBB0,0,1,1,4294967295,0,0
oInvCollPH,32,256,001B6090,0,1,1,4294967295,0,0
oInvCollPH,48,256,0002E59C,0,1,1,4294967295,0,0
oInvCollPH,64,256,0003945C,0,1,1,4294967295,0,0
oInvCollPH,80,256,000175BE,0,1,1,4294967295,0,0
oInvCollPH,96,256,000425CC,0,1,1,4294967295,0,0
oInvCollPH,112,256,003D1714,0,1,1,4294967295,0,0
oInvCollPH,112,272,00196EA2,0,1,1,4294967295,0,0
oInvCollPH,432,256,00073B24,0,1,1,4294967295,0,0
oInvCollPH,448,256,001D007D,0,1,1,4294967295,0,0
oInvCollPH,464,256,002B832F,0,1,1,4294967295,0,0
oInvCollPH,480,256,00213E30,0,1,1,4294967295,0,0
oInvCollPH,496,256,0031E670,0,1,1,4294967295,0,0
oInvCollPH,416,272,00007232,0,1,1,4294967295,0,0
oInvCollPH,144,288,0034300F,0,1,1,4294967295,0,0
oInvCollPH,160,288,00046AF6,0,1,1,4294967295,0,0
oInvCollPH,176,288,00096912,0,1,1,4294967295,0,0
oInvCollPH,192,288,00278925,0,1,1,4294967295,0,0
oInvCollPH,240,288,000E9C81,0,1,1,4294967295,0,0
oInvCollPH,224,288,000E2DA2,0,1,1,4294967295,0,0
oInvCollPH,208,288,00021977,0,1,1,4294967295,0,0
oInvCollPH,320,288,002033BE,0,1,1,4294967295,0,0
oInvCollPH,304,288,0001B436,0,1,1,4294967295,0,0
oInvCollPH,288,288,00233CD1,0,1,1,4294967295,0,0
oInvCollPH,336,288,002FF0F0,0,1,1,4294967295,0,0
oInvCollPH,400,288,0021E0A5,0,1,1,4294967295,0,0
oInvCollPH,384,288,0038C345,0,1,1,4294967295,0,0
oInvCollPH,368,288,0025AC3B,0,1,1,4294967295,0,0
oInvCollPH,352,288,001548CE,0,1,1,4294967295,0,0
oInvCollPH,128,48,00224BA6,0,1,1,4294967295,0,0
oInvCollPH,144,48,00349C13,0,1,1,4294967295,0,0
oInvCollPH,160,48,0012C601,0,1,1,4294967295,0,0
oInvCollPH,176,48,00253F38,0,1,1,4294967295,0,0
oInvCollPH,192,48,000F00FE,0,1,1,4294967295,0,0
oInvCollPH,208,48,003C6E0E,0,1,1,4294967295,0,0
oInvCollPH,224,48,002ADE17,0,1,1,4294967295,0,0
oInvCollPH,240,48,00242AB7,0,1,1,4294967295,0,0
oInvCollPH,288,48,0004EA48,0,1,1,4294967295,0,0
oInvCollPH,304,48,002CFCC6,0,1,1,4294967295,0,0
oInvCollPH,320,48,002F30C6,0,1,1,4294967295,0,0
oInvCollPH,336,48,003E6422,0,1,1,4294967295,0,0
oInvCollPH,352,48,0007DCBA,0,1,1,4294967295,0,0
oInvCollPH,368,48,000C9FF7,0,1,1,4294967295,0,0
oInvCollPH,384,48,002F8F08,0,1,1,4294967295,0,0
oInvCollPH,400,48,00232A1D,0,1,1,4294967295,0,0
oInvCollPH,112,64,001A2261,0,1,1,4294967295,0,0
oInvCollPH,112,80,003CA5A2,0,1,1,4294967295,0,0
oInvCollPH,112,96,002BCC12,0,1,1,4294967295,0,0
oInvCollPH,112,112,000AF8AA,0,1,1,4294967295,0,0
oInvCollPH,112,128,00225C01,0,1,1,4294967295,0,0
oInvCollPH,112,144,0031DFDA,0,1,1,4294967295,0,0
oInvCollPH,112,160,0021B3E7,0,1,1,4294967295,0,0
oInvCollPH,112,176,00185AA1,0,1,1,4294967295,0,0
oInvCollPH,96,176,001F49D3,0,1,1,4294967295,0,0
oInvCollPH,16,128,002E2740,0,1,1,4294967295,0,0
oInvCollPH,16,144,001875EF,0,1,1,4294967295,0,0
oInvCollPH,16,160,0037FC97,0,1,1,4294967295,0,0
oInvCollPH,16,176,002AC902,0,1,1,4294967295,0,0
oInvCollPH,416,64,0037C367,0,1,1,4294967295,0,0
oInvCollPH,416,80,0036F73C,0,1,1,4294967295,0,0
oInvCollPH,416,96,0006BA9B,0,1,1,4294967295,0,0
oInvCollPH,416,112,00111FDE,0,1,1,4294967295,0,0
oInvCollPH,416,128,002B3C7D,0,1,1,4294967295,0,0
oInvCollPH,416,144,00056FA2,0,1,1,4294967295,0,0
oInvCollPH,416,160,0010E1E9,0,1,1,4294967295,0,0
oInvCollPH,416,176,00043258,0,1,1,4294967295,0,0
oInvCollPH,432,176,001FACFD,0,1,1,4294967295,0,0
oInvCollPH,448,176,000DD894,0,1,1,4294967295,0,0
oInvCollPH,464,176,0024E51E,0,1,1,4294967295,0,0
oInvCollPH,480,176,001C6903,0,1,1,4294967295,0,0
oInvCollPH,496,176,000976B8,0,1,1,4294967295,0,0
oInvCollPFH,176,224,002CD081,0,1,1,4294967295,0,0
oInvCollPFH,192,224,00339CC1,0,1,1,4294967295,0,0
oInvCollPFH,352,224,00235254,0,1,1,4294967295,0,0
oInvCollPFH,368,224,003411B2,0,1,1,4294967295,0,0
oInvCollPH,96,160,000C86E6,0,1,1,4294967295,0,0
oInvCollPH,96,144,00402449,0,1,1,4294967295,0,0
oInvCollPH,80,112,00400DE7,0,1,1,4294967295,0,0
oInvCollPH,64,112,000703C3,0,1,1,4294967295,0,0
oInvCollPH,48,112,00218942,0,1,1,4294967295,0,0
oInvCollPH,32,112,001606C5,0,1,1,4294967295,0,0
oInvCollPFH,48,192,0002B6BC,0,1,1,4294967295,0,0
oInvCollPFH,64,192,0032B49F,0,1,1,4294967295,0,0
oInvCollPFH,80,192,0019060C,0,1,1,4294967295,0,0
oInvisibleSolid,128,288,00062081,0,1,1,4294967295,0,1
oInvisibleSolid,128,0,000E897B,0,1,1,4294967295,0,1
oInvisibleSolid,0,128,00230C24,0,1,1,4294967295,0,1
oInvisibleSolid,512,192,00016A7E,0,1,1,4294967295,0,1
oInvisibleSolid,416,256,00367996,0,1,1,4294967295,0,1
oInvisibleSolid,416,0,0026D2DE,0,1,1,4294967295,0,1
oInvisibleSolid,0,0,0039750E,0,1,1,4294967295,0,1
oInvisibleSolid,0,256,0025EA39,0,1,1,4294967295,0,1
oInvisiblePlatform,160,224,0000C4B2,0,1,1,4294967295,0,1
oInvisiblePlatform,336,224,000B7ECF,0,1,1,4294967295,0,1
oInvisibleSolid,96,128,001A1F2C,0,1,1,4294967295,0,1
oInvisiblePlatform,32,192,00146B92,0,1,1,4294967295,0,1
