oExit,0,288,00126704,0,1,1,4294967295,0,1
oExit,2640,288,002B3F1C,0,1,1,4294967295,0,1
oBallChainControl,400,128,00356C2E,0,1,1,4294967295,0,1
oBallChainControl,688,128,000A4FF2,0,1,1,4294967295,0,1
oBallChainControl,400,128,001A8CBC,0,1,1,4294967295,0,1
oBallChainControl,688,128,00105476,0,1,1,4294967295,0,1
oBallChainControl,1040,192,0031F22F,0,1,1,4294967295,0,1
oBallChainControl,1040,192,0017DD54,0,1,1,4294967295,0,1
oBallChainControl,1296,96,001C3AB2,0,1,1,4294967295,0,1
oBallChainControl,1296,96,0020BADD,0,1,1,4294967295,0,1
oBallChainControl,1296,96,0034E419,0,1,1,4294967295,0,1
oBallChainControl,1584,96,00203E25,0,1,1,4294967295,0,1
oBallChainControl,1584,96,00100E0F,0,1,1,4294967295,0,1
oBallChainControl,1584,96,0037E751,0,1,1,4294967295,0,1
oBallChainControl,1936,192,0009D6FB,0,1,1,4294967295,0,1
oBallChainControl,1936,192,002BBEB0,0,1,1,4294967295,0,1
oBallChainControl,400,128,00050E8A,0,1,1,4294967295,0,1
oBallChainControl,688,128,000A9764,0,1,1,4294967295,0,1
oBallChainControl,1040,192,00320F2A,0,1,1,4294967295,0,1
oBallChainControl,1296,96,0023354B,0,1,1,4294967295,0,1
oBallChainControl,1584,96,0002E22A,0,1,1,4294967295,0,1
oBallChainControl,1936,192,00355061,0,1,1,4294967295,0,1
oCHAOS_Rocketeer,1088,176,002BEE96,0,1,1,4294967295,0,0
oCHAOS_Rocketeer,1760,176,0002D634,0,1,1,4294967295,0,0
oPlayer1,48,320,002E383D,0,1,1,4294967295,0,0
oMarioLava,256,400,00333A24,0,1,1,4294967295,0,1
oInvCollPH,16,320,002BE7CD,0,1,1,4294967295,0,0
oInvCollPH,32,320,002FE6A9,0,1,1,4294967295,0,0
oInvCollPH,48,320,000D5A7F,0,1,1,4294967295,0,0
oInvCollPH,0,240,001FE6BF,0,1,1,4294967295,0,0
oInvCollPH,16,240,0009DAAD,0,1,1,4294967295,0,0
oInvCollPH,16,224,001C02F7,0,1,1,4294967295,0,0
oInvCollPH,64,320,002DFA7C,0,1,1,4294967295,0,0
oInvCollPH,80,320,00066026,0,1,1,4294967295,0,0
oInvCollPH,96,320,001D28D9,0,1,1,4294967295,0,0
oInvCollPH,112,320,000AB35A,0,1,1,4294967295,0,0
oInvCollPH,128,320,0020F8DC,0,1,1,4294967295,0,0
oInvCollPH,144,320,0033A72B,0,1,1,4294967295,0,0
oInvCollPH,160,320,0022299B,0,1,1,4294967295,0,0
oInvCollPH,176,320,000DB556,0,1,1,4294967295,0,0
oInvCollPH,192,320,001B4D5B,0,1,1,4294967295,0,0
oInvCollPH,208,320,002CFE30,0,1,1,4294967295,0,0
oInvCollPH,224,320,001C6533,0,1,1,4294967295,0,0
oInvCollPH,240,320,00275D0E,0,1,1,4294967295,0,0
oInvCollPH,240,336,000C28EF,0,1,1,4294967295,0,0
oInvCollPH,240,352,00012439,0,1,1,4294967295,0,0
oInvCollPH,240,368,00313A2C,0,1,1,4294967295,0,0
oInvCollPH,240,384,000C5AE1,0,1,1,4294967295,0,0
oInvCollPH,240,400,0013B13A,0,1,1,4294967295,0,0
oInvCollPH,48,32,0033507F,0,1,1,4294967295,0,0
oInvCollPH,48,48,000A8CEF,0,1,1,4294967295,0,0
oInvCollPH,48,64,00119FB3,0,1,1,4294967295,0,0
oInvCollPH,48,80,000EC5E6,0,1,1,4294967295,0,0
oInvCollPH,48,96,0012BC0F,0,1,1,4294967295,0,0
oInvCollPH,48,112,0023296B,0,1,1,4294967295,0,0
oInvCollPH,48,128,001DDA45,0,1,1,4294967295,0,0
oInvCollPH,48,144,0000CDA5,0,1,1,4294967295,0,0
oInvCollPH,48,160,002809CF,0,1,1,4294967295,0,0
oInvCollPH,48,176,002671D3,0,1,1,4294967295,0,0
oInvCollPH,48,192,000D619C,0,1,1,4294967295,0,0
oInvCollPH,48,208,00313E20,0,1,1,4294967295,0,0
oInvCollPH,32,208,0021F8F3,0,1,1,4294967295,0,0
oInvCollPH,64,16,0028CA03,0,1,1,4294967295,0,0
oInvCollPH,80,16,0001D8D5,0,1,1,4294967295,0,0
oInvCollPH,96,16,0022EBC6,0,1,1,4294967295,0,0
oInvCollPH,112,16,000D139A,0,1,1,4294967295,0,0
oInvCollPH,128,16,00027E62,0,1,1,4294967295,0,0
oInvCollPH,144,16,00280950,0,1,1,4294967295,0,0
oInvCollPH,160,16,00204AB6,0,1,1,4294967295,0,0
oInvCollPH,176,16,00241CC0,0,1,1,4294967295,0,0
oInvCollPH,192,16,002FECE3,0,1,1,4294967295,0,0
oInvCollPH,208,16,000F1163,0,1,1,4294967295,0,0
oInvCollPH,1920,48,001DC72E,0,1,1,4294967295,0,0
oInvCollPH,1920,64,001D3BCD,0,1,1,4294967295,0,0
oInvCollPH,1920,80,00216212,0,1,1,4294967295,0,0
oInvCollPH,1920,96,003EE4B8,0,1,1,4294967295,0,0
oInvCollPH,1920,112,000DCA3D,0,1,1,4294967295,0,0
oInvCollPH,1920,128,00295C62,0,1,1,4294967295,0,0
oInvCollPH,1920,144,0000619A,0,1,1,4294967295,0,0
oInvCollPH,1920,160,00026026,0,1,1,4294967295,0,0
oInvCollPH,1920,176,000BA09C,0,1,1,4294967295,0,0
oInvCollPH,1936,176,0024DA23,0,1,1,4294967295,0,0
oInvCollPH,1936,160,0032FA3D,0,1,1,4294967295,0,0
oInvCollPH,1936,144,0039CA78,0,1,1,4294967295,0,0
oInvCollPH,1936,128,0013F1E8,0,1,1,4294967295,0,0
oInvCollPH,1936,112,000FE9FD,0,1,1,4294967295,0,0
oInvCollPH,1936,96,003DF60F,0,1,1,4294967295,0,0
oInvCollPH,1936,80,00044662,0,1,1,4294967295,0,0
oInvCollPH,1936,64,0012A71F,0,1,1,4294967295,0,0
oInvCollPH,1936,48,002FF25B,0,1,1,4294967295,0,0
oInvCollPH,1936,32,003877EE,0,1,1,4294967295,0,0
oInvCollPH,1568,48,0039ADE9,0,1,1,4294967295,0,0
oInvCollPH,1568,64,001D1280,0,1,1,4294967295,0,0
oInvCollPH,1568,80,000BEC94,0,1,1,4294967295,0,0
oInvCollPH,1584,80,000AB2EE,0,1,1,4294967295,0,0
oInvCollPH,1584,64,0020B27E,0,1,1,4294967295,0,0
oInvCollPH,1584,48,003EAD5D,0,1,1,4294967295,0,0
oInvCollPH,1584,32,000B065F,0,1,1,4294967295,0,0
oInvCollPH,1280,48,000AB839,0,1,1,4294967295,0,0
oInvCollPH,1280,64,003A9634,0,1,1,4294967295,0,0
oInvCollPH,1280,80,000FA989,0,1,1,4294967295,0,0
oInvCollPH,1296,80,0002279E,0,1,1,4294967295,0,0
oInvCollPH,1296,64,001321D9,0,1,1,4294967295,0,0
oInvCollPH,1296,48,00334A06,0,1,1,4294967295,0,0
oInvCollPH,1296,32,001E9BAF,0,1,1,4294967295,0,0
oInvCollPH,1024,48,0005E39C,0,1,1,4294967295,0,0
oInvCollPH,1024,64,002A1765,0,1,1,4294967295,0,0
oInvCollPH,1024,80,003EBE96,0,1,1,4294967295,0,0
oInvCollPH,1024,96,00381F7B,0,1,1,4294967295,0,0
oInvCollPH,1024,112,003892D1,0,1,1,4294967295,0,0
oInvCollPH,1024,128,0007EDF2,0,1,1,4294967295,0,0
oInvCollPH,1024,144,0027DC7E,0,1,1,4294967295,0,0
oInvCollPH,1024,160,003D5347,0,1,1,4294967295,0,0
oInvCollPH,1024,176,00173FED,0,1,1,4294967295,0,0
oInvCollPH,1040,176,003205BB,0,1,1,4294967295,0,0
oInvCollPH,1040,160,001C4F3D,0,1,1,4294967295,0,0
oInvCollPH,1040,144,001616C8,0,1,1,4294967295,0,0
oInvCollPH,1040,128,00229E76,0,1,1,4294967295,0,0
oInvCollPH,1040,112,00300887,0,1,1,4294967295,0,0
oInvCollPH,1040,96,001A70E4,0,1,1,4294967295,0,0
oInvCollPH,1040,80,0015AE5E,0,1,1,4294967295,0,0
oInvCollPH,1040,64,00309103,0,1,1,4294967295,0,0
oInvCollPH,1040,48,00336386,0,1,1,4294967295,0,0
oInvCollPH,1040,32,00007E61,0,1,1,4294967295,0,0
oInvCollPH,672,48,0008B936,0,1,1,4294967295,0,0
oInvCollPH,672,64,002C1E52,0,1,1,4294967295,0,0
oInvCollPH,672,80,0010809E,0,1,1,4294967295,0,0
oInvCollPH,672,96,001ECAA9,0,1,1,4294967295,0,0
oInvCollPH,688,96,00075E3C,0,1,1,4294967295,0,0
oInvCollPH,688,80,0021ABC2,0,1,1,4294967295,0,0
oInvCollPH,688,64,0001D7D7,0,1,1,4294967295,0,0
oInvCollPH,688,48,00275CA0,0,1,1,4294967295,0,0
oInvCollPH,688,32,0039FD71,0,1,1,4294967295,0,0
oInvCollPH,672,112,0035632E,0,1,1,4294967295,0,0
oInvCollPH,688,112,000EDBE0,0,1,1,4294967295,0,0
oInvCollPH,384,112,00057A3D,0,1,1,4294967295,0,0
oInvCollPH,400,112,00099F83,0,1,1,4294967295,0,0
oInvCollPH,384,96,00190E93,0,1,1,4294967295,0,0
oInvCollPH,384,80,000A5C68,0,1,1,4294967295,0,0
oInvCollPH,384,64,00024B78,0,1,1,4294967295,0,0
oInvCollPH,384,48,00243247,0,1,1,4294967295,0,0
oInvCollPH,400,32,0023D66A,0,1,1,4294967295,0,0
oInvCollPH,400,48,001F096C,0,1,1,4294967295,0,0
oInvCollPH,400,64,003D8197,0,1,1,4294967295,0,0
oInvCollPH,400,80,000E2DA3,0,1,1,4294967295,0,0
oInvCollPH,400,96,0022B627,0,1,1,4294967295,0,0
oInvCollPH,224,16,000372B9,0,1,1,4294967295,0,0
oInvCollPH,240,16,00010607,0,1,1,4294967295,0,0
oInvCollPH,256,16,0006DAA6,0,1,1,4294967295,0,0
oInvCollPH,272,16,003043D5,0,1,1,4294967295,0,0
oInvCollPH,288,16,001693D1,0,1,1,4294967295,0,0
oInvCollPH,304,16,00224E00,0,1,1,4294967295,0,0
oInvCollPH,320,16,0026F913,0,1,1,4294967295,0,0
oInvCollPH,336,16,0037829D,0,1,1,4294967295,0,0
oInvCollPH,352,16,00154496,0,1,1,4294967295,0,0
oInvCollPH,368,16,0017FBE3,0,1,1,4294967295,0,0
oInvCollPH,416,16,0017AE31,0,1,1,4294967295,0,0
oInvCollPH,432,16,0032D018,0,1,1,4294967295,0,0
oInvCollPH,448,16,00007E52,0,1,1,4294967295,0,0
oInvCollPH,464,16,00113955,0,1,1,4294967295,0,0
oInvCollPH,480,16,00398F4E,0,1,1,4294967295,0,0
oInvCollPH,496,16,000BE977,0,1,1,4294967295,0,0
oInvCollPH,512,16,0010645C,0,1,1,4294967295,0,0
oInvCollPH,528,16,000FFC3E,0,1,1,4294967295,0,0
oInvCollPH,544,16,001A4B93,0,1,1,4294967295,0,0
oInvCollPH,560,16,00102A41,0,1,1,4294967295,0,0
oInvCollPH,576,16,001466DE,0,1,1,4294967295,0,0
oInvCollPH,592,16,001B47FD,0,1,1,4294967295,0,0
oInvCollPH,608,16,0028F496,0,1,1,4294967295,0,0
oInvCollPH,624,16,0012A8F4,0,1,1,4294967295,0,0
oInvCollPH,640,16,0030E544,0,1,1,4294967295,0,0
oInvCollPH,656,16,002B2206,0,1,1,4294967295,0,0
oInvCollPH,704,16,003C906B,0,1,1,4294967295,0,0
oInvCollPH,720,16,003226BE,0,1,1,4294967295,0,0
oInvCollPH,736,16,00039866,0,1,1,4294967295,0,0
oInvCollPH,752,16,001F62A9,0,1,1,4294967295,0,0
oInvCollPH,768,16,0012EE17,0,1,1,4294967295,0,0
oInvCollPH,784,16,002BB12A,0,1,1,4294967295,0,0
oInvCollPH,800,16,00121A40,0,1,1,4294967295,0,0
oInvCollPH,816,16,001CC7D9,0,1,1,4294967295,0,0
oInvCollPH,832,16,0020316F,0,1,1,4294967295,0,0
oInvCollPH,848,16,003A13C5,0,1,1,4294967295,0,0
oInvCollPH,864,16,003C3D76,0,1,1,4294967295,0,0
oInvCollPH,880,16,003D0E00,0,1,1,4294967295,0,0
oInvCollPH,896,16,00028716,0,1,1,4294967295,0,0
oInvCollPH,912,16,0039089C,0,1,1,4294967295,0,0
oInvCollPH,928,16,002ECDAA,0,1,1,4294967295,0,0
oInvCollPH,944,16,000BB8CB,0,1,1,4294967295,0,0
oInvCollPH,960,16,000B472F,0,1,1,4294967295,0,0
oInvCollPH,976,16,001724FE,0,1,1,4294967295,0,0
oInvCollPH,992,16,002B814D,0,1,1,4294967295,0,0
oInvCollPH,1008,16,003E53EA,0,1,1,4294967295,0,0
oInvCollPH,1056,16,000F9120,0,1,1,4294967295,0,0
oInvCollPH,1072,16,0027371C,0,1,1,4294967295,0,0
oInvCollPH,1088,16,0014BCDA,0,1,1,4294967295,0,0
oInvCollPH,1104,16,001FE28B,0,1,1,4294967295,0,0
oInvCollPH,1120,16,00396CD7,0,1,1,4294967295,0,0
oInvCollPH,1136,16,000A9F4E,0,1,1,4294967295,0,0
oInvCollPH,1152,16,0017DB5E,0,1,1,4294967295,0,0
oInvCollPH,1168,16,003F39B7,0,1,1,4294967295,0,0
oInvCollPH,1184,16,003E0851,0,1,1,4294967295,0,0
oInvCollPH,1200,16,002F7E48,0,1,1,4294967295,0,0
oInvCollPH,1216,16,002303F2,0,1,1,4294967295,0,0
oInvCollPH,1232,16,0021DFF3,0,1,1,4294967295,0,0
oInvCollPH,1248,16,0033328A,0,1,1,4294967295,0,0
oInvCollPH,1264,16,0009F563,0,1,1,4294967295,0,0
oInvCollPH,1312,16,0016A211,0,1,1,4294967295,0,0
oInvCollPH,1328,16,00174352,0,1,1,4294967295,0,0
oInvCollPH,1344,16,0031EEE4,0,1,1,4294967295,0,0
oInvCollPH,1360,16,000A7369,0,1,1,4294967295,0,0
oInvCollPH,1376,16,0013AD83,0,1,1,4294967295,0,0
oInvCollPH,1392,16,002919B7,0,1,1,4294967295,0,0
oInvCollPH,1408,16,0016286C,0,1,1,4294967295,0,0
oInvCollPH,1424,16,0007D6F4,0,1,1,4294967295,0,0
oInvCollPH,1440,16,0032DC2A,0,1,1,4294967295,0,0
oInvCollPH,1456,16,00233454,0,1,1,4294967295,0,0
oInvCollPH,1472,16,001F5F27,0,1,1,4294967295,0,0
oInvCollPH,1488,16,003B230A,0,1,1,4294967295,0,0
oInvCollPH,1504,16,003325E0,0,1,1,4294967295,0,0
oInvCollPH,1520,16,0015630B,0,1,1,4294967295,0,0
oInvCollPH,1536,16,003D2D72,0,1,1,4294967295,0,0
oInvCollPH,1552,16,002B72E9,0,1,1,4294967295,0,0
oInvCollPH,1600,16,001F673C,0,1,1,4294967295,0,0
oInvCollPH,1616,16,003FA9D1,0,1,1,4294967295,0,0
oInvCollPH,1632,16,001655ED,0,1,1,4294967295,0,0
oInvCollPH,1648,16,000E1E7E,0,1,1,4294967295,0,0
oInvCollPH,1664,16,001B42E3,0,1,1,4294967295,0,0
oInvCollPH,1680,16,002C2784,0,1,1,4294967295,0,0
oInvCollPH,1696,16,0036291C,0,1,1,4294967295,0,0
oInvCollPH,1712,16,001197EF,0,1,1,4294967295,0,0
oInvCollPH,1728,16,000AAF78,0,1,1,4294967295,0,0
oInvCollPH,1744,16,003BA449,0,1,1,4294967295,0,0
oInvCollPH,1760,16,00238EB5,0,1,1,4294967295,0,0
oInvCollPH,1776,16,00286969,0,1,1,4294967295,0,0
oInvCollPH,1792,16,001427A9,0,1,1,4294967295,0,0
oInvCollPH,1808,16,0015B993,0,1,1,4294967295,0,0
oInvCollPH,1824,16,0001E022,0,1,1,4294967295,0,0
oInvCollPH,1840,16,001B3B33,0,1,1,4294967295,0,0
oInvCollPH,1856,16,0033A0F0,0,1,1,4294967295,0,0
oInvCollPH,1872,16,00242B3E,0,1,1,4294967295,0,0
oInvCollPH,1888,16,0002F67D,0,1,1,4294967295,0,0
oInvCollPH,1904,16,0001DB69,0,1,1,4294967295,0,0
oInvCollPH,1952,16,002D1628,0,1,1,4294967295,0,0
oInvCollPH,1968,16,00309DA0,0,1,1,4294967295,0,0
oInvCollPH,2272,48,000F788F,0,1,1,4294967295,0,0
oInvCollPH,2272,64,002D3466,0,1,1,4294967295,0,0
oInvCollPH,2272,80,001B71F1,0,1,1,4294967295,0,0
oInvCollPH,2288,80,0018D594,0,1,1,4294967295,0,0
oInvCollPH,2304,80,00249657,0,1,1,4294967295,0,0
oInvCollPH,2320,80,0004A7A4,0,1,1,4294967295,0,0
oInvCollPH,2336,80,000531F4,0,1,1,4294967295,0,0
oInvCollPH,2352,80,00249F43,0,1,1,4294967295,0,0
oInvCollPH,2368,80,003AB273,0,1,1,4294967295,0,0
oInvCollPH,2384,80,00138F63,0,1,1,4294967295,0,0
oInvCollPH,2384,64,003EA04D,0,1,1,4294967295,0,0
oInvCollPH,2384,48,003ED377,0,1,1,4294967295,0,0
oInvCollPH,2384,32,0015AECF,0,1,1,4294967295,0,0
oInvCollPH,2592,112,000B9A4B,0,1,1,4294967295,0,0
oInvCollPH,2592,128,001E4FC9,0,1,1,4294967295,0,0
oInvCollPH,2592,144,00360C57,0,1,1,4294967295,0,0
oInvCollPH,2592,160,000CC76C,0,1,1,4294967295,0,0
oInvCollPH,2592,176,00207875,0,1,1,4294967295,0,0
oInvCollPH,2592,192,002A72A1,0,1,1,4294967295,0,0
oInvCollPH,2592,208,0000A9A5,0,1,1,4294967295,0,0
oInvCollPH,2592,224,000A5869,0,1,1,4294967295,0,0
oInvCollPH,2592,240,00351764,0,1,1,4294967295,0,0
oInvCollPH,2608,240,001FF9BF,0,1,1,4294967295,0,0
oInvCollPH,2624,240,0031C5F0,0,1,1,4294967295,0,0
oInvCollPH,2640,240,003C618E,0,1,1,4294967295,0,0
oInvCollPH,2528,48,0035CB90,0,1,1,4294967295,0,0
oInvCollPH,2528,64,002222C1,0,1,1,4294967295,0,0
oInvCollPH,2528,80,001168E8,0,1,1,4294967295,0,0
oInvCollPH,2544,80,002D1627,0,1,1,4294967295,0,0
oInvCollPH,2560,80,001ECDD9,0,1,1,4294967295,0,0
oInvCollPH,2576,80,00252DC4,0,1,1,4294967295,0,0
oInvCollPH,2288,224,00337B38,0,1,1,4294967295,0,0
oInvCollPH,2304,224,000B5D49,0,1,1,4294967295,0,0
oInvCollPH,2320,224,0031BE8B,0,1,1,4294967295,0,0
oInvCollPH,2336,224,0026947C,0,1,1,4294967295,0,0
oInvCollPH,2352,224,001D1482,0,1,1,4294967295,0,0
oInvCollPH,2368,224,000960D8,0,1,1,4294967295,0,0
oInvCollPH,2384,224,000B1467,0,1,1,4294967295,0,0
oInvCollPH,2400,224,00156ACA,0,1,1,4294967295,0,0
oInvCollPH,2416,224,002CDC10,0,1,1,4294967295,0,0
oInvCollPH,2416,240,002AC58B,0,1,1,4294967295,0,0
oInvCollPH,2416,256,000B7A7E,0,1,1,4294967295,0,0
oInvCollPH,2416,272,000993A0,0,1,1,4294967295,0,0
oInvCollPH,2416,288,001A2662,0,1,1,4294967295,0,0
oInvCollPH,2416,304,00393681,0,1,1,4294967295,0,0
oInvCollPH,2272,240,0016B3E7,0,1,1,4294967295,0,0
oInvCollPH,2272,256,00226AD6,0,1,1,4294967295,0,0
oInvCollPH,2272,272,000C379E,0,1,1,4294967295,0,0
oInvCollPH,2272,288,001F014F,0,1,1,4294967295,0,0
oInvCollPH,2272,304,003360E8,0,1,1,4294967295,0,0
oInvCollPH,2272,320,002DC0E3,0,1,1,4294967295,0,0
oInvCollPH,2272,336,001A9024,0,1,1,4294967295,0,0
oInvCollPH,2272,352,00179312,0,1,1,4294967295,0,0
oInvCollPH,2272,368,0017E198,0,1,1,4294967295,0,0
oInvCollPH,2272,384,00135759,0,1,1,4294967295,0,0
oInvCollPH,2272,400,003C4F02,0,1,1,4294967295,0,0
oInvCollPH,2448,320,000A0250,0,1,1,4294967295,0,0
oInvCollPH,2464,320,002E579C,0,1,1,4294967295,0,0
oInvCollPH,2480,320,0033A428,0,1,1,4294967295,0,0
oInvCollPH,2496,320,000567A0,0,1,1,4294967295,0,0
oInvCollPH,2512,320,00010728,0,1,1,4294967295,0,0
oInvCollPH,2528,320,001FE9DA,0,1,1,4294967295,0,0
oInvCollPH,2544,320,0009891D,0,1,1,4294967295,0,0
oInvCollPH,2560,320,00286B6F,0,1,1,4294967295,0,0
oInvCollPH,2576,320,00107607,0,1,1,4294967295,0,0
oInvCollPH,2592,320,001769F8,0,1,1,4294967295,0,0
oInvCollPH,2608,320,000FFAC5,0,1,1,4294967295,0,0
oInvCollPH,2624,320,0003EB7D,0,1,1,4294967295,0,0
oInvCollPH,2640,320,0018F609,0,1,1,4294967295,0,0
oInvCollPH,1984,16,0029E7C4,0,1,1,4294967295,0,0
oInvCollPH,2000,16,002BCA57,0,1,1,4294967295,0,0
oInvCollPH,2016,16,00004FBA,0,1,1,4294967295,0,0
oInvCollPH,2032,16,00373FE2,0,1,1,4294967295,0,0
oInvCollPH,2048,16,0014E7A0,0,1,1,4294967295,0,0
oInvCollPH,2064,16,003A89CD,0,1,1,4294967295,0,0
oInvCollPH,2080,16,00368C51,0,1,1,4294967295,0,0
oInvCollPH,2096,16,001E3DBF,0,1,1,4294967295,0,0
oInvCollPH,2112,16,0038FECD,0,1,1,4294967295,0,0
oInvCollPH,2128,16,003F1055,0,1,1,4294967295,0,0
oInvCollPH,2144,16,000A84F0,0,1,1,4294967295,0,0
oInvCollPH,2160,16,00064F27,0,1,1,4294967295,0,0
oInvCollPH,2176,16,00060D69,0,1,1,4294967295,0,0
oInvCollPH,2192,16,0011B7CD,0,1,1,4294967295,0,0
oInvCollPH,2208,16,002D6AB1,0,1,1,4294967295,0,0
oInvCollPH,2224,16,00158D7B,0,1,1,4294967295,0,0
oInvCollPH,2240,16,0018A6FF,0,1,1,4294967295,0,0
oInvCollPH,2256,16,000421AA,0,1,1,4294967295,0,0
oInvCollPH,2400,16,00204D1C,0,1,1,4294967295,0,0
oInvCollPH,2416,16,001313DE,0,1,1,4294967295,0,0
oInvCollPH,2432,16,002C3E32,0,1,1,4294967295,0,0
oInvCollPH,2448,16,00013738,0,1,1,4294967295,0,0
oInvCollPH,2464,16,0009BA35,0,1,1,4294967295,0,0
oInvCollPH,2480,16,0021E6EE,0,1,1,4294967295,0,0
oInvCollPH,2496,16,003473D9,0,1,1,4294967295,0,0
oInvCollPH,2512,16,002F98BB,0,1,1,4294967295,0,0
oInvCollPH,272,416,000E60CF,0,1,1,4294967295,0,0
oInvCollPH,288,416,001DA7B0,0,1,1,4294967295,0,0
oInvCollPH,304,416,0026075B,0,1,1,4294967295,0,0
oInvCollPH,320,416,001808F7,0,1,1,4294967295,0,0
oInvCollPH,336,416,00130546,0,1,1,4294967295,0,0
oInvCollPH,352,416,003F6F7B,0,1,1,4294967295,0,0
oInvCollPH,368,416,000F6510,0,1,1,4294967295,0,0
oInvCollPH,384,416,002D6150,0,1,1,4294967295,0,0
oInvCollPH,400,416,001822AF,0,1,1,4294967295,0,0
oInvCollPH,416,416,0010CAEA,0,1,1,4294967295,0,0
oInvCollPH,432,416,00398DF6,0,1,1,4294967295,0,0
oInvCollPH,448,416,003AA089,0,1,1,4294967295,0,0
oInvCollPH,464,416,0024DE5D,0,1,1,4294967295,0,0
oInvCollPH,480,416,0030EA4F,0,1,1,4294967295,0,0
oInvCollPH,496,416,0012F59E,0,1,1,4294967295,0,0
oInvCollPH,512,416,000C065A,0,1,1,4294967295,0,0
oInvCollPH,528,416,000CA1C1,0,1,1,4294967295,0,0
oInvCollPH,544,416,001B6DDE,0,1,1,4294967295,0,0
oInvCollPH,560,416,003C2E4E,0,1,1,4294967295,0,0
oInvCollPH,576,416,002FD96D,0,1,1,4294967295,0,0
oInvCollPH,592,416,002B97A0,0,1,1,4294967295,0,0
oInvCollPH,608,416,0000CB8A,0,1,1,4294967295,0,0
oInvCollPH,624,416,0010DC3C,0,1,1,4294967295,0,0
oInvCollPH,640,416,003AF7D7,0,1,1,4294967295,0,0
oInvCollPH,656,416,000198D8,0,1,1,4294967295,0,0
oInvCollPH,672,416,0040205E,0,1,1,4294967295,0,0
oInvCollPH,688,416,00165A08,0,1,1,4294967295,0,0
oInvCollPH,704,416,002CAC42,0,1,1,4294967295,0,0
oInvCollPH,720,416,002B4729,0,1,1,4294967295,0,0
oInvCollPH,736,416,001555E8,0,1,1,4294967295,0,0
oInvCollPH,752,416,001FD656,0,1,1,4294967295,0,0
oInvCollPH,768,416,000577A6,0,1,1,4294967295,0,0
oInvCollPH,784,416,0010A572,0,1,1,4294967295,0,0
oInvCollPH,800,416,0013BA23,0,1,1,4294967295,0,0
oInvCollPH,816,416,003D47D7,0,1,1,4294967295,0,0
oInvCollPH,832,416,0002D4CA,0,1,1,4294967295,0,0
oInvCollPH,848,416,000A6E96,0,1,1,4294967295,0,0
oInvCollPH,864,416,000C2063,0,1,1,4294967295,0,0
oInvCollPH,880,416,00138AB7,0,1,1,4294967295,0,0
oInvCollPH,896,416,0005A605,0,1,1,4294967295,0,0
oInvCollPH,912,416,002F814F,0,1,1,4294967295,0,0
oInvCollPH,928,416,0018DC16,0,1,1,4294967295,0,0
oInvCollPH,944,416,0020052D,0,1,1,4294967295,0,0
oInvCollPH,960,416,000F2C9A,0,1,1,4294967295,0,0
oInvCollPH,976,416,000A8607,0,1,1,4294967295,0,0
oInvCollPH,992,416,003A6222,0,1,1,4294967295,0,0
oInvCollPH,1008,416,003FE250,0,1,1,4294967295,0,0
oInvCollPH,1024,416,00294937,0,1,1,4294967295,0,0
oInvCollPH,1040,416,00115885,0,1,1,4294967295,0,0
oInvCollPH,1056,416,00401200,0,1,1,4294967295,0,0
oInvCollPH,1072,416,0008E423,0,1,1,4294967295,0,0
oInvCollPH,1088,416,001C5446,0,1,1,4294967295,0,0
oInvCollPH,1104,416,001E2B06,0,1,1,4294967295,0,0
oInvCollPH,1120,416,000AB2DF,0,1,1,4294967295,0,0
oInvCollPH,1136,416,0021E2C7,0,1,1,4294967295,0,0
oInvCollPH,1152,416,001EDCEA,0,1,1,4294967295,0,0
oInvCollPH,1168,416,00071648,0,1,1,4294967295,0,0
oInvCollPH,1184,416,001B964C,0,1,1,4294967295,0,0
oInvCollPH,1200,416,0014ED53,0,1,1,4294967295,0,0
oInvCollPH,1216,416,0037C3EA,0,1,1,4294967295,0,0
oInvCollPH,1232,416,0038BCF7,0,1,1,4294967295,0,0
oInvCollPH,1248,416,0030DE74,0,1,1,4294967295,0,0
oInvCollPH,1264,416,003283BC,0,1,1,4294967295,0,0
oInvCollPH,1280,416,001FB4A4,0,1,1,4294967295,0,0
oInvCollPH,1296,416,00087355,0,1,1,4294967295,0,0
oInvCollPH,1312,416,00067860,0,1,1,4294967295,0,0
oInvCollPH,1328,416,001CA5ED,0,1,1,4294967295,0,0
oInvCollPH,1344,416,003DA9AC,0,1,1,4294967295,0,0
oInvCollPH,1360,416,000BF303,0,1,1,4294967295,0,0
oInvCollPH,1376,416,001C6C1B,0,1,1,4294967295,0,0
oInvCollPH,1392,416,002FA529,0,1,1,4294967295,0,0
oInvCollPH,1408,416,002579EC,0,1,1,4294967295,0,0
oInvCollPH,1424,416,00042F68,0,1,1,4294967295,0,0
oInvCollPH,1440,416,0032EF15,0,1,1,4294967295,0,0
oInvCollPH,1456,416,000145D6,0,1,1,4294967295,0,0
oInvCollPH,1472,416,001991D5,0,1,1,4294967295,0,0
oInvCollPH,1488,416,000ADCF5,0,1,1,4294967295,0,0
oInvCollPH,1504,416,0004466B,0,1,1,4294967295,0,0
oInvCollPH,1520,416,000BFAF1,0,1,1,4294967295,0,0
oInvCollPH,1536,416,0014BBC0,0,1,1,4294967295,0,0
oInvCollPH,1552,416,00344F2C,0,1,1,4294967295,0,0
oInvCollPH,1568,416,000D0945,0,1,1,4294967295,0,0
oInvCollPH,1584,416,001E1613,0,1,1,4294967295,0,0
oInvCollPH,1600,416,003B492B,0,1,1,4294967295,0,0
oInvCollPH,1616,416,002E635B,0,1,1,4294967295,0,0
oInvCollPH,1632,416,00031D80,0,1,1,4294967295,0,0
oInvCollPH,1648,416,00020207,0,1,1,4294967295,0,0
oInvCollPH,1664,416,001BB84A,0,1,1,4294967295,0,0
oInvCollPH,1680,416,0034F83E,0,1,1,4294967295,0,0
oInvCollPH,1696,416,003441A3,0,1,1,4294967295,0,0
oInvCollPH,1712,416,001C01BE,0,1,1,4294967295,0,0
oInvCollPH,1728,416,003DBC0F,0,1,1,4294967295,0,0
oInvCollPH,1744,416,003F7A4A,0,1,1,4294967295,0,0
oInvCollPH,1760,416,0008B696,0,1,1,4294967295,0,0
oInvCollPH,1776,416,000A46D3,0,1,1,4294967295,0,0
oInvCollPH,1792,416,0003FA67,0,1,1,4294967295,0,0
oInvCollPH,1808,416,00218F21,0,1,1,4294967295,0,0
oInvCollPH,1824,416,00041E9A,0,1,1,4294967295,0,0
oInvCollPH,1840,416,002BD47A,0,1,1,4294967295,0,0
oInvCollPH,1856,416,000494FD,0,1,1,4294967295,0,0
oInvCollPH,1872,416,00255896,0,1,1,4294967295,0,0
oInvCollPH,1888,416,001F99C7,0,1,1,4294967295,0,0
oInvCollPH,1904,416,0039DF88,0,1,1,4294967295,0,0
oInvCollPH,1920,416,00342B98,0,1,1,4294967295,0,0
oInvCollPH,1936,416,00368250,0,1,1,4294967295,0,0
oInvCollPH,1952,416,00221C0D,0,1,1,4294967295,0,0
oInvCollPH,1968,416,0037B387,0,1,1,4294967295,0,0
oInvCollPH,1984,416,0005FF0C,0,1,1,4294967295,0,0
oInvCollPH,2000,416,0030B4CF,0,1,1,4294967295,0,0
oInvCollPH,2016,416,0004FB99,0,1,1,4294967295,0,0
oInvCollPH,2032,416,0028C9C0,0,1,1,4294967295,0,0
oInvCollPH,2048,416,0013E7F1,0,1,1,4294967295,0,0
oInvCollPH,2064,416,0038E064,0,1,1,4294967295,0,0
oInvCollPH,2080,416,00307A31,0,1,1,4294967295,0,0
oInvCollPH,2096,416,001350EC,0,1,1,4294967295,0,0
oInvCollPH,2112,416,001C3829,0,1,1,4294967295,0,0
oInvCollPH,2128,416,001D6D4C,0,1,1,4294967295,0,0
oInvCollPH,2144,416,003979D0,0,1,1,4294967295,0,0
oInvCollPH,2160,416,00262DCD,0,1,1,4294967295,0,0
oInvCollPH,2176,416,003DE086,0,1,1,4294967295,0,0
oInvCollPH,2192,416,00338E2B,0,1,1,4294967295,0,0
oInvCollPH,2208,416,001E1674,0,1,1,4294967295,0,0
oInvCollPH,2224,416,0024ABC3,0,1,1,4294967295,0,0
oInvCollPH,2240,416,0023B88D,0,1,1,4294967295,0,0
oInvCollPH,2256,416,0016FF40,0,1,1,4294967295,0,0
oInvisibleSolid,0,320,00291E1F,0,1,1,4294967295,0,1
oInvisibleSolid,0,224,00077D09,0,1,1,4294967295,0,1
oInvisibleSolid,0,0,0028B7C5,0,1,1,4294967295,0,1
oInvisibleSolid,64,0,000740A5,0,1,1,4294967295,0,1
oInvisibleSolid,384,32,0018D869,0,1,1,4294967295,0,1
oInvisibleSolid,672,32,001A2464,0,1,1,4294967295,0,1
oInvisibleSolid,1024,32,0016D661,0,1,1,4294967295,0,1
oInvisibleSolid,1280,32,00223877,0,1,1,4294967295,0,1
oInvisibleSolid,1568,32,003478DF,0,1,1,4294967295,0,1
oInvisibleSolid,2528,32,0027B05B,0,1,1,4294967295,0,1
oInvisibleSolid,2592,96,002E9835,0,1,1,4294967295,0,1
oInvisibleSolid,2272,32,003FE170,0,1,1,4294967295,0,1
oInvisibleSolid,2272,224,00173FEB,0,1,1,4294967295,0,1
oInvisibleSolid,2432,320,00191720,0,1,1,4294967295,0,1
oInvisibleSolid,256,416,0005E259,0,1,1,4294967295,0,1
oInvisibleSolid,1920,32,002D079F,0,1,1,4294967295,0,1
