oExit,0,80,00276F43,0,1,1,4294967295,0,1
oExit,0,1152,002780CF,0,1,1,4294967295,0,1
oExit,464,80,0019B038,0,1,1,4294967295,0,1
oExit,432,1216,000EB757,0,1,1,4294967295,0,1
oExit,432,1056,000AF65F,0,1,1,4294967295,0,1
oMetGeemer,288,848,001EFCEA,0,1,1,4294967295,0,1
oMetGeemer,240,1120,001CD033,0,1,1,4294967295,0,1
oMetGeemer,240,304,0021CD88,0,1,1,4294967295,0,1
oMetGeemer,304,224,001AF8DE,0,1,1,4294967295,0,1
oMetGeemer,144,816,00019BEB,0,1,1,4294967295,0,1
oMetRipper,192,480,0001DFB7,0,1,1,4294967295,0,1
oMetSkree,280,416,0029D3F3,0,1,1,4294967295,0,0
oMetSkree,424,704,00262909,0,1,1,4294967295,0,0
oPlayer1,64,112,0038EDD9,0,1,1,4294967295,0,0
oMetroidDoorHolder,16,80,001F7EEA,0,1,1,4294967295,0,1
oMetroidDoorHolder,448,80,0031C086,0,1,1,4294967295,0,1
oMetroidDoorHolder,16,1152,001D628E,0,1,1,4294967295,0,1
oMetLava,0,1200,000C8FF2,0,1,1,4294967295,0,1
oInvCollPH,144,64,0032752F,0,1,1,4294967295,0,0
oInvCollPH,144,80,0039DB5B,0,1,1,4294967295,0,0
oInvCollPH,160,80,003CEB89,0,1,1,4294967295,0,0
oInvCollPH,176,80,003E74F1,0,1,1,4294967295,0,0
oInvCollPH,192,80,00195D74,0,1,1,4294967295,0,0
oInvCollPH,208,80,0009D277,0,1,1,4294967295,0,0
oInvCollPH,224,80,0002AF1A,0,1,1,4294967295,0,0
oInvCollPH,240,80,00289CB5,0,1,1,4294967295,0,0
oInvCollPH,256,80,0035BD75,0,1,1,4294967295,0,0
oInvCollPH,272,80,001913CF,0,1,1,4294967295,0,0
oInvCollPH,288,80,001732BE,0,1,1,4294967295,0,0
oInvCollPH,304,80,001C0A0F,0,1,1,4294967295,0,0
oInvCollPH,320,80,0038B778,0,1,1,4294967295,0,0
oInvCollPH,320,64,00218802,0,1,1,4294967295,0,0
oInvCollPH,320,48,00144562,0,1,1,4294967295,0,0
oInvCollPH,0,32,00129D51,0,1,1,4294967295,0,0
oInvCollPH,16,32,002294CD,0,1,1,4294967295,0,0
oInvCollPH,32,32,002A75EA,0,1,1,4294967295,0,0
oInvCollPH,48,32,0039C03A,0,1,1,4294967295,0,0
oInvCollPH,64,32,0024C946,0,1,1,4294967295,0,0
oInvCollPH,80,32,001A7EAD,0,1,1,4294967295,0,0
oInvCollPH,96,32,001D43C6,0,1,1,4294967295,0,0
oInvCollPH,112,32,0025FF9F,0,1,1,4294967295,0,0
oInvCollPH,128,32,0028C996,0,1,1,4294967295,0,0
oInvCollPH,336,32,002F047C,0,1,1,4294967295,0,0
oInvCollPH,352,32,000A9BEE,0,1,1,4294967295,0,0
oInvCollPH,368,32,0004B71D,0,1,1,4294967295,0,0
oInvCollPH,384,32,003B1B21,0,1,1,4294967295,0,0
oInvCollPH,400,32,000687CF,0,1,1,4294967295,0,0
oInvCollPH,416,32,0027CD6B,0,1,1,4294967295,0,0
oInvCollPH,432,32,00401ABE,0,1,1,4294967295,0,0
oInvCollPH,448,32,00372E70,0,1,1,4294967295,0,0
oInvCollPH,464,32,0017F07F,0,1,1,4294967295,0,0
oInvCollSM,464,1216,000015CB,0,1,1,4294967295,0,0
oInvCollPH,16,1184,0032765A,0,1,1,4294967295,0,0
oInvCollPH,32,1184,0037E6C8,0,1,1,4294967295,0,0
oInvCollPH,48,1184,000E5298,0,1,1,4294967295,0,0
oInvCollPH,64,1184,0018F530,0,1,1,4294967295,0,0
oInvCollPH,80,1184,000D8129,0,1,1,4294967295,0,0
oInvCollPH,96,1184,0021AACA,0,1,1,4294967295,0,0
oInvCollPH,112,1184,0021A385,0,1,1,4294967295,0,0
oInvCollPH,128,1184,003E508F,0,1,1,4294967295,0,0
oInvCollPH,144,1184,0009D193,0,1,1,4294967295,0,0
oInvCollPH,144,1200,00291598,0,1,1,4294967295,0,0
oInvCollPH,144,1216,000CD494,0,1,1,4294967295,0,0
oInvCollPH,144,1232,0012C35D,0,1,1,4294967295,0,0
oInvCollPH,176,1248,002C7B5A,0,1,1,4294967295,0,0
oInvCollPH,192,1248,0005082C,0,1,1,4294967295,0,0
oInvCollPH,208,1248,0029E2C5,0,1,1,4294967295,0,0
oInvCollPH,224,1248,0022F1A4,0,1,1,4294967295,0,0
oInvCollPH,240,1248,001D7C45,0,1,1,4294967295,0,0
oInvCollPH,256,1248,000CEF9E,0,1,1,4294967295,0,0
oInvCollPH,272,1248,00112CA8,0,1,1,4294967295,0,0
oInvCollPH,288,1248,00092277,0,1,1,4294967295,0,0
oInvCollPH,304,1248,00058579,0,1,1,4294967295,0,0
oInvCollPH,320,1248,000F575A,0,1,1,4294967295,0,0
oInvCollPH,336,1248,0034CFDC,0,1,1,4294967295,0,0
oInvCollPH,352,1248,00382E4F,0,1,1,4294967295,0,0
oInvCollPH,368,1248,000DBDEC,0,1,1,4294967295,0,0
oInvCollPH,384,1248,001FE050,0,1,1,4294967295,0,0
oInvCollPH,400,1248,0002EC0D,0,1,1,4294967295,0,0
oInvCollPH,416,1248,0036D01B,0,1,1,4294967295,0,0
oInvCollPH,432,1248,0010A2A3,0,1,1,4294967295,0,0
oInvCollPH,448,1248,00303E4C,0,1,1,4294967295,0,0
oInvCollPH,464,1248,00354458,0,1,1,4294967295,0,0
oInvCollPH,176,192,00086882,0,1,1,4294967295,0,0
oInvCollPH,176,208,00213B06,0,1,1,4294967295,0,0
oInvCollPH,176,224,002AF356,0,1,1,4294967295,0,0
oInvCollPH,176,240,003FBA74,0,1,1,4294967295,0,0
oInvCollPH,176,256,0001375F,0,1,1,4294967295,0,0
oInvCollPH,288,192,0015DE22,0,1,1,4294967295,0,0
oInvCollPH,288,208,00304B01,0,1,1,4294967295,0,0
oInvCollPH,288,224,0020CE80,0,1,1,4294967295,0,0
oInvCollPH,288,240,001E6E89,0,1,1,4294967295,0,0
oInvCollPH,288,256,00283114,0,1,1,4294967295,0,0
oInvCollPH,224,288,0033FBB8,0,1,1,4294967295,0,0
oInvCollPH,240,288,0033B6D0,0,1,1,4294967295,0,0
oInvCollPH,240,272,000DB12B,0,1,1,4294967295,0,0
oInvCollPH,192,384,0035A474,0,1,1,4294967295,0,0
oInvCollPH,192,400,0008309C,0,1,1,4294967295,0,0
oInvCollPH,272,384,0017A05D,0,1,1,4294967295,0,0
oInvCollPH,272,400,002B8FE7,0,1,1,4294967295,0,0
oInvCollPH,416,112,002AC49A,0,1,1,4294967295,0,0
oInvCollPH,432,112,001F5B21,0,1,1,4294967295,0,0
oInvCollPH,448,112,00316832,0,1,1,4294967295,0,0
oInvCollPH,464,112,00001D36,0,1,1,4294967295,0,0
oInvCollPH,400,128,001FDD0E,0,1,1,4294967295,0,0
oInvCollPH,400,144,00318574,0,1,1,4294967295,0,0
oInvCollPH,400,160,000F7BA0,0,1,1,4294967295,0,0
oInvCollPH,400,176,002A7279,0,1,1,4294967295,0,0
oInvCollPH,16,112,003EE9B3,0,1,1,4294967295,0,0
oInvCollPH,32,112,00206332,0,1,1,4294967295,0,0
oInvCollPH,48,112,0025B681,0,1,1,4294967295,0,0
oInvCollPH,64,112,001FB910,0,1,1,4294967295,0,0
oInvCollPH,64,128,00319F18,0,1,1,4294967295,0,0
oInvCollPH,64,144,0022F08E,0,1,1,4294967295,0,0
oInvCollPH,64,160,0035B80B,0,1,1,4294967295,0,0
oInvCollPH,64,176,0019F89F,0,1,1,4294967295,0,0
oInvCollPH,80,192,002430AA,0,1,1,4294967295,0,0
oInvCollPH,96,192,0001C70C,0,1,1,4294967295,0,0
oInvCollPH,96,208,00010643,0,1,1,4294967295,0,0
oInvCollPH,96,224,003BDD6B,0,1,1,4294967295,0,0
oInvCollPH,96,240,00380327,0,1,1,4294967295,0,0
oInvCollPH,96,256,00318DF4,0,1,1,4294967295,0,0
oInvCollPH,96,272,0001CABC,0,1,1,4294967295,0,0
oInvCollPH,80,272,0014A143,0,1,1,4294967295,0,0
oInvCollPH,64,272,003EE068,0,1,1,4294967295,0,0
oInvCollPH,384,208,000E98D4,0,1,1,4294967295,0,0
oInvCollPH,384,224,0023720D,0,1,1,4294967295,0,0
oInvCollPH,48,288,0009B873,0,1,1,4294967295,0,0
oInvCollPH,48,304,000C0C97,0,1,1,4294967295,0,0
oInvCollPH,48,320,00229C0B,0,1,1,4294967295,0,0
oInvCollPH,48,336,0013F803,0,1,1,4294967295,0,0
oInvCollPH,48,352,00167C78,0,1,1,4294967295,0,0
oInvCollPH,48,368,00090E8B,0,1,1,4294967295,0,0
oInvCollPH,48,384,00369691,0,1,1,4294967295,0,0
oInvCollPH,48,400,00128CA2,0,1,1,4294967295,0,0
oInvCollPH,48,416,00392711,0,1,1,4294967295,0,0
oInvCollPH,32,416,002F6595,0,1,1,4294967295,0,0
oInvCollPH,16,432,0025CC4E,0,1,1,4294967295,0,0
oInvCollPH,16,448,00032D07,0,1,1,4294967295,0,0
oInvCollPH,16,464,001CD356,0,1,1,4294967295,0,0
oInvCollPH,16,480,001A9E93,0,1,1,4294967295,0,0
oInvCollPH,16,496,00398B70,0,1,1,4294967295,0,0
oInvCollPH,16,512,00345AEA,0,1,1,4294967295,0,0
oInvCollPH,16,528,001EE849,0,1,1,4294967295,0,0
oInvCollPH,32,544,003B0CFC,0,1,1,4294967295,0,0
oInvCollPH,48,544,002AFFF9,0,1,1,4294967295,0,0
oInvCollPH,64,544,00286D22,0,1,1,4294967295,0,0
oInvCollPH,80,544,002F2EBB,0,1,1,4294967295,0,0
oInvCollPH,80,560,00168B1B,0,1,1,4294967295,0,0
oInvCollPH,80,576,0012B3B5,0,1,1,4294967295,0,0
oInvCollPH,80,592,002597F7,0,1,1,4294967295,0,0
oInvCollPH,80,608,00117AB5,0,1,1,4294967295,0,0
oInvCollPH,80,624,002E8F32,0,1,1,4294967295,0,0
oInvCollPH,0,1104,003E17C8,0,1,1,4294967295,0,0
oInvCollPH,16,1104,003332B9,0,1,1,4294967295,0,0
oInvCollPH,32,1104,003BC1A8,0,1,1,4294967295,0,0
oInvCollPH,48,1104,00061E65,0,1,1,4294967295,0,0
oInvCollPH,48,1088,002A399C,0,1,1,4294967295,0,0
oInvCollPH,48,1072,0023DDF7,0,1,1,4294967295,0,0
oInvCollPH,48,1056,003952BE,0,1,1,4294967295,0,0
oInvCollPH,48,1040,00322109,0,1,1,4294967295,0,0
oInvCollPH,224,1104,003D3F56,0,1,1,4294967295,0,0
oInvCollPH,224,1120,003AD5D2,0,1,1,4294967295,0,0
oInvCollPH,224,1136,00292241,0,1,1,4294967295,0,0
oInvCollPH,320,1008,000C82B3,0,1,1,4294967295,0,0
oInvCollPH,320,1024,002ECC4F,0,1,1,4294967295,0,0
oInvCollPH,320,1040,003D48E9,0,1,1,4294967295,0,0
oInvCollPH,416,896,0019641F,0,1,1,4294967295,0,0
oInvCollPH,432,896,002DD3BE,0,1,1,4294967295,0,0
oInvCollPH,400,912,0015C599,0,1,1,4294967295,0,0
oInvCollPH,400,928,0038624A,0,1,1,4294967295,0,0
oInvCollPH,416,928,0000B808,0,1,1,4294967295,0,0
oInvCollPH,432,928,0007010F,0,1,1,4294967295,0,0
oInvCollPH,288,832,000537A0,0,1,1,4294967295,0,0
oInvCollPH,400,640,001570DE,0,1,1,4294967295,0,0
oInvCollPH,400,656,002B7F08,0,1,1,4294967295,0,0
oInvCollPH,400,672,002B076D,0,1,1,4294967295,0,0
oInvCollPH,400,688,00283647,0,1,1,4294967295,0,0
oInvCollPH,416,688,0029F137,0,1,1,4294967295,0,0
oInvCollPH,432,688,002BFFCF,0,1,1,4294967295,0,0
oInvCollPH,208,752,003AFE4A,0,1,1,4294967295,0,0
oInvCollPH,208,768,002893E9,0,1,1,4294967295,0,0
oInvCollPH,208,784,0005BE97,0,1,1,4294967295,0,0
oInvCollPH,96,896,0036FAD0,0,1,1,4294967295,0,0
oInvCollPH,96,912,001B5F10,0,1,1,4294967295,0,0
oInvCollPH,96,928,00033193,0,1,1,4294967295,0,0
oInvCollPH,96,944,002778D7,0,1,1,4294967295,0,0
oInvCollPH,96,960,0036C10D,0,1,1,4294967295,0,0
oInvCollPH,96,976,0014C4A1,0,1,1,4294967295,0,0
oInvCollPH,96,992,001716D6,0,1,1,4294967295,0,0
oInvCollPH,96,1008,002195C2,0,1,1,4294967295,0,0
oInvCollPH,96,1024,001B3C53,0,1,1,4294967295,0,0
oInvCollPH,80,1024,001D8AF8,0,1,1,4294967295,0,0
oInvCollPH,64,1024,0004464D,0,1,1,4294967295,0,0
oInvCollPH,96,640,00187E36,0,1,1,4294967295,0,0
oInvCollPH,112,640,00146F7D,0,1,1,4294967295,0,0
oInvCollPH,128,640,003974D2,0,1,1,4294967295,0,0
oInvCollPH,128,656,00359BDA,0,1,1,4294967295,0,0
oInvCollPH,128,672,00067F69,0,1,1,4294967295,0,0
oInvCollPH,128,688,0035DE2D,0,1,1,4294967295,0,0
oInvCollPH,128,704,00285C00,0,1,1,4294967295,0,0
oInvCollPH,128,784,003627DC,0,1,1,4294967295,0,0
oInvCollPH,128,768,000C37A1,0,1,1,4294967295,0,0
oInvCollPH,128,752,00127C35,0,1,1,4294967295,0,0
oInvCollPH,128,736,0030EE7F,0,1,1,4294967295,0,0
oInvCollPH,128,720,000FFD65,0,1,1,4294967295,0,0
oInvCollPH,128,800,001E9DC1,0,1,1,4294967295,0,0
oInvCollPH,128,816,00323D32,0,1,1,4294967295,0,0
oInvCollPH,128,832,001F3A5B,0,1,1,4294967295,0,0
oInvCollPH,128,848,003670FB,0,1,1,4294967295,0,0
oInvCollPH,128,864,0036E9BC,0,1,1,4294967295,0,0
oInvCollPH,128,880,000A4FE2,0,1,1,4294967295,0,0
oInvCollPH,112,880,00262423,0,1,1,4294967295,0,0
oInvCollPH,448,720,0012E199,0,1,1,4294967295,0,0
oInvCollPH,448,736,0036783A,0,1,1,4294967295,0,0
oInvCollPH,448,752,003FB267,0,1,1,4294967295,0,0
oInvCollPH,448,768,001AD6AC,0,1,1,4294967295,0,0
oInvCollPH,448,784,002089B4,0,1,1,4294967295,0,0
oInvCollPH,448,800,00023C33,0,1,1,4294967295,0,0
oInvCollPH,448,816,00391B7B,0,1,1,4294967295,0,0
oInvCollPH,448,832,001894C9,0,1,1,4294967295,0,0
oInvCollPH,448,848,0005E790,0,1,1,4294967295,0,0
oInvCollPH,448,864,00291B77,0,1,1,4294967295,0,0
oInvCollPH,448,880,00297021,0,1,1,4294967295,0,0
oInvCollPH,448,944,00253E40,0,1,1,4294967295,0,0
oInvCollPH,448,960,003B2B5D,0,1,1,4294967295,0,0
oInvCollPH,448,976,00350119,0,1,1,4294967295,0,0
oInvCollPH,448,992,003993C0,0,1,1,4294967295,0,0
oInvCollPH,448,1008,0002D6FD,0,1,1,4294967295,0,0
oInvCollPH,448,1024,000CA5F0,0,1,1,4294967295,0,0
oInvCollPH,448,1040,001FC049,0,1,1,4294967295,0,0
oInvCollPH,448,1104,00143593,0,1,1,4294967295,0,0
oInvCollPH,432,1120,002A2991,0,1,1,4294967295,0,0
oInvCollPH,448,1136,002959BD,0,1,1,4294967295,0,0
oInvCollPH,448,1152,002978EE,0,1,1,4294967295,0,0
oInvCollPH,448,1168,00241292,0,1,1,4294967295,0,0
oInvCollPH,448,1184,00355E12,0,1,1,4294967295,0,0
oInvCollPH,448,1200,0029FFEC,0,1,1,4294967295,0,0
oInvCollPH,320,544,0024B204,0,1,1,4294967295,0,0
oInvCollPH,320,560,001B8504,0,1,1,4294967295,0,0
oInvCollPH,320,576,00219E1C,0,1,1,4294967295,0,0
oInvCollPH,320,592,001D46C6,0,1,1,4294967295,0,0
oInvCollPH,320,608,0010EAC9,0,1,1,4294967295,0,0
oInvCollPH,336,608,002383C3,0,1,1,4294967295,0,0
oInvCollPH,352,608,0007C65D,0,1,1,4294967295,0,0
oInvCollPH,368,608,000A92E6,0,1,1,4294967295,0,0
oInvCollPH,384,608,00267DCC,0,1,1,4294967295,0,0
oInvCollPH,352,448,0009EC37,0,1,1,4294967295,0,0
oInvCollPH,336,464,0027095E,0,1,1,4294967295,0,0
oInvCollPH,336,480,00118F41,0,1,1,4294967295,0,0
oInvCollPH,336,496,003F73C1,0,1,1,4294967295,0,0
oInvCollPH,336,512,0027E0B3,0,1,1,4294967295,0,0
oInvCollPH,368,256,0003C3D4,0,1,1,4294967295,0,0
oInvCollPH,368,272,00288DFF,0,1,1,4294967295,0,0
oInvCollPH,368,288,0030B95C,0,1,1,4294967295,0,0
oInvCollPH,368,304,003117DD,0,1,1,4294967295,0,0
oInvCollPH,368,384,0007119F,0,1,1,4294967295,0,0
oInvCollPH,368,368,0000944E,0,1,1,4294967295,0,0
oInvCollPH,368,352,001FD6C7,0,1,1,4294967295,0,0
oInvCollPH,368,336,00393B2E,0,1,1,4294967295,0,0
oInvCollPH,368,320,003E8FA3,0,1,1,4294967295,0,0
oInvCollPH,368,400,002861F4,0,1,1,4294967295,0,0
oInvCollPH,368,416,00376A6A,0,1,1,4294967295,0,0
oInvCollPH,368,432,00376718,0,1,1,4294967295,0,0
oInvCollPH,464,1088,001C4B5A,0,1,1,4294967295,0,0
oInvCollSM,464,1056,00276760,0,1,1,4294967295,0,0
oInvCollPH,416,1120,0003D1BE,0,1,1,4294967295,0,0
oInvisibleSolidMorph,448,1216,002EF4BC,0,1,1,4294967295,0,1
oInvisibleSolid,160,1248,002B0763,0,1,1,4294967295,0,1
oInvisibleSolid,0,1184,0019EFCD,0,1,1,4294967295,0,1
oInvisibleSolid,0,0,00235136,0,1,1,4294967295,0,1
oInvisibleSolid,144,48,0012E993,0,1,1,4294967295,0,1
oInvisibleSolid,0,112,00224B95,0,1,1,4294967295,0,1
oInvisibleSolid,400,112,00308D7E,0,1,1,4294967295,0,1
oInvisibleSolid,0,1040,001F0CCB,0,1,1,4294967295,0,1
oInvisibleSolid,0,896,003B9A94,0,1,1,4294967295,0,1
oInvisibleSolid,0,640,003F77D8,0,1,1,4294967295,0,1
oInvisibleSolid,0,544,00329A74,0,1,1,4294967295,0,1
oInvisibleSolid,400,896,0003638B,0,1,1,4294967295,0,1
oInvisibleSolid,448,704,00340F53,0,1,1,4294967295,0,1
oInvisibleSolid,400,624,001F6BC1,0,1,1,4294967295,0,1
oInvisibleSolid,320,528,00149C90,0,1,1,4294967295,0,1
oInvisibleSolid,0,432,0031DBA3,0,1,1,4294967295,0,1
oInvisibleSolid,0,288,00150E88,0,1,1,4294967295,0,1
oInvisibleSolid,0,192,002DD2D8,0,1,1,4294967295,0,1
oInvisibleSolid,336,448,000E1F03,0,1,1,4294967295,0,1
oInvisibleSolid,368,240,000AC135,0,1,1,4294967295,0,1
oInvisibleSolid,384,192,003258C2,0,1,1,4294967295,0,1
oInvisibleSolid,176,176,00236966,0,1,1,4294967295,0,1
oInvisibleSolid,288,176,0024EF15,0,1,1,4294967295,0,1
oInvisibleSolid,224,272,00265C1E,0,1,1,4294967295,0,1
oInvisibleSolid,192,368,00172E04,0,1,1,4294967295,0,1
oInvisibleSolid,272,368,0017706D,0,1,1,4294967295,0,1
oInvisibleSolid,208,736,003CEDF0,0,1,1,4294967295,0,1
oInvisibleSolid,288,816,0022D921,0,1,1,4294967295,0,1
oInvisibleSolid,320,992,0019BBB7,0,1,1,4294967295,0,1
oInvisibleSolid,224,1088,000E2370,0,1,1,4294967295,0,1
oInvisibleSolid,448,1088,002BC840,0,1,1,4294967295,0,1
oInvisibleSolidMorph,448,1056,00155DC5,0,1,1,4294967295,0,1
oInvisibleSolid,400,1120,0026F377,0,1,1,4294967295,0,1
