oExit,104,112,001655D0,0,1,1,4294967295,0,1
oBegoniaFan,48,256,002E9C2E,0,1,1,4294967295,0,1
oBegoniaFan,384,336,000BE6CD,0,1,1,4294967295,0,1
oBegoniaFan,976,352,002E23E1,0,1,1,4294967295,0,1
oBegoniaFan,736,512,002A675C,0,1,1,4294967295,0,1
oBegoniaFan,1008,512,002636E5,0,1,1,4294967295,0,1
oBegoniaFan,544,688,0033E4F7,0,1,1,4294967295,0,1
oABubblePile,336,768,00380893,0,1,1,4294967295,0,0
oBegoniaFan,416,960,003EF7E9,0,1,1,4294967295,0,1
oBegoniaFan,480,960,0027E758,0,1,1,4294967295,0,1
oBegoniaFan,48,736,001CAC51,0,1,1,4294967295,0,0
oBegoniaFan,128,400,001E5C4C,0,1,1,4294967295,0,1
oBegoniaFan,1104,768,0017A059,0,1,1,4294967295,0,1
oBegoniaFan,1040,624,000F4E32,0,1,1,4294967295,0,1
oBegoniaFan,1216,496,002C0889,0,1,1,4294967295,0,1
oBegoniaFan,1488,960,0010324E,0,1,1,4294967295,0,1
oBegoniaFan,1424,752,0013B0C5,0,1,1,4294967295,0,1
oBegoniaFan,1488,544,002DFF78,0,1,1,4294967295,0,1
oABubblePile,1384,944,003995CB,0,1,1,4294967295,0,0
oBegoniaFan,1680,656,003D09A4,0,1,1,4294967295,0,1
oBegoniaFan,1584,816,00295C9F,0,1,1,4294967295,0,0
oABubblePile,1952,944,0033D5A3,0,1,1,4294967295,0,0
oBegoniaFan,1808,400,000B0253,0,1,1,4294967295,0,1
oExit,2032,928,001A906F,0,1,1,4294967295,0,1
oABubblePile,1920,352,0012CBF3,0,1,1,4294967295,0,0
oExit,2032,336,000C4374,0,1,1,4294967295,0,1
oABubblePile,608,480,000EA588,0,1,1,4294967295,0,0
oHeartEnergy,1160,544,00237938,0,1,1,4294967295,0,1
oMoneyChest,944,544,000B5D75,0,1,1,4294967295,0,1
oZeldaBreakPot,824,768,0008AE2B,0,1,1,4294967295,0,0
oZeldaBreakPot,328,944,0018EF3A,0,1,1,4294967295,0,0
oZeldaBreakPot,1544,320,002BD0FF,0,1,1,4294967295,0,0
oMarioSpikeFloor,592,800,0009C8DA,0,1,1,4294967295,0,0
oMarioSpikeFloor,608,800,000270FA,0,1,1,4294967295,0,0
oMarioSpikeFloor,720,800,004043DA,0,1,1,4294967295,0,0
oMarioSpikeFloor,736,800,00043841,0,1,1,4294967295,0,0
oMarioSpikeFloor,752,800,003934E0,0,1,1,4294967295,0,0
oMarioSpikeFloor,768,800,0032989D,0,1,1,4294967295,0,0
oMarioSpikeFloor,880,800,003A3DF6,0,1,1,4294967295,0,0
oMarioSpikeFloor,896,800,002C7D2A,0,1,1,4294967295,0,0
oMarioSpikeFloor,912,800,003D84FE,0,1,1,4294967295,0,0
oMarioSpikeFloor,928,800,00063019,0,1,1,4294967295,0,0
oWaterMine,432,448,0034A737,0,1,1,4294967295,0,0
oWaterMine,128,592,0025DF52,0,1,1,4294967295,0,0
oWaterMine,64,672,002515F6,0,1,1,4294967295,0,0
oWaterMine,136,752,000FD6B0,0,1,1,4294967295,0,0
oWaterMine,272,912,002DD466,0,1,1,4294967295,0,0
oWaterMine,416,832,000E4D5D,0,1,1,4294967295,0,0
oWaterMine,480,832,0033C1C3,0,1,1,4294967295,0,0
oWaterMine,736,752,0039F7DA,0,1,1,4294967295,0,0
oWaterMine,224,432,00260380,0,1,1,4294967295,0,0
oWaterMine,328,488,0031AC82,0,1,1,4294967295,0,0
oWaterMine,1080,624,0006B912,0,1,1,4294967295,0,0
oWaterMine,1136,624,003B5846,0,1,1,4294967295,0,0
oWaterMine,1280,704,000F8104,0,1,1,4294967295,0,0
oWaterMine,1312,784,0015DB70,0,1,1,4294967295,0,0
oWaterMine,1280,864,00239F5B,0,1,1,4294967295,0,0
oWaterMine,1608,416,00167EF2,0,1,1,4294967295,0,0
oWaterMine,1656,416,00356184,0,1,1,4294967295,0,0
oWaterMine,1600,496,0017E21A,0,1,1,4294967295,0,0
oWaterMine,1648,496,000B53D7,0,1,1,4294967295,0,0
oWaterMine,1592,576,003E893A,0,1,1,4294967295,0,0
oWaterMine,1640,576,001D99CC,0,1,1,4294967295,0,0
oWaterMine,1672,416,00374C83,0,1,1,4294967295,0,0
oWaterMine,1664,496,0007732C,0,1,1,4294967295,0,0
oWaterMine,1664,576,000AEBF1,0,1,1,4294967295,0,0
oWaterMine,1608,656,00020A5F,0,1,1,4294967295,0,0
oWaterMine,1592,656,00071CEF,0,1,1,4294967295,0,0
oWaterMine,1672,656,002A48E2,0,1,1,4294967295,0,0
oWaterMine,1600,736,003B8CB5,0,1,1,4294967295,0,0
oWaterMine,1656,736,0002103E,0,1,1,4294967295,0,0
oWaterMine,1608,816,0007A099,0,1,1,4294967295,0,0
oWaterMine,1664,816,00142CF9,0,1,1,4294967295,0,0
oWaterMine,1728,928,000D9BAF,0,1,1,4294967295,0,0
oWaterMine,1600,928,0006ED23,0,1,1,4294967295,0,0
oWB_TridentFish,832,368,0037796D,0,1,1,4294967295,0,0
oPlayer1,144,144,001DFFCD,0,1,1,4294967295,0,0
oWaterVolume,0,176,00089E3C,0,1,1,4294967295,0,1
oInvCollPH,64,144,0021C755,0,1,1,4294967295,0,0
oInvCollPH,80,144,00037F10,0,1,1,4294967295,0,0
oInvCollPH,96,144,00137DE6,0,1,1,4294967295,0,0
oInvCollPH,112,144,002317D3,0,1,1,4294967295,0,0
oInvCollPH,128,144,0038F46C,0,1,1,4294967295,0,0
oInvCollPH,144,144,0008F7FB,0,1,1,4294967295,0,0
oInvCollPH,160,144,000174EA,0,1,1,4294967295,0,0
oInvCollPH,176,144,00015B11,0,1,1,4294967295,0,0
oInvCollPH,192,144,002CD96F,0,1,1,4294967295,0,0
oInvCollPH,208,144,002704E8,0,1,1,4294967295,0,0
oInvCollPH,224,144,00238E50,0,1,1,4294967295,0,0
oInvCollPH,240,144,001828D6,0,1,1,4294967295,0,0
oInvCollPH,256,144,002B0E8E,0,1,1,4294967295,0,0
oInvCollPH,272,144,0039540A,0,1,1,4294967295,0,0
oInvCollPH,288,144,0010D288,0,1,1,4294967295,0,0
oInvCollPH,304,144,000A0860,0,1,1,4294967295,0,0
oInvCollPH,320,144,0035AF8A,0,1,1,4294967295,0,0
oInvCollPH,336,144,001B579F,0,1,1,4294967295,0,0
oInvCollPH,352,144,00192DC3,0,1,1,4294967295,0,0
oInvCollPH,352,160,0030F957,0,1,1,4294967295,0,0
oInvCollPH,352,176,00375901,0,1,1,4294967295,0,0
oInvCollPH,352,192,002857C7,0,1,1,4294967295,0,0
oInvCollPH,336,192,000DA339,0,1,1,4294967295,0,0
oInvCollPH,320,192,00087A11,0,1,1,4294967295,0,0
oInvCollPH,304,192,000A2737,0,1,1,4294967295,0,0
oInvCollPH,288,192,00392572,0,1,1,4294967295,0,0
oInvCollPH,272,192,00074A14,0,1,1,4294967295,0,0
oInvCollPH,256,192,000A3628,0,1,1,4294967295,0,0
oInvCollPH,240,192,00298365,0,1,1,4294967295,0,0
oInvCollPH,224,192,0035DFF1,0,1,1,4294967295,0,0
oInvCollPH,208,192,000892CB,0,1,1,4294967295,0,0
oInvCollPH,192,192,0010A47C,0,1,1,4294967295,0,0
oInvCollPH,176,192,00126B18,0,1,1,4294967295,0,0
oInvCollPH,160,192,001C6F33,0,1,1,4294967295,0,0
oInvCollPH,144,192,0029B7B3,0,1,1,4294967295,0,0
oInvCollPH,128,192,00313581,0,1,1,4294967295,0,0
oInvCollPH,112,192,002FBC34,0,1,1,4294967295,0,0
oInvCollPH,96,192,002F7B20,0,1,1,4294967295,0,0
oInvCollPH,80,192,000DF132,0,1,1,4294967295,0,0
oInvCollPH,64,192,00049150,0,1,1,4294967295,0,0
oInvCollPH,48,192,00319268,0,1,1,4294967295,0,0
oInvCollPH,32,48,000F7D13,0,1,1,4294967295,0,0
oInvCollPH,32,64,00334B4A,0,1,1,4294967295,0,0
oInvCollPH,32,80,002C251D,0,1,1,4294967295,0,0
oInvCollPH,32,96,000DAC1A,0,1,1,4294967295,0,0
oInvCollPH,32,112,0014A498,0,1,1,4294967295,0,0
oInvCollPH,32,128,0036A56C,0,1,1,4294967295,0,0
oInvCollPH,32,208,002965C2,0,1,1,4294967295,0,0
oInvCollPH,32,224,002BF315,0,1,1,4294967295,0,0
oInvCollPH,32,240,00071CED,0,1,1,4294967295,0,0
oInvCollPH,32,256,00018212,0,1,1,4294967295,0,0
oInvCollPH,32,272,003A5E3B,0,1,1,4294967295,0,0
oInvCollPH,32,288,00156B9D,0,1,1,4294967295,0,0
oInvCollPH,48,32,002E3E78,0,1,1,4294967295,0,0
oInvCollPH,64,32,001C71AA,0,1,1,4294967295,0,0
oInvCollPH,80,32,002EAD2F,0,1,1,4294967295,0,0
oInvCollPH,96,32,00117857,0,1,1,4294967295,0,0
oInvCollPH,112,32,0034A51F,0,1,1,4294967295,0,0
oInvCollPH,128,32,00340ADB,0,1,1,4294967295,0,0
oInvCollPH,144,32,00054FE9,0,1,1,4294967295,0,0
oInvCollPH,272,32,00223FBF,0,1,1,4294967295,0,0
oInvCollPH,256,32,00390393,0,1,1,4294967295,0,0
oInvCollPH,240,32,003455A0,0,1,1,4294967295,0,0
oInvCollPH,224,32,002BD3CF,0,1,1,4294967295,0,0
oInvCollPH,208,32,002B6E65,0,1,1,4294967295,0,0
oInvCollPH,192,32,002A5FA7,0,1,1,4294967295,0,0
oInvCollPH,176,32,002562C6,0,1,1,4294967295,0,0
oInvCollPH,160,32,0008706D,0,1,1,4294967295,0,0
oInvCollPH,64,304,00190938,0,1,1,4294967295,0,0
oInvCollPH,80,304,0025BDCA,0,1,1,4294967295,0,0
oInvCollPH,96,304,00097532,0,1,1,4294967295,0,0
oInvCollPH,112,304,000FE5D2,0,1,1,4294967295,0,0
oInvCollPH,128,304,002D7B91,0,1,1,4294967295,0,0
oInvCollPH,144,304,00164925,0,1,1,4294967295,0,0
oInvCollPH,160,304,000C155F,0,1,1,4294967295,0,0
oInvCollPH,176,304,002A0CB8,0,1,1,4294967295,0,0
oInvCollPH,192,304,002C707F,0,1,1,4294967295,0,0
oInvCollPH,352,304,002CBBC1,0,1,1,4294967295,0,0
oInvCollPH,336,304,00201318,0,1,1,4294967295,0,0
oInvCollPH,320,304,00065FCF,0,1,1,4294967295,0,0
oInvCollPH,304,304,002C93B2,0,1,1,4294967295,0,0
oInvCollPH,288,304,000EA8CA,0,1,1,4294967295,0,0
oInvCollPH,272,304,003CC8C7,0,1,1,4294967295,0,0
oInvCollPH,256,304,000A0029,0,1,1,4294967295,0,0
oInvCollPH,240,304,0023F78D,0,1,1,4294967295,0,0
oInvCollPH,224,304,003485E9,0,1,1,4294967295,0,0
oInvCollPH,208,304,00388086,0,1,1,4294967295,0,0
oInvCollPH,512,304,000F1AB2,0,1,1,4294967295,0,0
oInvCollPH,496,304,001841E4,0,1,1,4294967295,0,0
oInvCollPH,480,304,003395B8,0,1,1,4294967295,0,0
oInvCollPH,464,304,000FE2CA,0,1,1,4294967295,0,0
oInvCollPH,448,304,000535F7,0,1,1,4294967295,0,0
oInvCollPH,432,304,0028BE34,0,1,1,4294967295,0,0
oInvCollPH,416,304,000D8102,0,1,1,4294967295,0,0
oInvCollPH,400,320,00390201,0,1,1,4294967295,0,0
oInvCollPH,352,320,000AB99A,0,1,1,4294967295,0,0
oInvCollPH,448,144,0023BBBB,0,1,1,4294967295,0,0
oInvCollPH,464,144,002EFA43,0,1,1,4294967295,0,0
oInvCollPH,480,144,002ADFAC,0,1,1,4294967295,0,0
oInvCollPH,496,144,00149CE2,0,1,1,4294967295,0,0
oInvCollPH,512,144,0001EEB5,0,1,1,4294967295,0,0
oInvCollPH,528,144,003ABDCC,0,1,1,4294967295,0,0
oInvCollPH,544,144,003B99A1,0,1,1,4294967295,0,0
oInvCollPH,560,144,003165AC,0,1,1,4294967295,0,0
oInvCollPH,576,144,0006E48B,0,1,1,4294967295,0,0
oInvCollPH,432,160,0000D709,0,1,1,4294967295,0,0
oInvCollPH,432,176,0026BCEC,0,1,1,4294967295,0,0
oInvCollPH,432,192,0006AA38,0,1,1,4294967295,0,0
oInvCollPH,448,192,003A434A,0,1,1,4294967295,0,0
oInvCollPH,464,192,0039061B,0,1,1,4294967295,0,0
oInvCollPH,480,192,0004563F,0,1,1,4294967295,0,0
oInvCollPH,496,192,002AE952,0,1,1,4294967295,0,0
oInvCollPH,512,192,003F33F7,0,1,1,4294967295,0,0
oInvCollPH,528,192,00207485,0,1,1,4294967295,0,0
oInvCollPH,544,192,003AEE23,0,1,1,4294967295,0,0
oInvCollPH,560,192,002BB2D6,0,1,1,4294967295,0,0
oInvCollPH,576,192,002C825C,0,1,1,4294967295,0,0
oInvCollPH,528,304,0018E489,0,1,1,4294967295,0,0
oInvCollPH,544,304,001FC341,0,1,1,4294967295,0,0
oInvCollPH,544,320,00342B39,0,1,1,4294967295,0,0
oInvCollPH,544,336,002A801F,0,1,1,4294967295,0,0
oInvCollPH,736,528,000D31FD,0,1,1,4294967295,0,0
oInvCollPH,736,144,0025424D,0,1,1,4294967295,0,0
oInvCollPH,720,144,0035BFAD,0,1,1,4294967295,0,0
oInvCollPH,704,144,0037EB18,0,1,1,4294967295,0,0
oInvCollPH,688,144,000BA50A,0,1,1,4294967295,0,0
oInvCollPH,672,144,0028C9CE,0,1,1,4294967295,0,0
oInvCollPH,656,144,00241832,0,1,1,4294967295,0,0
oInvCollPH,640,144,0027A9CA,0,1,1,4294967295,0,0
oInvCollPH,624,144,00369C0F,0,1,1,4294967295,0,0
oInvCollPH,608,144,001303F6,0,1,1,4294967295,0,0
oInvCollPH,592,144,002F9BD4,0,1,1,4294967295,0,0
oInvCollPH,592,192,00109711,0,1,1,4294967295,0,0
oInvCollPH,608,192,002C6CFC,0,1,1,4294967295,0,0
oInvCollPH,624,192,000EDAE7,0,1,1,4294967295,0,0
oInvCollPH,640,192,00325FAE,0,1,1,4294967295,0,0
oInvCollPH,656,192,003D4F12,0,1,1,4294967295,0,0
oInvCollPH,672,192,00340FA1,0,1,1,4294967295,0,0
oInvCollPH,688,192,000DB5B1,0,1,1,4294967295,0,0
oInvCollPH,720,192,00248BB2,0,1,1,4294967295,0,0
oInvCollPH,736,192,003A90C1,0,1,1,4294967295,0,0
oInvCollPH,752,192,0004EC84,0,1,1,4294967295,0,0
oInvCollPH,768,192,0021B3F1,0,1,1,4294967295,0,0
oInvCollPH,784,192,0039AE64,0,1,1,4294967295,0,0
oInvCollPH,800,192,0036C4F0,0,1,1,4294967295,0,0
oInvCollPH,816,192,001A5275,0,1,1,4294967295,0,0
oInvCollPH,832,192,00030C0F,0,1,1,4294967295,0,0
oInvCollPH,848,192,00196180,0,1,1,4294967295,0,0
oInvCollPH,864,192,002C9F56,0,1,1,4294967295,0,0
oInvCollPH,704,192,00076425,0,1,1,4294967295,0,0
oInvCollPH,752,144,002A3CF3,0,1,1,4294967295,0,0
oInvCollPH,768,144,00399F3D,0,1,1,4294967295,0,0
oInvCollPH,784,144,002B8E57,0,1,1,4294967295,0,0
oInvCollPH,800,144,001D8A4B,0,1,1,4294967295,0,0
oInvCollPH,816,144,00314673,0,1,1,4294967295,0,0
oInvCollPH,832,144,0027FBF1,0,1,1,4294967295,0,0
oInvCollPH,848,144,001B2676,0,1,1,4294967295,0,0
oInvCollPH,864,144,00398855,0,1,1,4294967295,0,0
oInvCollPH,880,144,0009196B,0,1,1,4294967295,0,0
oInvCollPH,896,144,002BEB90,0,1,1,4294967295,0,0
oInvCollPH,912,144,0029DCD1,0,1,1,4294967295,0,0
oInvCollPH,928,144,00272692,0,1,1,4294967295,0,0
oInvCollPH,928,160,0015DE45,0,1,1,4294967295,0,0
oInvCollPH,928,176,002E4BE0,0,1,1,4294967295,0,0
oInvCollPH,928,192,002419BF,0,1,1,4294967295,0,0
oInvCollPH,880,224,0014BE0D,0,1,1,4294967295,0,0
oInvCollPH,880,240,0018F5F1,0,1,1,4294967295,0,0
oInvCollPH,880,256,002DF97E,0,1,1,4294967295,0,0
oInvCollPH,880,272,00053982,0,1,1,4294967295,0,0
oInvCollPH,880,288,002093B3,0,1,1,4294967295,0,0
oInvCollPH,880,304,00234F29,0,1,1,4294967295,0,0
oInvCollPH,880,320,0011FFCA,0,1,1,4294967295,0,0
oInvCollPH,880,336,001FA803,0,1,1,4294967295,0,0
oInvCollPH,880,352,001C3FBF,0,1,1,4294967295,0,0
oInvCollPH,896,352,00132C33,0,1,1,4294967295,0,0
oInvCollPH,912,352,003DF153,0,1,1,4294967295,0,0
oInvCollPH,928,352,000A2D7A,0,1,1,4294967295,0,0
oInvCollPH,928,336,0031E0F4,0,1,1,4294967295,0,0
oInvCollPH,928,320,00373FC9,0,1,1,4294967295,0,0
oInvCollPH,928,304,001845B0,0,1,1,4294967295,0,0
oInvCollPH,928,288,00159E2C,0,1,1,4294967295,0,0
oInvCollPH,928,272,002390E6,0,1,1,4294967295,0,0
oInvCollPH,928,256,003AF09A,0,1,1,4294967295,0,0
oInvCollPH,928,240,000BE945,0,1,1,4294967295,0,0
oInvCollPH,928,224,00141CA0,0,1,1,4294967295,0,0
oInvCollPH,928,208,003381D2,0,1,1,4294967295,0,0
oInvCollPH,768,544,0016EC93,0,1,1,4294967295,0,0
oInvCollPH,784,544,00103CE7,0,1,1,4294967295,0,0
oInvCollPH,800,544,00161B6D,0,1,1,4294967295,0,0
oInvCollPH,816,544,000BB107,0,1,1,4294967295,0,0
oInvCollPH,832,544,0009B794,0,1,1,4294967295,0,0
oInvCollPH,848,544,00208E1B,0,1,1,4294967295,0,0
oInvCollPH,864,544,0008AF48,0,1,1,4294967295,0,0
oInvCollPH,880,544,001520AC,0,1,1,4294967295,0,0
oInvCollPH,896,544,002FDEA9,0,1,1,4294967295,0,0
oInvCollPH,960,352,00132C76,0,1,1,4294967295,0,0
oInvCollPH,992,352,00366DC0,0,1,1,4294967295,0,0
oInvCollPH,656,320,0033F990,0,1,1,4294967295,0,0
oInvCollPH,656,336,00234337,0,1,1,4294967295,0,0
oInvCollPH,672,304,001485E9,0,1,1,4294967295,0,0
oInvCollPH,688,304,00371C85,0,1,1,4294967295,0,0
oInvCollPH,704,304,00386403,0,1,1,4294967295,0,0
oInvCollPH,704,320,001A2213,0,1,1,4294967295,0,0
oInvCollPH,704,336,0017696F,0,1,1,4294967295,0,0
oInvCollPH,704,352,0031875A,0,1,1,4294967295,0,0
oInvCollPH,304,32,001CF878,0,1,1,4294967295,0,0
oInvCollPH,288,32,0008F2C6,0,1,1,4294967295,0,0
oInvCollPH,464,32,001F8D30,0,1,1,4294967295,0,0
oInvCollPH,448,32,0019A6E6,0,1,1,4294967295,0,0
oInvCollPH,432,32,003DF81E,0,1,1,4294967295,0,0
oInvCollPH,416,32,0021DCB5,0,1,1,4294967295,0,0
oInvCollPH,400,32,0017E303,0,1,1,4294967295,0,0
oInvCollPH,384,32,002DBB32,0,1,1,4294967295,0,0
oInvCollPH,368,32,000299AB,0,1,1,4294967295,0,0
oInvCollPH,352,32,0015D948,0,1,1,4294967295,0,0
oInvCollPH,336,32,0038DD7E,0,1,1,4294967295,0,0
oInvCollPH,320,32,003E9DD9,0,1,1,4294967295,0,0
oInvCollPH,624,32,00091077,0,1,1,4294967295,0,0
oInvCollPH,608,32,0011D52D,0,1,1,4294967295,0,0
oInvCollPH,592,32,000F7D56,0,1,1,4294967295,0,0
oInvCollPH,576,32,0024F3B6,0,1,1,4294967295,0,0
oInvCollPH,560,32,0027BDD5,0,1,1,4294967295,0,0
oInvCollPH,544,32,003B34C1,0,1,1,4294967295,0,0
oInvCollPH,528,32,000C818B,0,1,1,4294967295,0,0
oInvCollPH,512,32,0010C4A7,0,1,1,4294967295,0,0
oInvCollPH,496,32,00364C52,0,1,1,4294967295,0,0
oInvCollPH,480,32,00043BA7,0,1,1,4294967295,0,0
oInvCollPH,784,32,000882BC,0,1,1,4294967295,0,0
oInvCollPH,768,32,0031E8E9,0,1,1,4294967295,0,0
oInvCollPH,752,32,0015C3C2,0,1,1,4294967295,0,0
oInvCollPH,736,32,00025045,0,1,1,4294967295,0,0
oInvCollPH,720,32,0005DE72,0,1,1,4294967295,0,0
oInvCollPH,704,32,0008A476,0,1,1,4294967295,0,0
oInvCollPH,688,32,0003C104,0,1,1,4294967295,0,0
oInvCollPH,672,32,00365873,0,1,1,4294967295,0,0
oInvCollPH,656,32,00402B53,0,1,1,4294967295,0,0
oInvCollPH,640,32,00006016,0,1,1,4294967295,0,0
oInvCollPH,944,32,00128975,0,1,1,4294967295,0,0
oInvCollPH,928,32,001418B2,0,1,1,4294967295,0,0
oInvCollPH,912,32,002BCE30,0,1,1,4294967295,0,0
oInvCollPH,896,32,003DD34A,0,1,1,4294967295,0,0
oInvCollPH,880,32,00329088,0,1,1,4294967295,0,0
oInvCollPH,864,32,001F6803,0,1,1,4294967295,0,0
oInvCollPH,848,32,001CD49A,0,1,1,4294967295,0,0
oInvCollPH,832,32,00238999,0,1,1,4294967295,0,0
oInvCollPH,816,32,000792F3,0,1,1,4294967295,0,0
oInvCollPH,800,32,0000828A,0,1,1,4294967295,0,0
oInvCollPH,992,32,0011EF3F,0,1,1,4294967295,0,0
oInvCollPH,976,32,001D8223,0,1,1,4294967295,0,0
oInvCollPH,960,32,001601D6,0,1,1,4294967295,0,0
oInvCollPH,704,416,000E4843,0,1,1,4294967295,0,0
oInvCollPH,704,400,003BABB6,0,1,1,4294967295,0,0
oInvCollPH,704,384,000C9B6E,0,1,1,4294967295,0,0
oInvCollPH,704,368,001F196B,0,1,1,4294967295,0,0
oInvCollPH,704,432,000E6F52,0,1,1,4294967295,0,0
oInvCollPH,704,448,001F7109,0,1,1,4294967295,0,0
oInvCollPH,704,464,00072930,0,1,1,4294967295,0,0
oInvCollPH,704,480,001CB4E4,0,1,1,4294967295,0,0
oInvCollPH,704,496,000815DF,0,1,1,4294967295,0,0
oInvCollPH,656,480,000D63AC,0,1,1,4294967295,0,0
oInvCollPH,656,464,002A0EFF,0,1,1,4294967295,0,0
oInvCollPH,656,448,0013A67D,0,1,1,4294967295,0,0
oInvCollPH,656,432,000C3B26,0,1,1,4294967295,0,0
oInvCollPH,656,416,0026E238,0,1,1,4294967295,0,0
oInvCollPH,656,400,000A0022,0,1,1,4294967295,0,0
oInvCollPH,656,384,0009068E,0,1,1,4294967295,0,0
oInvCollPH,656,368,002C7C21,0,1,1,4294967295,0,0
oInvCollPH,656,352,000C0C76,0,1,1,4294967295,0,0
oInvCollPH,400,384,00268C59,0,1,1,4294967295,0,0
oInvCollPH,416,384,003597E1,0,1,1,4294967295,0,0
oInvCollPH,432,384,00268C48,0,1,1,4294967295,0,0
oInvCollPH,448,384,001452EA,0,1,1,4294967295,0,0
oInvCollPH,464,384,0008053A,0,1,1,4294967295,0,0
oInvCollPH,480,384,0020C344,0,1,1,4294967295,0,0
oInvCollPH,496,384,001CEA8A,0,1,1,4294967295,0,0
oInvCollPH,512,384,00008570,0,1,1,4294967295,0,0
oInvCollPH,528,384,000F1230,0,1,1,4294967295,0,0
oInvCollPH,544,384,0022106F,0,1,1,4294967295,0,0
oInvCollPH,544,368,00013160,0,1,1,4294967295,0,0
oInvCollPH,544,352,002EFDE5,0,1,1,4294967295,0,0
oInvCollPH,384,384,003D745E,0,1,1,4294967295,0,0
oInvCollPH,368,384,000E471A,0,1,1,4294967295,0,0
oInvCollPH,352,384,0029C4BA,0,1,1,4294967295,0,0
oInvCollPH,336,384,001F1AC7,0,1,1,4294967295,0,0
oInvCollPH,320,384,001B9827,0,1,1,4294967295,0,0
oInvCollPH,304,384,0030F03E,0,1,1,4294967295,0,0
oInvCollPH,288,384,0016895F,0,1,1,4294967295,0,0
oInvCollPH,272,384,002DA1D0,0,1,1,4294967295,0,0
oInvCollPH,256,384,002A70AB,0,1,1,4294967295,0,0
oInvCollPH,240,384,00385D4D,0,1,1,4294967295,0,0
oInvCollPH,224,384,0000C9ED,0,1,1,4294967295,0,0
oInvCollPH,208,384,0035FBC4,0,1,1,4294967295,0,0
oInvCollPH,192,384,001B4A02,0,1,1,4294967295,0,0
oInvCollPH,176,384,0013AACC,0,1,1,4294967295,0,0
oInvCollPH,160,384,001793A2,0,1,1,4294967295,0,0
oInvCollPH,144,384,0020E695,0,1,1,4294967295,0,0
oInvCollPH,112,384,0023A346,0,1,1,4294967295,0,0
oInvCollPH,96,384,000AB60D,0,1,1,4294967295,0,0
oInvCollPH,80,384,00229588,0,1,1,4294967295,0,0
oInvCollPH,64,384,00312DF6,0,1,1,4294967295,0,0
oInvCollPH,48,384,000609EC,0,1,1,4294967295,0,0
oInvCollPH,896,432,002B2441,0,1,1,4294967295,0,0
oInvCollPH,912,432,0013191D,0,1,1,4294967295,0,0
oInvCollPH,928,432,003072C5,0,1,1,4294967295,0,0
oInvCollPH,944,432,0003A62F,0,1,1,4294967295,0,0
oInvCollPH,960,432,0036C9DE,0,1,1,4294967295,0,0
oInvCollPH,960,448,00188030,0,1,1,4294967295,0,0
oInvCollPH,1008,432,00320763,0,1,1,4294967295,0,0
oInvCollPH,880,448,00318BB0,0,1,1,4294967295,0,0
oInvCollPH,880,464,000E6CAC,0,1,1,4294967295,0,0
oInvCollPH,896,464,001F2BE6,0,1,1,4294967295,0,0
oInvCollPH,912,464,002BCFAC,0,1,1,4294967295,0,0
oInvCollPH,928,464,0002D4FB,0,1,1,4294967295,0,0
oInvCollPH,944,464,00235D75,0,1,1,4294967295,0,0
oInvCollPH,960,464,003270F9,0,1,1,4294967295,0,0
oInvCollPH,1008,464,003A2FBC,0,1,1,4294967295,0,0
oInvCollPH,1008,448,0008CA19,0,1,1,4294967295,0,0
oInvCollPH,912,544,0006AB35,0,1,1,4294967295,0,0
oInvCollPH,928,544,0030828D,0,1,1,4294967295,0,0
oInvCollPH,992,544,003197AC,0,1,1,4294967295,0,0
oInvCollPH,976,544,00154A33,0,1,1,4294967295,0,0
oInvCollPH,960,544,00050F24,0,1,1,4294967295,0,0
oInvCollPH,944,544,002AFFAA,0,1,1,4294967295,0,0
oInvCollPH,288,768,002B31DF,0,1,1,4294967295,0,0
oInvCollPH,496,800,0008E84B,0,1,1,4294967295,0,0
oInvCollPH,512,784,003C3252,0,1,1,4294967295,0,0
oInvCollPH,528,784,0022D5DA,0,1,1,4294967295,0,0
oInvCollPH,544,784,0016D5EF,0,1,1,4294967295,0,0
oInvCollPH,560,784,0008953E,0,1,1,4294967295,0,0
oInvCollPH,576,784,002F9C44,0,1,1,4294967295,0,0
oInvCollPH,576,800,00193E2F,0,1,1,4294967295,0,0
oInvCollPH,624,800,000AFF6D,0,1,1,4294967295,0,0
oInvCollPH,640,784,0005A930,0,1,1,4294967295,0,0
oInvCollPH,656,784,000DF76E,0,1,1,4294967295,0,0
oInvCollPH,672,784,003BD78C,0,1,1,4294967295,0,0
oInvCollPH,688,784,0034886D,0,1,1,4294967295,0,0
oInvCollPH,704,784,003F6F00,0,1,1,4294967295,0,0
oInvCollPH,704,800,002157E3,0,1,1,4294967295,0,0
oInvCollPH,784,800,00346517,0,1,1,4294967295,0,0
oInvCollPH,800,784,003483B1,0,1,1,4294967295,0,0
oInvCollPH,816,784,0016A02A,0,1,1,4294967295,0,0
oInvCollPH,832,784,002271A8,0,1,1,4294967295,0,0
oInvCollPH,848,784,0029BFC6,0,1,1,4294967295,0,0
oInvCollPH,864,784,002C86DD,0,1,1,4294967295,0,0
oInvCollPH,864,800,00032F5D,0,1,1,4294967295,0,0
oInvCollPH,304,784,0027AA4C,0,1,1,4294967295,0,0
oInvCollPH,320,784,000124B4,0,1,1,4294967295,0,0
oInvCollPH,336,784,00149BCE,0,1,1,4294967295,0,0
oInvCollPH,352,784,00403840,0,1,1,4294967295,0,0
oInvCollPH,368,784,0033B178,0,1,1,4294967295,0,0
oInvCollPH,384,784,000663B0,0,1,1,4294967295,0,0
oInvCollPH,384,800,000CDA9F,0,1,1,4294967295,0,0
oInvCollPH,384,816,001D77CA,0,1,1,4294967295,0,0
oInvCollPH,384,832,003CAFE7,0,1,1,4294967295,0,0
oInvCollPH,384,848,002ACAE9,0,1,1,4294967295,0,0
oInvCollPH,368,848,0027FD10,0,1,1,4294967295,0,0
oInvCollPH,352,848,0033CCD3,0,1,1,4294967295,0,0
oInvCollPH,336,848,0012618D,0,1,1,4294967295,0,0
oInvCollPH,320,848,00205844,0,1,1,4294967295,0,0
oInvCollPH,304,848,003E8B8C,0,1,1,4294967295,0,0
oInvCollPH,288,848,003FAE36,0,1,1,4294967295,0,0
oInvCollPH,272,848,001B2F77,0,1,1,4294967295,0,0
oInvCollPH,256,848,0023FDEB,0,1,1,4294967295,0,0
oInvCollPH,240,848,002A0E2C,0,1,1,4294967295,0,0
oInvCollPH,240,832,0004D3B1,0,1,1,4294967295,0,0
oInvCollPH,240,816,002C3CBE,0,1,1,4294967295,0,0
oInvCollPH,240,800,0017547A,0,1,1,4294967295,0,0
oInvCollPH,48,864,0016E6FF,0,1,1,4294967295,0,0
oInvCollPH,64,864,00229DCF,0,1,1,4294967295,0,0
oInvCollPH,80,864,00176BED,0,1,1,4294967295,0,0
oInvCollPH,96,864,00205016,0,1,1,4294967295,0,0
oInvCollPH,112,864,002AFD68,0,1,1,4294967295,0,0
oInvCollPH,128,864,00112297,0,1,1,4294967295,0,0
oInvCollPH,128,880,00144AFE,0,1,1,4294967295,0,0
oInvCollPH,128,896,000EE751,0,1,1,4294967295,0,0
oInvCollPH,128,912,00197AFA,0,1,1,4294967295,0,0
oInvCollPH,128,928,003A04E0,0,1,1,4294967295,0,0
oInvCollPH,128,944,00080938,0,1,1,4294967295,0,0
oInvCollPH,160,496,001C503E,0,1,1,4294967295,0,0
oInvCollPH,176,496,00127F02,0,1,1,4294967295,0,0
oInvCollPH,192,496,00334E77,0,1,1,4294967295,0,0
oInvCollPH,208,496,0025FD76,0,1,1,4294967295,0,0
oInvCollPH,224,496,00172BB0,0,1,1,4294967295,0,0
oInvCollPH,240,496,001FB28F,0,1,1,4294967295,0,0
oInvCollPH,256,496,00084133,0,1,1,4294967295,0,0
oInvCollPH,272,496,00090FFA,0,1,1,4294967295,0,0
oInvCollPH,288,496,0020FDC0,0,1,1,4294967295,0,0
oInvCollPH,144,512,00348B87,0,1,1,4294967295,0,0
oInvCollPH,144,528,00121BA8,0,1,1,4294967295,0,0
oInvCollPH,144,544,000DB4CD,0,1,1,4294967295,0,0
oInvCollPH,144,560,0029309A,0,1,1,4294967295,0,0
oInvCollPH,144,576,001E6CD1,0,1,1,4294967295,0,0
oInvCollPH,144,592,00259242,0,1,1,4294967295,0,0
oInvCollPH,144,608,002099E2,0,1,1,4294967295,0,0
oInvCollPH,144,624,0014F3D1,0,1,1,4294967295,0,0
oInvCollPH,144,640,00239428,0,1,1,4294967295,0,0
oInvCollPH,144,656,00092DEC,0,1,1,4294967295,0,0
oInvCollPH,144,672,002113D9,0,1,1,4294967295,0,0
oInvCollPH,144,688,0025A99B,0,1,1,4294967295,0,0
oInvCollPH,144,704,002C1152,0,1,1,4294967295,0,0
oInvCollPH,144,720,00239170,0,1,1,4294967295,0,0
oInvCollPH,144,736,0010E244,0,1,1,4294967295,0,0
oInvCollPH,144,752,0021C1E1,0,1,1,4294967295,0,0
oInvCollPH,160,752,003F4914,0,1,1,4294967295,0,0
oInvCollPH,176,752,0006ACB2,0,1,1,4294967295,0,0
oInvCollPH,192,752,00205C3C,0,1,1,4294967295,0,0
oInvCollPH,208,752,000E2407,0,1,1,4294967295,0,0
oInvCollPH,224,752,000A74B4,0,1,1,4294967295,0,0
oInvCollPH,288,752,0030D489,0,1,1,4294967295,0,0
oInvCollPH,288,736,0035989A,0,1,1,4294967295,0,0
oInvCollPH,288,720,001078C7,0,1,1,4294967295,0,0
oInvCollPH,288,704,003A3A65,0,1,1,4294967295,0,0
oInvCollPH,288,688,001F0F27,0,1,1,4294967295,0,0
oInvCollPH,160,960,001EE540,0,1,1,4294967295,0,0
oInvCollPH,176,960,002613B0,0,1,1,4294967295,0,0
oInvCollPH,192,960,00384F42,0,1,1,4294967295,0,0
oInvCollPH,208,960,002BED1E,0,1,1,4294967295,0,0
oInvCollPH,224,960,002F44A1,0,1,1,4294967295,0,0
oInvCollPH,240,960,002B060B,0,1,1,4294967295,0,0
oInvCollPH,256,960,003CFCD7,0,1,1,4294967295,0,0
oInvCollPH,272,960,00361B27,0,1,1,4294967295,0,0
oInvCollPH,288,960,00117D21,0,1,1,4294967295,0,0
oInvCollPH,304,960,003C6774,0,1,1,4294967295,0,0
oInvCollPH,320,960,00231989,0,1,1,4294967295,0,0
oInvCollPH,336,960,00275BA7,0,1,1,4294967295,0,0
oInvCollPH,352,960,00359FB9,0,1,1,4294967295,0,0
oInvCollPH,368,960,000F4451,0,1,1,4294967295,0,0
oInvCollPH,384,960,000B156D,0,1,1,4294967295,0,0
oInvCollPH,400,960,003C8A01,0,1,1,4294967295,0,0
oInvCollPH,416,960,00018209,0,1,1,4294967295,0,0
oInvCollPH,432,960,002A76D0,0,1,1,4294967295,0,0
oInvCollPH,448,960,002120C1,0,1,1,4294967295,0,0
oInvCollPH,464,960,00007A5A,0,1,1,4294967295,0,0
oInvCollPH,480,960,000B49A4,0,1,1,4294967295,0,0
oInvCollPH,320,496,003912D7,0,1,1,4294967295,0,0
oInvCollPH,336,496,002E271F,0,1,1,4294967295,0,0
oInvCollPH,352,496,0001343B,0,1,1,4294967295,0,0
oInvCollPH,368,496,0023DBB1,0,1,1,4294967295,0,0
oInvCollPH,384,496,00069A46,0,1,1,4294967295,0,0
oInvCollPH,400,496,002BFBBC,0,1,1,4294967295,0,0
oInvCollPH,416,496,000B9D19,0,1,1,4294967295,0,0
oInvCollPH,432,496,0017E32F,0,1,1,4294967295,0,0
oInvCollPH,448,496,003CBB95,0,1,1,4294967295,0,0
oInvCollPH,640,496,0021C8BA,0,1,1,4294967295,0,0
oInvCollPH,624,496,00177281,0,1,1,4294967295,0,0
oInvCollPH,608,496,0012FE92,0,1,1,4294967295,0,0
oInvCollPH,592,496,000A6EAF,0,1,1,4294967295,0,0
oInvCollPH,576,496,0020B271,0,1,1,4294967295,0,0
oInvCollPH,560,496,00125205,0,1,1,4294967295,0,0
oInvCollPH,544,496,0038EFDE,0,1,1,4294967295,0,0
oInvCollPH,528,496,00074ADE,0,1,1,4294967295,0,0
oInvCollPH,512,496,000E8068,0,1,1,4294967295,0,0
oInvCollPH,496,496,002F54E9,0,1,1,4294967295,0,0
oInvCollPH,480,496,002CC364,0,1,1,4294967295,0,0
oInvCollPH,464,496,0003EA07,0,1,1,4294967295,0,0
oInvCollPH,304,672,0027AE3F,0,1,1,4294967295,0,0
oInvCollPH,320,672,00389791,0,1,1,4294967295,0,0
oInvCollPH,336,672,003A7A0D,0,1,1,4294967295,0,0
oInvCollPH,352,672,001AFD44,0,1,1,4294967295,0,0
oInvCollPH,368,672,0000998A,0,1,1,4294967295,0,0
oInvCollPH,384,672,002073D5,0,1,1,4294967295,0,0
oInvCollPH,400,672,00300A56,0,1,1,4294967295,0,0
oInvCollPH,416,672,0009CDA4,0,1,1,4294967295,0,0
oInvCollPH,432,672,000F02EF,0,1,1,4294967295,0,0
oInvCollPH,448,672,00283122,0,1,1,4294967295,0,0
oInvCollPH,464,672,00147125,0,1,1,4294967295,0,0
oInvCollPH,480,672,002D7888,0,1,1,4294967295,0,0
oInvCollPH,496,672,0033EF86,0,1,1,4294967295,0,0
oInvCollPH,512,672,003D8D4B,0,1,1,4294967295,0,0
oInvCollPH,528,672,00254A1A,0,1,1,4294967295,0,0
oInvCollPH,560,672,0033AB05,0,1,1,4294967295,0,0
oInvCollPH,624,672,002D7DBB,0,1,1,4294967295,0,0
oInvCollPH,576,672,00220B20,0,1,1,4294967295,0,0
oInvCollPH,592,672,000EDF5D,0,1,1,4294967295,0,0
oInvCollPH,608,672,0016AE29,0,1,1,4294967295,0,0
oInvCollPH,640,672,00222B71,0,1,1,4294967295,0,0
oInvCollPH,656,672,0004AAF7,0,1,1,4294967295,0,0
oInvCollPH,672,672,000DE1DD,0,1,1,4294967295,0,0
oInvCollPH,688,672,00187534,0,1,1,4294967295,0,0
oInvCollPH,704,672,003ED3F2,0,1,1,4294967295,0,0
oInvCollPH,720,672,0030E32E,0,1,1,4294967295,0,0
oInvCollPH,736,672,00239971,0,1,1,4294967295,0,0
oInvCollPH,992,672,002580D7,0,1,1,4294967295,0,0
oInvCollPH,976,672,002B410A,0,1,1,4294967295,0,0
oInvCollPH,960,672,000D1146,0,1,1,4294967295,0,0
oInvCollPH,944,672,0019D1D9,0,1,1,4294967295,0,0
oInvCollPH,928,672,0002035F,0,1,1,4294967295,0,0
oInvCollPH,912,672,00095D87,0,1,1,4294967295,0,0
oInvCollPH,880,672,000B1D39,0,1,1,4294967295,0,0
oInvCollPH,848,672,001E4C9B,0,1,1,4294967295,0,0
oInvCollPH,832,672,001241E1,0,1,1,4294967295,0,0
oInvCollPH,816,672,000A5E70,0,1,1,4294967295,0,0
oInvCollPH,800,672,003BAB72,0,1,1,4294967295,0,0
oInvCollPH,784,672,001E34E5,0,1,1,4294967295,0,0
oInvCollPH,768,672,003F1E1A,0,1,1,4294967295,0,0
oInvCollPH,752,672,000A4272,0,1,1,4294967295,0,0
oInvCollPH,896,672,00187EB6,0,1,1,4294967295,0,0
oInvCollPH,864,672,002831CF,0,1,1,4294967295,0,0
oInvCollPH,496,832,00090D2B,0,1,1,4294967295,0,0
oInvCollPH,496,848,001F5F3E,0,1,1,4294967295,0,0
oInvCollPH,496,864,00344610,0,1,1,4294967295,0,0
oInvCollPH,496,880,00159D7F,0,1,1,4294967295,0,0
oInvCollPH,496,896,001CE613,0,1,1,4294967295,0,0
oInvCollPH,496,912,0034784D,0,1,1,4294967295,0,0
oInvCollPH,496,928,001CE601,0,1,1,4294967295,0,0
oInvCollPH,496,944,003750EE,0,1,1,4294967295,0,0
oInvCollPH,592,816,00278221,0,1,1,4294967295,0,0
oInvCollPH,608,816,00211ABA,0,1,1,4294967295,0,0
oInvCollPH,880,816,000596BB,0,1,1,4294967295,0,0
oInvCollPH,896,816,0029A456,0,1,1,4294967295,0,0
oInvCollPH,912,816,003DD992,0,1,1,4294967295,0,0
oInvCollPH,928,816,0016CE08,0,1,1,4294967295,0,0
oInvCollPH,720,816,00019B1C,0,1,1,4294967295,0,0
oInvCollPH,736,816,000BA94E,0,1,1,4294967295,0,0
oInvCollPH,752,816,002591FD,0,1,1,4294967295,0,0
oInvCollPH,768,816,003B69C3,0,1,1,4294967295,0,0
oInvCollPH,32,400,002649A4,0,1,1,4294967295,0,0
oInvCollPH,32,416,0034463D,0,1,1,4294967295,0,0
oInvCollPH,32,432,001D086A,0,1,1,4294967295,0,0
oInvCollPH,32,448,00386EDA,0,1,1,4294967295,0,0
oInvCollPH,32,464,0035E074,0,1,1,4294967295,0,0
oInvCollPH,32,480,0014F744,0,1,1,4294967295,0,0
oInvCollPH,32,496,000A6350,0,1,1,4294967295,0,0
oInvCollPH,32,512,0017E4F4,0,1,1,4294967295,0,0
oInvCollPH,32,528,00077C47,0,1,1,4294967295,0,0
oInvCollPH,32,544,000D66B1,0,1,1,4294967295,0,0
oInvCollPH,32,560,00100322,0,1,1,4294967295,0,0
oInvCollPH,32,576,00131A82,0,1,1,4294967295,0,0
oInvCollPH,32,592,002EA64A,0,1,1,4294967295,0,0
oInvCollPH,32,608,00383566,0,1,1,4294967295,0,0
oInvCollPH,32,624,000E90D5,0,1,1,4294967295,0,0
oInvCollPH,32,640,000B148C,0,1,1,4294967295,0,0
oInvCollPH,32,656,0032799C,0,1,1,4294967295,0,0
oInvCollPH,32,672,00144926,0,1,1,4294967295,0,0
oInvCollPH,32,688,00320630,0,1,1,4294967295,0,0
oInvCollPH,32,704,0033643D,0,1,1,4294967295,0,0
oInvCollPH,32,720,003DF877,0,1,1,4294967295,0,0
oInvCollPH,32,736,003AF440,0,1,1,4294967295,0,0
oInvCollPH,32,752,0032131A,0,1,1,4294967295,0,0
oInvCollPH,32,768,00031F9B,0,1,1,4294967295,0,0
oInvCollPH,32,784,0035C9EF,0,1,1,4294967295,0,0
oInvCollPH,32,800,001B3CE2,0,1,1,4294967295,0,0
oInvCollPH,32,816,0003EEE5,0,1,1,4294967295,0,0
oInvCollPH,32,832,0018338C,0,1,1,4294967295,0,0
oInvCollPH,32,848,003ADEA2,0,1,1,4294967295,0,0
oInvCollPH,1056,672,001292AF,0,1,1,4294967295,0,0
oInvCollPH,1024,576,00066474,0,1,1,4294967295,0,0
oInvCollPH,1024,608,003C757F,0,1,1,4294967295,0,0
oInvCollPH,1024,624,002A44CC,0,1,1,4294967295,0,0
oInvCollPH,1024,640,003966EA,0,1,1,4294967295,0,0
oInvCollPH,1024,656,00026057,0,1,1,4294967295,0,0
oInvCollPH,1024,672,001AC46A,0,1,1,4294967295,0,0
oInvCollPH,1008,672,003F9060,0,1,1,4294967295,0,0
oInvCollPH,960,784,001756DF,0,1,1,4294967295,0,0
oInvCollPH,976,784,002E8D4F,0,1,1,4294967295,0,0
oInvCollPH,992,784,0038860A,0,1,1,4294967295,0,0
oInvCollPH,1008,784,0009B41D,0,1,1,4294967295,0,0
oInvCollPH,1024,784,003F0636,0,1,1,4294967295,0,0
oInvCollPH,1040,784,002C7EAA,0,1,1,4294967295,0,0
oInvCollPH,1056,784,0017081A,0,1,1,4294967295,0,0
oInvCollPH,944,800,003A5949,0,1,1,4294967295,0,0
oInvCollPH,1072,784,001A4925,0,1,1,4294967295,0,0
oInvCollPH,1088,768,000EEFB6,0,1,1,4294967295,0,0
oInvCollPH,1120,768,003B4B04,0,1,1,4294967295,0,0
oInvCollPH,1136,688,001AAC72,0,1,1,4294967295,0,0
oInvCollPH,1136,704,000EB737,0,1,1,4294967295,0,0
oInvCollPH,1136,720,00004AFC,0,1,1,4294967295,0,0
oInvCollPH,1136,736,001A47E4,0,1,1,4294967295,0,0
oInvCollPH,1136,752,001322DA,0,1,1,4294967295,0,0
oInvCollPH,1152,672,0020E557,0,1,1,4294967295,0,0
oInvCollPH,1168,672,00365780,0,1,1,4294967295,0,0
oInvCollPH,1184,672,0009C195,0,1,1,4294967295,0,0
oInvCollPH,1200,672,002F153B,0,1,1,4294967295,0,0
oInvCollPH,1216,672,001ADFB9,0,1,1,4294967295,0,0
oInvCollPH,1232,672,002CE7B5,0,1,1,4294967295,0,0
oInvCollPH,1248,672,0014AD97,0,1,1,4294967295,0,0
oInvCollPH,1248,688,00255C62,0,1,1,4294967295,0,0
oInvCollPH,1248,704,00038E00,0,1,1,4294967295,0,0
oInvCollPH,1248,720,0035F2AF,0,1,1,4294967295,0,0
oInvCollPH,1248,736,002F350D,0,1,1,4294967295,0,0
oInvCollPH,1248,752,00382DDA,0,1,1,4294967295,0,0
oInvCollPH,1248,768,00050598,0,1,1,4294967295,0,0
oInvCollPH,1248,784,000F5FE0,0,1,1,4294967295,0,0
oInvCollPH,1248,800,000C0394,0,1,1,4294967295,0,0
oInvCollPH,1248,816,003146A5,0,1,1,4294967295,0,0
oInvCollPH,1248,832,00316FA5,0,1,1,4294967295,0,0
oInvCollPH,1248,848,0002EA38,0,1,1,4294967295,0,0
oInvCollPH,1248,864,002DD215,0,1,1,4294967295,0,0
oInvCollPH,1248,880,00246252,0,1,1,4294967295,0,0
oInvCollPH,1248,896,0005973F,0,1,1,4294967295,0,0
oInvCollPH,1248,912,00265B6C,0,1,1,4294967295,0,0
oInvCollPH,1248,928,00049054,0,1,1,4294967295,0,0
oInvCollPH,1248,944,0014C985,0,1,1,4294967295,0,0
oInvCollPH,1024,592,002088C1,0,1,1,4294967295,0,0
oInvCollPH,1152,560,0036D987,0,1,1,4294967295,0,0
oInvCollPH,1168,560,0009D4DF,0,1,1,4294967295,0,0
oInvCollPH,1184,560,002D42B2,0,1,1,4294967295,0,0
oInvCollPH,1056,560,00092AD7,0,1,1,4294967295,0,0
oInvCollPH,1040,560,0005C12C,0,1,1,4294967295,0,0
oInvCollPH,1056,544,002371C6,0,1,1,4294967295,0,0
oInvCollPH,1056,528,0021B146,0,1,1,4294967295,0,0
oInvCollPH,1008,528,0005A145,0,1,1,4294967295,0,0
oInvCollPH,1056,496,00248C4F,0,1,1,4294967295,0,0
oInvCollPH,1056,512,0017B948,0,1,1,4294967295,0,0
oInvCollPH,1376,608,003F13FD,0,1,1,4294967295,0,0
oInvCollPH,1376,624,00203FEA,0,1,1,4294967295,0,0
oInvCollPH,1376,640,002D1ED6,0,1,1,4294967295,0,0
oInvCollPH,1376,656,001D3117,0,1,1,4294967295,0,0
oInvCollPH,1376,672,00014FF4,0,1,1,4294967295,0,0
oInvCollPH,1376,688,001854CC,0,1,1,4294967295,0,0
oInvCollPH,1376,704,00239833,0,1,1,4294967295,0,0
oInvCollPH,1376,720,00171B57,0,1,1,4294967295,0,0
oInvCollPH,1376,736,00145BF0,0,1,1,4294967295,0,0
oInvCollPH,1328,736,00199FAF,0,1,1,4294967295,0,0
oInvCollPH,1328,720,00335FB4,0,1,1,4294967295,0,0
oInvCollPH,1328,704,0024C97A,0,1,1,4294967295,0,0
oInvCollPH,1328,688,00275248,0,1,1,4294967295,0,0
oInvCollPH,1328,672,00232244,0,1,1,4294967295,0,0
oInvCollPH,1328,656,001FEBCB,0,1,1,4294967295,0,0
oInvCollPH,1328,640,00342527,0,1,1,4294967295,0,0
oInvCollPH,1328,624,0018CEDF,0,1,1,4294967295,0,0
oInvCollPH,1472,544,001A80BE,0,1,1,4294967295,0,0
oInvCollPH,1504,544,00121E19,0,1,1,4294967295,0,0
oInvCollPH,1456,560,001C20B7,0,1,1,4294967295,0,0
oInvCollPH,1456,576,00069FA0,0,1,1,4294967295,0,0
oInvCollPH,1456,592,00166FDD,0,1,1,4294967295,0,0
oInvCollPH,1456,608,00365D38,0,1,1,4294967295,0,0
oInvCollPH,1456,624,0011DCDD,0,1,1,4294967295,0,0
oInvCollPH,1456,640,0020C14F,0,1,1,4294967295,0,0
oInvCollPH,1456,656,003A777B,0,1,1,4294967295,0,0
oInvCollPH,1456,672,003392F5,0,1,1,4294967295,0,0
oInvCollPH,1472,672,0019FC89,0,1,1,4294967295,0,0
oInvCollPH,1488,672,002E9596,0,1,1,4294967295,0,0
oInvCollPH,1504,672,000EF235,0,1,1,4294967295,0,0
oInvCollPH,1328,768,0013D6C9,0,1,1,4294967295,0,0
oInvCollPH,1328,784,002B0E46,0,1,1,4294967295,0,0
oInvCollPH,1328,800,0006B7AA,0,1,1,4294967295,0,0
oInvCollPH,1328,816,0013590E,0,1,1,4294967295,0,0
oInvCollPH,1328,832,0002DBB5,0,1,1,4294967295,0,0
oInvCollPH,1328,848,0002EFB4,0,1,1,4294967295,0,0
oInvCollPH,1344,848,00076191,0,1,1,4294967295,0,0
oInvCollPH,1360,848,000FBE51,0,1,1,4294967295,0,0
oInvCollPH,1376,848,001A7DEA,0,1,1,4294967295,0,0
oInvCollPH,1392,848,0003A6D8,0,1,1,4294967295,0,0
oInvCollPH,1408,848,002CD69D,0,1,1,4294967295,0,0
oInvCollPH,1424,848,000706B5,0,1,1,4294967295,0,0
oInvCollPH,1440,848,00043046,0,1,1,4294967295,0,0
oInvCollPH,1440,832,00377C2F,0,1,1,4294967295,0,0
oInvCollPH,1440,816,00378D03,0,1,1,4294967295,0,0
oInvCollPH,1440,800,0030DD9A,0,1,1,4294967295,0,0
oInvCollPH,1440,784,000811B0,0,1,1,4294967295,0,0
oInvCollPH,1440,768,00325B81,0,1,1,4294967295,0,0
oInvCollPH,1440,752,00203E43,0,1,1,4294967295,0,0
oInvCollPH,1408,752,0036A683,0,1,1,4294967295,0,0
oInvCollPH,1392,752,002CEA3F,0,1,1,4294967295,0,0
oInvCollPH,1232,512,0013C695,0,1,1,4294967295,0,0
oInvCollPH,1232,528,0028183E,0,1,1,4294967295,0,0
oInvCollPH,1232,544,0000FD45,0,1,1,4294967295,0,0
oInvCollPH,1232,560,00231ABD,0,1,1,4294967295,0,0
oInvCollPH,1232,576,0039A215,0,1,1,4294967295,0,0
oInvCollPH,1232,592,0023A237,0,1,1,4294967295,0,0
oInvCollPH,1248,592,002EA5AB,0,1,1,4294967295,0,0
oInvCollPH,1264,592,00018658,0,1,1,4294967295,0,0
oInvCollPH,1280,592,00074B95,0,1,1,4294967295,0,0
oInvCollPH,1296,592,0031C7FA,0,1,1,4294967295,0,0
oInvCollPH,1312,592,001D9588,0,1,1,4294967295,0,0
oInvCollPH,1376,592,00299A6F,0,1,1,4294967295,0,0
oInvCollPH,1376,576,0038F488,0,1,1,4294967295,0,0
oInvCollPH,1376,560,001AF569,0,1,1,4294967295,0,0
oInvCollPH,1376,544,00085B86,0,1,1,4294967295,0,0
oInvCollPH,1376,528,0039587F,0,1,1,4294967295,0,0
oInvCollPH,1376,512,003CC026,0,1,1,4294967295,0,0
oInvCollPH,1376,496,002A67DC,0,1,1,4294967295,0,0
oInvCollPH,1520,352,003B17B7,0,1,1,4294967295,0,0
oInvCollPH,1520,368,0005B45C,0,1,1,4294967295,0,0
oInvCollPH,1520,384,002F5DA0,0,1,1,4294967295,0,0
oInvCollPH,1520,400,001CEC62,0,1,1,4294967295,0,0
oInvCollPH,1520,416,003E38BB,0,1,1,4294967295,0,0
oInvCollPH,1520,432,002181AE,0,1,1,4294967295,0,0
oInvCollPH,1520,448,0016DF3D,0,1,1,4294967295,0,0
oInvCollPH,1520,464,001872D8,0,1,1,4294967295,0,0
oInvCollPH,1520,480,00246B33,0,1,1,4294967295,0,0
oInvCollPH,1520,496,0005CCEB,0,1,1,4294967295,0,0
oInvCollPH,1520,512,0012F326,0,1,1,4294967295,0,0
oInvCollPH,1520,528,00278923,0,1,1,4294967295,0,0
oInvCollPH,1536,336,0032827A,0,1,1,4294967295,0,0
oInvCollPH,1552,336,0009840B,0,1,1,4294967295,0,0
oInvCollPH,1568,336,0003D30E,0,1,1,4294967295,0,0
oInvCollPH,1568,352,0009C51A,0,1,1,4294967295,0,0
oInvCollPH,1568,368,002DCD87,0,1,1,4294967295,0,0
oInvCollPH,1568,384,003CAE2D,0,1,1,4294967295,0,0
oInvCollPH,1568,400,003916FC,0,1,1,4294967295,0,0
oInvCollPH,1568,416,002DEBED,0,1,1,4294967295,0,0
oInvCollPH,1568,432,002FEFD3,0,1,1,4294967295,0,0
oInvCollPH,1568,448,002110CA,0,1,1,4294967295,0,0
oInvCollPH,1568,464,000E764D,0,1,1,4294967295,0,0
oInvCollPH,1568,480,0019F6F3,0,1,1,4294967295,0,0
oInvCollPH,1568,496,00080CA8,0,1,1,4294967295,0,0
oInvCollPH,1568,512,002663EA,0,1,1,4294967295,0,0
oInvCollPH,1568,528,000E7E4D,0,1,1,4294967295,0,0
oInvCollPH,1568,544,0033A42B,0,1,1,4294967295,0,0
oInvCollPH,1568,560,0034B137,0,1,1,4294967295,0,0
oInvCollPH,1568,576,0017947E,0,1,1,4294967295,0,0
oInvCollPH,1568,592,0035B6B8,0,1,1,4294967295,0,0
oInvCollPH,1568,608,00084099,0,1,1,4294967295,0,0
oInvCollPH,1568,624,0040313F,0,1,1,4294967295,0,0
oInvCollPH,1568,640,003CAD75,0,1,1,4294967295,0,0
oInvCollPH,1568,656,002CF8AA,0,1,1,4294967295,0,0
oInvCollPH,1568,672,000AC28A,0,1,1,4294967295,0,0
oInvCollPH,1568,688,003B6F06,0,1,1,4294967295,0,0
oInvCollPH,1568,704,003A4F05,0,1,1,4294967295,0,0
oInvCollPH,1568,720,0024FCC3,0,1,1,4294967295,0,0
oInvCollPH,1520,688,003459DC,0,1,1,4294967295,0,0
oInvCollPH,1520,704,0015C950,0,1,1,4294967295,0,0
oInvCollPH,1520,720,00046E5E,0,1,1,4294967295,0,0
oInvCollPH,1520,736,0033E4CD,0,1,1,4294967295,0,0
oInvCollPH,1520,768,003CCF8B,0,1,1,4294967295,0,0
oInvCollPH,1520,784,00099CD9,0,1,1,4294967295,0,0
oInvCollPH,1520,800,00162B00,0,1,1,4294967295,0,0
oInvCollPH,1520,816,0026A2C3,0,1,1,4294967295,0,0
oInvCollPH,1520,832,001F2098,0,1,1,4294967295,0,0
oInvCollPH,1520,848,000BC627,0,1,1,4294967295,0,0
oInvCollPH,1520,864,002D1391,0,1,1,4294967295,0,0
oInvCollPH,1520,880,002D23D3,0,1,1,4294967295,0,0
oInvCollPH,1520,896,001E9ABA,0,1,1,4294967295,0,0
oInvCollPH,1520,752,0001506D,0,1,1,4294967295,0,0
oInvCollPH,1520,912,002155F5,0,1,1,4294967295,0,0
oInvCollPH,1520,928,0009A2A5,0,1,1,4294967295,0,0
oInvCollPH,1520,944,00234CF4,0,1,1,4294967295,0,0
oInvCollPH,1568,736,002DB37C,0,1,1,4294967295,0,0
oInvCollPH,1568,752,0016C500,0,1,1,4294967295,0,0
oInvCollPH,1568,768,0001BF38,0,1,1,4294967295,0,0
oInvCollPH,1568,784,0016A5E2,0,1,1,4294967295,0,0
oInvCollPH,1568,800,001AAE55,0,1,1,4294967295,0,0
oInvCollPH,1568,816,0015C47D,0,1,1,4294967295,0,0
oInvCollPH,1568,832,00187D15,0,1,1,4294967295,0,0
oInvCollPH,1568,848,003616E1,0,1,1,4294967295,0,0
oInvCollPH,1568,864,00114EA5,0,1,1,4294967295,0,0
oInvCollPH,1568,880,002C5D10,0,1,1,4294967295,0,0
oInvCollPH,1568,896,002F12E2,0,1,1,4294967295,0,0
oInvCollPH,1568,912,00215D7E,0,1,1,4294967295,0,0
oInvCollPH,1568,928,00016AE8,0,1,1,4294967295,0,0
oInvCollPH,1568,944,0005462C,0,1,1,4294967295,0,0
oInvCollPH,1280,960,00369CCD,0,1,1,4294967295,0,0
oInvCollPH,1296,960,003F788D,0,1,1,4294967295,0,0
oInvCollPH,1312,960,000F435E,0,1,1,4294967295,0,0
oInvCollPH,1328,960,00366A22,0,1,1,4294967295,0,0
oInvCollPH,1344,960,002D648A,0,1,1,4294967295,0,0
oInvCollPH,1360,960,001B4B79,0,1,1,4294967295,0,0
oInvCollPH,1376,960,00073899,0,1,1,4294967295,0,0
oInvCollPH,1392,960,001013AC,0,1,1,4294967295,0,0
oInvCollPH,1408,960,003312D2,0,1,1,4294967295,0,0
oInvCollPH,1504,960,00362D99,0,1,1,4294967295,0,0
oInvCollPH,1472,960,000D3216,0,1,1,4294967295,0,0
oInvCollPH,1456,960,0014DDAF,0,1,1,4294967295,0,0
oInvCollPH,1440,960,000E11A6,0,1,1,4294967295,0,0
oInvCollPH,1424,960,000F4E6B,0,1,1,4294967295,0,0
oInvCollPH,1728,960,00280F43,0,1,1,4294967295,0,0
oInvCollPH,1712,960,003F851E,0,1,1,4294967295,0,0
oInvCollPH,1696,960,000F454A,0,1,1,4294967295,0,0
oInvCollPH,1680,960,003FB6D1,0,1,1,4294967295,0,0
oInvCollPH,1664,960,001DC273,0,1,1,4294967295,0,0
oInvCollPH,1648,960,001C544B,0,1,1,4294967295,0,0
oInvCollPH,1632,960,000B7260,0,1,1,4294967295,0,0
oInvCollPH,1616,960,000845EB,0,1,1,4294967295,0,0
oInvCollPH,1600,960,0023A88D,0,1,1,4294967295,0,0
oInvCollPH,1584,960,00046181,0,1,1,4294967295,0,0
oInvCollPH,1680,288,003990E2,0,1,1,4294967295,0,0
oInvCollPH,1680,304,0033AD7D,0,1,1,4294967295,0,0
oInvCollPH,1680,320,0015D7E3,0,1,1,4294967295,0,0
oInvCollPH,1680,336,000CAF1B,0,1,1,4294967295,0,0
oInvCollPH,1680,352,00270B15,0,1,1,4294967295,0,0
oInvCollPH,1680,368,002BA226,0,1,1,4294967295,0,0
oInvCollPH,1680,384,001BDB8D,0,1,1,4294967295,0,0
oInvCollPH,1760,384,003A2E9E,0,1,1,4294967295,0,0
oInvCollPH,1760,368,002443C4,0,1,1,4294967295,0,0
oInvCollPH,1760,352,002925E5,0,1,1,4294967295,0,0
oInvCollPH,1760,336,0024C019,0,1,1,4294967295,0,0
oInvCollPH,1760,320,001EA74A,0,1,1,4294967295,0,0
oInvCollPH,1760,304,003BDE20,0,1,1,4294967295,0,0
oInvCollPH,1760,288,0024083A,0,1,1,4294967295,0,0
oInvCollPH,1760,272,0013AC89,0,1,1,4294967295,0,0
oInvCollPH,1472,208,001720CA,0,1,1,4294967295,0,0
oInvCollPH,1488,208,0009B611,0,1,1,4294967295,0,0
oInvCollPH,1504,208,001B9E59,0,1,1,4294967295,0,0
oInvCollPH,1520,208,000EC526,0,1,1,4294967295,0,0
oInvCollPH,1536,208,001FF3C6,0,1,1,4294967295,0,0
oInvCollPH,1552,208,0024AF86,0,1,1,4294967295,0,0
oInvCollPH,1568,208,00395CC2,0,1,1,4294967295,0,0
oInvCollPH,1584,208,00371A1E,0,1,1,4294967295,0,0
oInvCollPH,1600,208,002A6459,0,1,1,4294967295,0,0
oInvCollPH,1456,256,0032B8C4,0,1,1,4294967295,0,0
oInvCollPH,1472,256,001ACF3B,0,1,1,4294967295,0,0
oInvCollPH,1488,256,0029E92D,0,1,1,4294967295,0,0
oInvCollPH,1504,256,0021B2BC,0,1,1,4294967295,0,0
oInvCollPH,1520,256,00090723,0,1,1,4294967295,0,0
oInvCollPH,1536,256,001C38E4,0,1,1,4294967295,0,0
oInvCollPH,1552,256,002B3DC6,0,1,1,4294967295,0,0
oInvCollPH,1568,256,0016FFD4,0,1,1,4294967295,0,0
oInvCollPH,1584,256,002C1A62,0,1,1,4294967295,0,0
oInvCollPH,1600,256,002C04B3,0,1,1,4294967295,0,0
oInvCollPH,1616,256,003BB6D6,0,1,1,4294967295,0,0
oInvCollPH,1632,256,003EF081,0,1,1,4294967295,0,0
oInvCollPH,1648,256,00205F55,0,1,1,4294967295,0,0
oInvCollPH,1664,256,00186BCD,0,1,1,4294967295,0,0
oInvCollPH,1616,208,002DB600,0,1,1,4294967295,0,0
oInvCollPH,1632,208,00313101,0,1,1,4294967295,0,0
oInvCollPH,1648,208,0021BD9E,0,1,1,4294967295,0,0
oInvCollPH,1664,208,0020B8E9,0,1,1,4294967295,0,0
oInvCollPH,1680,208,0014613A,0,1,1,4294967295,0,0
oInvCollPH,1696,208,00355027,0,1,1,4294967295,0,0
oInvCollPH,1712,208,000BE3E0,0,1,1,4294967295,0,0
oInvCollPH,1728,208,0015F755,0,1,1,4294967295,0,0
oInvCollPH,1744,208,00145BCB,0,1,1,4294967295,0,0
oInvCollPH,1760,208,0038C965,0,1,1,4294967295,0,0
oInvCollPH,1760,224,0006AAFD,0,1,1,4294967295,0,0
oInvCollPH,1760,240,0001DC26,0,1,1,4294967295,0,0
oInvCollPH,1760,256,001E63E9,0,1,1,4294967295,0,0
oInvCollPH,1440,272,0021F847,0,1,1,4294967295,0,0
oInvCollPH,1440,288,003EB985,0,1,1,4294967295,0,0
oInvCollPH,1440,304,000F6B23,0,1,1,4294967295,0,0
oInvCollPH,1440,320,00375E16,0,1,1,4294967295,0,0
oInvCollPH,1440,336,00231C0F,0,1,1,4294967295,0,0
oInvCollPH,1440,352,001DE815,0,1,1,4294967295,0,0
oInvCollPH,1440,368,0034E5CD,0,1,1,4294967295,0,0
oInvCollPH,1440,384,00076221,0,1,1,4294967295,0,0
oInvCollPH,1440,400,00337846,0,1,1,4294967295,0,0
oInvCollPH,1440,416,0009C655,0,1,1,4294967295,0,0
oInvCollPH,1440,432,002EA49F,0,1,1,4294967295,0,0
oInvCollPH,1440,448,003DA31B,0,1,1,4294967295,0,0
oInvCollPH,1440,464,0027365E,0,1,1,4294967295,0,0
oInvCollPH,1424,464,00352CAB,0,1,1,4294967295,0,0
oInvCollPH,1408,464,002A44F8,0,1,1,4294967295,0,0
oInvCollPH,1392,464,001DDF8A,0,1,1,4294967295,0,0
oInvCollPH,1296,224,002CC88C,0,1,1,4294967295,0,0
oInvCollPH,1296,240,002BED8A,0,1,1,4294967295,0,0
oInvCollPH,1296,256,000EDB1C,0,1,1,4294967295,0,0
oInvCollPH,1296,272,002C5737,0,1,1,4294967295,0,0
oInvCollPH,1296,288,0004F1BF,0,1,1,4294967295,0,0
oInvCollPH,1296,304,000CB67B,0,1,1,4294967295,0,0
oInvCollPH,1312,208,00243BC5,0,1,1,4294967295,0,0
oInvCollPH,1328,208,00285513,0,1,1,4294967295,0,0
oInvCollPH,1344,208,001FFAB7,0,1,1,4294967295,0,0
oInvCollPH,1360,208,0030805B,0,1,1,4294967295,0,0
oInvCollPH,1376,208,002511D0,0,1,1,4294967295,0,0
oInvCollPH,1392,208,002907E4,0,1,1,4294967295,0,0
oInvCollPH,1408,208,0011FFBA,0,1,1,4294967295,0,0
oInvCollPH,1424,208,00137B1D,0,1,1,4294967295,0,0
oInvCollPH,1440,208,001E86A9,0,1,1,4294967295,0,0
oInvCollPH,1024,320,003275E1,0,1,1,4294967295,0,0
oInvCollPH,1040,320,002BCF8D,0,1,1,4294967295,0,0
oInvCollPH,1056,320,002687E6,0,1,1,4294967295,0,0
oInvCollPH,1072,320,00090E36,0,1,1,4294967295,0,0
oInvCollPH,1088,320,002FB13E,0,1,1,4294967295,0,0
oInvCollPH,1104,320,0008754F,0,1,1,4294967295,0,0
oInvCollPH,1120,320,001B9292,0,1,1,4294967295,0,0
oInvCollPH,1136,320,000D0058,0,1,1,4294967295,0,0
oInvCollPH,1152,320,003D515F,0,1,1,4294967295,0,0
oInvCollPH,1008,336,0029A04B,0,1,1,4294967295,0,0
oInvCollPH,1008,368,00261AAE,0,1,1,4294967295,0,0
oInvCollPH,1008,384,003D4D80,0,1,1,4294967295,0,0
oInvCollPH,1008,400,001BDFF3,0,1,1,4294967295,0,0
oInvCollPH,1008,416,003E27AE,0,1,1,4294967295,0,0
oInvCollPH,1008,480,00154BF1,0,1,1,4294967295,0,0
oInvCollPH,1072,480,0002E827,0,1,1,4294967295,0,0
oInvCollPH,1088,480,0015BAA4,0,1,1,4294967295,0,0
oInvCollPH,1104,480,003F31ED,0,1,1,4294967295,0,0
oInvCollPH,1120,480,000C05D0,0,1,1,4294967295,0,0
oInvCollPH,1136,480,002E0F54,0,1,1,4294967295,0,0
oInvCollPH,1152,480,00102193,0,1,1,4294967295,0,0
oInvCollPH,1168,480,0012D3F2,0,1,1,4294967295,0,0
oInvCollPH,1184,480,0012161D,0,1,1,4294967295,0,0
oInvCollPH,1200,480,0000C4C0,0,1,1,4294967295,0,0
oInvCollPH,1168,320,00153816,0,1,1,4294967295,0,0
oInvCollPH,1184,320,00077955,0,1,1,4294967295,0,0
oInvCollPH,1200,320,0027EE06,0,1,1,4294967295,0,0
oInvCollPH,1216,320,00101E1A,0,1,1,4294967295,0,0
oInvCollPH,1232,320,001646DB,0,1,1,4294967295,0,0
oInvCollPH,1248,320,003BDDD0,0,1,1,4294967295,0,0
oInvCollPH,1264,320,001DA35A,0,1,1,4294967295,0,0
oInvCollPH,1280,320,0031E084,0,1,1,4294967295,0,0
oInvCollPH,1008,240,000771CE,0,1,1,4294967295,0,0
oInvCollPH,1024,240,000453B0,0,1,1,4294967295,0,0
oInvCollPH,1040,240,001D49D6,0,1,1,4294967295,0,0
oInvCollPH,1056,240,0029FD0E,0,1,1,4294967295,0,0
oInvCollPH,1072,240,00035D44,0,1,1,4294967295,0,0
oInvCollPH,1088,240,0025AD7F,0,1,1,4294967295,0,0
oInvCollPH,1104,240,000F8C55,0,1,1,4294967295,0,0
oInvCollPH,1120,240,00369E06,0,1,1,4294967295,0,0
oInvCollPH,1136,240,00310D18,0,1,1,4294967295,0,0
oInvCollPH,1152,240,00062D0A,0,1,1,4294967295,0,0
oInvCollPH,1168,240,00340DE9,0,1,1,4294967295,0,0
oInvCollPH,1184,240,003E2C30,0,1,1,4294967295,0,0
oInvCollPH,1200,240,002B426F,0,1,1,4294967295,0,0
oInvCollPH,1216,240,003B1EA0,0,1,1,4294967295,0,0
oInvCollPH,1216,224,00277A53,0,1,1,4294967295,0,0
oInvCollPH,1216,208,00401330,0,1,1,4294967295,0,0
oInvCollPH,1216,192,002FF366,0,1,1,4294967295,0,0
oInvCollPH,1216,176,0015C06B,0,1,1,4294967295,0,0
oInvCollPH,1216,160,0007B433,0,1,1,4294967295,0,0
oInvCollPH,1216,144,0031A94D,0,1,1,4294967295,0,0
oInvCollPH,1216,128,00368B00,0,1,1,4294967295,0,0
oInvCollPH,1216,112,0011D7CB,0,1,1,4294967295,0,0
oInvCollPH,1008,224,002F63A9,0,1,1,4294967295,0,0
oInvCollPH,1008,208,000C8ECF,0,1,1,4294967295,0,0
oInvCollPH,1008,192,001E9A0A,0,1,1,4294967295,0,0
oInvCollPH,1008,176,00022376,0,1,1,4294967295,0,0
oInvCollPH,1008,160,0036EC63,0,1,1,4294967295,0,0
oInvCollPH,1008,96,002E4E2E,0,1,1,4294967295,0,0
oInvCollPH,1008,112,000162AB,0,1,1,4294967295,0,0
oInvCollPH,1008,128,001F8D11,0,1,1,4294967295,0,0
oInvCollPH,1008,144,001BCFD9,0,1,1,4294967295,0,0
oInvCollPH,1008,48,0010D223,0,1,1,4294967295,0,0
oInvCollPH,1008,64,003E5CAB,0,1,1,4294967295,0,0
oInvCollPH,1008,80,0019B98B,0,1,1,4294967295,0,0
oInvCollPH,1840,128,00260301,0,1,1,4294967295,0,0
oInvCollPH,1840,144,00010408,0,1,1,4294967295,0,0
oInvCollPH,1840,160,00034B72,0,1,1,4294967295,0,0
oInvCollPH,1840,176,00395B50,0,1,1,4294967295,0,0
oInvCollPH,1840,256,000A046E,0,1,1,4294967295,0,0
oInvCollPH,1840,240,002DD217,0,1,1,4294967295,0,0
oInvCollPH,1840,224,002BD161,0,1,1,4294967295,0,0
oInvCollPH,1840,208,0028B1EB,0,1,1,4294967295,0,0
oInvCollPH,1840,192,000762D8,0,1,1,4294967295,0,0
oInvCollPH,1840,272,0015EF4E,0,1,1,4294967295,0,0
oInvCollPH,1840,288,0031F50D,0,1,1,4294967295,0,0
oInvCollPH,1856,288,00349B0F,0,1,1,4294967295,0,0
oInvCollPH,1872,288,001224CC,0,1,1,4294967295,0,0
oInvCollPH,1888,288,00396A02,0,1,1,4294967295,0,0
oInvCollPH,1904,288,002AD795,0,1,1,4294967295,0,0
oInvCollPH,1920,288,002BCB8D,0,1,1,4294967295,0,0
oInvCollPH,1936,288,0021877B,0,1,1,4294967295,0,0
oInvCollPH,1952,288,003B99AF,0,1,1,4294967295,0,0
oInvCollPH,1968,288,0005ECA5,0,1,1,4294967295,0,0
oInvCollPH,1984,288,001BED3F,0,1,1,4294967295,0,0
oInvCollPH,2000,288,00094A93,0,1,1,4294967295,0,0
oInvCollPH,2016,288,003FF707,0,1,1,4294967295,0,0
oInvCollPH,2032,288,00223FE9,0,1,1,4294967295,0,0
oInvCollPH,1840,384,003499A4,0,1,1,4294967295,0,0
oInvCollPH,1856,368,0015E571,0,1,1,4294967295,0,0
oInvCollPH,1872,368,000ECA5A,0,1,1,4294967295,0,0
oInvCollPH,1888,368,001546D1,0,1,1,4294967295,0,0
oInvCollPH,1904,368,002B9730,0,1,1,4294967295,0,0
oInvCollPH,1920,368,00302862,0,1,1,4294967295,0,0
oInvCollPH,1936,368,0029528E,0,1,1,4294967295,0,0
oInvCollPH,1952,368,001735D9,0,1,1,4294967295,0,0
oInvCollPH,1968,368,000F7F37,0,1,1,4294967295,0,0
oInvCollPH,1984,368,00223082,0,1,1,4294967295,0,0
oInvCollPH,2000,368,003B4BBE,0,1,1,4294967295,0,0
oInvCollPH,2016,368,000E3E98,0,1,1,4294967295,0,0
oInvCollPH,2032,368,0000F9FE,0,1,1,4294967295,0,0
oInvCollPH,1824,400,0023BB45,0,1,1,4294967295,0,0
oInvCollPH,1792,400,0032BA3C,0,1,1,4294967295,0,0
oInvCollPH,1776,400,000BFAA0,0,1,1,4294967295,0,0
oInvCollPH,1680,416,001F03C0,0,1,1,4294967295,0,0
oInvCollPH,1680,432,0023214F,0,1,1,4294967295,0,0
oInvCollPH,1680,448,000C945B,0,1,1,4294967295,0,0
oInvCollPH,1680,464,0019A0B4,0,1,1,4294967295,0,0
oInvCollPH,1680,480,000081C0,0,1,1,4294967295,0,0
oInvCollPH,1680,496,001485CD,0,1,1,4294967295,0,0
oInvCollPH,1680,560,003B67DC,0,1,1,4294967295,0,0
oInvCollPH,1680,576,0002C872,0,1,1,4294967295,0,0
oInvCollPH,1680,592,0028DCD6,0,1,1,4294967295,0,0
oInvCollPH,1680,608,001CED80,0,1,1,4294967295,0,0
oInvCollPH,1680,624,00181FBF,0,1,1,4294967295,0,0
oInvCollPH,1680,720,001ED9F3,0,1,1,4294967295,0,0
oInvCollPH,1680,736,002CBA64,0,1,1,4294967295,0,0
oInvCollPH,1680,672,003FD9D7,0,1,1,4294967295,0,0
oInvCollPH,1680,688,00265E72,0,1,1,4294967295,0,0
oInvCollPH,1680,704,0024DE07,0,1,1,4294967295,0,0
oInvCollPH,1680,752,001927E4,0,1,1,4294967295,0,0
oInvCollPH,1680,768,0006ED67,0,1,1,4294967295,0,0
oInvCollPH,1680,784,00368BD5,0,1,1,4294967295,0,0
oInvCollPH,1680,800,002D4CB6,0,1,1,4294967295,0,0
oInvCollPH,1680,816,0032BD8F,0,1,1,4294967295,0,0
oInvCollPH,1680,832,002CDF13,0,1,1,4294967295,0,0
oInvCollPH,1680,880,00100603,0,1,1,4294967295,0,0
oInvCollPH,1696,880,000C93B8,0,1,1,4294967295,0,0
oInvCollPH,1712,880,00390710,0,1,1,4294967295,0,0
oInvCollPH,1728,880,001BD574,0,1,1,4294967295,0,0
oInvCollPH,1744,880,00139983,0,1,1,4294967295,0,0
oInvCollPH,1760,880,0008AFFA,0,1,1,4294967295,0,0
oInvCollPH,1776,880,002B6A15,0,1,1,4294967295,0,0
oInvCollPH,1792,880,00302347,0,1,1,4294967295,0,0
oInvCollPH,1808,880,00174E69,0,1,1,4294967295,0,0
oInvCollPH,1824,880,0035D672,0,1,1,4294967295,0,0
oInvCollPH,1840,880,0017CA47,0,1,1,4294967295,0,0
oInvCollPH,1856,880,002CD56B,0,1,1,4294967295,0,0
oInvCollPH,1872,880,00128B51,0,1,1,4294967295,0,0
oInvCollPH,1888,880,001AFD25,0,1,1,4294967295,0,0
oInvCollPH,1904,880,000F2796,0,1,1,4294967295,0,0
oInvCollPH,1920,880,00301A6D,0,1,1,4294967295,0,0
oInvCollPH,1936,880,003AE884,0,1,1,4294967295,0,0
oInvCollPH,1952,880,000EDF5B,0,1,1,4294967295,0,0
oInvCollPH,1968,880,002B1F5E,0,1,1,4294967295,0,0
oInvCollPH,1984,880,003A227D,0,1,1,4294967295,0,0
oInvCollPH,2000,880,00041559,0,1,1,4294967295,0,0
oInvCollPH,2016,880,0007B94E,0,1,1,4294967295,0,0
oInvCollPH,2032,880,001EBB65,0,1,1,4294967295,0,0
oInvCollPH,1888,960,002F9925,0,1,1,4294967295,0,0
oInvCollPH,1872,960,000A4E31,0,1,1,4294967295,0,0
oInvCollPH,1856,960,00318EC4,0,1,1,4294967295,0,0
oInvCollPH,1840,960,001F90D9,0,1,1,4294967295,0,0
oInvCollPH,1824,960,000E6729,0,1,1,4294967295,0,0
oInvCollPH,1808,960,0032E8C0,0,1,1,4294967295,0,0
oInvCollPH,1792,960,00267B5A,0,1,1,4294967295,0,0
oInvCollPH,1776,960,003EF144,0,1,1,4294967295,0,0
oInvCollPH,1760,960,001B7C90,0,1,1,4294967295,0,0
oInvCollPH,1744,960,002CD665,0,1,1,4294967295,0,0
oInvCollPH,2032,960,003BE51D,0,1,1,4294967295,0,0
oInvCollPH,2016,960,00205380,0,1,1,4294967295,0,0
oInvCollPH,2000,960,001F9DF9,0,1,1,4294967295,0,0
oInvCollPH,1984,960,000188BB,0,1,1,4294967295,0,0
oInvCollPH,1968,960,001E3E3B,0,1,1,4294967295,0,0
oInvCollPH,1952,960,00090DBA,0,1,1,4294967295,0,0
oInvCollPH,1936,960,001CE604,0,1,1,4294967295,0,0
oInvCollPH,1920,960,0038AC74,0,1,1,4294967295,0,0
oInvCollPH,1904,960,00104818,0,1,1,4294967295,0,0
oInvCollPH,1680,848,0010C900,0,1,1,4294967295,0,0
oInvCollPH,1680,864,00316B96,0,1,1,4294967295,0,0
oInvCollPH,1680,512,0020219B,0,1,1,4294967295,0,0
oInvCollPH,1680,528,0027A857,0,1,1,4294967295,0,0
oInvCollPH,1680,544,00109966,0,1,1,4294967295,0,0
oInvCollPH,1232,96,002EA42E,0,1,1,4294967295,0,0
oInvCollPH,1248,96,0021C94A,0,1,1,4294967295,0,0
oInvCollPH,1264,96,0038D173,0,1,1,4294967295,0,0
oInvCollPH,1280,96,003BA33F,0,1,1,4294967295,0,0
oInvCollPH,1296,96,003E027E,0,1,1,4294967295,0,0
oInvCollPH,1312,96,00112432,0,1,1,4294967295,0,0
oInvCollPH,1328,96,0030F615,0,1,1,4294967295,0,0
oInvCollPH,1344,96,0019C2AA,0,1,1,4294967295,0,0
oInvCollPH,1360,96,0037300F,0,1,1,4294967295,0,0
oInvCollPH,1376,96,003B54FD,0,1,1,4294967295,0,0
oInvCollPH,1392,96,002C40D4,0,1,1,4294967295,0,0
oInvCollPH,1408,96,0034046B,0,1,1,4294967295,0,0
oInvCollPH,1424,96,0021A4CE,0,1,1,4294967295,0,0
oInvCollPH,1440,96,0006BA48,0,1,1,4294967295,0,0
oInvCollPH,1456,96,00272B81,0,1,1,4294967295,0,0
oInvCollPH,1472,96,0006C66E,0,1,1,4294967295,0,0
oInvCollPH,1488,96,0026AE70,0,1,1,4294967295,0,0
oInvCollPH,1504,96,000BB84A,0,1,1,4294967295,0,0
oInvCollPH,1520,96,003B01A2,0,1,1,4294967295,0,0
oInvCollPH,1536,96,002D5E7C,0,1,1,4294967295,0,0
oInvCollPH,1552,96,000B018D,0,1,1,4294967295,0,0
oInvCollPH,1568,96,00113CF1,0,1,1,4294967295,0,0
oInvCollPH,1584,96,00232690,0,1,1,4294967295,0,0
oInvCollPH,1600,96,0038BC11,0,1,1,4294967295,0,0
oInvCollPH,1616,96,0018F5D4,0,1,1,4294967295,0,0
oInvCollPH,1632,96,003820C1,0,1,1,4294967295,0,0
oInvCollPH,1648,96,001C6D90,0,1,1,4294967295,0,0
oInvCollPH,1664,96,0004C011,0,1,1,4294967295,0,0
oInvCollPH,1680,96,002EBF6C,0,1,1,4294967295,0,0
oInvCollPH,1696,96,00229852,0,1,1,4294967295,0,0
oInvCollPH,1712,96,003A4A53,0,1,1,4294967295,0,0
oInvCollPH,1728,96,00225E1E,0,1,1,4294967295,0,0
oInvCollPH,1744,96,003B5137,0,1,1,4294967295,0,0
oInvCollPH,1760,96,003F589F,0,1,1,4294967295,0,0
oInvCollPH,1776,96,00230458,0,1,1,4294967295,0,0
oInvCollPH,1792,96,000009B1,0,1,1,4294967295,0,0
oInvCollPH,1808,96,003EC448,0,1,1,4294967295,0,0
oInvCollPH,1824,96,0025C5D0,0,1,1,4294967295,0,0
oInvisibleSolid,0,0,00330AD5,0,1,1,4294967295,0,1
oInvisibleSolid,0,48,0012697D,0,1,1,4294967295,0,1
oInvisibleSolid,48,144,0035B7E3,0,1,1,4294967295,0,1
oInvisibleSolid,432,144,000CE869,0,1,1,4294967295,0,1
oInvisibleSolid,48,304,0011FEEA,0,1,1,4294967295,0,1
oInvisibleSolid,880,208,003FAF25,0,1,1,4294967295,0,1
oInvisibleSolid,656,304,0026E79F,0,1,1,4294967295,0,1
oInvisibleSolid,880,432,002A5CA7,0,1,1,4294967295,0,1
oInvisibleSolid,752,544,001E7854,0,1,1,4294967295,0,1
oInvisibleSolid,944,352,002EDAA2,0,1,1,4294967295,0,1
oInvisibleSolid,720,512,0019B7E3,0,1,1,4294967295,0,1
oInvisibleSolid,368,336,001EA0C8,0,1,1,4294967295,0,1
oInvisibleSolid,400,304,0019486D,0,1,1,4294967295,0,1
oInvisibleSolid,240,768,00246B65,0,1,1,4294967295,0,1
oInvisibleSolid,240,784,000CD268,0,1,1,4294967295,0,1
oInvisibleSolid,144,496,0023A983,0,1,1,4294967295,0,1
oInvisibleSolid,304,496,0014D417,0,1,1,4294967295,0,1
oInvisibleSolid,496,816,0024F461,0,1,1,4294967295,0,1
oInvisibleSolid,496,784,0013FE83,0,1,1,4294967295,0,1
oInvisibleSolid,624,784,003C8CAC,0,1,1,4294967295,0,1
oInvisibleSolid,784,784,0033A9CA,0,1,1,4294967295,0,1
oInvisibleSolid,144,960,00139BBD,0,1,1,4294967295,0,1
oInvisibleSolid,0,864,003C6BEB,0,1,1,4294967295,0,1
oInvisibleSolid,944,784,00164D89,0,1,1,4294967295,0,1
oInvisibleSolid,1072,768,000E9FB5,0,1,1,4294967295,0,1
oInvisibleSolid,1136,672,0021E547,0,1,1,4294967295,0,1
oInvisibleSolid,1040,672,0006EFA8,0,1,1,4294967295,0,1
oInvisibleSolid,1008,496,0029ACDE,0,1,1,4294967295,0,1
oInvisibleSolid,1264,960,003C3327,0,1,1,4294967295,0,1
oInvisibleSolid,1136,560,002369FE,0,1,1,4294967295,0,1
oInvisibleSolid,1456,544,003D8B43,0,1,1,4294967295,0,1
oInvisibleSolid,1520,336,000FE7B7,0,1,1,4294967295,0,1
oInvisibleSolid,1328,608,000A57B6,0,1,1,4294967295,0,1
oInvisibleSolid,1328,752,000B4B0D,0,1,1,4294967295,0,1
oInvisibleSolid,1232,496,0018EA14,0,1,1,4294967295,0,1
oInvisibleSolid,1008,0,00393769,0,1,1,4294967295,0,1
oInvisibleSolid,1232,0,0028BA36,0,1,1,4294967295,0,1
oInvisibleSolid,1840,112,0035A7CA,0,1,1,4294967295,0,1
oInvisibleSolid,1840,368,000A0106,0,1,1,4294967295,0,1
oInvisibleSolid,1680,400,00048710,0,1,1,4294967295,0,1
oInvisibleSolid,1680,272,00074FBF,0,1,1,4294967295,0,1
oInvisibleSolid,1456,208,002148BF,0,1,1,4294967295,0,1
oInvisibleSolid,1296,208,003BD759,0,1,1,4294967295,0,1
oInvisibleSolid,1008,320,001F587B,0,1,1,4294967295,0,1
