oExit,0,192,001703A2,0,1,1,4294967295,0,1
oExit,3824,192,0016B065,0,1,1,4294967295,0,1
oMovingTrap,1136,80,0024BCD6,0,1,1,4294967295,0,1
oMovingTrap,1328,208,001FC2DE,0,1,1,4294967295,0,1
oMovingTrap,1936,16,0023F00E,0,1,1,4294967295,0,1
oMovingTrap,1488,96,003A70DC,0,1,1,4294967295,0,1
oMovingTrap,2192,16,00374936,0,1,1,4294967295,0,1
oMovingTrap,2448,16,000F66BE,0,1,1,4294967295,0,1
oMovingTrap,1968,176,0028119F,0,1,1,4294967295,0,1
oMovingTrap,2416,176,0001FA7B,0,1,1,4294967295,0,1
oMovingTrap,2800,16,00034122,0,1,1,4294967295,0,1
oMovingTrap,2864,336,0000A2F4,0,1,1,4294967295,0,1
oMovingTrap,2928,16,0005B94D,0,1,1,4294967295,0,1
oGamePower,3712,208,0003FBAF,0,1,1,4294967295,0,1
oMovingTrap,3120,208,0038849A,0,1,1,4294967295,0,1
oMovingTrap,3312,208,00141323,0,1,1,4294967295,0,1
oMovingTrap,3344,16,00183D59,0,1,1,4294967295,0,1
oZapTrap,224,200,0011FE95,0,1,1,4294967295,0,1
oPT_TestEnemy,736,96,00162E29,0,1,1,4294967295,0,1
oPT_TestEnemy,1328,128,003D8E14,0,1,1,4294967295,0,1
oPT_TestEnemy,1872,96,00179F2A,0,1,1,4294967295,0,1
oPT_TestEnemy,2448,96,003DFBB8,0,1,1,4294967295,0,1
oPT_TestEnemy,3008,48,003FE6CE,0,1,1,4294967295,0,1
oPT_TestEnemy,3488,144,0017DB0D,0,1,1,4294967295,0,1
oPlayer1,48,224,001C8556,0,1,1,4294967295,0,0
oCh7RockSpawner,880,16,0005D8BC,0,1,1,4294967295,0,1
oInvCollPH,16,224,0012E79B,0,1,1,4294967295,0,0
oInvCollPH,32,224,00268D8C,0,1,1,4294967295,0,0
oInvCollPH,48,224,00226532,0,1,1,4294967295,0,0
oInvCollPH,64,224,0002A5A2,0,1,1,4294967295,0,0
oInvCollPH,80,224,002664DB,0,1,1,4294967295,0,0
oInvCollPH,96,224,00097201,0,1,1,4294967295,0,0
oInvCollPH,112,224,000C87D3,0,1,1,4294967295,0,0
oInvCollPH,112,240,001D4685,0,1,1,4294967295,0,0
oInvCollPH,144,256,002E3A17,0,1,1,4294967295,0,0
oInvCollPH,160,256,0018E072,0,1,1,4294967295,0,0
oInvCollPH,176,256,001C3522,0,1,1,4294967295,0,0
oInvCollPH,192,256,002E2538,0,1,1,4294967295,0,0
oInvCollPH,208,256,001C8598,0,1,1,4294967295,0,0
oInvCollPH,224,256,00045CE4,0,1,1,4294967295,0,0
oInvCollPH,240,256,001777E2,0,1,1,4294967295,0,0
oInvCollPH,240,272,003FA991,0,1,1,4294967295,0,0
oInvCollPH,240,288,0016620B,0,1,1,4294967295,0,0
oInvCollPH,240,304,000E3484,0,1,1,4294967295,0,0
oInvCollPH,240,320,0039197F,0,1,1,4294967295,0,0
oInvCollPH,240,336,001ACD4C,0,1,1,4294967295,0,0
oInvCollPH,352,272,00298914,0,1,1,4294967295,0,0
oInvCollPH,352,288,00064B7C,0,1,1,4294967295,0,0
oInvCollPH,352,304,00010F0F,0,1,1,4294967295,0,0
oInvCollPH,352,320,00344792,0,1,1,4294967295,0,0
oInvCollPH,352,336,00264A7E,0,1,1,4294967295,0,0
oInvCollPH,368,256,0028E9ED,0,1,1,4294967295,0,0
oInvCollPH,384,256,001B4CDB,0,1,1,4294967295,0,0
oInvCollPH,400,256,000F1F93,0,1,1,4294967295,0,0
oInvCollPH,416,256,00285DFD,0,1,1,4294967295,0,0
oInvCollPH,432,256,00205836,0,1,1,4294967295,0,0
oInvCollPH,448,256,003014D9,0,1,1,4294967295,0,0
oInvCollPH,464,256,0007BB79,0,1,1,4294967295,0,0
oInvCollPH,240,176,003FCD11,0,1,1,4294967295,0,0
oInvCollPH,256,176,00006E80,0,1,1,4294967295,0,0
oInvCollPH,272,176,0025B081,0,1,1,4294967295,0,0
oInvCollPH,288,176,0020283D,0,1,1,4294967295,0,0
oInvCollPH,304,176,0030C66D,0,1,1,4294967295,0,0
oInvCollPH,320,176,003305EC,0,1,1,4294967295,0,0
oInvCollPH,336,176,001B0DC4,0,1,1,4294967295,0,0
oInvCollPH,352,176,00317FBC,0,1,1,4294967295,0,0
oInvCollPH,368,176,00265047,0,1,1,4294967295,0,0
oInvCollPH,160,144,001C0B94,0,1,1,4294967295,0,0
oInvCollPH,160,160,003F8532,0,1,1,4294967295,0,0
oInvCollPH,160,176,002FF39B,0,1,1,4294967295,0,0
oInvCollPH,176,176,00003CC9,0,1,1,4294967295,0,0
oInvCollPH,192,176,0011596C,0,1,1,4294967295,0,0
oInvCollPH,400,176,003A7303,0,1,1,4294967295,0,0
oInvCollPH,416,176,00403424,0,1,1,4294967295,0,0
oInvCollPH,432,176,003AB747,0,1,1,4294967295,0,0
oInvCollPH,448,176,0005F13E,0,1,1,4294967295,0,0
oInvCollPH,464,176,0027E3E3,0,1,1,4294967295,0,0
oInvCollPH,480,176,0035B3EF,0,1,1,4294967295,0,0
oInvCollPH,496,176,00257106,0,1,1,4294967295,0,0
oInvCollPH,496,160,003A0E84,0,1,1,4294967295,0,0
oInvCollPH,496,144,001BE531,0,1,1,4294967295,0,0
oInvCollPH,496,128,003E604E,0,1,1,4294967295,0,0
oInvCollPH,128,16,002324A0,0,1,1,4294967295,0,0
oInvCollPH,128,32,0023DFF5,0,1,1,4294967295,0,0
oInvCollPH,128,48,0033CB8A,0,1,1,4294967295,0,0
oInvCollPH,128,80,003DA5EF,0,1,1,4294967295,0,0
oInvCollPH,128,96,0016E319,0,1,1,4294967295,0,0
oInvCollPH,128,112,000181F1,0,1,1,4294967295,0,0
oInvCollPH,144,112,002B156F,0,1,1,4294967295,0,0
oInvCollPH,512,112,000C5339,0,1,1,4294967295,0,0
oInvCollPH,528,112,000B8713,0,1,1,4294967295,0,0
oInvCollPH,528,96,003F11AE,0,1,1,4294967295,0,0
oInvCollPH,528,80,00181F01,0,1,1,4294967295,0,0
oInvCollPH,528,64,00369064,0,1,1,4294967295,0,0
oInvCollPH,544,48,003835A5,0,1,1,4294967295,0,0
oInvCollPH,560,48,00100D0C,0,1,1,4294967295,0,0
oInvCollPH,560,32,001A40F2,0,1,1,4294967295,0,0
oInvCollPH,560,16,00061AE9,0,1,1,4294967295,0,0
oInvCollPH,560,0,002985C0,0,1,1,4294967295,0,0
oInvCollPH,224,176,0020C67C,0,1,1,4294967295,0,0
oInvCollPH,576,240,00064EBE,0,1,1,4294967295,0,0
oInvCollPH,592,240,003545CD,0,1,1,4294967295,0,0
oInvCollPH,592,224,002A749F,0,1,1,4294967295,0,0
oInvCollPH,832,16,000A0E5C,0,1,1,4294967295,0,0
oInvCollPH,848,16,00332AC6,0,1,1,4294967295,0,0
oInvCollPH,848,0,001A29C0,0,1,1,4294967295,0,0
oInvCollPH,896,16,0036AE0A,0,1,1,4294967295,0,0
oInvCollPH,912,16,00383107,0,1,1,4294967295,0,0
oInvCollPH,912,0,00083902,0,1,1,4294967295,0,0
oInvCollPH,832,112,001F3D53,0,1,1,4294967295,0,0
oInvCollPH,848,96,001FB263,0,1,1,4294967295,0,0
oInvCollPH,864,96,00150DE0,0,1,1,4294967295,0,0
oInvCollPH,880,96,001488FB,0,1,1,4294967295,0,0
oInvCollPH,896,96,00308931,0,1,1,4294967295,0,0
oInvCollPH,912,96,001CDCEC,0,1,1,4294967295,0,0
oInvCollPH,912,112,001B878C,0,1,1,4294967295,0,0
oInvCollPH,800,144,00319B98,0,1,1,4294967295,0,0
oInvCollPH,816,128,001E6D8E,0,1,1,4294967295,0,0
oInvCollPH,768,176,00397BAC,0,1,1,4294967295,0,0
oInvCollPH,784,160,00317E71,0,1,1,4294967295,0,0
oInvCollPH,736,208,0012B64D,0,1,1,4294967295,0,0
oInvCollPH,752,192,0012BC30,0,1,1,4294967295,0,0
oInvCollPH,928,128,003B899E,0,1,1,4294967295,0,0
oInvCollPH,944,128,00343237,0,1,1,4294967295,0,0
oInvCollPH,944,144,00328E0A,0,1,1,4294967295,0,0
oInvCollPH,960,160,002446FC,0,1,1,4294967295,0,0
oInvCollPH,976,160,0007CEA7,0,1,1,4294967295,0,0
oInvCollPH,976,176,000C8452,0,1,1,4294967295,0,0
oInvCollPH,992,192,00401C99,0,1,1,4294967295,0,0
oInvCollPH,1008,192,001B90D5,0,1,1,4294967295,0,0
oInvCollPH,1008,208,00070F6B,0,1,1,4294967295,0,0
oInvCollPH,1408,176,0023349D,0,1,1,4294967295,0,0
oInvCollPH,1408,192,000E52F1,0,1,1,4294967295,0,0
oInvCollPH,1408,208,0038ED89,0,1,1,4294967295,0,0
oInvCollPH,1424,160,000B20CE,0,1,1,4294967295,0,0
oInvCollPH,1440,160,001B00F2,0,1,1,4294967295,0,0
oInvCollPH,1456,160,002A77E8,0,1,1,4294967295,0,0
oInvCollPH,1456,176,003BFFB5,0,1,1,4294967295,0,0
oInvCollPH,1456,192,000693C3,0,1,1,4294967295,0,0
oInvCollPH,1456,208,002076AD,0,1,1,4294967295,0,0
oInvCollPH,672,240,000DEBB2,0,1,1,4294967295,0,0
oInvCollPH,688,224,00034DB6,0,1,1,4294967295,0,0
oInvCollPH,704,224,00334F5C,0,1,1,4294967295,0,0
oInvCollPH,720,224,0025424E,0,1,1,4294967295,0,0
oInvCollPH,1024,224,00395832,0,1,1,4294967295,0,0
oInvCollPH,1040,224,00251F28,0,1,1,4294967295,0,0
oInvCollPH,1056,224,003589AC,0,1,1,4294967295,0,0
oInvCollPH,1072,224,00072A39,0,1,1,4294967295,0,0
oInvCollPH,1088,224,00320F23,0,1,1,4294967295,0,0
oInvCollPH,1104,224,0024CC6C,0,1,1,4294967295,0,0
oInvCollPH,1120,224,00205546,0,1,1,4294967295,0,0
oInvCollPH,1136,224,00264C60,0,1,1,4294967295,0,0
oInvCollPH,1152,224,002A7FB7,0,1,1,4294967295,0,0
oInvCollPH,1168,224,000FED7E,0,1,1,4294967295,0,0
oInvCollPH,1184,224,00400AD9,0,1,1,4294967295,0,0
oInvCollPH,1200,224,0029755C,0,1,1,4294967295,0,0
oInvCollPH,1216,224,00346A31,0,1,1,4294967295,0,0
oInvCollPH,1232,224,002283DA,0,1,1,4294967295,0,0
oInvCollPH,1248,224,003A7381,0,1,1,4294967295,0,0
oInvCollPH,1264,224,003C265A,0,1,1,4294967295,0,0
oInvCollPH,1280,224,00366178,0,1,1,4294967295,0,0
oInvCollPH,1296,224,00143722,0,1,1,4294967295,0,0
oInvCollPH,1312,224,00284055,0,1,1,4294967295,0,0
oInvCollPH,1328,224,000C9BE0,0,1,1,4294967295,0,0
oInvCollPH,1344,224,000B8F0B,0,1,1,4294967295,0,0
oInvCollPH,1360,224,001A8CC3,0,1,1,4294967295,0,0
oInvCollPH,1376,224,001776B3,0,1,1,4294967295,0,0
oInvCollPH,1392,224,0013663F,0,1,1,4294967295,0,0
oInvCollPH,1456,224,003B20D2,0,1,1,4294967295,0,0
oInvCollPH,1456,240,000BA89E,0,1,1,4294967295,0,0
oInvCollPH,480,256,0006312D,0,1,1,4294967295,0,0
oInvCollPH,496,256,002DE596,0,1,1,4294967295,0,0
oInvCollPH,512,256,00131EB2,0,1,1,4294967295,0,0
oInvCollPH,528,256,000AA1E3,0,1,1,4294967295,0,0
oInvCollPH,544,256,00256C0E,0,1,1,4294967295,0,0
oInvCollPH,560,256,001B34E0,0,1,1,4294967295,0,0
oInvCollPH,608,256,0000219B,0,1,1,4294967295,0,0
oInvCollPH,624,256,003CFD58,0,1,1,4294967295,0,0
oInvCollPH,640,256,000813DA,0,1,1,4294967295,0,0
oInvCollPH,656,256,0017C3E5,0,1,1,4294967295,0,0
oInvCollPH,1472,256,001752EB,0,1,1,4294967295,0,0
oInvCollPH,1488,256,001412CF,0,1,1,4294967295,0,0
oInvCollPH,1488,272,00350AC8,0,1,1,4294967295,0,0
oInvCollPH,1920,144,002D2E2F,0,1,1,4294967295,0,0
oInvCollPH,1920,160,0015410F,0,1,1,4294967295,0,0
oInvCollPH,1920,176,001218F4,0,1,1,4294967295,0,0
oInvCollPH,1936,128,001B3644,0,1,1,4294967295,0,0
oInvCollPH,1936,144,003D7282,0,1,1,4294967295,0,0
oInvCollPH,1936,160,001B1E33,0,1,1,4294967295,0,0
oInvCollPH,1936,176,001C4FB5,0,1,1,4294967295,0,0
oInvCollPH,1520,288,00266F63,0,1,1,4294967295,0,0
oInvCollPH,1536,288,0003E455,0,1,1,4294967295,0,0
oInvCollPH,1552,288,0030BF4A,0,1,1,4294967295,0,0
oInvCollPH,1568,288,001DF902,0,1,1,4294967295,0,0
oInvCollPH,1584,288,00351A09,0,1,1,4294967295,0,0
oInvCollPH,1408,16,0026E812,0,1,1,4294967295,0,0
oInvCollPH,1408,32,000309ED,0,1,1,4294967295,0,0
oInvCollPH,1408,48,001E03FB,0,1,1,4294967295,0,0
oInvCollPH,1424,48,00108A2B,0,1,1,4294967295,0,0
oInvCollPH,1440,48,0008DE9B,0,1,1,4294967295,0,0
oInvCollPH,1456,48,0032301B,0,1,1,4294967295,0,0
oInvCollPH,1472,48,001AC777,0,1,1,4294967295,0,0
oInvCollPH,1488,48,00051C73,0,1,1,4294967295,0,0
oInvCollPH,1504,48,003C0C8C,0,1,1,4294967295,0,0
oInvCollPH,1520,48,003127F0,0,1,1,4294967295,0,0
oInvCollPH,1536,48,000F3ADE,0,1,1,4294967295,0,0
oInvCollPH,1552,48,0007410A,0,1,1,4294967295,0,0
oInvCollPH,1568,48,003A0948,0,1,1,4294967295,0,0
oInvCollPH,1584,48,00159809,0,1,1,4294967295,0,0
oInvCollPH,1600,48,00149EAB,0,1,1,4294967295,0,0
oInvCollPH,1616,48,00278C0C,0,1,1,4294967295,0,0
oInvCollPH,1632,48,00237D59,0,1,1,4294967295,0,0
oInvCollPH,1648,48,0038640F,0,1,1,4294967295,0,0
oInvCollPH,1648,32,002308AD,0,1,1,4294967295,0,0
oInvCollPH,1648,16,00225737,0,1,1,4294967295,0,0
oInvCollPH,1648,0,000BF474,0,1,1,4294967295,0,0
oInvCollPH,1600,272,001F7D79,0,1,1,4294967295,0,0
oInvCollPH,1600,256,0004789F,0,1,1,4294967295,0,0
oInvCollPH,1600,240,002C550F,0,1,1,4294967295,0,0
oInvCollPH,1600,224,00308576,0,1,1,4294967295,0,0
oInvCollPH,1600,208,003BEBFD,0,1,1,4294967295,0,0
oInvCollPH,1600,192,001E2BAC,0,1,1,4294967295,0,0
oInvCollPH,1600,176,0027EDE1,0,1,1,4294967295,0,0
oInvCollPH,1616,160,0001FB33,0,1,1,4294967295,0,0
oInvCollPH,1632,160,000BDF8B,0,1,1,4294967295,0,0
oInvCollPH,1648,160,00400BC5,0,1,1,4294967295,0,0
oInvCollPH,1664,160,00057A18,0,1,1,4294967295,0,0
oInvCollPH,1680,160,0001F395,0,1,1,4294967295,0,0
oInvCollPH,1696,160,00101680,0,1,1,4294967295,0,0
oInvCollPH,1712,160,000129C6,0,1,1,4294967295,0,0
oInvCollPH,1712,176,001C0434,0,1,1,4294967295,0,0
oInvCollPH,2048,16,0037011C,0,1,1,4294967295,0,0
oInvCollPH,2048,32,00032748,0,1,1,4294967295,0,0
oInvCollPH,2048,48,00180711,0,1,1,4294967295,0,0
oInvCollPH,2048,64,00183F15,0,1,1,4294967295,0,0
oInvCollPH,2048,80,002144EF,0,1,1,4294967295,0,0
oInvCollPH,2064,80,0005ADA5,0,1,1,4294967295,0,0
oInvCollPH,2064,64,003348AA,0,1,1,4294967295,0,0
oInvCollPH,2064,48,001B88BE,0,1,1,4294967295,0,0
oInvCollPH,2064,32,00116F28,0,1,1,4294967295,0,0
oInvCollPH,2064,16,0024007F,0,1,1,4294967295,0,0
oInvCollPH,2064,0,002FC5F7,0,1,1,4294967295,0,0
oInvCollPH,2176,144,001BFB8E,0,1,1,4294967295,0,0
oInvCollPH,2176,160,001C43F8,0,1,1,4294967295,0,0
oInvCollPH,2176,176,002F6AC0,0,1,1,4294967295,0,0
oInvCollPH,2192,128,00293B95,0,1,1,4294967295,0,0
oInvCollPH,2192,144,0029FA36,0,1,1,4294967295,0,0
oInvCollPH,2192,160,00225E72,0,1,1,4294967295,0,0
oInvCollPH,2192,176,00075A88,0,1,1,4294967295,0,0
oInvCollPH,2432,144,0018CA1A,0,1,1,4294967295,0,0
oInvCollPH,2448,128,001B9B34,0,1,1,4294967295,0,0
oInvCollPH,2448,144,001D7DC5,0,1,1,4294967295,0,0
oInvCollPH,2432,160,00315F8E,0,1,1,4294967295,0,0
oInvCollPH,2432,176,003C2827,0,1,1,4294967295,0,0
oInvCollPH,2480,160,000AF0A5,0,1,1,4294967295,0,0
oInvCollPH,2480,176,00010919,0,1,1,4294967295,0,0
oInvCollPH,2304,16,0016777C,0,1,1,4294967295,0,0
oInvCollPH,2304,32,001CDBFB,0,1,1,4294967295,0,0
oInvCollPH,2304,48,003B75A7,0,1,1,4294967295,0,0
oInvCollPH,2304,64,00223AC4,0,1,1,4294967295,0,0
oInvCollPH,2304,80,00280529,0,1,1,4294967295,0,0
oInvCollPH,2320,80,000AC094,0,1,1,4294967295,0,0
oInvCollPH,2320,64,003165DC,0,1,1,4294967295,0,0
oInvCollPH,2320,48,001CAB22,0,1,1,4294967295,0,0
oInvCollPH,2320,32,0036D9A8,0,1,1,4294967295,0,0
oInvCollPH,2320,16,00235F60,0,1,1,4294967295,0,0
oInvCollPH,2320,0,001979A0,0,1,1,4294967295,0,0
oInvCollPH,1744,192,003EBE07,0,1,1,4294967295,0,0
oInvCollPH,1760,192,0018AF69,0,1,1,4294967295,0,0
oInvCollPH,1776,192,00272CA8,0,1,1,4294967295,0,0
oInvCollPH,1792,192,002A70AD,0,1,1,4294967295,0,0
oInvCollPH,1808,192,0036C829,0,1,1,4294967295,0,0
oInvCollPH,1824,192,00270EB1,0,1,1,4294967295,0,0
oInvCollPH,1840,192,00178F03,0,1,1,4294967295,0,0
oInvCollPH,1856,192,0016480E,0,1,1,4294967295,0,0
oInvCollPH,1872,192,0033AD4D,0,1,1,4294967295,0,0
oInvCollPH,1888,192,00110198,0,1,1,4294967295,0,0
oInvCollPH,1904,192,00294EB7,0,1,1,4294967295,0,0
oInvCollPH,1952,192,000B83B1,0,1,1,4294967295,0,0
oInvCollPH,1968,192,002D18BA,0,1,1,4294967295,0,0
oInvCollPH,1984,192,0033D4FE,0,1,1,4294967295,0,0
oInvCollPH,2000,192,0020BDA0,0,1,1,4294967295,0,0
oInvCollPH,2016,192,003F443A,0,1,1,4294967295,0,0
oInvCollPH,2032,192,002450DA,0,1,1,4294967295,0,0
oInvCollPH,2048,192,001BDAE9,0,1,1,4294967295,0,0
oInvCollPH,2064,192,002EDCBD,0,1,1,4294967295,0,0
oInvCollPH,2080,192,001E1632,0,1,1,4294967295,0,0
oInvCollPH,2096,192,0001AA83,0,1,1,4294967295,0,0
oInvCollPH,2112,192,00239C51,0,1,1,4294967295,0,0
oInvCollPH,2128,192,0010EE9C,0,1,1,4294967295,0,0
oInvCollPH,2144,192,0012208A,0,1,1,4294967295,0,0
oInvCollPH,2160,192,00277027,0,1,1,4294967295,0,0
oInvCollPH,2208,192,0007B04D,0,1,1,4294967295,0,0
oInvCollPH,2224,192,001AF92B,0,1,1,4294967295,0,0
oInvCollPH,2240,192,002A26CF,0,1,1,4294967295,0,0
oInvCollPH,2256,192,0020B8AD,0,1,1,4294967295,0,0
oInvCollPH,2272,192,0020B7D6,0,1,1,4294967295,0,0
oInvCollPH,2288,192,003A4403,0,1,1,4294967295,0,0
oInvCollPH,2304,192,003C9C45,0,1,1,4294967295,0,0
oInvCollPH,2320,192,003B7F72,0,1,1,4294967295,0,0
oInvCollPH,2336,192,00374DCC,0,1,1,4294967295,0,0
oInvCollPH,2352,192,003F9AFC,0,1,1,4294967295,0,0
oInvCollPH,2368,192,003A449B,0,1,1,4294967295,0,0
oInvCollPH,2384,192,0004761B,0,1,1,4294967295,0,0
oInvCollPH,2400,192,0008A06F,0,1,1,4294967295,0,0
oInvCollPH,2416,192,0030A835,0,1,1,4294967295,0,0
oInvCollPH,2496,192,0036F47D,0,1,1,4294967295,0,0
oInvCollPH,2512,192,003E3EF9,0,1,1,4294967295,0,0
oInvCollPH,2528,192,001AAF6C,0,1,1,4294967295,0,0
oInvCollPH,2544,192,0006E38B,0,1,1,4294967295,0,0
oInvCollPH,2544,208,001A2856,0,1,1,4294967295,0,0
oInvCollPH,2544,224,00066047,0,1,1,4294967295,0,0
oInvCollPH,2544,240,003080CE,0,1,1,4294967295,0,0
oInvCollPH,2544,256,0018CBAE,0,1,1,4294967295,0,0
oInvCollPH,2544,272,001F1541,0,1,1,4294967295,0,0
oInvCollPH,2544,288,00325377,0,1,1,4294967295,0,0
oInvCollPH,2544,304,00057CEF,0,1,1,4294967295,0,0
oInvCollPH,2544,320,00299111,0,1,1,4294967295,0,0
oInvCollPH,2544,336,00035291,0,1,1,4294967295,0,0
oInvCollPH,2720,144,0005B964,0,1,1,4294967295,0,0
oInvCollPH,2720,160,002BC16F,0,1,1,4294967295,0,0
oInvCollPH,2720,176,0028B2A3,0,1,1,4294967295,0,0
oInvCollPH,2720,192,001DF417,0,1,1,4294967295,0,0
oInvCollPH,2720,208,002F1E37,0,1,1,4294967295,0,0
oInvCollPH,2720,224,00252D20,0,1,1,4294967295,0,0
oInvCollPH,2720,240,0025C730,0,1,1,4294967295,0,0
oInvCollPH,2720,256,003D79A0,0,1,1,4294967295,0,0
oInvCollPH,2720,272,002D10A2,0,1,1,4294967295,0,0
oInvCollPH,2720,288,00295548,0,1,1,4294967295,0,0
oInvCollPH,2720,304,00101C8E,0,1,1,4294967295,0,0
oInvCollPH,2720,320,0003B87B,0,1,1,4294967295,0,0
oInvCollPH,2720,336,0025BED9,0,1,1,4294967295,0,0
oInvCollPH,2736,128,000C16CA,0,1,1,4294967295,0,0
oInvCollPH,2752,128,002A2F6B,0,1,1,4294967295,0,0
oInvCollPH,2768,128,0001EB42,0,1,1,4294967295,0,0
oInvCollPH,2768,144,003852CC,0,1,1,4294967295,0,0
oInvCollPH,2768,160,00152184,0,1,1,4294967295,0,0
oInvCollPH,2768,176,0025B40D,0,1,1,4294967295,0,0
oInvCollPH,2768,192,0024119A,0,1,1,4294967295,0,0
oInvCollPH,2768,208,002A44F5,0,1,1,4294967295,0,0
oInvCollPH,2768,224,001F68DF,0,1,1,4294967295,0,0
oInvCollPH,2768,240,0032DBD9,0,1,1,4294967295,0,0
oInvCollPH,2768,256,0013D178,0,1,1,4294967295,0,0
oInvCollPH,2768,272,002069B4,0,1,1,4294967295,0,0
oInvCollPH,2768,288,002F05F7,0,1,1,4294967295,0,0
oInvCollPH,2768,304,00157667,0,1,1,4294967295,0,0
oInvCollPH,2768,320,00041D3F,0,1,1,4294967295,0,0
oInvCollPH,2768,336,002032FC,0,1,1,4294967295,0,0
oInvCollPH,2816,336,00360094,0,1,1,4294967295,0,0
oInvCollPH,2816,320,002B4D15,0,1,1,4294967295,0,0
oInvCollPH,2816,304,0026AC47,0,1,1,4294967295,0,0
oInvCollPH,2816,288,002A2CD7,0,1,1,4294967295,0,0
oInvCollPH,2816,272,001429FD,0,1,1,4294967295,0,0
oInvCollPH,2816,256,0015EC65,0,1,1,4294967295,0,0
oInvCollPH,2816,240,001FC171,0,1,1,4294967295,0,0
oInvCollPH,2816,224,000BB8D2,0,1,1,4294967295,0,0
oInvCollPH,2816,208,002D6F9D,0,1,1,4294967295,0,0
oInvCollPH,2816,192,00147CAD,0,1,1,4294967295,0,0
oInvCollPH,2816,176,001D153E,0,1,1,4294967295,0,0
oInvCollPH,2816,160,00185B9F,0,1,1,4294967295,0,0
oInvCollPH,2816,144,003F08C6,0,1,1,4294967295,0,0
oInvCollPH,2832,128,001F2A2A,0,1,1,4294967295,0,0
oInvCollPH,2832,144,0032AD38,0,1,1,4294967295,0,0
oInvCollPH,2832,160,002EEC0B,0,1,1,4294967295,0,0
oInvCollPH,2832,176,001A32E9,0,1,1,4294967295,0,0
oInvCollPH,2832,192,00036E0D,0,1,1,4294967295,0,0
oInvCollPH,2832,208,0037CC45,0,1,1,4294967295,0,0
oInvCollPH,2832,224,00230A76,0,1,1,4294967295,0,0
oInvCollPH,2832,240,0018848F,0,1,1,4294967295,0,0
oInvCollPH,2832,256,003DE2BD,0,1,1,4294967295,0,0
oInvCollPH,2832,272,00279912,0,1,1,4294967295,0,0
oInvCollPH,2832,288,0026B34E,0,1,1,4294967295,0,0
oInvCollPH,2832,304,0014274F,0,1,1,4294967295,0,0
oInvCollPH,2832,320,003C864A,0,1,1,4294967295,0,0
oInvCollPH,2832,336,00209582,0,1,1,4294967295,0,0
oInvCollPH,2880,336,000448D6,0,1,1,4294967295,0,0
oInvCollPH,2880,320,0034A82C,0,1,1,4294967295,0,0
oInvCollPH,2880,304,0002BA24,0,1,1,4294967295,0,0
oInvCollPH,2880,288,000AED13,0,1,1,4294967295,0,0
oInvCollPH,2880,272,002A2482,0,1,1,4294967295,0,0
oInvCollPH,2880,256,002208F4,0,1,1,4294967295,0,0
oInvCollPH,2880,240,001A47A0,0,1,1,4294967295,0,0
oInvCollPH,2880,224,0000D757,0,1,1,4294967295,0,0
oInvCollPH,2880,208,002727DD,0,1,1,4294967295,0,0
oInvCollPH,2880,192,0019B8A8,0,1,1,4294967295,0,0
oInvCollPH,2880,176,0016057C,0,1,1,4294967295,0,0
oInvCollPH,2880,160,003A916F,0,1,1,4294967295,0,0
oInvCollPH,2880,144,0038AB54,0,1,1,4294967295,0,0
oInvCollPH,2896,128,0036C584,0,1,1,4294967295,0,0
oInvCollPH,2896,144,003CAEE5,0,1,1,4294967295,0,0
oInvCollPH,2896,160,00061E52,0,1,1,4294967295,0,0
oInvCollPH,2896,176,00019263,0,1,1,4294967295,0,0
oInvCollPH,2896,192,001807CD,0,1,1,4294967295,0,0
oInvCollPH,2896,208,0003FCBE,0,1,1,4294967295,0,0
oInvCollPH,2896,224,0033F94F,0,1,1,4294967295,0,0
oInvCollPH,2896,240,0034BCAD,0,1,1,4294967295,0,0
oInvCollPH,2896,256,002E9D11,0,1,1,4294967295,0,0
oInvCollPH,2896,272,00038A5E,0,1,1,4294967295,0,0
oInvCollPH,2896,288,0038BA7B,0,1,1,4294967295,0,0
oInvCollPH,2896,304,003961C1,0,1,1,4294967295,0,0
oInvCollPH,2896,320,001EA177,0,1,1,4294967295,0,0
oInvCollPH,2896,336,0009C217,0,1,1,4294967295,0,0
oInvCollPH,2944,144,0000E884,0,1,1,4294967295,0,0
oInvCollPH,2944,160,00222F20,0,1,1,4294967295,0,0
oInvCollPH,2944,176,001238D5,0,1,1,4294967295,0,0
oInvCollPH,2944,192,0031BD9D,0,1,1,4294967295,0,0
oInvCollPH,2944,208,002DBDCD,0,1,1,4294967295,0,0
oInvCollPH,2944,224,000DB3BE,0,1,1,4294967295,0,0
oInvCollPH,2944,240,003CB8C4,0,1,1,4294967295,0,0
oInvCollPH,2944,256,0031A45D,0,1,1,4294967295,0,0
oInvCollPH,2944,272,0011756C,0,1,1,4294967295,0,0
oInvCollPH,2944,288,00180B64,0,1,1,4294967295,0,0
oInvCollPH,2944,304,000AA6F8,0,1,1,4294967295,0,0
oInvCollPH,2944,320,00016C37,0,1,1,4294967295,0,0
oInvCollPH,2944,336,00236AB1,0,1,1,4294967295,0,0
oInvCollPH,2960,128,001D8946,0,1,1,4294967295,0,0
oInvCollPH,2976,128,002EADAB,0,1,1,4294967295,0,0
oInvCollPH,2992,128,003C9D86,0,1,1,4294967295,0,0
oInvCollPH,2992,144,000091A9,0,1,1,4294967295,0,0
oInvCollPH,2992,160,00149B47,0,1,1,4294967295,0,0
oInvCollPH,2992,176,001A44B5,0,1,1,4294967295,0,0
oInvCollPH,2992,192,0035949B,0,1,1,4294967295,0,0
oInvCollPH,2992,208,003477CA,0,1,1,4294967295,0,0
oInvCollPH,2992,224,003D0DAD,0,1,1,4294967295,0,0
oInvCollPH,2992,240,00276609,0,1,1,4294967295,0,0
oInvCollPH,2992,256,00286C85,0,1,1,4294967295,0,0
oInvCollPH,2992,272,000521CC,0,1,1,4294967295,0,0
oInvCollPH,2992,288,0032A159,0,1,1,4294967295,0,0
oInvCollPH,2992,304,00351C4F,0,1,1,4294967295,0,0
oInvCollPH,2992,320,003C6A27,0,1,1,4294967295,0,0
oInvCollPH,2992,336,001EA912,0,1,1,4294967295,0,0
oInvCollPH,3072,208,00057385,0,1,1,4294967295,0,0
oInvCollPH,3088,192,0017EB45,0,1,1,4294967295,0,0
oInvCollPH,3088,208,001F22BE,0,1,1,4294967295,0,0
oInvCollPH,3392,16,00368C46,0,1,1,4294967295,0,0
oInvCollPH,3408,16,00037FF7,0,1,1,4294967295,0,0
oInvCollPH,3408,0,00070482,0,1,1,4294967295,0,0
oInvCollPH,3520,16,00114EAE,0,1,1,4294967295,0,0
oInvCollPH,3520,32,00232A0F,0,1,1,4294967295,0,0
oInvCollPH,3520,48,00335B65,0,1,1,4294967295,0,0
oInvCollPH,3520,64,0000245B,0,1,1,4294967295,0,0
oInvCollPH,3520,80,000888A6,0,1,1,4294967295,0,0
oInvCollPH,3536,80,0025A675,0,1,1,4294967295,0,0
oInvCollPH,3552,80,002F60A6,0,1,1,4294967295,0,0
oInvCollPH,3568,80,002092F2,0,1,1,4294967295,0,0
oInvCollPH,3568,64,003908A0,0,1,1,4294967295,0,0
oInvCollPH,3568,48,0024E7FE,0,1,1,4294967295,0,0
oInvCollPH,3568,32,00338272,0,1,1,4294967295,0,0
oInvCollPH,3568,16,0020A5A7,0,1,1,4294967295,0,0
oInvCollPH,3568,0,000B6637,0,1,1,4294967295,0,0
oInvCollPH,3328,176,003840C9,0,1,1,4294967295,0,0
oInvCollPH,3328,192,002D2F74,0,1,1,4294967295,0,0
oInvCollPH,3328,208,002E1CE5,0,1,1,4294967295,0,0
oInvCollPH,3344,160,00149D3C,0,1,1,4294967295,0,0
oInvCollPH,3360,160,000104F2,0,1,1,4294967295,0,0
oInvCollPH,3376,160,000FF1E2,0,1,1,4294967295,0,0
oInvCollPH,3392,160,00109E5C,0,1,1,4294967295,0,0
oInvCollPH,3408,160,00096C64,0,1,1,4294967295,0,0
oInvCollPH,3424,160,003D71D3,0,1,1,4294967295,0,0
oInvCollPH,3440,160,00033FA7,0,1,1,4294967295,0,0
oInvCollPH,3440,176,0002082A,0,1,1,4294967295,0,0
oInvCollPH,3440,192,0003E0B1,0,1,1,4294967295,0,0
oInvCollPH,3440,208,003FC15E,0,1,1,4294967295,0,0
oInvCollPH,3648,176,002CA964,0,1,1,4294967295,0,0
oInvCollPH,3648,192,000DD4C5,0,1,1,4294967295,0,0
oInvCollPH,3648,208,003F7CC2,0,1,1,4294967295,0,0
oInvCollPH,3664,160,002AE7DC,0,1,1,4294967295,0,0
oInvCollPH,3680,160,000E6158,0,1,1,4294967295,0,0
oInvCollPH,3696,160,00194B16,0,1,1,4294967295,0,0
oInvCollPH,3696,176,001CE271,0,1,1,4294967295,0,0
oInvCollPH,3696,192,00156C4E,0,1,1,4294967295,0,0
oInvCollPH,3696,208,0038292F,0,1,1,4294967295,0,0
oInvCollPH,3648,240,003B172D,0,1,1,4294967295,0,0
oInvCollPH,3648,256,0034354A,0,1,1,4294967295,0,0
oInvCollPH,3648,272,0025E72D,0,1,1,4294967295,0,0
oInvCollPH,3712,224,000EB2E1,0,1,1,4294967295,0,0
oInvCollPH,3728,224,0017DAFA,0,1,1,4294967295,0,0
oInvCollPH,3744,224,0000E4AB,0,1,1,4294967295,0,0
oInvCollPH,3760,224,000DD080,0,1,1,4294967295,0,0
oInvCollPH,3776,224,000DD37F,0,1,1,4294967295,0,0
oInvCollPH,3792,224,0013D1A9,0,1,1,4294967295,0,0
oInvCollPH,3808,224,001FF354,0,1,1,4294967295,0,0
oInvCollPH,3824,224,00271DCA,0,1,1,4294967295,0,0
oInvCollPH,3632,288,0001E97C,0,1,1,4294967295,0,0
oInvCollPH,3616,288,00353CEA,0,1,1,4294967295,0,0
oInvCollPH,3600,288,0019A648,0,1,1,4294967295,0,0
oInvCollPH,3584,288,003ED662,0,1,1,4294967295,0,0
oInvCollPH,3568,288,003A1C08,0,1,1,4294967295,0,0
oInvCollPH,3552,288,0000C7A3,0,1,1,4294967295,0,0
oInvCollPH,3472,288,002E107A,0,1,1,4294967295,0,0
oInvCollPH,3488,288,000ED074,0,1,1,4294967295,0,0
oInvCollPH,3504,288,0037BFF6,0,1,1,4294967295,0,0
oInvCollPH,3520,288,000C5F7C,0,1,1,4294967295,0,0
oInvCollPH,3536,288,0032AEC0,0,1,1,4294967295,0,0
oInvCollPH,3312,224,000C681D,0,1,1,4294967295,0,0
oInvCollPH,3296,224,001DA641,0,1,1,4294967295,0,0
oInvCollPH,3104,224,003950F8,0,1,1,4294967295,0,0
oInvCollPH,3120,224,00030E42,0,1,1,4294967295,0,0
oInvCollPH,3136,224,0038E7D9,0,1,1,4294967295,0,0
oInvCollPH,3152,224,003438E3,0,1,1,4294967295,0,0
oInvCollPH,3168,224,00280B99,0,1,1,4294967295,0,0
oInvCollPH,3184,224,000DB8A7,0,1,1,4294967295,0,0
oInvCollPH,3200,224,001B0C46,0,1,1,4294967295,0,0
oInvCollPH,3216,224,003467E1,0,1,1,4294967295,0,0
oInvCollPH,3072,240,000FA530,0,1,1,4294967295,0,0
oInvCollPH,3072,256,000FA91F,0,1,1,4294967295,0,0
oInvCollPH,3072,272,002CF743,0,1,1,4294967295,0,0
oInvCollPH,3072,288,00125254,0,1,1,4294967295,0,0
oInvCollPH,3072,304,0009F441,0,1,1,4294967295,0,0
oInvCollPH,3072,320,0021E813,0,1,1,4294967295,0,0
oInvCollPH,3072,336,00145E9B,0,1,1,4294967295,0,0
oInvCollPH,3232,224,000C2E03,0,1,1,4294967295,0,0
oInvCollPH,3248,224,0039EDCB,0,1,1,4294967295,0,0
oInvCollPH,3264,224,0003BF69,0,1,1,4294967295,0,0
oInvCollPH,3280,224,0017268A,0,1,1,4294967295,0,0
oInvCollPH,3440,224,00148766,0,1,1,4294967295,0,0
oInvCollPH,3440,240,003D89CC,0,1,1,4294967295,0,0
oInvCollPH,3440,256,002471D4,0,1,1,4294967295,0,0
oInvCollPH,3440,272,0000F1C4,0,1,1,4294967295,0,0
oInvisibleSolid,0,224,00006C1E,0,1,1,4294967295,0,1
oInvisibleSolid,128,256,0030B710,0,1,1,4294967295,0,1
oInvisibleSolid,352,256,0036C360,0,1,1,4294967295,0,1
oInvisibleSolid,160,128,0009BDA7,0,1,1,4294967295,0,1
oInvisibleSolid,128,64,00302E2D,0,1,1,4294967295,0,1
oInvisibleSolid,128,0,0010CF94,0,1,1,4294967295,0,1
oInvisibleSolid,208,192,0032C7F7,0,1,1,4294967295,0,0
oInvisibleSolid,384,192,0014757E,0,1,1,4294967295,0,0
oInvisibleSolid,576,224,0036FADD,0,1,1,4294967295,0,1
oInvisibleSolid,672,224,002681AA,0,1,1,4294967295,0,1
oInvisibleSolid,736,192,0030F933,0,1,1,4294967295,0,1
oInvisibleSolid,768,160,0033C1A3,0,1,1,4294967295,0,1
oInvisibleSolid,800,128,001D697B,0,1,1,4294967295,0,1
oInvisibleSolid,832,96,00269A08,0,1,1,4294967295,0,1
oInvisibleSolid,832,0,001EB128,0,1,1,4294967295,0,1
oInvisibleSolid,896,0,002D87A5,0,1,1,4294967295,0,1
oInvisibleSolid,1408,0,00216AE1,0,1,1,4294967295,0,1
oInvisibleSolid,1920,128,00100E67,0,1,1,4294967295,0,1
oInvisibleSolid,1728,192,001BF1F6,0,1,1,4294967295,0,1
oInvisibleSolid,1600,160,000A654B,0,1,1,4294967295,0,1
oInvisibleSolid,1504,288,002BF636,0,1,1,4294967295,0,1
oInvisibleSolid,1408,160,0017496F,0,1,1,4294967295,0,1
oInvisibleSolid,2048,0,001FEECD,0,1,1,4294967295,0,1
oInvisibleSolid,2176,128,000A4EE2,0,1,1,4294967295,0,1
oInvisibleSolid,2432,128,0004996D,0,1,1,4294967295,0,1
oInvisibleSolid,2304,0,000226CC,0,1,1,4294967295,0,1
oInvisibleSolid,2464,160,0014A9B4,0,1,1,4294967295,0,1
oInvisibleSolid,2720,128,00298104,0,1,1,4294967295,0,1
oInvisibleSolid,2816,128,0019BFA3,0,1,1,4294967295,0,1
oInvisibleSolid,2880,128,002A160F,0,1,1,4294967295,0,1
oInvisibleSolid,2944,128,00285D59,0,1,1,4294967295,0,1
oInvisibleSolid,3072,192,0031DEF1,0,1,1,4294967295,0,1
oInvisibleSolid,3072,224,00017CBD,0,1,1,4294967295,0,1
oInvisibleSolid,3520,0,0022ECBA,0,1,1,4294967295,0,1
oInvisibleSolid,3648,160,00225D36,0,1,1,4294967295,0,1
oInvisibleSolid,3328,160,00238232,0,1,1,4294967295,0,1
oInvisibleSolid,3648,224,002FFD62,0,1,1,4294967295,0,1
oInvisibleSolid,3456,288,001F1679,0,1,1,4294967295,0,1
oInvisibleSolid,3392,0,001D1401,0,1,1,4294967295,0,1
oMapDoor,3464,256,000E7AEC,0,1,1,4294967295,0,1
