oExit,80,272,002AB1A2,0,1,1,4294967295,0,1
oMTBird,544,144,0028E7A8,0,1,1,4294967295,0,0
oLittleBirdStaticA,341,81,003310FA,0,1,1,4294967295,0,1
oLittleBirdStaticA,410,82,0036DCA0,0,1,1,4294967295,0,0
oMoneyChest,376,96,002A0EC9,0,1,1,4294967295,0,1
oHammerBro,416,272,000FF0B0,0,1,1,4294967295,0,1
oRedParatroopa,720,288,002E81FE,0,1,1,4294967295,0,1
oSprongySpring,912,144,002BC36C,0,1,1,4294967295,0,0
oCHAOS_AirGunner,480,176,0035C314,0,1,1,4294967295,0,1
oCHAOS_AirGunner,576,208,00041C7B,0,1,1,4294967295,0,1
oCHAOS_AirGunner,640,144,002E96FE,0,1,1,4294967295,0,1
oZakoBomber,672,304,0010D5DB,0,1,1,4294967295,0,1
oZakoBomber,768,304,001D319D,0,1,1,4294967295,0,1
oPlayer1,112,304,003A70C9,0,1,1,4294967295,0,0
oSpikeZone,208,304,002D3A4C,0,1,1,4294967295,0,0
oSpikeZone,224,304,00320A2B,0,1,1,4294967295,0,0
oSpikeZone,240,304,001C60F9,0,1,1,4294967295,0,0
oSpikeZone,256,304,00151BC9,0,1,1,4294967295,0,0
oSpikeZone,272,304,0020F443,0,1,1,4294967295,0,0
oSpikeZone,288,304,00390AAA,0,1,1,4294967295,0,0
oSpikeZone,304,304,0033622D,0,1,1,4294967295,0,0
oSpikeZone,320,304,002A65D3,0,1,1,4294967295,0,0
oSpikeZone,432,288,00106C0A,0,1,1,4294967295,0,0
oSpikeZone,448,288,003B7A21,0,1,1,4294967295,0,0
oSpikeZone,464,288,00039CFF,0,1,1,4294967295,0,0
oSpikeZone,480,288,00218E3B,0,1,1,4294967295,0,0
oSpikeZone,496,288,002ABDB6,0,1,1,4294967295,0,0
oSpikeZone,512,288,001F6D5E,0,1,1,4294967295,0,0
oSpikeZone,560,304,002711C0,0,1,1,4294967295,0,0
oSpikeZone,576,304,002D4062,0,1,1,4294967295,0,0
oSpikeZone,592,304,001EC928,0,1,1,4294967295,0,0
oSpikeZone,608,304,00001278,0,1,1,4294967295,0,0
oSpikeZone,624,304,003F41F1,0,1,1,4294967295,0,0
oSpikeZone,640,304,002BF958,0,1,1,4294967295,0,0
oSpikeZone,688,304,003F52DA,0,1,1,4294967295,0,0
oSpikeZone,704,304,0007CD8E,0,1,1,4294967295,0,0
oSpikeZone,720,304,0015D52B,0,1,1,4294967295,0,0
oSpikeZone,736,304,00116C64,0,1,1,4294967295,0,0
oSpikeZone,784,304,000A0A72,0,1,1,4294967295,0,0
oSpikeZone,800,304,00071A88,0,1,1,4294967295,0,0
oSpikeZone,816,304,002DEE2E,0,1,1,4294967295,0,0
oSpikeZone,832,304,0006254D,0,1,1,4294967295,0,0
oInvCollPH,32,288,0003181E,0,1,1,4294967295,0,0
oInvCollPH,144,288,0020B418,0,1,1,4294967295,0,0
oInvCollPH,96,304,0037737A,0,1,1,4294967295,0,0
oInvCollPH,112,304,003C6740,0,1,1,4294967295,0,0
oInvCollPH,80,304,00189B89,0,1,1,4294967295,0,0
oInvCollPH,64,304,002F5EC0,0,1,1,4294967295,0,0
oInvCollPH,48,304,002CA0C3,0,1,1,4294967295,0,0
oInvCollPH,160,304,0008C9C2,0,1,1,4294967295,0,0
oInvCollPH,176,304,001F51DF,0,1,1,4294967295,0,0
oInvCollPH,192,304,001ED2F9,0,1,1,4294967295,0,0
oInvCollPH,448,304,00287B9E,0,1,1,4294967295,0,0
oInvCollPH,464,304,0021E9BC,0,1,1,4294967295,0,0
oInvCollPH,480,304,0000B43C,0,1,1,4294967295,0,0
oInvCollPH,496,304,003DAF98,0,1,1,4294967295,0,0
oInvCollPH,512,304,001A7154,0,1,1,4294967295,0,0
oInvCollPH,672,304,002D6D38,0,1,1,4294967295,0,0
oInvCollPH,768,304,00060660,0,1,1,4294967295,0,0
oInvCollPH,528,272,001DE00F,0,1,1,4294967295,0,0
oInvCollPH,528,288,000AE654,0,1,1,4294967295,0,0
oInvCollPH,544,256,0022DE25,0,1,1,4294967295,0,0
oInvCollPH,544,272,003A3150,0,1,1,4294967295,0,0
oInvCollPH,544,288,002F1D40,0,1,1,4294967295,0,0
oInvCollPH,544,304,0032E39B,0,1,1,4294967295,0,0
oInvCollPH,336,288,000D43C1,0,1,1,4294967295,0,0
oInvCollPH,336,304,002EDCA8,0,1,1,4294967295,0,0
oInvCollPH,352,272,0003C63D,0,1,1,4294967295,0,0
oInvCollPH,368,272,0039204A,0,1,1,4294967295,0,0
oInvCollPH,384,272,000C932C,0,1,1,4294967295,0,0
oInvCollPH,400,272,0000BBE5,0,1,1,4294967295,0,0
oInvCollPH,416,272,000EA877,0,1,1,4294967295,0,0
oInvCollPH,416,288,003A5B74,0,1,1,4294967295,0,0
oInvCollPH,224,320,000554D6,0,1,1,4294967295,0,0
oInvCollPH,240,320,00032B4A,0,1,1,4294967295,0,0
oInvCollPH,256,320,00294170,0,1,1,4294967295,0,0
oInvCollPH,272,320,000C0BFA,0,1,1,4294967295,0,0
oInvCollPH,288,320,003EE3EF,0,1,1,4294967295,0,0
oInvCollPH,304,320,000F357F,0,1,1,4294967295,0,0
oInvCollPH,320,320,000F3F80,0,1,1,4294967295,0,0
oInvCollPH,560,320,00000DCB,0,1,1,4294967295,0,0
oInvCollPH,576,320,003C4446,0,1,1,4294967295,0,0
oInvCollPH,592,320,0002BC62,0,1,1,4294967295,0,0
oInvCollPH,608,320,000441A7,0,1,1,4294967295,0,0
oInvCollPH,624,320,0039057D,0,1,1,4294967295,0,0
oInvCollPH,640,320,003373CE,0,1,1,4294967295,0,0
oInvCollPH,688,320,00093525,0,1,1,4294967295,0,0
oInvCollPH,704,320,00293040,0,1,1,4294967295,0,0
oInvCollPH,720,320,00344FA2,0,1,1,4294967295,0,0
oInvCollPH,736,320,000C8B2F,0,1,1,4294967295,0,0
oInvCollPH,784,320,001850D6,0,1,1,4294967295,0,0
oInvCollPH,800,320,0019F663,0,1,1,4294967295,0,0
oInvCollPH,816,320,003E6312,0,1,1,4294967295,0,0
oInvCollPH,832,320,002C6ECC,0,1,1,4294967295,0,0
oInvCollPH,848,304,001D39CC,0,1,1,4294967295,0,0
oInvCollPH,848,288,003C2E27,0,1,1,4294967295,0,0
oInvCollPH,848,272,000F577F,0,1,1,4294967295,0,0
oInvCollPH,848,256,0015A627,0,1,1,4294967295,0,0
oInvCollPH,864,240,00249B55,0,1,1,4294967295,0,0
oInvCollPH,880,240,0030AB40,0,1,1,4294967295,0,0
oInvCollPH,896,192,0028CEAF,0,1,1,4294967295,0,0
oInvCollPH,896,208,0004160A,0,1,1,4294967295,0,0
oInvCollPH,896,224,00180262,0,1,1,4294967295,0,0
oInvCollPH,912,176,00355CA7,0,1,1,4294967295,0,0
oInvCollPH,928,176,0011AF15,0,1,1,4294967295,0,0
oInvCollPH,944,176,002CA907,0,1,1,4294967295,0,0
oInvCollPH,352,112,003CE636,0,1,1,4294967295,0,0
oInvCollPH,368,112,000875F0,0,1,1,4294967295,0,0
oInvCollPH,384,112,002A30D4,0,1,1,4294967295,0,0
oInvCollPH,384,96,0022B20B,0,1,1,4294967295,0,0
oInvCollPH,368,96,002DCE43,0,1,1,4294967295,0,0
oInvisibleSolid,0,304,00395E10,0,1,1,4294967295,0,1
oInvisibleSolid,16,288,00136935,0,1,1,4294967295,0,1
oInvisibleSolid,128,288,00340F9D,0,1,1,4294967295,0,1
oInvisibleSolid,208,320,001CD4D3,0,1,1,4294967295,0,1
oInvisibleSolid,336,272,0017E8A5,0,1,1,4294967295,0,1
oInvisibleSolid,432,304,00046A13,0,1,1,4294967295,0,1
oInvisibleSolid,528,256,0015E079,0,1,1,4294967295,0,1
oInvisibleSolid,656,304,0035E21A,0,1,1,4294967295,0,1
oInvisibleSolid,752,304,00118FEE,0,1,1,4294967295,0,1
oInvisibleSolid,848,240,002A82BC,0,1,1,4294967295,0,1
oInvisibleSolid,896,176,001697EB,0,1,1,4294967295,0,1
oInvisibleSlimSolid,688,112,000DC597,0,1,1,4294967295,0,0
oInvisibleSlimSolid,736,112,000A43D6,0,1,1,4294967295,0,0
oInvisibleSlimSolid,512,96,0009D117,0,1,1,4294967295,0,0
oInvisibleSlimSolid,560,96,000F1EBB,0,1,1,4294967295,0,0
oInvisibleSolid,352,96,001B65C1,0,1,1,4294967295,0,1
