oExit,0,144,003A3B02,0,1,1,4294967295,0,1
oExit,1152,208,002FB6D6,0,1,1,4294967295,0,1
oHealthPickup,240,288,0014DDED,0,1,1,4294967295,0,1
oZeldaBreakPot,320,288,0034FB2D,0,1,1,4294967295,0,0
oZeldaBreakPot,336,288,001C7457,0,1,1,4294967295,0,0
oZeldaBreakPot,848,288,0012BED5,0,1,1,4294967295,0,0
oZeldaBreakPot,864,288,00160AD0,0,1,1,4294967295,0,0
oZeldaBreakPot,352,288,003FFB8B,0,1,1,4294967295,0,0
oZeldaBreakPot,832,288,0013A22C,0,1,1,4294967295,0,0
oMisc,600,72,002BE110,0,1,1,4294967295,0,1
oPlayer1,48,176,00397097,0,1,1,4294967295,0,0
oInvCollPH,16,176,0031EFE0,0,1,1,4294967295,0,0
oInvCollPH,32,176,0026B9DA,0,1,1,4294967295,0,0
oInvCollPH,48,176,001E6F40,0,1,1,4294967295,0,0
oInvCollPH,64,176,003078DB,0,1,1,4294967295,0,0
oInvCollPH,80,176,00213E7F,0,1,1,4294967295,0,0
oInvCollPH,96,192,0011BA19,0,1,1,4294967295,0,0
oInvCollPH,112,208,00301B85,0,1,1,4294967295,0,0
oInvCollPH,128,224,00254C2E,0,1,1,4294967295,0,0
oInvCollPH,144,240,002C126A,0,1,1,4294967295,0,0
oInvCollPH,160,256,000D590C,0,1,1,4294967295,0,0
oInvCollPH,176,272,00175217,0,1,1,4294967295,0,0
oInvCollPH,192,288,003DCDD1,0,1,1,4294967295,0,0
oInvCollPH,208,304,003402FB,0,1,1,4294967295,0,0
oInvCollPH,224,304,00111CA5,0,1,1,4294967295,0,0
oInvCollPH,240,304,0028AEC1,0,1,1,4294967295,0,0
oInvCollPH,304,304,0003E940,0,1,1,4294967295,0,0
oInvCollPH,288,304,00174253,0,1,1,4294967295,0,0
oInvCollPH,272,304,0037B5DC,0,1,1,4294967295,0,0
oInvCollPH,256,304,00271960,0,1,1,4294967295,0,0
oInvCollPH,368,304,002FC3D4,0,1,1,4294967295,0,0
oInvCollPH,352,304,00204767,0,1,1,4294967295,0,0
oInvCollPH,336,304,002E9824,0,1,1,4294967295,0,0
oInvCollPH,320,304,000F27B4,0,1,1,4294967295,0,0
oInvCollPH,432,304,00155980,0,1,1,4294967295,0,0
oInvCollPH,416,304,00233845,0,1,1,4294967295,0,0
oInvCollPH,400,304,002B0DBE,0,1,1,4294967295,0,0
oInvCollPH,384,304,0033A27B,0,1,1,4294967295,0,0
oInvCollPH,496,304,00281EEC,0,1,1,4294967295,0,0
oInvCollPH,480,304,00149C80,0,1,1,4294967295,0,0
oInvCollPH,464,304,00233A1F,0,1,1,4294967295,0,0
oInvCollPH,448,304,00256247,0,1,1,4294967295,0,0
oInvCollPH,560,304,001611AA,0,1,1,4294967295,0,0
oInvCollPH,544,304,003B744C,0,1,1,4294967295,0,0
oInvCollPH,528,304,003DD8BE,0,1,1,4294967295,0,0
oInvCollPH,512,304,0017B46E,0,1,1,4294967295,0,0
oInvCollPH,624,304,00284CB5,0,1,1,4294967295,0,0
oInvCollPH,608,304,003A22C1,0,1,1,4294967295,0,0
oInvCollPH,592,304,00325355,0,1,1,4294967295,0,0
oInvCollPH,576,304,002B1637,0,1,1,4294967295,0,0
oInvCollPH,640,304,0001D190,0,1,1,4294967295,0,0
oInvCollPH,688,304,003A4056,0,1,1,4294967295,0,0
oInvCollPH,672,304,0019A41D,0,1,1,4294967295,0,0
oInvCollPH,656,304,003CB4A6,0,1,1,4294967295,0,0
oInvCollPH,752,304,000AA37F,0,1,1,4294967295,0,0
oInvCollPH,736,304,001A0FCD,0,1,1,4294967295,0,0
oInvCollPH,720,304,00372C2A,0,1,1,4294967295,0,0
oInvCollPH,704,304,00230B1A,0,1,1,4294967295,0,0
oInvCollPH,816,304,0007FD51,0,1,1,4294967295,0,0
oInvCollPH,800,304,000A10F0,0,1,1,4294967295,0,0
oInvCollPH,784,304,00142384,0,1,1,4294967295,0,0
oInvCollPH,768,304,0038A90B,0,1,1,4294967295,0,0
oInvCollPH,880,304,003C69A1,0,1,1,4294967295,0,0
oInvCollPH,864,304,00029935,0,1,1,4294967295,0,0
oInvCollPH,848,304,001C6480,0,1,1,4294967295,0,0
oInvCollPH,832,304,001DC9F8,0,1,1,4294967295,0,0
oInvCollPH,304,16,00213DB6,0,1,1,4294967295,0,0
oInvCollPH,304,32,0006A13F,0,1,1,4294967295,0,0
oInvCollPH,304,48,0035682A,0,1,1,4294967295,0,0
oInvCollPH,304,64,0030C430,0,1,1,4294967295,0,0
oInvCollPH,304,80,0026840C,0,1,1,4294967295,0,0
oInvCollPH,400,16,0035ABD6,0,1,1,4294967295,0,0
oInvCollPH,400,32,0023D680,0,1,1,4294967295,0,0
oInvCollPH,416,32,0001EA13,0,1,1,4294967295,0,0
oInvCollPH,432,32,00294C43,0,1,1,4294967295,0,0
oInvCollPH,448,32,003F4C3B,0,1,1,4294967295,0,0
oInvCollPH,464,32,001CD78A,0,1,1,4294967295,0,0
oInvCollPH,464,16,0024FC23,0,1,1,4294967295,0,0
oInvCollPH,464,0,002D9171,0,1,1,4294967295,0,0
oInvCollPH,560,16,001D68E4,0,1,1,4294967295,0,0
oInvCollPH,560,32,0030ABB8,0,1,1,4294967295,0,0
oInvCollPH,576,32,0002F57E,0,1,1,4294967295,0,0
oInvCollPH,592,32,002F2CAD,0,1,1,4294967295,0,0
oInvCollPH,608,32,0005EE87,0,1,1,4294967295,0,0
oInvCollPH,624,32,000F3892,0,1,1,4294967295,0,0
oInvCollPH,624,16,00321E34,0,1,1,4294967295,0,0
oInvCollPH,624,0,0017863A,0,1,1,4294967295,0,0
oInvCollPH,720,16,0036B94E,0,1,1,4294967295,0,0
oInvCollPH,720,32,000B2184,0,1,1,4294967295,0,0
oInvCollPH,736,32,000893C2,0,1,1,4294967295,0,0
oInvCollPH,752,32,0014AB93,0,1,1,4294967295,0,0
oInvCollPH,768,32,0026AB9B,0,1,1,4294967295,0,0
oInvCollPH,784,32,003EBFD5,0,1,1,4294967295,0,0
oInvCollPH,784,16,00171A63,0,1,1,4294967295,0,0
oInvCollPH,784,0,0011211F,0,1,1,4294967295,0,0
oInvCollPH,880,16,000D2D76,0,1,1,4294967295,0,0
oInvCollPH,880,32,001A185B,0,1,1,4294967295,0,0
oInvCollPH,880,48,002AB934,0,1,1,4294967295,0,0
oInvCollPH,880,64,0002770E,0,1,1,4294967295,0,0
oInvCollPH,880,80,00275A23,0,1,1,4294967295,0,0
oInvCollPH,880,96,003200AE,0,1,1,4294967295,0,0
oInvCollPH,880,112,000C0C77,0,1,1,4294967295,0,0
oInvCollPH,880,128,0038E4F9,0,1,1,4294967295,0,0
oInvCollPH,880,144,00263C43,0,1,1,4294967295,0,0
oInvCollPH,880,160,00172611,0,1,1,4294967295,0,0
oInvCollPH,880,176,00046102,0,1,1,4294967295,0,0
oInvCollPH,880,192,0010777A,0,1,1,4294967295,0,0
oInvCollPH,880,208,003925DA,0,1,1,4294967295,0,0
oInvCollPH,880,224,0001D589,0,1,1,4294967295,0,0
oInvCollPH,304,96,001A717D,0,1,1,4294967295,0,0
oInvCollPH,896,304,0003528C,0,1,1,4294967295,0,0
oInvCollPH,912,304,00286FA8,0,1,1,4294967295,0,0
oInvCollPH,928,304,0017E756,0,1,1,4294967295,0,0
oInvCollPH,944,304,00201CAD,0,1,1,4294967295,0,0
oInvCollPH,1104,240,000822DB,0,1,1,4294967295,0,0
oInvCollPH,1120,240,00038A43,0,1,1,4294967295,0,0
oInvCollPH,1136,240,000ADCC9,0,1,1,4294967295,0,0
oInvCollPH,1024,240,0037B11C,0,1,1,4294967295,0,0
oInvCollPH,1040,240,0006323B,0,1,1,4294967295,0,0
oInvCollPH,1056,240,002EECA4,0,1,1,4294967295,0,0
oInvCollPH,1072,240,001A5B88,0,1,1,4294967295,0,0
oInvCollPH,1088,240,0005CE38,0,1,1,4294967295,0,0
oInvCollPH,1152,240,002FAF57,0,1,1,4294967295,0,0
oInvCollPH,1152,256,00302BC4,0,1,1,4294967295,0,0
oInvCollPH,1152,272,001238E0,0,1,1,4294967295,0,0
oInvCollPH,1152,288,001ACE66,0,1,1,4294967295,0,0
oInvCollPH,1152,304,0023E95C,0,1,1,4294967295,0,0
oInvCollPH,1152,320,002BA33F,0,1,1,4294967295,0,0
oInvCollPH,1152,336,0033789E,0,1,1,4294967295,0,0
oInvCollPH,176,128,00101506,0,1,1,4294967295,0,0
oInvCollPH,192,128,000D141F,0,1,1,4294967295,0,0
oInvisibleSolid,0,176,003F0684,0,1,1,4294967295,0,1
oInvisibleSolid,0,192,00173BE3,0,1,1,4294967295,0,1
oInvisibleSolid,0,208,002E7DF2,0,1,1,4294967295,0,1
oInvisibleSolid,0,224,0031224F,0,1,1,4294967295,0,1
oInvisibleSolid,0,240,003D5536,0,1,1,4294967295,0,1
oInvisibleSolid,0,256,00123ABF,0,1,1,4294967295,0,1
oInvisibleSolid,0,272,0018693B,0,1,1,4294967295,0,1
oInvisibleSolid,0,288,000587F6,0,1,1,4294967295,0,1
oInvisibleSolid,0,304,0039BE49,0,1,1,4294967295,0,1
oInvisibleSolid,304,0,00188786,0,1,1,4294967295,0,1
oInvisibleSolid,400,0,000FE24A,0,1,1,4294967295,0,1
oInvisibleSolid,880,0,0031327C,0,1,1,4294967295,0,1
oInvisibleSolid,720,0,00128495,0,1,1,4294967295,0,1
oInvisibleSolid,560,0,002B41EA,0,1,1,4294967295,0,1
oIVaultC2,560,80,00099F11,0,1,1,4294967295,0,0
oIVaultC2,576,96,002A2ABC,0,1,1,4294967295,0,0
oIVaultHoriz,592,110,0028136D,0,1,1,4294967295,0,0
oIVaultC1,624,80,000030F2,0,1,1,4294967295,0,0
oIVaultC1,608,96,002B5574,0,1,1,4294967295,0,0
oIVaultVert,560,48,001DAC28,0,1,1,4294967295,0,1
oIVaultVert,636,48,0028397C,0,1,1,4294967295,0,1
oInvisibleSolid,1008,240,000B2832,0,1,1,4294967295,0,1
oInvisibleSolid,992,256,003106A2,0,1,1,4294967295,0,1
oInvisibleSolid,976,272,0012484B,0,1,1,4294967295,0,1
oInvisibleSolid,960,288,0029D4D3,0,1,1,4294967295,0,1
oInvisibleSolid,160,128,003A4F51,0,1,1,4294967295,0,1
