oExit,0,256,001A6DC4,0,1,1,4294967295,0,1
oExit,2288,192,00224D2D,0,1,1,4294967295,0,1
oGamePower,2176,208,002FA629,0,1,1,4294967295,0,1
oPT_Skeleton,592,240,003479CB,0,1,1,4294967295,0,1
oPT_LavaBeast,880,272,002FCA97,0,1,1,4294967295,0,1
oPlayer1,48,288,000E7159,0,1,1,4294967295,0,0
oPT_FireEye,1936,176,0022FD3E,0,1,1,4294967295,0,1
oWaterVolume,0,256,001FFB78,0,1,1,4294967295,0,1
oInvCollPH,176,272,003AC887,0,1,1,4294967295,0,0
oInvCollPH,192,272,0000814A,0,1,1,4294967295,0,0
oInvCollPH,208,272,00379926,0,1,1,4294967295,0,0
oInvCollPH,0,208,0005898A,0,1,1,4294967295,0,0
oInvCollPH,16,208,0002D85F,0,1,1,4294967295,0,0
oInvCollPH,32,208,000D8D18,0,1,1,4294967295,0,0
oInvCollPH,48,208,0017FAF3,0,1,1,4294967295,0,0
oInvCollPH,96,176,00123563,0,1,1,4294967295,0,0
oInvCollPH,112,176,000013D6,0,1,1,4294967295,0,0
oInvCollPH,128,176,002313B8,0,1,1,4294967295,0,0
oInvCollPH,144,176,00397675,0,1,1,4294967295,0,0
oInvCollPH,160,176,0011926D,0,1,1,4294967295,0,0
oInvCollPH,176,176,000A0E52,0,1,1,4294967295,0,0
oInvCollPH,16,288,002EC292,0,1,1,4294967295,0,0
oInvCollPH,32,288,002F8DC0,0,1,1,4294967295,0,0
oInvCollPH,48,288,002F2D56,0,1,1,4294967295,0,0
oInvCollPH,64,288,00163432,0,1,1,4294967295,0,0
oInvCollPH,80,288,0030402C,0,1,1,4294967295,0,0
oInvCollPH,96,288,001F22A1,0,1,1,4294967295,0,0
oInvCollPH,112,288,00328E7C,0,1,1,4294967295,0,0
oInvCollPH,256,288,000C2B01,0,1,1,4294967295,0,0
oInvCollPH,272,288,0022967E,0,1,1,4294967295,0,0
oInvCollPH,288,288,00251ED3,0,1,1,4294967295,0,0
oInvCollPH,304,288,00271DFE,0,1,1,4294967295,0,0
oInvCollPH,192,176,003E337E,0,1,1,4294967295,0,0
oInvCollPH,208,176,000CD273,0,1,1,4294967295,0,0
oInvCollPH,224,176,00384D5B,0,1,1,4294967295,0,0
oInvCollPH,240,176,0031DB96,0,1,1,4294967295,0,0
oInvCollPH,256,176,003150D1,0,1,1,4294967295,0,0
oInvCollPH,272,176,003DD5A3,0,1,1,4294967295,0,0
oInvCollPH,288,176,000F0832,0,1,1,4294967295,0,0
oInvCollPH,304,176,0039F41D,0,1,1,4294967295,0,0
oInvCollPH,304,160,0007AFBB,0,1,1,4294967295,0,0
oInvCollPH,304,144,002329E6,0,1,1,4294967295,0,0
oInvCollPH,320,288,0014E53E,0,1,1,4294967295,0,0
oInvCollPH,336,288,001C01AE,0,1,1,4294967295,0,0
oInvCollPH,336,304,001B5898,0,1,1,4294967295,0,0
oInvCollPH,336,320,001EBC30,0,1,1,4294967295,0,0
oInvCollPH,336,336,00079547,0,1,1,4294967295,0,0
oInvCollPH,448,256,002EB6A1,0,1,1,4294967295,0,0
oInvCollPH,448,272,002DB9E2,0,1,1,4294967295,0,0
oInvCollPH,448,288,00036B7D,0,1,1,4294967295,0,0
oInvCollPH,464,240,002B7718,0,1,1,4294967295,0,0
oInvCollPH,480,240,002DCF8C,0,1,1,4294967295,0,0
oInvCollPH,496,240,00213A2B,0,1,1,4294967295,0,0
oInvCollPH,512,240,003E2324,0,1,1,4294967295,0,0
oInvCollPH,528,240,000D3F78,0,1,1,4294967295,0,0
oInvCollPH,544,240,003663A6,0,1,1,4294967295,0,0
oInvCollPH,560,240,003D9758,0,1,1,4294967295,0,0
oInvCollPH,448,304,0034684B,0,1,1,4294967295,0,0
oInvCollPH,448,320,0021A3B9,0,1,1,4294967295,0,0
oInvCollPH,448,336,0007562A,0,1,1,4294967295,0,0
oInvCollPH,320,128,001109B7,0,1,1,4294967295,0,0
oInvCollPH,336,128,003E7D61,0,1,1,4294967295,0,0
oInvCollPH,352,128,001724F4,0,1,1,4294967295,0,0
oInvCollPH,368,128,0010DC21,0,1,1,4294967295,0,0
oInvCollPH,384,128,0015CD1D,0,1,1,4294967295,0,0
oInvCollPH,400,128,00243149,0,1,1,4294967295,0,0
oInvCollPH,416,128,000BE48E,0,1,1,4294967295,0,0
oInvCollPH,432,128,00256DBC,0,1,1,4294967295,0,0
oInvCollPH,448,128,000848FB,0,1,1,4294967295,0,0
oInvCollPH,464,128,002211AA,0,1,1,4294967295,0,0
oInvCollPH,480,112,001D7219,0,1,1,4294967295,0,0
oInvCollPH,496,112,0038118A,0,1,1,4294967295,0,0
oInvCollPH,512,112,0037DAF6,0,1,1,4294967295,0,0
oInvCollPH,528,112,000106C2,0,1,1,4294967295,0,0
oInvCollPH,576,240,001F94B0,0,1,1,4294967295,0,0
oInvCollPH,592,240,001B9B3F,0,1,1,4294967295,0,0
oInvCollPH,608,240,001EE882,0,1,1,4294967295,0,0
oInvCollPH,624,240,0023AECB,0,1,1,4294967295,0,0
oInvCollPH,656,256,0015BD63,0,1,1,4294967295,0,0
oInvCollPH,656,272,000BDBBA,0,1,1,4294967295,0,0
oInvCollPH,656,288,002BCF77,0,1,1,4294967295,0,0
oInvCollPH,656,304,0033A33A,0,1,1,4294967295,0,0
oInvCollPH,656,320,0018A4CF,0,1,1,4294967295,0,0
oInvCollPH,656,336,00159E75,0,1,1,4294967295,0,0
oInvCollPH,736,256,00265F3F,0,1,1,4294967295,0,0
oInvCollPH,736,272,0032F8C0,0,1,1,4294967295,0,0
oInvCollPH,736,288,00239D99,0,1,1,4294967295,0,0
oInvCollPH,736,304,00064E4F,0,1,1,4294967295,0,0
oInvCollPH,736,320,003B9669,0,1,1,4294967295,0,0
oInvCollPH,736,336,003CD794,0,1,1,4294967295,0,0
oInvCollPH,784,224,0014EFD0,0,1,1,4294967295,0,0
oInvCollPH,800,224,001A7F2E,0,1,1,4294967295,0,0
oInvCollPH,816,224,003DAF9D,0,1,1,4294967295,0,0
oInvCollPH,784,112,00156D7E,0,1,1,4294967295,0,0
oInvCollPH,800,112,003CA330,0,1,1,4294967295,0,0
oInvCollPH,816,112,002FDF31,0,1,1,4294967295,0,0
oInvCollPH,832,112,003F0153,0,1,1,4294967295,0,0
oInvCollPH,848,112,003A1C64,0,1,1,4294967295,0,0
oInvCollPH,736,96,00221B82,0,1,1,4294967295,0,0
oInvCollPH,752,96,00147616,0,1,1,4294967295,0,0
oInvCollPH,576,112,00381C92,0,1,1,4294967295,0,0
oInvCollPH,560,112,002C2184,0,1,1,4294967295,0,0
oInvCollPH,592,112,00008BE7,0,1,1,4294967295,0,0
oInvCollPH,544,112,00193FB5,0,1,1,4294967295,0,0
oInvCollPH,608,112,003DDC40,0,1,1,4294967295,0,0
oInvCollPH,624,112,003FFB4D,0,1,1,4294967295,0,0
oInvCollPH,640,112,001D21BA,0,1,1,4294967295,0,0
oInvCollPH,656,112,001913C7,0,1,1,4294967295,0,0
oInvCollPH,672,112,001B1F7A,0,1,1,4294967295,0,0
oInvCollPH,688,112,00071712,0,1,1,4294967295,0,0
oInvCollPH,704,112,001AA0AE,0,1,1,4294967295,0,0
oInvCollPH,720,112,0024FA24,0,1,1,4294967295,0,0
oInvCollPH,848,96,001F6381,0,1,1,4294967295,0,0
oInvCollPH,880,208,00169DB4,0,1,1,4294967295,0,0
oInvCollPH,912,224,00239ED7,0,1,1,4294967295,0,0
oInvCollPH,912,240,0017BD14,0,1,1,4294967295,0,0
oInvCollPH,912,256,001E7035,0,1,1,4294967295,0,0
oInvCollPH,912,272,00142E15,0,1,1,4294967295,0,0
oInvCollPH,912,288,000FE712,0,1,1,4294967295,0,0
oInvCollPH,912,304,001FED99,0,1,1,4294967295,0,0
oInvCollPH,912,320,0021FA90,0,1,1,4294967295,0,0
oInvCollPH,912,336,000F8054,0,1,1,4294967295,0,0
oInvCollPH,1104,224,003D13DF,0,1,1,4294967295,0,0
oInvCollPH,1056,256,0018930E,0,1,1,4294967295,0,0
oInvCollPH,1056,272,00005913,0,1,1,4294967295,0,0
oInvCollPH,1056,288,0034CCAE,0,1,1,4294967295,0,0
oInvCollPH,1056,304,0026216B,0,1,1,4294967295,0,0
oInvCollPH,1056,320,00071205,0,1,1,4294967295,0,0
oInvCollPH,1056,336,000E7F46,0,1,1,4294967295,0,0
oInvCollPH,1136,240,003B55FC,0,1,1,4294967295,0,0
oInvCollPH,1136,256,0024B380,0,1,1,4294967295,0,0
oInvCollPH,1136,272,002ABC3B,0,1,1,4294967295,0,0
oInvCollPH,1136,288,003B8DF3,0,1,1,4294967295,0,0
oInvCollPH,1136,304,0002E658,0,1,1,4294967295,0,0
oInvCollPH,1136,320,000BDA25,0,1,1,4294967295,0,0
oInvCollPH,1136,336,00156D8B,0,1,1,4294967295,0,0
oInvCollPH,1216,256,000CE9C8,0,1,1,4294967295,0,0
oInvCollPH,1216,272,003FECB3,0,1,1,4294967295,0,0
oInvCollPH,1216,288,002A65E2,0,1,1,4294967295,0,0
oInvCollPH,1216,304,000DC039,0,1,1,4294967295,0,0
oInvCollPH,1216,320,002C4F67,0,1,1,4294967295,0,0
oInvCollPH,1216,336,0028C13B,0,1,1,4294967295,0,0
oInvCollPH,1232,336,002C6BC9,0,1,1,4294967295,0,0
oInvCollPH,1232,320,0017D8B0,0,1,1,4294967295,0,0
oInvCollPH,1232,304,002863FA,0,1,1,4294967295,0,0
oInvCollPH,1232,288,003831C8,0,1,1,4294967295,0,0
oInvCollPH,1232,272,002017BD,0,1,1,4294967295,0,0
oInvCollPH,1232,256,00371D51,0,1,1,4294967295,0,0
oInvCollPH,1232,240,00156DCB,0,1,1,4294967295,0,0
oInvCollPH,1312,256,003FD3F9,0,1,1,4294967295,0,0
oInvCollPH,1312,272,000D6D9F,0,1,1,4294967295,0,0
oInvCollPH,1312,288,002E6C9B,0,1,1,4294967295,0,0
oInvCollPH,1312,304,003B96AC,0,1,1,4294967295,0,0
oInvCollPH,1312,320,002FB0B4,0,1,1,4294967295,0,0
oInvCollPH,1312,336,00014D4A,0,1,1,4294967295,0,0
oInvCollPH,1328,336,003B9F01,0,1,1,4294967295,0,0
oInvCollPH,1328,320,0031B6BF,0,1,1,4294967295,0,0
oInvCollPH,1328,304,001D7F34,0,1,1,4294967295,0,0
oInvCollPH,1328,288,003DA756,0,1,1,4294967295,0,0
oInvCollPH,1328,272,00024CC2,0,1,1,4294967295,0,0
oInvCollPH,1328,256,0026AABD,0,1,1,4294967295,0,0
oInvCollPH,1328,240,0007E448,0,1,1,4294967295,0,0
oInvCollPH,1408,256,0015C6C5,0,1,1,4294967295,0,0
oInvCollPH,1408,272,001D58B3,0,1,1,4294967295,0,0
oInvCollPH,1408,288,001B6E46,0,1,1,4294967295,0,0
oInvCollPH,1408,304,0019902E,0,1,1,4294967295,0,0
oInvCollPH,1408,320,000ACAC8,0,1,1,4294967295,0,0
oInvCollPH,1408,336,001B4C36,0,1,1,4294967295,0,0
oInvCollPH,1424,336,00084C59,0,1,1,4294967295,0,0
oInvCollPH,1424,320,003DE9E2,0,1,1,4294967295,0,0
oInvCollPH,1424,304,003F9C0D,0,1,1,4294967295,0,0
oInvCollPH,1424,288,000879C4,0,1,1,4294967295,0,0
oInvCollPH,1424,272,003356C1,0,1,1,4294967295,0,0
oInvCollPH,1424,256,002B8DCE,0,1,1,4294967295,0,0
oInvCollPH,1424,240,0038E454,0,1,1,4294967295,0,0
oInvCollPH,1536,240,002BED24,0,1,1,4294967295,0,0
oInvCollPH,1536,256,000D486F,0,1,1,4294967295,0,0
oInvCollPH,1536,272,0017D907,0,1,1,4294967295,0,0
oInvCollPH,1584,208,00284EE2,0,1,1,4294967295,0,0
oInvCollPH,1536,288,00338A1F,0,1,1,4294967295,0,0
oInvCollPH,1536,304,0000C111,0,1,1,4294967295,0,0
oInvCollPH,1536,320,001446F0,0,1,1,4294967295,0,0
oInvCollPH,1536,336,000DEF3C,0,1,1,4294967295,0,0
oInvCollPH,1616,224,001CEB32,0,1,1,4294967295,0,0
oInvCollPH,1616,240,00241769,0,1,1,4294967295,0,0
oInvCollPH,1616,256,002AF403,0,1,1,4294967295,0,0
oInvCollPH,1616,272,001294E4,0,1,1,4294967295,0,0
oInvCollPH,1616,288,003309F7,0,1,1,4294967295,0,0
oInvCollPH,1616,304,00198CD2,0,1,1,4294967295,0,0
oInvCollPH,1616,320,0007BB88,0,1,1,4294967295,0,0
oInvCollPH,1616,336,000B99AB,0,1,1,4294967295,0,0
oInvCollPH,1840,224,0034FBC7,0,1,1,4294967295,0,0
oInvCollPH,1856,224,00309CEE,0,1,1,4294967295,0,0
oInvCollPH,1872,224,000E5405,0,1,1,4294967295,0,0
oInvCollPH,1968,256,0002F9EF,0,1,1,4294967295,0,0
oInvCollPH,1984,256,0009B216,0,1,1,4294967295,0,0
oInvCollPH,2000,256,0022E86D,0,1,1,4294967295,0,0
oInvCollPH,2016,256,0030F1D3,0,1,1,4294967295,0,0
oInvCollPH,2032,256,003C3440,0,1,1,4294967295,0,0
oInvCollPH,1696,256,001DDD7A,0,1,1,4294967295,0,0
oInvCollPH,1696,272,003304FD,0,1,1,4294967295,0,0
oInvCollPH,1696,288,00119E69,0,1,1,4294967295,0,0
oInvCollPH,1696,304,00033708,0,1,1,4294967295,0,0
oInvCollPH,1696,320,000302E4,0,1,1,4294967295,0,0
oInvCollPH,1696,336,0006AAB2,0,1,1,4294967295,0,0
oInvCollPH,1712,240,001BED8E,0,1,1,4294967295,0,0
oInvCollPH,1728,240,003F4B42,0,1,1,4294967295,0,0
oInvCollPH,1744,240,0032B924,0,1,1,4294967295,0,0
oInvCollPH,1744,256,000BFC73,0,1,1,4294967295,0,0
oInvCollPH,1744,272,0035D699,0,1,1,4294967295,0,0
oInvCollPH,1744,288,0026F212,0,1,1,4294967295,0,0
oInvCollPH,1744,304,000E2458,0,1,1,4294967295,0,0
oInvCollPH,1744,320,001C95D1,0,1,1,4294967295,0,0
oInvCollPH,1744,336,0002DE55,0,1,1,4294967295,0,0
oInvCollPH,2112,256,000D5FED,0,1,1,4294967295,0,0
oInvCollPH,2112,272,00001E00,0,1,1,4294967295,0,0
oInvCollPH,2112,288,00393F60,0,1,1,4294967295,0,0
oInvCollPH,2160,224,0017DD41,0,1,1,4294967295,0,0
oInvCollPH,2176,224,00193867,0,1,1,4294967295,0,0
oInvCollPH,2192,224,0000634C,0,1,1,4294967295,0,0
oInvCollPH,2208,224,0009D418,0,1,1,4294967295,0,0
oInvCollPH,2112,304,00155483,0,1,1,4294967295,0,0
oInvCollPH,2112,320,00150C80,0,1,1,4294967295,0,0
oInvCollPH,2112,336,0001C440,0,1,1,4294967295,0,0
oInvCollPH,2224,224,001E5D18,0,1,1,4294967295,0,0
oInvCollPH,2240,224,0016464D,0,1,1,4294967295,0,0
oInvCollPH,2256,224,0036648A,0,1,1,4294967295,0,0
oInvCollPH,2272,224,00291A3D,0,1,1,4294967295,0,0
oInvCollPH,2288,224,002582F5,0,1,1,4294967295,0,0
oInvCollPH,2240,144,003DB033,0,1,1,4294967295,0,0
oInvCollPH,2256,144,000CA61E,0,1,1,4294967295,0,0
oInvCollPH,2272,144,00342B5B,0,1,1,4294967295,0,0
oInvCollPH,2288,144,00212A8B,0,1,1,4294967295,0,0
oInvCollPH,1536,128,00371DC0,0,1,1,4294967295,0,0
oInvCollPH,1552,128,00391B8F,0,1,1,4294967295,0,0
oInvCollPH,1568,128,00262F6A,0,1,1,4294967295,0,0
oInvCollPH,1584,128,001B3C03,0,1,1,4294967295,0,0
oInvCollPH,1600,128,001FCD43,0,1,1,4294967295,0,0
oInvCollPH,1616,128,0032D3BE,0,1,1,4294967295,0,0
oInvCollPH,1616,112,00370933,0,1,1,4294967295,0,0
oInvCollPH,1312,64,00319F2C,0,1,1,4294967295,0,0
oInvCollPH,1328,64,00364D7F,0,1,1,4294967295,0,0
oInvCollPH,1344,64,002C4500,0,1,1,4294967295,0,0
oInvCollPH,1360,64,00270A81,0,1,1,4294967295,0,0
oInvCollPH,1376,64,001CB107,0,1,1,4294967295,0,0
oInvCollPH,1392,64,0037FCC9,0,1,1,4294967295,0,0
oInvCollPH,1408,64,0019A05B,0,1,1,4294967295,0,0
oInvCollPH,1424,64,0025EB8B,0,1,1,4294967295,0,0
oInvCollPH,1120,96,000DB37E,0,1,1,4294967295,0,0
oInvCollPH,1136,96,0003399D,0,1,1,4294967295,0,0
oInvCollPH,1152,96,00209798,0,1,1,4294967295,0,0
oInvCollPH,1168,96,00278C46,0,1,1,4294967295,0,0
oInvCollPH,1184,96,0034BEFF,0,1,1,4294967295,0,0
oInvCollPH,1200,96,0038C15D,0,1,1,4294967295,0,0
oInvCollPH,1216,96,000D91A4,0,1,1,4294967295,0,0
oInvCollPH,1232,96,000A1AC5,0,1,1,4294967295,0,0
oInvCollPH,1248,96,00326292,0,1,1,4294967295,0,0
oInvCollPH,1264,96,001FC9DA,0,1,1,4294967295,0,0
oInvCollPH,1280,96,002B12AF,0,1,1,4294967295,0,0
oInvCollPH,1296,96,00255E4B,0,1,1,4294967295,0,0
oInvCollPH,1296,80,000AF650,0,1,1,4294967295,0,0
oInvCollPH,1008,80,0037310A,0,1,1,4294967295,0,0
oInvCollPH,992,80,0009674E,0,1,1,4294967295,0,0
oInvCollPH,976,80,00309957,0,1,1,4294967295,0,0
oInvCollPH,960,80,0025A70C,0,1,1,4294967295,0,0
oInvCollPH,944,80,0020BAA3,0,1,1,4294967295,0,0
oInvCollPH,928,80,0026B83E,0,1,1,4294967295,0,0
oInvCollPH,912,80,002D860D,0,1,1,4294967295,0,0
oInvCollPH,896,80,003F1EC2,0,1,1,4294967295,0,0
oInvCollPH,880,80,0003273E,0,1,1,4294967295,0,0
oInvCollPH,864,80,00005AA1,0,1,1,4294967295,0,0
oInvCollPH,1024,80,0032ABD3,0,1,1,4294967295,0,0
oInvCollPH,1040,80,001BDE7A,0,1,1,4294967295,0,0
oInvCollPH,1056,80,000D8846,0,1,1,4294967295,0,0
oInvCollPH,1072,80,002479AF,0,1,1,4294967295,0,0
oInvCollPH,1088,80,0023D68D,0,1,1,4294967295,0,0
oInvCollPH,1104,80,0000A795,0,1,1,4294967295,0,0
oInvCollPH,1472,96,001CEF1E,0,1,1,4294967295,0,0
oInvCollPH,1488,96,000044CA,0,1,1,4294967295,0,0
oInvCollPH,1616,96,0012FCEB,0,1,1,4294967295,0,0
oInvCollPH,1776,80,0021A4C6,0,1,1,4294967295,0,0
oInvCollPH,1760,80,002728BD,0,1,1,4294967295,0,0
oInvCollPH,1744,80,00165B53,0,1,1,4294967295,0,0
oInvCollPH,1728,80,0039466B,0,1,1,4294967295,0,0
oInvCollPH,1712,80,002CCDBA,0,1,1,4294967295,0,0
oInvCollPH,1696,80,002FD177,0,1,1,4294967295,0,0
oInvCollPH,1680,80,0009BC4B,0,1,1,4294967295,0,0
oInvCollPH,1664,80,002FE67C,0,1,1,4294967295,0,0
oInvCollPH,1648,80,000CAAFA,0,1,1,4294967295,0,0
oInvCollPH,1632,80,00291DD9,0,1,1,4294967295,0,0
oInvCollPH,1792,80,0036C9ED,0,1,1,4294967295,0,0
oInvCollPH,1808,80,0025AC93,0,1,1,4294967295,0,0
oInvCollPH,1824,80,000D9E3F,0,1,1,4294967295,0,0
oInvCollPH,1840,80,0019FDB5,0,1,1,4294967295,0,0
oInvCollPH,1856,80,00151454,0,1,1,4294967295,0,0
oInvCollPH,1872,80,000DDFCF,0,1,1,4294967295,0,0
oInvCollPH,1888,80,00250236,0,1,1,4294967295,0,0
oInvCollPH,1904,80,000520C0,0,1,1,4294967295,0,0
oInvCollPH,1920,96,0038FC8D,0,1,1,4294967295,0,0
oInvCollPH,1936,96,001B2E96,0,1,1,4294967295,0,0
oInvCollPH,1952,112,000DD342,0,1,1,4294967295,0,0
oInvCollPH,1952,128,003E3F21,0,1,1,4294967295,0,0
oInvCollPH,1952,144,00093988,0,1,1,4294967295,0,0
oInvCollPH,1968,144,00235F3E,0,1,1,4294967295,0,0
oInvCollPH,1984,144,003B9966,0,1,1,4294967295,0,0
oInvCollPH,2000,144,000DDC0C,0,1,1,4294967295,0,0
oInvCollPH,2016,144,0017D95A,0,1,1,4294967295,0,0
oInvCollPH,2032,144,001BC9E4,0,1,1,4294967295,0,0
oInvCollPH,2048,144,00000234,0,1,1,4294967295,0,0
oInvCollPH,2064,144,00265A59,0,1,1,4294967295,0,0
oInvCollPH,2064,128,0037D14C,0,1,1,4294967295,0,0
oInvCollPH,2080,112,001BDA35,0,1,1,4294967295,0,0
oInvCollPH,2096,112,0016322C,0,1,1,4294967295,0,0
oInvCollPH,2112,112,0037AFBD,0,1,1,4294967295,0,0
oInvCollPH,2128,112,00099DAA,0,1,1,4294967295,0,0
oInvCollPH,2144,112,0024DFC8,0,1,1,4294967295,0,0
oInvCollPH,2160,112,000423D5,0,1,1,4294967295,0,0
oInvCollPH,2176,112,00122000,0,1,1,4294967295,0,0
oInvCollPH,2192,112,003FFEF1,0,1,1,4294967295,0,0
oInvisibleRupLowSlope,128,272,003ECD28,0,1,1,4294967295,0,0
oInvisibleLupLowSlope,224,272,00280CAA,0,1,1,4294967295,0,0
oInvisibleSolid,160,272,000A3382,0,1,1,4294967295,0,1
oInvisibleLCeilingSlope,64,208,002ADF35,0,1,1,4294967295,0,0
oInvisibleLCeilingSlope,80,192,0007E999,0,1,1,4294967295,0,0
oInvisibleSolid,64,192,000360C5,0,1,1,4294967295,0,0
oInvisibleSolid,0,192,00246163,0,1,1,4294967295,0,1
oInvisibleSolid,0,0,00350C53,0,1,1,4294967295,0,1
oInvisibleSolid,0,288,00292F5C,0,1,1,4294967295,0,1
oInvisibleSolid,320,0,0036C458,0,1,1,4294967295,0,1
oInvisibleSolid,480,0,0021C4B6,0,1,1,4294967295,0,1
oInvisibleSolid,448,240,003DA3B4,0,1,1,4294967295,0,1
oInvisibleLupLowSlope,640,240,0020EF60,0,1,1,4294967295,0,0
oInvisibleRupLowSlope,736,224,001478F4,0,1,1,4294967295,0,0
oInvisibleRupLowSlope,832,208,0017330B,0,1,1,4294967295,0,0
oInvisibleSolid,736,0,0035A4A2,0,1,1,4294967295,0,1
oInvisibleSolid,864,0,00312D34,0,1,1,4294967295,0,1
oInvisibleSolid,768,112,003D65F6,0,1,1,4294967295,0,1
oInvisibleSolid,640,256,001A0EFE,0,1,1,4294967295,0,1
oInvisibleSolid,736,240,001DC571,0,1,1,4294967295,0,1
oInvisibleSolid,768,224,00253DB6,0,1,1,4294967295,0,1
oInvisibleSolid,864,208,00215318,0,1,1,4294967295,0,1
oInvisibleLupLowSlope,896,208,00170EA6,0,1,1,4294967295,0,0
oInvisibleRupLowSlope,2112,224,0013D153,0,1,1,4294967295,0,0
oInvisibleRupLowSlope,1536,208,000AAAEE,0,1,1,4294967295,0,0
oInvisibleRupLowSlope,1056,224,00061296,0,1,1,4294967295,0,0
oInvisibleLupLowSlope,1120,224,0029AEE7,0,1,1,4294967295,0,0
oInvisibleLupLowSlope,1600,208,0031EA8B,0,1,1,4294967295,0,0
oInvisibleRCeilingSlope,1440,80,001DBDA0,0,1,1,4294967295,0,0
oInvisibleRCeilingSlope,1456,96,0029A136,0,1,1,4294967295,0,0
oInvisibleRCeilingSlope,1504,112,000E467C,0,1,1,4294967295,0,0
oInvisibleRCeilingSlope,1520,128,003F389D,0,1,1,4294967295,0,0
oInvisibleRCeilingSlope,2208,128,002C6C94,0,1,1,4294967295,0,0
oInvisibleRCeilingSlope,2224,144,001039E2,0,1,1,4294967295,0,0
oInvisibleSolid,1456,80,00023EA1,0,1,1,4294967295,0,0
oInvisibleSolid,1520,112,0017C72B,0,1,1,4294967295,0,0
oInvisibleSolid,2224,128,0007F249,0,1,1,4294967295,0,0
oInvisibleSolid,1056,240,00178A57,0,1,1,4294967295,0,1
oInvisibleSolid,1088,224,0026A27F,0,1,1,4294967295,0,1
oInvisibleSolid,1216,240,00193A2E,0,1,1,4294967295,0,1
oInvisibleSolid,1312,240,000E8D90,0,1,1,4294967295,0,1
oInvisibleSolid,1408,240,003F1AA1,0,1,1,4294967295,0,1
oInvisibleSolid,1536,224,000DA3DE,0,1,1,4294967295,0,1
oInvisibleSolid,1568,208,0032A304,0,1,1,4294967295,0,1
oInvisibleSolid,1696,240,002D65CD,0,1,1,4294967295,0,1
oInvisibleSolid,1824,224,000B66E7,0,1,1,4294967295,0,1
oInvisibleSolid,1952,256,0023742E,0,1,1,4294967295,0,1
oInvisibleSolid,2112,240,003949CA,0,1,1,4294967295,0,1
oInvisibleSolid,2144,224,000429B1,0,1,1,4294967295,0,1
oInvisibleSolid,1120,0,000DBC6D,0,1,1,4294967295,0,1
oInvisibleSolid,1312,0,0009252F,0,1,1,4294967295,0,1
oInvisibleSolid,1472,0,00362CB6,0,1,1,4294967295,0,1
oInvisibleSolid,1536,112,0024D77A,0,1,1,4294967295,0,1
oInvisibleSolid,1632,0,001410FD,0,1,1,4294967295,0,1
oInvisibleSolid,1920,0,001C07BE,0,1,1,4294967295,0,1
oInvisibleSolid,1952,0,001A7332,0,1,1,4294967295,0,1
oInvisibleSolid,2080,0,00185E32,0,1,1,4294967295,0,1
oInvisibleSolid,2240,128,001E73C6,0,1,1,4294967295,0,1
