oChaosTruck,3744,256,00252625,0,1,1,4294967295,0,0
oChaosTruck,1216,256,003F0339,0,1,1,4294967295,0,0
oExit,4784,288,002D6051,0,1,1,4294967295,0,1
oExit,0,288,000CC1BC,0,1,1,4294967295,0,1
oZeldaBreakPot,2544,304,002D9143,0,1,1,4294967295,0,0
oZeldaBreakPot,3152,304,001859FB,0,1,1,4294967295,0,0
oZakoCannonfodder,4240,176,003DEA4F,0,1,1,4294967295,0,0
oZakoCannonfodder,3872,176,0022869F,0,1,1,4294967295,0,0
oZakoCannonfodder,3520,96,0013F60D,0,1,1,4294967295,0,0
oJunkyardCar,3376,320,003F1020,0,1,1,4294967295,0,0
oZakoSoldier,3808,256,003E2B3C,0,1,1,4294967295,0,0
oZakoSoldier,4192,288,00353396,0,1,1,4294967295,0,0
oZakoSoldier,3584,256,0039F5BC,0,1,1,4294967295,0,0
oZakoBomber,3440,320,003F656B,0,1,1,4294967295,0,0
oZakoBomber,4048,320,0026C01B,0,1,1,4294967295,0,0
oZakoCannonfodder,2128,192,0006DFEF,0,1,1,4294967295,0,0
oZakoCannonfodder,1712,256,00183D86,0,1,1,4294967295,0,0
oZakoCannonfodder,1520,256,00389776,0,1,1,4294967295,0,0
oZakoCannonfodder,1296,128,001BC64C,0,1,1,4294967295,0,0
oZakoCannonfodder,960,320,003F04F2,0,1,1,4294967295,0,0
oZakoCannonfodder,480,256,003F8C84,0,1,1,4294967295,0,0
oZakoSoldier,1616,288,000CF66D,0,1,1,4294967295,0,0
oZakoSoldier,1280,256,00246D5C,0,1,1,4294967295,0,0
oZakoSoldier,720,288,001626E8,0,1,1,4294967295,0,0
oZakoSoldier,368,320,002116AA,0,1,1,4294967295,0,0
oZakoBomber,1920,288,0026B7DE,0,1,1,4294967295,0,0
oZakoBomber,1184,320,0029832B,0,1,1,4294967295,0,0
oZakoBomber,816,320,000FDB4D,0,1,1,4294967295,0,0
oZakoBomber,752,96,000CAEA7,0,1,1,4294967295,0,0
oPlayer1,4752,320,0012E61E,0,1,1,4294967295,0,0
oInvCollPH,4528,192,0038CAC9,0,1,1,4294967295,0,0
oInvCollPH,4544,192,00090CAE,0,1,1,4294967295,0,0
oInvCollPH,4560,192,001F7CE2,0,1,1,4294967295,0,0
oInvCollPH,4576,192,0017AD85,0,1,1,4294967295,0,0
oInvCollPH,4592,192,0031C893,0,1,1,4294967295,0,0
oInvCollPH,4608,192,003774A0,0,1,1,4294967295,0,0
oInvCollPH,4608,176,0032C030,0,1,1,4294967295,0,0
oInvCollPH,4592,176,0005BAEB,0,1,1,4294967295,0,0
oInvCollPH,4576,176,0016AEE5,0,1,1,4294967295,0,0
oInvCollPH,4560,176,003C5435,0,1,1,4294967295,0,0
oInvCollPH,4544,176,002979AF,0,1,1,4294967295,0,0
oInvCollPH,4784,320,0022A3E7,0,1,1,4294967295,0,0
oInvCollPH,4768,320,0019999D,0,1,1,4294967295,0,0
oInvCollPH,4752,320,0036ADE8,0,1,1,4294967295,0,0
oInvCollPH,4736,320,00092B06,0,1,1,4294967295,0,0
oInvCollPH,4720,320,0010F5D3,0,1,1,4294967295,0,0
oInvCollPH,4704,320,003F1599,0,1,1,4294967295,0,0
oInvCollPH,4688,320,0019C67F,0,1,1,4294967295,0,0
oInvCollPH,4672,320,001216B1,0,1,1,4294967295,0,0
oInvCollPH,4656,320,00363F3E,0,1,1,4294967295,0,0
oInvCollPH,4640,320,00130DAB,0,1,1,4294967295,0,0
oInvCollPH,4624,320,0015D615,0,1,1,4294967295,0,0
oInvCollPH,4608,320,001FCC61,0,1,1,4294967295,0,0
oInvCollPH,4592,320,0018B387,0,1,1,4294967295,0,0
oInvCollPH,4576,320,003141F6,0,1,1,4294967295,0,0
oInvCollPH,4560,320,0019B189,0,1,1,4294967295,0,0
oInvCollPH,4544,320,002CE143,0,1,1,4294967295,0,0
oInvCollPH,4528,320,002B345E,0,1,1,4294967295,0,0
oInvCollPH,4512,320,0014AECB,0,1,1,4294967295,0,0
oInvCollPH,4496,320,00255C65,0,1,1,4294967295,0,0
oInvCollPH,4480,304,002FC184,0,1,1,4294967295,0,0
oInvCollPH,4176,192,000A7814,0,1,1,4294967295,0,0
oInvCollPH,4192,192,000104DD,0,1,1,4294967295,0,0
oInvCollPH,4208,192,00322547,0,1,1,4294967295,0,0
oInvCollPH,4224,192,0000BB3E,0,1,1,4294967295,0,0
oInvCollPH,4240,192,000232F0,0,1,1,4294967295,0,0
oInvCollPH,4256,192,003454AD,0,1,1,4294967295,0,0
oInvCollPH,4272,192,003D9DDC,0,1,1,4294967295,0,0
oInvCollPH,4288,192,002F607D,0,1,1,4294967295,0,0
oInvCollPH,4288,176,00145CCF,0,1,1,4294967295,0,0
oInvCollPH,4272,176,003C16D6,0,1,1,4294967295,0,0
oInvCollPH,4256,176,00124024,0,1,1,4294967295,0,0
oInvCollPH,4240,176,0038F7F7,0,1,1,4294967295,0,0
oInvCollPH,4224,176,000F74F9,0,1,1,4294967295,0,0
oInvCollPH,4208,176,00113FE4,0,1,1,4294967295,0,0
oInvCollPH,4192,176,002A9ED6,0,1,1,4294967295,0,0
oInvCollPH,4480,288,00012014,0,1,1,4294967295,0,0
oInvCollPH,4464,288,001E1D42,0,1,1,4294967295,0,0
oInvCollPH,4448,256,000F1D21,0,1,1,4294967295,0,0
oInvCollPH,4448,272,001E26A6,0,1,1,4294967295,0,0
oInvCollPH,4432,272,000698CE,0,1,1,4294967295,0,0
oInvCollPH,4432,304,00091123,0,1,1,4294967295,0,0
oInvCollPH,4176,304,002C6DC3,0,1,1,4294967295,0,0
oInvCollPH,4192,288,00209CF1,0,1,1,4294967295,0,0
oInvCollPH,4192,304,0022FD82,0,1,1,4294967295,0,0
oInvCollPH,4208,320,0039E143,0,1,1,4294967295,0,0
oInvCollPH,4224,320,002FA430,0,1,1,4294967295,0,0
oInvCollPH,4240,320,00214804,0,1,1,4294967295,0,0
oInvCollPH,4256,320,00383560,0,1,1,4294967295,0,0
oInvCollPH,4272,320,0014875A,0,1,1,4294967295,0,0
oInvCollPH,4288,320,0024802B,0,1,1,4294967295,0,0
oInvCollPH,4304,320,0030D3BB,0,1,1,4294967295,0,0
oInvCollPH,4320,320,0037BA83,0,1,1,4294967295,0,0
oInvCollPH,4336,320,001A02D1,0,1,1,4294967295,0,0
oInvCollPH,4352,320,0028FCD9,0,1,1,4294967295,0,0
oInvCollPH,4368,320,001EA674,0,1,1,4294967295,0,0
oInvCollPH,4384,320,00034607,0,1,1,4294967295,0,0
oInvCollPH,4400,320,00064A22,0,1,1,4294967295,0,0
oInvCollPH,4416,320,00394DC6,0,1,1,4294967295,0,0
oInvCollPH,3968,240,00129F8A,0,1,1,4294967295,0,0
oInvCollPH,3952,256,00371094,0,1,1,4294967295,0,0
oInvCollPH,3968,256,003CBC4B,0,1,1,4294967295,0,0
oInvCollPH,3760,176,0032286C,0,1,1,4294967295,0,0
oInvCollPH,3776,176,00341711,0,1,1,4294967295,0,0
oInvCollPH,3792,176,003896D7,0,1,1,4294967295,0,0
oInvCollPH,3808,176,0016E8A8,0,1,1,4294967295,0,0
oInvCollPH,3888,176,0010622B,0,1,1,4294967295,0,0
oInvCollPH,3872,176,0001D570,0,1,1,4294967295,0,0
oInvCollPH,3856,176,000016B9,0,1,1,4294967295,0,0
oInvCollPH,3840,176,00086CF4,0,1,1,4294967295,0,0
oInvCollPH,3824,176,00046D00,0,1,1,4294967295,0,0
oInvCollPH,3744,192,001108D9,0,1,1,4294967295,0,0
oInvCollPH,3760,192,00159B10,0,1,1,4294967295,0,0
oInvCollPH,3776,192,000A7D36,0,1,1,4294967295,0,0
oInvCollPH,3792,192,00004F5E,0,1,1,4294967295,0,0
oInvCollPH,3808,192,0010EE54,0,1,1,4294967295,0,0
oInvCollPH,3824,192,002092B9,0,1,1,4294967295,0,0
oInvCollPH,3840,192,0038BB1F,0,1,1,4294967295,0,0
oInvCollPH,3856,192,0003102B,0,1,1,4294967295,0,0
oInvCollPH,3872,192,000059B3,0,1,1,4294967295,0,0
oInvCollPH,3440,96,000E0410,0,1,1,4294967295,0,0
oInvCollPH,3456,96,001D7E9A,0,1,1,4294967295,0,0
oInvCollPH,3472,96,00067FA6,0,1,1,4294967295,0,0
oInvCollPH,3488,96,00201321,0,1,1,4294967295,0,0
oInvCollPH,3424,112,0029AC24,0,1,1,4294967295,0,0
oInvCollPH,3440,112,00252C44,0,1,1,4294967295,0,0
oInvCollPH,3456,112,00144B25,0,1,1,4294967295,0,0
oInvCollPH,3472,112,0022BFB9,0,1,1,4294967295,0,0
oInvCollPH,3488,112,0006F6B9,0,1,1,4294967295,0,0
oInvCollPH,3504,112,000BDCA9,0,1,1,4294967295,0,0
oInvCollPH,3520,112,0006DA1E,0,1,1,4294967295,0,0
oInvCollPH,3536,112,001C58B0,0,1,1,4294967295,0,0
oInvCollPH,3552,112,0004F883,0,1,1,4294967295,0,0
oInvCollPH,3568,112,00034893,0,1,1,4294967295,0,0
oInvCollPH,3568,96,003EFB39,0,1,1,4294967295,0,0
oInvCollPH,3552,96,002B3960,0,1,1,4294967295,0,0
oInvCollPH,3536,96,0018403A,0,1,1,4294967295,0,0
oInvCollPH,3520,96,0015F120,0,1,1,4294967295,0,0
oInvCollPH,3504,96,00317A3C,0,1,1,4294967295,0,0
oInvCollPH,2960,320,000FA9C9,0,1,1,4294967295,0,0
oInvCollPH,2976,320,003F5384,0,1,1,4294967295,0,0
oInvCollPH,2736,320,0016F4B9,0,1,1,4294967295,0,0
oInvCollPH,2752,320,0034A5B9,0,1,1,4294967295,0,0
oInvCollPH,2400,304,00329288,0,1,1,4294967295,0,0
oInvCollPH,2432,288,001A0539,0,1,1,4294967295,0,0
oInvCollPH,2448,288,000574EE,0,1,1,4294967295,0,0
oInvCollPH,3248,288,00098014,0,1,1,4294967295,0,0
oInvCollPH,3264,288,0025F01C,0,1,1,4294967295,0,0
oInvCollPH,3280,288,00317E3A,0,1,1,4294967295,0,0
oInvCollPH,3296,288,0019AC0B,0,1,1,4294967295,0,0
oInvCollPH,3296,304,003A6992,0,1,1,4294967295,0,0
oInvCollPH,2416,288,00040992,0,1,1,4294967295,0,0
oInvCollPH,2544,224,00067D59,0,1,1,4294967295,0,0
oInvCollPH,2560,224,00022AE5,0,1,1,4294967295,0,0
oInvCollPH,2576,224,002B6A86,0,1,1,4294967295,0,0
oInvCollPH,2592,224,00174D3C,0,1,1,4294967295,0,0
oInvCollPH,2608,224,0018D5AD,0,1,1,4294967295,0,0
oInvCollPH,2624,224,002B6D2E,0,1,1,4294967295,0,0
oInvCollPH,2640,224,00172DF0,0,1,1,4294967295,0,0
oInvCollPH,3088,224,000B38B8,0,1,1,4294967295,0,0
oInvCollPH,3104,224,001A7784,0,1,1,4294967295,0,0
oInvCollPH,3120,224,00335644,0,1,1,4294967295,0,0
oInvCollPH,2544,240,00342065,0,1,1,4294967295,0,0
oInvCollPH,2560,240,00382A02,0,1,1,4294967295,0,0
oInvCollPH,2576,240,00209FB7,0,1,1,4294967295,0,0
oInvCollPH,2592,240,0005B579,0,1,1,4294967295,0,0
oInvCollPH,2608,240,001824C1,0,1,1,4294967295,0,0
oInvCollPH,2624,240,0028F9A9,0,1,1,4294967295,0,0
oInvCollPH,2640,240,0024EE1D,0,1,1,4294967295,0,0
oInvCollPH,3136,224,002AA171,0,1,1,4294967295,0,0
oInvCollPH,3152,224,00202184,0,1,1,4294967295,0,0
oInvCollPH,3168,224,0034BE44,0,1,1,4294967295,0,0
oInvCollPH,3072,240,00272628,0,1,1,4294967295,0,0
oInvCollPH,3088,240,000E14A3,0,1,1,4294967295,0,0
oInvCollPH,3104,240,0024397F,0,1,1,4294967295,0,0
oInvCollPH,3120,240,003312A5,0,1,1,4294967295,0,0
oInvCollPH,3136,240,003B65CC,0,1,1,4294967295,0,0
oInvCollPH,3152,240,0036E0BF,0,1,1,4294967295,0,0
oInvCollPH,3568,272,000D7FAD,0,1,1,4294967295,0,0
oInvCollPH,3584,256,00111AD0,0,1,1,4294967295,0,0
oInvCollPH,3584,272,003688C0,0,1,1,4294967295,0,0
oInvCollPH,3552,288,000A3359,0,1,1,4294967295,0,0
oInvCollPH,3536,304,0019F874,0,1,1,4294967295,0,0
oInvCollPH,3600,288,0036727A,0,1,1,4294967295,0,0
oInvCollPH,3616,288,000861BB,0,1,1,4294967295,0,0
oInvCollPH,3632,288,00049B29,0,1,1,4294967295,0,0
oInvCollPH,3648,288,00244937,0,1,1,4294967295,0,0
oInvCollPH,3648,304,00021D50,0,1,1,4294967295,0,0
oInvCollPH,4160,320,0000393C,0,1,1,4294967295,0,0
oInvCollPH,4144,320,00127EB4,0,1,1,4294967295,0,0
oInvCollPH,4128,320,0023D231,0,1,1,4294967295,0,0
oInvCollPH,4112,320,0036F1E3,0,1,1,4294967295,0,0
oInvCollPH,4096,320,0038BB64,0,1,1,4294967295,0,0
oInvCollPH,4080,320,003BBAAC,0,1,1,4294967295,0,0
oInvCollPH,4064,320,003F1E0A,0,1,1,4294967295,0,0
oInvCollPH,4048,320,00000D1F,0,1,1,4294967295,0,0
oInvCollPH,4032,320,001A4ED6,0,1,1,4294967295,0,0
oInvCollPH,4016,320,003D9F32,0,1,1,4294967295,0,0
oInvCollPH,4000,320,000B35F3,0,1,1,4294967295,0,0
oInvCollPH,3984,320,002137C3,0,1,1,4294967295,0,0
oInvCollPH,3968,320,0019393F,0,1,1,4294967295,0,0
oInvCollPH,3952,320,00047659,0,1,1,4294967295,0,0
oInvCollPH,3936,320,002666C0,0,1,1,4294967295,0,0
oInvCollPH,3920,320,001C9EF3,0,1,1,4294967295,0,0
oInvCollPH,3904,320,001C59ED,0,1,1,4294967295,0,0
oInvCollPH,3888,320,0002741E,0,1,1,4294967295,0,0
oInvCollPH,3872,320,0022B8EA,0,1,1,4294967295,0,0
oInvCollPH,3856,320,0000CE70,0,1,1,4294967295,0,0
oInvCollPH,3840,320,0015A6DB,0,1,1,4294967295,0,0
oInvCollPH,3824,320,0031BA22,0,1,1,4294967295,0,0
oInvCollPH,3808,320,001346AA,0,1,1,4294967295,0,0
oInvCollPH,3792,320,000E52CE,0,1,1,4294967295,0,0
oInvCollPH,3776,320,001C6CF8,0,1,1,4294967295,0,0
oInvCollPH,3760,320,00231725,0,1,1,4294967295,0,0
oInvCollPH,3744,320,00111DAA,0,1,1,4294967295,0,0
oInvCollPH,3728,320,003E4904,0,1,1,4294967295,0,0
oInvCollPH,3712,320,002C7AD9,0,1,1,4294967295,0,0
oInvCollPH,3696,320,00086F19,0,1,1,4294967295,0,0
oInvCollPH,3680,320,002561A8,0,1,1,4294967295,0,0
oInvCollPH,3664,320,00013CCE,0,1,1,4294967295,0,0
oInvCollPH,3520,320,003DFE5A,0,1,1,4294967295,0,0
oInvCollPH,3504,320,0036FDEC,0,1,1,4294967295,0,0
oInvCollPH,3488,320,00131AFF,0,1,1,4294967295,0,0
oInvCollPH,3472,320,001F7751,0,1,1,4294967295,0,0
oInvCollPH,3456,320,0038891D,0,1,1,4294967295,0,0
oInvCollPH,3440,320,0031A481,0,1,1,4294967295,0,0
oInvCollPH,3424,320,000CDC43,0,1,1,4294967295,0,0
oInvCollPH,3408,320,002A6C19,0,1,1,4294967295,0,0
oInvCollPH,3392,320,001498F7,0,1,1,4294967295,0,0
oInvCollPH,3376,320,001D7732,0,1,1,4294967295,0,0
oInvCollPH,3360,320,002ED7DF,0,1,1,4294967295,0,0
oInvCollPH,3344,320,000FD1A9,0,1,1,4294967295,0,0
oInvCollPH,3328,320,000E83B3,0,1,1,4294967295,0,0
oInvCollPH,3312,320,000A7061,0,1,1,4294967295,0,0
oInvCollPH,3216,320,0029FC72,0,1,1,4294967295,0,0
oInvCollPH,3200,320,001F0E85,0,1,1,4294967295,0,0
oInvCollPH,3184,320,001CE0A8,0,1,1,4294967295,0,0
oInvCollPH,3168,320,0012A23F,0,1,1,4294967295,0,0
oInvCollPH,3152,320,001C30EE,0,1,1,4294967295,0,0
oInvCollPH,3136,320,0028B5D0,0,1,1,4294967295,0,0
oInvCollPH,3120,320,002F2180,0,1,1,4294967295,0,0
oInvCollPH,3104,320,001D922E,0,1,1,4294967295,0,0
oInvCollPH,3088,320,001DF00D,0,1,1,4294967295,0,0
oInvCollPH,3072,320,0031D644,0,1,1,4294967295,0,0
oInvCollPH,3056,320,00060929,0,1,1,4294967295,0,0
oInvCollPH,3040,320,0027B77D,0,1,1,4294967295,0,0
oInvCollPH,3024,320,00220F59,0,1,1,4294967295,0,0
oInvCollPH,3008,320,003F5681,0,1,1,4294967295,0,0
oInvCollPH,2992,320,000A8E74,0,1,1,4294967295,0,0
oInvCollPH,2944,320,003C3364,0,1,1,4294967295,0,0
oInvCollPH,2928,320,00129A62,0,1,1,4294967295,0,0
oInvCollPH,2912,320,00114F78,0,1,1,4294967295,0,0
oInvCollPH,2896,320,0012BFAE,0,1,1,4294967295,0,0
oInvCollPH,2880,288,001FC129,0,1,1,4294967295,0,0
oInvCollPH,2880,304,0025BC6D,0,1,1,4294967295,0,0
oInvCollPH,2848,320,0036F727,0,1,1,4294967295,0,0
oInvCollPH,2832,320,001C2579,0,1,1,4294967295,0,0
oInvCollPH,2816,320,003D9D53,0,1,1,4294967295,0,0
oInvCollPH,2800,320,00345E8C,0,1,1,4294967295,0,0
oInvCollPH,2784,320,002D4ECF,0,1,1,4294967295,0,0
oInvCollPH,2768,320,000B5DFF,0,1,1,4294967295,0,0
oInvCollPH,2720,320,00315359,0,1,1,4294967295,0,0
oInvCollPH,2704,320,002FD5DE,0,1,1,4294967295,0,0
oInvCollPH,2688,320,0016E45F,0,1,1,4294967295,0,0
oInvCollPH,2672,320,0015C5C5,0,1,1,4294967295,0,0
oInvCollPH,2656,320,00224030,0,1,1,4294967295,0,0
oInvCollPH,2640,320,001FDC4D,0,1,1,4294967295,0,0
oInvCollPH,2624,320,001D0862,0,1,1,4294967295,0,0
oInvCollPH,2608,320,000629CB,0,1,1,4294967295,0,0
oInvCollPH,2592,320,002A768C,0,1,1,4294967295,0,0
oInvCollPH,2576,320,00245D8D,0,1,1,4294967295,0,0
oInvCollPH,2560,320,002470F0,0,1,1,4294967295,0,0
oInvCollPH,2544,320,00229AD7,0,1,1,4294967295,0,0
oInvCollPH,2528,320,001A9AC9,0,1,1,4294967295,0,0
oInvCollPH,2512,320,00059557,0,1,1,4294967295,0,0
oInvCollPH,2496,320,000C8748,0,1,1,4294967295,0,0
oInvCollPH,2480,320,000243F1,0,1,1,4294967295,0,0
oInvCollPH,2384,320,002F92E9,0,1,1,4294967295,0,0
oInvCollPH,2368,320,00402036,0,1,1,4294967295,0,0
oInvCollPH,2352,320,003BBD51,0,1,1,4294967295,0,0
oInvCollPH,2336,320,0031BB2A,0,1,1,4294967295,0,0
oInvCollPH,2320,304,003FD6F6,0,1,1,4294967295,0,0
oInvCollPH,2320,288,002BEC26,0,1,1,4294967295,0,0
oInvCollPH,2304,288,00173D92,0,1,1,4294967295,0,0
oInvCollPH,2288,288,001D9083,0,1,1,4294967295,0,0
oInvCollPH,2272,288,0025A028,0,1,1,4294967295,0,0
oInvCollPH,2192,288,0007AC0E,0,1,1,4294967295,0,0
oInvCollPH,2864,304,001179AB,0,1,1,4294967295,0,0
oInvCollPH,2784,128,001BE797,0,1,1,4294967295,0,0
oInvCollPH,2736,128,001BBF43,0,1,1,4294967295,0,0
oInvCollPH,2752,128,0022B038,0,1,1,4294967295,0,0
oInvCollPH,2768,128,00383427,0,1,1,4294967295,0,0
oInvCollPH,2768,112,002F8F86,0,1,1,4294967295,0,0
oInvCollPH,2752,112,003D75B8,0,1,1,4294967295,0,0
oInvCollPH,2784,112,0009CBF8,0,1,1,4294967295,0,0
oInvCollPH,2944,128,002A8E99,0,1,1,4294967295,0,0
oInvCollPH,2960,128,001A2082,0,1,1,4294967295,0,0
oInvCollPH,2976,128,00089AFC,0,1,1,4294967295,0,0
oInvCollPH,2928,128,000B0401,0,1,1,4294967295,0,0
oInvCollPH,2944,112,001EAEC6,0,1,1,4294967295,0,0
oInvCollPH,2976,112,001BC1A7,0,1,1,4294967295,0,0
oInvCollPH,2960,112,002F802D,0,1,1,4294967295,0,0
oInvCollPH,2224,224,00106CF3,0,1,1,4294967295,0,0
oInvCollPH,2208,240,0021DA2D,0,1,1,4294967295,0,0
oInvCollPH,2224,240,001FDC0B,0,1,1,4294967295,0,0
oInvCollPH,2048,272,002155E0,0,1,1,4294967295,0,0
oInvCollPH,2064,256,0014F79E,0,1,1,4294967295,0,0
oInvCollPH,2064,272,0005F9A5,0,1,1,4294967295,0,0
oInvCollPH,2208,272,00095878,0,1,1,4294967295,0,0
oInvCollPH,2240,256,002808AF,0,1,1,4294967295,0,0
oInvCollPH,2256,256,003CEB3A,0,1,1,4294967295,0,0
oInvCollPH,2256,272,0034A8C5,0,1,1,4294967295,0,0
oInvCollPH,2112,208,001CFCAB,0,1,1,4294967295,0,0
oInvCollPH,2112,224,001B750D,0,1,1,4294967295,0,0
oInvCollPH,2112,240,003878D8,0,1,1,4294967295,0,0
oInvCollPH,2112,256,0029D29F,0,1,1,4294967295,0,0
oInvCollPH,2112,272,002A061E,0,1,1,4294967295,0,0
oInvCollPH,2128,272,001DF08C,0,1,1,4294967295,0,0
oInvCollPH,2128,256,000B2CD1,0,1,1,4294967295,0,0
oInvCollPH,2128,240,00227122,0,1,1,4294967295,0,0
oInvCollPH,2128,224,0027342B,0,1,1,4294967295,0,0
oInvCollPH,2128,208,00157A82,0,1,1,4294967295,0,0
oInvCollPH,2128,192,0008CE46,0,1,1,4294967295,0,0
oInvCollPH,1984,272,0017D95D,0,1,1,4294967295,0,0
oInvCollPH,2000,256,001CDA96,0,1,1,4294967295,0,0
oInvCollPH,2000,272,002B2120,0,1,1,4294967295,0,0
oInvCollPH,1984,304,002AD3F0,0,1,1,4294967295,0,0
oInvCollPH,2016,288,003B4445,0,1,1,4294967295,0,0
oInvCollPH,2032,288,0007BC0D,0,1,1,4294967295,0,0
oInvCollPH,2176,288,00252F83,0,1,1,4294967295,0,0
oInvCollPH,2160,288,00330DC8,0,1,1,4294967295,0,0
oInvCollPH,2144,288,00303660,0,1,1,4294967295,0,0
oInvCollPH,2096,288,0005D5A0,0,1,1,4294967295,0,0
oInvCollPH,2080,288,001DF784,0,1,1,4294967295,0,0
oInvCollPH,1904,288,00052AE1,0,1,1,4294967295,0,0
oInvCollPH,1920,288,003ED6F3,0,1,1,4294967295,0,0
oInvCollPH,1936,288,00234A36,0,1,1,4294967295,0,0
oInvCollPH,1936,304,0036F228,0,1,1,4294967295,0,0
oInvCollPH,1888,304,003F6246,0,1,1,4294967295,0,0
oInvCollPH,1952,320,002CD1EE,0,1,1,4294967295,0,0
oInvCollPH,1968,320,003FDF21,0,1,1,4294967295,0,0
oInvCollPH,1872,320,0030B4C7,0,1,1,4294967295,0,0
oInvCollPH,1856,320,00090758,0,1,1,4294967295,0,0
oInvCollPH,1840,320,00383009,0,1,1,4294967295,0,0
oInvCollPH,1824,320,00384226,0,1,1,4294967295,0,0
oInvCollPH,1808,224,0026D45C,0,1,1,4294967295,0,0
oInvCollPH,1808,240,0016F51E,0,1,1,4294967295,0,0
oInvCollPH,1808,256,00060188,0,1,1,4294967295,0,0
oInvCollPH,1808,272,0000EBA2,0,1,1,4294967295,0,0
oInvCollPH,1808,288,003FB468,0,1,1,4294967295,0,0
oInvCollPH,1808,304,0037604A,0,1,1,4294967295,0,0
oInvCollPH,1792,304,0001870C,0,1,1,4294967295,0,0
oInvCollPH,1792,288,00213951,0,1,1,4294967295,0,0
oInvCollPH,1792,272,00333047,0,1,1,4294967295,0,0
oInvCollPH,1792,256,0022CA35,0,1,1,4294967295,0,0
oInvCollPH,1792,240,0029365B,0,1,1,4294967295,0,0
oInvCollPH,1712,256,001D6DB5,0,1,1,4294967295,0,0
oInvCollPH,1712,272,0024FA57,0,1,1,4294967295,0,0
oInvCollPH,1712,288,00350A16,0,1,1,4294967295,0,0
oInvCollPH,1712,304,00066B1D,0,1,1,4294967295,0,0
oInvCollPH,1696,304,001A6DC6,0,1,1,4294967295,0,0
oInvCollPH,1696,288,003DB709,0,1,1,4294967295,0,0
oInvCollPH,1696,272,001C1408,0,1,1,4294967295,0,0
oInvCollPH,1776,320,00253B93,0,1,1,4294967295,0,0
oInvCollPH,1760,320,00355821,0,1,1,4294967295,0,0
oInvCollPH,1744,320,003012D1,0,1,1,4294967295,0,0
oInvCollPH,1728,320,0031957A,0,1,1,4294967295,0,0
oInvCollPH,1680,320,0036EB05,0,1,1,4294967295,0,0
oInvCollPH,1664,320,0015AD88,0,1,1,4294967295,0,0
oInvCollPH,1648,320,0022F652,0,1,1,4294967295,0,0
oInvCollPH,1632,320,00033D28,0,1,1,4294967295,0,0
oInvCollPH,1616,288,0030C0A4,0,1,1,4294967295,0,0
oInvCollPH,1616,304,001E9854,0,1,1,4294967295,0,0
oInvCollPH,1600,304,002CB13D,0,1,1,4294967295,0,0
oInvCollPH,1504,272,003B9751,0,1,1,4294967295,0,0
oInvCollPH,1520,256,00399A01,0,1,1,4294967295,0,0
oInvCollPH,1520,272,002DC956,0,1,1,4294967295,0,0
oInvCollPH,1488,288,00201088,0,1,1,4294967295,0,0
oInvCollPH,1472,304,001DCA33,0,1,1,4294967295,0,0
oInvCollPH,1520,288,000DF416,0,1,1,4294967295,0,0
oInvCollPH,1520,304,002FB01F,0,1,1,4294967295,0,0
oInvCollPH,1584,320,003B0032,0,1,1,4294967295,0,0
oInvCollPH,1568,320,0029E348,0,1,1,4294967295,0,0
oInvCollPH,1552,320,0013E616,0,1,1,4294967295,0,0
oInvCollPH,1536,320,0019572A,0,1,1,4294967295,0,0
oInvCollPH,1456,320,0012C6B2,0,1,1,4294967295,0,0
oInvCollPH,1440,320,0039E7B0,0,1,1,4294967295,0,0
oInvCollPH,1424,320,00219AC1,0,1,1,4294967295,0,0
oInvCollPH,1408,320,002BE21D,0,1,1,4294967295,0,0
oInvCollPH,1392,320,0031D17A,0,1,1,4294967295,0,0
oInvCollPH,1376,320,000A6780,0,1,1,4294967295,0,0
oInvCollPH,1360,320,0011DD0F,0,1,1,4294967295,0,0
oInvCollPH,1344,320,00333935,0,1,1,4294967295,0,0
oInvCollPH,1344,176,001F1125,0,1,1,4294967295,0,0
oInvCollPH,1360,176,002750E1,0,1,1,4294967295,0,0
oInvCollPH,1360,160,000B5EAE,0,1,1,4294967295,0,0
oInvCollPH,1104,192,00056A4C,0,1,1,4294967295,0,0
oInvCollPH,1120,192,00046B5F,0,1,1,4294967295,0,0
oInvCollPH,1184,128,0031668D,0,1,1,4294967295,0,0
oInvCollPH,1200,128,00146E71,0,1,1,4294967295,0,0
oInvCollPH,1216,128,00377A16,0,1,1,4294967295,0,0
oInvCollPH,1232,128,0024292D,0,1,1,4294967295,0,0
oInvCollPH,1248,128,000536FA,0,1,1,4294967295,0,0
oInvCollPH,1264,128,00333DAE,0,1,1,4294967295,0,0
oInvCollPH,1280,128,00155A39,0,1,1,4294967295,0,0
oInvCollPH,1296,128,002EC0F0,0,1,1,4294967295,0,0
oInvCollPH,1312,128,00050E1C,0,1,1,4294967295,0,0
oInvCollPH,1184,144,0009E82E,0,1,1,4294967295,0,0
oInvCollPH,1200,144,003CA94B,0,1,1,4294967295,0,0
oInvCollPH,1216,144,00044F09,0,1,1,4294967295,0,0
oInvCollPH,1232,144,0018A2D3,0,1,1,4294967295,0,0
oInvCollPH,1248,144,003506F4,0,1,1,4294967295,0,0
oInvCollPH,1264,144,0019A123,0,1,1,4294967295,0,0
oInvCollPH,1280,144,002A4F66,0,1,1,4294967295,0,0
oInvCollPH,1296,144,003ED470,0,1,1,4294967295,0,0
oInvCollPH,672,304,0011B030,0,1,1,4294967295,0,0
oInvCollPH,688,288,001F4E6D,0,1,1,4294967295,0,0
oInvCollPH,704,288,001F58A2,0,1,1,4294967295,0,0
oInvCollPH,720,288,0004CC65,0,1,1,4294967295,0,0
oInvCollPH,720,304,00245323,0,1,1,4294967295,0,0
oInvCollPH,1328,320,000E706A,0,1,1,4294967295,0,0
oInvCollPH,1312,320,003D9847,0,1,1,4294967295,0,0
oInvCollPH,1296,320,00037E16,0,1,1,4294967295,0,0
oInvCollPH,1280,320,000ABA64,0,1,1,4294967295,0,0
oInvCollPH,1264,320,0026625C,0,1,1,4294967295,0,0
oInvCollPH,1248,320,00380B78,0,1,1,4294967295,0,0
oInvCollPH,1232,320,0002E631,0,1,1,4294967295,0,0
oInvCollPH,1216,320,0004606E,0,1,1,4294967295,0,0
oInvCollPH,1200,320,0000F0B4,0,1,1,4294967295,0,0
oInvCollPH,1184,320,001921F0,0,1,1,4294967295,0,0
oInvCollPH,864,304,000ADDE8,0,1,1,4294967295,0,0
oInvCollPH,880,288,000B9D32,0,1,1,4294967295,0,0
oInvCollPH,880,304,0012F0FA,0,1,1,4294967295,0,0
oInvCollPH,544,304,0029388A,0,1,1,4294967295,0,0
oInvCollPH,560,288,003FE6B5,0,1,1,4294967295,0,0
oInvCollPH,560,304,0032CCF8,0,1,1,4294967295,0,0
oInvCollPH,464,272,00365BCF,0,1,1,4294967295,0,0
oInvCollPH,480,256,00144CCC,0,1,1,4294967295,0,0
oInvCollPH,480,272,003FB70E,0,1,1,4294967295,0,0
oInvCollPH,304,304,0001EA44,0,1,1,4294967295,0,0
oInvCollPH,320,288,003E7D34,0,1,1,4294967295,0,0
oInvCollPH,320,304,003929B4,0,1,1,4294967295,0,0
oInvCollPH,224,304,0002C8F1,0,1,1,4294967295,0,0
oInvCollPH,240,288,00274F79,0,1,1,4294967295,0,0
oInvCollPH,240,304,001E7A7D,0,1,1,4294967295,0,0
oInvCollPH,432,304,001369F3,0,1,1,4294967295,0,0
oInvCollPH,448,288,00137A63,0,1,1,4294967295,0,0
oInvCollPH,480,288,00137B09,0,1,1,4294967295,0,0
oInvCollPH,480,304,003DDB9B,0,1,1,4294967295,0,0
oInvCollPH,128,160,000E5796,0,1,1,4294967295,0,0
oInvCollPH,144,144,003CC846,0,1,1,4294967295,0,0
oInvCollPH,160,144,0038904E,0,1,1,4294967295,0,0
oInvCollPH,176,144,00240A5F,0,1,1,4294967295,0,0
oInvCollPH,192,144,0010335D,0,1,1,4294967295,0,0
oInvCollPH,272,144,002780B0,0,1,1,4294967295,0,0
oInvCollPH,256,144,003B1429,0,1,1,4294967295,0,0
oInvCollPH,240,144,002AF0D6,0,1,1,4294967295,0,0
oInvCollPH,224,144,0026FA34,0,1,1,4294967295,0,0
oInvCollPH,208,144,00013F33,0,1,1,4294967295,0,0
oInvCollPH,288,144,002D7282,0,1,1,4294967295,0,0
oInvCollPH,304,144,0025B932,0,1,1,4294967295,0,0
oInvCollPH,320,144,0000B156,0,1,1,4294967295,0,0
oInvCollPH,336,144,002CF53F,0,1,1,4294967295,0,0
oInvCollPH,352,144,0013A7F4,0,1,1,4294967295,0,0
oInvCollPH,368,144,001FC42E,0,1,1,4294967295,0,0
oInvCollPH,368,160,00331BD9,0,1,1,4294967295,0,0
oInvCollPH,352,160,000E8BFE,0,1,1,4294967295,0,0
oInvCollPH,336,160,003B86F9,0,1,1,4294967295,0,0
oInvCollPH,320,160,003CC577,0,1,1,4294967295,0,0
oInvCollPH,304,160,003A2D48,0,1,1,4294967295,0,0
oInvCollPH,288,160,00247C87,0,1,1,4294967295,0,0
oInvCollPH,272,160,000D04E9,0,1,1,4294967295,0,0
oInvCollPH,256,160,000F5B46,0,1,1,4294967295,0,0
oInvCollPH,240,160,000F24AC,0,1,1,4294967295,0,0
oInvCollPH,224,160,0004BF97,0,1,1,4294967295,0,0
oInvCollPH,208,160,002C800F,0,1,1,4294967295,0,0
oInvCollPH,192,160,003BEBD8,0,1,1,4294967295,0,0
oInvCollPH,176,160,000BECCF,0,1,1,4294967295,0,0
oInvCollPH,160,160,002302C2,0,1,1,4294967295,0,0
oInvCollPH,144,160,000AF3B6,0,1,1,4294967295,0,0
oInvCollPH,832,160,002276B6,0,1,1,4294967295,0,0
oInvCollPH,848,160,000F365D,0,1,1,4294967295,0,0
oInvCollPH,848,144,0031E8DE,0,1,1,4294967295,0,0
oInvCollPH,656,144,0013B128,0,1,1,4294967295,0,0
oInvCollPH,672,144,002595DC,0,1,1,4294967295,0,0
oInvCollPH,720,96,002F92A5,0,1,1,4294967295,0,0
oInvCollPH,736,96,000CAB13,0,1,1,4294967295,0,0
oInvCollPH,752,96,003F6FDB,0,1,1,4294967295,0,0
oInvCollPH,768,96,00074DAD,0,1,1,4294967295,0,0
oInvCollPH,784,96,001DC6ED,0,1,1,4294967295,0,0
oInvCollPH,720,112,000B71BD,0,1,1,4294967295,0,0
oInvCollPH,736,112,00401A7A,0,1,1,4294967295,0,0
oInvCollPH,752,112,0025465C,0,1,1,4294967295,0,0
oInvCollPH,768,112,0025953E,0,1,1,4294967295,0,0
oInvCollPH,1168,320,002504E6,0,1,1,4294967295,0,0
oInvCollPH,1152,320,000A82C0,0,1,1,4294967295,0,0
oInvCollPH,1136,320,001F28CD,0,1,1,4294967295,0,0
oInvCollPH,1120,320,0018CE87,0,1,1,4294967295,0,0
oInvCollPH,1104,320,0020F432,0,1,1,4294967295,0,0
oInvCollPH,1088,320,000EC181,0,1,1,4294967295,0,0
oInvCollPH,1072,320,00180538,0,1,1,4294967295,0,0
oInvCollPH,1056,320,000EF06C,0,1,1,4294967295,0,0
oInvCollPH,1040,320,001E1347,0,1,1,4294967295,0,0
oInvCollPH,1024,320,001B67FD,0,1,1,4294967295,0,0
oInvCollPH,1008,320,002FEE66,0,1,1,4294967295,0,0
oInvCollPH,992,320,00156FDF,0,1,1,4294967295,0,0
oInvCollPH,976,320,0010E0EF,0,1,1,4294967295,0,0
oInvCollPH,960,320,0011ABCD,0,1,1,4294967295,0,0
oInvCollPH,944,320,00209AA2,0,1,1,4294967295,0,0
oInvCollPH,928,320,001D1EFF,0,1,1,4294967295,0,0
oInvCollPH,912,320,00008310,0,1,1,4294967295,0,0
oInvCollPH,896,320,002C0121,0,1,1,4294967295,0,0
oInvCollPH,848,320,002C69DB,0,1,1,4294967295,0,0
oInvCollPH,832,320,002A3B0D,0,1,1,4294967295,0,0
oInvCollPH,816,320,001FE91C,0,1,1,4294967295,0,0
oInvCollPH,800,320,002BBF49,0,1,1,4294967295,0,0
oInvCollPH,784,320,001F7015,0,1,1,4294967295,0,0
oInvCollPH,768,320,003F78A4,0,1,1,4294967295,0,0
oInvCollPH,752,320,0005F1C7,0,1,1,4294967295,0,0
oInvCollPH,736,320,0026EE95,0,1,1,4294967295,0,0
oInvCollPH,656,320,0011C5B3,0,1,1,4294967295,0,0
oInvCollPH,640,320,000F68D0,0,1,1,4294967295,0,0
oInvCollPH,624,320,00275CFA,0,1,1,4294967295,0,0
oInvCollPH,608,320,0025AEC4,0,1,1,4294967295,0,0
oInvCollPH,592,320,0006498D,0,1,1,4294967295,0,0
oInvCollPH,576,320,000C025D,0,1,1,4294967295,0,0
oInvCollPH,528,320,0008B209,0,1,1,4294967295,0,0
oInvCollPH,512,320,0038D094,0,1,1,4294967295,0,0
oInvCollPH,496,320,0016E34B,0,1,1,4294967295,0,0
oInvCollPH,416,320,00067CA6,0,1,1,4294967295,0,0
oInvCollPH,400,320,002BD8F1,0,1,1,4294967295,0,0
oInvCollPH,384,320,00342D55,0,1,1,4294967295,0,0
oInvCollPH,368,320,002179D9,0,1,1,4294967295,0,0
oInvCollPH,352,320,00397C46,0,1,1,4294967295,0,0
oInvCollPH,336,320,002A81D5,0,1,1,4294967295,0,0
oInvCollPH,288,320,000E5647,0,1,1,4294967295,0,0
oInvCollPH,272,320,001EB6C1,0,1,1,4294967295,0,0
oInvCollPH,256,320,003A8B52,0,1,1,4294967295,0,0
oInvCollPH,16,320,00161A91,0,1,1,4294967295,0,0
oInvCollPH,32,320,002E1DFA,0,1,1,4294967295,0,0
oInvCollPH,48,320,003C220B,0,1,1,4294967295,0,0
oInvCollPH,64,320,00003CCC,0,1,1,4294967295,0,0
oInvCollPH,80,320,00021B47,0,1,1,4294967295,0,0
oInvCollPH,96,320,0022BCCA,0,1,1,4294967295,0,0
oInvCollPH,112,320,00303D2B,0,1,1,4294967295,0,0
oInvCollPH,128,320,00068709,0,1,1,4294967295,0,0
oInvCollPH,144,320,001016DA,0,1,1,4294967295,0,0
oInvCollPH,160,320,0039817B,0,1,1,4294967295,0,0
oInvCollPH,176,320,000ED15F,0,1,1,4294967295,0,0
oInvCollPH,192,320,0032C170,0,1,1,4294967295,0,0
oInvCollPH,208,320,0031A0A1,0,1,1,4294967295,0,0
oInvisibleSolid,0,320,003474A2,0,1,1,4294967295,0,1
oInvisibleSolid,4528,176,003B9DDD,0,1,1,4294967295,0,1
oInvisibleSolid,4176,176,0016CFF9,0,1,1,4294967295,0,1
oInvisibleSolid,4176,288,000A568D,0,1,1,4294967295,0,1
oInvisibleSolid,4432,256,00179F58,0,1,1,4294967295,0,1
oInvisibleSolid,4432,288,002D1EE3,0,1,1,4294967295,0,1
oInvisibleLupSlope,3904,176,000D91ED,0,1,1,4294967295,0,0
oInvisibleLupSlope,3920,192,00368498,0,1,1,4294967295,0,0
oInvisibleLupSlope,3936,208,001175C3,0,1,1,4294967295,0,0
oInvisibleLupSlope,3952,224,002FC768,0,1,1,4294967295,0,0
oInvisibleRCeilingSlope,3888,208,003C1117,0,1,1,4294967295,0,0
oInvisibleRCeilingSlope,3904,224,00276A0A,0,1,1,4294967295,0,0
oInvisibleRCeilingSlope,3920,240,002AC61B,0,1,1,4294967295,0,0
oInvisibleRCeilingSlope,3936,256,002C6F9A,0,1,1,4294967295,0,0
oInvisibleSolid,3904,192,000FF04C,0,1,1,4294967295,0,1
oInvisibleSolid,3920,208,001C67DC,0,1,1,4294967295,0,1
oInvisibleSolid,3936,224,000556C2,0,1,1,4294967295,0,1
oInvisibleSolid,3952,240,003F807D,0,1,1,4294967295,0,1
oInvisibleSolid,3744,176,003E340D,0,1,1,4294967295,0,1
oInvisibleSolid,3424,96,000C9539,0,1,1,4294967295,0,1
oInvisibleRupSlope,2512,224,001F45E6,0,1,1,4294967295,0,0
oInvisibleRupSlope,2496,240,001E1A32,0,1,1,4294967295,0,0
oInvisibleRupSlope,2480,256,0010D0C8,0,1,1,4294967295,0,0
oInvisibleRupSlope,2464,272,000D163E,0,1,1,4294967295,0,0
oInvisibleLupSlope,3184,224,001F5ED8,0,1,1,4294967295,0,0
oInvisibleLupSlope,3200,240,0039495F,0,1,1,4294967295,0,0
oInvisibleLupSlope,3216,256,0026E7D2,0,1,1,4294967295,0,0
oInvisibleLupSlope,3232,272,0038B897,0,1,1,4294967295,0,0
oInvisibleRCeilingSlope,3168,256,00088E2F,0,1,1,4294967295,0,0
oInvisibleRCeilingSlope,3184,272,0027631D,0,1,1,4294967295,0,0
oInvisibleRCeilingSlope,3200,288,0039DA75,0,1,1,4294967295,0,0
oInvisibleRCeilingSlope,3216,304,0034D4B6,0,1,1,4294967295,0,0
oInvisibleLCeilingSlope,2528,256,0013EDC4,0,1,1,4294967295,0,0
oInvisibleLCeilingSlope,2512,272,0029E778,0,1,1,4294967295,0,0
oInvisibleLCeilingSlope,2496,288,00127D6C,0,1,1,4294967295,0,0
oInvisibleLCeilingSlope,2480,304,0031061F,0,1,1,4294967295,0,0
oInvisibleSolid,2400,288,0023C877,0,1,1,4294967295,0,1
oInvisibleSolid,2528,224,001FED1B,0,1,1,4294967295,0,1
oInvisibleSolid,3072,224,002B3B6A,0,1,1,4294967295,0,1
oInvisibleSolid,3232,288,001416F6,0,1,1,4294967295,0,1
oInvisibleSolid,3216,272,001E4165,0,1,1,4294967295,0,1
oInvisibleSolid,3200,256,00052A78,0,1,1,4294967295,0,1
oInvisibleSolid,3184,240,00274DBA,0,1,1,4294967295,0,1
oInvisibleSolid,2512,240,0037E9BD,0,1,1,4294967295,0,1
oInvisibleSolid,2496,256,00181F7A,0,1,1,4294967295,0,1
oInvisibleSolid,2480,272,000DA689,0,1,1,4294967295,0,1
oInvisibleSolid,3568,256,001A4E2E,0,1,1,4294967295,0,1
oInvisibleSolid,3536,288,0000C096,0,1,1,4294967295,0,1
oInvisibleSolid,2864,288,000AD68A,0,1,1,4294967295,0,1
oInvisibleSolid,2736,112,000C92F3,0,1,1,4294967295,0,1
oInvisibleSolid,2928,112,0019322E,0,1,1,4294967295,0,1
oInvisibleSolid,1984,288,000B3C52,0,1,1,4294967295,0,1
oInvisibleSolid,1984,256,00347274,0,1,1,4294967295,0,1
oInvisibleSolid,2048,256,00212FFA,0,1,1,4294967295,0,1
oInvisibleSolid,2112,192,0030C95E,0,1,1,4294967295,0,1
oInvisibleSolid,2208,224,00039256,0,1,1,4294967295,0,1
oInvisibleSolid,2208,256,001401F8,0,1,1,4294967295,0,1
oInvisibleSolid,1888,288,002C4A69,0,1,1,4294967295,0,1
oInvisibleSolid,1792,224,001964C1,0,1,1,4294967295,0,1
oInvisibleSolid,1696,256,00125D88,0,1,1,4294967295,0,1
oInvisibleSolid,1600,288,001B603F,0,1,1,4294967295,0,1
oInvisibleSolid,1504,256,000EDD9D,0,1,1,4294967295,0,1
oInvisibleSolid,1472,288,001884EC,0,1,1,4294967295,0,1
oInvisibleRupSlope,1152,128,00003034,0,1,1,4294967295,0,0
oInvisibleRupSlope,1136,144,003F4129,0,1,1,4294967295,0,0
oInvisibleRupSlope,1120,160,0007306C,0,1,1,4294967295,0,0
oInvisibleLupSlope,1328,128,00187801,0,1,1,4294967295,0,0
oInvisibleLupSlope,1344,144,002E26A2,0,1,1,4294967295,0,0
oInvisibleRCeilingSlope,1312,160,00360823,0,1,1,4294967295,0,0
oInvisibleRCeilingSlope,1328,176,000F0694,0,1,1,4294967295,0,0
oInvisibleLCeilingSlope,1168,160,00167C6B,0,1,1,4294967295,0,0
oInvisibleLCeilingSlope,1152,176,000B62BB,0,1,1,4294967295,0,0
oInvisibleLCeilingSlope,1136,192,00120702,0,1,1,4294967295,0,0
oInvisibleSolid,1136,160,0022AAF5,0,1,1,4294967295,0,1
oInvisibleSolid,1152,144,0015ACB0,0,1,1,4294967295,0,1
oInvisibleSolid,1328,144,00038BDA,0,1,1,4294967295,0,1
oInvisibleSolid,1344,160,002632C0,0,1,1,4294967295,0,1
oInvisibleSolid,1104,176,00346496,0,1,1,4294967295,0,1
oInvisibleSolid,1168,128,002C9D9F,0,1,1,4294967295,0,1
oInvisibleSolid,864,288,003D331E,0,1,1,4294967295,0,1
oInvisibleSolid,672,288,00302BE1,0,1,1,4294967295,0,1
oInvisibleSolid,224,288,001F3ADD,0,1,1,4294967295,0,1
oInvisibleSolid,128,144,0007CB8B,0,1,1,4294967295,0,1
oInvisibleSolid,304,288,002E3408,0,1,1,4294967295,0,1
oInvisibleSolid,432,288,002CADB7,0,1,1,4294967295,0,1
oInvisibleSolid,464,256,003476E0,0,1,1,4294967295,0,1
oInvisibleSolid,544,288,001691C1,0,1,1,4294967295,0,1
oInvisibleRupSlope,688,96,00250421,0,1,1,4294967295,0,0
oInvisibleRupSlope,672,112,000E0399,0,1,1,4294967295,0,0
oInvisibleLupSlope,800,96,00071276,0,1,1,4294967295,0,0
oInvisibleLupSlope,816,112,002B2CC3,0,1,1,4294967295,0,0
oInvisibleLupSlope,832,128,002E0338,0,1,1,4294967295,0,0
oInvisibleRCeilingSlope,784,128,00005237,0,1,1,4294967295,0,0
oInvisibleRCeilingSlope,800,144,001F5A06,0,1,1,4294967295,0,0
oInvisibleRCeilingSlope,816,160,0033F83F,0,1,1,4294967295,0,0
oInvisibleLCeilingSlope,704,128,003432A9,0,1,1,4294967295,0,0
oInvisibleLCeilingSlope,688,144,0019CA33,0,1,1,4294967295,0,0
oInvisibleSolid,656,128,00145BF8,0,1,1,4294967295,0,1
oInvisibleSolid,688,112,0023B296,0,1,1,4294967295,0,1
oInvisibleSolid,800,112,00179CA7,0,1,1,4294967295,0,1
oInvisibleSolid,816,128,0015E04F,0,1,1,4294967295,0,1
oInvisibleSolid,832,144,00074F53,0,1,1,4294967295,0,1
oInvisibleSolid,704,96,001F5B08,0,1,1,4294967295,0,1
