oExit,0,256,001AC44F,0,1,1,4294967295,0,1
oHealingPost,88,288,0031B44F,0,1,1,4294967295,0,0
oControlCenterComputer,224,288,0003FDE9,0,1,1,4294967295,0,0
oConveyorA,128,288,003889C5,0,1,1,4294967295,0,1
oWalletBoost,904,272,001558A0,0,1,1,4294967295,0,1
oSolidVirusBlock,512,176,000ABE67,0,1,1,4294967295,0,1
oSolidVirusBlock,528,176,000BFB34,0,1,1,4294967295,0,1
oSolidVirusBlock,544,256,002A7B5D,0,1,1,4294967295,0,1
oSolidVirusBlock,544,272,003E2549,0,1,1,4294967295,0,1
oSolidVirusBlock,48,120,002826FD,0,1,1,4294967295,0,1
oSolidVirusBlock,176,120,000728AF,0,1,1,4294967295,0,1
oSolidVirusBlock,336,120,00241E2D,0,1,1,4294967295,0,1
oSolidVirusBlock,128,320,001310D3,0,1,1,4294967295,0,1
oBotDoorA,144,288,0027D2C2,0,1,1,4294967295,0,1
oPlayer1,48,288,00169E4C,0,1,1,4294967295,0,0
oInvCollPH,16,288,0026FA37,0,1,1,4294967295,0,0
oInvCollPH,32,288,00213FD6,0,1,1,4294967295,0,0
oInvCollPH,48,288,003A35F0,0,1,1,4294967295,0,0
oInvCollPH,64,288,001E9594,0,1,1,4294967295,0,0
oInvCollPH,80,288,0001086E,0,1,1,4294967295,0,0
oInvCollPH,96,288,0009427D,0,1,1,4294967295,0,0
oInvCollPH,112,288,00048ACA,0,1,1,4294967295,0,0
oInvCollPH,32,112,0009F676,0,1,1,4294967295,0,0
oInvCollPH,32,128,000B10D0,0,1,1,4294967295,0,0
oInvCollPH,32,144,0034AC22,0,1,1,4294967295,0,0
oInvCollPH,32,160,000792BB,0,1,1,4294967295,0,0
oInvCollPH,32,176,0005AC86,0,1,1,4294967295,0,0
oInvCollPH,32,192,0013A8E1,0,1,1,4294967295,0,0
oInvCollPH,32,208,001584CB,0,1,1,4294967295,0,0
oInvCollPH,16,208,000074AB,0,1,1,4294967295,0,0
oInvCollPH,0,208,0017C665,0,1,1,4294967295,0,0
oInvCollPH,512,304,001036F3,0,1,1,4294967295,0,0
oInvCollPH,512,320,0024AAAB,0,1,1,4294967295,0,0
oInvCollPH,512,336,0030ECBE,0,1,1,4294967295,0,0
oInvCollPH,528,288,0013B986,0,1,1,4294967295,0,0
oInvCollPH,544,288,000D9E03,0,1,1,4294967295,0,0
oInvCollPH,560,288,003CA9E4,0,1,1,4294967295,0,0
oInvCollPH,576,288,00211ECA,0,1,1,4294967295,0,0
oInvCollPH,592,288,00249178,0,1,1,4294967295,0,0
oInvCollPH,592,304,000FE85D,0,1,1,4294967295,0,0
oInvCollPH,592,320,0005E9BE,0,1,1,4294967295,0,0
oInvCollPH,640,272,0034C2D9,0,1,1,4294967295,0,0
oInvCollPH,656,256,001F5670,0,1,1,4294967295,0,0
oInvCollPH,672,256,00293EDD,0,1,1,4294967295,0,0
oInvCollPH,688,256,00136124,0,1,1,4294967295,0,0
oInvCollPH,688,272,000EAC22,0,1,1,4294967295,0,0
oInvCollPH,640,288,000A430F,0,1,1,4294967295,0,0
oInvCollPH,640,304,00169527,0,1,1,4294967295,0,0
oInvCollPH,640,320,001E2517,0,1,1,4294967295,0,0
oInvCollPH,640,336,00222BB5,0,1,1,4294967295,0,0
oInvCollPH,800,272,003710B7,0,1,1,4294967295,0,0
oInvCollPH,816,256,003FB234,0,1,1,4294967295,0,0
oInvCollPH,832,256,002D49A3,0,1,1,4294967295,0,0
oInvCollPH,848,256,000E2E11,0,1,1,4294967295,0,0
oInvCollPH,848,272,001E7052,0,1,1,4294967295,0,0
oInvCollPH,736,288,000102A0,0,1,1,4294967295,0,0
oInvCollPH,720,288,003C24CB,0,1,1,4294967295,0,0
oInvCollPH,752,288,003C4D0F,0,1,1,4294967295,0,0
oInvCollPH,768,288,00002960,0,1,1,4294967295,0,0
oInvCollPH,784,288,0001BEC5,0,1,1,4294967295,0,0
oInvCollPH,864,288,0007CD37,0,1,1,4294967295,0,0
oInvCollPH,880,288,003F918B,0,1,1,4294967295,0,0
oInvCollPH,896,288,00110EB7,0,1,1,4294967295,0,0
oInvCollPH,912,288,0017EB7C,0,1,1,4294967295,0,0
oInvCollPH,928,288,003C30FD,0,1,1,4294967295,0,0
oInvCollPH,944,288,000CB2A3,0,1,1,4294967295,0,0
oInvCollPH,960,192,00190041,0,1,1,4294967295,0,0
oInvCollPH,960,208,001D72C6,0,1,1,4294967295,0,0
oInvCollPH,960,224,0002329A,0,1,1,4294967295,0,0
oInvCollPH,960,240,002A7EB1,0,1,1,4294967295,0,0
oInvCollPH,960,256,0030BDA5,0,1,1,4294967295,0,0
oInvCollPH,960,272,001D512F,0,1,1,4294967295,0,0
oInvCollPH,416,192,000FFAAE,0,1,1,4294967295,0,0
oInvCollPH,400,224,000C886C,0,1,1,4294967295,0,0
oInvCollPH,400,240,001BBBFD,0,1,1,4294967295,0,0
oInvCollPH,480,240,00141A01,0,1,1,4294967295,0,0
oInvCollPH,480,224,0016101D,0,1,1,4294967295,0,0
oInvCollPH,480,208,002144A6,0,1,1,4294967295,0,0
oInvCollPH,480,192,001023DF,0,1,1,4294967295,0,0
oInvCollPH,480,176,000FB5A8,0,1,1,4294967295,0,0
oInvCollPH,592,192,000AD0C0,0,1,1,4294967295,0,0
oInvCollPH,592,208,001E4753,0,1,1,4294967295,0,0
oInvCollPH,608,208,0008BE39,0,1,1,4294967295,0,0
oInvCollPH,624,208,0008A180,0,1,1,4294967295,0,0
oInvCollPH,640,208,001570F7,0,1,1,4294967295,0,0
oInvCollPH,656,208,00350EE9,0,1,1,4294967295,0,0
oInvCollPH,672,208,001289D8,0,1,1,4294967295,0,0
oInvCollPH,688,208,00207085,0,1,1,4294967295,0,0
oInvCollPH,704,208,0030BAA9,0,1,1,4294967295,0,0
oInvCollPH,720,208,001DB5CB,0,1,1,4294967295,0,0
oInvCollPH,736,208,00134A59,0,1,1,4294967295,0,0
oInvCollPH,848,176,003F689D,0,1,1,4294967295,0,0
oInvCollPH,848,192,002D46BF,0,1,1,4294967295,0,0
oInvCollPH,848,208,003F4FD2,0,1,1,4294967295,0,0
oInvCollPH,832,208,0019400F,0,1,1,4294967295,0,0
oInvCollPH,816,208,001D677F,0,1,1,4294967295,0,0
oInvCollPH,800,208,000A2708,0,1,1,4294967295,0,0
oInvCollPH,784,208,00036F6E,0,1,1,4294967295,0,0
oInvCollPH,768,208,0011C52D,0,1,1,4294967295,0,0
oInvCollPH,752,208,00117537,0,1,1,4294967295,0,0
oInvCollPH,112,128,003F892E,0,1,1,4294967295,0,0
oInvCollPH,128,128,00172394,0,1,1,4294967295,0,0
oInvCollPH,144,128,00101FCB,0,1,1,4294967295,0,0
oInvCollPH,160,128,003D9484,0,1,1,4294967295,0,0
oInvCollPH,160,112,001C8302,0,1,1,4294967295,0,0
oInvCollPH,272,128,00133BB8,0,1,1,4294967295,0,0
oInvCollPH,288,128,00173E6F,0,1,1,4294967295,0,0
oInvCollPH,304,128,000C5427,0,1,1,4294967295,0,0
oInvCollPH,320,128,000773D5,0,1,1,4294967295,0,0
oInvCollPH,320,112,000FEB03,0,1,1,4294967295,0,0
oInvCollPH,48,96,0028C422,0,1,1,4294967295,0,0
oInvCollPH,64,96,0014C07D,0,1,1,4294967295,0,0
oInvCollPH,80,96,0017F37E,0,1,1,4294967295,0,0
oInvCollPH,96,96,0002A73F,0,1,1,4294967295,0,0
oInvCollPH,176,96,002AF96B,0,1,1,4294967295,0,0
oInvCollPH,192,96,00199E5F,0,1,1,4294967295,0,0
oInvCollPH,208,96,0008D0AF,0,1,1,4294967295,0,0
oInvCollPH,224,96,00080697,0,1,1,4294967295,0,0
oInvCollPH,240,96,0002FA7F,0,1,1,4294967295,0,0
oInvCollPH,256,96,00175AE3,0,1,1,4294967295,0,0
oInvCollPH,336,96,002E6AE1,0,1,1,4294967295,0,0
oInvCollPH,352,96,00311EF4,0,1,1,4294967295,0,0
oInvCollPH,368,96,001733E2,0,1,1,4294967295,0,0
oInvCollPH,384,96,0010783A,0,1,1,4294967295,0,0
oInvCollPH,400,128,001BD184,0,1,1,4294967295,0,0
oInvCollPH,400,144,003284E4,0,1,1,4294967295,0,0
oInvCollPH,400,160,004030E9,0,1,1,4294967295,0,0
oInvCollPH,496,160,0033F26B,0,1,1,4294967295,0,0
oInvCollPH,512,160,002E57F1,0,1,1,4294967295,0,0
oInvCollPH,528,160,0022D762,0,1,1,4294967295,0,0
oInvCollPH,544,160,003E0E21,0,1,1,4294967295,0,0
oInvCollPH,560,160,0005C496,0,1,1,4294967295,0,0
oInvCollPH,576,160,003773ED,0,1,1,4294967295,0,0
oInvCollPH,864,160,002A072D,0,1,1,4294967295,0,0
oInvCollPH,880,160,0039FDCB,0,1,1,4294967295,0,0
oInvCollPH,896,160,002E4D46,0,1,1,4294967295,0,0
oInvCollPH,912,160,0020D724,0,1,1,4294967295,0,0
oInvCollPH,928,160,00135BED,0,1,1,4294967295,0,0
oInvCollPH,944,160,00186DCE,0,1,1,4294967295,0,0
oInvCollPH,592,336,00177B85,0,1,1,4294967295,0,0
oInvCollConvey,144,288,0010EA48,0,1,1,4294967295,0,0
oInvCollConvey,160,288,003CAA9E,0,1,1,4294967295,0,0
oInvCollConvey,176,288,000E7E64,0,1,1,4294967295,0,0
oInvCollConvey,240,288,0038B5A6,0,1,1,4294967295,0,0
oInvCollConvey,224,288,003C298A,0,1,1,4294967295,0,0
oInvCollConvey,208,288,003CE257,0,1,1,4294967295,0,0
oInvCollConvey,192,288,001BB04F,0,1,1,4294967295,0,0
oInvCollConvey,304,288,0033D532,0,1,1,4294967295,0,0
oInvCollConvey,288,288,0035137F,0,1,1,4294967295,0,0
oInvCollConvey,272,288,0029526F,0,1,1,4294967295,0,0
oInvCollConvey,256,288,0029CCA6,0,1,1,4294967295,0,0
oInvCollConvey,368,288,00093FF8,0,1,1,4294967295,0,0
oInvCollConvey,352,288,0018AF4E,0,1,1,4294967295,0,0
oInvCollConvey,336,288,000920C3,0,1,1,4294967295,0,0
oInvCollConvey,320,288,001D5632,0,1,1,4294967295,0,0
oInvCollConvey,432,288,0025D289,0,1,1,4294967295,0,0
oInvCollConvey,416,288,003F7B81,0,1,1,4294967295,0,0
oInvCollConvey,400,288,002808FA,0,1,1,4294967295,0,0
oInvCollConvey,384,288,003DECD1,0,1,1,4294967295,0,0
oInvCollConvey,496,288,002528EB,0,1,1,4294967295,0,0
oInvCollConvey,480,288,003AA463,0,1,1,4294967295,0,0
oInvCollConvey,464,288,002906DB,0,1,1,4294967295,0,0
oInvCollConvey,448,288,00239A21,0,1,1,4294967295,0,0
oInvCollSM,432,256,0037A8E3,0,1,1,4294967295,0,0
oInvCollSM,448,256,0037F802,0,1,1,4294967295,0,0
oInvCollSM,464,256,000F8105,0,1,1,4294967295,0,0
oInvisibleSolid,0,288,002C813E,0,1,1,4294967295,0,1
oInvisibleSolid,0,112,0021AE88,0,1,1,4294967295,0,1
oInvisibleSolid,0,0,002E7156,0,1,1,4294967295,0,1
oInvisibleSolid,112,112,003E9B2B,0,1,1,4294967295,0,1
oInvisibleSolid,272,112,0003D948,0,1,1,4294967295,0,1
oInvisibleSolid,416,176,0023AA23,0,1,1,4294967295,0,1
oInvisibleSolid,400,112,000DF47F,0,1,1,4294967295,0,1
oInvisibleSolid,592,176,000135C0,0,1,1,4294967295,0,1
oInvisibleSolid,960,176,001FC641,0,1,1,4294967295,0,1
oInvisibleSolid,704,288,00221A41,0,1,1,4294967295,0,1
oInvisibleSolid,800,256,00386CD7,0,1,1,4294967295,0,1
oInvisibleSolid,512,288,0003A3B7,0,1,1,4294967295,0,1
oInvisibleSolid,640,256,001E44A6,0,1,1,4294967295,0,1
oInvisibleSolid,400,208,003BEE6F,0,1,1,4294967295,0,1
oInvisibleSolidMorph,416,256,0018E171,0,1,1,4294967295,0,1
