oExit,0,320,0029B852,0,1,1,4294967295,0,1
oExit,2608,320,0030630B,0,1,1,4294967295,0,1
oHexCircle,576,288,002B6C80,0,1,1,4294967295,0,1
oHexFullCircle,576,96,003CD7A2,0,1,1,4294967295,0,1
oHexCircle,576,304,00010F46,0,1,1,4294967295,0,1
oHexCircle,576,320,0015F0F6,0,1,1,4294967295,0,1
oHexFullCircle,448,80,0005B91B,0,1,1,4294967295,0,1
oHexFullCircle,704,80,003C2C30,0,1,1,4294967295,0,1
oHexFullCircle,512,144,001B1B10,0,1,1,4294967295,0,1
oHexFullCircle,640,144,003906F8,0,1,1,4294967295,0,1
oHexFullCircle,528,400,002590E2,0,1,1,4294967295,0,1
oHexFullCircle,624,400,00051560,0,1,1,4294967295,0,1
oHexCircle,1280,320,00294274,0,1,1,4294967295,0,1
oHexCircle,1280,320,0018F9AB,0,1,1,4294967295,0,1
oHexFullCircle,1280,320,001DCA8B,0,1,1,4294967295,0,1
oStaticSpikeRed,1264,256,000BF33A,0,1,1,4294967295,0,1
oStaticSpikeRed,1264,288,003F6EE1,0,1,1,4294967295,0,1
oStaticSpikeRed,1264,320,001BC6F4,0,1,1,4294967295,0,1
oStaticSpikeRed,1296,288,0004382D,0,1,1,4294967295,0,1
oStaticSpikeRed,1296,320,00333A32,0,1,1,4294967295,0,1
oStaticSpikeRed,1328,320,00394667,0,1,1,4294967295,0,1
oStaticSpikeRed,1232,288,00404071,0,1,1,4294967295,0,1
oStaticSpikeRed,1232,320,000B374D,0,1,1,4294967295,0,1
oStaticSpikeRed,1200,320,002AFA4A,0,1,1,4294967295,0,1
oStaticSpikeRed,1232,256,0031FFA1,0,1,1,4294967295,0,1
oStaticSpikeRed,1296,256,001E6FBB,0,1,1,4294967295,0,1
oStaticSpikeRed,1328,288,002EFFB1,0,1,1,4294967295,0,1
oStaticSpikeRed,1200,288,0014C963,0,1,1,4294967295,0,1
oStaticSpikeRed,1232,192,0005E0C0,0,1,1,4294967295,0,1
oStaticSpikeRed,1296,192,0029FFCE,0,1,1,4294967295,0,1
oStaticSpikeRed,1168,256,00308705,0,1,1,4294967295,0,1
oStaticSpikeRed,1360,256,0019270C,0,1,1,4294967295,0,1
oStaticSpikeRed,1136,320,00342FB8,0,1,1,4294967295,0,1
oStaticSpikeRed,1392,320,0015BEA1,0,1,1,4294967295,0,1
oHexFullCircle,1840,320,0003B658,0,1,1,4294967295,0,1
oHexFullCircle,2016,160,0020EDE3,0,1,1,4294967295,0,1
oHexFullCircle,2192,320,00182190,0,1,1,4294967295,0,1
oHexFullCircle,2368,160,0034AE4E,0,1,1,4294967295,0,1
oStaticSpikeRed,1808,288,003441A1,0,1,1,4294967295,0,1
oStaticSpikeRed,1984,128,0022F5C1,0,1,1,4294967295,0,1
oStaticSpikeRed,2160,288,00319543,0,1,1,4294967295,0,1
oStaticSpikeRed,2336,128,0032B92D,0,1,1,4294967295,0,1
oOrbitingTrap,1280,320,00271EA9,0,1,1,4294967295,0,1
oOrbitingTrap,1280,320,00107FAD,0,1,1,4294967295,0,1
oOrbitingTrap,1280,320,0033A58E,0,1,1,4294967295,0,1
oOrbitingTrap,1280,320,00085791,0,1,1,4294967295,0,1
oOrbitingTrap,1280,320,001E0B52,0,1,1,4294967295,0,1
oOrbitingTrap,1280,320,001690D3,0,1,1,4294967295,0,1
oOrbitingTrap,1280,320,0005BED5,0,1,1,4294967295,0,1
oOrbitingTrap,1840,320,00162C98,0,1,1,4294967295,0,1
oOrbitingTrap,1840,320,0023D610,0,1,1,4294967295,0,1
oOrbitingTrap,1840,320,00301FA9,0,1,1,4294967295,0,1
oOrbitingTrap,1840,320,0033BEE1,0,1,1,4294967295,0,1
oOrbitingTrap,1840,320,002F68ED,0,1,1,4294967295,0,1
oOrbitingTrap,2016,160,000A50D2,0,1,1,4294967295,0,1
oOrbitingTrap,2016,160,00198128,0,1,1,4294967295,0,1
oOrbitingTrap,2016,160,001A55CC,0,1,1,4294967295,0,1
oOrbitingTrap,2016,160,00166584,0,1,1,4294967295,0,1
oOrbitingTrap,2016,160,000F2DCC,0,1,1,4294967295,0,1
oOrbitingTrap,2192,320,0000CE2D,0,1,1,4294967295,0,1
oOrbitingTrap,2192,320,002B1D44,0,1,1,4294967295,0,1
oOrbitingTrap,2192,320,0021FBD4,0,1,1,4294967295,0,1
oOrbitingTrap,2192,320,00155BAE,0,1,1,4294967295,0,1
oOrbitingTrap,2192,320,002440E9,0,1,1,4294967295,0,1
oOrbitingTrap,2368,160,00111162,0,1,1,4294967295,0,1
oOrbitingTrap,2368,160,0006E14B,0,1,1,4294967295,0,1
oOrbitingTrap,2368,160,00154354,0,1,1,4294967295,0,1
oOrbitingTrap,2368,160,00211EAA,0,1,1,4294967295,0,1
oOrbitingTrap,2368,160,003C5C55,0,1,1,4294967295,0,1
oOrbitingTrap,1280,320,002BC5E1,0,1,1,4294967295,0,1
oOrbitingTrap,1280,320,00156B43,0,1,1,4294967295,0,1
oOrbitingTrap,1280,320,002C9B01,0,1,1,4294967295,0,1
oOrbitingTrap,1280,320,000B8F3A,0,1,1,4294967295,0,1
oOrbitingTrap,1280,320,000C8C03,0,1,1,4294967295,0,1
oOrbitingTrap,1280,320,000362E3,0,1,1,4294967295,0,1
oOrbitingTrap,1280,320,002DF1C2,0,1,1,4294967295,0,1
oOrbitingTrap,1840,320,0036C2A2,0,1,1,4294967295,0,1
oOrbitingTrap,2192,320,0039AF0A,0,1,1,4294967295,0,1
oOrbitingTrap,2016,160,001373D6,0,1,1,4294967295,0,1
oOrbitingTrap,2368,160,001761EE,0,1,1,4294967295,0,1
oPlayer1,48,352,0034E612,0,1,1,4294967295,0,0
oInvCollPH,16,352,0001EEBE,0,1,1,4294967295,0,0
oInvCollPH,32,352,0025F95F,0,1,1,4294967295,0,0
oInvCollPH,48,352,00075DE2,0,1,1,4294967295,0,0
oInvCollPH,64,352,0003E39B,0,1,1,4294967295,0,0
oInvCollPH,80,352,0013226B,0,1,1,4294967295,0,0
oInvCollPH,144,352,00295957,0,1,1,4294967295,0,0
oInvCollPH,128,352,0016DEC1,0,1,1,4294967295,0,0
oInvCollPH,112,352,0002FB61,0,1,1,4294967295,0,0
oInvCollPH,96,352,0034E267,0,1,1,4294967295,0,0
oInvCollPH,160,352,000E7F31,0,1,1,4294967295,0,0
oInvCollPH,176,352,0027BB05,0,1,1,4294967295,0,0
oInvCollPH,192,352,0025BBB0,0,1,1,4294967295,0,0
oInvCollPH,208,352,0011FE6D,0,1,1,4294967295,0,0
oInvCollPH,224,352,0014D4C9,0,1,1,4294967295,0,0
oInvCollPH,240,352,003500EA,0,1,1,4294967295,0,0
oInvCollPH,0,272,0031E568,0,1,1,4294967295,0,0
oInvCollPH,16,272,00262134,0,1,1,4294967295,0,0
oInvCollPH,32,272,0014560D,0,1,1,4294967295,0,0
oInvCollPH,48,272,0026DEA3,0,1,1,4294967295,0,0
oInvCollPH,64,272,003236A9,0,1,1,4294967295,0,0
oInvCollPH,80,272,0003563E,0,1,1,4294967295,0,0
oInvCollPH,80,128,000ACCE8,0,1,1,4294967295,0,0
oInvCollPH,80,144,003AB51F,0,1,1,4294967295,0,0
oInvCollPH,80,160,001EAF4A,0,1,1,4294967295,0,0
oInvCollPH,80,176,0033C35B,0,1,1,4294967295,0,0
oInvCollPH,80,192,00356B32,0,1,1,4294967295,0,0
oInvCollPH,80,208,001870E1,0,1,1,4294967295,0,0
oInvCollPH,80,224,003B822A,0,1,1,4294967295,0,0
oInvCollPH,80,240,0018FF73,0,1,1,4294967295,0,0
oInvCollPH,80,256,001485B5,0,1,1,4294967295,0,0
oInvCollPH,96,112,003F3B91,0,1,1,4294967295,0,0
oInvCollPH,112,112,00141470,0,1,1,4294967295,0,0
oInvCollPH,128,112,003D74E3,0,1,1,4294967295,0,0
oInvCollPH,144,112,00111D88,0,1,1,4294967295,0,0
oInvCollPH,160,112,003EBFD0,0,1,1,4294967295,0,0
oInvCollPH,176,112,00138348,0,1,1,4294967295,0,0
oInvCollPH,192,112,001FD5C9,0,1,1,4294967295,0,0
oInvCollPH,208,112,001B1D2C,0,1,1,4294967295,0,0
oInvCollPH,304,352,00012BC1,0,1,1,4294967295,0,0
oInvCollPH,288,352,002C064D,0,1,1,4294967295,0,0
oInvCollPH,272,352,000186A3,0,1,1,4294967295,0,0
oInvCollPH,256,352,003A4A65,0,1,1,4294967295,0,0
oInvCollPH,496,352,0014C7BD,0,1,1,4294967295,0,0
oInvCollPH,480,352,003CC0D7,0,1,1,4294967295,0,0
oInvCollPH,464,352,002B5B2F,0,1,1,4294967295,0,0
oInvCollPH,448,352,00122381,0,1,1,4294967295,0,0
oInvCollPH,432,352,001DA67A,0,1,1,4294967295,0,0
oInvCollPH,352,352,002DF471,0,1,1,4294967295,0,0
oInvCollPH,368,352,00233606,0,1,1,4294967295,0,0
oInvCollPH,384,352,00096E65,0,1,1,4294967295,0,0
oInvCollPH,400,352,0028049E,0,1,1,4294967295,0,0
oInvCollPH,416,352,000CA328,0,1,1,4294967295,0,0
oInvCollPH,320,352,000F4613,0,1,1,4294967295,0,0
oInvCollPH,336,352,003AF008,0,1,1,4294967295,0,0
oInvCollPH,496,368,003AD707,0,1,1,4294967295,0,0
oInvCollPH,496,384,0011F29E,0,1,1,4294967295,0,0
oInvCollPH,496,400,00127184,0,1,1,4294967295,0,0
oInvCollPH,496,416,000B3715,0,1,1,4294967295,0,0
oInvCollPH,496,432,00291E0D,0,1,1,4294967295,0,0
oInvCollPH,496,448,00110AA8,0,1,1,4294967295,0,0
oInvCollPH,496,464,003D2DFD,0,1,1,4294967295,0,0
oInvCollPH,640,368,002F9D77,0,1,1,4294967295,0,0
oInvCollPH,640,384,0020AE41,0,1,1,4294967295,0,0
oInvCollPH,640,400,003BE1DC,0,1,1,4294967295,0,0
oInvCollPH,640,416,00250D00,0,1,1,4294967295,0,0
oInvCollPH,640,432,002E357E,0,1,1,4294967295,0,0
oInvCollPH,640,448,00293FB6,0,1,1,4294967295,0,0
oInvCollPH,640,464,0029CCD1,0,1,1,4294967295,0,0
oInvCollPH,656,352,0028322A,0,1,1,4294967295,0,0
oInvCollPH,672,352,000DA8A9,0,1,1,4294967295,0,0
oInvCollPH,688,352,0013FEF4,0,1,1,4294967295,0,0
oInvCollPH,704,352,001B3B47,0,1,1,4294967295,0,0
oInvCollPH,720,352,003EB4BE,0,1,1,4294967295,0,0
oInvCollPH,736,352,0018B71E,0,1,1,4294967295,0,0
oInvCollPH,752,352,001CDF98,0,1,1,4294967295,0,0
oInvCollPH,768,352,003F0168,0,1,1,4294967295,0,0
oInvCollPH,784,352,001DF620,0,1,1,4294967295,0,0
oInvCollPH,224,112,001D4450,0,1,1,4294967295,0,0
oInvCollPH,240,112,000E8287,0,1,1,4294967295,0,0
oInvCollPH,256,112,003EA798,0,1,1,4294967295,0,0
oInvCollPH,272,112,000FB234,0,1,1,4294967295,0,0
oInvCollPH,288,112,002AC9CB,0,1,1,4294967295,0,0
oInvCollPH,304,112,003035F4,0,1,1,4294967295,0,0
oInvCollPH,496,112,0012DA3B,0,1,1,4294967295,0,0
oInvCollPH,480,112,001858A1,0,1,1,4294967295,0,0
oInvCollPH,464,112,0025100C,0,1,1,4294967295,0,0
oInvCollPH,448,112,0012DD52,0,1,1,4294967295,0,0
oInvCollPH,432,112,000628F5,0,1,1,4294967295,0,0
oInvCollPH,416,112,00230E67,0,1,1,4294967295,0,0
oInvCollPH,400,112,000FBC8A,0,1,1,4294967295,0,0
oInvCollPH,384,112,0018FD2B,0,1,1,4294967295,0,0
oInvCollPH,368,112,00222E89,0,1,1,4294967295,0,0
oInvCollPH,352,112,00221318,0,1,1,4294967295,0,0
oInvCollPH,336,112,003B3FD4,0,1,1,4294967295,0,0
oInvCollPH,320,112,000C6E24,0,1,1,4294967295,0,0
oInvCollPH,800,352,000B197C,0,1,1,4294967295,0,0
oInvCollPH,816,352,002CA3FE,0,1,1,4294967295,0,0
oInvCollPH,832,352,0027A04F,0,1,1,4294967295,0,0
oInvCollPH,848,352,00260222,0,1,1,4294967295,0,0
oInvCollPH,864,352,0031E842,0,1,1,4294967295,0,0
oInvCollPH,880,352,000FE437,0,1,1,4294967295,0,0
oInvCollPH,896,352,00221202,0,1,1,4294967295,0,0
oInvCollPH,912,352,00369CD8,0,1,1,4294967295,0,0
oInvCollPH,928,352,001CD433,0,1,1,4294967295,0,0
oInvCollPH,944,352,003CB349,0,1,1,4294967295,0,0
oInvCollPH,960,352,0032E597,0,1,1,4294967295,0,0
oInvCollPH,976,352,00308AC2,0,1,1,4294967295,0,0
oInvCollPH,992,352,00380A10,0,1,1,4294967295,0,0
oInvCollPH,1008,352,0023AA02,0,1,1,4294967295,0,0
oInvCollPH,1024,352,002E7F21,0,1,1,4294967295,0,0
oInvCollPH,1040,352,0036E039,0,1,1,4294967295,0,0
oInvCollPH,1056,352,00334BA4,0,1,1,4294967295,0,0
oInvCollPH,1072,352,003144E4,0,1,1,4294967295,0,0
oInvCollPH,1088,352,001488AF,0,1,1,4294967295,0,0
oInvCollPH,1104,352,00340D67,0,1,1,4294967295,0,0
oInvCollPH,1120,352,0008E0E6,0,1,1,4294967295,0,0
oInvCollPH,1136,352,002A679B,0,1,1,4294967295,0,0
oInvCollPH,1152,352,00199ADD,0,1,1,4294967295,0,0
oInvCollPH,1168,352,002A0C38,0,1,1,4294967295,0,0
oInvCollPH,1184,352,00229841,0,1,1,4294967295,0,0
oInvCollPH,1200,352,003E265F,0,1,1,4294967295,0,0
oInvCollPH,1392,352,00030A13,0,1,1,4294967295,0,0
oInvCollPH,1408,352,002D0CC3,0,1,1,4294967295,0,0
oInvCollPH,1424,352,000DC783,0,1,1,4294967295,0,0
oInvCollPH,1440,352,000D1325,0,1,1,4294967295,0,0
oInvCollPH,1456,352,001E21AC,0,1,1,4294967295,0,0
oInvCollPH,1472,352,002DC3C2,0,1,1,4294967295,0,0
oInvCollPH,1488,352,0015C3E8,0,1,1,4294967295,0,0
oInvCollPH,1504,352,003AEE22,0,1,1,4294967295,0,0
oInvCollPH,1520,352,000F88BE,0,1,1,4294967295,0,0
oInvCollPH,1536,352,00155DD9,0,1,1,4294967295,0,0
oInvCollPH,1552,352,003685AC,0,1,1,4294967295,0,0
oInvCollPH,1568,352,00293A3C,0,1,1,4294967295,0,0
oInvCollPH,1584,352,001CAAF9,0,1,1,4294967295,0,0
oInvCollPH,1600,352,003053A0,0,1,1,4294967295,0,0
oInvCollPH,1616,352,00191861,0,1,1,4294967295,0,0
oInvCollPH,1632,352,00372C57,0,1,1,4294967295,0,0
oInvCollPH,1648,352,001DAD7C,0,1,1,4294967295,0,0
oInvCollPH,1664,352,001F9EFB,0,1,1,4294967295,0,0
oInvCollPH,1680,352,001BD49B,0,1,1,4294967295,0,0
oInvCollPH,1696,352,000C20FF,0,1,1,4294967295,0,0
oInvCollPH,1712,352,002C9523,0,1,1,4294967295,0,0
oInvCollPH,1728,352,0030EAC8,0,1,1,4294967295,0,0
oInvCollPH,1744,352,000F72AB,0,1,1,4294967295,0,0
oInvCollPH,1760,352,00117A52,0,1,1,4294967295,0,0
oInvCollPH,1776,352,00249F2F,0,1,1,4294967295,0,0
oInvCollPH,1792,352,00359A9D,0,1,1,4294967295,0,0
oInvCollPH,1808,352,002A42F3,0,1,1,4294967295,0,0
oInvCollPH,1824,352,002B55D6,0,1,1,4294967295,0,0
oInvCollPH,1840,352,001BCCB9,0,1,1,4294967295,0,0
oInvCollPH,1856,352,00300F3A,0,1,1,4294967295,0,0
oInvCollPH,1872,352,003C6ACD,0,1,1,4294967295,0,0
oInvCollPH,1888,352,000E6BA8,0,1,1,4294967295,0,0
oInvCollPH,1904,352,002E43E3,0,1,1,4294967295,0,0
oInvCollPH,1920,352,000662C6,0,1,1,4294967295,0,0
oInvCollPH,1936,352,001C6B15,0,1,1,4294967295,0,0
oInvCollPH,1952,352,00129570,0,1,1,4294967295,0,0
oInvCollPH,1968,352,003F7740,0,1,1,4294967295,0,0
oInvCollPH,1296,352,0001EF25,0,1,1,4294967295,0,0
oInvCollPH,1216,352,001BA2FE,0,1,1,4294967295,0,0
oInvCollPH,1232,352,00302CE6,0,1,1,4294967295,0,0
oInvCollPH,1248,352,00098018,0,1,1,4294967295,0,0
oInvCollPH,1264,352,001919C7,0,1,1,4294967295,0,0
oInvCollPH,1280,352,0016374E,0,1,1,4294967295,0,0
oInvCollPH,1312,352,0020EF7D,0,1,1,4294967295,0,0
oInvCollPH,1328,352,003E1BAC,0,1,1,4294967295,0,0
oInvCollPH,1344,352,003A4E4A,0,1,1,4294967295,0,0
oInvCollPH,1360,352,0004F814,0,1,1,4294967295,0,0
oInvCollPH,1376,352,00030333,0,1,1,4294967295,0,0
oInvCollPH,512,112,002B95AB,0,1,1,4294967295,0,0
oInvCollPH,528,112,003DA574,0,1,1,4294967295,0,0
oInvCollPH,544,112,00120AB4,0,1,1,4294967295,0,0
oInvCollPH,560,112,000B7F2D,0,1,1,4294967295,0,0
oInvCollPH,576,112,0039E9B6,0,1,1,4294967295,0,0
oInvCollPH,592,112,00350591,0,1,1,4294967295,0,0
oInvCollPH,608,112,000325DF,0,1,1,4294967295,0,0
oInvCollPH,624,112,002871E8,0,1,1,4294967295,0,0
oInvCollPH,640,112,0010DDE3,0,1,1,4294967295,0,0
oInvCollPH,656,112,001EC433,0,1,1,4294967295,0,0
oInvCollPH,672,112,0001E154,0,1,1,4294967295,0,0
oInvCollPH,688,112,001AACF6,0,1,1,4294967295,0,0
oInvCollPH,704,112,003B9AF6,0,1,1,4294967295,0,0
oInvCollPH,720,112,00199AD3,0,1,1,4294967295,0,0
oInvCollPH,736,112,00062299,0,1,1,4294967295,0,0
oInvCollPH,752,112,0000B494,0,1,1,4294967295,0,0
oInvCollPH,768,112,001468DC,0,1,1,4294967295,0,0
oInvCollPH,784,112,0006D7F6,0,1,1,4294967295,0,0
oInvCollPH,800,112,0028FC77,0,1,1,4294967295,0,0
oInvCollPH,816,112,001241D3,0,1,1,4294967295,0,0
oInvCollPH,832,112,0008D5AF,0,1,1,4294967295,0,0
oInvCollPH,848,112,0006972F,0,1,1,4294967295,0,0
oInvCollPH,864,112,00281153,0,1,1,4294967295,0,0
oInvCollPH,880,112,003F0AFC,0,1,1,4294967295,0,0
oInvCollPH,896,112,000ACCEC,0,1,1,4294967295,0,0
oInvCollPH,912,112,0021734B,0,1,1,4294967295,0,0
oInvCollPH,928,112,002C4563,0,1,1,4294967295,0,0
oInvCollPH,944,112,001C9C83,0,1,1,4294967295,0,0
oInvCollPH,960,112,001DA0CD,0,1,1,4294967295,0,0
oInvCollPH,976,112,0010CF50,0,1,1,4294967295,0,0
oInvCollPH,1632,112,0017E455,0,1,1,4294967295,0,0
oInvCollPH,1648,112,0020AF18,0,1,1,4294967295,0,0
oInvCollPH,1664,112,0028BFDB,0,1,1,4294967295,0,0
oInvCollPH,1680,112,002EA01B,0,1,1,4294967295,0,0
oInvCollPH,1696,112,0002214A,0,1,1,4294967295,0,0
oInvCollPH,1712,112,002ED0B9,0,1,1,4294967295,0,0
oInvCollPH,1728,112,0030180F,0,1,1,4294967295,0,0
oInvCollPH,1744,112,0028AAE4,0,1,1,4294967295,0,0
oInvCollPH,1760,112,00239486,0,1,1,4294967295,0,0
oInvCollPH,1776,112,00315B33,0,1,1,4294967295,0,0
oInvCollPH,1792,112,002EB6AB,0,1,1,4294967295,0,0
oInvCollPH,1808,112,00194C17,0,1,1,4294967295,0,0
oInvCollPH,1824,112,002155C7,0,1,1,4294967295,0,0
oInvCollPH,1840,112,001FB289,0,1,1,4294967295,0,0
oInvCollPH,1856,112,00159AF9,0,1,1,4294967295,0,0
oInvCollPH,1872,112,0031A6A5,0,1,1,4294967295,0,0
oInvCollPH,1888,112,000A1E28,0,1,1,4294967295,0,0
oInvCollPH,1904,112,0039F512,0,1,1,4294967295,0,0
oInvCollPH,1920,112,00215254,0,1,1,4294967295,0,0
oInvCollPH,1936,112,003A730E,0,1,1,4294967295,0,0
oInvCollPH,1072,304,00276C5C,0,1,1,4294967295,0,0
oInvCollPH,1088,304,00156B37,0,1,1,4294967295,0,0
oInvCollPH,1088,288,00339301,0,1,1,4294967295,0,0
oInvCollPH,1128,208,000648CF,0,1,1,4294967295,0,0
oInvCollPH,1112,224,002578C3,0,1,1,4294967295,0,0
oInvCollPH,1128,224,0026316A,0,1,1,4294967295,0,0
oInvCollPH,1248,136,002387A2,0,1,1,4294967295,0,0
oInvCollPH,1232,152,003F726B,0,1,1,4294967295,0,0
oInvCollPH,1248,152,0010D133,0,1,1,4294967295,0,0
oInvCollPH,992,112,00387A07,0,1,1,4294967295,0,0
oInvCollPH,1008,112,0004FCF8,0,1,1,4294967295,0,0
oInvCollPH,1024,112,00174613,0,1,1,4294967295,0,0
oInvCollPH,1040,112,0004EFA8,0,1,1,4294967295,0,0
oInvCollPH,1056,112,0025BEC7,0,1,1,4294967295,0,0
oInvCollPH,1072,112,001CC33E,0,1,1,4294967295,0,0
oInvCollPH,1088,16,002A800D,0,1,1,4294967295,0,0
oInvCollPH,1104,16,00199E10,0,1,1,4294967295,0,0
oInvCollPH,1072,96,000DAC02,0,1,1,4294967295,0,0
oInvCollPH,1072,80,0005A2A2,0,1,1,4294967295,0,0
oInvCollPH,1072,64,00249B62,0,1,1,4294967295,0,0
oInvCollPH,1072,48,000C7CDE,0,1,1,4294967295,0,0
oInvCollPH,1072,32,00034741,0,1,1,4294967295,0,0
oInvCollPH,1120,16,002B321C,0,1,1,4294967295,0,0
oInvCollPH,1136,16,0019D09F,0,1,1,4294967295,0,0
oInvCollPH,1152,16,0023F928,0,1,1,4294967295,0,0
oInvCollPH,1168,16,0015B8F0,0,1,1,4294967295,0,0
oInvCollPH,1184,16,003C3A7A,0,1,1,4294967295,0,0
oInvCollPH,1200,16,00239D20,0,1,1,4294967295,0,0
oInvCollPH,1216,16,001AFF94,0,1,1,4294967295,0,0
oInvCollPH,1232,16,0010A027,0,1,1,4294967295,0,0
oInvCollPH,1248,16,0011A122,0,1,1,4294967295,0,0
oInvCollPH,1264,16,0020FBF8,0,1,1,4294967295,0,0
oInvCollPH,1280,16,0013F56F,0,1,1,4294967295,0,0
oInvCollPH,1296,16,000FBFCA,0,1,1,4294967295,0,0
oInvCollPH,1312,16,001AFF10,0,1,1,4294967295,0,0
oInvCollPH,1328,16,003856E3,0,1,1,4294967295,0,0
oInvCollPH,1344,16,002ABE6F,0,1,1,4294967295,0,0
oInvCollPH,1360,16,00183F61,0,1,1,4294967295,0,0
oInvCollPH,1376,16,000F193A,0,1,1,4294967295,0,0
oInvCollPH,1392,16,001FACD7,0,1,1,4294967295,0,0
oInvCollPH,1408,16,00146A50,0,1,1,4294967295,0,0
oInvCollPH,1424,16,0033E98D,0,1,1,4294967295,0,0
oInvCollPH,1440,16,00322A08,0,1,1,4294967295,0,0
oInvCollPH,1456,16,003EC590,0,1,1,4294967295,0,0
oInvCollPH,1472,32,001D6E51,0,1,1,4294967295,0,0
oInvCollPH,1472,48,003496BB,0,1,1,4294967295,0,0
oInvCollPH,1472,64,0039355E,0,1,1,4294967295,0,0
oInvCollPH,1472,80,001755C5,0,1,1,4294967295,0,0
oInvCollPH,1472,96,0016999D,0,1,1,4294967295,0,0
oInvCollPH,1472,112,003C2BAE,0,1,1,4294967295,0,0
oInvCollPH,1488,112,003C6D09,0,1,1,4294967295,0,0
oInvCollPH,1504,112,003F42BF,0,1,1,4294967295,0,0
oInvCollPH,1520,112,002A4E12,0,1,1,4294967295,0,0
oInvCollPH,1536,112,000D4D00,0,1,1,4294967295,0,0
oInvCollPH,1552,112,0029E632,0,1,1,4294967295,0,0
oInvCollPH,1568,112,002ACA50,0,1,1,4294967295,0,0
oInvCollPH,1584,112,0016BEBB,0,1,1,4294967295,0,0
oInvCollPH,1600,112,00201AC0,0,1,1,4294967295,0,0
oInvCollPH,1616,112,00038162,0,1,1,4294967295,0,0
oInvCollPH,1384,192,002EEF87,0,1,1,4294967295,0,0
oInvCollPH,1400,192,002BF615,0,1,1,4294967295,0,0
oInvCollPH,1400,176,003D3959,0,1,1,4294967295,0,0
oInvCollPH,1456,288,000A0DA5,0,1,1,4294967295,0,0
oInvCollPH,1472,288,0022B279,0,1,1,4294967295,0,0
oInvCollPH,1472,272,00345963,0,1,1,4294967295,0,0
oInvCollPH,2528,144,003B4BDF,0,1,1,4294967295,0,0
oInvCollPH,2528,160,0007C111,0,1,1,4294967295,0,0
oInvCollPH,2528,176,00243B26,0,1,1,4294967295,0,0
oInvCollPH,2528,192,0006D6B3,0,1,1,4294967295,0,0
oInvCollPH,2608,272,0002AF3E,0,1,1,4294967295,0,0
oInvCollPH,2592,272,003FD703,0,1,1,4294967295,0,0
oInvCollPH,2576,272,000BD41D,0,1,1,4294967295,0,0
oInvCollPH,2528,208,000FD293,0,1,1,4294967295,0,0
oInvCollPH,2528,224,0011EE51,0,1,1,4294967295,0,0
oInvCollPH,2528,240,0037A021,0,1,1,4294967295,0,0
oInvCollPH,2528,256,000E08B1,0,1,1,4294967295,0,0
oInvCollPH,2528,272,0038AF66,0,1,1,4294967295,0,0
oInvCollPH,2544,272,003ABF77,0,1,1,4294967295,0,0
oInvCollPH,2560,272,00001924,0,1,1,4294967295,0,0
oInvCollPH,1952,112,00065ACD,0,1,1,4294967295,0,0
oInvCollPH,1968,112,00101F75,0,1,1,4294967295,0,0
oInvCollPH,1984,112,001B96CA,0,1,1,4294967295,0,0
oInvCollPH,2000,112,0007FA59,0,1,1,4294967295,0,0
oInvCollPH,2016,112,001AA9C9,0,1,1,4294967295,0,0
oInvCollPH,2032,112,000D1CF5,0,1,1,4294967295,0,0
oInvCollPH,2048,112,0016C998,0,1,1,4294967295,0,0
oInvCollPH,2064,112,00007E16,0,1,1,4294967295,0,0
oInvCollPH,2080,112,001AD6E7,0,1,1,4294967295,0,0
oInvCollPH,2096,112,00293F5A,0,1,1,4294967295,0,0
oInvCollPH,2112,112,000A26B1,0,1,1,4294967295,0,0
oInvCollPH,2128,112,0024FB48,0,1,1,4294967295,0,0
oInvCollPH,2144,112,0018D9EA,0,1,1,4294967295,0,0
oInvCollPH,2160,112,0001F75E,0,1,1,4294967295,0,0
oInvCollPH,2176,112,0011421A,0,1,1,4294967295,0,0
oInvCollPH,2192,112,000CD390,0,1,1,4294967295,0,0
oInvCollPH,2208,112,00048C5C,0,1,1,4294967295,0,0
oInvCollPH,2224,112,001314CE,0,1,1,4294967295,0,0
oInvCollPH,2240,112,003EE95F,0,1,1,4294967295,0,0
oInvCollPH,2256,112,0019DAE7,0,1,1,4294967295,0,0
oInvCollPH,2272,112,00081BA0,0,1,1,4294967295,0,0
oInvCollPH,2288,112,002D46AB,0,1,1,4294967295,0,0
oInvCollPH,2304,112,00119AF3,0,1,1,4294967295,0,0
oInvCollPH,2320,112,000C206E,0,1,1,4294967295,0,0
oInvCollPH,2336,112,002E801D,0,1,1,4294967295,0,0
oInvCollPH,2352,112,00252564,0,1,1,4294967295,0,0
oInvCollPH,2368,112,0038E2D2,0,1,1,4294967295,0,0
oInvCollPH,2384,112,00201C94,0,1,1,4294967295,0,0
oInvCollPH,2400,112,002FEEBE,0,1,1,4294967295,0,0
oInvCollPH,2416,112,003F0211,0,1,1,4294967295,0,0
oInvCollPH,2432,112,000733F1,0,1,1,4294967295,0,0
oInvCollPH,2448,112,0021272E,0,1,1,4294967295,0,0
oInvCollPH,2464,112,00100455,0,1,1,4294967295,0,0
oInvCollPH,2480,112,002D2E07,0,1,1,4294967295,0,0
oInvCollPH,2496,112,003367AD,0,1,1,4294967295,0,0
oInvCollPH,2512,112,0006F72E,0,1,1,4294967295,0,0
oInvCollPH,1984,352,000B8A63,0,1,1,4294967295,0,0
oInvCollPH,2000,352,001AF206,0,1,1,4294967295,0,0
oInvCollPH,2016,352,0020AC50,0,1,1,4294967295,0,0
oInvCollPH,2032,352,000122CC,0,1,1,4294967295,0,0
oInvCollPH,2048,352,000BB190,0,1,1,4294967295,0,0
oInvCollPH,2064,352,003560A0,0,1,1,4294967295,0,0
oInvCollPH,2080,352,000A5F9A,0,1,1,4294967295,0,0
oInvCollPH,2096,352,00117282,0,1,1,4294967295,0,0
oInvCollPH,2112,352,001A28FA,0,1,1,4294967295,0,0
oInvCollPH,2128,352,003415F1,0,1,1,4294967295,0,0
oInvCollPH,2144,352,002D03D5,0,1,1,4294967295,0,0
oInvCollPH,2160,352,003FE547,0,1,1,4294967295,0,0
oInvCollPH,2176,352,0014442D,0,1,1,4294967295,0,0
oInvCollPH,2192,352,0026E2B2,0,1,1,4294967295,0,0
oInvCollPH,2208,352,0034C2E1,0,1,1,4294967295,0,0
oInvCollPH,2224,352,002FB47F,0,1,1,4294967295,0,0
oInvCollPH,2240,352,00355599,0,1,1,4294967295,0,0
oInvCollPH,2256,352,0011B8A9,0,1,1,4294967295,0,0
oInvCollPH,2272,352,0034609A,0,1,1,4294967295,0,0
oInvCollPH,2288,352,0029D835,0,1,1,4294967295,0,0
oInvCollPH,2304,352,003074CF,0,1,1,4294967295,0,0
oInvCollPH,2320,352,000EB3AA,0,1,1,4294967295,0,0
oInvCollPH,2336,352,001A0EA4,0,1,1,4294967295,0,0
oInvCollPH,2352,352,00231B64,0,1,1,4294967295,0,0
oInvCollPH,2368,352,0039353F,0,1,1,4294967295,0,0
oInvCollPH,2384,352,0013DB6B,0,1,1,4294967295,0,0
oInvCollPH,2400,352,002C9466,0,1,1,4294967295,0,0
oInvCollPH,2416,352,0007D9D4,0,1,1,4294967295,0,0
oInvCollPH,2432,352,0014BCE3,0,1,1,4294967295,0,0
oInvCollPH,2448,352,0020C56F,0,1,1,4294967295,0,0
oInvCollPH,2464,352,0006F6BE,0,1,1,4294967295,0,0
oInvCollPH,2480,352,0016E33E,0,1,1,4294967295,0,0
oInvCollPH,2496,352,00359499,0,1,1,4294967295,0,0
oInvCollPH,2512,352,001EEA14,0,1,1,4294967295,0,0
oInvCollPH,2528,352,00264FC4,0,1,1,4294967295,0,0
oInvCollPH,2544,352,002D40ED,0,1,1,4294967295,0,0
oInvCollPH,2560,352,0037AEBF,0,1,1,4294967295,0,0
oInvCollPH,2576,352,0035AB05,0,1,1,4294967295,0,0
oInvCollPH,2592,352,003CD16E,0,1,1,4294967295,0,0
oInvCollPH,2608,352,002EB384,0,1,1,4294967295,0,0
oInvisibleSolid,0,352,000908F8,0,1,1,4294967295,0,1
oInvisibleSolid,0,0,003D2D6F,0,1,1,4294967295,0,1
oInvisibleSolid,0,128,000C3F8C,0,1,1,4294967295,0,1
oEvSpot_FlashTrigger,160,224,003C4E07,0,1,1,4294967295,0,0
oInvisibleSolid,640,352,00391E59,0,1,1,4294967295,0,1
oInvisibleSolid,1072,288,000B47CA,0,1,1,4294967295,0,1
oInvisibleSolid,1112,208,0039BC76,0,1,1,4294967295,0,1
oInvisibleSolid,1232,136,0011B24B,0,1,1,4294967295,0,1
oInvisibleSolid,1088,0,0036122A,0,1,1,4294967295,0,1
oInvisibleSolid,1472,0,0028D24E,0,1,1,4294967295,0,1
oInvisibleSolid,1384,176,00316714,0,1,1,4294967295,0,1
oInvisibleSolid,1456,272,00100C70,0,1,1,4294967295,0,1
oInvisibleSolid,2528,128,00354B54,0,1,1,4294967295,0,1
