oExit,944,272,001F2C5B,0,1,1,4294967295,0,1
oLevelDecal,75,254,0016A35B,0,1,1,4294967295,0,1
oLevelDecal,251,260,003ED176,0,1,1,4294967295,0,1
oLevelDecal,521,261,002083AD,0,1,1,4294967295,0,1
oLevelDecal,844,255,0039918F,0,1,1,4294967295,0,1
oExit,0,272,000FF465,0,1,1,4294967295,0,1
oNPC_GeneralA,432,304,0016BF91,0,1,1,4294967295,0,1
oNPC_GeneralA,384,304,0032470C,0,1,1,4294967295,0,1
oPlayer1,176,304,0026FC6E,0,1,1,4294967295,0,0
oInvisibleSolid,0,304,001413A1,0,1,1,4294967295,0,1
oInvisibleSolid,752,280,00372840,0,1,1,4294967295,0,1
