oExit,0,400,003F9F8F,0,1,1,4294967295,0,1
oABubblePile,344,416,00244408,0,1,1,4294967295,0,0
oABubblePile,1008,656,003D6F62,0,1,1,4294967295,0,0
oABubblePile,288,752,0038EC90,0,1,1,4294967295,0,0
oABubblePile,976,992,00212E39,0,1,1,4294967295,0,0
oExit,1104,976,001BDE67,0,1,1,4294967295,0,1
oABubblePile,832,384,00181BC9,0,1,1,4294967295,0,0
oABubblePile,944,128,0031B375,0,1,1,4294967295,0,0
oMorphBombUpgrade,912,128,00036BC4,0,1,1,4294967295,0,1
oWeaponLevelUpgrade,272,496,001544A0,0,1,1,4294967295,0,1
oPlayer1,64,432,0020DD16,0,1,1,4294967295,0,0
oMetroidDoorHolder,16,400,00299222,0,1,1,4294967295,0,1
oMetroidDoorHolder,1088,976,0006C070,0,1,1,4294967295,0,1
oBreakableMetroidWall,432,304,0027D147,0,1,1,4294967295,0,1
oBreakableMetroidWall,448,304,00093A6A,0,1,1,4294967295,0,1
oBreakableMetroidWall,432,288,003E0EB4,0,1,1,4294967295,0,1
oBreakableMetroidWall,448,288,00225850,0,1,1,4294967295,0,1
oBreakableMetroidWall,256,176,000C6EAC,0,1,1,4294967295,0,1
oBreakableMetroidWall,144,176,00198058,0,1,1,4294967295,0,1
oMetChozoStatue,360,904,0017FFB5,0,1,1,4294967295,0,0
oBreakableMetroidWall,288,496,001A838F,0,1,1,4294967295,0,1
oStoryObject,395,928,001AC83B,0,1,1,4294967295,0,1
oMetEvir,784,64,00381EA0,0,1,1,4294967295,0,0
oMetEvir,880,96,002326A1,0,1,1,4294967295,0,0
oMetEvir,608,480,000C8D61,0,1,1,4294967295,0,0
oMetEvir,336,640,002C338D,0,1,1,4294967295,0,0
oMetEvir,464,928,003AC5A7,0,1,1,4294967295,0,0
oMetSkultera,736,80,002C7464,0,1,1,4294967295,0,0
oMetSkultera,848,480,000955F6,0,1,1,4294967295,0,0
oMetSkultera,752,944,000F6871,0,1,1,4294967295,0,0
oMetSkultera,96,944,000298E4,0,1,1,4294967295,0,0
oWaterVolume,0,0,003B5ABB,0,1,1,4294967295,0,1
oInvCollPH,288,448,000B2212,0,1,1,4294967295,0,0
oInvCollPH,288,464,00024FCC,0,1,1,4294967295,0,0
oInvCollPH,288,480,003762AA,0,1,1,4294967295,0,0
oInvCollPH,304,432,000119D3,0,1,1,4294967295,0,0
oInvCollPH,320,432,00217701,0,1,1,4294967295,0,0
oInvCollPH,336,432,0037D249,0,1,1,4294967295,0,0
oInvCollPH,352,432,0000BD26,0,1,1,4294967295,0,0
oInvCollPH,368,432,00109B11,0,1,1,4294967295,0,0
oInvCollPH,368,448,003D5BDB,0,1,1,4294967295,0,0
oInvCollPH,368,464,00015022,0,1,1,4294967295,0,0
oInvCollPH,368,480,0039A768,0,1,1,4294967295,0,0
oInvCollPH,368,496,001885DD,0,1,1,4294967295,0,0
oInvCollPH,368,512,001989F8,0,1,1,4294967295,0,0
oInvCollPH,368,528,0006917A,0,1,1,4294967295,0,0
oInvCollPH,272,528,001418CC,0,1,1,4294967295,0,0
oInvCollPH,256,560,003557AA,0,1,1,4294967295,0,0
oInvCollPH,400,592,000A6FEE,0,1,1,4294967295,0,0
oInvCollPH,400,576,003B0666,0,1,1,4294967295,0,0
oInvCollPH,400,560,000DF024,0,1,1,4294967295,0,0
oInvCollPH,400,544,0034C09D,0,1,1,4294967295,0,0
oInvCollPH,384,544,000E10BE,0,1,1,4294967295,0,0
oInvCollPH,16,432,001EA643,0,1,1,4294967295,0,0
oInvCollPH,32,432,000DCBE5,0,1,1,4294967295,0,0
oInvCollPH,48,432,003D1D4D,0,1,1,4294967295,0,0
oInvCollPH,64,432,000A0401,0,1,1,4294967295,0,0
oInvCollPH,80,432,002021BB,0,1,1,4294967295,0,0
oInvCollPH,96,432,00232362,0,1,1,4294967295,0,0
oInvCollPH,112,432,0014F802,0,1,1,4294967295,0,0
oInvCollPH,128,432,003172A0,0,1,1,4294967295,0,0
oInvCollPH,144,432,0002D06F,0,1,1,4294967295,0,0
oInvCollPH,64,32,00287125,0,1,1,4294967295,0,0
oInvCollPH,80,32,001CFE80,0,1,1,4294967295,0,0
oInvCollPH,96,32,001C6E5E,0,1,1,4294967295,0,0
oInvCollPH,112,32,0005C108,0,1,1,4294967295,0,0
oInvCollPH,128,32,001C7982,0,1,1,4294967295,0,0
oInvCollPH,144,32,001713FE,0,1,1,4294967295,0,0
oInvCollPH,160,32,002FAE07,0,1,1,4294967295,0,0
oInvCollPH,176,32,000DA176,0,1,1,4294967295,0,0
oInvCollPH,192,32,00146E1E,0,1,1,4294967295,0,0
oInvCollPH,208,32,002E76C7,0,1,1,4294967295,0,0
oInvCollPH,224,32,0039FD07,0,1,1,4294967295,0,0
oInvCollPH,240,32,002C3D07,0,1,1,4294967295,0,0
oInvCollPH,256,32,003A6F48,0,1,1,4294967295,0,0
oInvCollPH,272,32,003B7D3D,0,1,1,4294967295,0,0
oInvCollPH,288,32,0007AAD3,0,1,1,4294967295,0,0
oInvCollPH,304,32,0029EF36,0,1,1,4294967295,0,0
oInvCollPH,320,32,001A9761,0,1,1,4294967295,0,0
oInvCollPH,336,32,00150FBC,0,1,1,4294967295,0,0
oInvCollPH,352,32,003510B3,0,1,1,4294967295,0,0
oInvCollPH,368,32,000A3E86,0,1,1,4294967295,0,0
oInvCollPH,384,32,0014BA3B,0,1,1,4294967295,0,0
oInvCollPH,400,32,000DE340,0,1,1,4294967295,0,0
oInvCollPH,416,32,0017A836,0,1,1,4294967295,0,0
oInvCollPH,432,32,0010F93F,0,1,1,4294967295,0,0
oInvCollPH,448,32,001065D7,0,1,1,4294967295,0,0
oInvCollPH,464,32,000AB3AF,0,1,1,4294967295,0,0
oInvCollPH,480,32,00310165,0,1,1,4294967295,0,0
oInvCollPH,496,32,001EA5FC,0,1,1,4294967295,0,0
oInvCollPH,512,32,002B6805,0,1,1,4294967295,0,0
oInvCollPH,528,32,0033D8E6,0,1,1,4294967295,0,0
oInvCollPH,544,32,001C7E64,0,1,1,4294967295,0,0
oInvCollPH,560,32,000D21FE,0,1,1,4294967295,0,0
oInvCollPH,576,32,00223856,0,1,1,4294967295,0,0
oInvCollPH,592,32,000DA364,0,1,1,4294967295,0,0
oInvCollPH,608,32,000BD6D2,0,1,1,4294967295,0,0
oInvCollPH,624,32,0002444E,0,1,1,4294967295,0,0
oInvCollPH,640,32,00082889,0,1,1,4294967295,0,0
oInvCollPH,656,32,001B1E4C,0,1,1,4294967295,0,0
oInvCollPH,672,32,0027104B,0,1,1,4294967295,0,0
oInvCollPH,688,32,003EFE41,0,1,1,4294967295,0,0
oInvCollPH,704,32,002FFD70,0,1,1,4294967295,0,0
oInvCollPH,720,32,0033B2EB,0,1,1,4294967295,0,0
oInvCollPH,736,32,003DA179,0,1,1,4294967295,0,0
oInvCollPH,752,32,000183AC,0,1,1,4294967295,0,0
oInvCollPH,768,32,0037E1C3,0,1,1,4294967295,0,0
oInvCollPH,784,32,0010D5B1,0,1,1,4294967295,0,0
oInvCollPH,800,32,000401BA,0,1,1,4294967295,0,0
oInvCollPH,816,32,0026B0E7,0,1,1,4294967295,0,0
oInvCollPH,832,32,003F127B,0,1,1,4294967295,0,0
oInvCollPH,848,32,00209006,0,1,1,4294967295,0,0
oInvCollPH,864,32,0028F966,0,1,1,4294967295,0,0
oInvCollPH,880,32,0037480C,0,1,1,4294967295,0,0
oInvCollPH,896,32,00139750,0,1,1,4294967295,0,0
oInvCollPH,912,32,00393CB7,0,1,1,4294967295,0,0
oInvCollPH,928,32,00190E3F,0,1,1,4294967295,0,0
oInvCollPH,944,32,0033888A,0,1,1,4294967295,0,0
oInvCollPH,960,32,003F61DD,0,1,1,4294967295,0,0
oInvCollPH,976,32,0021DF05,0,1,1,4294967295,0,0
oInvCollPH,448,416,0023A2D8,0,1,1,4294967295,0,0
oInvCollPH,464,416,002C637B,0,1,1,4294967295,0,0
oInvCollPH,464,400,002C1D5E,0,1,1,4294967295,0,0
oInvCollPH,480,560,0034150A,0,1,1,4294967295,0,0
oInvCollPH,496,560,0013FDB5,0,1,1,4294967295,0,0
oInvCollPH,496,544,0024DF80,0,1,1,4294967295,0,0
oInvCollPH,880,352,002CFAC0,0,1,1,4294967295,0,0
oInvCollPH,896,352,002F8182,0,1,1,4294967295,0,0
oInvCollPH,896,336,003D04C1,0,1,1,4294967295,0,0
oInvCollPH,880,944,000AD80B,0,1,1,4294967295,0,0
oInvCollPH,896,944,0037156D,0,1,1,4294967295,0,0
oInvCollPH,896,928,00100D35,0,1,1,4294967295,0,0
oInvCollPH,848,544,000D11D6,0,1,1,4294967295,0,0
oInvCollPH,976,464,00151B9F,0,1,1,4294967295,0,0
oInvCollPH,976,480,0001FBAA,0,1,1,4294967295,0,0
oInvCollPH,976,496,00292C7F,0,1,1,4294967295,0,0
oInvCollPH,976,512,003F15E5,0,1,1,4294967295,0,0
oInvCollPH,704,496,001B7BC0,0,1,1,4294967295,0,0
oInvCollPH,864,416,0000F1A2,0,1,1,4294967295,0,0
oInvCollPH,880,416,000E344A,0,1,1,4294967295,0,0
oInvCollPH,912,432,00132D77,0,1,1,4294967295,0,0
oInvCollPH,928,432,00285CA6,0,1,1,4294967295,0,0
oInvCollPH,944,432,0033BE45,0,1,1,4294967295,0,0
oInvCollPH,736,528,002ABC80,0,1,1,4294967295,0,0
oInvCollPH,752,528,002EDCB8,0,1,1,4294967295,0,0
oInvCollPH,768,528,00257B72,0,1,1,4294967295,0,0
oInvCollPH,784,528,001445C0,0,1,1,4294967295,0,0
oInvCollPH,800,528,00213989,0,1,1,4294967295,0,0
oInvCollPH,880,528,00286966,0,1,1,4294967295,0,0
oInvCollPH,896,528,003ECF6E,0,1,1,4294967295,0,0
oInvCollPH,912,528,0021B582,0,1,1,4294967295,0,0
oInvCollPH,928,528,001EC8C0,0,1,1,4294967295,0,0
oInvCollPH,944,528,002C8210,0,1,1,4294967295,0,0
oInvCollPH,960,528,000A4157,0,1,1,4294967295,0,0
oInvCollPH,720,1008,002E09D7,0,1,1,4294967295,0,0
oInvCollPH,736,1008,003E4CF9,0,1,1,4294967295,0,0
oInvCollPH,752,1008,002A1599,0,1,1,4294967295,0,0
oInvCollPH,768,1008,0033428D,0,1,1,4294967295,0,0
oInvCollPH,784,1008,0019BA15,0,1,1,4294967295,0,0
oInvCollPH,800,1008,002B45A8,0,1,1,4294967295,0,0
oInvCollPH,816,1008,0029E402,0,1,1,4294967295,0,0
oInvCollPH,832,1008,001D50C5,0,1,1,4294967295,0,0
oInvCollPH,848,1008,00204694,0,1,1,4294967295,0,0
oInvCollPH,1104,1008,001B90C6,0,1,1,4294967295,0,0
oInvCollPH,1088,1008,002B31FF,0,1,1,4294967295,0,0
oInvCollPH,1072,1008,0034CC6B,0,1,1,4294967295,0,0
oInvCollPH,1056,1008,003AE991,0,1,1,4294967295,0,0
oInvCollPH,1040,1008,00324A73,0,1,1,4294967295,0,0
oInvCollPH,1024,1008,00241958,0,1,1,4294967295,0,0
oInvCollPH,1008,1008,001CD207,0,1,1,4294967295,0,0
oInvCollPH,992,1008,0032F6AE,0,1,1,4294967295,0,0
oInvCollPH,976,1008,0006BCEE,0,1,1,4294967295,0,0
oInvCollPH,960,1008,0002DD67,0,1,1,4294967295,0,0
oInvCollPH,896,1008,00035485,0,1,1,4294967295,0,0
oInvCollPH,912,1008,003BA16F,0,1,1,4294967295,0,0
oInvCollPH,864,1008,000F7C8D,0,1,1,4294967295,0,0
oInvCollPH,880,1008,001A06AC,0,1,1,4294967295,0,0
oInvCollPH,928,1008,00069FEF,0,1,1,4294967295,0,0
oInvCollPH,944,1008,002C0B7C,0,1,1,4294967295,0,0
oInvCollPH,624,992,0033656E,0,1,1,4294967295,0,0
oInvCollPH,640,992,00182F22,0,1,1,4294967295,0,0
oInvCollPH,656,992,001DFE5C,0,1,1,4294967295,0,0
oInvCollPH,672,992,000797A6,0,1,1,4294967295,0,0
oInvCollPH,688,992,001C9F0B,0,1,1,4294967295,0,0
oInvCollPH,528,848,00025C75,0,1,1,4294967295,0,0
oInvCollPH,544,848,0003EEA9,0,1,1,4294967295,0,0
oInvCollPH,560,848,000D8653,0,1,1,4294967295,0,0
oInvCollPH,576,848,00336AEF,0,1,1,4294967295,0,0
oInvCollPH,592,848,00308F2E,0,1,1,4294967295,0,0
oInvCollPH,496,880,00321C75,0,1,1,4294967295,0,0
oInvCollPH,496,896,001A9FE7,0,1,1,4294967295,0,0
oInvCollPH,496,912,0034583C,0,1,1,4294967295,0,0
oInvCollPH,496,928,001F5466,0,1,1,4294967295,0,0
oInvCollPH,496,944,0009C12D,0,1,1,4294967295,0,0
oInvCollPH,592,864,003A0141,0,1,1,4294967295,0,0
oInvCollPH,592,880,002E35DB,0,1,1,4294967295,0,0
oInvCollPH,592,896,003DFC46,0,1,1,4294967295,0,0
oInvCollPH,592,912,001F324D,0,1,1,4294967295,0,0
oInvCollPH,592,928,000D6D95,0,1,1,4294967295,0,0
oInvCollPH,592,944,003AA9E0,0,1,1,4294967295,0,0
oInvCollPH,592,960,00251ECC,0,1,1,4294967295,0,0
oInvCollPH,592,976,001E1662,0,1,1,4294967295,0,0
oInvCollPH,480,960,000B7C3F,0,1,1,4294967295,0,0
oInvCollPH,464,960,0019B874,0,1,1,4294967295,0,0
oInvCollPH,448,960,000001DE,0,1,1,4294967295,0,0
oInvCollPH,320,960,001DFFE5,0,1,1,4294967295,0,0
oInvCollPH,336,960,0019A492,0,1,1,4294967295,0,0
oInvCollPH,352,960,0028DE74,0,1,1,4294967295,0,0
oInvCollPH,368,960,00365C1B,0,1,1,4294967295,0,0
oInvCollPH,384,960,0000678A,0,1,1,4294967295,0,0
oInvCollPH,400,960,00225037,0,1,1,4294967295,0,0
oInvCollPH,416,960,0038DBD2,0,1,1,4294967295,0,0
oInvCollPH,432,960,003A72B4,0,1,1,4294967295,0,0
oInvCollPH,176,928,000A96E4,0,1,1,4294967295,0,0
oInvCollPH,192,928,000F0FB2,0,1,1,4294967295,0,0
oInvCollPH,208,928,001D7AF9,0,1,1,4294967295,0,0
oInvCollPH,224,928,0032B71D,0,1,1,4294967295,0,0
oInvCollPH,240,928,0037B56B,0,1,1,4294967295,0,0
oInvCollPH,256,928,00230A44,0,1,1,4294967295,0,0
oInvCollPH,272,928,001C4339,0,1,1,4294967295,0,0
oInvCollPH,144,912,003C0668,0,1,1,4294967295,0,0
oInvCollPH,96,880,0013FE73,0,1,1,4294967295,0,0
oInvCollPH,112,880,003F0745,0,1,1,4294967295,0,0
oInvCollPH,128,880,002FED88,0,1,1,4294967295,0,0
oInvCollPH,80,864,001AB43D,0,1,1,4294967295,0,0
oInvCollPH,80,848,000119E3,0,1,1,4294967295,0,0
oInvCollPH,80,832,0029E0D4,0,1,1,4294967295,0,0
oInvCollPH,80,816,003E5F9A,0,1,1,4294967295,0,0
oInvCollPH,80,800,000E5157,0,1,1,4294967295,0,0
oInvCollPH,80,784,001944FC,0,1,1,4294967295,0,0
oInvCollPH,128,720,0007F8B1,0,1,1,4294967295,0,0
oInvCollPH,128,704,000707E1,0,1,1,4294967295,0,0
oInvCollPH,192,576,0027D3D5,0,1,1,4294967295,0,0
oInvCollPH,208,576,003F25A9,0,1,1,4294967295,0,0
oInvCollPH,224,576,002532A0,0,1,1,4294967295,0,0
oInvCollPH,240,576,0015F514,0,1,1,4294967295,0,0
oInvCollPH,176,592,002A6AC5,0,1,1,4294967295,0,0
oInvCollPH,192,592,00004E50,0,1,1,4294967295,0,0
oInvCollPH,208,592,003B1923,0,1,1,4294967295,0,0
oInvCollPH,224,592,00340326,0,1,1,4294967295,0,0
oInvCollPH,240,592,003B0A9D,0,1,1,4294967295,0,0
oInvCollPH,160,448,001A0642,0,1,1,4294967295,0,0
oInvCollPH,160,464,003E50B8,0,1,1,4294967295,0,0
oInvCollPH,160,480,00389691,0,1,1,4294967295,0,0
oInvCollPH,160,496,000FC5BB,0,1,1,4294967295,0,0
oInvCollPH,160,512,000E7532,0,1,1,4294967295,0,0
oInvCollPH,160,560,002A0430,0,1,1,4294967295,0,0
oInvCollPH,160,544,001FF843,0,1,1,4294967295,0,0
oInvCollPH,160,528,002C7C8F,0,1,1,4294967295,0,0
oInvCollPH,160,608,000B4CF1,0,1,1,4294967295,0,0
oInvCollPH,160,624,0022C299,0,1,1,4294967295,0,0
oInvCollPH,160,640,0014F359,0,1,1,4294967295,0,0
oInvCollPH,160,656,001CC232,0,1,1,4294967295,0,0
oInvCollSM,272,608,001031C3,0,1,1,4294967295,0,0
oInvCollSM,288,608,0026ED7C,0,1,1,4294967295,0,0
oInvCollSM,304,608,00003A8A,0,1,1,4294967295,0,0
oInvCollSM,320,608,0011183A,0,1,1,4294967295,0,0
oInvCollSM,336,608,003432DB,0,1,1,4294967295,0,0
oInvCollSM,352,608,00149668,0,1,1,4294967295,0,0
oInvCollSM,368,608,000222E6,0,1,1,4294967295,0,0
oInvCollSM,384,608,0007FE0B,0,1,1,4294967295,0,0
oInvCollSM,400,608,003345A2,0,1,1,4294967295,0,0
oInvCollSM,160,160,001BE589,0,1,1,4294967295,0,0
oInvCollSM,176,160,0007AF95,0,1,1,4294967295,0,0
oInvCollSM,192,160,0005BE0B,0,1,1,4294967295,0,0
oInvCollSM,208,160,0000B406,0,1,1,4294967295,0,0
oInvCollSM,224,160,00033F26,0,1,1,4294967295,0,0
oInvCollSM,240,160,003FE7AB,0,1,1,4294967295,0,0
oInvCollSM,256,160,002823AF,0,1,1,4294967295,0,0
oInvCollSM,288,160,00377A39,0,1,1,4294967295,0,0
oInvCollSM,272,160,0001BE94,0,1,1,4294967295,0,0
oInvCollSM,480,160,00382A3B,0,1,1,4294967295,0,0
oInvCollSM,464,160,001616DC,0,1,1,4294967295,0,0
oInvCollSM,448,160,002A258D,0,1,1,4294967295,0,0
oInvCollSM,432,160,000B0847,0,1,1,4294967295,0,0
oInvCollSM,416,160,001FC98A,0,1,1,4294967295,0,0
oInvCollSM,400,160,003987DB,0,1,1,4294967295,0,0
oInvCollSM,384,160,001BADB3,0,1,1,4294967295,0,0
oInvCollSM,368,160,000274BB,0,1,1,4294967295,0,0
oInvCollSM,352,160,0012E854,0,1,1,4294967295,0,0
oInvCollSM,336,160,0030EB3F,0,1,1,4294967295,0,0
oInvCollSM,320,160,00318F3F,0,1,1,4294967295,0,0
oInvCollSM,304,160,0028CDFD,0,1,1,4294967295,0,0
oInvCollPH,144,128,00157C57,0,1,1,4294967295,0,0
oInvCollPH,144,144,00132F39,0,1,1,4294967295,0,0
oInvCollPH,240,320,0029A15D,0,1,1,4294967295,0,0
oInvCollPH,256,320,00103BE9,0,1,1,4294967295,0,0
oInvCollPH,272,320,003AA01D,0,1,1,4294967295,0,0
oInvCollPH,288,320,00158043,0,1,1,4294967295,0,0
oInvCollPH,16,352,0004C5E5,0,1,1,4294967295,0,0
oInvCollPH,32,352,000B0510,0,1,1,4294967295,0,0
oInvCollPH,64,336,000D1E2F,0,1,1,4294967295,0,0
oInvCollPH,48,48,00081350,0,1,1,4294967295,0,0
oInvCollPH,48,64,0039C0B7,0,1,1,4294967295,0,0
oInvCollPH,48,80,002D45FF,0,1,1,4294967295,0,0
oInvCollPH,48,96,0011A51F,0,1,1,4294967295,0,0
oInvCollPH,48,112,003DC830,0,1,1,4294967295,0,0
oInvCollPH,48,128,0031D340,0,1,1,4294967295,0,0
oInvCollPH,48,144,0005CF4D,0,1,1,4294967295,0,0
oInvCollPH,48,160,00003E84,0,1,1,4294967295,0,0
oInvCollPH,48,176,0003D438,0,1,1,4294967295,0,0
oInvCollPH,64,192,000300E8,0,1,1,4294967295,0,0
oInvCollPH,80,192,000655FC,0,1,1,4294967295,0,0
oInvCollPH,256,192,0003E0B8,0,1,1,4294967295,0,0
oInvCollPH,240,192,000FA685,0,1,1,4294967295,0,0
oInvCollPH,224,192,002050D1,0,1,1,4294967295,0,0
oInvCollPH,208,192,001D453E,0,1,1,4294967295,0,0
oInvCollPH,192,192,002798DE,0,1,1,4294967295,0,0
oInvCollPH,176,192,00048336,0,1,1,4294967295,0,0
oInvCollPH,160,192,000A71E6,0,1,1,4294967295,0,0
oInvCollPH,144,192,002C2078,0,1,1,4294967295,0,0
oInvCollPH,128,192,002DA422,0,1,1,4294967295,0,0
oInvCollPH,112,192,0012698A,0,1,1,4294967295,0,0
oInvCollPH,256,208,001FC0C3,0,1,1,4294967295,0,0
oInvCollPH,256,224,0024BF67,0,1,1,4294967295,0,0
oInvCollPH,256,240,001E566C,0,1,1,4294967295,0,0
oInvCollPH,256,256,0015EBFA,0,1,1,4294967295,0,0
oInvCollPH,256,272,0034A558,0,1,1,4294967295,0,0
oInvCollPH,112,304,00261AB3,0,1,1,4294967295,0,0
oInvCollPH,128,304,000F2B3A,0,1,1,4294967295,0,0
oInvCollPH,144,304,003674D7,0,1,1,4294967295,0,0
oInvCollPH,160,304,00300F0E,0,1,1,4294967295,0,0
oInvCollPH,176,304,00042690,0,1,1,4294967295,0,0
oInvCollPH,192,304,003BEBD6,0,1,1,4294967295,0,0
oInvCollPH,480,288,002611CE,0,1,1,4294967295,0,0
oInvCollPH,464,304,0014D278,0,1,1,4294967295,0,0
oInvCollPH,480,304,0037F94E,0,1,1,4294967295,0,0
oInvCollPH,288,288,000C1729,0,1,1,4294967295,0,0
oInvCollPH,304,288,00296914,0,1,1,4294967295,0,0
oInvCollPH,320,288,0012EE35,0,1,1,4294967295,0,0
oInvCollPH,336,288,0030629F,0,1,1,4294967295,0,0
oInvCollPH,352,288,0007CA00,0,1,1,4294967295,0,0
oInvCollPH,368,288,00347541,0,1,1,4294967295,0,0
oInvCollPH,384,288,0008A25E,0,1,1,4294967295,0,0
oInvCollPH,400,288,00062382,0,1,1,4294967295,0,0
oInvCollPH,416,288,0030D0BF,0,1,1,4294967295,0,0
oInvCollPH,416,304,002A63E8,0,1,1,4294967295,0,0
oInvCollPH,400,304,00311178,0,1,1,4294967295,0,0
oInvCollPH,384,304,0003BDEE,0,1,1,4294967295,0,0
oInvCollPH,368,304,001C9AE9,0,1,1,4294967295,0,0
oInvCollPH,352,304,0017AEB9,0,1,1,4294967295,0,0
oInvCollPH,336,304,00146CCA,0,1,1,4294967295,0,0
oInvCollPH,320,304,0039E2EE,0,1,1,4294967295,0,0
oInvCollPH,176,96,0007C03C,0,1,1,4294967295,0,0
oInvCollPH,192,96,002857A0,0,1,1,4294967295,0,0
oInvCollPH,208,96,00353612,0,1,1,4294967295,0,0
oInvCollPH,224,96,0023FBA5,0,1,1,4294967295,0,0
oInvCollPH,240,96,0009C7EF,0,1,1,4294967295,0,0
oInvCollPH,256,96,001AA234,0,1,1,4294967295,0,0
oInvCollPH,272,96,002AD52F,0,1,1,4294967295,0,0
oInvCollPH,288,96,00052D83,0,1,1,4294967295,0,0
oInvCollPH,304,96,001AA9DB,0,1,1,4294967295,0,0
oInvCollPH,480,96,00075A12,0,1,1,4294967295,0,0
oInvCollPH,464,96,00244A5C,0,1,1,4294967295,0,0
oInvCollPH,448,96,0038A555,0,1,1,4294967295,0,0
oInvCollPH,432,96,00242CCF,0,1,1,4294967295,0,0
oInvCollPH,416,96,002404F4,0,1,1,4294967295,0,0
oInvCollPH,400,96,000F8FA5,0,1,1,4294967295,0,0
oInvCollPH,384,96,0005E80E,0,1,1,4294967295,0,0
oInvCollPH,368,96,002A2E88,0,1,1,4294967295,0,0
oInvCollPH,352,96,0036CD6F,0,1,1,4294967295,0,0
oInvCollPH,336,96,003CF20A,0,1,1,4294967295,0,0
oInvCollPH,320,96,001CC700,0,1,1,4294967295,0,0
oInvCollPH,832,128,00246400,0,1,1,4294967295,0,0
oInvCollPH,784,96,000494BC,0,1,1,4294967295,0,0
oInvCollPH,800,96,001D9E04,0,1,1,4294967295,0,0
oInvCollPH,816,96,001E5F28,0,1,1,4294967295,0,0
oInvCollPH,816,240,003551C1,0,1,1,4294967295,0,0
oInvCollPH,800,240,000F6E24,0,1,1,4294967295,0,0
oInvCollPH,592,320,0015EA8E,0,1,1,4294967295,0,0
oInvCollPH,608,320,003C3720,0,1,1,4294967295,0,0
oInvCollPH,624,320,003857CF,0,1,1,4294967295,0,0
oInvCollPH,688,320,00099B38,0,1,1,4294967295,0,0
oInvCollPH,512,96,001F65DC,0,1,1,4294967295,0,0
oInvCollPH,528,96,0034FD00,0,1,1,4294967295,0,0
oInvCollPH,544,96,00338B9C,0,1,1,4294967295,0,0
oInvCollPH,560,96,0039E03C,0,1,1,4294967295,0,0
oInvCollPH,576,96,00130B1B,0,1,1,4294967295,0,0
oInvCollPH,592,96,0012C988,0,1,1,4294967295,0,0
oInvCollPH,608,96,00068884,0,1,1,4294967295,0,0
oInvCollPH,624,96,0011C7B6,0,1,1,4294967295,0,0
oInvCollPH,640,96,003D1A59,0,1,1,4294967295,0,0
oInvCollPH,656,96,001708BE,0,1,1,4294967295,0,0
oInvCollPH,672,96,00031504,0,1,1,4294967295,0,0
oInvCollPH,688,96,0013A779,0,1,1,4294967295,0,0
oInvCollPH,704,96,002B466F,0,1,1,4294967295,0,0
oInvCollPH,720,96,00134E7A,0,1,1,4294967295,0,0
oInvCollPH,736,96,002811F8,0,1,1,4294967295,0,0
oInvCollPH,752,96,0027BB8B,0,1,1,4294967295,0,0
oInvCollPH,496,176,003D46C0,0,1,1,4294967295,0,0
oInvCollPH,496,192,00001D93,0,1,1,4294967295,0,0
oInvCollPH,496,208,000BFD9F,0,1,1,4294967295,0,0
oInvCollPH,496,224,001DBDAB,0,1,1,4294967295,0,0
oInvCollPH,496,240,002ECE7E,0,1,1,4294967295,0,0
oInvCollPH,496,256,0012B818,0,1,1,4294967295,0,0
oInvCollPH,496,272,001F7C21,0,1,1,4294967295,0,0
oInvCollPH,496,304,001AD5BE,0,1,1,4294967295,0,0
oInvCollPH,512,304,000463B1,0,1,1,4294967295,0,0
oInvCollPH,528,304,00153E6C,0,1,1,4294967295,0,0
oInvCollPH,544,304,002A6ACD,0,1,1,4294967295,0,0
oInvCollPH,752,304,00228F5A,0,1,1,4294967295,0,0
oInvCollPH,752,288,00019CA1,0,1,1,4294967295,0,0
oInvCollPH,992,64,003BA8AC,0,1,1,4294967295,0,0
oInvCollPH,992,80,00390851,0,1,1,4294967295,0,0
oInvCollPH,992,96,002E9FBF,0,1,1,4294967295,0,0
oInvCollPH,992,112,001F80F7,0,1,1,4294967295,0,0
oInvCollPH,992,128,000FFC71,0,1,1,4294967295,0,0
oInvCollPH,848,144,0011EE81,0,1,1,4294967295,0,0
oInvCollPH,864,144,002C0EF8,0,1,1,4294967295,0,0
oInvCollPH,880,144,0025AFD1,0,1,1,4294967295,0,0
oInvCollPH,896,144,0029B4A5,0,1,1,4294967295,0,0
oInvCollPH,912,144,0004FC57,0,1,1,4294967295,0,0
oInvCollPH,928,144,002BA943,0,1,1,4294967295,0,0
oInvCollPH,944,144,00276A38,0,1,1,4294967295,0,0
oInvCollPH,960,144,0015E6EB,0,1,1,4294967295,0,0
oInvCollPH,976,144,002AE658,0,1,1,4294967295,0,0
oInvCollPH,832,240,003FDC00,0,1,1,4294967295,0,0
oInvCollPH,848,240,002538E3,0,1,1,4294967295,0,0
oInvCollPH,864,240,003FAF52,0,1,1,4294967295,0,0
oInvCollPH,880,240,00104EE2,0,1,1,4294967295,0,0
oInvCollPH,896,240,0031B50C,0,1,1,4294967295,0,0
oInvCollPH,992,320,0023A490,0,1,1,4294967295,0,0
oInvCollPH,992,336,001B405B,0,1,1,4294967295,0,0
oInvCollPH,1024,368,0004C2C3,0,1,1,4294967295,0,0
oInvCollPH,944,864,00154C92,0,1,1,4294967295,0,0
oInvCollPH,864,752,00371C2F,0,1,1,4294967295,0,0
oInvCollPH,864,768,001026F0,0,1,1,4294967295,0,0
oInvCollPH,864,784,0031F6F1,0,1,1,4294967295,0,0
oInvCollPH,864,800,0007D7F2,0,1,1,4294967295,0,0
oInvCollPH,864,816,00156980,0,1,1,4294967295,0,0
oInvCollPH,1056,656,00299CBC,0,1,1,4294967295,0,0
oInvCollPH,1008,672,0037F33C,0,1,1,4294967295,0,0
oInvCollPH,960,688,0012309E,0,1,1,4294967295,0,0
oInvCollPH,912,704,00119C26,0,1,1,4294967295,0,0
oInvCollPH,880,832,0015126F,0,1,1,4294967295,0,0
oInvCollPH,896,832,0028B422,0,1,1,4294967295,0,0
oInvCollPH,1088,928,00131971,0,1,1,4294967295,0,0
oInvCollPH,1104,928,00155EE3,0,1,1,4294967295,0,0
oInvCollPH,1072,640,001FDC9F,0,1,1,4294967295,0,0
oInvCollPH,1072,624,00222EC0,0,1,1,4294967295,0,0
oInvCollPH,1072,608,002018EE,0,1,1,4294967295,0,0
oInvCollPH,1072,592,003D7649,0,1,1,4294967295,0,0
oInvCollPH,1072,576,00004B86,0,1,1,4294967295,0,0
oInvCollPH,1072,560,002AB221,0,1,1,4294967295,0,0
oInvCollPH,1072,544,0011F765,0,1,1,4294967295,0,0
oInvCollPH,1072,528,0015E143,0,1,1,4294967295,0,0
oInvCollPH,1072,512,003418D1,0,1,1,4294967295,0,0
oInvCollPH,1072,496,001D546E,0,1,1,4294967295,0,0
oInvCollPH,1072,416,00300D08,0,1,1,4294967295,0,0
oInvCollPH,1072,432,002C6508,0,1,1,4294967295,0,0
oInvCollPH,1072,448,003E68C7,0,1,1,4294967295,0,0
oInvCollPH,1072,464,00062CC6,0,1,1,4294967295,0,0
oInvCollPH,1072,480,0006145A,0,1,1,4294967295,0,0
oInvCollPH,816,752,003E1FEB,0,1,1,4294967295,0,0
oInvCollPH,816,768,000354E2,0,1,1,4294967295,0,0
oInvCollPH,816,784,0000504F,0,1,1,4294967295,0,0
oInvCollPH,816,800,0008AE2A,0,1,1,4294967295,0,0
oInvCollPH,816,816,0021F9D3,0,1,1,4294967295,0,0
oInvCollPH,656,864,000344FE,0,1,1,4294967295,0,0
oInvCollPH,720,864,00394917,0,1,1,4294967295,0,0
oInvCollPH,720,848,00311339,0,1,1,4294967295,0,0
oInvCollPH,592,608,001736DB,0,1,1,4294967295,0,0
oInvCollPH,608,608,000CA182,0,1,1,4294967295,0,0
oInvCollPH,464,624,000BD967,0,1,1,4294967295,0,0
oInvCollPH,480,624,0013FCC3,0,1,1,4294967295,0,0
oInvCollPH,496,624,0032DED0,0,1,1,4294967295,0,0
oInvCollPH,512,624,000EF5DB,0,1,1,4294967295,0,0
oInvCollPH,528,624,003989F9,0,1,1,4294967295,0,0
oInvCollPH,544,624,00024561,0,1,1,4294967295,0,0
oInvCollPH,192,816,00386C60,0,1,1,4294967295,0,0
oInvCollPH,192,832,000CDA96,0,1,1,4294967295,0,0
oInvCollPH,208,848,000EC113,0,1,1,4294967295,0,0
oInvCollPH,224,848,003929CE,0,1,1,4294967295,0,0
oInvCollPH,240,848,0030E5A8,0,1,1,4294967295,0,0
oInvCollPH,256,848,0012FF39,0,1,1,4294967295,0,0
oInvCollPH,272,848,002BDD45,0,1,1,4294967295,0,0
oInvCollPH,288,848,00232DEA,0,1,1,4294967295,0,0
oInvCollPH,304,848,0027540E,0,1,1,4294967295,0,0
oInvCollPH,320,848,00149FFD,0,1,1,4294967295,0,0
oInvCollPH,336,848,001EA150,0,1,1,4294967295,0,0
oInvCollPH,352,848,003D3130,0,1,1,4294967295,0,0
oInvCollPH,368,848,00129566,0,1,1,4294967295,0,0
oInvCollPH,384,848,00194D76,0,1,1,4294967295,0,0
oInvCollPH,400,848,0016F755,0,1,1,4294967295,0,0
oInvCollPH,416,848,00177A70,0,1,1,4294967295,0,0
oInvCollPH,240,768,0021DB69,0,1,1,4294967295,0,0
oInvCollPH,256,768,0003B461,0,1,1,4294967295,0,0
oInvCollPH,272,768,000A2298,0,1,1,4294967295,0,0
oInvCollPH,288,768,00117C59,0,1,1,4294967295,0,0
oInvCollPH,304,768,00066368,0,1,1,4294967295,0,0
oInvCollPH,432,832,002C3D1A,0,1,1,4294967295,0,0
oInvCollPH,432,816,0000D59C,0,1,1,4294967295,0,0
oInvCollPH,416,640,00192AD4,0,1,1,4294967295,0,0
oInvCollPH,400,640,0024716D,0,1,1,4294967295,0,0
oInvCollPH,384,640,0029F3A8,0,1,1,4294967295,0,0
oInvCollPH,368,640,00168058,0,1,1,4294967295,0,0
oInvCollPH,640,640,00240D10,0,1,1,4294967295,0,0
oInvCollPH,656,640,0018609D,0,1,1,4294967295,0,0
oInvCollPH,672,640,00117E75,0,1,1,4294967295,0,0
oInvCollPH,688,640,0038E767,0,1,1,4294967295,0,0
oInvCollPH,736,688,002A9347,0,1,1,4294967295,0,0
oInvCollPH,752,688,000CE7F3,0,1,1,4294967295,0,0
oInvCollPH,704,656,0038BDFB,0,1,1,4294967295,0,0
oInvCollPH,704,672,00076E89,0,1,1,4294967295,0,0
oInvCollPH,656,816,00011647,0,1,1,4294967295,0,0
oInvCollPH,656,832,00244909,0,1,1,4294967295,0,0
oInvCollPH,736,832,0022CBF2,0,1,1,4294967295,0,0
oInvCollPH,752,832,000269EC,0,1,1,4294967295,0,0
oInvCollPH,768,832,003ACF8B,0,1,1,4294967295,0,0
oInvCollPH,784,832,000DC046,0,1,1,4294967295,0,0
oInvCollPH,800,832,000B3717,0,1,1,4294967295,0,0
oInvCollPH,784,704,0004FA0E,0,1,1,4294967295,0,0
oInvCollPH,336,672,000D4963,0,1,1,4294967295,0,0
oInvCollPH,336,688,002FC879,0,1,1,4294967295,0,0
oInvCollPH,336,704,000DE52C,0,1,1,4294967295,0,0
oInvCollPH,336,720,001E1CD8,0,1,1,4294967295,0,0
oInvCollPH,336,736,000801C2,0,1,1,4294967295,0,0
oInvCollPH,464,784,00196538,0,1,1,4294967295,0,0
oInvCollPH,480,784,00020CA6,0,1,1,4294967295,0,0
oInvCollPH,496,784,0023E343,0,1,1,4294967295,0,0
oInvCollPH,512,784,0030B9CE,0,1,1,4294967295,0,0
oInvCollPH,528,784,0007EC93,0,1,1,4294967295,0,0
oInvCollPH,544,784,002B6D56,0,1,1,4294967295,0,0
oInvCollPH,560,784,00323DC9,0,1,1,4294967295,0,0
oInvCollPH,576,784,0036EA41,0,1,1,4294967295,0,0
oInvCollPH,592,784,001240C4,0,1,1,4294967295,0,0
oInvCollPH,608,784,0031EC8E,0,1,1,4294967295,0,0
oInvCollPH,624,784,001220E3,0,1,1,4294967295,0,0
oInvCollPH,640,784,0037A8E9,0,1,1,4294967295,0,0
oInvCollPH,96,192,002401DA,0,1,1,4294967295,0,0
oInvCollPH,816,736,0026CB70,0,1,1,4294967295,0,0
oInvisibleSolid,256,544,001ADF65,0,1,1,4294967295,0,1
oInvisibleSolid,288,432,001ACDFE,0,1,1,4294967295,0,1
oInvisibleLupSlope,160,432,003F1DD3,0,1,1,4294967295,0,0
oInvisibleSolid,0,432,0026A10F,0,1,1,4294967295,0,1
oInvisibleSolid,0,448,0028F1AE,0,1,1,4294967295,0,1
oInvisibleSolid,0,0,00274494,0,1,1,4294967295,0,1
oInvisibleSolid,448,400,0009A84D,0,1,1,4294967295,0,1
oInvisibleSolid,480,544,003CEDC4,0,1,1,4294967295,0,1
oInvisibleSolid,880,336,001D025A,0,1,1,4294967295,0,1
oInvisibleSolid,880,928,0036A19C,0,1,1,4294967295,0,1
oInvisibleRupSlope,144,96,000198BA,0,1,1,4294967295,0,0
oInvisibleRupSlope,192,784,003BF15B,0,1,1,4294967295,0,0
oInvisibleRupSlope,208,768,00204981,0,1,1,4294967295,0,0
oInvisibleRupSlope,496,848,0038D81B,0,1,1,4294967295,0,0
oInvisibleRupSlope,432,624,000C56F3,0,1,1,4294967295,0,0
oInvisibleRupSlope,560,608,003CB7E8,0,1,1,4294967295,0,0
oInvisibleRupSlope,704,464,002D1CAB,0,1,1,4294967295,0,0
oInvisibleRupSlope,720,448,00147FC6,0,1,1,4294967295,0,0
oInvisibleRupSlope,752,432,00073C60,0,1,1,4294967295,0,0
oInvisibleRupSlope,784,416,0028EBF7,0,1,1,4294967295,0,0
oInvisibleRupSlope,816,400,00172396,0,1,1,4294967295,0,0
oInvisibleRupSlope,864,720,00176FD8,0,1,1,4294967295,0,0
oInvisibleRupSlope,880,704,0037FC28,0,1,1,4294967295,0,0
oInvisibleRupSlope,928,688,0028AB12,0,1,1,4294967295,0,0
oInvisibleRupSlope,976,672,0008E63A,0,1,1,4294967295,0,0
oInvisibleRupSlope,1024,656,0018CDE1,0,1,1,4294967295,0,0
oInvisibleLupSlope,816,720,002871D6,0,1,1,4294967295,0,0
oInvisibleLupSlope,800,704,002589D8,0,1,1,4294967295,0,0
oInvisibleLupSlope,768,688,0033D94B,0,1,1,4294967295,0,0
oInvisibleLupSlope,704,640,002647FF,0,1,1,4294967295,0,0
oInvisibleLupSlope,624,624,0035138C,0,1,1,4294967295,0,0
oInvisibleRupSlope,320,752,000BFE75,0,1,1,4294967295,0,0
oInvisibleLupSlope,304,944,000D16AF,0,1,1,4294967295,0,0
oInvisibleLupSlope,288,928,001A9593,0,1,1,4294967295,0,0
oInvisibleLupSlope,144,880,00298987,0,1,1,4294967295,0,0
oInvisibleLupSlope,832,96,00315B0D,0,1,1,4294967295,0,0
oInvisibleLupSlope,848,400,00291BEB,0,1,1,4294967295,0,0
oInvisibleLupSlope,896,416,003B2CA7,0,1,1,4294967295,0,0
oInvisibleLupSlope,960,432,000DA00F,0,1,1,4294967295,0,0
oInvisibleLupSlope,704,992,002E2BB7,0,1,1,4294967295,0,0
oInvisibleRCeilingSlope,192,848,0035E6DF,0,1,1,4294967295,0,0
oInvisibleRCeilingSlope,208,320,001618C5,0,1,1,4294967295,0,0
oInvisibleRCeilingSlope,560,320,001C49FC,0,1,1,4294967295,0,0
oInvisibleRCeilingSlope,640,336,0011E334,0,1,1,4294967295,0,0
oInvisibleRCeilingSlope,704,336,0001C3BE,0,1,1,4294967295,0,0
oInvisibleRCeilingSlope,912,256,002C882D,0,1,1,4294967295,0,0
oInvisibleRCeilingSlope,928,272,00209F38,0,1,1,4294967295,0,0
oInvisibleRCeilingSlope,944,288,002EA7B9,0,1,1,4294967295,0,0
oInvisibleRCeilingSlope,976,304,00141A7F,0,1,1,4294967295,0,0
oInvisibleRCeilingSlope,992,352,00358A44,0,1,1,4294967295,0,0
oInvisibleRCeilingSlope,1008,368,0009ECDF,0,1,1,4294967295,0,0
oInvisibleRCeilingSlope,1040,384,002559D8,0,1,1,4294967295,0,0
oInvisibleRCeilingSlope,1056,400,00090D03,0,1,1,4294967295,0,0
oInvisibleRCeilingSlope,656,912,003E9059,0,1,1,4294967295,0,0
oInvisibleRCeilingSlope,912,848,00040B62,0,1,1,4294967295,0,0
oInvisibleRCeilingSlope,928,864,000C03DC,0,1,1,4294967295,0,0
oInvisibleRCeilingSlope,960,880,0029009C,0,1,1,4294967295,0,0
oInvisibleRCeilingSlope,992,896,0023A530,0,1,1,4294967295,0,0
oInvisibleRCeilingSlope,1024,912,000EF515,0,1,1,4294967295,0,0
oInvisibleRCeilingSlope,1056,928,0011A9FB,0,1,1,4294967295,0,0
oInvisibleLCeilingSlope,816,832,003180C7,0,1,1,4294967295,0,0
oInvisibleLCeilingSlope,720,880,0021C83C,0,1,1,4294967295,0,0
oInvisibleLCeilingSlope,704,896,00181F65,0,1,1,4294967295,0,0
oInvisibleLCeilingSlope,688,912,0017A564,0,1,1,4294967295,0,0
oInvisibleLCeilingSlope,448,800,000D3EBF,0,1,1,4294967295,0,0
oInvisibleLCeilingSlope,432,848,000BBF19,0,1,1,4294967295,0,0
oInvisibleLCeilingSlope,144,688,00147EC4,0,1,1,4294967295,0,0
oInvisibleLCeilingSlope,160,672,00156715,0,1,1,4294967295,0,0
oInvisibleLCeilingSlope,96,768,00142F01,0,1,1,4294967295,0,0
oInvisibleLCeilingSlope,112,752,000F0382,0,1,1,4294967295,0,0
oInvisibleLCeilingSlope,128,736,001DD69D,0,1,1,4294967295,0,0
oInvisibleLCeilingSlope,864,544,0035AE44,0,1,1,4294967295,0,0
oInvisibleLCeilingSlope,976,528,00132E10,0,1,1,4294967295,0,0
oInvisibleLCeilingSlope,784,256,0020992B,0,1,1,4294967295,0,0
oInvisibleLCeilingSlope,768,272,002099CD,0,1,1,4294967295,0,0
oInvisibleLCeilingSlope,752,320,0000B0FE,0,1,1,4294967295,0,0
oInvisibleLCeilingSlope,736,336,003A312B,0,1,1,4294967295,0,0
oInvisibleLCeilingSlope,672,336,0034013C,0,1,1,4294967295,0,0
oInvisibleLCeilingSlope,304,320,001E71A0,0,1,1,4294967295,0,0
oInvisibleRCeilingSlope,864,832,002ECE20,0,1,1,4294967295,0,0
oInvisibleRCeilingSlope,720,528,003B338D,0,1,1,4294967295,0,0
oInvisibleRCeilingSlope,704,512,0002F47C,0,1,1,4294967295,0,0
oInvisibleRCeilingSlope,816,544,0021A955,0,1,1,4294967295,0,0
oInvisibleRupSlope,336,640,002B2A76,0,1,1,4294967295,0,0
oInvisibleSolid,832,400,003C1179,0,1,1,4294967295,0,0
oInvisibleSolid,800,416,00304EC2,0,1,1,4294967295,0,1
oInvisibleSolid,768,432,00012E31,0,1,1,4294967295,0,1
oInvisibleSolid,704,480,0037628B,0,1,1,4294967295,0,1
oInvisibleSolid,720,464,003862E0,0,1,1,4294967295,0,1
oInvisibleSolid,832,544,001E5C75,0,1,1,4294967295,0,1
oInvisibleSolid,976,448,003913F6,0,1,1,4294967295,0,1
oInvisibleSolid,736,448,002C0552,0,1,1,4294967295,0,1
oInvisibleSolid,144,672,0006DC5F,0,1,1,4294967295,0,0
oInvisibleSolid,0,672,00382E53,0,1,1,4294967295,0,1
oInvisibleSolid,112,736,00267FB8,0,1,1,4294967295,0,0
oInvisibleSolid,96,736,003ADBCE,0,1,1,4294967295,0,1
oInvisibleSolid,0,736,001D54DE,0,1,1,4294967295,0,1
oInvisibleSolid,144,896,002B75FA,0,1,1,4294967295,0,1
oInvisibleSolid,0,880,0011206C,0,1,1,4294967295,0,1
oInvisibleSolid,288,944,001DFF1B,0,1,1,4294967295,0,0
oInvisibleSolid,160,928,003B43AD,0,1,1,4294967295,0,1
oInvisibleSolid,288,960,0031DC2D,0,1,1,4294967295,0,1
oInvisibleSolid,512,848,002D9717,0,1,1,4294967295,0,1
oInvisibleSolid,496,864,0036A744,0,1,1,4294967295,0,1
oInvisibleSolid,608,992,003A744D,0,1,1,4294967295,0,1
oInvisibleSolid,704,1008,000AD376,0,1,1,4294967295,0,1
oInvisibleSolid,176,576,001FBD96,0,1,1,4294967295,0,1
oInvisibleSolidMorph,256,608,0025B966,0,1,1,4294967295,0,1
oInvisibleSolidMorph,144,160,000D9FDA,0,1,1,4294967295,0,1
oInvisibleSolid,144,112,0021E75C,0,1,1,4294967295,0,1
oInvisibleSolid,224,320,0011000F,0,1,1,4294967295,0,1
oInvisibleLCeilingSlope,48,352,0002D195,0,1,1,4294967295,0,0
oInvisibleLCeilingSlope,80,336,0009292C,0,1,1,4294967295,0,0
oInvisibleLCeilingSlope,96,320,00233E02,0,1,1,4294967295,0,0
oInvisibleSolid,656,336,003A4C43,0,1,1,4294967295,0,0
oInvisibleSolid,720,336,001C3A71,0,1,1,4294967295,0,0
oInvisibleSolid,672,912,001F7DAA,0,1,1,4294967295,0,0
oInvisibleSolid,80,320,001AFFAF,0,1,1,4294967295,0,0
oInvisibleSolid,0,320,0015EEA8,0,1,1,4294967295,0,1
oInvisibleSolid,0,352,003FF011,0,1,1,4294967295,0,1
oInvisibleSolid,0,48,000E52C1,0,1,1,4294967295,0,1
oInvisibleSolid,0,192,00020D38,0,1,1,4294967295,0,1
oInvisibleSolid,464,288,003FBCEC,0,1,1,4294967295,0,1
oInvisibleSolid,272,288,001E6D35,0,1,1,4294967295,0,1
oInvisibleSolid,496,96,00073CE8,0,1,1,4294967295,0,1
oInvisibleSolid,160,96,0031C822,0,1,1,4294967295,0,1
oInvisibleSolid,832,112,000ECBE0,0,1,1,4294967295,0,1
oInvisibleSolid,768,256,00258E61,0,1,1,4294967295,0,0
oInvisibleSolid,768,96,002CC8A1,0,1,1,4294967295,0,1
oInvisibleSolid,832,144,0002DFBC,0,1,1,4294967295,0,1
oInvisibleSolid,576,320,0015ECC4,0,1,1,4294967295,0,1
oInvisibleSolid,992,48,003FAAFE,0,1,1,4294967295,0,1
oInvisibleSolid,928,256,00106467,0,1,1,4294967295,0,0
oInvisibleSolid,944,256,00346614,0,1,1,4294967295,0,1
oInvisibleSolid,960,288,003386F2,0,1,1,4294967295,0,1
oInvisibleSolid,992,304,003A16A6,0,1,1,4294967295,0,1
oInvisibleSolid,1008,352,002E536B,0,1,1,4294967295,0,0
oInvisibleSolid,1024,352,003843B9,0,1,1,4294967295,0,1
oInvisibleSolid,1056,384,003BA88B,0,1,1,4294967295,0,0
oInvisibleSolid,1072,384,002025AC,0,1,1,4294967295,0,1
oInvisibleSolid,864,736,002CD3FE,0,1,1,4294967295,0,1
oInvisibleSolid,1040,656,0026EC08,0,1,1,4294967295,0,1
oInvisibleSolid,992,672,000BBF75,0,1,1,4294967295,0,1
oInvisibleSolid,944,688,00294821,0,1,1,4294967295,0,1
oInvisibleSolid,896,704,00005070,0,1,1,4294967295,0,1
oInvisibleSolid,880,720,00193ADF,0,1,1,4294967295,0,1
oInvisibleSolid,928,848,002C40A1,0,1,1,4294967295,0,0
oInvisibleSolid,944,848,00292863,0,1,1,4294967295,0,1
oInvisibleSolid,976,880,001B4F85,0,1,1,4294967295,0,1
oInvisibleSolid,1008,896,0002F1D0,0,1,1,4294967295,0,1
oInvisibleSolid,1040,912,00301A7E,0,1,1,4294967295,0,1
oInvisibleSolid,1072,928,00027A25,0,1,1,4294967295,0,1
oInvisibleSolid,192,800,00248F8D,0,1,1,4294967295,0,1
oInvisibleSolid,208,784,00350063,0,1,1,4294967295,0,1
oInvisibleSolid,224,768,001AD763,0,1,1,4294967295,0,1
oInvisibleSolid,576,608,002A6C06,0,1,1,4294967295,0,1
oInvisibleSolid,448,624,00028BBE,0,1,1,4294967295,0,1
oInvisibleSolid,352,640,003C0846,0,1,1,4294967295,0,1
oInvisibleSolid,656,896,001B3321,0,1,1,4294967295,0,1
oInvisibleSolid,656,880,0019593D,0,1,1,4294967295,0,1
oInvisibleSolid,656,848,0013E61C,0,1,1,4294967295,0,1
oInvisibleSolid,800,736,0026A025,0,1,1,4294967295,0,1
oInvisibleSolid,336,656,003EF91D,0,1,1,4294967295,0,1
oInvisibleSolid,656,800,001DD177,0,1,1,4294967295,0,1
oInvisibleSolid,800,720,003F56C0,0,1,1,4294967295,0,0
oInvisibleSolid,656,704,0005AC4E,0,1,1,4294967295,0,1
oInvisibleSolid,720,688,00131C5B,0,1,1,4294967295,0,1
oInvisibleSolid,656,656,0009ADDB,0,1,1,4294967295,0,1
oInvisibleSolid,304,496,0018A010,0,1,1,4294967295,0,1
oInvisibleSolid,288,512,00107DF9,0,1,1,4294967295,0,1
oInvisibleSolid,256,528,00354A58,0,1,1,4294967295,0,1
