oExit,0,240,003FB315,0,1,1,4294967295,0,1
oExit,3392,240,003C29A8,0,1,1,4294967295,0,1
oZeldaBreakPot,688,208,00348D3E,0,1,1,4294967295,0,0
oZeldaBreakPot,1552,256,00050E18,0,1,1,4294967295,0,0
oZeldaBreakPot,2784,256,000FEA82,0,1,1,4294967295,0,0
oBreakRock,208,240,0029BCD9,0,1,1,4294967295,0,1
oBreakRock,208,208,003931FB,0,1,1,4294967295,0,1
oGreenOrc,512,256,002F878C,0,1,1,4294967295,0,0
oGreenOrc,720,224,003A9A04,0,1,1,4294967295,0,0
oWolfos,560,256,00054721,0,1,1,4294967295,0,0
oGreenOrc,1152,256,000B2E7D,0,1,1,4294967295,0,0
oGreenOrc,1360,272,00234E95,0,1,1,4294967295,0,0
oWolfos,1200,256,0036686A,0,1,1,4294967295,0,0
oWolfos,912,240,0038EAC4,0,1,1,4294967295,0,0
oGreenOrc,1792,272,001672A8,0,1,1,4294967295,0,0
oGreenOrc,2000,256,00319F5C,0,1,1,4294967295,0,0
oGreenOrc,2496,272,001D96C6,0,1,1,4294967295,0,0
oGreenOrc,2832,272,001340E2,0,1,1,4294967295,0,0
oGreenOrc,3104,304,0016E961,0,1,1,4294967295,0,0
oWolfos,2896,272,00241B5C,0,1,1,4294967295,0,0
oOctorok,1608,272,0021AEF3,0,1,1,4294967295,0,0
oGreenSlime,2880,272,003B8D0B,0,1,1,4294967295,0,0
oMyu,3184,304,002CFFF5,0,1,1,4294967295,0,0
oMyu,1520,272,002A7173,0,1,1,4294967295,0,0
oPlayer1,48,272,00262D8F,0,1,1,4294967295,0,0
oInvCollPH,16,272,00226969,0,1,1,4294967295,0,0
oInvCollPH,32,272,003A933B,0,1,1,4294967295,0,0
oInvCollPH,48,272,0039D9D9,0,1,1,4294967295,0,0
oInvCollPH,64,272,001DD511,0,1,1,4294967295,0,0
oInvCollPH,80,272,00009770,0,1,1,4294967295,0,0
oInvCollPH,96,272,002E3687,0,1,1,4294967295,0,0
oInvCollPH,112,272,000FD838,0,1,1,4294967295,0,0
oInvCollPH,128,272,001473AE,0,1,1,4294967295,0,0
oInvCollPH,144,272,0032EFE2,0,1,1,4294967295,0,0
oInvCollPH,160,272,002EA720,0,1,1,4294967295,0,0
oInvCollPH,176,272,00178A65,0,1,1,4294967295,0,0
oInvCollPH,192,272,00205E29,0,1,1,4294967295,0,0
oInvCollPH,208,272,001CDB64,0,1,1,4294967295,0,0
oInvCollPH,224,272,0028E034,0,1,1,4294967295,0,0
oInvCollPH,304,272,003D3850,0,1,1,4294967295,0,0
oInvCollPH,288,272,0006642B,0,1,1,4294967295,0,0
oInvCollPH,272,272,000C3521,0,1,1,4294967295,0,0
oInvCollPH,256,272,00154AFF,0,1,1,4294967295,0,0
oInvCollPH,240,272,0012EBD8,0,1,1,4294967295,0,0
oInvCollPH,320,272,002D0A83,0,1,1,4294967295,0,0
oInvCollPH,336,272,001EE6DB,0,1,1,4294967295,0,0
oInvCollPH,352,272,0016139F,0,1,1,4294967295,0,0
oInvCollPH,352,288,0034FD66,0,1,1,4294967295,0,0
oInvCollPH,352,304,0005C07F,0,1,1,4294967295,0,0
oInvCollPH,352,320,00058B7F,0,1,1,4294967295,0,0
oInvCollPH,352,336,00214C56,0,1,1,4294967295,0,0
oInvCollPH,432,272,0028423F,0,1,1,4294967295,0,0
oInvCollPH,432,288,002E0AE4,0,1,1,4294967295,0,0
oInvCollPH,432,304,000A8B8E,0,1,1,4294967295,0,0
oInvCollPH,432,320,003B014A,0,1,1,4294967295,0,0
oInvCollPH,432,336,00090C27,0,1,1,4294967295,0,0
oInvCollPH,464,256,000A733E,0,1,1,4294967295,0,0
oInvCollPH,480,256,0011056B,0,1,1,4294967295,0,0
oInvCollPH,496,256,0010EBAC,0,1,1,4294967295,0,0
oInvCollPH,512,256,002364A8,0,1,1,4294967295,0,0
oInvCollPH,528,256,00006E6C,0,1,1,4294967295,0,0
oInvCollPH,544,256,001674EE,0,1,1,4294967295,0,0
oInvCollPH,560,256,001D28EE,0,1,1,4294967295,0,0
oInvCollPH,576,256,002566BE,0,1,1,4294967295,0,0
oInvCollPH,592,256,00312CFF,0,1,1,4294967295,0,0
oInvCollPH,448,256,000BAEE4,0,1,1,4294967295,0,0
oInvCollPH,608,240,003E6C81,0,1,1,4294967295,0,0
oInvCollPH,640,224,002D3AE9,0,1,1,4294967295,0,0
oInvCollPH,656,224,00355A13,0,1,1,4294967295,0,0
oInvCollPH,672,224,002D7ADB,0,1,1,4294967295,0,0
oInvCollPH,688,224,000D721E,0,1,1,4294967295,0,0
oInvCollPH,704,224,003DDAEA,0,1,1,4294967295,0,0
oInvCollPH,720,224,00251CC3,0,1,1,4294967295,0,0
oInvCollPH,736,224,0011CB65,0,1,1,4294967295,0,0
oInvCollPH,752,224,0001A727,0,1,1,4294967295,0,0
oInvCollPH,768,224,003BFD51,0,1,1,4294967295,0,0
oInvCollPH,784,224,00041E1F,0,1,1,4294967295,0,0
oInvCollPH,784,240,0034CFE8,0,1,1,4294967295,0,0
oInvCollPH,784,256,000446BB,0,1,1,4294967295,0,0
oInvCollPH,784,272,0021CE2E,0,1,1,4294967295,0,0
oInvCollPH,624,224,003F90BB,0,1,1,4294967295,0,0
oInvCollPH,784,288,0016414C,0,1,1,4294967295,0,0
oInvCollPH,784,304,002A2BF0,0,1,1,4294967295,0,0
oInvCollPH,784,320,00282C0C,0,1,1,4294967295,0,0
oInvCollPH,784,336,0035D7F4,0,1,1,4294967295,0,0
oInvCollPH,896,256,0015EC6E,0,1,1,4294967295,0,0
oInvCollPH,896,272,001371F7,0,1,1,4294967295,0,0
oInvCollPH,896,288,0033A2FC,0,1,1,4294967295,0,0
oInvCollPH,896,304,0018BCBC,0,1,1,4294967295,0,0
oInvCollPH,896,320,003EE0BB,0,1,1,4294967295,0,0
oInvCollPH,896,336,000753B2,0,1,1,4294967295,0,0
oInvCollPH,912,240,0025F685,0,1,1,4294967295,0,0
oInvCollPH,928,240,003E9597,0,1,1,4294967295,0,0
oInvCollPH,944,240,000CC5C2,0,1,1,4294967295,0,0
oInvCollPH,960,240,002B3EA3,0,1,1,4294967295,0,0
oInvCollPH,976,240,000208AC,0,1,1,4294967295,0,0
oInvCollPH,976,256,000FCF85,0,1,1,4294967295,0,0
oInvCollPH,976,272,00034892,0,1,1,4294967295,0,0
oInvCollPH,976,288,000A8FC9,0,1,1,4294967295,0,0
oInvCollPH,976,304,002164AD,0,1,1,4294967295,0,0
oInvCollPH,976,320,000FBDD8,0,1,1,4294967295,0,0
oInvCollPH,976,336,003932DE,0,1,1,4294967295,0,0
oInvCollPH,1088,272,0033F3A4,0,1,1,4294967295,0,0
oInvCollPH,1088,288,0008D00A,0,1,1,4294967295,0,0
oInvCollPH,1088,304,0003E601,0,1,1,4294967295,0,0
oInvCollPH,1088,320,0012E46C,0,1,1,4294967295,0,0
oInvCollPH,1088,336,00390DD3,0,1,1,4294967295,0,0
oInvCollPH,1104,256,003FC75C,0,1,1,4294967295,0,0
oInvCollPH,1120,256,001C7538,0,1,1,4294967295,0,0
oInvCollPH,1136,256,00345582,0,1,1,4294967295,0,0
oInvCollPH,1152,256,003B66BF,0,1,1,4294967295,0,0
oInvCollPH,1168,256,0011FC9B,0,1,1,4294967295,0,0
oInvCollPH,1184,256,00032E99,0,1,1,4294967295,0,0
oInvCollPH,1200,256,003A7419,0,1,1,4294967295,0,0
oInvCollPH,1200,272,00331FF5,0,1,1,4294967295,0,0
oInvCollPH,1200,288,0003A2D7,0,1,1,4294967295,0,0
oInvCollPH,1200,304,00108EF0,0,1,1,4294967295,0,0
oInvCollPH,1200,320,002BB5ED,0,1,1,4294967295,0,0
oInvCollPH,1200,336,00361678,0,1,1,4294967295,0,0
oInvCollPH,1328,272,003DCB0A,0,1,1,4294967295,0,0
oInvCollPH,1344,272,002D2805,0,1,1,4294967295,0,0
oInvCollPH,1360,272,0010AC23,0,1,1,4294967295,0,0
oInvCollPH,1376,272,0010928F,0,1,1,4294967295,0,0
oInvCollPH,1392,272,00178E96,0,1,1,4294967295,0,0
oInvCollPH,1408,272,003E8512,0,1,1,4294967295,0,0
oInvCollPH,1424,272,003E6D46,0,1,1,4294967295,0,0
oInvCollPH,1440,272,0014A1FF,0,1,1,4294967295,0,0
oInvCollPH,1312,288,002CA271,0,1,1,4294967295,0,0
oInvCollPH,1312,304,0008434A,0,1,1,4294967295,0,0
oInvCollPH,1312,320,00276A2E,0,1,1,4294967295,0,0
oInvCollPH,1312,336,000FB1F5,0,1,1,4294967295,0,0
oInvCollPH,1456,272,0038C258,0,1,1,4294967295,0,0
oInvCollPH,1472,272,003E4EB1,0,1,1,4294967295,0,0
oInvCollPH,1488,272,001E9C2C,0,1,1,4294967295,0,0
oInvCollPH,1504,272,002D9F3E,0,1,1,4294967295,0,0
oInvCollPH,1520,272,000F23C5,0,1,1,4294967295,0,0
oInvCollPH,1536,272,000DFD80,0,1,1,4294967295,0,0
oInvCollPH,1552,272,003D9196,0,1,1,4294967295,0,0
oInvCollPH,1568,272,00181ED0,0,1,1,4294967295,0,0
oInvCollPH,1584,272,0008E016,0,1,1,4294967295,0,0
oInvCollPH,1600,272,0002F56F,0,1,1,4294967295,0,0
oInvCollPH,1616,272,003893E3,0,1,1,4294967295,0,0
oInvCollPH,1632,272,0039D922,0,1,1,4294967295,0,0
oInvCollPH,1648,272,00186BBE,0,1,1,4294967295,0,0
oInvCollPH,1648,288,00278FD6,0,1,1,4294967295,0,0
oInvCollPH,1648,304,00380110,0,1,1,4294967295,0,0
oInvCollPH,1648,320,00129000,0,1,1,4294967295,0,0
oInvCollPH,1648,336,0003E650,0,1,1,4294967295,0,0
oInvCollPH,1760,336,00234694,0,1,1,4294967295,0,0
oInvCollPH,1760,320,001AEF6F,0,1,1,4294967295,0,0
oInvCollPH,1760,304,00269A26,0,1,1,4294967295,0,0
oInvCollPH,1760,288,00147D18,0,1,1,4294967295,0,0
oInvCollPH,1776,272,0020CFB7,0,1,1,4294967295,0,0
oInvCollPH,1792,272,001D6E10,0,1,1,4294967295,0,0
oInvCollPH,1808,272,00146332,0,1,1,4294967295,0,0
oInvCollPH,1808,288,00177DCA,0,1,1,4294967295,0,0
oInvCollPH,1808,304,00143928,0,1,1,4294967295,0,0
oInvCollPH,1808,320,0026550F,0,1,1,4294967295,0,0
oInvCollPH,1808,336,003B362D,0,1,1,4294967295,0,0
oInvCollPH,1920,336,0023F1E8,0,1,1,4294967295,0,0
oInvCollPH,1920,320,000F0173,0,1,1,4294967295,0,0
oInvCollPH,1920,304,001644A3,0,1,1,4294967295,0,0
oInvCollPH,1920,288,001EB479,0,1,1,4294967295,0,0
oInvCollPH,1920,272,0020656C,0,1,1,4294967295,0,0
oInvCollPH,1936,256,001B79F7,0,1,1,4294967295,0,0
oInvCollPH,1952,256,003DE003,0,1,1,4294967295,0,0
oInvCollPH,1968,256,0011445B,0,1,1,4294967295,0,0
oInvCollPH,1984,256,001A271E,0,1,1,4294967295,0,0
oInvCollPH,2000,256,002B0E1B,0,1,1,4294967295,0,0
oInvCollPH,2000,272,00304415,0,1,1,4294967295,0,0
oInvCollPH,2000,288,0031D407,0,1,1,4294967295,0,0
oInvCollPH,2000,304,000B7712,0,1,1,4294967295,0,0
oInvCollPH,2000,320,00328DE0,0,1,1,4294967295,0,0
oInvCollPH,2000,336,003D8490,0,1,1,4294967295,0,0
oInvCollPH,2112,336,0023BC2A,0,1,1,4294967295,0,0
oInvCollPH,2112,320,0000AF1E,0,1,1,4294967295,0,0
oInvCollPH,2112,304,001F1C87,0,1,1,4294967295,0,0
oInvCollPH,2112,288,00262016,0,1,1,4294967295,0,0
oInvCollPH,2128,272,00348A96,0,1,1,4294967295,0,0
oInvCollPH,2144,272,001AD4B4,0,1,1,4294967295,0,0
oInvCollPH,2160,272,001F4D1E,0,1,1,4294967295,0,0
oInvCollPH,2160,288,003430D4,0,1,1,4294967295,0,0
oInvCollPH,2160,304,002E8501,0,1,1,4294967295,0,0
oInvCollPH,2160,320,003E5D4E,0,1,1,4294967295,0,0
oInvCollPH,2160,336,000A12C6,0,1,1,4294967295,0,0
oInvCollPH,2272,336,002C4515,0,1,1,4294967295,0,0
oInvCollPH,2272,320,002FBBE6,0,1,1,4294967295,0,0
oInvCollPH,2272,304,000DD772,0,1,1,4294967295,0,0
oInvCollPH,2272,288,0000E08A,0,1,1,4294967295,0,0
oInvCollPH,2288,272,002162B6,0,1,1,4294967295,0,0
oInvCollPH,2304,272,0024E90A,0,1,1,4294967295,0,0
oInvCollPH,2320,272,00208420,0,1,1,4294967295,0,0
oInvCollPH,2336,272,0035A3A1,0,1,1,4294967295,0,0
oInvCollPH,2352,272,003FF2F8,0,1,1,4294967295,0,0
oInvCollPH,2368,272,001D904D,0,1,1,4294967295,0,0
oInvCollPH,2384,272,002F1CB9,0,1,1,4294967295,0,0
oInvCollPH,2400,272,000FDA53,0,1,1,4294967295,0,0
oInvCollPH,2416,272,003751B0,0,1,1,4294967295,0,0
oInvCollPH,2432,272,003AFFB7,0,1,1,4294967295,0,0
oInvCollPH,2448,272,000C4718,0,1,1,4294967295,0,0
oInvCollPH,2464,272,003FBF54,0,1,1,4294967295,0,0
oInvCollPH,2480,272,003B3361,0,1,1,4294967295,0,0
oInvCollPH,2496,272,000CFC50,0,1,1,4294967295,0,0
oInvCollPH,2512,272,0003EEE8,0,1,1,4294967295,0,0
oInvCollPH,2528,272,0011F99A,0,1,1,4294967295,0,0
oInvCollPH,2544,272,001FFE50,0,1,1,4294967295,0,0
oInvCollPH,2544,288,00020FE2,0,1,1,4294967295,0,0
oInvCollPH,2544,304,000FE1CE,0,1,1,4294967295,0,0
oInvCollPH,2544,320,003A3450,0,1,1,4294967295,0,0
oInvCollPH,2544,336,002D1C1B,0,1,1,4294967295,0,0
oInvCollPH,2656,288,001916FD,0,1,1,4294967295,0,0
oInvCollPH,2656,304,0023327F,0,1,1,4294967295,0,0
oInvCollPH,2656,320,0003470A,0,1,1,4294967295,0,0
oInvCollPH,2656,336,00083C0D,0,1,1,4294967295,0,0
oInvCollPH,2672,272,001BD545,0,1,1,4294967295,0,0
oInvCollPH,2688,272,0019C564,0,1,1,4294967295,0,0
oInvCollPH,2704,272,003C9479,0,1,1,4294967295,0,0
oInvCollPH,2720,272,003586A3,0,1,1,4294967295,0,0
oInvCollPH,2736,272,00343EF8,0,1,1,4294967295,0,0
oInvCollPH,2752,272,002C00A4,0,1,1,4294967295,0,0
oInvCollPH,2768,272,003294A2,0,1,1,4294967295,0,0
oInvCollPH,2784,272,002D116E,0,1,1,4294967295,0,0
oInvCollPH,2800,272,003DA8F4,0,1,1,4294967295,0,0
oInvCollPH,2928,336,001396A4,0,1,1,4294967295,0,0
oInvCollPH,2928,320,002A5491,0,1,1,4294967295,0,0
oInvCollPH,2928,304,0024847C,0,1,1,4294967295,0,0
oInvCollPH,2928,288,000755F1,0,1,1,4294967295,0,0
oInvCollPH,2928,272,00240DEC,0,1,1,4294967295,0,0
oInvCollPH,2912,272,0010899D,0,1,1,4294967295,0,0
oInvCollPH,2896,272,002CD4FF,0,1,1,4294967295,0,0
oInvCollPH,2880,272,000AD4E4,0,1,1,4294967295,0,0
oInvCollPH,2864,272,0021546B,0,1,1,4294967295,0,0
oInvCollPH,2848,272,002DB54E,0,1,1,4294967295,0,0
oInvCollPH,2832,272,001EF6C1,0,1,1,4294967295,0,0
oInvCollPH,2816,272,002678F0,0,1,1,4294967295,0,0
oInvCollPH,2656,16,003843A5,0,1,1,4294967295,0,0
oInvCollPH,2656,32,003644D7,0,1,1,4294967295,0,0
oInvCollPH,2656,48,001E4496,0,1,1,4294967295,0,0
oInvCollPH,2656,64,0002FDC6,0,1,1,4294967295,0,0
oInvCollPH,2656,80,000387A9,0,1,1,4294967295,0,0
oInvCollPH,2656,96,00258040,0,1,1,4294967295,0,0
oInvCollPH,2656,112,0005C3B8,0,1,1,4294967295,0,0
oInvCollPH,2656,128,00162B13,0,1,1,4294967295,0,0
oInvCollPH,2656,144,0020F216,0,1,1,4294967295,0,0
oInvCollPH,2656,160,001B2F14,0,1,1,4294967295,0,0
oInvCollPH,2672,160,0029F2EA,0,1,1,4294967295,0,0
oInvCollPH,2688,160,0001D676,0,1,1,4294967295,0,0
oInvCollPH,2704,160,001F49D6,0,1,1,4294967295,0,0
oInvCollPH,2720,160,0007D5FA,0,1,1,4294967295,0,0
oInvCollPH,2736,160,00227761,0,1,1,4294967295,0,0
oInvCollPH,2752,160,0028CA0E,0,1,1,4294967295,0,0
oInvCollPH,2768,160,002BD92A,0,1,1,4294967295,0,0
oInvCollPH,2784,160,00038281,0,1,1,4294967295,0,0
oInvCollPH,2800,160,0027B9AC,0,1,1,4294967295,0,0
oInvCollPH,2816,160,00156EFB,0,1,1,4294967295,0,0
oInvCollPH,2832,160,0027A6D8,0,1,1,4294967295,0,0
oInvCollPH,2848,160,0038EEDA,0,1,1,4294967295,0,0
oInvCollPH,2864,160,0015F29D,0,1,1,4294967295,0,0
oInvCollPH,2880,160,002C751A,0,1,1,4294967295,0,0
oInvCollPH,2896,160,0027D44D,0,1,1,4294967295,0,0
oInvCollPH,2912,160,001FB03D,0,1,1,4294967295,0,0
oInvCollPH,2928,160,0001072A,0,1,1,4294967295,0,0
oInvCollPH,2928,144,00273380,0,1,1,4294967295,0,0
oInvCollPH,2928,128,002DAC6B,0,1,1,4294967295,0,0
oInvCollPH,2928,112,0013D884,0,1,1,4294967295,0,0
oInvCollPH,2928,96,000DA410,0,1,1,4294967295,0,0
oInvCollPH,2928,80,002F47CA,0,1,1,4294967295,0,0
oInvCollPH,2928,64,0036A45B,0,1,1,4294967295,0,0
oInvCollPH,2928,48,002047C9,0,1,1,4294967295,0,0
oInvCollPH,2928,32,00173067,0,1,1,4294967295,0,0
oInvCollPH,2928,16,00399111,0,1,1,4294967295,0,0
oInvCollPH,2928,0,0012AC11,0,1,1,4294967295,0,0
oInvCollPH,3040,320,002B593F,0,1,1,4294967295,0,0
oInvCollPH,3040,336,003ACFA3,0,1,1,4294967295,0,0
oInvCollPH,3056,304,001644DC,0,1,1,4294967295,0,0
oInvCollPH,3072,304,0000EC1D,0,1,1,4294967295,0,0
oInvCollPH,3088,304,003F7F27,0,1,1,4294967295,0,0
oInvCollPH,3104,304,002C1997,0,1,1,4294967295,0,0
oInvCollPH,3120,304,00392163,0,1,1,4294967295,0,0
oInvCollPH,3136,304,001FC40C,0,1,1,4294967295,0,0
oInvCollPH,3152,304,003A0336,0,1,1,4294967295,0,0
oInvCollPH,3168,304,000D92D7,0,1,1,4294967295,0,0
oInvCollPH,3184,304,00092E80,0,1,1,4294967295,0,0
oInvCollPH,3200,304,00109296,0,1,1,4294967295,0,0
oInvCollPH,3216,304,003C700F,0,1,1,4294967295,0,0
oInvCollPH,3216,320,0010D8E1,0,1,1,4294967295,0,0
oInvCollPH,3216,336,002234B2,0,1,1,4294967295,0,0
oInvCollPH,3264,336,003FE296,0,1,1,4294967295,0,0
oInvCollPH,3264,320,00099681,0,1,1,4294967295,0,0
oInvCollPH,3264,304,00370220,0,1,1,4294967295,0,0
oInvCollPH,3264,288,00319DF1,0,1,1,4294967295,0,0
oInvCollPH,3280,272,000BA9B4,0,1,1,4294967295,0,0
oInvCollPH,3296,272,000C3D7B,0,1,1,4294967295,0,0
oInvCollPH,3312,272,001815EA,0,1,1,4294967295,0,0
oInvCollPH,3328,272,003A7203,0,1,1,4294967295,0,0
oInvCollPH,3344,272,001EC870,0,1,1,4294967295,0,0
oInvCollPH,3360,272,000E0E10,0,1,1,4294967295,0,0
oInvCollPH,3376,272,002A405E,0,1,1,4294967295,0,0
oInvCollPH,3392,272,000DA21F,0,1,1,4294967295,0,0
oInvCollPH,192,16,0016D98F,0,1,1,4294967295,0,0
oInvCollPH,192,32,003EE418,0,1,1,4294967295,0,0
oInvCollPH,192,48,000ABFC1,0,1,1,4294967295,0,0
oInvCollPH,192,64,001D2763,0,1,1,4294967295,0,0
oInvCollPH,192,80,002D0AE3,0,1,1,4294967295,0,0
oInvCollPH,192,96,0032A955,0,1,1,4294967295,0,0
oInvCollPH,192,112,0026A52D,0,1,1,4294967295,0,0
oInvCollPH,192,128,0018F9E1,0,1,1,4294967295,0,0
oInvCollPH,192,144,00196ED4,0,1,1,4294967295,0,0
oInvCollPH,192,160,00157811,0,1,1,4294967295,0,0
oInvCollPH,192,176,002304C1,0,1,1,4294967295,0,0
oInvCollPH,192,192,001E35B4,0,1,1,4294967295,0,0
oInvCollPH,208,192,00052973,0,1,1,4294967295,0,0
oInvCollPH,224,192,001C96A1,0,1,1,4294967295,0,0
oInvCollPH,240,192,000243C2,0,1,1,4294967295,0,0
oInvCollPH,240,176,00067900,0,1,1,4294967295,0,0
oInvCollPH,240,160,0026B03B,0,1,1,4294967295,0,0
oInvCollPH,240,144,00115FCE,0,1,1,4294967295,0,0
oInvCollPH,240,128,00091170,0,1,1,4294967295,0,0
oInvCollPH,240,112,003E460B,0,1,1,4294967295,0,0
oInvCollPH,240,96,00386FE2,0,1,1,4294967295,0,0
oInvCollPH,240,80,00226716,0,1,1,4294967295,0,0
oInvCollPH,240,64,003AFB78,0,1,1,4294967295,0,0
oInvCollPH,240,48,0010DFD8,0,1,1,4294967295,0,0
oInvCollPH,240,32,000A3D91,0,1,1,4294967295,0,0
oInvCollPH,240,16,0032BE8F,0,1,1,4294967295,0,0
oInvCollPH,240,0,00165907,0,1,1,4294967295,0,0
oInvisibleSolid,0,272,0034342E,0,1,1,4294967295,0,1
oInvisibleSolid,608,224,003B8581,0,1,1,4294967295,0,1
oInvisibleSolid,432,256,003537B2,0,1,1,4294967295,0,1
oInvisibleSolid,896,240,0008308B,0,1,1,4294967295,0,1
oInvisibleSolid,1088,256,001D443D,0,1,1,4294967295,0,1
oInvisibleSolid,1312,272,0039FD8C,0,1,1,4294967295,0,1
oInvisibleSolid,1760,272,002D0F15,0,1,1,4294967295,0,1
oInvisibleSolid,1920,256,001A1599,0,1,1,4294967295,0,1
oInvisibleSolid,2112,272,000B1EDC,0,1,1,4294967295,0,1
oInvisibleSolid,2272,272,003B5824,0,1,1,4294967295,0,1
oInvisibleSolid,2656,0,003F7B03,0,1,1,4294967295,0,1
oInvisibleSolid,2656,272,0035DB6E,0,1,1,4294967295,0,1
oInvisibleSolid,3040,304,0032F731,0,1,1,4294967295,0,1
oInvisibleSolid,3264,272,00291F59,0,1,1,4294967295,0,1
oInvisibleSolid,192,0,0010403C,0,1,1,4294967295,0,1
