oExit,0,272,00235DEA,0,1,1,4294967295,0,1
oSignPost,104,304,003DDBF1,0,1,1,4294967295,0,1
oExit,528,272,000BAE59,0,1,1,4294967295,0,1
oHealingPost,232,304,003E003B,0,1,1,4294967295,0,0
oZNPC_A,384,304,003CFD0E,0,1,1,4294967295,0,1
oPlayer1,48,304,0006EF96,0,1,1,4294967295,0,0
oInvCollPH,16,304,003787AC,0,1,1,4294967295,0,0
oInvCollPH,32,304,001DCC7B,0,1,1,4294967295,0,0
oInvCollPH,48,304,0032D7BC,0,1,1,4294967295,0,0
oInvCollPH,64,304,001E44FA,0,1,1,4294967295,0,0
oInvCollPH,80,304,00152A1D,0,1,1,4294967295,0,0
oInvCollPH,96,304,0018820A,0,1,1,4294967295,0,0
oInvCollPH,112,304,0001C85B,0,1,1,4294967295,0,0
oInvCollPH,128,304,0017A883,0,1,1,4294967295,0,0
oInvCollPH,144,304,002F8D41,0,1,1,4294967295,0,0
oInvCollPH,160,304,0035E558,0,1,1,4294967295,0,0
oInvCollPH,176,304,00318346,0,1,1,4294967295,0,0
oInvCollPH,192,304,00260612,0,1,1,4294967295,0,0
oInvCollPH,208,304,00336EBF,0,1,1,4294967295,0,0
oInvCollPH,224,304,0003E8BD,0,1,1,4294967295,0,0
oInvCollPH,240,304,000F0C06,0,1,1,4294967295,0,0
oInvCollPH,256,304,0027088E,0,1,1,4294967295,0,0
oInvCollPH,272,304,0002DA79,0,1,1,4294967295,0,0
oInvCollPH,288,304,0021AAFF,0,1,1,4294967295,0,0
oInvCollPH,304,304,0034E14B,0,1,1,4294967295,0,0
oInvCollPH,320,304,000FD2BA,0,1,1,4294967295,0,0
oInvCollPH,336,304,0016D467,0,1,1,4294967295,0,0
oInvCollPH,352,304,0035D085,0,1,1,4294967295,0,0
oInvCollPH,368,304,00053765,0,1,1,4294967295,0,0
oInvCollPH,384,304,001DCA87,0,1,1,4294967295,0,0
oInvCollPH,400,304,001A00AA,0,1,1,4294967295,0,0
oInvCollPH,416,304,002618A7,0,1,1,4294967295,0,0
oInvCollPH,432,304,003826C0,0,1,1,4294967295,0,0
oInvCollPH,448,304,003736CB,0,1,1,4294967295,0,0
oInvCollPH,464,304,0015F798,0,1,1,4294967295,0,0
oInvCollPH,480,304,0002654B,0,1,1,4294967295,0,0
oInvCollPH,496,304,002C4844,0,1,1,4294967295,0,0
oInvCollPH,512,304,00399DAB,0,1,1,4294967295,0,0
oInvCollPH,528,304,0014FF9B,0,1,1,4294967295,0,0
oInvCollSH,304,160,001D6620,0,1,1,4294967295,0,0
oInvCollSH,320,160,000D2239,0,1,1,4294967295,0,0
oInvCollSH,352,160,003CC42A,0,1,1,4294967295,0,0
oInvCollSH,336,160,001ABE74,0,1,1,4294967295,0,0
oInvCollSH,400,160,00345C46,0,1,1,4294967295,0,0
oInvCollSH,416,160,003EE061,0,1,1,4294967295,0,0
oInvCollSH,368,160,0014B4C2,0,1,1,4294967295,0,0
oInvCollSH,384,160,003BD509,0,1,1,4294967295,0,0
oInvCollSH,288,160,002F8623,0,1,1,4294967295,0,0
oInvisibleSolid,0,304,0000EA6B,0,1,1,4294967295,0,1
oInvisibleSlimSolid,272,160,001BD1A4,0,1,1,4294967295,0,1
