oExit,592,336,0017B945,0,1,1,4294967295,0,1
oExit,0,336,0016E93B,0,1,1,4294967295,0,1
oPlayer1,544,368,0035D4AE,0,1,1,4294967295,0,0
oMetroidDoorHolder,576,336,0006A7F4,0,1,1,4294967295,0,1
oMetroidDoorHolder,16,336,002C44A9,0,1,1,4294967295,0,1
oMetLava,256,384,0038DD2A,0,1,1,4294967295,0,1
oInvCollPH,48,32,001D15C4,0,1,1,4294967295,0,0
oInvCollPH,48,48,002ABF6E,0,1,1,4294967295,0,0
oInvCollPH,48,64,00008F07,0,1,1,4294967295,0,0
oInvCollPH,48,80,001D20BA,0,1,1,4294967295,0,0
oInvCollPH,48,96,000A8425,0,1,1,4294967295,0,0
oInvCollPH,48,112,002CB214,0,1,1,4294967295,0,0
oInvCollPH,48,128,000C63D4,0,1,1,4294967295,0,0
oInvCollPH,48,144,00357C17,0,1,1,4294967295,0,0
oInvCollPH,48,160,003567D9,0,1,1,4294967295,0,0
oInvCollPH,48,176,0012C6D4,0,1,1,4294967295,0,0
oInvCollPH,0,288,001E0744,0,1,1,4294967295,0,0
oInvCollPH,16,288,00261F35,0,1,1,4294967295,0,0
oInvCollPH,32,288,0010EF88,0,1,1,4294967295,0,0
oInvCollPH,48,288,003757E7,0,1,1,4294967295,0,0
oInvCollPH,48,272,00401EE7,0,1,1,4294967295,0,0
oInvCollPH,48,256,0006508B,0,1,1,4294967295,0,0
oInvCollPH,48,240,001B1680,0,1,1,4294967295,0,0
oInvCollPH,48,224,00022DF3,0,1,1,4294967295,0,0
oInvCollPH,48,208,0034E903,0,1,1,4294967295,0,0
oInvCollPH,48,192,0017C4AF,0,1,1,4294967295,0,0
oInvCollPH,544,48,000C476A,0,1,1,4294967295,0,0
oInvCollPH,544,64,001A968C,0,1,1,4294967295,0,0
oInvCollPH,544,80,002F74FD,0,1,1,4294967295,0,0
oInvCollPH,544,96,0034BB1E,0,1,1,4294967295,0,0
oInvCollPH,544,112,0031FB6E,0,1,1,4294967295,0,0
oInvCollPH,544,128,00345DA1,0,1,1,4294967295,0,0
oInvCollPH,544,144,00056429,0,1,1,4294967295,0,0
oInvCollPH,544,160,000FCC79,0,1,1,4294967295,0,0
oInvCollPH,544,176,0017A753,0,1,1,4294967295,0,0
oInvCollPH,544,192,003DBD1A,0,1,1,4294967295,0,0
oInvCollPH,544,208,000B0535,0,1,1,4294967295,0,0
oInvCollPH,544,224,001B477D,0,1,1,4294967295,0,0
oInvCollPH,544,240,002D6068,0,1,1,4294967295,0,0
oInvCollPH,544,256,00255724,0,1,1,4294967295,0,0
oInvCollPH,544,272,001B5C08,0,1,1,4294967295,0,0
oInvCollPH,544,288,0034EA22,0,1,1,4294967295,0,0
oInvCollPH,560,288,00006BCD,0,1,1,4294967295,0,0
oInvCollPH,576,288,000D1000,0,1,1,4294967295,0,0
oInvCollPH,592,288,001639E4,0,1,1,4294967295,0,0
oInvCollPH,64,16,003A2A35,0,1,1,4294967295,0,0
oInvCollPH,80,16,001BC6E6,0,1,1,4294967295,0,0
oInvCollPH,96,16,001EC218,0,1,1,4294967295,0,0
oInvCollPH,112,16,00314D00,0,1,1,4294967295,0,0
oInvCollPH,128,16,0031AAD9,0,1,1,4294967295,0,0
oInvCollPH,144,16,001165A5,0,1,1,4294967295,0,0
oInvCollPH,160,16,0027E692,0,1,1,4294967295,0,0
oInvCollPH,176,16,001F4DAF,0,1,1,4294967295,0,0
oInvCollPH,192,16,002E55B4,0,1,1,4294967295,0,0
oInvCollPH,208,16,00116078,0,1,1,4294967295,0,0
oInvCollPH,224,16,00208E8B,0,1,1,4294967295,0,0
oInvCollPH,240,16,001453DD,0,1,1,4294967295,0,0
oInvCollPH,256,16,002C4790,0,1,1,4294967295,0,0
oInvCollPH,272,16,001450BA,0,1,1,4294967295,0,0
oInvCollPH,288,16,003F9452,0,1,1,4294967295,0,0
oInvCollPH,304,16,00005CFE,0,1,1,4294967295,0,0
oInvCollPH,320,16,00059ADA,0,1,1,4294967295,0,0
oInvCollPH,336,16,000A68FD,0,1,1,4294967295,0,0
oInvCollPH,352,16,001F43C2,0,1,1,4294967295,0,0
oInvCollPH,368,16,000C2A12,0,1,1,4294967295,0,0
oInvCollPH,384,16,003FE42A,0,1,1,4294967295,0,0
oInvCollPH,400,16,0009EDAD,0,1,1,4294967295,0,0
oInvCollPH,416,16,00144C03,0,1,1,4294967295,0,0
oInvCollPH,432,16,00227D33,0,1,1,4294967295,0,0
oInvCollPH,448,16,0004179C,0,1,1,4294967295,0,0
oInvCollPH,464,16,0034FB49,0,1,1,4294967295,0,0
oInvCollPH,480,16,00232B2C,0,1,1,4294967295,0,0
oInvCollPH,496,16,001F579B,0,1,1,4294967295,0,0
oInvCollPH,512,16,002CF3FE,0,1,1,4294967295,0,0
oInvCollPH,528,16,003D1C97,0,1,1,4294967295,0,0
oInvCollPH,144,144,0029C292,0,1,1,4294967295,0,0
oInvCollPH,160,144,00402EC4,0,1,1,4294967295,0,0
oInvCollPH,176,144,001EFC93,0,1,1,4294967295,0,0
oInvCollPH,272,144,000C586D,0,1,1,4294967295,0,0
oInvCollPH,272,160,001B7CE0,0,1,1,4294967295,0,0
oInvCollPH,272,176,001A330E,0,1,1,4294967295,0,0
oInvCollPH,272,128,001C3C7F,0,1,1,4294967295,0,0
oInvCollPH,288,176,0007526F,0,1,1,4294967295,0,0
oInvCollPH,304,176,0026AABF,0,1,1,4294967295,0,0
oInvCollPH,320,112,00220398,0,1,1,4294967295,0,0
oInvCollPH,320,176,001CF86C,0,1,1,4294967295,0,0
oInvCollPH,320,160,003A46B8,0,1,1,4294967295,0,0
oInvCollPH,320,144,0035782B,0,1,1,4294967295,0,0
oInvCollPH,320,128,003DA507,0,1,1,4294967295,0,0
oInvCollPH,304,112,002DE29F,0,1,1,4294967295,0,0
oInvCollPH,288,112,0019BA43,0,1,1,4294967295,0,0
oInvCollPH,432,144,000EE435,0,1,1,4294967295,0,0
oInvCollPH,448,144,00351E1E,0,1,1,4294967295,0,0
oInvCollPH,464,144,001C5889,0,1,1,4294967295,0,0
oInvCollPH,112,144,000F3C5E,0,1,1,4294967295,0,0
oInvCollPH,112,160,002AD081,0,1,1,4294967295,0,0
oInvCollPH,112,176,001E9F5A,0,1,1,4294967295,0,0
oInvCollPH,112,128,0013EF0A,0,1,1,4294967295,0,0
oInvCollPH,480,144,0018ABC8,0,1,1,4294967295,0,0
oInvCollPH,480,160,00349331,0,1,1,4294967295,0,0
oInvCollPH,480,176,0028F2B6,0,1,1,4294967295,0,0
oInvCollPH,480,128,003541F8,0,1,1,4294967295,0,0
oInvCollPH,176,272,00321995,0,1,1,4294967295,0,0
oInvCollPH,192,272,001495C7,0,1,1,4294967295,0,0
oInvCollPH,208,272,0013956D,0,1,1,4294967295,0,0
oInvCollPH,224,272,0027AFB7,0,1,1,4294967295,0,0
oInvCollPH,240,272,001552C0,0,1,1,4294967295,0,0
oInvCollPH,368,272,00397985,0,1,1,4294967295,0,0
oInvCollPH,384,272,00064914,0,1,1,4294967295,0,0
oInvCollPH,400,272,0020F80E,0,1,1,4294967295,0,0
oInvCollPH,416,272,00010C6A,0,1,1,4294967295,0,0
oInvCollPH,432,272,00090A70,0,1,1,4294967295,0,0
oInvCollPH,272,432,0018FC56,0,1,1,4294967295,0,0
oInvCollPH,288,432,003DCAE4,0,1,1,4294967295,0,0
oInvCollPH,304,432,002F72F8,0,1,1,4294967295,0,0
oInvCollPH,320,432,002D2B8E,0,1,1,4294967295,0,0
oInvCollPH,336,432,002F070A,0,1,1,4294967295,0,0
oInvCollPH,16,368,000BAB81,0,1,1,4294967295,0,0
oInvCollPH,32,368,002567EE,0,1,1,4294967295,0,0
oInvCollPH,48,368,002D3874,0,1,1,4294967295,0,0
oInvCollPH,64,368,003FC627,0,1,1,4294967295,0,0
oInvCollPH,144,368,00202DBB,0,1,1,4294967295,0,0
oInvCollPH,128,368,003B8B44,0,1,1,4294967295,0,0
oInvCollPH,112,368,002088D8,0,1,1,4294967295,0,0
oInvCollPH,96,368,00055C2E,0,1,1,4294967295,0,0
oInvCollPH,80,368,002E59D5,0,1,1,4294967295,0,0
oInvCollPH,528,368,002E440B,0,1,1,4294967295,0,0
oInvCollPH,544,368,0011F10D,0,1,1,4294967295,0,0
oInvCollPH,560,368,002EF1B3,0,1,1,4294967295,0,0
oInvCollPH,576,368,002886B9,0,1,1,4294967295,0,0
oInvCollPH,592,368,001DD0FC,0,1,1,4294967295,0,0
oInvCollPH,160,368,00068890,0,1,1,4294967295,0,0
oInvCollPH,176,368,003C0C78,0,1,1,4294967295,0,0
oInvCollPH,192,368,0000BA07,0,1,1,4294967295,0,0
oInvCollPH,208,368,002D1F1E,0,1,1,4294967295,0,0
oInvCollPH,224,368,0026262D,0,1,1,4294967295,0,0
oInvCollPH,240,368,0003CEC4,0,1,1,4294967295,0,0
oInvCollPH,240,384,0030F719,0,1,1,4294967295,0,0
oInvCollPH,240,400,0003D046,0,1,1,4294967295,0,0
oInvCollPH,240,416,001383CF,0,1,1,4294967295,0,0
oInvCollPH,352,384,002DD935,0,1,1,4294967295,0,0
oInvCollPH,352,400,003F5E5B,0,1,1,4294967295,0,0
oInvCollPH,352,416,00087C91,0,1,1,4294967295,0,0
oInvCollPH,368,368,0015F985,0,1,1,4294967295,0,0
oInvCollPH,384,368,00363F24,0,1,1,4294967295,0,0
oInvCollPH,400,368,000A76E0,0,1,1,4294967295,0,0
oInvCollPH,416,368,00319359,0,1,1,4294967295,0,0
oInvCollPH,432,368,003F8973,0,1,1,4294967295,0,0
oInvCollPH,448,368,002E7656,0,1,1,4294967295,0,0
oInvCollPH,464,368,003088A4,0,1,1,4294967295,0,0
oInvCollPH,480,368,0024005D,0,1,1,4294967295,0,0
oInvCollPH,496,368,00110866,0,1,1,4294967295,0,0
oInvCollPH,512,368,002F83CD,0,1,1,4294967295,0,0
oInvisibleSolid,0,0,0037850E,0,1,1,4294967295,0,1
oInvisibleSolid,0,32,00220928,0,1,1,4294967295,0,1
oInvisibleSolid,544,32,002D21F7,0,1,1,4294967295,0,1
oInvisibleSolid,0,368,0032E46D,0,1,1,4294967295,0,1
oInvisibleSolid,112,112,0032A27D,0,1,1,4294967295,0,1
oInvisibleSolid,128,144,0018A095,0,1,1,4294967295,0,1
oInvisibleSolid,272,112,00280F70,0,1,1,4294967295,0,1
oInvisibleSolid,416,144,003E4F45,0,1,1,4294967295,0,1
oInvisibleSolid,480,112,00355A62,0,1,1,4294967295,0,1
oInvisibleSolid,352,272,0002A960,0,1,1,4294967295,0,1
oInvisibleSolid,160,272,000B82F7,0,1,1,4294967295,0,1
oInvisibleSolid,256,432,000E4B27,0,1,1,4294967295,0,1
oInvisibleSolid,352,368,000E28E0,0,1,1,4294967295,0,1
