oDancingFlower,4137,338,0032FEB6,0,1,1,4294967295,0,0
oDancingFlower,4066,330,001551C8,0,1,1,4294967295,0,0
oDancingFlower,4164,316,0022CEFB,0,1,1,4294967295,0,0
oDancingFlower,3305,296,00037575,0,1,1,4294967295,0,0
oDancingFlower,3285,339,0022D8F5,0,1,1,4294967295,0,0
oDancingFlower,3158,263,003B8172,0,1,1,4294967295,0,0
oDancingFlower,2953,303,00161124,0,1,1,4294967295,0,0
oDancingFlower,2857,329,00080F5F,0,1,1,4294967295,0,0
oDancingFlower,3027,282,002F8DA9,0,1,1,4294967295,0,0
oDancingFlower,3070,323,002FDE2B,0,1,1,4294967295,0,0
oDancingFlower,2679,279,00303C10,0,1,1,4294967295,0,0
oDancingFlower,2485,311,00215269,0,1,1,4294967295,0,0
oDancingFlower,2554,338,001E57A8,0,1,1,4294967295,0,0
oDancingFlower,2164,279,0008FB0E,0,1,1,4294967295,0,0
oDancingFlower,2108,303,0038AE42,0,1,1,4294967295,0,0
oDancingFlower,1470,278,001942B6,0,1,1,4294967295,0,0
oDancingFlower,1532,306,00076FAA,0,1,1,4294967295,0,0
oDancingFlower,1518,263,0028251F,0,1,1,4294967295,0,0
oDancingFlower,1069,334,000D1FF8,0,1,1,4294967295,0,0
oDancingFlower,1028,337,0014CDDA,0,1,1,4294967295,0,0
oDancingFlower,857,276,00374267,0,1,1,4294967295,0,0
oDancingFlower,791,296,00192377,0,1,1,4294967295,0,0
oDancingFlower,344,327,00122146,0,1,1,4294967295,0,0
oDancingFlower,261,280,000FF8BB,0,1,1,4294967295,0,0
oDancingFlower,207,305,00267BD9,0,1,1,4294967295,0,0
oDancingFlower,184,337,003FB982,0,1,1,4294967295,0,0
oDancingFlower,15,53,002AEB23,0,1,1,4294967295,0,0
oDancingFlower,71,35,00190DD0,0,1,1,4294967295,0,0
oDancingFlower,73,75,0035668E,0,1,1,4294967295,0,0
oExit,4384,272,00051AF9,0,1,1,4294967295,0,1
oEfHeartEmitter,1118,275,000FCD86,0,1,1,4294967295,0,1
oEfHeartEmitter,1762,153,001DE270,0,1,1,4294967295,0,1
oExit,4336,-16,0026CF04,0,1,1,4294967295,0,1
oExit,0,208,0013D5CD,0,1,1,4294967295,0,1
oDiveBird,2912,224,000690E8,0,1,1,4294967295,0,0
oDiveBird,2944,224,00300B79,0,1,1,4294967295,0,0
oDiveBird,2768,256,0010E042,0,1,1,4294967295,0,0
oDiveBird,2656,240,00028C07,0,1,1,4294967295,0,0
oDiveBird,2560,240,003E8BCB,0,1,1,4294967295,0,0
oDiveBird,2496,256,00154C8B,0,1,1,4294967295,0,0
oDiveBird,2432,240,00059131,0,1,1,4294967295,0,0
oDiveBird,2336,256,001DFD9A,0,1,1,4294967295,0,0
oDiveBird,2112,240,0024194F,0,1,1,4294967295,0,0
oDiveBird,2096,240,0009834E,0,1,1,4294967295,0,0
oDiveBird,1696,304,0024170E,0,1,1,4294967295,0,0
oDiveBird,1712,304,003A9212,0,1,1,4294967295,0,0
oDiveBird,1728,304,002CE181,0,1,1,4294967295,0,0
oDiveBird,1536,192,000D449A,0,1,1,4294967295,0,0
oDiveBird,1424,224,003160F8,0,1,1,4294967295,0,0
oDiveBird,1264,272,002D8ABF,0,1,1,4294967295,0,0
oDiveBird,1280,272,001D42C7,0,1,1,4294967295,0,0
oDiveBird,3376,240,0026D7F4,0,1,1,4294967295,0,1
oDiveBird,3408,240,002837AD,0,1,1,4294967295,0,1
oDiveBird,3440,240,0016D001,0,1,1,4294967295,0,1
oMarioQBlock,432,112,0024F651,0,1,1,4294967295,0,0
oMarioQBlock,416,112,0006D49D,0,1,1,4294967295,0,0
oAPBoost,752,64,003E5234,0,1,1,4294967295,0,1
oAPBoost,576,256,00360C74,0,1,1,4294967295,0,1
oEventBarrier,624,208,0015A129,0,1,1,4294967295,0,1
oReachRing,3328,208,002D2893,0,1,1,4294967295,0,0
oReachRing,3200,192,0015DA96,0,1,1,4294967295,0,0
oReachRing,3072,128,00072CF2,0,1,1,4294967295,0,0
oReachRing,2944,192,0038B776,0,1,1,4294967295,0,0
oReachRing,2848,208,00202C7C,0,1,1,4294967295,0,0
oReachRing,2784,160,002B7F6B,0,1,1,4294967295,0,0
oReachRing,2752,144,0022EF0B,0,1,1,4294967295,0,0
oReachRing,2720,160,003707A3,0,1,1,4294967295,0,0
oReachRing,2656,208,0033F8A5,0,1,1,4294967295,0,0
oReachRing,2496,224,000FA9C4,0,1,1,4294967295,0,0
oReachRing,2400,208,002AFDE9,0,1,1,4294967295,0,0
oReachRing,2272,192,002DBD4C,0,1,1,4294967295,0,0
oReachRing,2208,176,000723CA,0,1,1,4294967295,0,0
oReachRing,2080,160,0012C028,0,1,1,4294967295,0,0
oReachRing,2000,176,0028901B,0,1,1,4294967295,0,0
oReachRing,1904,128,00174BA2,0,1,1,4294967295,0,0
oReachRing,1792,80,002DBDFA,0,1,1,4294967295,0,0
oReachRing,1728,96,00311122,0,1,1,4294967295,0,0
oReachRing,1616,48,00015199,0,1,1,4294967295,0,0
oReachRing,1552,64,0039CB86,0,1,1,4294967295,0,0
oReachRing,1472,96,002071C6,0,1,1,4294967295,0,0
oReachRing,1392,192,0023FB47,0,1,1,4294967295,0,0
oReachRing,1232,160,001D05EA,0,1,1,4294967295,0,0
oReachRing,1056,144,001E9CE8,0,1,1,4294967295,0,0
oReachRing,912,176,0029351B,0,1,1,4294967295,0,0
oReachRing,816,192,003ECA6E,0,1,1,4294967295,0,0
oReachRing,752,176,003FDEA2,0,1,1,4294967295,0,0
oReachRing,672,240,003ACFB4,0,1,1,4294967295,0,0
oZeldaBreakPot,1664,274,002CCC13,0,1,1,4294967295,0,0
oZeldaBreakPot,1744,274,002B7EEA,0,1,1,4294967295,0,0
oBreakableWExp_Coded,4144,96,0008DB29,0,1,1,4294967295,0,1
oSparky,1792,112,0024AFBA,0,1,1,4294967295,0,0
oSparky,1232,192,000CE87F,0,1,1,4294967295,0,0
oSparky,2560,240,000479BF,0,1,1,4294967295,0,0
oLaserBall,3072,128,000DD08B,0,1,1,4294967295,0,0
oLaserBall,560,108,000FA813,0,1,1,4294967295,0,0
oPlayer1,4352,304,002868E7,0,1,1,4294967295,0,0
oInvCollPH,3696,16,002ADAE4,0,1,1,4294967295,0,0
oInvCollPH,3712,16,000C12AF,0,1,1,4294967295,0,0
oInvCollPH,3760,0,00228754,0,1,1,4294967295,0,0
oInvCollPH,3776,0,002CDDE6,0,1,1,4294967295,0,0
oInvCollPH,3792,0,001351B3,0,1,1,4294967295,0,0
oInvCollPH,3808,0,000C7D09,0,1,1,4294967295,0,0
oInvCollPH,3696,272,0030FFF5,0,1,1,4294967295,0,0
oInvCollPH,3712,272,0034D474,0,1,1,4294967295,0,0
oInvCollPH,3728,272,00054695,0,1,1,4294967295,0,0
oInvCollPH,3744,272,00314DAC,0,1,1,4294967295,0,0
oInvCollPH,3760,272,000E638F,0,1,1,4294967295,0,0
oInvCollPH,3776,272,001EF48C,0,1,1,4294967295,0,0
oInvCollPH,3792,272,003D2AC9,0,1,1,4294967295,0,0
oInvCollPH,3808,272,0001BF1C,0,1,1,4294967295,0,0
oInvCollPH,4128,272,00182C62,0,1,1,4294967295,0,0
oInvCollPH,4112,272,003C6EB5,0,1,1,4294967295,0,0
oInvCollPH,4096,272,003C0AA3,0,1,1,4294967295,0,0
oInvCollPH,4080,272,00199C99,0,1,1,4294967295,0,0
oInvCollPH,4064,272,00254C32,0,1,1,4294967295,0,0
oInvCollPH,4048,272,003E44A2,0,1,1,4294967295,0,0
oInvCollPH,4032,272,001D71D0,0,1,1,4294967295,0,0
oInvCollPH,4016,272,002909E9,0,1,1,4294967295,0,0
oInvCollPH,4000,272,001CE362,0,1,1,4294967295,0,0
oInvCollPH,3984,272,00209A9E,0,1,1,4294967295,0,0
oInvCollPH,3904,272,00165264,0,1,1,4294967295,0,0
oInvCollPH,3888,272,000F116A,0,1,1,4294967295,0,0
oInvCollPH,3824,272,0000EBD6,0,1,1,4294967295,0,0
oInvCollPH,3840,272,001BC1E5,0,1,1,4294967295,0,0
oInvCollPH,3856,272,00162203,0,1,1,4294967295,0,0
oInvCollPH,3872,272,001D92DF,0,1,1,4294967295,0,0
oInvCollPH,3920,272,000C89BF,0,1,1,4294967295,0,0
oInvCollPH,3936,272,0036A96D,0,1,1,4294967295,0,0
oInvCollPH,3952,272,0011C472,0,1,1,4294967295,0,0
oInvCollPH,3968,272,00292AA9,0,1,1,4294967295,0,0
oInvCollPH,4208,304,00141843,0,1,1,4294967295,0,0
oInvCollPH,4224,304,002674C4,0,1,1,4294967295,0,0
oInvCollPH,4240,304,000E3E7F,0,1,1,4294967295,0,0
oInvCollPH,4256,304,001B1778,0,1,1,4294967295,0,0
oInvCollPH,4272,304,00282E3F,0,1,1,4294967295,0,0
oInvCollPH,4288,304,00370A6A,0,1,1,4294967295,0,0
oInvCollPH,4304,304,00125D07,0,1,1,4294967295,0,0
oInvCollPH,4320,304,0005E45F,0,1,1,4294967295,0,0
oInvCollPH,4336,304,0007DF3B,0,1,1,4294967295,0,0
oInvCollPH,4352,304,00040210,0,1,1,4294967295,0,0
oInvCollPH,4368,304,00368D9F,0,1,1,4294967295,0,0
oInvCollPH,4384,304,00103427,0,1,1,4294967295,0,0
oInvCollPH,3856,16,00042807,0,1,1,4294967295,0,0
oInvCollPH,3872,16,0022AAB5,0,1,1,4294967295,0,0
oInvCollPH,3888,16,001919B5,0,1,1,4294967295,0,0
oInvCollPH,3904,16,00188D7D,0,1,1,4294967295,0,0
oInvCollPH,4336,176,004017CD,0,1,1,4294967295,0,0
oInvCollPH,4352,176,0020C93F,0,1,1,4294967295,0,0
oInvCollPH,4368,176,00106316,0,1,1,4294967295,0,0
oInvCollPH,4384,176,00063824,0,1,1,4294967295,0,0
oInvCollPH,3952,32,000EAA37,0,1,1,4294967295,0,0
oInvCollPH,3968,32,001B28E5,0,1,1,4294967295,0,0
oInvCollPH,3984,32,003DD28C,0,1,1,4294967295,0,0
oInvCollPH,4000,32,0009576E,0,1,1,4294967295,0,0
oInvCollPH,4368,16,00003067,0,1,1,4294967295,0,0
oInvCollPH,4368,32,003098EE,0,1,1,4294967295,0,0
oInvCollPH,4368,48,003B830B,0,1,1,4294967295,0,0
oInvCollPH,4128,80,001C8043,0,1,1,4294967295,0,0
oInvCollPH,1224,192,0037238D,0,1,1,4294967295,0,0
oInvCollPH,1240,192,002EFB32,0,1,1,4294967295,0,0
oInvCollPH,1216,224,002C8857,0,1,1,4294967295,0,0
oInvCollPH,1216,240,002C5850,0,1,1,4294967295,0,0
oInvCollPH,1216,256,00392F8C,0,1,1,4294967295,0,0
oInvCollPH,1168,256,002622E1,0,1,1,4294967295,0,0
oInvCollPH,1224,256,000346FC,0,1,1,4294967295,0,0
oInvCollPH,1224,240,001758C5,0,1,1,4294967295,0,0
oInvCollPH,1224,224,003B7481,0,1,1,4294967295,0,0
oInvCollPH,1224,208,00198834,0,1,1,4294967295,0,0
oInvCollPH,432,272,00286576,0,1,1,4294967295,0,0
oInvCollPH,416,272,00094757,0,1,1,4294967295,0,0
oInvCollPH,176,208,0034DCBC,0,1,1,4294967295,0,0
oInvCollPH,192,208,001D43C0,0,1,1,4294967295,0,0
oInvCollPH,208,208,0035A899,0,1,1,4294967295,0,0
oInvCollPH,336,240,00041460,0,1,1,4294967295,0,0
oInvCollPH,320,240,00194DBA,0,1,1,4294967295,0,0
oInvCollPH,304,240,00389899,0,1,1,4294967295,0,0
oInvCollPH,288,240,001085B2,0,1,1,4294967295,0,0
oInvCollPH,80,240,003AF380,0,1,1,4294967295,0,0
oInvCollPH,64,240,002B8276,0,1,1,4294967295,0,0
oInvCollPH,48,240,00393D76,0,1,1,4294967295,0,0
oInvCollPH,32,240,0037E03B,0,1,1,4294967295,0,0
oInvCollPH,16,240,0030628F,0,1,1,4294967295,0,0
oInvCollPH,880,208,00232767,0,1,1,4294967295,0,0
oInvCollPH,1072,240,00333644,0,1,1,4294967295,0,0
oInvCollPH,1056,240,002AB85D,0,1,1,4294967295,0,0
oInvCollPH,1040,240,001E0E02,0,1,1,4294967295,0,0
oInvCollPH,1024,240,0039A541,0,1,1,4294967295,0,0
oInvCollPH,1008,240,00369C62,0,1,1,4294967295,0,0
oInvCollPH,992,240,0024A1A2,0,1,1,4294967295,0,0
oInvCollPH,976,240,00349D91,0,1,1,4294967295,0,0
oInvCollPH,960,240,0038423B,0,1,1,4294967295,0,0
oInvCollPH,1520,192,00174AD0,0,1,1,4294967295,0,0
oInvCollPH,1536,192,00305120,0,1,1,4294967295,0,0
oInvCollPH,1552,192,00191585,0,1,1,4294967295,0,0
oInvCollPH,1728,128,003ABA13,0,1,1,4294967295,0,0
oInvCollPH,1696,304,0032758B,0,1,1,4294967295,0,0
oInvCollPH,1712,304,002B4896,0,1,1,4294967295,0,0
oInvCollPH,1392,224,00146C51,0,1,1,4294967295,0,0
oInvCollPH,1408,224,0021EF73,0,1,1,4294967295,0,0
oInvCollPH,1424,224,0029CA3C,0,1,1,4294967295,0,0
oInvCollPH,1184,272,0020F309,0,1,1,4294967295,0,0
oInvCollPH,1200,272,00342469,0,1,1,4294967295,0,0
oInvCollPH,1264,272,00084CC1,0,1,1,4294967295,0,0
oInvCollPH,1248,272,002430F3,0,1,1,4294967295,0,0
oInvCollPH,1232,272,003351BA,0,1,1,4294967295,0,0
oInvCollPH,3456,64,00321441,0,1,1,4294967295,0,0
oInvCollPH,3616,48,0015012F,0,1,1,4294967295,0,0
oInvCollPH,3600,48,002A40BE,0,1,1,4294967295,0,0
oInvCollPH,3584,48,00184164,0,1,1,4294967295,0,0
oInvCollPH,3568,48,00063BEF,0,1,1,4294967295,0,0
oInvCollPH,3552,48,001D9671,0,1,1,4294967295,0,0
oInvCollPH,3536,48,000C1D89,0,1,1,4294967295,0,0
oInvCollPH,3520,48,00046732,0,1,1,4294967295,0,0
oInvCollPH,3504,48,00147B28,0,1,1,4294967295,0,0
oInvCollPH,3616,240,0015FCB1,0,1,1,4294967295,0,0
oInvCollPH,3360,240,000C014B,0,1,1,4294967295,0,0
oInvCollPH,3376,240,00279500,0,1,1,4294967295,0,0
oInvCollPH,3392,240,003853DE,0,1,1,4294967295,0,0
oInvCollPH,3408,240,0015F7AE,0,1,1,4294967295,0,0
oInvCollPH,3424,240,003348D9,0,1,1,4294967295,0,0
oInvCollPH,3440,240,000453F4,0,1,1,4294967295,0,0
oInvCollPH,3456,240,00020450,0,1,1,4294967295,0,0
oInvCollPH,3472,240,0022B74B,0,1,1,4294967295,0,0
oInvCollPH,3488,240,0033B5FD,0,1,1,4294967295,0,0
oInvCollPH,3504,240,0018059A,0,1,1,4294967295,0,0
oInvCollPH,3520,240,003B2C45,0,1,1,4294967295,0,0
oInvCollPH,3536,240,002ED2DD,0,1,1,4294967295,0,0
oInvCollPH,3552,240,000F5CB3,0,1,1,4294967295,0,0
oInvCollPH,1792,112,003A9502,0,1,1,4294967295,0,0
oInvCollPH,2208,208,003C7917,0,1,1,4294967295,0,0
oInvCollPH,2064,240,0001846D,0,1,1,4294967295,0,0
oInvCollPH,2080,240,0016E1B3,0,1,1,4294967295,0,0
oInvCollPH,2096,240,00039FA6,0,1,1,4294967295,0,0
oInvCollPH,2112,240,000F5ABC,0,1,1,4294967295,0,0
oInvCollPH,2432,240,000F8552,0,1,1,4294967295,0,0
oInvCollPH,2560,240,00194E39,0,1,1,4294967295,0,0
oInvCollPH,2656,240,002304DC,0,1,1,4294967295,0,0
oInvCollPH,3040,192,003E3F93,0,1,1,4294967295,0,0
oInvCollPH,3056,192,00112596,0,1,1,4294967295,0,0
oInvCollPH,3072,192,00071CDB,0,1,1,4294967295,0,0
oInvCollPH,3088,192,00261C49,0,1,1,4294967295,0,0
oInvCollPH,3104,192,00050E7A,0,1,1,4294967295,0,0
oInvCollPH,2912,224,003C24F4,0,1,1,4294967295,0,0
oInvCollPH,2928,224,0038EF6A,0,1,1,4294967295,0,0
oInvCollPH,2944,224,0035AA37,0,1,1,4294967295,0,0
oInvCollPH,2848,240,000C4175,0,1,1,4294967295,0,0
oInvCollPH,3216,240,003FB30D,0,1,1,4294967295,0,0
oInvCollPH,3232,240,000805A2,0,1,1,4294967295,0,0
oInvCollPH,3248,240,00330D9F,0,1,1,4294967295,0,0
oInvCollPH,3264,240,00346241,0,1,1,4294967295,0,0
oInvCollPH,3280,240,0039A392,0,1,1,4294967295,0,0
oInvCollPH,3296,240,00201F04,0,1,1,4294967295,0,0
oInvCollPH,3312,240,003102AE,0,1,1,4294967295,0,0
oInvCollPH,2320,256,002E2B66,0,1,1,4294967295,0,0
oInvCollPH,2336,256,0036ADA2,0,1,1,4294967295,0,0
oInvCollPH,2352,256,0015AB09,0,1,1,4294967295,0,0
oInvCollPH,2368,256,001BC16D,0,1,1,4294967295,0,0
oInvCollPH,2480,256,000A86D3,0,1,1,4294967295,0,0
oInvCollPH,2496,256,00065634,0,1,1,4294967295,0,0
oInvCollPH,2704,256,0013FA9E,0,1,1,4294967295,0,0
oInvCollPH,2720,256,00085050,0,1,1,4294967295,0,0
oInvCollPH,2736,256,00260E89,0,1,1,4294967295,0,0
oInvCollPH,2752,256,003B4926,0,1,1,4294967295,0,0
oInvCollPH,2768,256,002F770B,0,1,1,4294967295,0,0
oInvCollPH,2784,256,001340DD,0,1,1,4294967295,0,0
oInvCollPH,624,192,00029A2C,0,1,1,4294967295,0,0
oInvCollPH,752,224,00158206,0,1,1,4294967295,0,0
oInvCollPH,752,240,00243915,0,1,1,4294967295,0,0
oInvCollPH,736,240,0033FBFB,0,1,1,4294967295,0,0
oInvCollPH,736,256,001554D1,0,1,1,4294967295,0,0
oInvCollPH,512,176,002A0D10,0,1,1,4294967295,0,0
oInvCollPH,528,160,0009E529,0,1,1,4294967295,0,0
oInvCollPH,544,160,0027D53E,0,1,1,4294967295,0,0
oInvCollPH,560,160,002B10C5,0,1,1,4294967295,0,0
oInvCollPH,576,160,0013F34B,0,1,1,4294967295,0,0
oInvCollPH,592,160,00109887,0,1,1,4294967295,0,0
oInvCollPH,608,160,003F1689,0,1,1,4294967295,0,0
oInvCollPH,624,160,0002DC97,0,1,1,4294967295,0,0
oInvCollPH,624,176,001E4D6D,0,1,1,4294967295,0,0
oInvCollPH,592,176,0033B91F,0,1,1,4294967295,0,0
oInvCollPH,576,176,003B1394,0,1,1,4294967295,0,0
oInvCollPH,560,176,00104F47,0,1,1,4294967295,0,0
oInvCollPH,544,176,00268597,0,1,1,4294967295,0,0
oInvCollPH,480,208,000ED9BB,0,1,1,4294967295,0,0
oInvCollPH,496,192,00384ACC,0,1,1,4294967295,0,0
oInvCollPH,528,192,00272CC3,0,1,1,4294967295,0,0
oInvCollPH,528,208,001EE2CC,0,1,1,4294967295,0,0
oInvCollPH,448,240,0016E84D,0,1,1,4294967295,0,0
oInvCollPH,448,256,00084E21,0,1,1,4294967295,0,0
oInvCollPH,464,224,000A698A,0,1,1,4294967295,0,0
oInvCollPH,528,240,001B6234,0,1,1,4294967295,0,0
oInvCollPH,528,256,0032469F,0,1,1,4294967295,0,0
oInvCollPH,544,272,002B100B,0,1,1,4294967295,0,0
oInvCollPH,560,272,0022087E,0,1,1,4294967295,0,0
oInvCollPH,576,272,0026E662,0,1,1,4294967295,0,0
oInvCollPH,592,272,00201885,0,1,1,4294967295,0,0
oInvCollPH,608,272,003B6890,0,1,1,4294967295,0,0
oInvCollPH,624,272,003D1B3F,0,1,1,4294967295,0,0
oInvCollPH,640,272,001FFF0B,0,1,1,4294967295,0,0
oInvCollPH,656,272,00058C72,0,1,1,4294967295,0,0
oInvCollPH,672,272,001BBB92,0,1,1,4294967295,0,0
oInvCollPH,688,272,0006F7E6,0,1,1,4294967295,0,0
oInvCollPH,704,272,000CC58B,0,1,1,4294967295,0,0
oInvCollPH,720,272,000AE81A,0,1,1,4294967295,0,0
oInvCollPH,752,80,0035A6D2,0,1,1,4294967295,0,0
oInvCollPH,752,96,002176C4,0,1,1,4294967295,0,0
oInvCollPH,752,112,0023F60C,0,1,1,4294967295,0,0
oInvCollPH,736,112,00047257,0,1,1,4294967295,0,0
oInvCollPH,736,96,00330C4B,0,1,1,4294967295,0,0
oInvCollPH,0,96,00230843,0,1,1,4294967295,0,0
oInvCollPH,16,96,0019C6B7,0,1,1,4294967295,0,0
oInvCollPH,160,32,00336551,0,1,1,4294967295,0,0
oInvCollPH,176,32,00130001,0,1,1,4294967295,0,0
oInvCollPH,192,32,001224DC,0,1,1,4294967295,0,0
oInvCollPH,208,32,0036AAFD,0,1,1,4294967295,0,0
oInvisibleLupLowSlope,4144,272,000B4334,0,1,1,4294967295,0,0
oInvisibleLupLowSlope,4176,288,00011346,0,1,1,4294967295,0,0
oInvisibleLupLowSlope,3664,256,0023E8C5,0,1,1,4294967295,0,0
oInvisibleLupLowSlope,3632,240,001AC75A,0,1,1,4294967295,0,0
oInvisibleLCeilingLowSlope,3632,48,00054CD4,0,1,1,4294967295,0,0
oInvisibleLCeilingLowSlope,3664,32,002DC91C,0,1,1,4294967295,0,0
oInvisibleLCeilingLowSlope,3728,16,002DF4E2,0,1,1,4294967295,0,0
oInvisibleRCeilingLowSlope,3824,16,004046F2,0,1,1,4294967295,0,0
oInvisibleRCeilingLowSlope,3920,32,00037DDA,0,1,1,4294967295,0,0
oInvisibleRCeilingLowSlope,4016,48,0004E998,0,1,1,4294967295,0,0
oInvisibleRCeilingLowSlope,4048,64,000D5122,0,1,1,4294967295,0,0
oInvisibleRCeilingLowSlope,4080,80,0023BDDF,0,1,1,4294967295,0,0
oInvisibleRCeilingLowSlope,4240,144,00400482,0,1,1,4294967295,0,0
oInvisibleRCeilingLowSlope,4272,160,00017CA5,0,1,1,4294967295,0,0
oInvisibleRCeilingLowSlope,4304,176,00131D7E,0,1,1,4294967295,0,0
oInvisibleSolid,3632,256,00144865,0,1,1,4294967295,0,1
oInvisibleSolid,3664,272,0017378F,0,1,1,4294967295,0,1
oInvisibleSolid,4144,288,00279A89,0,1,1,4294967295,0,1
oInvisibleSolid,4176,304,003F56CA,0,1,1,4294967295,0,1
oInvisibleSolid,4080,0,00172E45,0,1,1,4294967295,0,1
oInvisibleSolid,4048,0,001A73FB,0,1,1,4294967295,0,1
oInvisibleSolid,3952,0,001C13CB,0,1,1,4294967295,0,1
oInvisibleSolid,3856,0,0009FC15,0,1,1,4294967295,0,1
oInvisibleSolid,3728,0,0029E245,0,1,1,4294967295,0,1
oInvisibleSolid,3664,0,00277612,0,1,1,4294967295,0,1
oInvisibleSolid,3632,0,00399DF4,0,1,1,4294967295,0,1
oInvisibleLCeilingLowSlope,4144,80,000F84D1,0,1,1,4294967295,0,0
oInvisibleLCeilingLowSlope,4176,64,0031AE35,0,1,1,4294967295,0,0
oInvisibleLCeilingLowSlope,4208,48,001AF872,0,1,1,4294967295,0,0
oInvisibleLCeilingLowSlope,4240,32,00298E1B,0,1,1,4294967295,0,0
oInvisibleLCeilingLowSlope,4272,16,000EB0F5,0,1,1,4294967295,0,0
oInvisibleLCeilingLowSlope,4304,0,0001F7FB,0,1,1,4294967295,0,0
oInvisibleRupLowSlope,4240,112,00011AE2,0,1,1,4294967295,0,0
oInvisibleRupLowSlope,4272,96,002B1205,0,1,1,4294967295,0,0
oInvisibleRupLowSlope,4304,80,003EFEEF,0,1,1,4294967295,0,0
oInvisibleRupLowSlope,4336,64,000F302B,0,1,1,4294967295,0,0
oInvisibleSolid,4368,0,002C3ED6,0,1,1,4294967295,0,1
oInvisibleSolid,4112,80,000FDDEF,0,1,1,4294967295,0,1
oInvisibleSolid,4232,128,00003F75,0,1,1,4294967295,0,1
oInvisibleSolid,4272,112,000E8016,0,1,1,4294967295,0,1
oInvisibleSolid,4304,96,0035FDFE,0,1,1,4294967295,0,1
oInvisibleSolid,4336,80,00137BAF,0,1,1,4294967295,0,1
oInvisibleSolid,4240,0,0008DF24,0,1,1,4294967295,0,1
oInvisibleSolid,4272,0,003E7F61,0,1,1,4294967295,0,1
oInvisibleSolid,4176,0,0000AC74,0,1,1,4294967295,0,1
oInvisibleSolid,4208,0,0028723D,0,1,1,4294967295,0,1
oInvisibleRupLowSlope,96,224,00250E30,0,1,1,4294967295,0,0
oInvisibleRupLowSlope,128,208,001A1786,0,1,1,4294967295,0,0
oInvisibleRupLowSlope,768,240,00197931,0,1,1,4294967295,0,0
oInvisibleRupLowSlope,800,224,002CFF82,0,1,1,4294967295,0,0
oInvisibleRupLowSlope,832,208,003A5CE7,0,1,1,4294967295,0,0
oInvisibleRupLowSlope,1280,256,0012D821,0,1,1,4294967295,0,0
oInvisibleRupLowSlope,1312,240,002CB7B6,0,1,1,4294967295,0,0
oInvisibleRupLowSlope,1344,224,00054488,0,1,1,4294967295,0,0
oInvisibleRupLowSlope,1440,208,0005BD1D,0,1,1,4294967295,0,0
oInvisibleRupLowSlope,1472,192,0032E78C,0,1,1,4294967295,0,0
oInvisibleRupLowSlope,1680,128,001460BD,0,1,1,4294967295,0,0
oInvisibleRupLowSlope,1744,112,002A843B,0,1,1,4294967295,0,0
oInvisibleRupLowSlope,2128,224,0021C19F,0,1,1,4294967295,0,0
oInvisibleRupLowSlope,2160,208,0022900C,0,1,1,4294967295,0,0
oInvisibleRupLowSlope,2384,240,000FF389,0,1,1,4294967295,0,0
oInvisibleRupLowSlope,2512,240,000B82E0,0,1,1,4294967295,0,0
oInvisibleRupLowSlope,2608,240,002B774E,0,1,1,4294967295,0,0
oInvisibleRupLowSlope,2800,240,0017E214,0,1,1,4294967295,0,0
oInvisibleRupLowSlope,2864,224,00089763,0,1,1,4294967295,0,0
oInvisibleRupLowSlope,2960,208,0033ABC4,0,1,1,4294967295,0,0
oInvisibleRupLowSlope,2992,192,0037C07F,0,1,1,4294967295,0,0
oInvisibleLCeilingLowSlope,3472,64,000470C3,0,1,1,4294967295,0,0
oInvisibleRCeilingLowSlope,3408,64,0016F3DD,0,1,1,4294967295,0,0
oInvisibleRCeilingLowSlope,3376,48,002F05EE,0,1,1,4294967295,0,0
oInvisibleRCeilingLowSlope,3344,32,000E03EE,0,1,1,4294967295,0,0
oInvisibleLCeilingSteepSlope,3328,0,002BB09D,0,1,1,4294967295,0,0
oInvisibleLupLowSlope,3120,192,000B3E0D,0,1,1,4294967295,0,0
oInvisibleLupLowSlope,3152,208,0002B70C,0,1,1,4294967295,0,0
oInvisibleLupLowSlope,3184,224,0037B693,0,1,1,4294967295,0,0
oInvisibleLupLowSlope,2672,240,00159212,0,1,1,4294967295,0,0
oInvisibleLupLowSlope,2576,240,000CCD86,0,1,1,4294967295,0,0
oInvisibleLupLowSlope,2448,240,001355CB,0,1,1,4294967295,0,0
oInvisibleLupLowSlope,2224,208,003A8C84,0,1,1,4294967295,0,0
oInvisibleLupLowSlope,2256,224,00292276,0,1,1,4294967295,0,0
oInvisibleLupLowSlope,2288,240,0031DB14,0,1,1,4294967295,0,0
oInvisibleLupLowSlope,2032,224,0028CFB0,0,1,1,4294967295,0,0
oInvisibleLupLowSlope,2000,208,002F399A,0,1,1,4294967295,0,0
oInvisibleLupLowSlope,1968,192,003FDC4C,0,1,1,4294967295,0,0
oInvisibleLupLowSlope,1936,176,00037967,0,1,1,4294967295,0,0
oInvisibleLupLowSlope,1904,160,0011AE32,0,1,1,4294967295,0,0
oInvisibleLupLowSlope,1872,144,0029930D,0,1,1,4294967295,0,0
oInvisibleLupLowSlope,1840,128,001E249F,0,1,1,4294967295,0,0
oInvisibleLupLowSlope,1808,112,00335044,0,1,1,4294967295,0,0
oInvisibleLupLowSlope,1664,288,0032D604,0,1,1,4294967295,0,0
oInvisibleLupLowSlope,1632,272,0005F59D,0,1,1,4294967295,0,0
oInvisibleLupLowSlope,1568,192,000EE794,0,1,1,4294967295,0,0
oInvisibleRupLowSlope,1728,288,0020A5DD,0,1,1,4294967295,0,0
oInvisibleRCeilingLowSlope,1680,160,000D55A9,0,1,1,4294967295,0,0
oInvisibleRCeilingLowSlope,1712,176,002957B8,0,1,1,4294967295,0,0
oInvisibleLCeilingSteepSlope,1744,192,001E0606,0,1,1,4294967295,0,0
oInvisibleLCeilingSteepSlope,1760,224,0035FB63,0,1,1,4294967295,0,0
oInvisibleLUpSteepSlope,1760,256,0016A5AB,0,1,1,4294967295,0,0
oInvisibleLupLowSlope,1120,256,0014E1F2,0,1,1,4294967295,0,0
oInvisibleLupLowSlope,1088,240,001428DA,0,1,1,4294967295,0,0
oInvisibleLupLowSlope,896,208,0021649E,0,1,1,4294967295,0,0
oInvisibleLupLowSlope,928,224,001157F7,0,1,1,4294967295,0,0
oInvisibleLupLowSlope,384,256,003BAA6B,0,1,1,4294967295,0,0
oInvisibleLupLowSlope,352,240,00210E32,0,1,1,4294967295,0,0
oInvisibleLupLowSlope,256,224,003DFF9E,0,1,1,4294967295,0,0
oInvisibleLupLowSlope,224,208,00145C4B,0,1,1,4294967295,0,0
oInvisibleSolid,1216,208,0015740A,0,1,1,4294967295,0,1
oInvisibleSolid,1208,192,002D3E13,0,1,1,4294967295,0,1
oInvisibleSolid,1152,256,000E6E60,0,1,1,4294967295,0,1
oInvisibleRUpSteepSlope,1600,208,001E4001,0,1,1,4294967295,0,0
oInvisibleRUpSteepSlope,1616,240,00291591,0,1,1,4294967295,0,0
oInvisibleSolid,1672,144,001FDE74,0,1,1,4294967295,0,1
oInvisibleSolid,352,256,002E04D3,0,1,1,4294967295,0,1
oInvisibleSolid,384,272,0005AEA4,0,1,1,4294967295,0,1
oInvisibleSolid,448,224,001FDF17,0,1,1,4294967295,0,1
oInvisibleSolid,128,224,001C1542,0,1,1,4294967295,0,1
oInvisibleSolid,160,208,0033DAB0,0,1,1,4294967295,0,1
oInvisibleSolid,0,240,003D3280,0,1,1,4294967295,0,1
oInvisibleSolid,1712,128,0011FB32,0,1,1,4294967295,0,1
oInvisibleSolid,1744,176,00317C69,0,1,1,4294967295,0,0
oInvisibleSolid,1776,112,003DECD3,0,1,1,4294967295,0,1
oInvisibleSolid,1664,304,00147C0B,0,1,1,4294967295,0,1
oInvisibleSolid,1760,288,0029BE8C,0,1,1,4294967295,0,0
oInvisibleSolid,1632,288,0019CCC9,0,1,1,4294967295,0,1
oInvisibleSolid,1616,272,0022AD1F,0,1,1,4294967295,0,1
oInvisibleSolid,1600,240,0033D41A,0,1,1,4294967295,0,1
oInvisibleSolid,1504,192,002CC5C9,0,1,1,4294967295,0,1
oInvisibleSolid,1472,208,00233E6C,0,1,1,4294967295,0,1
oInvisibleSolid,1376,224,000A6891,0,1,1,4294967295,0,1
oInvisibleSolid,1344,240,0000DAB9,0,1,1,4294967295,0,1
oInvisibleSolid,1312,256,001EEE4C,0,1,1,4294967295,0,1
oInvisibleSolid,1120,272,0026AF0D,0,1,1,4294967295,0,1
oInvisibleSolid,768,256,003F9D17,0,1,1,4294967295,0,1
oInvisibleSolid,800,240,0020099C,0,1,1,4294967295,0,1
oInvisibleSolid,832,224,0017B9AF,0,1,1,4294967295,0,1
oInvisibleSolid,864,208,0000075A,0,1,1,4294967295,0,1
oInvisibleSolid,3440,64,000103D0,0,1,1,4294967295,0,1
oInvisibleSolid,3408,0,003F0442,0,1,1,4294967295,0,1
oInvisibleSolid,3376,0,001E0850,0,1,1,4294967295,0,1
oInvisibleSolid,3344,0,00265396,0,1,1,4294967295,0,1
oInvisibleLCeilingSteepSlope,3552,256,0035BFFD,0,1,1,4294967295,0,0
oInvisibleLCeilingSteepSlope,3568,288,0037B395,0,1,1,4294967295,0,0
oInvisibleLCeilingSteepSlope,3584,320,002D5225,0,1,1,4294967295,0,0
oInvisibleRCeilingSteepSlope,3344,256,000FF759,0,1,1,4294967295,0,0
oInvisibleRCeilingSteepSlope,3328,288,0023AF53,0,1,1,4294967295,0,0
oInvisibleSolid,3344,240,001E3C85,0,1,1,4294967295,0,1
oInvisibleSolid,3328,320,00170793,0,1,1,4294967295,0,1
oInvisibleSolid,3328,240,00286C1E,0,1,1,4294967295,0,1
oInvisibleSolid,2832,240,00304714,0,1,1,4294967295,0,1
oInvisibleSolid,3568,240,0021D43E,0,1,1,4294967295,0,1
oInvisibleSolid,3584,240,0003F4BD,0,1,1,4294967295,0,1
oInvisibleSolid,3600,240,001E7C83,0,1,1,4294967295,0,1
oInvisibleSolid,2896,224,002B475B,0,1,1,4294967295,0,1
oInvisibleSolid,2992,208,003767FD,0,1,1,4294967295,0,1
oInvisibleSolid,3024,192,00270E6A,0,1,1,4294967295,0,1
oInvisibleSolid,2640,240,003166CE,0,1,1,4294967295,0,1
oInvisibleSolid,2544,240,0005F273,0,1,1,4294967295,0,1
oInvisibleSolid,2416,240,0015AFB0,0,1,1,4294967295,0,1
oInvisibleSolid,2288,256,0005176C,0,1,1,4294967295,0,1
oInvisibleSolid,2192,208,0025F243,0,1,1,4294967295,0,1
oInvisibleSolid,2160,224,001E9C19,0,1,1,4294967295,0,1
oInvisibleSolid,1776,240,001A5482,0,1,1,4294967295,0,1
oInvisibleSolid,2000,224,00072487,0,1,1,4294967295,0,1
oInvisibleSolid,1968,208,002738D2,0,1,1,4294967295,0,1
oInvisibleSolid,1936,192,001A6C58,0,1,1,4294967295,0,1
oInvisibleSolid,1760,128,003BFACB,0,1,1,4294967295,0,1
oInvisibleSolid,1904,176,001520C2,0,1,1,4294967295,0,1
oInvisibleSolid,1872,160,001E4A55,0,1,1,4294967295,0,1
oInvisibleSolid,1840,144,001C959D,0,1,1,4294967295,0,1
oInvisibleSolid,1808,128,00038185,0,1,1,4294967295,0,1
oInvisibleSolid,736,224,0010B980,0,1,1,4294967295,0,1
oInvisibleSolid,608,192,002298F2,0,1,1,4294967295,0,0
oInvisibleSolid,512,160,0031598C,0,1,1,4294967295,0,1
oInvisibleSolid,480,192,00140E8B,0,1,1,4294967295,0,1
oInvisibleSolid,736,80,0011545B,0,1,1,4294967295,0,1
oInvisibleRCeilingLowSlope,4112,96,001A4A53,0,1,1,4294967295,0,0
oInvisibleRCeilingLowSlope,4208,128,00131FE3,0,1,1,4294967295,0,0
oInvisibleSolid,4144,0,0013B88E,0,1,1,4294967295,0,1
oInvisibleLCeilingLowSlope,288,0,00238B6B,0,1,1,4294967295,0,0
oInvisibleLCeilingLowSlope,256,16,003799D3,0,1,1,4294967295,0,0
oInvisibleLCeilingLowSlope,224,32,001FA515,0,1,1,4294967295,0,0
oInvisibleLCeilingLowSlope,128,48,00218E02,0,1,1,4294967295,0,0
oInvisibleLCeilingLowSlope,96,64,000AF76C,0,1,1,4294967295,0,0
oInvisibleLCeilingLowSlope,64,80,00159772,0,1,1,4294967295,0,0
oInvisibleLCeilingLowSlope,32,96,0008A59B,0,1,1,4294967295,0,0
oInvisibleSolid,256,0,0002A883,0,1,1,4294967295,0,1
oInvisibleSolid,224,0,002A5DCC,0,1,1,4294967295,0,1
oInvisibleSolid,128,0,003FA3DC,0,1,1,4294967295,0,1
oInvisibleSolid,96,0,000EAF9A,0,1,1,4294967295,0,1
oInvisibleSolid,64,0,001CF481,0,1,1,4294967295,0,1
oInvisibleSolid,32,0,002144C3,0,1,1,4294967295,0,1
oInvisibleSolid,0,0,003BABF6,0,1,1,4294967295,0,1
