oExit,0,240,0014A1BD,0,1,1,4294967295,0,1
oExit,2256,240,003C6F27,0,1,1,4294967295,0,1
oCVCandle,192,240,0020BFF9,0,1,1,4294967295,0,0
oCVCandle,384,240,002930B2,0,1,1,4294967295,0,0
oCVCandle,576,240,00241FC1,0,1,1,4294967295,0,0
oCVCandle,768,240,003CD7A9,0,1,1,4294967295,0,0
oCVCandle,960,240,0012923B,0,1,1,4294967295,0,0
oCVCandle,1312,240,003F2485,0,1,1,4294967295,0,0
oCVCandle,1504,240,000166AB,0,1,1,4294967295,0,0
oCVCandle,1888,240,002A4FCB,0,1,1,4294967295,0,0
oCVCandle,2080,240,000AC491,0,1,1,4294967295,0,0
oZeldaBreakPot,1128,256,0010AF23,0,1,1,4294967295,0,0
oCV_PeepingEye,1136,208,00101359,0,1,1,4294967295,0,0
oCV_SalemWitch,384,208,00075B3D,0,1,1,4294967295,0,0
oCV_BonePillar,768,272,0023040D,0,1,1,4294967295,0,0
oCV_SwordKnight,800,272,000F5D59,0,1,1,4294967295,0,0
oCV_GhostDancer,1504,272,002B6FB0,0,1,1,4294967295,0,0
oCV_GhostDancer,1888,272,000C530A,0,1,1,4294967295,0,0
oCV_SwordKnight,1696,272,000DC936,0,1,1,4294967295,0,0
oPlayer1,48,272,002CA5EB,0,1,1,4294967295,0,0
oInvCollPH,0,176,003C70E7,0,1,1,4294967295,0,0
oInvCollPH,16,176,002D90B5,0,1,1,4294967295,0,0
oInvCollPH,32,176,0004E111,0,1,1,4294967295,0,0
oInvCollPH,32,160,0039CF8A,0,1,1,4294967295,0,0
oInvCollPH,32,144,0002E157,0,1,1,4294967295,0,0
oInvCollPH,16,272,00267D95,0,1,1,4294967295,0,0
oInvCollPH,32,272,00339026,0,1,1,4294967295,0,0
oInvCollPH,48,272,003B1F1A,0,1,1,4294967295,0,0
oInvCollPH,64,272,000C89B4,0,1,1,4294967295,0,0
oInvCollPH,80,272,0016D799,0,1,1,4294967295,0,0
oInvCollPH,96,272,0003E299,0,1,1,4294967295,0,0
oInvCollPH,112,272,0011CB8E,0,1,1,4294967295,0,0
oInvCollPH,128,272,003BB925,0,1,1,4294967295,0,0
oInvCollPH,144,272,0037E113,0,1,1,4294967295,0,0
oInvCollPH,160,272,0016975D,0,1,1,4294967295,0,0
oInvCollPH,176,272,0036D008,0,1,1,4294967295,0,0
oInvCollPH,192,272,003F5F8C,0,1,1,4294967295,0,0
oInvCollPH,208,272,003A432E,0,1,1,4294967295,0,0
oInvCollPH,48,128,0028BBD4,0,1,1,4294967295,0,0
oInvCollPH,64,128,0019EFE4,0,1,1,4294967295,0,0
oInvCollPH,80,128,002DE6FB,0,1,1,4294967295,0,0
oInvCollPH,96,128,0033773C,0,1,1,4294967295,0,0
oInvCollPH,112,128,001205E8,0,1,1,4294967295,0,0
oInvCollPH,128,128,0003D674,0,1,1,4294967295,0,0
oInvCollPH,144,128,0035E2C6,0,1,1,4294967295,0,0
oInvCollPH,160,128,00125307,0,1,1,4294967295,0,0
oInvCollPH,176,128,0010837A,0,1,1,4294967295,0,0
oInvCollPH,192,128,0039E872,0,1,1,4294967295,0,0
oInvCollPH,208,128,0031796B,0,1,1,4294967295,0,0
oInvCollPH,224,128,000EF4A4,0,1,1,4294967295,0,0
oInvCollPH,240,128,00311C69,0,1,1,4294967295,0,0
oInvCollPH,256,128,00373D0B,0,1,1,4294967295,0,0
oInvCollPH,272,128,002423CC,0,1,1,4294967295,0,0
oInvCollPH,288,128,00282FD3,0,1,1,4294967295,0,0
oInvCollPH,304,128,00013632,0,1,1,4294967295,0,0
oInvCollPH,320,128,001415C5,0,1,1,4294967295,0,0
oInvCollPH,336,128,00140514,0,1,1,4294967295,0,0
oInvCollPH,352,128,002F29F2,0,1,1,4294967295,0,0
oInvCollPH,368,128,0006219B,0,1,1,4294967295,0,0
oInvCollPH,384,128,003E85E8,0,1,1,4294967295,0,0
oInvCollPH,400,128,0002B5AD,0,1,1,4294967295,0,0
oInvCollPH,416,128,002FED9D,0,1,1,4294967295,0,0
oInvCollPH,432,128,00400CC6,0,1,1,4294967295,0,0
oInvCollPH,448,128,003C1678,0,1,1,4294967295,0,0
oInvCollPH,464,128,00189693,0,1,1,4294967295,0,0
oInvCollPH,480,128,0014B249,0,1,1,4294967295,0,0
oInvCollPH,496,128,00185A72,0,1,1,4294967295,0,0
oInvCollPH,512,128,003FA1D2,0,1,1,4294967295,0,0
oInvCollPH,528,128,0024B573,0,1,1,4294967295,0,0
oInvCollPH,544,128,0034BA96,0,1,1,4294967295,0,0
oInvCollPH,560,128,0026D676,0,1,1,4294967295,0,0
oInvCollPH,576,128,0024579F,0,1,1,4294967295,0,0
oInvCollPH,592,128,002628DB,0,1,1,4294967295,0,0
oInvCollPH,608,128,000AB3B2,0,1,1,4294967295,0,0
oInvCollPH,624,128,000250DE,0,1,1,4294967295,0,0
oInvCollPH,640,128,0039D773,0,1,1,4294967295,0,0
oInvCollPH,656,128,001FF207,0,1,1,4294967295,0,0
oInvCollPH,224,272,0027405A,0,1,1,4294967295,0,0
oInvCollPH,240,272,0030A219,0,1,1,4294967295,0,0
oInvCollPH,256,272,001424B5,0,1,1,4294967295,0,0
oInvCollPH,272,272,000B50A4,0,1,1,4294967295,0,0
oInvCollPH,288,272,0036B33C,0,1,1,4294967295,0,0
oInvCollPH,304,272,0007F8BF,0,1,1,4294967295,0,0
oInvCollPH,320,272,002BCDC1,0,1,1,4294967295,0,0
oInvCollPH,336,272,000BAFB4,0,1,1,4294967295,0,0
oInvCollPH,352,272,0010BCF1,0,1,1,4294967295,0,0
oInvCollPH,368,272,00362676,0,1,1,4294967295,0,0
oInvCollPH,384,272,001E5FC1,0,1,1,4294967295,0,0
oInvCollPH,400,272,00164604,0,1,1,4294967295,0,0
oInvCollPH,416,272,000CD92A,0,1,1,4294967295,0,0
oInvCollPH,432,272,001DFA89,0,1,1,4294967295,0,0
oInvCollPH,448,272,003D9AE9,0,1,1,4294967295,0,0
oInvCollPH,464,272,00118C3C,0,1,1,4294967295,0,0
oInvCollPH,480,272,0029FC6B,0,1,1,4294967295,0,0
oInvCollPH,496,272,0020EA13,0,1,1,4294967295,0,0
oInvCollPH,512,272,001D5CB7,0,1,1,4294967295,0,0
oInvCollPH,528,272,003F563C,0,1,1,4294967295,0,0
oInvCollPH,544,272,002AE29F,0,1,1,4294967295,0,0
oInvCollPH,560,272,002656DD,0,1,1,4294967295,0,0
oInvCollPH,576,272,002E00A1,0,1,1,4294967295,0,0
oInvCollPH,592,272,00127955,0,1,1,4294967295,0,0
oInvCollPH,608,272,00155C11,0,1,1,4294967295,0,0
oInvCollPH,624,272,0011CE36,0,1,1,4294967295,0,0
oInvCollPH,640,272,003350B7,0,1,1,4294967295,0,0
oInvCollPH,656,272,00284309,0,1,1,4294967295,0,0
oInvCollPH,2224,160,001278EC,0,1,1,4294967295,0,0
oInvCollPH,2224,176,0020FCC1,0,1,1,4294967295,0,0
oInvCollPH,2240,176,00051363,0,1,1,4294967295,0,0
oInvCollPH,2256,176,0020A49B,0,1,1,4294967295,0,0
oInvCollPH,672,128,003F3370,0,1,1,4294967295,0,0
oInvCollPH,688,128,003B44B7,0,1,1,4294967295,0,0
oInvCollPH,704,128,000D5F4E,0,1,1,4294967295,0,0
oInvCollPH,720,128,0030D719,0,1,1,4294967295,0,0
oInvCollPH,736,128,000C2C37,0,1,1,4294967295,0,0
oInvCollPH,752,128,00100AAB,0,1,1,4294967295,0,0
oInvCollPH,768,128,000A0F19,0,1,1,4294967295,0,0
oInvCollPH,784,128,000C5731,0,1,1,4294967295,0,0
oInvCollPH,800,128,001EC1BD,0,1,1,4294967295,0,0
oInvCollPH,816,128,002EE911,0,1,1,4294967295,0,0
oInvCollPH,832,128,002CE9BF,0,1,1,4294967295,0,0
oInvCollPH,848,128,001CC402,0,1,1,4294967295,0,0
oInvCollPH,864,128,002B3A2D,0,1,1,4294967295,0,0
oInvCollPH,880,128,001049CC,0,1,1,4294967295,0,0
oInvCollPH,896,128,003CA0DD,0,1,1,4294967295,0,0
oInvCollPH,912,128,00060A7E,0,1,1,4294967295,0,0
oInvCollPH,928,128,001F2F31,0,1,1,4294967295,0,0
oInvCollPH,944,128,00214979,0,1,1,4294967295,0,0
oInvCollPH,960,128,0031867C,0,1,1,4294967295,0,0
oInvCollPH,976,128,00101BD5,0,1,1,4294967295,0,0
oInvCollPH,992,128,0036541D,0,1,1,4294967295,0,0
oInvCollPH,1008,128,00255442,0,1,1,4294967295,0,0
oInvCollPH,1024,128,00127CEE,0,1,1,4294967295,0,0
oInvCollPH,1040,128,00132CE9,0,1,1,4294967295,0,0
oInvCollPH,1056,128,0028CB19,0,1,1,4294967295,0,0
oInvCollPH,1072,128,001F6505,0,1,1,4294967295,0,0
oInvCollPH,1088,128,002A595F,0,1,1,4294967295,0,0
oInvCollPH,1104,128,0039F57D,0,1,1,4294967295,0,0
oInvCollPH,1120,128,003B3690,0,1,1,4294967295,0,0
oInvCollPH,1136,128,00178C57,0,1,1,4294967295,0,0
oInvCollPH,1152,128,00106805,0,1,1,4294967295,0,0
oInvCollPH,1168,128,00393B26,0,1,1,4294967295,0,0
oInvCollPH,1184,128,00297A8F,0,1,1,4294967295,0,0
oInvCollPH,1200,128,002CE01C,0,1,1,4294967295,0,0
oInvCollPH,1216,128,00147D40,0,1,1,4294967295,0,0
oInvCollPH,672,272,002359CB,0,1,1,4294967295,0,0
oInvCollPH,688,272,00331EC6,0,1,1,4294967295,0,0
oInvCollPH,704,272,002AE04E,0,1,1,4294967295,0,0
oInvCollPH,720,272,001FBE49,0,1,1,4294967295,0,0
oInvCollPH,736,272,001BA98C,0,1,1,4294967295,0,0
oInvCollPH,752,272,002C1A31,0,1,1,4294967295,0,0
oInvCollPH,768,272,0038E02B,0,1,1,4294967295,0,0
oInvCollPH,784,272,004023E7,0,1,1,4294967295,0,0
oInvCollPH,800,272,000093F4,0,1,1,4294967295,0,0
oInvCollPH,816,272,0032C288,0,1,1,4294967295,0,0
oInvCollPH,832,272,00028570,0,1,1,4294967295,0,0
oInvCollPH,848,272,00386730,0,1,1,4294967295,0,0
oInvCollPH,864,272,00249417,0,1,1,4294967295,0,0
oInvCollPH,880,272,00216536,0,1,1,4294967295,0,0
oInvCollPH,896,272,003C3A90,0,1,1,4294967295,0,0
oInvCollPH,912,272,00274CAE,0,1,1,4294967295,0,0
oInvCollPH,928,272,001ECC28,0,1,1,4294967295,0,0
oInvCollPH,944,272,001633A9,0,1,1,4294967295,0,0
oInvCollPH,960,272,003413EE,0,1,1,4294967295,0,0
oInvCollPH,976,272,0021EDF5,0,1,1,4294967295,0,0
oInvCollPH,992,272,003E4A89,0,1,1,4294967295,0,0
oInvCollPH,1008,272,00070DA9,0,1,1,4294967295,0,0
oInvCollPH,1024,272,00059396,0,1,1,4294967295,0,0
oInvCollPH,1040,272,0026358D,0,1,1,4294967295,0,0
oInvCollPH,1056,272,00314045,0,1,1,4294967295,0,0
oInvCollPH,1072,272,0029885B,0,1,1,4294967295,0,0
oInvCollPH,1088,272,002B0CE4,0,1,1,4294967295,0,0
oInvCollPH,1104,272,003051DF,0,1,1,4294967295,0,0
oInvCollPH,1120,272,001D0053,0,1,1,4294967295,0,0
oInvCollPH,1136,272,004009BF,0,1,1,4294967295,0,0
oInvCollPH,1152,272,000D78E8,0,1,1,4294967295,0,0
oInvCollPH,1168,272,000DADFC,0,1,1,4294967295,0,0
oInvCollPH,1184,272,00295478,0,1,1,4294967295,0,0
oInvCollPH,1200,272,0031A50B,0,1,1,4294967295,0,0
oInvCollPH,1216,272,0006B2E7,0,1,1,4294967295,0,0
oInvCollPH,1232,272,0019BF2F,0,1,1,4294967295,0,0
oInvCollPH,1248,272,0017EFB3,0,1,1,4294967295,0,0
oInvCollPH,1264,272,001DB389,0,1,1,4294967295,0,0
oInvCollPH,1280,272,000D8C43,0,1,1,4294967295,0,0
oInvCollPH,1296,272,001C8D27,0,1,1,4294967295,0,0
oInvCollPH,1312,272,0010488B,0,1,1,4294967295,0,0
oInvCollPH,1328,272,002E74FB,0,1,1,4294967295,0,0
oInvCollPH,1344,272,00206258,0,1,1,4294967295,0,0
oInvCollPH,1360,272,001A3465,0,1,1,4294967295,0,0
oInvCollPH,1376,272,0014046E,0,1,1,4294967295,0,0
oInvCollPH,1392,272,003DCCD1,0,1,1,4294967295,0,0
oInvCollPH,1408,272,000A8C2A,0,1,1,4294967295,0,0
oInvCollPH,1424,272,002B24E5,0,1,1,4294967295,0,0
oInvCollPH,1440,272,00253957,0,1,1,4294967295,0,0
oInvCollPH,1456,272,00301A7F,0,1,1,4294967295,0,0
oInvCollPH,1472,272,003582AA,0,1,1,4294967295,0,0
oInvCollPH,1488,272,0008DC90,0,1,1,4294967295,0,0
oInvCollPH,1504,272,003480CF,0,1,1,4294967295,0,0
oInvCollPH,1520,272,00374743,0,1,1,4294967295,0,0
oInvCollPH,1536,272,0000D6C9,0,1,1,4294967295,0,0
oInvCollPH,1552,272,000C0DAC,0,1,1,4294967295,0,0
oInvCollPH,1568,272,003E4FAB,0,1,1,4294967295,0,0
oInvCollPH,1600,272,004035AE,0,1,1,4294967295,0,0
oInvCollPH,1616,272,00374E1B,0,1,1,4294967295,0,0
oInvCollPH,1648,272,002351FD,0,1,1,4294967295,0,0
oInvCollPH,1664,272,000DF901,0,1,1,4294967295,0,0
oInvCollPH,1680,272,001F565E,0,1,1,4294967295,0,0
oInvCollPH,1696,272,0035A489,0,1,1,4294967295,0,0
oInvCollPH,1712,272,00212CC1,0,1,1,4294967295,0,0
oInvCollPH,1728,272,002F1266,0,1,1,4294967295,0,0
oInvCollPH,1744,272,001EF9B7,0,1,1,4294967295,0,0
oInvCollPH,1760,272,003DA301,0,1,1,4294967295,0,0
oInvCollPH,1776,272,000ADDA0,0,1,1,4294967295,0,0
oInvCollPH,1792,272,001FD817,0,1,1,4294967295,0,0
oInvCollPH,1808,272,00205A3B,0,1,1,4294967295,0,0
oInvCollPH,1824,272,002ABCDE,0,1,1,4294967295,0,0
oInvCollPH,1584,272,0022B72B,0,1,1,4294967295,0,0
oInvCollPH,1632,272,0032BD0F,0,1,1,4294967295,0,0
oInvCollPH,1232,128,0015776F,0,1,1,4294967295,0,0
oInvCollPH,1248,128,001D6E0B,0,1,1,4294967295,0,0
oInvCollPH,1264,128,003875FA,0,1,1,4294967295,0,0
oInvCollPH,1280,128,000E4599,0,1,1,4294967295,0,0
oInvCollPH,1296,128,0024E0C7,0,1,1,4294967295,0,0
oInvCollPH,1312,128,00392043,0,1,1,4294967295,0,0
oInvCollPH,1328,128,001CAC64,0,1,1,4294967295,0,0
oInvCollPH,1344,128,00193477,0,1,1,4294967295,0,0
oInvCollPH,1360,128,001A086A,0,1,1,4294967295,0,0
oInvCollPH,1376,128,00245B90,0,1,1,4294967295,0,0
oInvCollPH,1392,128,00210C8E,0,1,1,4294967295,0,0
oInvCollPH,1408,128,0023B387,0,1,1,4294967295,0,0
oInvCollPH,1424,128,00174CC0,0,1,1,4294967295,0,0
oInvCollPH,1440,128,000C3698,0,1,1,4294967295,0,0
oInvCollPH,1456,128,001EDD25,0,1,1,4294967295,0,0
oInvCollPH,1472,128,0039F5A9,0,1,1,4294967295,0,0
oInvCollPH,1488,128,0009EF43,0,1,1,4294967295,0,0
oInvCollPH,1504,128,0036BB67,0,1,1,4294967295,0,0
oInvCollPH,1520,128,0012013E,0,1,1,4294967295,0,0
oInvCollPH,1536,128,00135C39,0,1,1,4294967295,0,0
oInvCollPH,1552,128,00359316,0,1,1,4294967295,0,0
oInvCollPH,1568,128,00043A66,0,1,1,4294967295,0,0
oInvCollPH,1584,128,00212C7D,0,1,1,4294967295,0,0
oInvCollPH,1600,128,00288420,0,1,1,4294967295,0,0
oInvCollPH,1616,128,003755F4,0,1,1,4294967295,0,0
oInvCollPH,1632,128,0012ABCF,0,1,1,4294967295,0,0
oInvCollPH,1648,128,003E73A6,0,1,1,4294967295,0,0
oInvCollPH,1664,128,000249F7,0,1,1,4294967295,0,0
oInvCollPH,1680,128,0037A849,0,1,1,4294967295,0,0
oInvCollPH,1696,128,0039FF95,0,1,1,4294967295,0,0
oInvCollPH,1712,128,001C0B13,0,1,1,4294967295,0,0
oInvCollPH,1728,128,002FF10B,0,1,1,4294967295,0,0
oInvCollPH,1744,128,00092518,0,1,1,4294967295,0,0
oInvCollPH,1760,128,0037FC0A,0,1,1,4294967295,0,0
oInvCollPH,1776,128,0000CEB4,0,1,1,4294967295,0,0
oInvCollPH,1792,128,0012B4E3,0,1,1,4294967295,0,0
oInvCollPH,1808,128,000BB247,0,1,1,4294967295,0,0
oInvCollPH,1824,128,002771D6,0,1,1,4294967295,0,0
oInvCollPH,1840,128,0014E50C,0,1,1,4294967295,0,0
oInvCollPH,1856,128,000F527E,0,1,1,4294967295,0,0
oInvCollPH,1872,128,0032DD37,0,1,1,4294967295,0,0
oInvCollPH,1888,128,003122BB,0,1,1,4294967295,0,0
oInvCollPH,1904,128,0013A311,0,1,1,4294967295,0,0
oInvCollPH,1920,128,0033AD10,0,1,1,4294967295,0,0
oInvCollPH,1936,128,0025C159,0,1,1,4294967295,0,0
oInvCollPH,1952,128,0036312D,0,1,1,4294967295,0,0
oInvCollPH,1968,128,001E8273,0,1,1,4294967295,0,0
oInvCollPH,1984,128,003D0BF8,0,1,1,4294967295,0,0
oInvCollPH,2000,128,003B3467,0,1,1,4294967295,0,0
oInvCollPH,2016,128,0003B8D8,0,1,1,4294967295,0,0
oInvCollPH,2032,128,003969B6,0,1,1,4294967295,0,0
oInvCollPH,2048,128,003510C9,0,1,1,4294967295,0,0
oInvCollPH,2064,128,0021A9A0,0,1,1,4294967295,0,0
oInvCollPH,2080,128,002EB2E0,0,1,1,4294967295,0,0
oInvCollPH,2096,128,000D1281,0,1,1,4294967295,0,0
oInvCollPH,2112,128,002ABF2B,0,1,1,4294967295,0,0
oInvCollPH,2128,128,001B454D,0,1,1,4294967295,0,0
oInvCollPH,2144,128,0003271E,0,1,1,4294967295,0,0
oInvCollPH,2160,128,001BDD05,0,1,1,4294967295,0,0
oInvCollPH,2176,128,001FCEFD,0,1,1,4294967295,0,0
oInvCollPH,2192,128,003C078D,0,1,1,4294967295,0,0
oInvCollPH,2208,128,000E0FEB,0,1,1,4294967295,0,0
oInvCollPH,1840,272,001F483C,0,1,1,4294967295,0,0
oInvCollPH,1856,272,00112CDA,0,1,1,4294967295,0,0
oInvCollPH,1872,272,002FDEC3,0,1,1,4294967295,0,0
oInvCollPH,1888,272,0006A4CA,0,1,1,4294967295,0,0
oInvCollPH,1904,272,001F446C,0,1,1,4294967295,0,0
oInvCollPH,1920,272,00119EC8,0,1,1,4294967295,0,0
oInvCollPH,1936,272,001C462D,0,1,1,4294967295,0,0
oInvCollPH,1952,272,003F24B3,0,1,1,4294967295,0,0
oInvCollPH,1968,272,0019BB7B,0,1,1,4294967295,0,0
oInvCollPH,1984,272,003D4D55,0,1,1,4294967295,0,0
oInvCollPH,2000,272,003DCB17,0,1,1,4294967295,0,0
oInvCollPH,2016,272,0004C510,0,1,1,4294967295,0,0
oInvCollPH,2032,272,00277518,0,1,1,4294967295,0,0
oInvCollPH,2048,272,001CBB76,0,1,1,4294967295,0,0
oInvCollPH,2064,272,003588C0,0,1,1,4294967295,0,0
oInvCollPH,2080,272,0035E33E,0,1,1,4294967295,0,0
oInvCollPH,2096,272,0018324F,0,1,1,4294967295,0,0
oInvCollPH,2112,272,002125BB,0,1,1,4294967295,0,0
oInvCollPH,2128,272,000BDBDE,0,1,1,4294967295,0,0
oInvCollPH,2144,272,001255DC,0,1,1,4294967295,0,0
oInvCollPH,2160,272,0012BB0C,0,1,1,4294967295,0,0
oInvCollPH,2176,272,002BA505,0,1,1,4294967295,0,0
oInvCollPH,2192,272,00384E75,0,1,1,4294967295,0,0
oInvCollPH,2208,272,003229FE,0,1,1,4294967295,0,0
oInvCollPH,2224,272,0011768A,0,1,1,4294967295,0,0
oInvCollPH,2240,272,002BB650,0,1,1,4294967295,0,0
oInvCollPH,2256,272,00110C20,0,1,1,4294967295,0,0
oInvisibleSolid,0,144,0004D782,0,1,1,4294967295,0,1
oInvisibleSolid,0,272,0028B4BE,0,1,1,4294967295,0,1
oInvisibleSolid,0,0,00292CCE,0,1,1,4294967295,0,1
oInvisibleSolid,2224,144,001AF968,0,1,1,4294967295,0,1
