oExit,2008,544,001D081A,0,1,1,4294967295,0,1
oExit,24,544,0003F680,0,1,1,4294967295,0,1
oExit,1464,560,002755B3,0,1,1,4294967295,0,1
oDiveBird,1936,304,0029D708,0,1,1,4294967295,0,0
oDiveBird,1984,304,001DED5D,0,1,1,4294967295,0,0
oMTBird,1856,160,003341DF,0,1,1,4294967295,0,0
oMTBird,1984,208,00332A80,0,1,1,4294967295,0,0
oMTBird,1904,224,003E7478,0,1,1,4294967295,0,0
oSignPost,1920,576,001C5DF4,0,1,1,4294967295,0,1
oMovingPlatform,1728,272,0018EAB0,0,1,1,4294967295,0,1
oEventBarrier,1536,496,0023DD22,0,1,1,4294967295,0,1
oAPBoost,1968,176,00067027,0,1,1,4294967295,0,1
oMarioCoin,1168,304,00001793,0,1,1,4294967295,0,0
oMarioCoin,1184,304,00192887,0,1,1,4294967295,0,0
oMarioCoin,1200,304,002B483D,0,1,1,4294967295,0,0
oMarioCoin,1216,304,00245A9B,0,1,1,4294967295,0,0
oMarioCoin,384,432,003334A2,0,1,1,4294967295,0,0
oMarioCoin,400,432,0035FE00,0,1,1,4294967295,0,0
oMarioCoin,384,416,003C5B1B,0,1,1,4294967295,0,0
oMarioCoin,400,416,0013811D,0,1,1,4294967295,0,0
oSmallJumper,1584,544,0000EDE7,0,1,1,4294967295,0,0
oWB_BigBat,1600,208,003E4C44,0,1,1,4294967295,0,0
oWB_BigBat,880,208,00319F9F,0,1,1,4294967295,0,1
oWB_BigBat,144,240,0015DB94,0,1,1,4294967295,0,1
oWB_Crab,1200,352,000F4034,0,1,1,4294967295,0,0
oWB_Scorpion,1456,304,002CABC9,0,1,1,4294967295,0,0
oWB_Monkey,816,416,0021C38E,0,1,1,4294967295,0,0
oWB_Monkey,400,480,00038FF8,0,1,1,4294967295,0,0
oWB_Monkey,992,384,000C887F,0,1,1,4294967295,0,0
oPlayer1,1984,576,002467FB,0,1,1,4294967295,0,0
oInvCollPH,16,576,000C3694,0,1,1,4294967295,0,0
oInvCollPH,32,576,0018BECD,0,1,1,4294967295,0,0
oInvCollPH,48,576,000D8D47,0,1,1,4294967295,0,0
oInvCollPH,64,576,000B9C9A,0,1,1,4294967295,0,0
oInvCollPH,80,576,001A3DD2,0,1,1,4294967295,0,0
oInvCollPH,96,576,00249122,0,1,1,4294967295,0,0
oInvCollPH,112,576,0018CF6F,0,1,1,4294967295,0,0
oInvCollPH,128,576,0012EC11,0,1,1,4294967295,0,0
oInvCollPH,144,576,003E22E7,0,1,1,4294967295,0,0
oInvCollPH,144,592,0013DA2C,0,1,1,4294967295,0,0
oInvCollPH,144,608,0034BD18,0,1,1,4294967295,0,0
oInvCollPH,144,624,00076C58,0,1,1,4294967295,0,0
oInvCollPH,144,640,000C73BB,0,1,1,4294967295,0,0
oInvCollPH,224,560,001C5E89,0,1,1,4294967295,0,0
oInvCollPH,224,576,001ACEDB,0,1,1,4294967295,0,0
oInvCollPH,224,592,0020CBD7,0,1,1,4294967295,0,0
oInvCollPH,224,608,003BE9A1,0,1,1,4294967295,0,0
oInvCollPH,224,624,001F4B8F,0,1,1,4294967295,0,0
oInvCollPH,224,640,00042F0C,0,1,1,4294967295,0,0
oInvCollPH,240,544,00070946,0,1,1,4294967295,0,0
oInvCollPH,256,544,0000816E,0,1,1,4294967295,0,0
oInvCollPH,272,544,002C002B,0,1,1,4294967295,0,0
oInvCollPH,272,560,0010216C,0,1,1,4294967295,0,0
oInvCollPH,272,576,00234A59,0,1,1,4294967295,0,0
oInvCollPH,272,592,0017BCA5,0,1,1,4294967295,0,0
oInvCollPH,272,608,0017DFAD,0,1,1,4294967295,0,0
oInvCollPH,272,624,0019366F,0,1,1,4294967295,0,0
oInvCollPH,272,640,00151274,0,1,1,4294967295,0,0
oInvCollPH,352,496,00144855,0,1,1,4294967295,0,0
oInvCollPH,352,512,003473EC,0,1,1,4294967295,0,0
oInvCollPH,352,528,001C7143,0,1,1,4294967295,0,0
oInvCollPH,352,544,00013739,0,1,1,4294967295,0,0
oInvCollPH,352,560,001F6D54,0,1,1,4294967295,0,0
oInvCollPH,352,576,00379C33,0,1,1,4294967295,0,0
oInvCollPH,352,592,0024334D,0,1,1,4294967295,0,0
oInvCollPH,352,608,00348772,0,1,1,4294967295,0,0
oInvCollPH,352,624,00236CFC,0,1,1,4294967295,0,0
oInvCollPH,352,640,0000E053,0,1,1,4294967295,0,0
oInvCollPH,432,640,003A7FDC,0,1,1,4294967295,0,0
oInvCollPH,432,624,002A53D2,0,1,1,4294967295,0,0
oInvCollPH,432,608,002E0A12,0,1,1,4294967295,0,0
oInvCollPH,432,592,0030A03E,0,1,1,4294967295,0,0
oInvCollPH,432,576,0035659D,0,1,1,4294967295,0,0
oInvCollPH,432,560,001958A4,0,1,1,4294967295,0,0
oInvCollPH,432,544,00241E8A,0,1,1,4294967295,0,0
oInvCollPH,432,528,00155B27,0,1,1,4294967295,0,0
oInvCollPH,432,512,0001446F,0,1,1,4294967295,0,0
oInvCollPH,432,496,0030A330,0,1,1,4294967295,0,0
oInvCollPH,432,480,0032D4CC,0,1,1,4294967295,0,0
oInvCollPH,416,480,000DFF21,0,1,1,4294967295,0,0
oInvCollPH,400,480,001B9957,0,1,1,4294967295,0,0
oInvCollPH,384,480,00063EAC,0,1,1,4294967295,0,0
oInvCollPH,368,480,00378914,0,1,1,4294967295,0,0
oInvCollPH,544,464,003F2F51,0,1,1,4294967295,0,0
oInvCollPH,544,480,003F166F,0,1,1,4294967295,0,0
oInvCollPH,544,496,0008AF45,0,1,1,4294967295,0,0
oInvCollPH,544,512,002B9CA8,0,1,1,4294967295,0,0
oInvCollPH,544,528,001780E1,0,1,1,4294967295,0,0
oInvCollPH,544,544,00184F61,0,1,1,4294967295,0,0
oInvCollPH,544,560,000CC451,0,1,1,4294967295,0,0
oInvCollPH,544,576,002DAB28,0,1,1,4294967295,0,0
oInvCollPH,544,592,002B64C4,0,1,1,4294967295,0,0
oInvCollPH,544,608,0023E42B,0,1,1,4294967295,0,0
oInvCollPH,544,624,002C8FF2,0,1,1,4294967295,0,0
oInvCollPH,544,640,00130A4A,0,1,1,4294967295,0,0
oInvCollPH,624,608,0038D7D2,0,1,1,4294967295,0,0
oInvCollPH,624,592,00264EBF,0,1,1,4294967295,0,0
oInvCollPH,624,576,00324FD2,0,1,1,4294967295,0,0
oInvCollPH,624,560,003E8454,0,1,1,4294967295,0,0
oInvCollPH,624,544,00014CCF,0,1,1,4294967295,0,0
oInvCollPH,624,528,0005A8DE,0,1,1,4294967295,0,0
oInvCollPH,624,512,0021249E,0,1,1,4294967295,0,0
oInvCollPH,624,496,00032650,0,1,1,4294967295,0,0
oInvCollPH,624,480,002DB1B9,0,1,1,4294967295,0,0
oInvCollPH,624,464,00152340,0,1,1,4294967295,0,0
oInvCollPH,624,448,0038C522,0,1,1,4294967295,0,0
oInvCollPH,608,448,00358813,0,1,1,4294967295,0,0
oInvCollPH,592,448,00403BEC,0,1,1,4294967295,0,0
oInvCollPH,576,448,00347E33,0,1,1,4294967295,0,0
oInvCollPH,560,448,0022D25B,0,1,1,4294967295,0,0
oInvCollPH,768,432,000B8ABB,0,1,1,4294967295,0,0
oInvCollPH,768,448,00325CD0,0,1,1,4294967295,0,0
oInvCollPH,768,464,003941ED,0,1,1,4294967295,0,0
oInvCollPH,768,480,000BDFDF,0,1,1,4294967295,0,0
oInvCollPH,768,496,0012B178,0,1,1,4294967295,0,0
oInvCollPH,768,512,001F99DD,0,1,1,4294967295,0,0
oInvCollPH,768,528,00230BE2,0,1,1,4294967295,0,0
oInvCollPH,768,544,003355D2,0,1,1,4294967295,0,0
oInvCollPH,768,560,003BCE85,0,1,1,4294967295,0,0
oInvCollPH,768,576,0036C31F,0,1,1,4294967295,0,0
oInvCollPH,768,592,002E0660,0,1,1,4294967295,0,0
oInvCollPH,768,608,00126DE7,0,1,1,4294967295,0,0
oInvCollPH,768,624,001EF9FD,0,1,1,4294967295,0,0
oInvCollPH,768,640,0037B8FA,0,1,1,4294967295,0,0
oInvCollPH,784,416,0025DA89,0,1,1,4294967295,0,0
oInvCollPH,800,416,000C948C,0,1,1,4294967295,0,0
oInvCollPH,816,416,00215473,0,1,1,4294967295,0,0
oInvCollPH,832,416,00168911,0,1,1,4294967295,0,0
oInvCollPH,848,416,002E9364,0,1,1,4294967295,0,0
oInvCollPH,848,432,00220424,0,1,1,4294967295,0,0
oInvCollPH,848,448,0033EBD7,0,1,1,4294967295,0,0
oInvCollPH,848,464,00291837,0,1,1,4294967295,0,0
oInvCollPH,848,480,00031905,0,1,1,4294967295,0,0
oInvCollPH,848,496,0038B554,0,1,1,4294967295,0,0
oInvCollPH,848,512,003B49F3,0,1,1,4294967295,0,0
oInvCollPH,848,528,00157838,0,1,1,4294967295,0,0
oInvCollPH,848,544,004044CC,0,1,1,4294967295,0,0
oInvCollPH,848,560,001889C7,0,1,1,4294967295,0,0
oInvCollPH,848,576,00388D42,0,1,1,4294967295,0,0
oInvCollPH,848,592,000BDCFC,0,1,1,4294967295,0,0
oInvCollPH,848,608,0019450F,0,1,1,4294967295,0,0
oInvCollPH,848,624,000ABCF7,0,1,1,4294967295,0,0
oInvCollPH,848,640,001EF496,0,1,1,4294967295,0,0
oInvCollPH,976,384,001E8817,0,1,1,4294967295,0,0
oInvCollPH,992,384,00320EBC,0,1,1,4294967295,0,0
oInvCollPH,1008,384,00195C79,0,1,1,4294967295,0,0
oInvCollPH,1008,400,0011AF06,0,1,1,4294967295,0,0
oInvCollPH,1008,416,00215B9C,0,1,1,4294967295,0,0
oInvCollPH,1008,432,00171D61,0,1,1,4294967295,0,0
oInvCollPH,1008,448,0000160B,0,1,1,4294967295,0,0
oInvCollPH,1008,464,00080A29,0,1,1,4294967295,0,0
oInvCollPH,1008,480,003082C1,0,1,1,4294967295,0,0
oInvCollPH,1008,496,002DC5CE,0,1,1,4294967295,0,0
oInvCollPH,1008,512,0006BCE1,0,1,1,4294967295,0,0
oInvCollPH,1008,528,000914F0,0,1,1,4294967295,0,0
oInvCollPH,1008,544,000A2F70,0,1,1,4294967295,0,0
oInvCollPH,1008,560,00017E58,0,1,1,4294967295,0,0
oInvCollPH,1008,576,002123EB,0,1,1,4294967295,0,0
oInvCollPH,1008,592,001C2216,0,1,1,4294967295,0,0
oInvCollPH,1008,608,002C84D9,0,1,1,4294967295,0,0
oInvCollPH,1008,624,0009990A,0,1,1,4294967295,0,0
oInvCollPH,1008,640,001961C7,0,1,1,4294967295,0,0
oInvCollPH,960,640,003C3D9D,0,1,1,4294967295,0,0
oInvCollPH,960,624,0040151F,0,1,1,4294967295,0,0
oInvCollPH,960,608,000AA1C3,0,1,1,4294967295,0,0
oInvCollPH,960,592,000FDD81,0,1,1,4294967295,0,0
oInvCollPH,960,576,0023943C,0,1,1,4294967295,0,0
oInvCollPH,960,560,0016EDF7,0,1,1,4294967295,0,0
oInvCollPH,960,544,00355FAA,0,1,1,4294967295,0,0
oInvCollPH,960,528,0011F5BE,0,1,1,4294967295,0,0
oInvCollPH,960,512,00095E30,0,1,1,4294967295,0,0
oInvCollPH,960,496,003AAA19,0,1,1,4294967295,0,0
oInvCollPH,960,480,0035067B,0,1,1,4294967295,0,0
oInvCollPH,960,464,002244F0,0,1,1,4294967295,0,0
oInvCollPH,960,448,00368E8B,0,1,1,4294967295,0,0
oInvCollPH,960,432,003044E7,0,1,1,4294967295,0,0
oInvCollPH,960,416,00190A51,0,1,1,4294967295,0,0
oInvCollPH,960,400,00006DAA,0,1,1,4294967295,0,0
oInvCollPH,1136,352,00190219,0,1,1,4294967295,0,0
oInvCollPH,1152,352,003B246F,0,1,1,4294967295,0,0
oInvCollPH,1168,352,00264A6B,0,1,1,4294967295,0,0
oInvCollPH,1184,352,003D297E,0,1,1,4294967295,0,0
oInvCollPH,1200,352,000FC7B4,0,1,1,4294967295,0,0
oInvCollPH,1216,352,002B2737,0,1,1,4294967295,0,0
oInvCollPH,1232,352,002F4506,0,1,1,4294967295,0,0
oInvCollPH,1248,352,0030AE47,0,1,1,4294967295,0,0
oInvCollPH,1264,352,0031190E,0,1,1,4294967295,0,0
oInvCollPH,1264,368,001E2F13,0,1,1,4294967295,0,0
oInvCollPH,1264,384,0024371F,0,1,1,4294967295,0,0
oInvCollPH,1264,400,00067147,0,1,1,4294967295,0,0
oInvCollPH,1264,416,002598AE,0,1,1,4294967295,0,0
oInvCollPH,1264,432,0024BE41,0,1,1,4294967295,0,0
oInvCollPH,1264,448,00183116,0,1,1,4294967295,0,0
oInvCollPH,1264,464,0011B2F2,0,1,1,4294967295,0,0
oInvCollPH,1264,480,004000DE,0,1,1,4294967295,0,0
oInvCollPH,1264,496,000E1082,0,1,1,4294967295,0,0
oInvCollPH,1264,512,000A78CC,0,1,1,4294967295,0,0
oInvCollPH,1264,528,0038F443,0,1,1,4294967295,0,0
oInvCollPH,1264,544,00040616,0,1,1,4294967295,0,0
oInvCollPH,1264,560,002F9C97,0,1,1,4294967295,0,0
oInvCollPH,1264,576,0013EB39,0,1,1,4294967295,0,0
oInvCollPH,1264,592,00140342,0,1,1,4294967295,0,0
oInvCollPH,1264,608,002A2D47,0,1,1,4294967295,0,0
oInvCollPH,1264,624,0007816B,0,1,1,4294967295,0,0
oInvCollPH,1264,640,00267379,0,1,1,4294967295,0,0
oInvCollPH,1120,640,0028168A,0,1,1,4294967295,0,0
oInvCollPH,1120,624,002EB9BB,0,1,1,4294967295,0,0
oInvCollPH,1120,608,0032F96A,0,1,1,4294967295,0,0
oInvCollPH,1120,592,001E6D2A,0,1,1,4294967295,0,0
oInvCollPH,1120,576,00387740,0,1,1,4294967295,0,0
oInvCollPH,1120,560,001C63AF,0,1,1,4294967295,0,0
oInvCollPH,1120,544,003370CD,0,1,1,4294967295,0,0
oInvCollPH,1120,528,003502FE,0,1,1,4294967295,0,0
oInvCollPH,1120,512,003CEEE6,0,1,1,4294967295,0,0
oInvCollPH,1120,496,00028599,0,1,1,4294967295,0,0
oInvCollPH,1120,480,001E4A21,0,1,1,4294967295,0,0
oInvCollPH,1120,464,0030B653,0,1,1,4294967295,0,0
oInvCollPH,1120,448,00149C4D,0,1,1,4294967295,0,0
oInvCollPH,1120,432,00212445,0,1,1,4294967295,0,0
oInvCollPH,1120,416,0013780A,0,1,1,4294967295,0,0
oInvCollPH,1120,400,00061171,0,1,1,4294967295,0,0
oInvCollPH,1120,384,00229D48,0,1,1,4294967295,0,0
oInvCollPH,1120,368,001FF5B3,0,1,1,4294967295,0,0
oInvCollPH,1872,576,0030F246,0,1,1,4294967295,0,0
oInvCollPH,1888,576,00258D66,0,1,1,4294967295,0,0
oInvCollPH,1904,576,000C7308,0,1,1,4294967295,0,0
oInvCollPH,1920,576,003AA6F9,0,1,1,4294967295,0,0
oInvCollPH,1936,576,0004EA8D,0,1,1,4294967295,0,0
oInvCollPH,1952,576,00040E3E,0,1,1,4294967295,0,0
oInvCollPH,1968,576,002A37B7,0,1,1,4294967295,0,0
oInvCollPH,1984,576,0014945C,0,1,1,4294967295,0,0
oInvCollPH,2000,576,0014A36F,0,1,1,4294967295,0,0
oInvCollPH,2016,576,0002B207,0,1,1,4294967295,0,0
oInvCollPH,2032,576,003D9A92,0,1,1,4294967295,0,0
oInvCollPH,1712,528,00004D98,0,1,1,4294967295,0,0
oInvCollPH,1728,528,0014E750,0,1,1,4294967295,0,0
oInvCollPH,1744,528,001D97BB,0,1,1,4294967295,0,0
oInvCollPH,1760,528,001FDCED,0,1,1,4294967295,0,0
oInvCollPH,1776,528,000CADF3,0,1,1,4294967295,0,0
oInvCollPH,1792,528,000E1113,0,1,1,4294967295,0,0
oInvCollPH,1808,528,0025EF06,0,1,1,4294967295,0,0
oInvCollPH,1824,528,001F4571,0,1,1,4294967295,0,0
oInvCollPH,1840,528,00021028,0,1,1,4294967295,0,0
oInvCollPH,1840,544,0029E733,0,1,1,4294967295,0,0
oInvCollPH,1840,560,0014B381,0,1,1,4294967295,0,0
oInvCollPH,1616,480,0015F70E,0,1,1,4294967295,0,0
oInvCollPH,1632,480,00064C40,0,1,1,4294967295,0,0
oInvCollPH,1648,480,003F7D3F,0,1,1,4294967295,0,0
oInvCollPH,1664,480,0014A6DC,0,1,1,4294967295,0,0
oInvCollPH,1680,480,00185E85,0,1,1,4294967295,0,0
oInvCollPH,1680,496,002C9189,0,1,1,4294967295,0,0
oInvCollPH,1680,512,00011A0C,0,1,1,4294967295,0,0
oInvCollPH,1520,464,003276C9,0,1,1,4294967295,0,0
oInvCollPH,1520,448,0023521C,0,1,1,4294967295,0,0
oInvCollPH,1520,432,0009550A,0,1,1,4294967295,0,0
oInvCollPH,1520,416,003FA365,0,1,1,4294967295,0,0
oInvCollPH,1520,400,00329D05,0,1,1,4294967295,0,0
oInvCollPH,1520,384,00064447,0,1,1,4294967295,0,0
oInvCollPH,1520,368,0033760B,0,1,1,4294967295,0,0
oInvCollPH,1520,352,0000B129,0,1,1,4294967295,0,0
oInvCollPH,1520,336,001C999C,0,1,1,4294967295,0,0
oInvCollPH,1520,320,0015250E,0,1,1,4294967295,0,0
oInvCollPH,1520,304,00236576,0,1,1,4294967295,0,0
oInvCollPH,1504,304,00062001,0,1,1,4294967295,0,0
oInvCollPH,1488,304,0018FC09,0,1,1,4294967295,0,0
oInvCollPH,1472,304,003A437A,0,1,1,4294967295,0,0
oInvCollPH,1456,304,00400630,0,1,1,4294967295,0,0
oInvCollPH,1440,304,001C02C5,0,1,1,4294967295,0,0
oInvCollPH,1424,304,0011B784,0,1,1,4294967295,0,0
oInvCollPH,1408,304,00162C23,0,1,1,4294967295,0,0
oInvCollPH,1392,304,00276A39,0,1,1,4294967295,0,0
oInvCollPH,1376,320,002B1798,0,1,1,4294967295,0,0
oInvCollPH,1376,336,0014E01F,0,1,1,4294967295,0,0
oInvCollPH,1376,352,00287F3A,0,1,1,4294967295,0,0
oInvCollPH,1376,368,002227CB,0,1,1,4294967295,0,0
oInvCollPH,1376,384,000D2A43,0,1,1,4294967295,0,0
oInvCollPH,1376,400,00073363,0,1,1,4294967295,0,0
oInvCollPH,1376,416,00084F64,0,1,1,4294967295,0,0
oInvCollPH,1376,432,00321348,0,1,1,4294967295,0,0
oInvCollPH,1376,448,0038B69C,0,1,1,4294967295,0,0
oInvCollPH,1376,464,0006F590,0,1,1,4294967295,0,0
oInvCollPH,1376,480,000E27DD,0,1,1,4294967295,0,0
oInvCollPH,1376,496,000709B8,0,1,1,4294967295,0,0
oInvCollPH,1376,528,00234E43,0,1,1,4294967295,0,0
oInvCollPH,1376,544,002CAA0A,0,1,1,4294967295,0,0
oInvCollPH,1376,560,0013A21B,0,1,1,4294967295,0,0
oInvCollPH,1376,576,00312D50,0,1,1,4294967295,0,0
oInvCollPH,1376,592,001423F2,0,1,1,4294967295,0,0
oInvCollPH,1376,608,00293539,0,1,1,4294967295,0,0
oInvCollPH,1376,624,0008D77F,0,1,1,4294967295,0,0
oInvCollPH,1376,640,0032B54F,0,1,1,4294967295,0,0
oInvCollPH,1520,480,0022BF8B,0,1,1,4294967295,0,0
oInvCollPH,1520,496,0011DF07,0,1,1,4294967295,0,0
oInvCollPH,1504,496,0028361C,0,1,1,4294967295,0,0
oInvCollPH,1488,496,002FD6AE,0,1,1,4294967295,0,0
oInvCollPH,1472,496,0039237B,0,1,1,4294967295,0,0
oInvCollPH,1456,496,0036D39C,0,1,1,4294967295,0,0
oInvCollPH,1440,496,0022FFDD,0,1,1,4294967295,0,0
oInvCollPH,1600,496,003D14F4,0,1,1,4294967295,0,0
oInvCollPH,1600,512,003B6BE8,0,1,1,4294967295,0,0
oInvCollPH,1600,528,003356EE,0,1,1,4294967295,0,0
oInvCollPH,1600,544,0034B8AD,0,1,1,4294967295,0,0
oInvCollPH,1568,576,0026298C,0,1,1,4294967295,0,0
oInvCollPH,1584,560,00079175,0,1,1,4294967295,0,0
oInvCollPH,1456,592,003A0651,0,1,1,4294967295,0,0
oInvCollPH,1472,592,00140314,0,1,1,4294967295,0,0
oInvCollPH,1488,592,0014F4F0,0,1,1,4294967295,0,0
oInvCollPH,1504,592,001129EA,0,1,1,4294967295,0,0
oInvCollPH,1520,592,00272E62,0,1,1,4294967295,0,0
oInvCollPH,1536,592,0010BA4D,0,1,1,4294967295,0,0
oInvCollPH,1552,592,000D3221,0,1,1,4294967295,0,0
oInvCollPH,1424,512,00296F51,0,1,1,4294967295,0,0
oInvCollPH,1424,528,003C8B6F,0,1,1,4294967295,0,0
oInvCollPH,1424,544,0035A557,0,1,1,4294967295,0,0
oInvCollPH,1424,560,0005EA05,0,1,1,4294967295,0,0
oInvCollPH,1424,576,001AA03B,0,1,1,4294967295,0,0
oInvCollPH,1920,320,0031BD51,0,1,1,4294967295,0,0
oInvCollPH,1936,320,001BC01B,0,1,1,4294967295,0,0
oInvCollPH,1952,320,0037311F,0,1,1,4294967295,0,0
oInvCollPH,1968,320,00076D29,0,1,1,4294967295,0,0
oInvCollPH,1984,320,001C5938,0,1,1,4294967295,0,0
oInvCollPH,2000,320,002AEC0D,0,1,1,4294967295,0,0
oInvCollPH,2000,304,0001656F,0,1,1,4294967295,0,0
oInvCollPH,1984,304,0010E71F,0,1,1,4294967295,0,0
oInvCollPH,1968,304,003B4E03,0,1,1,4294967295,0,0
oInvCollPH,1952,304,000E51FB,0,1,1,4294967295,0,0
oInvCollPH,1936,304,002A3481,0,1,1,4294967295,0,0
oInvCollPH,624,624,0016DBA9,0,1,1,4294967295,0,0
oInvCollPH,624,640,0005057F,0,1,1,4294967295,0,0
oInvisibleSolid,1376,304,003E0408,0,1,1,4294967295,0,1
oInvisibleSolid,1600,480,002D33CE,0,1,1,4294967295,0,1
oInvisibleSolid,1696,528,003654EB,0,1,1,4294967295,0,1
oInvisibleSolid,1856,576,002B62DF,0,1,1,4294967295,0,1
oInvisibleSolid,1120,352,0001807A,0,1,1,4294967295,0,1
oInvisibleSolid,960,384,000181A7,0,1,1,4294967295,0,1
oInvisibleSolid,768,416,00373969,0,1,1,4294967295,0,1
oInvisibleSolid,544,448,000C36A2,0,1,1,4294967295,0,1
oInvisibleSolid,352,480,002F4D6A,0,1,1,4294967295,0,1
oInvisibleSolid,224,544,002E93FD,0,1,1,4294967295,0,1
oInvisibleSolid,0,576,0027DCDC,0,1,1,4294967295,0,1
oInvisibleSolid,1568,560,0028F6CD,0,1,1,4294967295,0,1
oInvisibleSolid,1440,592,00110E2C,0,1,1,4294967295,0,1
oInvisibleSolid,1376,512,00261427,0,1,1,4294967295,0,1
oInvisibleSolid,1920,304,00328481,0,1,1,4294967295,0,1
