oExit,720,256,00048FA8,0,1,1,4294967295,0,1
oExit,464,256,00080B29,0,1,1,4294967295,0,1
oHealingPost,608,288,00200370,0,1,1,4294967295,0,0
oPlayer1,688,288,0016356E,0,1,1,4294967295,0,0
oInvCollPH,512,176,0007375E,0,1,1,4294967295,0,0
oInvCollPH,512,192,00295D25,0,1,1,4294967295,0,0
oInvCollPH,512,208,00199B19,0,1,1,4294967295,0,0
oInvCollPH,528,208,00346E9E,0,1,1,4294967295,0,0
oInvCollPH,544,208,002C1D39,0,1,1,4294967295,0,0
oInvCollPH,560,208,0003567A,0,1,1,4294967295,0,0
oInvCollPH,560,192,002A542D,0,1,1,4294967295,0,0
oInvCollPH,560,176,001A443F,0,1,1,4294967295,0,0
oInvCollPH,560,160,0007E034,0,1,1,4294967295,0,0
oInvCollPH,640,176,00296CB5,0,1,1,4294967295,0,0
oInvCollPH,640,192,003CD190,0,1,1,4294967295,0,0
oInvCollPH,640,208,00346321,0,1,1,4294967295,0,0
oInvCollPH,656,208,002D909B,0,1,1,4294967295,0,0
oInvCollPH,672,208,003B0439,0,1,1,4294967295,0,0
oInvCollPH,688,208,003803EA,0,1,1,4294967295,0,0
oInvCollPH,704,208,001D855A,0,1,1,4294967295,0,0
oInvCollPH,720,208,000BFFA7,0,1,1,4294967295,0,0
oInvCollPH,208,16,001B488D,0,1,1,4294967295,0,0
oInvCollPH,192,16,000A8E4A,0,1,1,4294967295,0,0
oInvCollPH,176,16,0026C170,0,1,1,4294967295,0,0
oInvCollPH,160,16,002B4D9D,0,1,1,4294967295,0,0
oInvCollPH,144,16,00239396,0,1,1,4294967295,0,0
oInvCollPH,128,16,00223657,0,1,1,4294967295,0,0
oInvCollPH,112,16,0014B955,0,1,1,4294967295,0,0
oInvCollPH,96,16,003FB6C0,0,1,1,4294967295,0,0
oInvCollPH,80,16,0017013A,0,1,1,4294967295,0,0
oInvCollPH,64,16,002E3D0D,0,1,1,4294967295,0,0
oInvCollPH,352,16,001F5EA3,0,1,1,4294967295,0,0
oInvCollPH,368,16,00400CE6,0,1,1,4294967295,0,0
oInvCollPH,384,16,0019D248,0,1,1,4294967295,0,0
oInvCollPH,400,16,002C1571,0,1,1,4294967295,0,0
oInvCollPH,416,16,0016B51E,0,1,1,4294967295,0,0
oInvCollPH,432,16,003E1E4D,0,1,1,4294967295,0,0
oInvCollPH,448,16,0037C3C5,0,1,1,4294967295,0,0
oInvCollPH,464,16,0005522B,0,1,1,4294967295,0,0
oInvCollPH,480,16,002774FB,0,1,1,4294967295,0,0
oInvCollPH,496,16,00153DC2,0,1,1,4294967295,0,0
oInvCollPH,224,16,001A2B89,0,1,1,4294967295,0,0
oInvCollPH,240,16,001C6D87,0,1,1,4294967295,0,0
oInvCollPH,256,16,0002F0E5,0,1,1,4294967295,0,0
oInvCollPH,272,16,00133205,0,1,1,4294967295,0,0
oInvCollPH,288,16,001E2D83,0,1,1,4294967295,0,0
oInvCollPH,304,16,0005450B,0,1,1,4294967295,0,0
oInvCollPH,320,16,000BB104,0,1,1,4294967295,0,0
oInvCollPH,336,16,0005D53B,0,1,1,4294967295,0,0
oInvCollPH,512,32,0016FF90,0,1,1,4294967295,0,0
oInvCollPH,512,48,003C3851,0,1,1,4294967295,0,0
oInvCollPH,512,64,001D0E34,0,1,1,4294967295,0,0
oInvCollPH,512,80,0018766A,0,1,1,4294967295,0,0
oInvCollPH,512,96,0013721F,0,1,1,4294967295,0,0
oInvCollPH,512,112,0008DA0E,0,1,1,4294967295,0,0
oInvCollPH,512,128,0035D510,0,1,1,4294967295,0,0
oInvCollPH,512,144,000C255F,0,1,1,4294967295,0,0
oInvCollPH,576,144,00285FAB,0,1,1,4294967295,0,0
oInvCollPH,592,144,00002517,0,1,1,4294967295,0,0
oInvCollPH,608,144,002C3E75,0,1,1,4294967295,0,0
oInvCollPH,624,144,000D5CFC,0,1,1,4294967295,0,0
oInvCollPH,48,32,001ADCF5,0,1,1,4294967295,0,0
oInvCollPH,48,48,0026DF6C,0,1,1,4294967295,0,0
oInvCollPH,48,64,0036F126,0,1,1,4294967295,0,0
oInvCollPH,48,80,00060DDB,0,1,1,4294967295,0,0
oInvCollPH,48,96,0022C711,0,1,1,4294967295,0,0
oInvCollPH,48,112,0032577C,0,1,1,4294967295,0,0
oInvCollPH,48,128,00055A81,0,1,1,4294967295,0,0
oInvCollPH,48,144,002229FA,0,1,1,4294967295,0,0
oInvCollPH,48,160,0010D256,0,1,1,4294967295,0,0
oInvCollPH,48,176,00177318,0,1,1,4294967295,0,0
oInvCollPH,48,192,001B1449,0,1,1,4294967295,0,0
oInvCollPH,48,208,0003E7BE,0,1,1,4294967295,0,0
oInvCollPH,48,224,0023CBB7,0,1,1,4294967295,0,0
oInvCollPH,48,240,0016382A,0,1,1,4294967295,0,0
oInvCollPH,48,256,0009E825,0,1,1,4294967295,0,0
oInvCollPH,48,272,0018D41D,0,1,1,4294967295,0,0
oInvCollPH,208,288,00055CE0,0,1,1,4294967295,0,0
oInvCollPH,192,288,001C1FDC,0,1,1,4294967295,0,0
oInvCollPH,176,288,003B970C,0,1,1,4294967295,0,0
oInvCollPH,160,288,0028098E,0,1,1,4294967295,0,0
oInvCollPH,144,288,002EE0AF,0,1,1,4294967295,0,0
oInvCollPH,128,288,000FBD15,0,1,1,4294967295,0,0
oInvCollPH,112,288,000E736C,0,1,1,4294967295,0,0
oInvCollPH,96,288,0033F4DC,0,1,1,4294967295,0,0
oInvCollPH,80,288,0030CEFF,0,1,1,4294967295,0,0
oInvCollPH,368,288,0000A79D,0,1,1,4294967295,0,0
oInvCollPH,352,288,002881FB,0,1,1,4294967295,0,0
oInvCollPH,336,288,000F9F80,0,1,1,4294967295,0,0
oInvCollPH,320,288,00383C44,0,1,1,4294967295,0,0
oInvCollPH,304,288,003C5C72,0,1,1,4294967295,0,0
oInvCollPH,288,288,0017CD27,0,1,1,4294967295,0,0
oInvCollPH,272,288,0017FEC3,0,1,1,4294967295,0,0
oInvCollPH,256,288,001661DE,0,1,1,4294967295,0,0
oInvCollPH,240,288,0039EBB9,0,1,1,4294967295,0,0
oInvCollPH,224,288,002D2D2A,0,1,1,4294967295,0,0
oInvCollPH,528,288,00183EC6,0,1,1,4294967295,0,0
oInvCollPH,512,288,002E5D96,0,1,1,4294967295,0,0
oInvCollPH,496,288,0031A2D5,0,1,1,4294967295,0,0
oInvCollPH,480,288,00118980,0,1,1,4294967295,0,0
oInvCollPH,464,288,000EEB48,0,1,1,4294967295,0,0
oInvCollPH,448,288,002BE8EF,0,1,1,4294967295,0,0
oInvCollPH,432,288,00156381,0,1,1,4294967295,0,0
oInvCollPH,416,288,001A64ED,0,1,1,4294967295,0,0
oInvCollPH,400,288,001EF847,0,1,1,4294967295,0,0
oInvCollPH,384,288,000A8BFD,0,1,1,4294967295,0,0
oInvCollPH,688,288,0002CC11,0,1,1,4294967295,0,0
oInvCollPH,672,288,000D9D12,0,1,1,4294967295,0,0
oInvCollPH,656,288,00141FC8,0,1,1,4294967295,0,0
oInvCollPH,640,288,00193060,0,1,1,4294967295,0,0
oInvCollPH,624,288,0010CA31,0,1,1,4294967295,0,0
oInvCollPH,608,288,00136F57,0,1,1,4294967295,0,0
oInvCollPH,592,288,00349EC5,0,1,1,4294967295,0,0
oInvCollPH,576,288,00194581,0,1,1,4294967295,0,0
oInvCollPH,560,288,002C0E44,0,1,1,4294967295,0,0
oInvCollPH,544,288,0030EAF8,0,1,1,4294967295,0,0
oInvCollPH,704,288,0002F53A,0,1,1,4294967295,0,0
oInvCollPH,720,288,001B65A3,0,1,1,4294967295,0,0
oInvisibleSolid,640,160,001D7D8F,0,1,1,4294967295,0,1
oInvisibleSolid,512,160,0013CDDE,0,1,1,4294967295,0,1
oInvisibleSolid,512,0,00186A5C,0,1,1,4294967295,0,1
oInvisibleSolid,64,0,00050C82,0,1,1,4294967295,0,1
oInvisibleSolid,0,0,00261B20,0,1,1,4294967295,0,1
oInvisibleSolid,64,288,0007BD1D,0,1,1,4294967295,0,1
