oExit,0,160,0020B415,0,1,1,4294967295,0,1
oGamePower,648,272,0033D58D,0,1,1,4294967295,0,1
oPlayer1,48,192,0015E1A8,0,1,1,4294967295,0,0
oWaterVolume,608,248,00074D30,0,1,1,4294967295,0,1
oInvCollPH,704,192,00072528,0,1,1,4294967295,0,0
oInvCollPH,704,176,0005C247,0,1,1,4294967295,0,0
oInvCollPH,704,160,003663A1,0,1,1,4294967295,0,0
oInvCollPH,704,144,0030B1CC,0,1,1,4294967295,0,0
oInvCollPH,704,128,000F981A,0,1,1,4294967295,0,0
oInvCollPH,704,112,003F0036,0,1,1,4294967295,0,0
oInvCollPH,704,96,0035F20A,0,1,1,4294967295,0,0
oInvCollPH,704,80,00130556,0,1,1,4294967295,0,0
oInvCollPH,704,64,00099B23,0,1,1,4294967295,0,0
oInvCollPH,704,208,0015FFCC,0,1,1,4294967295,0,0
oInvCollPH,704,224,00239FDA,0,1,1,4294967295,0,0
oInvCollPH,704,240,000DD927,0,1,1,4294967295,0,0
oInvCollPH,704,256,0025B22F,0,1,1,4294967295,0,0
oInvCollPH,704,272,00139AB4,0,1,1,4294967295,0,0
oInvCollPH,624,288,000A6A8A,0,1,1,4294967295,0,0
oInvCollPH,640,288,00305032,0,1,1,4294967295,0,0
oInvCollPH,656,288,0018AFC4,0,1,1,4294967295,0,0
oInvCollPH,672,288,0002511E,0,1,1,4294967295,0,0
oInvCollPH,688,288,00151915,0,1,1,4294967295,0,0
oInvCollPH,0,112,00077AAE,0,1,1,4294967295,0,0
oInvCollPH,16,112,0031CA29,0,1,1,4294967295,0,0
oInvCollPH,32,112,0013EC3A,0,1,1,4294967295,0,0
oInvCollPH,48,112,002F9971,0,1,1,4294967295,0,0
oInvCollPH,64,112,0024ECA6,0,1,1,4294967295,0,0
oInvCollPH,80,112,003DCCC1,0,1,1,4294967295,0,0
oInvCollPH,96,112,0012C2AC,0,1,1,4294967295,0,0
oInvCollPH,96,96,002E030D,0,1,1,4294967295,0,0
oInvCollPH,96,80,003AD556,0,1,1,4294967295,0,0
oInvCollPH,96,64,002ACDA2,0,1,1,4294967295,0,0
oInvCollPH,96,48,000D730C,0,1,1,4294967295,0,0
oInvCollPH,112,32,000FC8C2,0,1,1,4294967295,0,0
oInvCollPH,128,32,000788D3,0,1,1,4294967295,0,0
oInvCollPH,144,32,0028E108,0,1,1,4294967295,0,0
oInvCollPH,160,32,003589B8,0,1,1,4294967295,0,0
oInvCollPH,176,32,0005B683,0,1,1,4294967295,0,0
oInvCollPH,192,32,00102333,0,1,1,4294967295,0,0
oInvCollPH,208,32,001693D6,0,1,1,4294967295,0,0
oInvCollPH,224,32,003C65EA,0,1,1,4294967295,0,0
oInvCollPH,240,32,0031B0B2,0,1,1,4294967295,0,0
oInvCollPH,256,32,003B1CF2,0,1,1,4294967295,0,0
oInvCollPH,272,32,001A4594,0,1,1,4294967295,0,0
oInvCollPH,288,32,00273CFE,0,1,1,4294967295,0,0
oInvCollPH,304,32,00322B14,0,1,1,4294967295,0,0
oInvCollPH,320,32,0014C9CF,0,1,1,4294967295,0,0
oInvCollPH,336,32,0000A2D5,0,1,1,4294967295,0,0
oInvCollPH,352,32,0005E446,0,1,1,4294967295,0,0
oInvCollPH,368,32,003CF618,0,1,1,4294967295,0,0
oInvCollPH,384,32,002ED4CA,0,1,1,4294967295,0,0
oInvCollPH,400,32,0029A57D,0,1,1,4294967295,0,0
oInvCollPH,416,32,0010F564,0,1,1,4294967295,0,0
oInvCollPH,432,32,0014DE1D,0,1,1,4294967295,0,0
oInvCollPH,448,32,000D778B,0,1,1,4294967295,0,0
oInvCollPH,464,32,000A7C09,0,1,1,4294967295,0,0
oInvCollPH,480,32,003D4CC2,0,1,1,4294967295,0,0
oInvCollPH,496,32,001071D9,0,1,1,4294967295,0,0
oInvCollPH,512,32,000BC01A,0,1,1,4294967295,0,0
oInvCollPH,528,32,003CB812,0,1,1,4294967295,0,0
oInvCollPH,544,32,00151633,0,1,1,4294967295,0,0
oInvCollPH,560,32,0036B4D1,0,1,1,4294967295,0,0
oInvCollPH,576,32,001E0FD9,0,1,1,4294967295,0,0
oInvCollPH,592,32,001450C8,0,1,1,4294967295,0,0
oInvCollPH,608,32,000C1EDC,0,1,1,4294967295,0,0
oInvCollPH,624,32,00278465,0,1,1,4294967295,0,0
oInvCollPH,640,32,00287F29,0,1,1,4294967295,0,0
oInvCollPH,656,32,000F26E4,0,1,1,4294967295,0,0
oInvCollPH,672,32,00218580,0,1,1,4294967295,0,0
oInvCollPH,688,32,00225BC5,0,1,1,4294967295,0,0
oInvCollPH,144,192,0010C471,0,1,1,4294967295,0,0
oInvCollPH,128,192,0009B61B,0,1,1,4294967295,0,0
oInvCollPH,112,192,003A4C47,0,1,1,4294967295,0,0
oInvCollPH,96,192,0021661A,0,1,1,4294967295,0,0
oInvCollPH,80,192,00234476,0,1,1,4294967295,0,0
oInvCollPH,64,192,00316718,0,1,1,4294967295,0,0
oInvCollPH,48,192,002E214D,0,1,1,4294967295,0,0
oInvCollPH,32,192,00162D7C,0,1,1,4294967295,0,0
oInvCollPH,16,192,00140992,0,1,1,4294967295,0,0
oInvCollPH,160,192,002979C9,0,1,1,4294967295,0,0
oInvCollPH,176,192,00348352,0,1,1,4294967295,0,0
oInvCollPH,192,192,001E02E4,0,1,1,4294967295,0,0
oInvCollPH,192,208,0011D54F,0,1,1,4294967295,0,0
oInvCollPH,192,224,0019E9B5,0,1,1,4294967295,0,0
oInvCollPH,352,240,003FA9A0,0,1,1,4294967295,0,0
oInvCollPH,336,240,003C77A2,0,1,1,4294967295,0,0
oInvCollPH,320,240,00072E6D,0,1,1,4294967295,0,0
oInvCollPH,304,240,00041DEA,0,1,1,4294967295,0,0
oInvCollPH,288,240,0023DAF0,0,1,1,4294967295,0,0
oInvCollPH,272,240,000ADA97,0,1,1,4294967295,0,0
oInvCollPH,256,240,00262FCF,0,1,1,4294967295,0,0
oInvCollPH,240,240,0007342D,0,1,1,4294967295,0,0
oInvCollPH,224,240,002809AC,0,1,1,4294967295,0,0
oInvCollPH,512,240,0035C8BC,0,1,1,4294967295,0,0
oInvCollPH,496,240,002F3CD7,0,1,1,4294967295,0,0
oInvCollPH,480,240,00113815,0,1,1,4294967295,0,0
oInvCollPH,464,240,0038BA34,0,1,1,4294967295,0,0
oInvCollPH,448,240,00298BDB,0,1,1,4294967295,0,0
oInvCollPH,432,240,0038B31A,0,1,1,4294967295,0,0
oInvCollPH,416,240,000D75BB,0,1,1,4294967295,0,0
oInvCollPH,400,240,000AC4A3,0,1,1,4294967295,0,0
oInvCollPH,384,240,002D7B1C,0,1,1,4294967295,0,0
oInvCollPH,368,240,00075276,0,1,1,4294967295,0,0
oInvCollPH,528,240,002E7B3F,0,1,1,4294967295,0,0
oInvCollPH,544,240,002CB6DD,0,1,1,4294967295,0,0
oInvCollPH,560,240,001DDF05,0,1,1,4294967295,0,0
oInvCollPH,576,240,00014FB9,0,1,1,4294967295,0,0
oInvCollPH,592,240,00332717,0,1,1,4294967295,0,0
oInvCollPH,592,256,0008ABBD,0,1,1,4294967295,0,0
oInvisibleSolid,704,48,00322BA0,0,1,1,4294967295,0,1
oInvisibleSolid,112,0,000D11B6,0,1,1,4294967295,0,1
oInvisibleSolid,0,0,00312076,0,1,1,4294967295,0,1
oInvisibleSolid,0,192,001ADA53,0,1,1,4294967295,0,1
oInvisibleSolid,208,240,000755A9,0,1,1,4294967295,0,1
oInvisibleSolid,608,288,001D93DA,0,1,1,4294967295,0,1
oInvisibleSolid,608,272,001AE3C1,0,1,1,4294967295,0,0
