oWarpStatue,144,304,003F02B4,0,1,1,4294967295,0,1
oExit,0,272,000AC646,0,1,1,4294967295,0,1
oExit,1000,320,0011D9D4,0,1,1,4294967295,0,1
oExit,448,240,00313BB9,0,1,1,4294967295,0,1
oUseElevator,1008,336,00205E61,0,1,1,4294967295,0,1
oPlayer1,48,304,003DE597,0,1,1,4294967295,0,0
oInvCollPH,1024,256,0033E48A,0,1,1,4294967295,0,0
oInvCollPH,1024,272,001E88C6,0,1,1,4294967295,0,0
oInvCollPH,1024,288,0035A27C,0,1,1,4294967295,0,0
oInvCollPH,1024,304,003C8045,0,1,1,4294967295,0,0
oInvCollPH,1024,320,0013B54D,0,1,1,4294967295,0,0
oInvCollPH,1024,336,003CE758,0,1,1,4294967295,0,0
oInvCollPH,16,304,0030C7B2,0,1,1,4294967295,0,0
oInvCollPH,208,288,0032A1ED,0,1,1,4294967295,0,0
oInvCollPH,976,288,002E9855,0,1,1,4294967295,0,0
oInvCollPH,1008,224,0012FE82,0,1,1,4294967295,0,0
oInvCollPH,976,208,001ADC1E,0,1,1,4294967295,0,0
oInvCollPH,928,144,003703F6,0,1,1,4294967295,0,0
oInvCollPH,928,160,00043697,0,1,1,4294967295,0,0
oInvCollPH,928,176,003C6BFD,0,1,1,4294967295,0,0
oInvCollPH,928,192,00216E25,0,1,1,4294967295,0,0
oInvCollPH,944,192,0038F725,0,1,1,4294967295,0,0
oInvCollPH,976,304,001B5724,0,1,1,4294967295,0,0
oInvCollPH,976,320,00345099,0,1,1,4294967295,0,0
oInvCollPH,976,336,000E687B,0,1,1,4294967295,0,0
oInvCollPH,32,304,00388CE7,0,1,1,4294967295,0,0
oInvCollPH,48,304,0030B886,0,1,1,4294967295,0,0
oInvCollPH,64,304,00130F52,0,1,1,4294967295,0,0
oInvCollPH,80,304,002DB2F6,0,1,1,4294967295,0,0
oInvCollPH,96,304,0023F296,0,1,1,4294967295,0,0
oInvCollPH,112,304,0031AA8D,0,1,1,4294967295,0,0
oInvCollPH,128,304,001A044E,0,1,1,4294967295,0,0
oInvCollPH,144,304,000AB7E2,0,1,1,4294967295,0,0
oInvCollPH,160,304,00078F92,0,1,1,4294967295,0,0
oInvCollPH,176,304,001F9A88,0,1,1,4294967295,0,0
oInvCollPH,240,272,0012690B,0,1,1,4294967295,0,0
oInvCollPH,272,272,001628D3,0,1,1,4294967295,0,0
oInvCollPH,304,272,002E6C1B,0,1,1,4294967295,0,0
oInvCollPH,336,272,00012FEF,0,1,1,4294967295,0,0
oInvCollPH,352,272,00162C9B,0,1,1,4294967295,0,0
oInvCollPH,368,272,001D2013,0,1,1,4294967295,0,0
oInvCollPH,384,272,003823C2,0,1,1,4294967295,0,0
oInvCollPH,400,272,00084503,0,1,1,4294967295,0,0
oInvCollPH,416,272,000D360E,0,1,1,4294967295,0,0
oInvCollPH,432,272,003FEFDC,0,1,1,4294967295,0,0
oInvCollPH,448,272,000E98E9,0,1,1,4294967295,0,0
oInvCollPH,464,272,0018EA59,0,1,1,4294967295,0,0
oInvCollPH,480,272,00106E4C,0,1,1,4294967295,0,0
oInvCollPH,496,272,0022B884,0,1,1,4294967295,0,0
oInvCollPH,512,272,0001725C,0,1,1,4294967295,0,0
oInvCollPH,528,272,002AF8AC,0,1,1,4294967295,0,0
oInvCollPH,544,272,00402E87,0,1,1,4294967295,0,0
oInvCollPH,560,272,0002C3FF,0,1,1,4294967295,0,0
oInvCollPH,576,272,003DEA92,0,1,1,4294967295,0,0
oInvCollPH,592,272,003B307F,0,1,1,4294967295,0,0
oInvCollPH,608,272,0005AF46,0,1,1,4294967295,0,0
oInvCollPH,624,272,0003D9A1,0,1,1,4294967295,0,0
oInvCollPH,640,272,00007089,0,1,1,4294967295,0,0
oInvCollPH,656,272,0023B107,0,1,1,4294967295,0,0
oInvCollPH,672,272,001C7CF3,0,1,1,4294967295,0,0
oInvCollPH,688,272,00100527,0,1,1,4294967295,0,0
oInvCollPH,704,272,0023189E,0,1,1,4294967295,0,0
oInvCollPH,720,272,00329321,0,1,1,4294967295,0,0
oInvCollPH,736,272,000962F5,0,1,1,4294967295,0,0
oInvCollPH,752,272,0034B99C,0,1,1,4294967295,0,0
oInvCollPH,768,272,0015E26D,0,1,1,4294967295,0,0
oInvCollPH,784,272,002F1492,0,1,1,4294967295,0,0
oInvCollPH,800,272,0007E105,0,1,1,4294967295,0,0
oInvCollPH,816,272,0036E3FB,0,1,1,4294967295,0,0
oInvCollPH,832,272,003409FF,0,1,1,4294967295,0,0
oInvCollPH,848,272,0013FAE9,0,1,1,4294967295,0,0
oInvCollPH,864,272,00351C93,0,1,1,4294967295,0,0
oInvCollPH,880,272,002AEFB3,0,1,1,4294967295,0,0
oInvCollPH,896,272,0022FDA9,0,1,1,4294967295,0,0
oInvCollPH,912,272,001ACD37,0,1,1,4294967295,0,0
oInvCollPH,928,272,00299DDB,0,1,1,4294967295,0,0
oInvCollPH,944,272,0009901D,0,1,1,4294967295,0,0
oInvCollPH,384,128,002BF38E,0,1,1,4294967295,0,0
oInvCollPH,400,128,000ABF36,0,1,1,4294967295,0,0
oInvCollPH,416,128,000DB63C,0,1,1,4294967295,0,0
oInvCollPH,432,128,00317606,0,1,1,4294967295,0,0
oInvCollPH,448,128,00155D0B,0,1,1,4294967295,0,0
oInvCollPH,464,128,0005286D,0,1,1,4294967295,0,0
oInvCollPH,480,128,0036AB62,0,1,1,4294967295,0,0
oInvCollPH,496,128,003B5999,0,1,1,4294967295,0,0
oInvCollPH,512,128,003F364A,0,1,1,4294967295,0,0
oInvCollPH,528,128,003D5B47,0,1,1,4294967295,0,0
oInvCollPH,544,128,00179A1B,0,1,1,4294967295,0,0
oInvCollPH,560,128,001EFF3D,0,1,1,4294967295,0,0
oInvCollPH,576,128,0039E2C5,0,1,1,4294967295,0,0
oInvCollPH,592,128,001856A5,0,1,1,4294967295,0,0
oInvCollPH,608,128,0033EBAE,0,1,1,4294967295,0,0
oInvCollPH,624,128,003B6E95,0,1,1,4294967295,0,0
oInvCollPH,640,128,0020B133,0,1,1,4294967295,0,0
oInvCollPH,656,128,00192A00,0,1,1,4294967295,0,0
oInvCollPH,672,128,002C6471,0,1,1,4294967295,0,0
oInvCollPH,688,128,000DAA43,0,1,1,4294967295,0,0
oInvCollPH,704,128,000E0293,0,1,1,4294967295,0,0
oInvCollPH,720,128,0032E4C9,0,1,1,4294967295,0,0
oInvCollPH,736,128,001FB7FE,0,1,1,4294967295,0,0
oInvCollPH,752,128,003A2C7C,0,1,1,4294967295,0,0
oInvCollPH,768,128,001B5D3E,0,1,1,4294967295,0,0
oInvCollPH,784,128,00154AF3,0,1,1,4294967295,0,0
oInvCollPH,800,128,0023CDEC,0,1,1,4294967295,0,0
oInvCollPH,816,128,00177008,0,1,1,4294967295,0,0
oInvCollPH,832,128,003FAA45,0,1,1,4294967295,0,0
oInvCollPH,848,128,0011C347,0,1,1,4294967295,0,0
oInvCollPH,864,128,00355A89,0,1,1,4294967295,0,0
oInvCollPH,880,128,000AE9F5,0,1,1,4294967295,0,0
oInvCollPH,896,128,002EC43F,0,1,1,4294967295,0,0
oInvCollPH,912,128,00049F87,0,1,1,4294967295,0,0
oInvisibleSolid,0,304,000824A0,0,1,1,4294967295,0,1
oInvisibleSolid,192,288,0005C0AA,0,1,1,4294967295,0,1
oInvisibleSolid,224,272,002E67C5,0,1,1,4294967295,0,1
oInvisibleSolid,256,256,0005F0AA,0,1,1,4294967295,0,0
oInvisibleSolid,288,256,0034A0D0,0,1,1,4294967295,0,0
oInvisibleSolid,320,256,000EDCE3,0,1,1,4294967295,0,0
oInvisibleSolid,336,80,00207460,0,1,1,4294967295,0,1
oInvisibleSolid,352,96,002DE355,0,1,1,4294967295,0,1
oInvisibleSolid,368,112,00089CCA,0,1,1,4294967295,0,0
oInvisibleSolid,928,80,000E35E8,0,1,1,4294967295,0,1
oInvisibleSolid,960,208,00193727,0,1,1,4294967295,0,1
oInvisibleSolid,992,224,000C56BA,0,1,1,4294967295,0,1
oInvisibleSolid,1024,240,001F0E9B,0,1,1,4294967295,0,1
oInvisibleSolid,384,80,0021C751,0,1,1,4294967295,0,1
oInvisibleSolid,960,288,0022195D,0,1,1,4294967295,0,1
