oFarreachesGrass,14,259,0019C96D,0,1,1,4294967295,0,0
oFarreachesGrass,32,274,0040222D,0,1,1,4294967295,0,0
oFarreachesGrass,66,269,0002EB2A,0,1,1,4294967295,0,0
oFarreachesGrass,89,272,0039129A,0,1,1,4294967295,0,0
oFarreachesGrass,124,270,003160ED,0,1,1,4294967295,0,0
oFarreachesGrass,137,276,00402661,0,1,1,4294967295,0,0
oFarreachesGrass,157,269,003F0E55,0,1,1,4294967295,0,0
oFarreachesGrass,188,271,00321326,0,1,1,4294967295,0,0
oFarreachesGrass,180,275,00000AF3,0,1,1,4294967295,0,0
oFarreachesGrass,195,276,00263324,0,1,1,4294967295,0,0
oFarreachesGrass,32,268,00389E18,0,1,1,4294967295,0,0
