oDecWepFacRob,208,352,003D94C7,0,1,1,4294967295,0,0
oDecWepFacRob,336,352,0037B3B4,0,1,1,4294967295,0,0
oDecWepFacRob,816,352,0025BD84,0,1,1,4294967295,0,0
oDecWepFacRob,928,352,002D7B7D,0,1,1,4294967295,0,1
oDecWepFacRob,1040,352,00128CC9,0,1,1,4294967295,0,0
oDecWepFacRob,1152,352,0012C4EC,0,1,1,4294967295,0,0
oDecWepFacRob,1264,352,0004A8C4,0,1,1,4294967295,0,0
oDecWepFacRob,2512,352,0019C2C2,0,1,1,4294967295,0,0
oDecWepFacRob,2416,272,001DDA73,0,1,1,4294967295,0,0
oDecWepFacRob,2608,272,00273AB5,0,1,1,4294967295,0,0
oExit,0,320,0013C4CE,0,1,1,4294967295,0,1
oExit,2768,320,00024248,0,1,1,4294967295,0,1
oZeldaBreakPot,1376,208,0008DCB4,0,1,1,4294967295,0,0
oZeldaBreakPot,1392,208,00212125,0,1,1,4294967295,0,0
oZeldaBreakPot,1408,208,002B51E0,0,1,1,4294967295,0,0
oZeldaBreakPot,1424,208,00353C36,0,1,1,4294967295,0,0
oZeldaBreakPot,2240,112,002C891C,0,1,1,4294967295,0,0
oZeldaBreakPot,2256,112,000A4AF7,0,1,1,4294967295,0,0
oZapTrap,1728,336,0036BBEA,0,1,1,4294967295,0,1
oZapTrap,1840,336,0020A81E,0,1,1,4294967295,0,1
oZapTrap,1952,336,000A92FD,0,1,1,4294967295,0,1
oZapTrap,2064,336,001C6556,0,1,1,4294967295,0,1
oChaosLaserGun,136,200,002BF3E8,0,1,1,4294967295,0,1
oChaosLaserGun,408,200,00353CB1,0,1,1,4294967295,0,1
oChaosLaserGun,56,40,003030CD,0,1,1,4294967295,0,1
oTimedSwitch,48,160,000F88F7,0,1,1,4294967295,0,0
oTimedSwitch,432,160,00345077,0,1,1,4294967295,0,0
oTimedSwitch,264,104,003C1346,0,1,1,4294967295,0,0
oChaosLaserGun,2216,40,00254967,0,1,1,4294967295,0,1
oChaosLaserGun,1896,232,003EE787,0,1,1,4294967295,0,1
oChaosLaserGun,2512,112,00391008,0,1,1,4294967295,0,1
oChaosLaserGun,2312,344,00249C83,0,1,1,4294967295,0,1
oChaosLaserGun,2712,344,002BB1D1,0,1,1,4294967295,0,1
oCHAOS_Sabotage,1632,32,00056EF4,0,1,1,4294967295,0,0
oCHAOS_Sabotage,1408,32,0017E67F,0,1,1,4294967295,0,0
oCHAOS_Sabotage,336,32,0016531F,0,1,1,4294967295,0,0
oCHAOS_Sabotage,208,32,0011F852,0,1,1,4294967295,0,0
oPlayer1,48,352,0010E824,0,1,1,4294967295,0,0
oInvCollPH,16,352,00121C1D,0,1,1,4294967295,0,0
oInvCollPH,32,352,00259712,0,1,1,4294967295,0,0
oInvCollPH,48,352,003A74D3,0,1,1,4294967295,0,0
oInvCollPH,112,352,00291384,0,1,1,4294967295,0,0
oInvCollPH,96,352,0017B6D4,0,1,1,4294967295,0,0
oInvCollPH,80,352,001B2D92,0,1,1,4294967295,0,0
oInvCollPH,64,352,003C7CA3,0,1,1,4294967295,0,0
oInvCollPH,176,352,000A43D1,0,1,1,4294967295,0,0
oInvCollPH,160,352,0024249D,0,1,1,4294967295,0,0
oInvCollPH,144,352,000E3BCF,0,1,1,4294967295,0,0
oInvCollPH,128,352,00204DCF,0,1,1,4294967295,0,0
oInvCollPH,16,144,0036FEE3,0,1,1,4294967295,0,0
oInvCollPH,16,128,002DBC16,0,1,1,4294967295,0,0
oInvCollPH,16,112,001DD762,0,1,1,4294967295,0,0
oInvCollPH,16,96,003C4350,0,1,1,4294967295,0,0
oInvCollPH,16,80,0034CD7B,0,1,1,4294967295,0,0
oInvCollPH,16,64,003BB801,0,1,1,4294967295,0,0
oInvCollPH,16,48,002A2644,0,1,1,4294967295,0,0
oInvCollPH,16,32,000EB80C,0,1,1,4294967295,0,0
oInvCollPH,16,160,0001B2CB,0,1,1,4294967295,0,0
oInvCollPH,16,176,0004FDDA,0,1,1,4294967295,0,0
oInvCollPH,48,192,003CD24C,0,1,1,4294967295,0,0
oInvCollPH,16,208,0003FC19,0,1,1,4294967295,0,0
oInvCollPH,16,224,00141352,0,1,1,4294967295,0,0
oInvCollPH,16,240,000CDE67,0,1,1,4294967295,0,0
oInvCollPH,16,256,001E20F2,0,1,1,4294967295,0,0
oInvCollPH,16,272,001C9E31,0,1,1,4294967295,0,0
oInvCollPH,0,272,000C36D6,0,1,1,4294967295,0,0
oInvCollPH,32,16,003C58A3,0,1,1,4294967295,0,0
oInvCollPH,48,16,0027FDAD,0,1,1,4294967295,0,0
oInvCollPH,64,16,00042005,0,1,1,4294967295,0,0
oInvCollPH,80,16,0012D65B,0,1,1,4294967295,0,0
oInvCollPH,96,16,000F6F4F,0,1,1,4294967295,0,0
oInvCollPH,112,16,003275AF,0,1,1,4294967295,0,0
oInvCollPH,128,16,0032A449,0,1,1,4294967295,0,0
oInvCollPH,144,16,00266BD2,0,1,1,4294967295,0,0
oInvCollPH,160,16,003970A5,0,1,1,4294967295,0,0
oInvCollPH,176,16,000C7D94,0,1,1,4294967295,0,0
oInvCollPH,192,16,00000402,0,1,1,4294967295,0,0
oInvCollPH,208,16,003171F4,0,1,1,4294967295,0,0
oInvCollPH,112,192,003E997B,0,1,1,4294967295,0,0
oInvCollPH,96,192,000FA110,0,1,1,4294967295,0,0
oInvCollPH,80,192,001435E8,0,1,1,4294967295,0,0
oInvCollPH,64,192,00231C0E,0,1,1,4294967295,0,0
oInvCollPH,192,352,00196348,0,1,1,4294967295,0,0
oInvCollPH,208,352,0039F5EE,0,1,1,4294967295,0,0
oInvCollPH,224,352,000469AA,0,1,1,4294967295,0,0
oInvCollPH,240,352,003AAEC9,0,1,1,4294967295,0,0
oInvCollPH,256,352,00299347,0,1,1,4294967295,0,0
oInvCollPH,272,352,001D2E37,0,1,1,4294967295,0,0
oInvCollPH,288,352,0013B1FE,0,1,1,4294967295,0,0
oInvCollPH,304,352,00228B13,0,1,1,4294967295,0,0
oInvCollPH,272,144,000DE672,0,1,1,4294967295,0,0
oInvCollPH,432,192,00388CD2,0,1,1,4294967295,0,0
oInvCollPH,448,192,0002AD05,0,1,1,4294967295,0,0
oInvCollPH,464,192,00345908,0,1,1,4294967295,0,0
oInvCollPH,480,192,001D0E13,0,1,1,4294967295,0,0
oInvCollPH,496,192,00231BB6,0,1,1,4294967295,0,0
oInvCollPH,512,192,003EEC16,0,1,1,4294967295,0,0
oInvCollPH,528,192,00173534,0,1,1,4294967295,0,0
oInvCollPH,320,352,002A92FD,0,1,1,4294967295,0,0
oInvCollPH,336,352,00370F94,0,1,1,4294967295,0,0
oInvCollPH,352,352,000C8A16,0,1,1,4294967295,0,0
oInvCollPH,368,352,002770CC,0,1,1,4294967295,0,0
oInvCollPH,384,352,00024A3F,0,1,1,4294967295,0,0
oInvCollPH,400,352,0022C588,0,1,1,4294967295,0,0
oInvCollPH,416,352,0001E378,0,1,1,4294967295,0,0
oInvCollPH,432,352,001DD02D,0,1,1,4294967295,0,0
oInvCollPH,448,352,0030EFD6,0,1,1,4294967295,0,0
oInvCollPH,464,352,003CE56D,0,1,1,4294967295,0,0
oInvCollPH,480,352,003EDBE1,0,1,1,4294967295,0,0
oInvCollPH,496,352,003B2804,0,1,1,4294967295,0,0
oInvCollPH,512,352,0011859C,0,1,1,4294967295,0,0
oInvCollPH,528,352,003CAB64,0,1,1,4294967295,0,0
oInvCollPH,544,352,0029259E,0,1,1,4294967295,0,0
oInvCollPH,560,352,0001D01C,0,1,1,4294967295,0,0
oInvCollPH,576,352,003259F1,0,1,1,4294967295,0,0
oInvCollPH,592,352,0012A085,0,1,1,4294967295,0,0
oInvCollPH,608,352,0000E7EC,0,1,1,4294967295,0,0
oInvCollPH,624,352,002237B9,0,1,1,4294967295,0,0
oInvCollPH,640,288,0022BFA6,0,1,1,4294967295,0,0
oInvCollPH,640,304,0025B605,0,1,1,4294967295,0,0
oInvCollPH,640,320,002C2898,0,1,1,4294967295,0,0
oInvCollPH,640,336,000121CA,0,1,1,4294967295,0,0
oInvCollPH,656,272,001DE507,0,1,1,4294967295,0,0
oInvCollPH,672,272,000ABDD2,0,1,1,4294967295,0,0
oInvCollPH,688,272,002E27D3,0,1,1,4294967295,0,0
oInvCollPH,704,272,0020E447,0,1,1,4294967295,0,0
oInvCollPH,720,272,00067C80,0,1,1,4294967295,0,0
oInvCollPH,720,288,00222F09,0,1,1,4294967295,0,0
oInvCollPH,720,304,0010C645,0,1,1,4294967295,0,0
oInvCollPH,720,320,00325F21,0,1,1,4294967295,0,0
oInvCollPH,720,336,000305EC,0,1,1,4294967295,0,0
oInvCollPH,704,48,000C73A6,0,1,1,4294967295,0,0
oInvCollPH,704,64,000E47DC,0,1,1,4294967295,0,0
oInvCollPH,704,80,0034EC60,0,1,1,4294967295,0,0
oInvCollPH,704,96,0012C232,0,1,1,4294967295,0,0
oInvCollPH,704,112,00027FD6,0,1,1,4294967295,0,0
oInvCollPH,704,128,002048BA,0,1,1,4294967295,0,0
oInvCollPH,704,144,000F2C04,0,1,1,4294967295,0,0
oInvCollPH,704,160,0007E7CB,0,1,1,4294967295,0,0
oInvCollPH,704,176,002432DB,0,1,1,4294967295,0,0
oInvCollPH,720,176,0027ACC1,0,1,1,4294967295,0,0
oInvCollPH,720,160,0022777F,0,1,1,4294967295,0,0
oInvCollPH,720,144,00225A54,0,1,1,4294967295,0,0
oInvCollPH,720,128,00263272,0,1,1,4294967295,0,0
oInvCollPH,720,112,002FFDB1,0,1,1,4294967295,0,0
oInvCollPH,720,96,0024F8E6,0,1,1,4294967295,0,0
oInvCollPH,720,80,00136C38,0,1,1,4294967295,0,0
oInvCollPH,720,64,0020761D,0,1,1,4294967295,0,0
oInvCollPH,720,48,0025BC02,0,1,1,4294967295,0,0
oInvCollPH,720,32,0009B467,0,1,1,4294967295,0,0
oInvCollPH,224,16,000029F3,0,1,1,4294967295,0,0
oInvCollPH,240,16,0025BA77,0,1,1,4294967295,0,0
oInvCollPH,256,16,002BF4E7,0,1,1,4294967295,0,0
oInvCollPH,272,16,003B8998,0,1,1,4294967295,0,0
oInvCollPH,288,16,003782E7,0,1,1,4294967295,0,0
oInvCollPH,304,16,0006D7CF,0,1,1,4294967295,0,0
oInvCollPH,320,16,00400273,0,1,1,4294967295,0,0
oInvCollPH,336,16,0022CB16,0,1,1,4294967295,0,0
oInvCollPH,352,16,0028A19B,0,1,1,4294967295,0,0
oInvCollPH,368,16,002025D5,0,1,1,4294967295,0,0
oInvCollPH,384,16,000948E7,0,1,1,4294967295,0,0
oInvCollPH,400,16,0013F05B,0,1,1,4294967295,0,0
oInvCollPH,416,16,000E77BB,0,1,1,4294967295,0,0
oInvCollPH,432,16,0013C717,0,1,1,4294967295,0,0
oInvCollPH,448,16,0039C2FB,0,1,1,4294967295,0,0
oInvCollPH,464,16,000B6693,0,1,1,4294967295,0,0
oInvCollPH,480,16,00279CD6,0,1,1,4294967295,0,0
oInvCollPH,496,16,001A1F4A,0,1,1,4294967295,0,0
oInvCollPH,512,16,001C1A7E,0,1,1,4294967295,0,0
oInvCollPH,528,16,00304992,0,1,1,4294967295,0,0
oInvCollPH,544,16,000AA873,0,1,1,4294967295,0,0
oInvCollPH,560,16,003C45EE,0,1,1,4294967295,0,0
oInvCollPH,576,16,003B2925,0,1,1,4294967295,0,0
oInvCollPH,592,16,00366AA9,0,1,1,4294967295,0,0
oInvCollPH,608,16,00317DE2,0,1,1,4294967295,0,0
oInvCollPH,624,16,000F9908,0,1,1,4294967295,0,0
oInvCollPH,640,16,0006B2C0,0,1,1,4294967295,0,0
oInvCollPH,656,16,000FDDA8,0,1,1,4294967295,0,0
oInvCollPH,672,16,0007038F,0,1,1,4294967295,0,0
oInvCollPH,688,16,001B1B33,0,1,1,4294967295,0,0
oEnemySpawnZone,1008,160,0022D38F,0,1,1,4294967295,0,1
oEnemySpawnZone,1008,160,00159A3C,0,1,1,4294967295,0,1
oInvCollPH,736,16,000CEBF1,0,1,1,4294967295,0,0
oInvCollPH,752,16,000B3853,0,1,1,4294967295,0,0
oInvCollPH,768,16,001C518B,0,1,1,4294967295,0,0
oInvCollPH,784,16,003276AF,0,1,1,4294967295,0,0
oInvCollPH,800,16,003CA8B7,0,1,1,4294967295,0,0
oInvCollPH,816,16,00011F5A,0,1,1,4294967295,0,0
oInvCollPH,832,16,0020DF0D,0,1,1,4294967295,0,0
oInvCollPH,848,16,00359946,0,1,1,4294967295,0,0
oInvCollPH,864,16,003ED34F,0,1,1,4294967295,0,0
oInvCollPH,880,16,003C2428,0,1,1,4294967295,0,0
oInvCollPH,896,16,00067914,0,1,1,4294967295,0,0
oInvCollPH,912,16,0039EE29,0,1,1,4294967295,0,0
oInvCollPH,928,16,0023DB2E,0,1,1,4294967295,0,0
oInvCollPH,944,16,00104D5B,0,1,1,4294967295,0,0
oInvCollPH,960,16,0030E8A6,0,1,1,4294967295,0,0
oInvCollPH,976,16,0020B844,0,1,1,4294967295,0,0
oInvCollPH,992,16,002023CA,0,1,1,4294967295,0,0
oInvCollPH,1008,16,0038A831,0,1,1,4294967295,0,0
oInvCollPH,1024,16,0017B28C,0,1,1,4294967295,0,0
oInvCollPH,1040,16,003B6B8D,0,1,1,4294967295,0,0
oInvCollPH,1056,16,001EA62E,0,1,1,4294967295,0,0
oInvCollPH,1072,16,0012FB20,0,1,1,4294967295,0,0
oInvCollPH,1088,16,00372F43,0,1,1,4294967295,0,0
oInvCollPH,1104,16,000E4A54,0,1,1,4294967295,0,0
oInvCollPH,1120,16,0040269D,0,1,1,4294967295,0,0
oInvCollPH,1136,16,004040B8,0,1,1,4294967295,0,0
oInvCollPH,1152,16,0024E512,0,1,1,4294967295,0,0
oInvCollPH,1168,16,001206E1,0,1,1,4294967295,0,0
oInvCollPH,1184,16,000FD573,0,1,1,4294967295,0,0
oInvCollPH,1200,16,00334FDC,0,1,1,4294967295,0,0
oInvCollPH,1216,16,000C8BB0,0,1,1,4294967295,0,0
oInvCollPH,1232,16,002F8643,0,1,1,4294967295,0,0
oInvCollPH,1248,16,0018131F,0,1,1,4294967295,0,0
oInvCollPH,1264,16,003D5DB6,0,1,1,4294967295,0,0
oInvCollPH,1280,16,00127CB0,0,1,1,4294967295,0,0
oInvCollPH,1296,16,001B051F,0,1,1,4294967295,0,0
oInvCollPH,1312,16,000D6D2C,0,1,1,4294967295,0,0
oInvCollPH,1328,16,003CE955,0,1,1,4294967295,0,0
oInvCollPH,1344,16,002F11A0,0,1,1,4294967295,0,0
oInvCollPH,1360,16,003ABBE8,0,1,1,4294967295,0,0
oInvCollPH,1376,16,00183CDA,0,1,1,4294967295,0,0
oInvCollPH,1392,16,000317B2,0,1,1,4294967295,0,0
oInvCollPH,736,352,00131C59,0,1,1,4294967295,0,0
oInvCollPH,752,352,003838F8,0,1,1,4294967295,0,0
oInvCollPH,768,352,003EBEEC,0,1,1,4294967295,0,0
oInvCollPH,784,352,0026599F,0,1,1,4294967295,0,0
oInvCollPH,800,352,002DB1F3,0,1,1,4294967295,0,0
oInvCollPH,816,352,0034FBBF,0,1,1,4294967295,0,0
oInvCollPH,832,352,003128C5,0,1,1,4294967295,0,0
oInvCollPH,848,352,0039F9BC,0,1,1,4294967295,0,0
oInvCollPH,864,352,003640C8,0,1,1,4294967295,0,0
oInvCollPH,880,352,002049F8,0,1,1,4294967295,0,0
oInvCollPH,896,352,00075AF3,0,1,1,4294967295,0,0
oInvCollPH,912,352,003C0F91,0,1,1,4294967295,0,0
oInvCollPH,928,352,00378124,0,1,1,4294967295,0,0
oInvCollPH,944,352,000468CA,0,1,1,4294967295,0,0
oInvCollPH,960,352,000D1674,0,1,1,4294967295,0,0
oInvCollPH,976,352,000F14AD,0,1,1,4294967295,0,0
oInvCollPH,992,352,001DCD83,0,1,1,4294967295,0,0
oInvCollPH,1008,352,002CFA92,0,1,1,4294967295,0,0
oInvCollPH,1024,352,000C30EC,0,1,1,4294967295,0,0
oInvCollPH,1040,352,002DA81B,0,1,1,4294967295,0,0
oInvCollPH,1056,352,00228154,0,1,1,4294967295,0,0
oInvCollPH,1072,352,00185405,0,1,1,4294967295,0,0
oInvCollPH,1088,352,00160455,0,1,1,4294967295,0,0
oInvCollPH,1104,352,00394C64,0,1,1,4294967295,0,0
oInvCollPH,1120,352,003B470F,0,1,1,4294967295,0,0
oInvCollPH,1136,352,00181642,0,1,1,4294967295,0,0
oInvCollPH,1152,352,00116FB4,0,1,1,4294967295,0,0
oInvCollPH,1168,352,003866B0,0,1,1,4294967295,0,0
oInvCollPH,1184,352,002330CB,0,1,1,4294967295,0,0
oInvCollPH,1200,352,001D0F56,0,1,1,4294967295,0,0
oInvCollPH,1216,352,0032D556,0,1,1,4294967295,0,0
oInvCollPH,1232,352,0021490F,0,1,1,4294967295,0,0
oInvCollPH,1248,352,0027D115,0,1,1,4294967295,0,0
oInvCollPH,1264,352,001A6FDE,0,1,1,4294967295,0,0
oInvCollPH,1280,352,000522C0,0,1,1,4294967295,0,0
oInvCollPH,1296,352,002B24D0,0,1,1,4294967295,0,0
oInvCollPH,1312,352,00283860,0,1,1,4294967295,0,0
oInvCollPH,1328,352,001B423D,0,1,1,4294967295,0,0
oInvCollPH,1344,352,003E761D,0,1,1,4294967295,0,0
oInvCollPH,1360,352,00383162,0,1,1,4294967295,0,0
oInvCollPH,1376,352,00189D57,0,1,1,4294967295,0,0
oInvCollPH,1392,352,0022EBBA,0,1,1,4294967295,0,0
oInvCollPH,1344,240,000B9040,0,1,1,4294967295,0,0
oInvCollPH,1344,256,0006BBA6,0,1,1,4294967295,0,0
oInvCollPH,1344,272,003BB153,0,1,1,4294967295,0,0
oInvCollPH,1360,272,00282BFF,0,1,1,4294967295,0,0
oInvCollPH,1376,272,0000E240,0,1,1,4294967295,0,0
oInvCollPH,1392,272,001394AE,0,1,1,4294967295,0,0
oInvCollPH,1408,272,00334015,0,1,1,4294967295,0,0
oInvCollPH,1424,272,000E4839,0,1,1,4294967295,0,0
oInvCollPH,1440,272,0010420E,0,1,1,4294967295,0,0
oInvCollPH,1456,272,002BDEEC,0,1,1,4294967295,0,0
oInvCollPH,1456,256,000BAD01,0,1,1,4294967295,0,0
oInvCollPH,1456,240,0022EF06,0,1,1,4294967295,0,0
oInvCollPH,1456,224,001EEDB3,0,1,1,4294967295,0,0
oInvCollPH,1440,224,00036853,0,1,1,4294967295,0,0
oInvCollPH,1424,224,0012411A,0,1,1,4294967295,0,0
oInvCollPH,1408,224,0039D6C6,0,1,1,4294967295,0,0
oInvCollPH,1392,224,00336784,0,1,1,4294967295,0,0
oInvCollPH,1376,224,00098DF4,0,1,1,4294967295,0,0
oInvCollPH,1360,224,00078CCA,0,1,1,4294967295,0,0
oInvCollPH,1536,288,000DE2CF,0,1,1,4294967295,0,0
oInvCollPH,1536,304,0039F2B1,0,1,1,4294967295,0,0
oInvCollPH,1536,320,00092DFA,0,1,1,4294967295,0,0
oInvCollPH,1536,336,003B59FE,0,1,1,4294967295,0,0
oInvCollPH,1552,272,001DFC16,0,1,1,4294967295,0,0
oInvCollPH,1568,272,001F6893,0,1,1,4294967295,0,0
oInvCollPH,1584,272,0039DFF7,0,1,1,4294967295,0,0
oInvCollPH,1600,272,0023DDB4,0,1,1,4294967295,0,0
oInvCollPH,1616,272,002409C5,0,1,1,4294967295,0,0
oInvCollPH,1632,272,004016CB,0,1,1,4294967295,0,0
oInvCollPH,1648,272,0032FCB5,0,1,1,4294967295,0,0
oInvCollPH,1664,272,002607F9,0,1,1,4294967295,0,0
oInvCollPH,1680,272,002A005D,0,1,1,4294967295,0,0
oInvCollPH,1696,272,001E1BFC,0,1,1,4294967295,0,0
oInvCollPH,1712,272,00077C6B,0,1,1,4294967295,0,0
oInvCollPH,1712,288,002BEBA4,0,1,1,4294967295,0,0
oInvCollPH,1712,304,002D618E,0,1,1,4294967295,0,0
oInvCollPH,1712,320,0032F1F1,0,1,1,4294967295,0,0
oInvCollPH,1712,336,001F5AAE,0,1,1,4294967295,0,0
oInvCollPH,1872,224,002113FF,0,1,1,4294967295,0,0
oInvCollPH,2032,176,00364CEE,0,1,1,4294967295,0,0
oInvCollPH,2176,144,003C5B6D,0,1,1,4294967295,0,0
oInvCollPH,2176,160,000C67CB,0,1,1,4294967295,0,0
oInvCollPH,2176,176,001D4F84,0,1,1,4294967295,0,0
oInvCollPH,2176,192,00184070,0,1,1,4294967295,0,0
oInvCollPH,2176,272,001E835B,0,1,1,4294967295,0,0
oInvCollPH,2176,256,003DDD8D,0,1,1,4294967295,0,0
oInvCollPH,2176,240,0018C62D,0,1,1,4294967295,0,0
oInvCollPH,2176,224,0024F6E2,0,1,1,4294967295,0,0
oInvCollPH,2176,208,003AD09C,0,1,1,4294967295,0,0
oInvCollPH,2176,304,003AA436,0,1,1,4294967295,0,0
oInvCollPH,2176,320,001562A8,0,1,1,4294967295,0,0
oInvCollPH,2176,336,0025699C,0,1,1,4294967295,0,0
oInvCollPH,2176,288,0028D624,0,1,1,4294967295,0,0
oInvCollPH,2192,128,0037F964,0,1,1,4294967295,0,0
oInvCollPH,2208,128,0003C50E,0,1,1,4294967295,0,0
oInvCollPH,2224,128,003812FD,0,1,1,4294967295,0,0
oInvCollPH,2240,128,002B69C3,0,1,1,4294967295,0,0
oInvCollPH,2256,128,001B62BC,0,1,1,4294967295,0,0
oInvCollPH,2272,128,001B088C,0,1,1,4294967295,0,0
oInvCollPH,2288,128,002AED29,0,1,1,4294967295,0,0
oInvCollPH,2288,144,0037F171,0,1,1,4294967295,0,0
oInvCollPH,2288,160,003BBB13,0,1,1,4294967295,0,0
oInvCollPH,2288,176,00323A70,0,1,1,4294967295,0,0
oInvCollPH,2288,192,002D7578,0,1,1,4294967295,0,0
oInvCollPH,2288,208,00131691,0,1,1,4294967295,0,0
oInvCollPH,2288,224,001ECFEF,0,1,1,4294967295,0,0
oInvCollPH,2288,240,003DA6A6,0,1,1,4294967295,0,0
oInvCollPH,2288,256,001C9DA6,0,1,1,4294967295,0,0
oInvCollPH,2288,272,0033A5BD,0,1,1,4294967295,0,0
oInvCollPH,2288,288,0009F6F3,0,1,1,4294967295,0,0
oInvCollPH,2288,304,000079D8,0,1,1,4294967295,0,0
oInvCollPH,2288,320,00175155,0,1,1,4294967295,0,0
oInvCollPH,2288,336,002A0568,0,1,1,4294967295,0,0
oInvCollPH,1408,16,002C070E,0,1,1,4294967295,0,0
oInvCollPH,1424,16,002F0586,0,1,1,4294967295,0,0
oInvCollPH,1440,16,002A2B15,0,1,1,4294967295,0,0
oInvCollPH,1456,16,000F0854,0,1,1,4294967295,0,0
oInvCollPH,1472,16,0028EA0D,0,1,1,4294967295,0,0
oInvCollPH,1488,16,000834DA,0,1,1,4294967295,0,0
oInvCollPH,1504,16,003A41AF,0,1,1,4294967295,0,0
oInvCollPH,1520,16,00040C9C,0,1,1,4294967295,0,0
oInvCollPH,1536,16,003C76C5,0,1,1,4294967295,0,0
oInvCollPH,1552,16,001FC481,0,1,1,4294967295,0,0
oInvCollPH,1568,16,0028829F,0,1,1,4294967295,0,0
oInvCollPH,1584,16,0006E559,0,1,1,4294967295,0,0
oInvCollPH,1600,16,0020BB23,0,1,1,4294967295,0,0
oInvCollPH,1616,16,000097A4,0,1,1,4294967295,0,0
oInvCollPH,1632,16,000FFFED,0,1,1,4294967295,0,0
oInvCollPH,1648,16,00357C0C,0,1,1,4294967295,0,0
oInvCollPH,1664,16,0016D387,0,1,1,4294967295,0,0
oInvCollPH,1680,16,002B754D,0,1,1,4294967295,0,0
oInvCollPH,1696,16,001A0FC8,0,1,1,4294967295,0,0
oInvCollPH,1712,16,003A2539,0,1,1,4294967295,0,0
oInvCollPH,1728,16,0003E245,0,1,1,4294967295,0,0
oInvCollPH,1744,16,0018B3A7,0,1,1,4294967295,0,0
oInvCollPH,1760,16,000C708C,0,1,1,4294967295,0,0
oInvCollPH,1776,16,0031C9BC,0,1,1,4294967295,0,0
oInvCollPH,1792,16,002C319A,0,1,1,4294967295,0,0
oInvCollPH,1808,16,00121BC9,0,1,1,4294967295,0,0
oInvCollPH,1824,16,000248A2,0,1,1,4294967295,0,0
oInvCollPH,1840,16,002F39E1,0,1,1,4294967295,0,0
oInvCollPH,1856,16,000D8523,0,1,1,4294967295,0,0
oInvCollPH,1872,16,0018B3F6,0,1,1,4294967295,0,0
oInvCollPH,1888,16,003E240D,0,1,1,4294967295,0,0
oInvCollPH,1904,16,0017210E,0,1,1,4294967295,0,0
oInvCollPH,1920,16,0024BAF3,0,1,1,4294967295,0,0
oInvCollPH,1936,16,00144301,0,1,1,4294967295,0,0
oInvCollPH,1952,16,003FA37B,0,1,1,4294967295,0,0
oInvCollPH,1968,16,0001AEEC,0,1,1,4294967295,0,0
oInvCollPH,1984,16,000BC0EB,0,1,1,4294967295,0,0
oInvCollPH,2000,16,001B1C60,0,1,1,4294967295,0,0
oInvCollPH,2016,16,00225FA6,0,1,1,4294967295,0,0
oInvCollPH,2032,16,001C9E6D,0,1,1,4294967295,0,0
oInvCollPH,2048,16,0028A056,0,1,1,4294967295,0,0
oInvCollPH,2064,16,00350070,0,1,1,4294967295,0,0
oInvCollPH,2080,16,0006BF3A,0,1,1,4294967295,0,0
oInvCollPH,2096,16,003858BA,0,1,1,4294967295,0,0
oInvCollPH,2112,16,002F3D10,0,1,1,4294967295,0,0
oInvCollPH,2128,16,000299AA,0,1,1,4294967295,0,0
oInvCollPH,2144,16,003D4491,0,1,1,4294967295,0,0
oInvCollPH,2160,16,003B9434,0,1,1,4294967295,0,0
oInvCollPH,2176,16,00372D1E,0,1,1,4294967295,0,0
oInvCollPH,2192,16,00131337,0,1,1,4294967295,0,0
oInvCollPH,2208,16,00049D11,0,1,1,4294967295,0,0
oInvCollPH,2224,16,00209D25,0,1,1,4294967295,0,0
oInvCollPH,2240,16,003DD0C0,0,1,1,4294967295,0,0
oInvCollPH,2256,16,000F09B7,0,1,1,4294967295,0,0
oInvCollPH,1408,352,003CD817,0,1,1,4294967295,0,0
oInvCollPH,1424,352,001012C2,0,1,1,4294967295,0,0
oInvCollPH,1440,352,002956A5,0,1,1,4294967295,0,0
oInvCollPH,1456,352,000685FA,0,1,1,4294967295,0,0
oInvCollPH,1472,352,002C20C5,0,1,1,4294967295,0,0
oInvCollPH,1488,352,001DD370,0,1,1,4294967295,0,0
oInvCollPH,1504,352,0033542B,0,1,1,4294967295,0,0
oInvCollPH,1520,352,00389411,0,1,1,4294967295,0,0
oInvCollPH,1728,352,001D3342,0,1,1,4294967295,0,0
oInvCollPH,1744,352,00005536,0,1,1,4294967295,0,0
oInvCollPH,1760,352,002B274C,0,1,1,4294967295,0,0
oInvCollPH,1776,352,0016D64B,0,1,1,4294967295,0,0
oInvCollPH,1792,352,003145F7,0,1,1,4294967295,0,0
oInvCollPH,1808,352,000A4726,0,1,1,4294967295,0,0
oInvCollPH,1824,352,003D8C35,0,1,1,4294967295,0,0
oInvCollPH,1840,352,00050B47,0,1,1,4294967295,0,0
oInvCollPH,1856,352,001FA0BB,0,1,1,4294967295,0,0
oInvCollPH,1872,352,0024C866,0,1,1,4294967295,0,0
oInvCollPH,1888,352,00085CC5,0,1,1,4294967295,0,0
oInvCollPH,1904,352,001B8EE3,0,1,1,4294967295,0,0
oInvCollPH,1920,352,00160613,0,1,1,4294967295,0,0
oInvCollPH,1936,352,0028F715,0,1,1,4294967295,0,0
oInvCollPH,1952,352,0005FCE3,0,1,1,4294967295,0,0
oInvCollPH,1968,352,0014782B,0,1,1,4294967295,0,0
oInvCollPH,1984,352,00260EB0,0,1,1,4294967295,0,0
oInvCollPH,2000,352,00021157,0,1,1,4294967295,0,0
oInvCollPH,2016,352,0021ABE1,0,1,1,4294967295,0,0
oInvCollPH,2032,352,0015FE10,0,1,1,4294967295,0,0
oInvCollPH,2048,352,00006BBD,0,1,1,4294967295,0,0
oInvCollPH,2064,352,0013B25D,0,1,1,4294967295,0,0
oInvCollPH,2080,352,0020F110,0,1,1,4294967295,0,0
oInvCollPH,2096,352,001AA113,0,1,1,4294967295,0,0
oInvCollPH,2112,352,000E3FAA,0,1,1,4294967295,0,0
oInvCollPH,2128,352,002D41E1,0,1,1,4294967295,0,0
oInvCollPH,2144,352,00172398,0,1,1,4294967295,0,0
oInvCollPH,2160,352,000C6CAC,0,1,1,4294967295,0,0
oInvCollPH,2272,16,00033515,0,1,1,4294967295,0,0
oInvCollPH,2288,16,00291096,0,1,1,4294967295,0,0
oInvCollPH,2304,16,00293E5F,0,1,1,4294967295,0,0
oInvCollPH,2320,16,0035E83A,0,1,1,4294967295,0,0
oInvCollPH,2336,16,001D2242,0,1,1,4294967295,0,0
oInvCollPH,2352,16,001FCC8E,0,1,1,4294967295,0,0
oInvCollPH,2368,16,0039A91B,0,1,1,4294967295,0,0
oInvCollPH,2384,16,0039B32E,0,1,1,4294967295,0,0
oInvCollPH,2400,16,000A9E47,0,1,1,4294967295,0,0
oInvCollPH,2416,16,002B47EF,0,1,1,4294967295,0,0
oInvCollPH,2432,16,0023B1A5,0,1,1,4294967295,0,0
oInvCollPH,2448,16,0017BB57,0,1,1,4294967295,0,0
oInvCollPH,2464,16,000CA309,0,1,1,4294967295,0,0
oInvCollPH,2480,16,0003E606,0,1,1,4294967295,0,0
oInvCollPH,2496,16,003D63CA,0,1,1,4294967295,0,0
oInvCollPH,2512,16,000F7EB6,0,1,1,4294967295,0,0
oInvCollPH,2528,16,002D9C26,0,1,1,4294967295,0,0
oInvCollPH,2544,16,00157B11,0,1,1,4294967295,0,0
oInvCollPH,2560,16,002489EC,0,1,1,4294967295,0,0
oInvCollPH,2576,16,00030F6F,0,1,1,4294967295,0,0
oInvCollPH,2592,16,003FE445,0,1,1,4294967295,0,0
oInvCollPH,2608,16,003253E3,0,1,1,4294967295,0,0
oInvCollPH,2624,16,0032B2E1,0,1,1,4294967295,0,0
oInvCollPH,2640,16,000FC107,0,1,1,4294967295,0,0
oInvCollPH,2656,16,00222052,0,1,1,4294967295,0,0
oInvCollPH,2672,16,00242287,0,1,1,4294967295,0,0
oInvCollPH,2688,16,00393FB2,0,1,1,4294967295,0,0
oInvCollPH,2704,16,001CFD38,0,1,1,4294967295,0,0
oInvCollPH,2304,352,001841C2,0,1,1,4294967295,0,0
oInvCollPH,2320,352,00239EA9,0,1,1,4294967295,0,0
oInvCollPH,2336,352,00017973,0,1,1,4294967295,0,0
oInvCollPH,2352,352,00364B4F,0,1,1,4294967295,0,0
oInvCollPH,2368,352,0016EC28,0,1,1,4294967295,0,0
oInvCollPH,2384,352,00109196,0,1,1,4294967295,0,0
oInvCollPH,2400,352,001608EB,0,1,1,4294967295,0,0
oInvCollPH,2416,352,0011BB9A,0,1,1,4294967295,0,0
oInvCollPH,2432,352,0032B043,0,1,1,4294967295,0,0
oInvCollPH,2448,352,00184AE3,0,1,1,4294967295,0,0
oInvCollPH,2464,352,0029D559,0,1,1,4294967295,0,0
oInvCollPH,2480,352,00387522,0,1,1,4294967295,0,0
oInvCollPH,2496,352,002FDDE1,0,1,1,4294967295,0,0
oInvCollPH,2512,352,00026382,0,1,1,4294967295,0,0
oInvCollPH,2528,352,0008C7EA,0,1,1,4294967295,0,0
oInvCollPH,2544,352,000F1701,0,1,1,4294967295,0,0
oInvCollPH,2560,352,0003F339,0,1,1,4294967295,0,0
oInvCollPH,2576,352,003237F0,0,1,1,4294967295,0,0
oInvCollPH,2592,352,00192191,0,1,1,4294967295,0,0
oInvCollPH,2608,352,00266604,0,1,1,4294967295,0,0
oInvCollPH,2624,352,003374EB,0,1,1,4294967295,0,0
oInvCollPH,2640,352,002E08FD,0,1,1,4294967295,0,0
oInvCollPH,2656,352,00110947,0,1,1,4294967295,0,0
oInvCollPH,2672,352,001E0528,0,1,1,4294967295,0,0
oInvCollPH,2688,352,000280BB,0,1,1,4294967295,0,0
oInvCollPH,2704,352,00150109,0,1,1,4294967295,0,0
oInvCollPH,2720,352,00100392,0,1,1,4294967295,0,0
oInvCollPH,2736,352,000F43EB,0,1,1,4294967295,0,0
oInvCollPH,2752,352,00074059,0,1,1,4294967295,0,0
oInvCollPH,2768,352,002A93E1,0,1,1,4294967295,0,0
oInvCollPH,2720,32,00033F19,0,1,1,4294967295,0,0
oInvCollPH,2720,48,00149E05,0,1,1,4294967295,0,0
oInvCollPH,2720,64,0003D4DB,0,1,1,4294967295,0,0
oInvCollPH,2768,272,00046973,0,1,1,4294967295,0,0
oInvCollPH,2752,272,00030430,0,1,1,4294967295,0,0
oInvCollPH,2736,272,0019899C,0,1,1,4294967295,0,0
oInvCollPH,2720,272,002A681F,0,1,1,4294967295,0,0
oInvCollPH,2720,256,0036FB71,0,1,1,4294967295,0,0
oInvCollPH,2720,240,003FB601,0,1,1,4294967295,0,0
oInvCollPH,2720,224,003F95C3,0,1,1,4294967295,0,0
oInvCollPH,2720,208,001D3D72,0,1,1,4294967295,0,0
oInvCollPH,2720,112,002AEF15,0,1,1,4294967295,0,0
oInvCollPH,2720,128,003C80B5,0,1,1,4294967295,0,0
oInvCollPH,2720,144,0021C819,0,1,1,4294967295,0,0
oInvCollPH,2720,160,001C388F,0,1,1,4294967295,0,0
oInvCollPH,2720,176,0017DABE,0,1,1,4294967295,0,0
oInvCollPH,2720,192,0006F01F,0,1,1,4294967295,0,0
oInvCollPH,2720,80,0023B64D,0,1,1,4294967295,0,0
oInvCollPH,2720,96,00314834,0,1,1,4294967295,0,0
oInvCollPH,2384,272,002DEBDE,0,1,1,4294967295,0,0
oInvCollPH,2400,272,00136747,0,1,1,4294967295,0,0
oInvCollPH,2416,272,002B4660,0,1,1,4294967295,0,0
oInvCollPH,2432,272,000743AD,0,1,1,4294967295,0,0
oInvCollPH,2448,272,0004F7B1,0,1,1,4294967295,0,0
oInvCollPH,2480,192,003B84AB,0,1,1,4294967295,0,0
oInvCollPH,2496,192,00171CF1,0,1,1,4294967295,0,0
oInvCollPH,2512,192,0040442C,0,1,1,4294967295,0,0
oInvCollPH,2528,192,001A5552,0,1,1,4294967295,0,0
oInvCollPH,2544,192,00401CA5,0,1,1,4294967295,0,0
oInvCollPH,2576,272,001677CC,0,1,1,4294967295,0,0
oInvCollPH,2592,272,00026B8C,0,1,1,4294967295,0,0
oInvCollPH,2608,272,002AA1AC,0,1,1,4294967295,0,0
oInvCollPH,2624,272,002D68C5,0,1,1,4294967295,0,0
oInvCollPH,2640,272,002D1C81,0,1,1,4294967295,0,0
oInvCollPH,2464,192,0035CEDD,0,1,1,4294967295,0,0
oInvCollPH,2560,192,0037A5E4,0,1,1,4294967295,0,0
oInvisibleSolid,32,0,00349FAF,0,1,1,4294967295,0,1
oInvisibleSolid,0,0,00083982,0,1,1,4294967295,0,1
oInvisibleSolid,0,352,000F1012,0,1,1,4294967295,0,1
oInvisibleSolid,32,192,000744EF,0,1,1,4294967295,0,1
oInvisibleSolid,416,192,002F797D,0,1,1,4294967295,0,1
oInvisibleSolid,256,144,0011E6C8,0,1,1,4294967295,0,1
oInvisibleSolid,704,32,00241D03,0,1,1,4294967295,0,1
oInvisibleSolid,640,272,00303CCE,0,1,1,4294967295,0,1
oTimeSwBarrier,720,192,0004A6EE,0,1,1,4294967295,0,1
oInvisibleSolid,1344,224,001B0670,0,1,1,4294967295,0,1
oInvisibleSolid,1536,272,0014B8AC,0,1,1,4294967295,0,1
oInvisibleSolid,1856,224,000F6F73,0,1,1,4294967295,0,1
oInvisibleSolid,2016,176,0007A1F1,0,1,1,4294967295,0,1
oInvisibleSolid,2176,128,001D613F,0,1,1,4294967295,0,1
oInvisibleSolid,2720,0,0026FEA3,0,1,1,4294967295,0,1
oInvisibleSolid,2368,272,00238928,0,1,1,4294967295,0,1
oInvisibleSolid,2448,192,00045783,0,1,1,4294967295,0,1
oInvisibleSolid,2560,272,003191F1,0,1,1,4294967295,0,1
