oExit,0,256,00356E4E,0,1,1,4294967295,0,1
oHeartPiece,752,240,0028DA6E,0,1,1,4294967295,0,1
oZeldaBreakPot,840,256,002661E9,0,1,1,4294967295,0,0
oGreenSlime,224,240,001550A8,0,1,1,4294967295,0,0
oGreenSlime,432,288,003DD9FC,0,1,1,4294967295,0,0
oPlayer1,48,288,001E01FB,0,1,1,4294967295,0,0
oInvCollPH,464,272,003A165C,0,1,1,4294967295,0,0
oInvCollPH,480,288,001D0964,0,1,1,4294967295,0,0
oInvCollPH,16,288,001FD436,0,1,1,4294967295,0,0
oInvCollPH,32,288,00399C55,0,1,1,4294967295,0,0
oInvCollPH,48,288,001A7EA1,0,1,1,4294967295,0,0
oInvCollPH,64,288,003030A2,0,1,1,4294967295,0,0
oInvCollPH,80,288,002057FF,0,1,1,4294967295,0,0
oInvCollPH,96,288,000EFDD9,0,1,1,4294967295,0,0
oInvCollPH,112,288,00073344,0,1,1,4294967295,0,0
oInvCollPH,128,288,003EAC29,0,1,1,4294967295,0,0
oInvCollPH,144,288,00213CEC,0,1,1,4294967295,0,0
oInvCollPH,848,336,003B12D1,0,1,1,4294967295,0,0
oInvCollPH,848,320,000CBD1A,0,1,1,4294967295,0,0
oInvCollPH,848,304,00368476,0,1,1,4294967295,0,0
oInvCollPH,848,288,0028231F,0,1,1,4294967295,0,0
oInvCollPH,816,288,00274893,0,1,1,4294967295,0,0
oInvCollPH,800,288,002B9447,0,1,1,4294967295,0,0
oInvCollPH,160,288,00374169,0,1,1,4294967295,0,0
oInvCollPH,176,288,00253597,0,1,1,4294967295,0,0
oInvCollPH,192,288,00165955,0,1,1,4294967295,0,0
oInvCollPH,208,272,00394FBD,0,1,1,4294967295,0,0
oInvCollPH,720,288,003B3DEC,0,1,1,4294967295,0,0
oInvCollPH,736,288,002DBA6F,0,1,1,4294967295,0,0
oInvCollPH,752,272,001C7BE5,0,1,1,4294967295,0,0
oInvCollPH,768,288,0018C92A,0,1,1,4294967295,0,0
oInvCollPH,784,288,00277621,0,1,1,4294967295,0,0
oInvCollPH,304,288,00047E46,0,1,1,4294967295,0,0
oInvCollPH,288,288,00365649,0,1,1,4294967295,0,0
oInvCollPH,272,288,00042C12,0,1,1,4294967295,0,0
oInvCollPH,256,272,001D1A9A,0,1,1,4294967295,0,0
oInvCollPH,656,256,001E93BF,0,1,1,4294967295,0,0
oInvCollPH,656,272,000E5994,0,1,1,4294967295,0,0
oInvCollPH,672,288,000932FF,0,1,1,4294967295,0,0
oInvCollPH,688,288,00106050,0,1,1,4294967295,0,0
oInvCollPH,704,288,0028B9A4,0,1,1,4294967295,0,0
oInvCollPH,384,288,000B45A4,0,1,1,4294967295,0,0
oInvCollPH,368,288,00066261,0,1,1,4294967295,0,0
oInvCollPH,352,272,003B5615,0,1,1,4294967295,0,0
oInvCollPH,336,288,003D8C56,0,1,1,4294967295,0,0
oInvCollPH,320,288,001C088E,0,1,1,4294967295,0,0
oInvCollPH,560,288,001070FE,0,1,1,4294967295,0,0
oInvCollPH,576,240,000D3F24,0,1,1,4294967295,0,0
oInvCollPH,576,256,000403E1,0,1,1,4294967295,0,0
oInvCollPH,576,272,00161792,0,1,1,4294967295,0,0
oInvCollPH,656,240,0017D0FA,0,1,1,4294967295,0,0
oInvCollPH,512,288,00208705,0,1,1,4294967295,0,0
oInvCollPH,528,288,00151A8C,0,1,1,4294967295,0,0
oInvCollPH,544,288,0023C37C,0,1,1,4294967295,0,0
oInvCollPH,448,288,0017890E,0,1,1,4294967295,0,0
oInvCollPH,432,288,001C7BF5,0,1,1,4294967295,0,0
oInvCollPH,416,288,0028128A,0,1,1,4294967295,0,0
oInvCollPH,400,288,00018D8F,0,1,1,4294967295,0,0
oInvCollPH,848,272,0021C0A3,0,1,1,4294967295,0,0
oInvCollPH,496,288,002788BF,0,1,1,4294967295,0,0
oInvCollPH,224,240,003A0417,0,1,1,4294967295,0,0
oInvCollPH,240,240,0015CAAB,0,1,1,4294967295,0,0
oInvCollPH,256,240,001B3773,0,1,1,4294967295,0,0
oInvCollPH,592,208,0018B577,0,1,1,4294967295,0,0
oInvCollPH,608,208,0011D1A5,0,1,1,4294967295,0,0
oInvCollPH,624,208,00196066,0,1,1,4294967295,0,0
oInvCollPH,640,208,0024AFA8,0,1,1,4294967295,0,0
oInvCollPH,656,208,000FA884,0,1,1,4294967295,0,0
oInvisibleSolid,0,288,0024605D,0,1,1,4294967295,0,1
oInvisibleSolid,832,272,000BB8F8,0,1,1,4294967295,0,1
oInvisibleSolid,208,240,0005A260,0,1,1,4294967295,0,1
oInvisibleSolid,208,256,0021D072,0,1,1,4294967295,0,1
oInvisibleSolid,256,256,000A0E5F,0,1,1,4294967295,0,1
oInvisibleSolid,352,256,001F8070,0,1,1,4294967295,0,1
oInvisibleSolid,464,256,0010F726,0,1,1,4294967295,0,1
oInvisibleSolid,576,208,0039D02F,0,1,1,4294967295,0,1
oInvisibleSolid,576,224,00163245,0,1,1,4294967295,0,1
oInvisibleSolid,656,224,0016EA12,0,1,1,4294967295,0,1
oInvisibleSolid,752,256,00311C26,0,1,1,4294967295,0,1
