oExit,1616,144,0018505A,0,1,1,4294967295,0,1
oSignPost,696,528,00329266,0,1,1,4294967295,0,1
oSwitchHolder,1872,752,003B5152,0,1,1,4294967295,0,1
oSwitchHolder,56,560,00109252,0,1,1,4294967295,0,1
oCVRope,1760,448,0019153D,0,1,1,4294967295,0,1
oCVRope,1616,224,0020AF46,0,1,1,4294967295,0,1
oArrowQuiver,1744,384,001EA4D3,0,1,1,4294967295,0,1
oZeldaBreakPot,648,352,003BF0E2,0,1,1,4294967295,0,0
oZeldaBreakPot,728,352,000BBD53,0,1,1,4294967295,0,0
oZeldaBreakPot,832,512,00021FEE,0,1,1,4294967295,0,0
oZeldaBreakPot,1872,544,001021F1,0,1,1,4294967295,0,0
oZeldaBreakPot,1432,752,001060DA,0,1,1,4294967295,0,0
oSwitchBarrier,544,304,00217E96,0,1,1,4294967295,0,1
oSwitchBarrier,592,304,002E2D3D,0,1,1,4294967295,0,1
oCVCandle,1568,144,001BF7E6,0,1,1,4294967295,0,0
oCVCandle,1664,144,003B57DD,0,1,1,4294967295,0,0
oCVCandle,1744,144,0019D1FC,0,1,1,4294967295,0,0
oCVCandle,1808,128,00344A45,0,1,1,4294967295,0,0
oCVCandle,1872,112,0017861C,0,1,1,4294967295,0,0
oCVCandle,1872,496,0035558B,0,1,1,4294967295,0,0
oCVCandle,1968,496,0004B718,0,1,1,4294967295,0,0
oCVCandle,1968,416,00108343,0,1,1,4294967295,0,0
oCVCandle,1872,416,003D7D4A,0,1,1,4294967295,0,0
oCVCandle,1464,352,00193022,0,1,1,4294967295,0,0
oCVCandle,1416,352,0028D23C,0,1,1,4294967295,0,0
oCVCandle,1416,672,002075FE,0,1,1,4294967295,0,0
oCVCandle,1464,672,003264B0,0,1,1,4294967295,0,0
oCVCandle,704,624,00085F82,0,1,1,4294967295,0,0
oCVCandle,960,624,003B31A0,0,1,1,4294967295,0,0
oCVCandle,1168,736,003BC2A6,0,1,1,4294967295,0,0
oCVCandle,168,640,00137184,0,1,1,4294967295,0,0
oCVCandle,280,656,0034B8E5,0,1,1,4294967295,0,0
oCVCandle,56,624,002ED9CA,0,1,1,4294967295,0,0
oCVCandle,656,320,0016721B,0,1,1,4294967295,0,0
oCVCandle,736,320,001F695C,0,1,1,4294967295,0,0
oCVCandle,496,368,0039162B,0,1,1,4294967295,0,0
oCVCandle,208,368,000D7FFA,0,1,1,4294967295,0,0
oCVCandle,632,176,00314FC4,0,1,1,4294967295,0,0
oCVCandle,648,176,000A221A,0,1,1,4294967295,0,0
oCVCandle,632,160,002E6689,0,1,1,4294967295,0,0
oCVCandle,648,160,00329864,0,1,1,4294967295,0,0
oCVCandle,368,208,002100DA,0,1,1,4294967295,0,0
oZeldaBreakPot,496,256,0012A432,0,1,1,4294967295,0,0
oLargeJumper,1604,320,00380577,0,1,1,4294967295,0,0
oLargeJumper,1752,544,00192EE6,0,1,1,4294967295,0,0
oLargeJumper,1908,440,003A1056,0,1,1,4294967295,0,0
oBreakableW_Coded,1520,288,001FEF2D,0,1,1,4294967295,0,1
oBreakableW_Coded,1792,496,00145EE7,0,1,1,4294967295,0,1
oBreakableW_Coded,1648,304,0013041F,0,1,1,4294967295,0,1
oBreakableW_Coded,1648,320,003A7BD8,0,1,1,4294967295,0,1
oBreakableW_Coded,1648,336,001DCCBB,0,1,1,4294967295,0,1
oBreakableW_Coded,1648,352,00159BA2,0,1,1,4294967295,0,1
oBreakableW_Coded,1648,496,003951F3,0,1,1,4294967295,0,1
oBreakableW_Coded,1648,512,0010502B,0,1,1,4294967295,0,1
oBreakableW_Coded,1648,528,0015A768,0,1,1,4294967295,0,1
oBreakableW_Coded,1648,544,00080E3C,0,1,1,4294967295,0,1
oBreakableW_Coded,1520,656,000EA58F,0,1,1,4294967295,0,1
oBreakableW_Coded,1520,672,00113636,0,1,1,4294967295,0,1
oBreakableW_Coded,1520,688,003F2821,0,1,1,4294967295,0,1
oBreakableW_Coded,1520,704,00320769,0,1,1,4294967295,0,1
oBreakableW_Coded,1568,288,001638AD,0,1,1,4294967295,0,1
oBreakableW_Coded,1808,496,003171D2,0,1,1,4294967295,0,1
oBreakableW_Coded,1696,304,00128826,0,1,1,4294967295,0,1
oBreakableW_Coded,1696,320,001F44D6,0,1,1,4294967295,0,1
oBreakableW_Coded,1696,336,002DFE09,0,1,1,4294967295,0,1
oBreakableW_Coded,1696,352,001B6B08,0,1,1,4294967295,0,1
oBreakableW_Coded,1696,496,003BE8E8,0,1,1,4294967295,0,1
oBreakableW_Coded,1696,512,00045487,0,1,1,4294967295,0,1
oBreakableW_Coded,1696,528,00146989,0,1,1,4294967295,0,1
oBreakableW_Coded,1696,544,0016AEB3,0,1,1,4294967295,0,1
oBreakableW_Coded,1568,656,00127B70,0,1,1,4294967295,0,1
oBreakableW_Coded,1568,672,000BB456,0,1,1,4294967295,0,1
oBreakableW_Coded,1568,688,000AA832,0,1,1,4294967295,0,1
oBreakableW_Coded,1568,704,003A987F,0,1,1,4294967295,0,1
oBreakableW_Coded,1536,288,001915C2,0,1,1,4294967295,0,1
oBreakableW_Coded,1552,288,0036A632,0,1,1,4294967295,0,1
oBreakableW_Coded,1536,656,00149CFC,0,1,1,4294967295,0,1
oBreakableW_Coded,1552,656,003E3C47,0,1,1,4294967295,0,1
oBreakableW_Coded,1536,672,00089E7F,0,1,1,4294967295,0,1
oBreakableW_Coded,1552,672,0007D7EE,0,1,1,4294967295,0,1
oBreakableW_Coded,1536,688,002C3D1D,0,1,1,4294967295,0,1
oBreakableW_Coded,1552,688,0004B18E,0,1,1,4294967295,0,1
oBreakableW_Coded,1536,704,0007D397,0,1,1,4294967295,0,1
oBreakableW_Coded,1552,704,00012402,0,1,1,4294967295,0,1
oBreakableW_Coded,1664,496,0009C4CF,0,1,1,4294967295,0,1
oBreakableW_Coded,1680,496,0013D6ED,0,1,1,4294967295,0,1
oBreakableW_Coded,1664,512,0036027D,0,1,1,4294967295,0,1
oBreakableW_Coded,1680,512,0005EB3B,0,1,1,4294967295,0,1
oBreakableW_Coded,1664,528,0035ABD7,0,1,1,4294967295,0,1
oBreakableW_Coded,1680,528,0032969B,0,1,1,4294967295,0,1
oBreakableW_Coded,1664,544,00055A65,0,1,1,4294967295,0,1
oBreakableW_Coded,1680,544,000F1474,0,1,1,4294967295,0,1
oBreakableW_Coded,1664,304,0032F961,0,1,1,4294967295,0,1
oBreakableW_Coded,1680,304,00244C13,0,1,1,4294967295,0,1
oBreakableW_Coded,1664,320,002A03A0,0,1,1,4294967295,0,1
oBreakableW_Coded,1680,320,002E3B88,0,1,1,4294967295,0,1
oBreakableW_Coded,1664,336,002FB3C2,0,1,1,4294967295,0,1
oBreakableW_Coded,1680,336,00221A71,0,1,1,4294967295,0,1
oBreakableW_Coded,1664,352,0006250E,0,1,1,4294967295,0,1
oBreakableW_Coded,1680,352,00231911,0,1,1,4294967295,0,1
oCrushingSpike,640,80,002EDA8E,0,1,1,4294967295,0,0
oBallChainControl,280,464,0024C209,0,1,1,4294967295,0,1
oBallChainControl,296,464,00035EBE,0,1,1,4294967295,0,1
oBallChainControl,312,464,0009B8BB,0,1,1,4294967295,0,1
oBallChainControl,328,464,000D4D33,0,1,1,4294967295,0,1
oBallChainControl,240,96,003D62FC,0,1,1,4294967295,0,1
oBallChainControl,496,64,00269347,0,1,1,4294967295,0,1
oBallChainControl,752,64,0018B51B,0,1,1,4294967295,0,1
oCrushingSpike,904,64,00217C82,0,1,1,4294967295,0,0
oCrushingSpike,1016,64,002930E2,0,1,1,4294967295,0,0
oCrushingSpike,1128,64,001EBABE,0,1,1,4294967295,0,0
oCrushingSpike,1240,64,0017B79C,0,1,1,4294967295,0,0
oCrushingSpike,1352,64,000B0235,0,1,1,4294967295,0,0
oCV_Mimic,168,688,0012E183,0,1,1,4294967295,0,0
oCV_GhostDancer,1072,192,0024CF6F,0,1,1,4294967295,0,1
oCV_SalemWitch,1920,112,0006F244,0,1,1,4294967295,0,0
oCV_SwordKnight,336,272,00320781,0,1,1,4294967295,0,1
oCV_BonePillar,800,192,0032E90C,0,1,1,4294967295,0,1
oCV_BonePillar,1184,368,003A3900,0,1,1,4294967295,0,0
oCV_Ghost,696,432,00277804,0,1,1,4294967295,0,0
oCV_Ghost,128,512,002B0454,0,1,1,4294967295,0,0
oCV_Ghost,368,128,0036867A,0,1,1,4294967295,0,1
oCV_Ghost,112,80,000B3E75,0,1,1,4294967295,0,1
oCV_Ghoul,352,448,00333CAE,0,1,1,4294967295,0,1
oCV_BonePillar,1184,192,00109C0F,0,1,1,4294967295,0,0
oCV_BonePillar,1296,192,00268BFA,0,1,1,4294967295,0,0
oPlayer1,1664,192,000923D2,0,1,1,4294967295,0,0
oSpikeZone,512,240,00266472,0,1,1,4294967295,0,0
oSpikeZone,528,240,002963E4,0,1,1,4294967295,0,0
oSpikeZone,560,176,0011D687,0,1,1,4294967295,0,0
oSpikeZone,576,176,001AE736,0,1,1,4294967295,0,0
oSpikeZone,688,176,0006030A,0,1,1,4294967295,0,0
oSpikeZone,704,176,0005E1CB,0,1,1,4294967295,0,0
oSpikeZone,464,768,00143CA3,0,1,1,4294967295,0,0
oSpikeZone,480,768,001C5191,0,1,1,4294967295,0,0
oSpikeZone,496,768,0024F77F,0,1,1,4294967295,0,0
oSpikeZone,512,768,00151AAF,0,1,1,4294967295,0,0
oSpikeZone,528,768,002048D3,0,1,1,4294967295,0,0
oSpikeZone,544,768,002C20D0,0,1,1,4294967295,0,0
oStoryObject,688,336,0033FF9D,0,1,1,4294967295,0,1
oInvCollPH,1600,176,00349307,0,1,1,4294967295,0,0
oInvCollPH,1616,176,0003451F,0,1,1,4294967295,0,0
oInvCollPH,1632,176,001B89B4,0,1,1,4294967295,0,0
oInvCollPH,1584,208,003F81F7,0,1,1,4294967295,0,0
oInvCollPH,1600,208,001C3226,0,1,1,4294967295,0,0
oInvCollPH,1616,208,002B2EDA,0,1,1,4294967295,0,0
oInvCollPH,1632,208,00247617,0,1,1,4294967295,0,0
oInvCollPH,1664,192,00060FE2,0,1,1,4294967295,0,0
oInvCollPH,1680,192,000F42A3,0,1,1,4294967295,0,0
oInvCollPH,1696,192,00020872,0,1,1,4294967295,0,0
oInvCollPH,1648,224,00165C6C,0,1,1,4294967295,0,0
oInvCollPH,1648,240,002A89E4,0,1,1,4294967295,0,0
oInvCollPH,1648,256,000B9467,0,1,1,4294967295,0,0
oInvCollPH,1648,272,000C6D95,0,1,1,4294967295,0,0
oInvCollPH,1648,288,0000101E,0,1,1,4294967295,0,0
oInvCollPH,1664,288,000B15EB,0,1,1,4294967295,0,0
oInvCollPH,1680,288,0004999F,0,1,1,4294967295,0,0
oInvCollPH,1696,288,0039F8CE,0,1,1,4294967295,0,0
oInvCollPH,1696,272,00271AEC,0,1,1,4294967295,0,0
oInvCollPH,1696,256,0024B862,0,1,1,4294967295,0,0
oInvCollPH,1696,240,0004364D,0,1,1,4294967295,0,0
oInvCollPH,1696,224,0034F36E,0,1,1,4294967295,0,0
oInvCollPH,1696,208,002F7EC3,0,1,1,4294967295,0,0
oInvCollPH,1728,192,0028B003,0,1,1,4294967295,0,0
oInvCollPH,1664,32,001C2B07,0,1,1,4294967295,0,0
oInvCollPH,1664,48,0006738E,0,1,1,4294967295,0,0
oInvCollPH,1664,64,0029E60B,0,1,1,4294967295,0,0
oInvCollPH,1664,80,000AB239,0,1,1,4294967295,0,0
oInvCollPH,1664,96,00231543,0,1,1,4294967295,0,0
oInvCollPH,1648,96,0034F530,0,1,1,4294967295,0,0
oInvCollPH,1648,80,00075A37,0,1,1,4294967295,0,0
oInvCollPH,1648,64,00129DD9,0,1,1,4294967295,0,0
oInvCollPH,1648,48,0008E883,0,1,1,4294967295,0,0
oInvCollPH,1600,0,0012FDF3,0,1,1,4294967295,0,0
oInvCollPH,1616,0,000862B1,0,1,1,4294967295,0,0
oInvCollPH,1632,0,0010C6F8,0,1,1,4294967295,0,0
oInvCollPH,1680,16,001D27B1,0,1,1,4294967295,0,0
oInvCollPH,1696,16,000B4401,0,1,1,4294967295,0,0
oInvCollPH,1712,16,00082E2D,0,1,1,4294967295,0,0
oInvCollPH,1728,16,002695A7,0,1,1,4294967295,0,0
oInvCollPH,1744,16,0030A83E,0,1,1,4294967295,0,0
oInvCollPH,1760,16,0038C3A9,0,1,1,4294967295,0,0
oInvCollPH,1776,16,001984B0,0,1,1,4294967295,0,0
oInvCollPH,1792,16,001F1A3B,0,1,1,4294967295,0,0
oInvCollPH,1952,16,0010A666,0,1,1,4294967295,0,0
oInvCollPH,1936,16,0036007A,0,1,1,4294967295,0,0
oInvCollPH,1920,16,0029BC82,0,1,1,4294967295,0,0
oInvCollPH,1904,16,0024D076,0,1,1,4294967295,0,0
oInvCollPH,1888,16,00232E50,0,1,1,4294967295,0,0
oInvCollPH,1872,16,0013C1DC,0,1,1,4294967295,0,0
oInvCollPH,1856,16,0012CC56,0,1,1,4294967295,0,0
oInvCollPH,1840,16,0008E216,0,1,1,4294967295,0,0
oInvCollPH,1824,16,000CE200,0,1,1,4294967295,0,0
oInvCollPH,1808,16,00059C37,0,1,1,4294967295,0,0
oInvCollPH,1968,288,002C847A,0,1,1,4294967295,0,0
oInvCollPH,1984,288,001251E2,0,1,1,4294967295,0,0
oInvCollPH,2000,288,0038C93F,0,1,1,4294967295,0,0
oInvCollPH,1840,288,0015990F,0,1,1,4294967295,0,0
oInvCollPH,1856,288,00234B51,0,1,1,4294967295,0,0
oInvCollPH,1872,288,0036E289,0,1,1,4294967295,0,0
oInvCollPH,1968,32,00112F9E,0,1,1,4294967295,0,0
oInvCollPH,1968,48,001FE919,0,1,1,4294967295,0,0
oInvCollPH,1968,64,001104EB,0,1,1,4294967295,0,0
oInvCollPH,1968,80,00235721,0,1,1,4294967295,0,0
oInvCollPH,1968,96,00055CCF,0,1,1,4294967295,0,0
oInvCollPH,1968,112,000039C5,0,1,1,4294967295,0,0
oInvCollPH,1968,128,002A65CD,0,1,1,4294967295,0,0
oInvCollPH,1968,144,001CD988,0,1,1,4294967295,0,0
oInvCollPH,1968,272,00160D4D,0,1,1,4294967295,0,0
oInvCollPH,1968,256,0034DE37,0,1,1,4294967295,0,0
oInvCollPH,1968,240,003699E7,0,1,1,4294967295,0,0
oInvCollPH,1968,224,00152E69,0,1,1,4294967295,0,0
oInvCollPH,1968,208,002BF9D6,0,1,1,4294967295,0,0
oInvCollPH,1968,192,0027A887,0,1,1,4294967295,0,0
oInvCollPH,1968,176,0011A4F4,0,1,1,4294967295,0,0
oInvCollPH,1968,160,00305546,0,1,1,4294967295,0,0
oInvCollPH,1904,464,001D144C,0,1,1,4294967295,0,0
oInvCollPH,1920,464,00262F1F,0,1,1,4294967295,0,0
oInvCollPH,1936,464,000726BC,0,1,1,4294967295,0,0
oInvCollPH,1760,416,00038C39,0,1,1,4294967295,0,0
oInvCollPH,1752,400,001846D9,0,1,1,4294967295,0,0
oInvCollPH,1728,432,0014BC4B,0,1,1,4294967295,0,0
oInvCollPH,1744,432,00238713,0,1,1,4294967295,0,0
oInvCollPH,1760,432,002CC15F,0,1,1,4294967295,0,0
oInvCollPH,1776,432,003D56D1,0,1,1,4294967295,0,0
oInvCollPH,1808,400,0004A8E5,0,1,1,4294967295,0,0
oInvCollPH,1808,416,002C6C74,0,1,1,4294967295,0,0
oInvCollPH,1792,416,0026A1D3,0,1,1,4294967295,0,0
oInvCollPH,1808,432,0038DC26,0,1,1,4294967295,0,0
oInvCollPH,1808,448,001E46B9,0,1,1,4294967295,0,0
oInvCollPH,1808,464,003F7C0F,0,1,1,4294967295,0,0
oInvCollPH,1792,464,000C97D6,0,1,1,4294967295,0,0
oInvCollPH,1792,448,0021A59C,0,1,1,4294967295,0,0
oInvCollPH,1824,320,00243691,0,1,1,4294967295,0,0
oInvCollPH,1824,336,000496ED,0,1,1,4294967295,0,0
oInvCollPH,1824,352,00392968,0,1,1,4294967295,0,0
oInvCollPH,1840,352,0012F6AC,0,1,1,4294967295,0,0
oInvCollPH,1840,336,003328FA,0,1,1,4294967295,0,0
oInvCollPH,1840,320,00172911,0,1,1,4294967295,0,0
oInvCollPH,1840,304,000EC4F5,0,1,1,4294967295,0,0
oInvCollPH,1808,368,0033776F,0,1,1,4294967295,0,0
oInvCollPH,1792,384,003D72D1,0,1,1,4294967295,0,0
oInvCollPH,1824,384,0019C2C9,0,1,1,4294967295,0,0
oInvCollPH,1840,384,0002743C,0,1,1,4294967295,0,0
oInvCollPH,1840,368,0039D634,0,1,1,4294967295,0,0
oInvCollPH,1600,576,0037D3EA,0,1,1,4294967295,0,0
oInvCollPH,1616,576,002D82DF,0,1,1,4294967295,0,0
oInvCollPH,1632,576,00261874,0,1,1,4294967295,0,0
oInvCollPH,1648,384,000F984B,0,1,1,4294967295,0,0
oInvCollPH,1648,400,003585A3,0,1,1,4294967295,0,0
oInvCollPH,1648,416,003133F5,0,1,1,4294967295,0,0
oInvCollPH,1664,368,00000440,0,1,1,4294967295,0,0
oInvCollPH,1680,368,002459E0,0,1,1,4294967295,0,0
oInvCollPH,1696,368,00124A12,0,1,1,4294967295,0,0
oInvCollPH,1696,384,0011D150,0,1,1,4294967295,0,0
oInvCollPH,1696,400,00097D47,0,1,1,4294967295,0,0
oInvCollPH,1696,416,0038A834,0,1,1,4294967295,0,0
oInvCollPH,1648,432,003C4C21,0,1,1,4294967295,0,0
oInvCollPH,1648,448,0033F770,0,1,1,4294967295,0,0
oInvCollPH,1648,464,0025ED1F,0,1,1,4294967295,0,0
oInvCollPH,1648,480,00175349,0,1,1,4294967295,0,0
oInvCollPH,1664,480,0018E3F6,0,1,1,4294967295,0,0
oInvCollPH,1680,480,002F4508,0,1,1,4294967295,0,0
oInvCollPH,1696,480,003F86FE,0,1,1,4294967295,0,0
oInvCollPH,1696,464,003DFCDE,0,1,1,4294967295,0,0
oInvCollPH,1696,448,001A08D9,0,1,1,4294967295,0,0
oInvCollPH,1664,560,002B7B57,0,1,1,4294967295,0,0
oInvCollPH,1680,560,003D4392,0,1,1,4294967295,0,0
oInvCollPH,1696,560,00052D21,0,1,1,4294967295,0,0
oInvCollPH,1696,576,00352A1D,0,1,1,4294967295,0,0
oInvCollPH,1696,592,001A11DC,0,1,1,4294967295,0,0
oInvCollPH,1696,608,0032A3DF,0,1,1,4294967295,0,0
oInvCollPH,1696,624,003B6EBC,0,1,1,4294967295,0,0
oInvCollPH,1696,640,0037E41B,0,1,1,4294967295,0,0
oInvCollPH,1680,640,003456D7,0,1,1,4294967295,0,0
oInvCollPH,1664,640,001DEBCC,0,1,1,4294967295,0,0
oInvCollPH,1648,640,002FA7D0,0,1,1,4294967295,0,0
oInvCollPH,1648,624,00186747,0,1,1,4294967295,0,0
oInvCollPH,1648,608,003AF1D1,0,1,1,4294967295,0,0
oInvCollPH,1648,592,00363DD5,0,1,1,4294967295,0,0
oInvCollPH,1536,192,001EBFD2,0,1,1,4294967295,0,0
oInvCollPH,1552,192,003A0C97,0,1,1,4294967295,0,0
oInvCollPH,1568,192,0032A6F2,0,1,1,4294967295,0,0
oInvCollPH,1568,224,0031DDF2,0,1,1,4294967295,0,0
oInvCollPH,1568,240,00241041,0,1,1,4294967295,0,0
oInvCollPH,1568,256,0007D0D8,0,1,1,4294967295,0,0
oInvCollPH,1520,256,00170C34,0,1,1,4294967295,0,0
oInvCollPH,1520,240,0011EFEC,0,1,1,4294967295,0,0
oInvCollPH,1520,224,0028B829,0,1,1,4294967295,0,0
oInvCollPH,1488,192,00324FCA,0,1,1,4294967295,0,0
oInvCollPH,1504,192,0030500F,0,1,1,4294967295,0,0
oInvCollPH,1472,208,00298235,0,1,1,4294967295,0,0
oInvCollPH,1488,208,0012DFD6,0,1,1,4294967295,0,0
oInvCollPH,1504,208,00142696,0,1,1,4294967295,0,0
oInvCollPH,1360,208,0002804E,0,1,1,4294967295,0,0
oInvCollPH,1376,208,002AD239,0,1,1,4294967295,0,0
oInvCollPH,1392,208,0019B582,0,1,1,4294967295,0,0
oInvCollPH,1392,192,0012B5B6,0,1,1,4294967295,0,0
oInvCollPH,1376,192,001209B9,0,1,1,4294967295,0,0
oInvCollPH,1424,272,0010F3EC,0,1,1,4294967295,0,0
oInvCollPH,1440,272,001BDF3A,0,1,1,4294967295,0,0
oInvCollPH,1456,272,000C4BD2,0,1,1,4294967295,0,0
oInvCollPH,1504,336,003D7826,0,1,1,4294967295,0,0
oInvCollPH,1376,400,0005A7A3,0,1,1,4294967295,0,0
oInvCollPH,1152,368,0029D42A,0,1,1,4294967295,0,0
oInvCollPH,1184,368,0005A23B,0,1,1,4294967295,0,0
oInvCollPH,1200,368,0009723D,0,1,1,4294967295,0,0
oInvCollPH,1216,368,00376E4D,0,1,1,4294967295,0,0
oInvCollPH,1232,368,000E4925,0,1,1,4294967295,0,0
oInvCollPH,1248,368,0004FDC6,0,1,1,4294967295,0,0
oInvCollPH,1264,368,00225020,0,1,1,4294967295,0,0
oInvCollPH,1280,368,0006AEF3,0,1,1,4294967295,0,0
oInvCollPH,1520,736,0027E714,0,1,1,4294967295,0,0
oInvCollPH,1520,752,0038877D,0,1,1,4294967295,0,0
oInvCollPH,1520,768,00217F84,0,1,1,4294967295,0,0
oInvCollPH,1536,720,00264F43,0,1,1,4294967295,0,0
oInvCollPH,1552,720,000B21EF,0,1,1,4294967295,0,0
oInvCollPH,1568,720,002BC09D,0,1,1,4294967295,0,0
oInvCollPH,1568,736,00271E04,0,1,1,4294967295,0,0
oInvCollPH,1568,752,0037CCBC,0,1,1,4294967295,0,0
oInvCollPH,1568,768,0036C86C,0,1,1,4294967295,0,0
oInvCollPH,1760,752,0018DC86,0,1,1,4294967295,0,0
oInvCollPH,2016,320,00121F18,0,1,1,4294967295,0,0
oInvCollPH,2016,336,00396B0C,0,1,1,4294967295,0,0
oInvCollPH,2016,352,003FBB31,0,1,1,4294967295,0,0
oInvCollPH,2016,368,0030B63A,0,1,1,4294967295,0,0
oInvCollPH,2016,384,00239DFF,0,1,1,4294967295,0,0
oInvCollPH,2016,400,00234A9C,0,1,1,4294967295,0,0
oInvCollPH,2016,416,003312C1,0,1,1,4294967295,0,0
oInvCollPH,2016,432,002958D7,0,1,1,4294967295,0,0
oInvCollPH,2016,448,00250DD5,0,1,1,4294967295,0,0
oInvCollPH,2016,464,003770CC,0,1,1,4294967295,0,0
oInvCollPH,2016,480,002006D1,0,1,1,4294967295,0,0
oInvCollPH,2016,496,001F1193,0,1,1,4294967295,0,0
oInvCollPH,2016,512,00257FAB,0,1,1,4294967295,0,0
oInvCollPH,2000,528,003B2972,0,1,1,4294967295,0,0
oInvCollPH,1984,544,00374C3E,0,1,1,4294967295,0,0
oInvCollPH,1984,560,001C1081,0,1,1,4294967295,0,0
oInvCollPH,1984,576,003E232A,0,1,1,4294967295,0,0
oInvCollPH,1968,592,001B8D58,0,1,1,4294967295,0,0
oInvCollPH,1952,608,00397DAF,0,1,1,4294967295,0,0
oInvCollPH,1952,624,002FB994,0,1,1,4294967295,0,0
oInvCollPH,1952,640,0021DC38,0,1,1,4294967295,0,0
oInvCollPH,1936,672,000A0103,0,1,1,4294967295,0,0
oInvCollPH,1936,688,00019100,0,1,1,4294967295,0,0
oInvCollPH,1936,704,000B7D04,0,1,1,4294967295,0,0
oInvCollPH,1936,736,000CB0F7,0,1,1,4294967295,0,0
oInvCollPH,1936,752,002FCE7F,0,1,1,4294967295,0,0
oInvCollPH,1936,768,00051143,0,1,1,4294967295,0,0
oInvCollPH,1792,528,002E7C80,0,1,1,4294967295,0,0
oInvCollPH,1792,544,0032DB2A,0,1,1,4294967295,0,0
oInvCollPH,1792,560,00280ED3,0,1,1,4294967295,0,0
oInvCollPH,1792,576,003357B0,0,1,1,4294967295,0,0
oInvCollPH,1792,592,00320C80,0,1,1,4294967295,0,0
oInvCollPH,1792,608,00241C75,0,1,1,4294967295,0,0
oInvCollPH,1792,624,0000D7D2,0,1,1,4294967295,0,0
oInvCollPH,1792,640,00321A32,0,1,1,4294967295,0,0
oInvCollPH,1792,656,0024AE36,0,1,1,4294967295,0,0
oInvCollPH,1792,736,0028966D,0,1,1,4294967295,0,0
oInvCollPH,1792,720,000FAA88,0,1,1,4294967295,0,0
oInvCollPH,1792,704,00013D14,0,1,1,4294967295,0,0
oInvCollPH,1792,688,0025260C,0,1,1,4294967295,0,0
oInvCollPH,1792,672,0025314E,0,1,1,4294967295,0,0
oInvCollPH,1808,768,0038D44F,0,1,1,4294967295,0,0
oInvCollPH,1808,752,001FE760,0,1,1,4294967295,0,0
oInvCollPH,1808,736,0006AC36,0,1,1,4294967295,0,0
oInvCollPH,1808,720,002F3395,0,1,1,4294967295,0,0
oInvCollPH,1808,704,001A5DB6,0,1,1,4294967295,0,0
oInvCollPH,1808,672,001CA397,0,1,1,4294967295,0,0
oInvCollPH,1808,656,00166FFF,0,1,1,4294967295,0,0
oInvCollPH,1808,640,003F2F0C,0,1,1,4294967295,0,0
oInvCollPH,1808,624,00198605,0,1,1,4294967295,0,0
oInvCollPH,1808,608,0010919A,0,1,1,4294967295,0,0
oInvCollPH,1808,592,00263D28,0,1,1,4294967295,0,0
oInvCollPH,1808,576,00076561,0,1,1,4294967295,0,0
oInvCollPH,1808,560,001E384F,0,1,1,4294967295,0,0
oInvCollPH,1808,544,000B1C46,0,1,1,4294967295,0,0
oInvCollPH,1808,528,0016DD39,0,1,1,4294967295,0,0
oInvCollPH,1808,512,0001D85A,0,1,1,4294967295,0,0
oInvCollPH,1536,304,002017C2,0,1,1,4294967295,0,0
oInvCollPH,1552,304,000C1DEB,0,1,1,4294967295,0,0
oInvCollPH,1568,304,002746D0,0,1,1,4294967295,0,0
oInvCollPH,1568,320,0014F978,0,1,1,4294967295,0,0
oInvCollPH,1568,336,00318AF0,0,1,1,4294967295,0,0
oInvCollPH,1568,352,00371469,0,1,1,4294967295,0,0
oInvCollPH,1568,368,001E95F1,0,1,1,4294967295,0,0
oInvCollPH,1568,384,0006AD41,0,1,1,4294967295,0,0
oInvCollPH,1568,400,0007C50D,0,1,1,4294967295,0,0
oInvCollPH,1568,416,00394094,0,1,1,4294967295,0,0
oInvCollPH,1568,432,003B0D95,0,1,1,4294967295,0,0
oInvCollPH,1568,448,003EF759,0,1,1,4294967295,0,0
oInvCollPH,1520,640,00111B55,0,1,1,4294967295,0,0
oInvCollPH,1536,640,00304260,0,1,1,4294967295,0,0
oInvCollPH,1552,640,0018E509,0,1,1,4294967295,0,0
oInvCollPH,1568,640,002A5029,0,1,1,4294967295,0,0
oInvCollPH,1568,624,00344E5E,0,1,1,4294967295,0,0
oInvCollPH,1568,608,0028F3DD,0,1,1,4294967295,0,0
oInvCollPH,1568,592,001CF36A,0,1,1,4294967295,0,0
oInvCollPH,1568,560,00253C23,0,1,1,4294967295,0,0
oInvCollPH,1568,544,002C2F50,0,1,1,4294967295,0,0
oInvCollPH,1568,528,0023A8F4,0,1,1,4294967295,0,0
oInvCollPH,1568,512,0034717E,0,1,1,4294967295,0,0
oInvCollPH,1568,496,001C866F,0,1,1,4294967295,0,0
oInvCollPH,1568,480,003D3969,0,1,1,4294967295,0,0
oInvCollPH,1568,464,00183EEC,0,1,1,4294967295,0,0
oInvCollPH,1520,320,001578A2,0,1,1,4294967295,0,0
oInvCollPH,1520,352,002B03DB,0,1,1,4294967295,0,0
oInvCollPH,1520,368,0011AB74,0,1,1,4294967295,0,0
oInvCollPH,1520,384,00050813,0,1,1,4294967295,0,0
oInvCollPH,1520,400,00365DA4,0,1,1,4294967295,0,0
oInvCollPH,1520,416,00044F69,0,1,1,4294967295,0,0
oInvCollPH,1520,432,0020069B,0,1,1,4294967295,0,0
oInvCollPH,1520,448,0023B1B6,0,1,1,4294967295,0,0
oInvCollPH,1520,464,003F4B77,0,1,1,4294967295,0,0
oInvCollPH,1520,480,0012BC2F,0,1,1,4294967295,0,0
oInvCollPH,1520,496,0004B65E,0,1,1,4294967295,0,0
oInvCollPH,1520,512,002DEE37,0,1,1,4294967295,0,0
oInvCollPH,1520,528,0012D13C,0,1,1,4294967295,0,0
oInvCollPH,1520,560,0036F30C,0,1,1,4294967295,0,0
oInvCollPH,1520,576,0014E0D1,0,1,1,4294967295,0,0
oInvCollPH,1520,592,002FAA80,0,1,1,4294967295,0,0
oInvCollPH,1520,608,0010A3B7,0,1,1,4294967295,0,0
oInvCollPH,1520,624,0030BA83,0,1,1,4294967295,0,0
oInvCollPH,1424,768,0032B767,0,1,1,4294967295,0,0
oInvCollPH,1440,768,002EC687,0,1,1,4294967295,0,0
oInvCollPH,1456,768,0008F8B2,0,1,1,4294967295,0,0
oInvCollPH,1428,504,00020836,0,1,1,4294967295,0,0
oInvCollPH,1428,576,0006E5F9,0,1,1,4294967295,0,0
oInvCollPH,1428,560,0004D5AF,0,1,1,4294967295,0,0
oInvCollPH,1428,544,002B2822,0,1,1,4294967295,0,0
oInvCollPH,1428,528,002F3B89,0,1,1,4294967295,0,0
oInvCollPH,1424,592,000D7DB4,0,1,1,4294967295,0,0
oInvCollPH,1440,592,0016A66D,0,1,1,4294967295,0,0
oInvCollPH,1436,488,000231C1,0,1,1,4294967295,0,0
oInvCollPH,1436,504,000D7D08,0,1,1,4294967295,0,0
oInvCollPH,1436,528,0031B6CA,0,1,1,4294967295,0,0
oInvCollPH,1436,544,0021772B,0,1,1,4294967295,0,0
oInvCollPH,1436,560,002B5D3E,0,1,1,4294967295,0,0
oInvCollPH,1436,576,0028FE6F,0,1,1,4294967295,0,0
oInvCollPH,1312,368,000C14C1,0,1,1,4294967295,0,0
oInvCollPH,1328,368,002D5F9A,0,1,1,4294967295,0,0
oInvCollPH,1344,368,0036A2FF,0,1,1,4294967295,0,0
oInvCollPH,1344,384,000C638F,0,1,1,4294967295,0,0
oInvCollPH,1344,416,00213902,0,1,1,4294967295,0,0
oInvCollPH,1344,432,003C212A,0,1,1,4294967295,0,0
oInvCollPH,1344,448,00000447,0,1,1,4294967295,0,0
oInvCollPH,1344,464,0016009D,0,1,1,4294967295,0,0
oInvCollPH,1344,480,000BD5A0,0,1,1,4294967295,0,0
oInvCollPH,1344,496,0020F536,0,1,1,4294967295,0,0
oInvCollPH,1344,512,0013E21B,0,1,1,4294967295,0,0
oInvCollPH,1296,704,0005C076,0,1,1,4294967295,0,0
oInvCollPH,1312,704,0018071E,0,1,1,4294967295,0,0
oInvCollPH,1328,704,003D2A5E,0,1,1,4294967295,0,0
oInvCollPH,1344,704,0004182C,0,1,1,4294967295,0,0
oInvCollPH,1344,688,000D26F4,0,1,1,4294967295,0,0
oInvCollPH,1344,672,001825C0,0,1,1,4294967295,0,0
oInvCollPH,1344,656,00294122,0,1,1,4294967295,0,0
oInvCollPH,1344,624,002AFACF,0,1,1,4294967295,0,0
oInvCollPH,1344,608,002FC202,0,1,1,4294967295,0,0
oInvCollPH,1344,592,00173B93,0,1,1,4294967295,0,0
oInvCollPH,1344,576,002AF804,0,1,1,4294967295,0,0
oInvCollPH,1344,560,001BB046,0,1,1,4294967295,0,0
oInvCollPH,1344,528,00196E0C,0,1,1,4294967295,0,0
oInvCollPH,1600,560,0014F78E,0,1,1,4294967295,0,0
oInvCollPH,1616,544,001D4E4A,0,1,1,4294967295,0,0
oInvCollPH,1616,560,001DFF53,0,1,1,4294967295,0,0
oInvCollPH,1792,752,001E3661,0,1,1,4294967295,0,0
oInvCollPH,1776,768,000B830B,0,1,1,4294967295,0,0
oInvCollPH,1856,560,000A3A6C,0,1,1,4294967295,0,0
oInvCollPH,1872,560,00164DF6,0,1,1,4294967295,0,0
oInvCollPH,1888,560,002330DF,0,1,1,4294967295,0,0
oInvCollPH,1296,688,000E02D4,0,1,1,4294967295,0,0
oInvCollPH,1296,672,003E9B4F,0,1,1,4294967295,0,0
oInvCollPH,1296,656,001588E6,0,1,1,4294967295,0,0
oInvCollPH,1088,784,000755E4,0,1,1,4294967295,0,0
oInvCollPH,1104,784,001E56FF,0,1,1,4294967295,0,0
oInvCollPH,1120,784,0032AB85,0,1,1,4294967295,0,0
oInvCollPH,1136,784,00152EC8,0,1,1,4294967295,0,0
oInvCollPH,1152,784,002DCD86,0,1,1,4294967295,0,0
oInvCollPH,1168,784,00299604,0,1,1,4294967295,0,0
oInvCollPH,1184,784,003659FC,0,1,1,4294967295,0,0
oInvCollPH,1200,784,0037FF54,0,1,1,4294967295,0,0
oInvCollPH,1216,784,001A6619,0,1,1,4294967295,0,0
oInvCollPH,1232,784,002A41E1,0,1,1,4294967295,0,0
oInvCollPH,1248,784,001611C9,0,1,1,4294967295,0,0
oInvCollPH,1264,784,0034CBF4,0,1,1,4294967295,0,0
oInvCollPH,1280,784,0028D101,0,1,1,4294967295,0,0
oInvCollPH,1296,784,003F0073,0,1,1,4294967295,0,0
oInvCollPH,1312,784,0008DEBB,0,1,1,4294967295,0,0
oInvCollPH,1328,784,0024E4F9,0,1,1,4294967295,0,0
oInvCollPH,1344,784,002ABB08,0,1,1,4294967295,0,0
oInvCollPH,1360,784,001422A6,0,1,1,4294967295,0,0
oInvCollPH,1376,784,003ED9B1,0,1,1,4294967295,0,0
oInvCollPH,1392,784,003A5E65,0,1,1,4294967295,0,0
oInvCollPH,1472,784,00158113,0,1,1,4294967295,0,0
oInvCollPH,1488,784,0011B452,0,1,1,4294967295,0,0
oInvCollPH,1504,784,003C2B9A,0,1,1,4294967295,0,0
oInvCollPH,1584,784,00361D0D,0,1,1,4294967295,0,0
oInvCollPH,1600,784,002FA5D9,0,1,1,4294967295,0,0
oInvCollPH,1616,784,000850FB,0,1,1,4294967295,0,0
oInvCollPH,1632,784,003E26B2,0,1,1,4294967295,0,0
oInvCollPH,1648,784,00063E45,0,1,1,4294967295,0,0
oInvCollPH,1664,784,000034D8,0,1,1,4294967295,0,0
oInvCollPH,1680,784,0031204E,0,1,1,4294967295,0,0
oInvCollPH,1696,784,003077FC,0,1,1,4294967295,0,0
oInvCollPH,1712,784,000221D8,0,1,1,4294967295,0,0
oInvCollPH,1824,784,0017A2DD,0,1,1,4294967295,0,0
oInvCollPH,1840,784,001B12B3,0,1,1,4294967295,0,0
oInvCollPH,1856,784,0011C26C,0,1,1,4294967295,0,0
oInvCollPH,1872,784,000A4708,0,1,1,4294967295,0,0
oInvCollPH,1888,784,000DC3BD,0,1,1,4294967295,0,0
oInvCollPH,1904,784,00399CFD,0,1,1,4294967295,0,0
oInvCollPH,1920,784,0030DE3C,0,1,1,4294967295,0,0
oInvCollPH,720,656,0025E358,0,1,1,4294967295,0,0
oInvCollPH,736,656,00302D53,0,1,1,4294967295,0,0
oInvCollPH,752,656,000D3991,0,1,1,4294967295,0,0
oInvCollPH,768,656,003C97F8,0,1,1,4294967295,0,0
oInvCollPH,784,656,00024A1B,0,1,1,4294967295,0,0
oInvCollPH,800,656,001C7B87,0,1,1,4294967295,0,0
oInvCollPH,816,656,003CDED5,0,1,1,4294967295,0,0
oInvCollPH,832,656,003457E2,0,1,1,4294967295,0,0
oInvCollPH,848,656,000E2F5D,0,1,1,4294967295,0,0
oInvCollPH,864,656,001FFB81,0,1,1,4294967295,0,0
oInvCollPH,880,656,0036081E,0,1,1,4294967295,0,0
oInvCollPH,896,656,00112BF6,0,1,1,4294967295,0,0
oInvCollPH,912,656,003352F5,0,1,1,4294967295,0,0
oInvCollPH,928,656,003A03C7,0,1,1,4294967295,0,0
oInvCollPH,944,656,000C0B4D,0,1,1,4294967295,0,0
oInvCollPH,1008,544,00145A8A,0,1,1,4294967295,0,0
oInvCollPH,1024,544,0009E0D0,0,1,1,4294967295,0,0
oInvCollPH,1040,544,0037D656,0,1,1,4294967295,0,0
oInvCollPH,1056,544,000E71F4,0,1,1,4294967295,0,0
oInvCollPH,1072,544,002C3900,0,1,1,4294967295,0,0
oInvCollPH,1088,544,0027A46F,0,1,1,4294967295,0,0
oInvCollPH,1104,544,0037F6BD,0,1,1,4294967295,0,0
oInvCollPH,1120,560,001C6F87,0,1,1,4294967295,0,0
oInvCollPH,1136,560,001472EE,0,1,1,4294967295,0,0
oInvCollPH,1152,576,00242852,0,1,1,4294967295,0,0
oInvCollPH,1152,592,001109EE,0,1,1,4294967295,0,0
oInvCollPH,1168,592,000C7D6E,0,1,1,4294967295,0,0
oInvCollPH,1184,608,000F3CE8,0,1,1,4294967295,0,0
oInvCollPH,1200,608,00108829,0,1,1,4294967295,0,0
oInvCollPH,1232,640,0030ABD6,0,1,1,4294967295,0,0
oInvCollPH,1248,640,0015EB03,0,1,1,4294967295,0,0
oInvCollPH,1264,640,00177708,0,1,1,4294967295,0,0
oInvCollPH,1280,640,002C53F7,0,1,1,4294967295,0,0
oInvCollPH,1552,64,003EE3F5,0,1,1,4294967295,0,0
oInvCollPH,1552,80,000E853E,0,1,1,4294967295,0,0
oInvCollPH,1552,96,00067E5C,0,1,1,4294967295,0,0
oInvCollPH,1568,96,0000BBEA,0,1,1,4294967295,0,0
oInvCollPH,1568,80,000E4309,0,1,1,4294967295,0,0
oInvCollPH,1568,64,002F890A,0,1,1,4294967295,0,0
oInvCollPH,1568,48,00317F53,0,1,1,4294967295,0,0
oInvCollPH,688,352,003DD39E,0,1,1,4294967295,0,0
oInvCollPH,704,352,002061D6,0,1,1,4294967295,0,0
oInvCollPH,560,208,00141B15,0,1,1,4294967295,0,0
oInvCollPH,576,208,0001D7B2,0,1,1,4294967295,0,0
oInvCollPH,576,192,00054BF6,0,1,1,4294967295,0,0
oInvCollPH,688,208,0024EED3,0,1,1,4294967295,0,0
oInvCollPH,704,208,002A8A9A,0,1,1,4294967295,0,0
oInvCollPH,704,192,0001A291,0,1,1,4294967295,0,0
oInvCollPH,720,80,002D6540,0,1,1,4294967295,0,0
oInvCollPH,736,80,00339744,0,1,1,4294967295,0,0
oInvCollPH,752,80,003961CC,0,1,1,4294967295,0,0
oInvCollPH,768,80,001752D6,0,1,1,4294967295,0,0
oInvCollPH,768,64,003D71D7,0,1,1,4294967295,0,0
oInvCollPH,464,80,000685F3,0,1,1,4294967295,0,0
oInvCollPH,480,80,00351B28,0,1,1,4294967295,0,0
oInvCollPH,496,80,000A29E9,0,1,1,4294967295,0,0
oInvCollPH,512,80,000F1673,0,1,1,4294967295,0,0
oInvCollPH,512,64,0014C91F,0,1,1,4294967295,0,0
oInvCollPH,480,432,0029DFA5,0,1,1,4294967295,0,0
oInvCollPH,496,416,00302CBD,0,1,1,4294967295,0,0
oInvCollPH,512,416,003CC460,0,1,1,4294967295,0,0
oInvCollPH,528,416,0032C574,0,1,1,4294967295,0,0
oInvCollPH,112,384,00113E8B,0,1,1,4294967295,0,0
oInvCollPH,128,384,00364B02,0,1,1,4294967295,0,0
oInvCollPH,144,384,001B0604,0,1,1,4294967295,0,0
oInvCollPH,144,400,0038BAB6,0,1,1,4294967295,0,0
oInvCollPH,160,416,003B9A07,0,1,1,4294967295,0,0
oInvCollPH,176,416,000A36F1,0,1,1,4294967295,0,0
oInvCollPH,192,416,00133E18,0,1,1,4294967295,0,0
oInvCollPH,208,416,003799B6,0,1,1,4294967295,0,0
oInvCollPH,208,432,0001B932,0,1,1,4294967295,0,0
oInvCollPH,528,256,0035EE62,0,1,1,4294967295,0,0
oInvCollPH,608,256,0035BE8D,0,1,1,4294967295,0,0
oInvCollPH,624,256,001701FF,0,1,1,4294967295,0,0
oInvCollPH,640,256,000B68D6,0,1,1,4294967295,0,0
oInvCollPH,656,256,000E2690,0,1,1,4294967295,0,0
oInvCollPH,672,256,0038059B,0,1,1,4294967295,0,0
oInvCollPH,688,256,0008FDEA,0,1,1,4294967295,0,0
oInvCollPH,704,256,00394EB2,0,1,1,4294967295,0,0
oInvCollPH,720,256,002DD3DD,0,1,1,4294967295,0,0
oInvCollPH,736,256,001D48B4,0,1,1,4294967295,0,0
oInvCollPH,752,256,000C81A8,0,1,1,4294967295,0,0
oInvCollPH,768,256,0020AA80,0,1,1,4294967295,0,0
oInvCollPH,624,224,0037BC34,0,1,1,4294967295,0,0
oInvCollPH,640,224,0016B01A,0,1,1,4294967295,0,0
oInvCollPH,656,224,000B67B1,0,1,1,4294967295,0,0
oInvCollPH,672,224,000DBD22,0,1,1,4294967295,0,0
oInvCollPH,720,224,003A66FD,0,1,1,4294967295,0,0
oInvCollPH,736,224,003AF525,0,1,1,4294967295,0,0
oInvCollPH,752,224,002E797D,0,1,1,4294967295,0,0
oInvCollPH,768,224,001110F0,0,1,1,4294967295,0,0
oInvCollPH,800,448,00132106,0,1,1,4294967295,0,0
oInvCollPH,816,448,0004502F,0,1,1,4294967295,0,0
oInvCollPH,832,448,0011068B,0,1,1,4294967295,0,0
oInvCollPH,848,448,00321931,0,1,1,4294967295,0,0
oInvCollPH,864,448,0006A9D0,0,1,1,4294967295,0,0
oInvCollPH,784,32,001681F9,0,1,1,4294967295,0,0
oInvCollPH,800,32,0012A815,0,1,1,4294967295,0,0
oInvCollPH,816,32,002C5E91,0,1,1,4294967295,0,0
oInvCollPH,832,32,000FC0A1,0,1,1,4294967295,0,0
oInvCollPH,848,32,00150906,0,1,1,4294967295,0,0
oInvCollPH,864,32,000CEBA4,0,1,1,4294967295,0,0
oInvCollPH,880,32,002FDCAA,0,1,1,4294967295,0,0
oInvCollPH,896,32,00392BF0,0,1,1,4294967295,0,0
oInvCollPH,912,32,00310C67,0,1,1,4294967295,0,0
oInvCollPH,928,32,000D0D36,0,1,1,4294967295,0,0
oInvCollPH,1568,16,0028CB93,0,1,1,4294967295,0,0
oInvCollPH,1568,32,002424CE,0,1,1,4294967295,0,0
oInvCollPH,1536,32,0016E8A4,0,1,1,4294967295,0,0
oInvCollPH,1520,32,003994CF,0,1,1,4294967295,0,0
oInvCollPH,1504,32,0028BC1B,0,1,1,4294967295,0,0
oInvCollPH,1488,32,0030E49E,0,1,1,4294967295,0,0
oInvCollPH,1472,32,003FF772,0,1,1,4294967295,0,0
oInvCollPH,1456,32,001F1993,0,1,1,4294967295,0,0
oInvCollPH,1440,32,0015F4D7,0,1,1,4294967295,0,0
oInvCollPH,1424,32,000795CE,0,1,1,4294967295,0,0
oInvCollPH,1024,32,003179DB,0,1,1,4294967295,0,0
oInvCollPH,1040,32,00324B51,0,1,1,4294967295,0,0
oInvCollPH,1056,32,001AE5F5,0,1,1,4294967295,0,0
oInvCollPH,1072,32,000EC7C9,0,1,1,4294967295,0,0
oInvCollPH,1088,32,001C378C,0,1,1,4294967295,0,0
oInvCollPH,1328,32,001268EA,0,1,1,4294967295,0,0
oInvCollPH,1312,32,0000605E,0,1,1,4294967295,0,0
oInvCollPH,1296,32,0027D070,0,1,1,4294967295,0,0
oInvCollPH,1280,32,0002B2BF,0,1,1,4294967295,0,0
oInvCollPH,1264,32,002339E2,0,1,1,4294967295,0,0
oInvCollPH,1168,32,0018CA48,0,1,1,4294967295,0,0
oInvCollPH,1184,32,000498A1,0,1,1,4294967295,0,0
oInvCollPH,1152,32,00028E29,0,1,1,4294967295,0,0
oInvCollPH,1136,32,00053974,0,1,1,4294967295,0,0
oInvCollPH,1120,32,00043C60,0,1,1,4294967295,0,0
oInvCollPH,1104,32,0000240B,0,1,1,4294967295,0,0
oInvCollPH,1200,32,0014990A,0,1,1,4294967295,0,0
oInvCollPH,1216,32,003C0EEE,0,1,1,4294967295,0,0
oInvCollPH,1232,32,000BC30D,0,1,1,4294967295,0,0
oInvCollPH,1248,32,00076EF8,0,1,1,4294967295,0,0
oInvCollPH,1008,32,001C683F,0,1,1,4294967295,0,0
oInvCollPH,992,32,002E304E,0,1,1,4294967295,0,0
oInvCollPH,976,32,000EBC62,0,1,1,4294967295,0,0
oInvCollPH,960,32,000B7A8C,0,1,1,4294967295,0,0
oInvCollPH,944,32,003CBC92,0,1,1,4294967295,0,0
oInvCollPH,1344,32,0014F622,0,1,1,4294967295,0,0
oInvCollPH,1360,32,001F5BC8,0,1,1,4294967295,0,0
oInvCollPH,1376,32,00172719,0,1,1,4294967295,0,0
oInvCollPH,1392,32,000DF235,0,1,1,4294967295,0,0
oInvCollPH,1408,32,000724B1,0,1,1,4294967295,0,0
oInvCollPH,1344,288,0023E6FC,0,1,1,4294967295,0,0
oInvCollPH,1344,272,003CBE9D,0,1,1,4294967295,0,0
oInvCollPH,1344,256,0017750E,0,1,1,4294967295,0,0
oInvCollPH,1344,240,003C0246,0,1,1,4294967295,0,0
oInvCollPH,1344,224,000999E9,0,1,1,4294967295,0,0
oInvCollPH,1344,192,001ED4C2,0,1,1,4294967295,0,0
oInvCollPH,1328,192,00251322,0,1,1,4294967295,0,0
oInvCollPH,1312,192,001F7BB3,0,1,1,4294967295,0,0
oInvCollPH,1296,192,001BE67C,0,1,1,4294967295,0,0
oInvCollPH,1280,192,002101F3,0,1,1,4294967295,0,0
oInvCollPH,1264,192,0010DC04,0,1,1,4294967295,0,0
oInvCollPH,1248,192,00349065,0,1,1,4294967295,0,0
oInvCollPH,1232,192,000B15E9,0,1,1,4294967295,0,0
oInvCollPH,1216,192,002BDA18,0,1,1,4294967295,0,0
oInvCollPH,1200,192,001A186B,0,1,1,4294967295,0,0
oInvCollPH,784,208,0027FA2F,0,1,1,4294967295,0,0
oInvCollPH,784,272,00232A5D,0,1,1,4294967295,0,0
oInvCollPH,784,288,003CE98B,0,1,1,4294967295,0,0
oInvCollPH,800,192,003461F8,0,1,1,4294967295,0,0
oInvCollPH,816,192,002B81D3,0,1,1,4294967295,0,0
oInvCollPH,832,192,00384528,0,1,1,4294967295,0,0
oInvCollPH,848,192,0038181F,0,1,1,4294967295,0,0
oInvCollPH,864,192,003BD060,0,1,1,4294967295,0,0
oInvCollPH,880,192,0004B0EE,0,1,1,4294967295,0,0
oInvCollPH,896,192,0031FD1B,0,1,1,4294967295,0,0
oInvCollPH,912,192,000975CF,0,1,1,4294967295,0,0
oInvCollPH,928,192,003988EA,0,1,1,4294967295,0,0
oInvCollPH,1104,192,002F6502,0,1,1,4294967295,0,0
oInvCollPH,1024,192,002E103D,0,1,1,4294967295,0,0
oInvCollPH,1040,192,003E9CCD,0,1,1,4294967295,0,0
oInvCollPH,1056,192,003B2423,0,1,1,4294967295,0,0
oInvCollPH,1072,192,001DBAC2,0,1,1,4294967295,0,0
oInvCollPH,1088,192,00053568,0,1,1,4294967295,0,0
oInvCollPH,1008,192,000B429B,0,1,1,4294967295,0,0
oInvCollPH,992,192,001046D0,0,1,1,4294967295,0,0
oInvCollPH,976,192,003BBC29,0,1,1,4294967295,0,0
oInvCollPH,960,192,000F21E8,0,1,1,4294967295,0,0
oInvCollPH,944,192,00081EF0,0,1,1,4294967295,0,0
oInvCollPH,1120,192,0012B40E,0,1,1,4294967295,0,0
oInvCollPH,1136,192,001D57C1,0,1,1,4294967295,0,0
oInvCollPH,1152,192,000D4F4D,0,1,1,4294967295,0,0
oInvCollPH,1168,192,00389E16,0,1,1,4294967295,0,0
oInvCollPH,1184,192,0028B585,0,1,1,4294967295,0,0
oInvCollPH,1328,288,001DBEDC,0,1,1,4294967295,0,0
oInvCollPH,1312,288,003BF6DC,0,1,1,4294967295,0,0
oInvCollPH,1296,288,0005D241,0,1,1,4294967295,0,0
oInvCollPH,1280,288,0008393C,0,1,1,4294967295,0,0
oInvCollPH,1264,288,00383B6A,0,1,1,4294967295,0,0
oInvCollPH,1248,288,000F4490,0,1,1,4294967295,0,0
oInvCollPH,1232,288,002599DB,0,1,1,4294967295,0,0
oInvCollPH,1216,288,000CE359,0,1,1,4294967295,0,0
oInvCollPH,1200,288,003E1B13,0,1,1,4294967295,0,0
oInvCollPH,1184,288,003E0904,0,1,1,4294967295,0,0
oInvCollPH,1168,288,002E0264,0,1,1,4294967295,0,0
oInvCollPH,1152,288,00012667,0,1,1,4294967295,0,0
oInvCollPH,1136,288,00173638,0,1,1,4294967295,0,0
oInvCollPH,1120,288,003C247E,0,1,1,4294967295,0,0
oInvCollPH,1104,288,00353F55,0,1,1,4294967295,0,0
oInvCollPH,1088,288,0012163E,0,1,1,4294967295,0,0
oInvCollPH,1072,288,000C1198,0,1,1,4294967295,0,0
oInvCollPH,1056,288,0029BA31,0,1,1,4294967295,0,0
oInvCollPH,1040,288,001E18DF,0,1,1,4294967295,0,0
oInvCollPH,544,384,002CC5A5,0,1,1,4294967295,0,0
oInvCollPH,544,400,00278CC1,0,1,1,4294967295,0,0
oInvCollPH,560,368,003A60D1,0,1,1,4294967295,0,0
oInvCollPH,576,368,000BB40A,0,1,1,4294967295,0,0
oInvCollPH,592,368,001AC91F,0,1,1,4294967295,0,0
oInvCollPH,592,400,0010A671,0,1,1,4294967295,0,0
oInvCollPH,592,416,00323B94,0,1,1,4294967295,0,0
oInvCollPH,592,432,00017E92,0,1,1,4294967295,0,0
oInvCollPH,592,448,000076B5,0,1,1,4294967295,0,0
oInvCollPH,592,464,000C1ADD,0,1,1,4294967295,0,0
oInvCollPH,592,480,00254A96,0,1,1,4294967295,0,0
oInvCollPH,592,496,002EB572,0,1,1,4294967295,0,0
oInvCollPH,592,512,00217E99,0,1,1,4294967295,0,0
oInvCollPH,624,368,003167BA,0,1,1,4294967295,0,0
oInvCollPH,640,368,003B1B45,0,1,1,4294967295,0,0
oInvCollPH,656,368,000B1842,0,1,1,4294967295,0,0
oInvCollPH,720,368,0035FB65,0,1,1,4294967295,0,0
oInvCollPH,736,368,003F1B41,0,1,1,4294967295,0,0
oInvCollPH,752,368,003D839A,0,1,1,4294967295,0,0
oInvCollPH,768,368,0025D46C,0,1,1,4294967295,0,0
oInvCollPH,608,384,003AB2ED,0,1,1,4294967295,0,0
oInvCollPH,624,384,0024ADDE,0,1,1,4294967295,0,0
oInvCollPH,640,384,0011BAE2,0,1,1,4294967295,0,0
oInvCollPH,656,384,00185449,0,1,1,4294967295,0,0
oInvCollPH,672,384,001D6CAD,0,1,1,4294967295,0,0
oInvCollPH,688,384,001660E5,0,1,1,4294967295,0,0
oInvCollPH,704,384,00361D41,0,1,1,4294967295,0,0
oInvCollPH,720,384,00284DAB,0,1,1,4294967295,0,0
oInvCollPH,736,384,003B64FF,0,1,1,4294967295,0,0
oInvCollPH,752,384,001D606A,0,1,1,4294967295,0,0
oInvCollPH,768,384,0024AA8B,0,1,1,4294967295,0,0
oInvCollPH,544,240,002B1762,0,1,1,4294967295,0,0
oInvCollPH,592,224,0022C8E1,0,1,1,4294967295,0,0
oInvCollPH,592,272,002229E0,0,1,1,4294967295,0,0
oInvCollPH,592,288,0034E6B2,0,1,1,4294967295,0,0
oInvCollPH,576,288,000115E1,0,1,1,4294967295,0,0
oInvCollPH,560,288,0006C3E3,0,1,1,4294967295,0,0
oInvCollPH,544,288,0024F603,0,1,1,4294967295,0,0
oInvCollPH,416,288,001F080D,0,1,1,4294967295,0,0
oInvCollPH,432,288,000A7067,0,1,1,4294967295,0,0
oInvCollPH,448,288,000FBB21,0,1,1,4294967295,0,0
oInvCollPH,464,288,000E7F28,0,1,1,4294967295,0,0
oInvCollPH,432,272,003E45CE,0,1,1,4294967295,0,0
oInvCollPH,448,272,000651F8,0,1,1,4294967295,0,0
oInvCollPH,464,272,00098109,0,1,1,4294967295,0,0
oInvCollPH,480,272,00153D29,0,1,1,4294967295,0,0
oInvCollPH,496,272,00334927,0,1,1,4294967295,0,0
oInvCollPH,480,288,0023ECDA,0,1,1,4294967295,0,0
oInvCollPH,496,288,003F69CC,0,1,1,4294967295,0,0
oInvCollPH,512,288,00002D5D,0,1,1,4294967295,0,0
oInvCollPH,528,288,0023988A,0,1,1,4294967295,0,0
oInvCollPH,208,272,00139325,0,1,1,4294967295,0,0
oInvCollPH,224,272,00217794,0,1,1,4294967295,0,0
oInvCollPH,240,272,00255973,0,1,1,4294967295,0,0
oInvCollPH,256,272,0017FA66,0,1,1,4294967295,0,0
oInvCollPH,272,272,003F869B,0,1,1,4294967295,0,0
oInvCollPH,288,272,0027B490,0,1,1,4294967295,0,0
oInvCollPH,304,272,000A8AA9,0,1,1,4294967295,0,0
oInvCollPH,320,272,0013B61B,0,1,1,4294967295,0,0
oInvCollPH,336,272,0019D785,0,1,1,4294967295,0,0
oInvCollPH,352,272,002B2A29,0,1,1,4294967295,0,0
oInvCollPH,368,272,00294CE9,0,1,1,4294967295,0,0
oInvCollPH,384,272,000AC001,0,1,1,4294967295,0,0
oInvCollPH,400,272,00099DBE,0,1,1,4294967295,0,0
oInvCollPH,192,288,0009F707,0,1,1,4294967295,0,0
oInvCollPH,192,304,0019BE82,0,1,1,4294967295,0,0
oInvCollPH,208,304,002E55D9,0,1,1,4294967295,0,0
oInvCollPH,240,304,0002CA07,0,1,1,4294967295,0,0
oInvCollPH,256,304,0032D9AA,0,1,1,4294967295,0,0
oInvCollPH,272,304,0006DA5F,0,1,1,4294967295,0,0
oInvCollPH,288,304,0015655C,0,1,1,4294967295,0,0
oInvCollPH,304,304,00319837,0,1,1,4294967295,0,0
oInvCollPH,320,304,0004DF22,0,1,1,4294967295,0,0
oInvCollPH,336,304,001143B0,0,1,1,4294967295,0,0
oInvCollPH,352,304,001B7A9A,0,1,1,4294967295,0,0
oInvCollPH,368,304,0028A827,0,1,1,4294967295,0,0
oInvCollPH,384,304,0008ED3A,0,1,1,4294967295,0,0
oInvCollPH,224,304,001E5A60,0,1,1,4294967295,0,0
oInvCollPH,400,304,0017C819,0,1,1,4294967295,0,0
oInvCollPH,208,80,0018AC49,0,1,1,4294967295,0,0
oInvCollPH,208,96,000B42E9,0,1,1,4294967295,0,0
oInvCollPH,208,112,001EA496,0,1,1,4294967295,0,0
oInvCollPH,224,112,002890B0,0,1,1,4294967295,0,0
oInvCollPH,240,112,0020483A,0,1,1,4294967295,0,0
oInvCollPH,256,112,003BE901,0,1,1,4294967295,0,0
oInvCollPH,256,96,0025D486,0,1,1,4294967295,0,0
oInvCollPH,256,80,00160F52,0,1,1,4294967295,0,0
oInvCollPH,256,64,0019CBB7,0,1,1,4294967295,0,0
oInvCollPH,96,48,003F664C,0,1,1,4294967295,0,0
oInvCollPH,112,48,003F52F3,0,1,1,4294967295,0,0
oInvCollPH,128,48,00270B27,0,1,1,4294967295,0,0
oInvCollPH,144,48,001A0304,0,1,1,4294967295,0,0
oInvCollPH,160,48,00333105,0,1,1,4294967295,0,0
oInvCollPH,176,48,003A9090,0,1,1,4294967295,0,0
oInvCollPH,192,48,000A57EE,0,1,1,4294967295,0,0
oInvCollPH,272,48,00217216,0,1,1,4294967295,0,0
oInvCollPH,288,48,003102CB,0,1,1,4294967295,0,0
oInvCollPH,304,48,003B0193,0,1,1,4294967295,0,0
oInvCollPH,704,48,0010FB5A,0,1,1,4294967295,0,0
oInvCollPH,688,48,00142E80,0,1,1,4294967295,0,0
oInvCollPH,672,48,003227A4,0,1,1,4294967295,0,0
oInvCollPH,656,48,0024A43B,0,1,1,4294967295,0,0
oInvCollPH,640,48,003AF4D2,0,1,1,4294967295,0,0
oInvCollPH,624,48,001B7F4C,0,1,1,4294967295,0,0
oInvCollPH,608,48,00016D4C,0,1,1,4294967295,0,0
oInvCollPH,592,48,00127FF7,0,1,1,4294967295,0,0
oInvCollPH,576,48,00311D9A,0,1,1,4294967295,0,0
oInvCollPH,560,48,0022CDD9,0,1,1,4294967295,0,0
oInvCollPH,544,48,003BD074,0,1,1,4294967295,0,0
oInvCollPH,528,48,001021C4,0,1,1,4294967295,0,0
oInvCollPH,384,48,0013056D,0,1,1,4294967295,0,0
oInvCollPH,320,48,0034E0CC,0,1,1,4294967295,0,0
oInvCollPH,336,48,002A3618,0,1,1,4294967295,0,0
oInvCollPH,352,48,002240D0,0,1,1,4294967295,0,0
oInvCollPH,368,48,000D83E4,0,1,1,4294967295,0,0
oInvCollPH,448,48,000A80AE,0,1,1,4294967295,0,0
oInvCollPH,432,48,001BBA2F,0,1,1,4294967295,0,0
oInvCollPH,416,48,00391A42,0,1,1,4294967295,0,0
oInvCollPH,400,48,00026D01,0,1,1,4294967295,0,0
oInvCollPH,480,784,00303277,0,1,1,4294967295,0,0
oInvCollPH,496,784,00268AC6,0,1,1,4294967295,0,0
oInvCollPH,512,784,0037B454,0,1,1,4294967295,0,0
oInvCollPH,528,784,001959A2,0,1,1,4294967295,0,0
oInvCollPH,544,784,0030EF36,0,1,1,4294967295,0,0
oInvCollPH,576,720,0013A05D,0,1,1,4294967295,0,0
oInvCollPH,592,720,000B0323,0,1,1,4294967295,0,0
oInvCollPH,608,720,001E2A6E,0,1,1,4294967295,0,0
oInvCollPH,624,720,000FDC53,0,1,1,4294967295,0,0
oInvCollPH,560,736,0003D505,0,1,1,4294967295,0,0
oInvCollPH,560,752,002707F2,0,1,1,4294967295,0,0
oInvCollPH,560,768,001E7FE9,0,1,1,4294967295,0,0
oInvCollPH,368,720,002B8725,0,1,1,4294967295,0,0
oInvCollPH,368,736,00376A83,0,1,1,4294967295,0,0
oInvCollPH,368,752,00061AF7,0,1,1,4294967295,0,0
oInvCollPH,368,768,00136F9D,0,1,1,4294967295,0,0
oInvCollPH,368,784,00144434,0,1,1,4294967295,0,0
oInvCollPH,368,800,00143C41,0,1,1,4294967295,0,0
oInvCollPH,384,704,0020E3A4,0,1,1,4294967295,0,0
oInvCollPH,400,704,00177FC9,0,1,1,4294967295,0,0
oInvCollPH,416,704,00268EDD,0,1,1,4294967295,0,0
oInvCollPH,432,704,003B93AD,0,1,1,4294967295,0,0
oInvCollPH,448,704,001027E2,0,1,1,4294967295,0,0
oInvCollPH,448,720,0008432D,0,1,1,4294967295,0,0
oInvCollPH,448,736,0004A844,0,1,1,4294967295,0,0
oInvCollPH,448,752,00104DF3,0,1,1,4294967295,0,0
oInvCollPH,448,768,00050892,0,1,1,4294967295,0,0
oInvCollPH,256,720,00064C8F,0,1,1,4294967295,0,0
oInvCollPH,256,736,001C7F42,0,1,1,4294967295,0,0
oInvCollPH,256,752,001EC8DA,0,1,1,4294967295,0,0
oInvCollPH,256,768,0034F372,0,1,1,4294967295,0,0
oInvCollPH,256,784,002FD466,0,1,1,4294967295,0,0
oInvCollPH,256,800,0018B26D,0,1,1,4294967295,0,0
oInvCollPH,272,704,00145939,0,1,1,4294967295,0,0
oInvCollPH,288,704,00258134,0,1,1,4294967295,0,0
oInvCollPH,288,720,003B8B02,0,1,1,4294967295,0,0
oInvCollPH,288,736,00365C49,0,1,1,4294967295,0,0
oInvCollPH,288,752,00226201,0,1,1,4294967295,0,0
oInvCollPH,288,768,0001A90D,0,1,1,4294967295,0,0
oInvCollPH,288,784,00380104,0,1,1,4294967295,0,0
oInvCollPH,288,800,0008914D,0,1,1,4294967295,0,0
oInvCollPH,144,800,0011A743,0,1,1,4294967295,0,0
oInvCollPH,144,784,002B0C33,0,1,1,4294967295,0,0
oInvCollPH,144,768,0040363D,0,1,1,4294967295,0,0
oInvCollPH,144,752,000E93E5,0,1,1,4294967295,0,0
oInvCollPH,144,736,000F800B,0,1,1,4294967295,0,0
oInvCollPH,144,720,00094D31,0,1,1,4294967295,0,0
oInvCollPH,144,704,0004F2E8,0,1,1,4294967295,0,0
oInvCollPH,160,688,0035A14D,0,1,1,4294967295,0,0
oInvCollPH,176,688,001E23FA,0,1,1,4294967295,0,0
oInvCollPH,176,704,003E923D,0,1,1,4294967295,0,0
oInvCollPH,176,720,003DE7EE,0,1,1,4294967295,0,0
oInvCollPH,176,736,003B9F07,0,1,1,4294967295,0,0
oInvCollPH,176,752,0028B08E,0,1,1,4294967295,0,0
oInvCollPH,176,768,001D391C,0,1,1,4294967295,0,0
oInvCollPH,176,784,002B5C3B,0,1,1,4294967295,0,0
oInvCollPH,176,800,0032A457,0,1,1,4294967295,0,0
oInvCollPH,32,800,003CAF9C,0,1,1,4294967295,0,0
oInvCollPH,32,784,0022470F,0,1,1,4294967295,0,0
oInvCollPH,32,768,0003F898,0,1,1,4294967295,0,0
oInvCollPH,32,752,002588DC,0,1,1,4294967295,0,0
oInvCollPH,32,736,002B3C32,0,1,1,4294967295,0,0
oInvCollPH,32,720,000A1E25,0,1,1,4294967295,0,0
oInvCollPH,32,704,00130C8F,0,1,1,4294967295,0,0
oInvCollPH,32,688,0016E532,0,1,1,4294967295,0,0
oInvCollPH,32,672,002BDCCF,0,1,1,4294967295,0,0
oInvCollPH,48,656,002D580E,0,1,1,4294967295,0,0
oInvCollPH,64,656,00145A5F,0,1,1,4294967295,0,0
oInvCollPH,64,672,00321D84,0,1,1,4294967295,0,0
oInvCollPH,64,688,0000EB97,0,1,1,4294967295,0,0
oInvCollPH,64,720,001DA02D,0,1,1,4294967295,0,0
oInvCollPH,64,736,002C0681,0,1,1,4294967295,0,0
oInvCollPH,64,752,0008CF8D,0,1,1,4294967295,0,0
oInvCollPH,64,768,000C2DC5,0,1,1,4294967295,0,0
oInvCollPH,64,784,00143B60,0,1,1,4294967295,0,0
oInvCollPH,64,800,00024407,0,1,1,4294967295,0,0
oInvCollPH,64,704,000FD285,0,1,1,4294967295,0,0
oInvCollPH,544,480,00122584,0,1,1,4294967295,0,0
oInvCollPH,544,496,00148FFF,0,1,1,4294967295,0,0
oInvCollPH,544,512,003268F8,0,1,1,4294967295,0,0
oInvCollPH,544,544,002D0138,0,1,1,4294967295,0,0
oInvCollPH,560,544,002419EC,0,1,1,4294967295,0,0
oInvCollPH,576,544,000550F2,0,1,1,4294967295,0,0
oInvCollPH,592,544,0001AC9F,0,1,1,4294967295,0,0
oInvCollPH,608,544,00020478,0,1,1,4294967295,0,0
oInvCollPH,624,544,002FECEB,0,1,1,4294967295,0,0
oInvCollPH,640,544,000E858D,0,1,1,4294967295,0,0
oInvCollPH,656,544,00326927,0,1,1,4294967295,0,0
oInvCollPH,672,544,002A3CA3,0,1,1,4294967295,0,0
oInvCollPH,688,544,000ACA30,0,1,1,4294967295,0,0
oInvCollPH,976,544,001A2A82,0,1,1,4294967295,0,0
oInvCollPH,960,544,0002AC7F,0,1,1,4294967295,0,0
oInvCollPH,944,544,002E0F7E,0,1,1,4294967295,0,0
oInvCollPH,928,544,0019D64A,0,1,1,4294967295,0,0
oInvCollPH,912,544,00284EB0,0,1,1,4294967295,0,0
oInvCollPH,896,544,000E2A58,0,1,1,4294967295,0,0
oInvCollPH,880,544,000A43A8,0,1,1,4294967295,0,0
oInvCollPH,864,544,0009028F,0,1,1,4294967295,0,0
oInvCollPH,848,544,0034443F,0,1,1,4294967295,0,0
oInvCollPH,832,544,0002375B,0,1,1,4294967295,0,0
oInvCollPH,768,544,002CB3EB,0,1,1,4294967295,0,0
oInvCollPH,752,544,0018137F,0,1,1,4294967295,0,0
oInvCollPH,736,544,003A8630,0,1,1,4294967295,0,0
oInvCollPH,720,544,0038EEB0,0,1,1,4294967295,0,0
oInvCollPH,704,544,001D9809,0,1,1,4294967295,0,0
oInvCollPH,816,544,000B5537,0,1,1,4294967295,0,0
oInvCollPH,800,544,003E2D78,0,1,1,4294967295,0,0
oInvCollPH,784,544,000E8121,0,1,1,4294967295,0,0
oInvCollPH,960,528,00212D82,0,1,1,4294967295,0,0
oInvCollPH,944,528,0027E7D2,0,1,1,4294967295,0,0
oInvCollPH,928,528,003CE288,0,1,1,4294967295,0,0
oInvCollPH,912,528,0023B548,0,1,1,4294967295,0,0
oInvCollPH,896,528,00226956,0,1,1,4294967295,0,0
oInvCollPH,880,528,002A1A26,0,1,1,4294967295,0,0
oInvCollPH,864,528,00104A39,0,1,1,4294967295,0,0
oInvCollPH,848,528,003F5573,0,1,1,4294967295,0,0
oInvCollPH,832,528,00125961,0,1,1,4294967295,0,0
oInvCollPH,816,528,003D5139,0,1,1,4294967295,0,0
oInvCollPH,800,528,000CD5E6,0,1,1,4294967295,0,0
oInvCollPH,784,528,0021B68A,0,1,1,4294967295,0,0
oInvCollPH,768,528,00317D29,0,1,1,4294967295,0,0
oInvCollPH,752,528,000416C4,0,1,1,4294967295,0,0
oInvCollPH,736,528,003A944A,0,1,1,4294967295,0,0
oInvCollPH,720,528,0021D249,0,1,1,4294967295,0,0
oInvCollPH,704,528,0008B77D,0,1,1,4294967295,0,0
oInvCollPH,688,528,00183891,0,1,1,4294967295,0,0
oInvCollPH,672,528,00192D94,0,1,1,4294967295,0,0
oInvCollPH,656,528,003D76C8,0,1,1,4294967295,0,0
oInvCollPH,640,528,002D6DB0,0,1,1,4294967295,0,0
oInvCollPH,624,528,002F7967,0,1,1,4294967295,0,0
oInvCollPH,608,528,002F6FF8,0,1,1,4294967295,0,0
oInvCollPH,528,464,001A52A8,0,1,1,4294967295,0,0
oInvCollPH,512,464,0030708B,0,1,1,4294967295,0,0
oInvCollPH,496,464,002ED70B,0,1,1,4294967295,0,0
oInvCollPH,480,464,002F9C30,0,1,1,4294967295,0,0
oInvCollPH,464,464,0002EA2F,0,1,1,4294967295,0,0
oInvCollPH,448,464,00370B7C,0,1,1,4294967295,0,0
oInvCollPH,432,464,003AFF97,0,1,1,4294967295,0,0
oInvCollPH,416,464,001694C4,0,1,1,4294967295,0,0
oInvCollPH,400,464,00377F00,0,1,1,4294967295,0,0
oInvCollPH,384,464,003E8966,0,1,1,4294967295,0,0
oInvCollPH,96,464,00296519,0,1,1,4294967295,0,0
oInvCollPH,112,464,0030620C,0,1,1,4294967295,0,0
oInvCollPH,128,464,003FC8C2,0,1,1,4294967295,0,0
oInvCollPH,144,464,0006D6AE,0,1,1,4294967295,0,0
oInvCollPH,160,464,000109E4,0,1,1,4294967295,0,0
oInvCollPH,176,464,003AB690,0,1,1,4294967295,0,0
oInvCollPH,192,464,001B814E,0,1,1,4294967295,0,0
oInvCollPH,208,464,0034F458,0,1,1,4294967295,0,0
oInvCollPH,224,464,002546C6,0,1,1,4294967295,0,0
oInvCollPH,240,464,0032CA8D,0,1,1,4294967295,0,0
oInvCollPH,256,464,003EB91F,0,1,1,4294967295,0,0
oInvCollPH,272,464,0030741F,0,1,1,4294967295,0,0
oInvCollPH,288,464,0002221E,0,1,1,4294967295,0,0
oInvCollPH,304,464,0014FAB9,0,1,1,4294967295,0,0
oInvCollPH,320,464,00116552,0,1,1,4294967295,0,0
oInvCollPH,336,464,0027DAA8,0,1,1,4294967295,0,0
oInvCollPH,352,464,003C7391,0,1,1,4294967295,0,0
oInvCollPH,368,464,0034FF7B,0,1,1,4294967295,0,0
oInvCollPH,80,64,003EB80D,0,1,1,4294967295,0,0
oInvCollPH,80,80,000FB742,0,1,1,4294967295,0,0
oInvCollPH,80,96,002C5844,0,1,1,4294967295,0,0
oInvCollPH,80,112,00178527,0,1,1,4294967295,0,0
oInvCollPH,80,128,003BE1D3,0,1,1,4294967295,0,0
oInvCollPH,80,144,00269EBA,0,1,1,4294967295,0,0
oInvCollPH,80,160,00125714,0,1,1,4294967295,0,0
oInvCollPH,80,176,0013BEF4,0,1,1,4294967295,0,0
oInvCollPH,80,192,000CE437,0,1,1,4294967295,0,0
oInvCollPH,80,208,0031C4AE,0,1,1,4294967295,0,0
oInvCollPH,80,528,001731D5,0,1,1,4294967295,0,0
oInvCollPH,80,512,0003742B,0,1,1,4294967295,0,0
oInvCollPH,80,496,001A97C9,0,1,1,4294967295,0,0
oInvCollPH,80,480,001B0D9B,0,1,1,4294967295,0,0
oInvCollPH,80,304,00192F54,0,1,1,4294967295,0,0
oInvCollPH,80,288,002AC855,0,1,1,4294967295,0,0
oInvCollPH,80,336,00063A30,0,1,1,4294967295,0,0
oInvCollPH,80,352,0029D9BA,0,1,1,4294967295,0,0
oInvCollPH,80,368,000589BB,0,1,1,4294967295,0,0
oInvCollPH,80,272,000DA898,0,1,1,4294967295,0,0
oInvCollPH,80,256,00403A72,0,1,1,4294967295,0,0
oInvCollPH,80,240,003DC91D,0,1,1,4294967295,0,0
oInvCollPH,80,224,001B989A,0,1,1,4294967295,0,0
oInvCollPH,64,528,003932ED,0,1,1,4294967295,0,0
oInvCollPH,48,528,000C2557,0,1,1,4294967295,0,0
oInvCollPH,32,528,0039E235,0,1,1,4294967295,0,0
oInvCollPH,16,528,003D7856,0,1,1,4294967295,0,0
oInvCollPH,0,528,00044B62,0,1,1,4294967295,0,0
oInvCollPFH,1424,208,002F15F4,0,1,1,4294967295,0,0
oInvCollPFH,1440,208,0029FA83,0,1,1,4294967295,0,0
oInvCollPFH,1456,208,002681EA,0,1,1,4294967295,0,0
oInvCollSM,1536,272,000D8A8D,0,1,1,4294967295,0,0
oInvCollSM,1552,272,00306852,0,1,1,4294967295,0,0
oInvCollSM,1568,272,0021606D,0,1,1,4294967295,0,0
oInvCollSM,1808,480,0001FDF7,0,1,1,4294967295,0,0
oInvCollPFH,1424,704,00130CBA,0,1,1,4294967295,0,0
oInvCollPFH,1440,704,003AE50A,0,1,1,4294967295,0,0
oInvCollPFH,1456,704,00221EA9,0,1,1,4294967295,0,0
oInvCollSH,1432,456,002BB907,0,1,1,4294967295,0,0
oInvCollSH,1448,456,00240DBD,0,1,1,4294967295,0,0
oInvCollSH,1432,520,00291486,0,1,1,4294967295,0,0
oInvCollSH,1448,520,002BFBF8,0,1,1,4294967295,0,0
oInvCollSH,1408,480,0035974B,0,1,1,4294967295,0,0
oInvCollSH,1424,480,002DBF84,0,1,1,4294967295,0,0
oInvCollSH,1440,480,0024A3C3,0,1,1,4294967295,0,0
oInvCollSH,1456,480,0021DC70,0,1,1,4294967295,0,0
oInvCollSH,1472,480,00206C79,0,1,1,4294967295,0,0
oInvCollPH,1456,592,003CFA5A,0,1,1,4294967295,0,0
oEnemySpawnZone,1296,720,0008B77B,0,1,1,4294967295,0,1
oEnemySpawnZone,1120,576,000512AB,0,1,1,4294967295,0,1
oInvisibleSolid,1584,176,003F26A9,0,1,1,4294967295,0,1
oInvisibleSolid,1728,416,001A4467,0,1,1,4294967295,0,1
oInvisibleSolid,1736,400,000CFDE9,0,1,1,4294967295,0,1
oInvisibleLupSlope,1744,192,0015222D,0,1,1,4294967295,0,0
oInvisibleLupSlope,1760,208,000FA020,0,1,1,4294967295,0,0
oInvisibleLupSlope,1776,224,003963DF,0,1,1,4294967295,0,0
oInvisibleLupSlope,1792,240,00097FED,0,1,1,4294967295,0,0
oInvisibleLupSlope,1808,256,00323EBF,0,1,1,4294967295,0,0
oInvisibleLupSlope,1824,272,0028B154,0,1,1,4294967295,0,0
oInvisibleRupSlope,976,512,003F5064,0,1,1,4294967295,0,0
oInvisibleRupSlope,992,496,00396D4D,0,1,1,4294967295,0,0
oInvisibleRupSlope,1008,480,00336B79,0,1,1,4294967295,0,0
oInvisibleRupSlope,1024,464,0020945A,0,1,1,4294967295,0,0
oInvisibleRupSlope,1040,448,003B371A,0,1,1,4294967295,0,0
oInvisibleRupSlope,1056,432,002C318D,0,1,1,4294967295,0,0
oInvisibleRupSlope,1072,416,002E19A5,0,1,1,4294967295,0,0
oInvisibleRupSlope,1088,400,002F4279,0,1,1,4294967295,0,0
oInvisibleRupSlope,1104,384,0034B2C2,0,1,1,4294967295,0,0
oInvisibleRupSlope,1120,368,002C977B,0,1,1,4294967295,0,0
oInvisibleLCeilingSlope,992,512,003DC8DC,0,1,1,4294967295,0,0
oInvisibleLCeilingSlope,1008,496,00109057,0,1,1,4294967295,0,0
oInvisibleLCeilingSlope,1024,480,00086B49,0,1,1,4294967295,0,0
oInvisibleLCeilingSlope,1040,464,002B76E2,0,1,1,4294967295,0,0
oInvisibleLCeilingSlope,1056,448,002B12D4,0,1,1,4294967295,0,0
oInvisibleLCeilingSlope,1072,432,00067902,0,1,1,4294967295,0,0
oInvisibleLCeilingSlope,1088,416,001AB3F9,0,1,1,4294967295,0,0
oInvisibleLCeilingSlope,1104,400,001546FB,0,1,1,4294967295,0,0
oInvisibleLCeilingSlope,1120,384,0022763D,0,1,1,4294967295,0,0
oInvisibleRCeilingSlope,1744,208,00224D17,0,1,1,4294967295,0,0
oInvisibleRCeilingSlope,1760,224,00342D88,0,1,1,4294967295,0,0
oInvisibleRCeilingSlope,1776,240,0003D8E5,0,1,1,4294967295,0,0
oInvisibleRCeilingSlope,1792,256,00375A58,0,1,1,4294967295,0,0
oInvisibleRCeilingSlope,1808,272,0012457C,0,1,1,4294967295,0,0
oInvisibleSolid,1712,192,00338351,0,1,1,4294967295,0,1
oInvisibleSolid,1824,288,000EF5C9,0,1,1,4294967295,0,1
oInvisibleSolid,1952,288,0003C297,0,1,1,4294967295,0,1
oInvisibleSolid,1968,0,003F5D30,0,1,1,4294967295,0,1
oInvisibleSolid,1648,0,00086CC3,0,1,1,4294967295,0,1
oInvisibleSolid,1584,0,000F3DB1,0,1,1,4294967295,0,1
oInvisibleSolid,1648,32,0005830E,0,1,1,4294967295,0,1
oInvisibleSolid,2016,304,0011CDAB,0,1,1,4294967295,0,1
oInvisibleSolid,1984,528,00001998,0,1,1,4294967295,0,1
oInvisibleSolid,1952,592,00374549,0,1,1,4294967295,0,1
oInvisibleSolid,1936,656,0022D850,0,1,1,4294967295,0,1
oInvisibleSolid,1920,720,000EA5DB,0,1,1,4294967295,0,0
oInvisibleSolid,1824,688,0038BC36,0,1,1,4294967295,0,0
oInvisibleSolid,1744,752,00335ED1,0,1,1,4294967295,0,1
oInvisibleSolid,1728,768,001AB3AE,0,1,1,4294967295,0,1
oInvisibleSolid,1360,400,0000C7DE,0,1,1,4294967295,0,1
oInvisibleSolid,1296,368,002434E2,0,1,1,4294967295,0,1
oInvisibleSolid,1136,368,0016B58D,0,1,1,4294967295,0,1
oInvisibleSolid,1168,368,002DD6D0,0,1,1,4294967295,0,1
oInvisibleSolid,1360,192,00403101,0,1,1,4294967295,0,1
oInvisibleSolid,1472,192,0013114B,0,1,1,4294967295,0,1
oInvisibleSolid,1520,192,002574B6,0,1,1,4294967295,0,1
oInvisibleSolid,1648,192,001DA3DE,0,1,1,4294967295,0,1
oInvisibleSolid,1408,272,002BF1C4,0,1,1,4294967295,0,1
oInvisibleSolid,1488,336,00099618,0,1,1,4294967295,0,1
oInvisibleSolid,1520,304,001FB086,0,1,1,4294967295,0,1
oInvisibleSolid,1648,368,0033C28D,0,1,1,4294967295,0,1
oInvisibleSolid,1584,576,0008BE91,0,1,1,4294967295,0,1
oInvisibleSolid,1520,720,003AAF0C,0,1,1,4294967295,0,1
oInvisibleSolid,1648,560,0002404A,0,1,1,4294967295,0,1
oInvisibleSolid,1824,304,000CD62B,0,1,1,4294967295,0,1
oInvisibleSolid,1792,368,00385B0A,0,1,1,4294967295,0,1
oInvisibleSolid,1792,400,000C4D5E,0,1,1,4294967295,0,1
oInvisibleSolid,1888,464,003E4F5B,0,1,1,4294967295,0,1
oInvisibleSolid,1792,512,003AEF4E,0,1,1,4294967295,0,1
oInvisibleRCeilingSlope,1904,480,00177172,0,1,1,4294967295,0,0
oInvisibleLCeilingSlope,1920,480,002134A9,0,1,1,4294967295,0,0
oInvisibleSolid,1712,432,003953D2,0,1,1,4294967295,0,1
oInvisiblePlatform,1408,208,00174C3B,0,1,1,4294967295,0,1
oInvisibleSolidMorph,1520,272,0020E00B,0,1,1,4294967295,0,1
oInvisibleSolidMorph,1792,480,00271F55,0,1,1,4294967295,0,1
oInvisibleSolid,1408,768,003E2BF3,0,1,1,4294967295,0,1
oInvisiblePlatform,1408,704,003BDA6B,0,1,1,4294967295,0,1
oInvisibleSlimSolid,1416,456,00398DA8,0,1,1,4294967295,0,1
oInvisibleRCeilingSlope,1424,464,0008BAD1,0,1,1,4294967295,0,0
oInvisibleLCeilingSlope,1440,464,000AC41E,0,1,1,4294967295,0,0
oInvisibleSlimSolid,1392,480,0018D3E7,0,1,1,4294967295,0,1
oInvisibleSlimSolid,1416,520,00267855,0,1,1,4294967295,0,1
oInvisibleSolid,1360,544,00259CFD,0,1,1,4294967295,0,0
oInvisibleSolid,1360,640,0004013D,0,1,1,4294967295,0,0
oInvisibleSolid,1504,544,00402D63,0,1,1,4294967295,0,0
oInvisibleSolid,1504,640,0035CCEC,0,1,1,4294967295,0,0
oInvisibleSolid,1428,488,00069948,0,1,1,4294967295,0,1
oInvisibleSolid,1408,592,001D6B1A,0,1,1,4294967295,0,1
oInvisibleSolid,1600,544,003B9B72,0,1,1,4294967295,0,1
oInvisibleSolid,1072,784,0033E851,0,1,1,4294967295,0,1
oInvisibleSolid,1840,560,001A87B8,0,1,1,4294967295,0,1
oInvisibleLCeilingSlope,880,448,001BA98A,0,1,1,4294967295,0,0
oInvisibleLCeilingSlope,896,432,00255964,0,1,1,4294967295,0,0
oInvisibleLCeilingSlope,912,416,001B1674,0,1,1,4294967295,0,0
oInvisibleLCeilingSlope,928,400,000B4FBE,0,1,1,4294967295,0,0
oInvisibleLCeilingSlope,944,384,0023A70A,0,1,1,4294967295,0,0
oInvisibleLCeilingSlope,960,368,003C3FED,0,1,1,4294967295,0,0
oInvisibleLCeilingSlope,976,352,00368445,0,1,1,4294967295,0,0
oInvisibleLCeilingSlope,992,336,001962C0,0,1,1,4294967295,0,0
oInvisibleLCeilingSlope,1008,320,0017AE1D,0,1,1,4294967295,0,0
oInvisibleLCeilingSlope,1024,304,0003EA84,0,1,1,4294967295,0,0
oInvisibleRupSlope,688,656,000299EF,0,1,1,4294967295,0,0
oInvisibleRupSlope,672,672,002EBAC6,0,1,1,4294967295,0,0
oInvisibleRupSlope,656,688,00181BCC,0,1,1,4294967295,0,0
oInvisibleRupSlope,640,704,00136A61,0,1,1,4294967295,0,0
oInvisibleLCeilingSlope,656,704,002A9E2E,0,1,1,4294967295,0,0
oInvisibleLupSlope,960,656,003450C8,0,1,1,4294967295,0,0
oInvisibleLupSlope,976,672,00084967,0,1,1,4294967295,0,0
oInvisibleLupSlope,992,688,003A73F7,0,1,1,4294967295,0,0
oInvisibleLupSlope,1008,704,000624BB,0,1,1,4294967295,0,0
oInvisibleLupSlope,1024,720,003F7643,0,1,1,4294967295,0,0
oInvisibleLupSlope,1040,736,000CDC5F,0,1,1,4294967295,0,0
oInvisibleLupSlope,1056,752,0002BE3A,0,1,1,4294967295,0,0
oInvisibleLupSlope,1072,768,001BE62E,0,1,1,4294967295,0,0
oInvisibleRCeilingSlope,992,704,003DAE61,0,1,1,4294967295,0,0
oInvisibleRCeilingSlope,1040,752,00044227,0,1,1,4294967295,0,0
oInvisibleRCeilingSlope,1056,768,001AF667,0,1,1,4294967295,0,0
oInvisibleSolid,704,656,002A69AE,0,1,1,4294967295,0,1
oInvisibleSolid,720,688,00171B5B,0,1,1,4294967295,0,1
oInvisibleSolid,784,688,000EAAD6,0,1,1,4294967295,0,1
oInvisibleSolid,848,688,000518F4,0,1,1,4294967295,0,1
oInvisibleSolid,912,688,0019BD82,0,1,1,4294967295,0,1
oInvisibleSolid,688,672,000E4044,0,1,1,4294967295,0,0
oInvisibleSolid,672,688,000624A0,0,1,1,4294967295,0,1
oInvisibleSolid,960,672,0000129E,0,1,1,4294967295,0,0
oInvisibleSolid,960,688,003D3B6A,0,1,1,4294967295,0,1
oInvisibleSolid,1008,720,0032CA90,0,1,1,4294967295,0,0
oInvisibleSolid,1008,736,001C4EAE,0,1,1,4294967295,0,1
oInvisibleSolid,992,544,0023D134,0,1,1,4294967295,0,1
oInvisibleSolid,1120,528,001F7C12,0,1,1,4294967295,0,1
oInvisibleSolid,1152,560,000FADBC,0,1,1,4294967295,0,1
oInvisibleSolid,1184,592,001DD9E9,0,1,1,4294967295,0,1
oInvisibleSolid,1216,624,000278DE,0,1,1,4294967295,0,1
oInvisibleSolid,1216,640,002848A4,0,1,1,4294967295,0,1
oInvisibleSolid,1552,48,000D352F,0,1,1,4294967295,0,1
oInvisibleSolid,784,304,00320187,0,1,1,4294967295,0,1
oInvisibleSolid,784,320,002F4713,0,1,1,4294967295,0,1
oInvisibleSolid,784,336,0030F034,0,1,1,4294967295,0,1
oInvisibleSolid,784,352,000909C4,0,1,1,4294967295,0,1
oInvisibleSolid,784,368,0035C641,0,1,1,4294967295,0,1
oInvisibleSolid,784,384,0013E6F8,0,1,1,4294967295,0,1
oInvisibleSolid,784,400,0037CAF6,0,1,1,4294967295,0,1
oInvisibleSolid,784,416,000096D2,0,1,1,4294967295,0,1
oInvisibleSolid,784,432,0028AAA0,0,1,1,4294967295,0,1
oInvisibleSolid,784,448,001C2C2E,0,1,1,4294967295,0,1
oInvisibleSolid,784,192,002A8957,0,1,1,4294967295,0,1
oInvisibleSolid,784,0,0031E5CE,0,1,1,4294967295,0,1
oInvisibleSolid,0,0,002C457B,0,1,1,4294967295,0,1
oInvisibleSolid,0,64,003E4EBA,0,1,1,4294967295,0,1
oInvisibleSolid,208,64,0013C1D3,0,1,1,4294967295,0,1
oInvisibleSolid,464,64,0029571E,0,1,1,4294967295,0,1
oInvisibleSolid,720,64,0029C00E,0,1,1,4294967295,0,1
oInvisibleSolid,688,192,0004649C,0,1,1,4294967295,0,1
oInvisibleSolid,560,192,00060497,0,1,1,4294967295,0,1
oInvisibleSolid,608,224,0006E3D0,0,1,1,4294967295,0,1
oInvisibleSolid,672,352,00013DD2,0,1,1,4294967295,0,1
oInvisibleSolid,608,368,000605F3,0,1,1,4294967295,0,1
oInvisibleSolid,544,368,002FECE9,0,1,1,4294967295,0,1
oInvisibleSolid,544,224,000D870F,0,1,1,4294967295,0,1
oInvisibleSolid,512,256,00361FA0,0,1,1,4294967295,0,1
oInvisibleSolid,416,272,000BC890,0,1,1,4294967295,0,1
oInvisibleSolid,192,272,00130BE4,0,1,1,4294967295,0,1
oInvisibleSolid,96,320,0025A912,0,1,1,4294967295,0,0
oInvisibleSolid,96,384,0017C924,0,1,1,4294967295,0,1
oInvisibleSolid,96,416,0032A3F1,0,1,1,4294967295,0,1
oInvisibleSolid,480,416,002C5CD4,0,1,1,4294967295,0,1
oInvisibleSolid,96,448,000A588D,0,1,1,4294967295,0,1
oInvisibleSolid,32,656,000145DB,0,1,1,4294967295,0,1
oInvisibleSolid,144,688,0028C695,0,1,1,4294967295,0,1
oInvisibleSolid,256,704,0022A8F6,0,1,1,4294967295,0,1
oInvisibleSolid,368,704,00285A75,0,1,1,4294967295,0,1
oInvisibleSolid,560,720,000A4672,0,1,1,4294967295,0,1
oInvisibleSolid,464,784,0036FCFC,0,1,1,4294967295,0,1
oInvisibleSolid,544,528,002D5299,0,1,1,4294967295,0,1
