oExit,0,256,001A6334,0,1,1,4294967295,0,1
oSignPost,456,208,0012FEA0,0,1,1,4294967295,0,1
oExit,3312,240,00031F14,0,1,1,4294967295,0,1
oGamePower,2336,48,00319194,0,1,1,4294967295,0,1
oMovingTrap,1664,16,0002960D,0,1,1,4294967295,0,1
oMovingTrap,1984,336,003EE678,0,1,1,4294967295,0,1
oMovingTrap,2320,16,001C79F0,0,1,1,4294967295,0,1
oMovingTrap,2368,16,003B6A28,0,1,1,4294967295,0,1
oMovingTrap,2512,336,00366B34,0,1,1,4294967295,0,1
oMovingTrap,2640,16,00394DC2,0,1,1,4294967295,0,1
oMovingTrap,2832,336,0033DFAD,0,1,1,4294967295,0,1
oMovingTrap,2944,16,002D8CD5,0,1,1,4294967295,0,1
oMovingTrap,2192,336,001B8F8B,0,1,1,4294967295,0,1
oMovingTrap,1872,16,001344DB,0,1,1,4294967295,0,1
oBallChainControl,1136,48,0013C1AA,0,1,1,4294967295,0,1
oLatchCrystal,1376,128,00175845,0,1,1,4294967295,0,0
oLatchCrystal,1456,240,0030AFFB,0,1,1,4294967295,0,0
oLatchCrystal,1520,160,002BDFFA,0,1,1,4294967295,0,0
oLatchCrystal,1648,128,000E0A2D,0,1,1,4294967295,0,0
oLatchCrystal,1760,176,0019E7FD,0,1,1,4294967295,0,0
oLatchCrystal,1808,96,0015516A,0,1,1,4294967295,0,0
oLatchCrystal,1824,240,000A79E7,0,1,1,4294967295,0,0
oLatchCrystal,1904,208,0020DBE9,0,1,1,4294967295,0,0
oLatchCrystal,2000,128,0032CBF2,0,1,1,4294967295,0,0
oLatchCrystal,2080,240,0001BF67,0,1,1,4294967295,0,0
oLatchCrystal,2160,144,001B88FB,0,1,1,4294967295,0,0
oLatchCrystal,2256,96,0033DA49,0,1,1,4294967295,0,0
oLatchCrystal,2336,224,0010D4A3,0,1,1,4294967295,0,0
oLatchCrystal,2400,176,00074174,0,1,1,4294967295,0,0
oLatchCrystal,2512,112,0011F915,0,1,1,4294967295,0,0
oLatchCrystal,2576,240,00064976,0,1,1,4294967295,0,0
oLatchCrystal,2688,176,001FEC4C,0,1,1,4294967295,0,0
oLatchCrystal,2816,144,000D2A7A,0,1,1,4294967295,0,0
oLatchCrystal,2896,240,003F045D,0,1,1,4294967295,0,0
oLatchCrystal,2976,112,00052DC0,0,1,1,4294967295,0,0
oLatchCrystal,3056,192,00013315,0,1,1,4294967295,0,0
oLatchCrystal,1616,288,000B0C80,0,1,1,4294967295,0,0
oLatchCrystal,2448,288,0039300A,0,1,1,4294967295,0,0
oLatchCrystal,2752,288,002B7CB9,0,1,1,4294967295,0,0
oLatchCrystal,2736,80,0003294E,0,1,1,4294967295,0,0
oLatchCrystal,1984,272,0026591A,0,1,1,4294967295,0,0
oLatchCrystal,2112,64,001DFA61,0,1,1,4294967295,0,0
oLatchCrystal,2224,256,0012A60F,0,1,1,4294967295,0,0
oLatchCrystal,2624,96,0005953E,0,1,1,4294967295,0,0
oLatchCrystal,2864,64,000ECD40,0,1,1,4294967295,0,0
oLatchCrystal,3008,272,00364EBC,0,1,1,4294967295,0,0
oLatchCrystal,1584,80,00099FF5,0,1,1,4294967295,0,0
oLatchCrystal,1712,272,0033C9E4,0,1,1,4294967295,0,0
oLatchCrystal,2160,192,0036D1F7,0,1,1,4294967295,0,0
oLatchCrystal,2400,128,001FFF40,0,1,1,4294967295,0,0
oLatchCrystal,1904,112,003A4761,0,1,1,4294967295,0,0
oPlayer1,48,288,000A909A,0,1,1,4294967295,0,0
oScaledTrapZone,688,240,00153247,0,1,1,4294967295,0,1
oScaledTrapZone,896,240,0035FC40,0,1,1,4294967295,0,1
oScaledTrapZone,1120,176,00237019,0,1,1,4294967295,0,1
oInvCollPH,16,192,00393A95,0,1,1,4294967295,0,0
oInvCollPH,32,192,00285C44,0,1,1,4294967295,0,0
oInvCollPH,48,192,001CD9E9,0,1,1,4294967295,0,0
oInvCollPH,64,192,00047B13,0,1,1,4294967295,0,0
oInvCollPH,80,192,0010A20D,0,1,1,4294967295,0,0
oInvCollPH,96,192,001999B1,0,1,1,4294967295,0,0
oInvCollPH,112,192,000AFA45,0,1,1,4294967295,0,0
oInvCollPH,112,208,000B6285,0,1,1,4294967295,0,0
oInvCollPH,96,208,00016343,0,1,1,4294967295,0,0
oInvCollPH,80,208,0001CBA4,0,1,1,4294967295,0,0
oInvCollPH,64,208,00354F11,0,1,1,4294967295,0,0
oInvCollPH,48,208,001C6087,0,1,1,4294967295,0,0
oInvCollPH,32,208,000897BA,0,1,1,4294967295,0,0
oInvCollPH,16,208,0031DD1F,0,1,1,4294967295,0,0
oInvCollPH,0,208,003BFA7D,0,1,1,4294967295,0,0
oInvCollPH,96,288,003AE9FF,0,1,1,4294967295,0,0
oInvCollPH,112,288,0017F9DE,0,1,1,4294967295,0,0
oInvCollPH,128,288,0018815F,0,1,1,4294967295,0,0
oInvCollPH,144,288,001CE486,0,1,1,4294967295,0,0
oInvCollPH,160,288,000A95DD,0,1,1,4294967295,0,0
oInvCollPH,176,288,000366E9,0,1,1,4294967295,0,0
oInvCollPH,192,288,00215707,0,1,1,4294967295,0,0
oInvCollPH,208,288,00226D01,0,1,1,4294967295,0,0
oInvCollPH,144,304,0008F413,0,1,1,4294967295,0,0
oInvCollPH,160,304,00197618,0,1,1,4294967295,0,0
oInvCollPH,176,304,00153A8B,0,1,1,4294967295,0,0
oInvCollPH,16,288,00334573,0,1,1,4294967295,0,0
oInvCollPH,32,288,00065029,0,1,1,4294967295,0,0
oInvCollPH,48,288,0024DBA2,0,1,1,4294967295,0,0
oInvCollPH,64,288,00353EC1,0,1,1,4294967295,0,0
oInvCollPH,64,304,0035D09B,0,1,1,4294967295,0,0
oInvCollPH,48,304,00200366,0,1,1,4294967295,0,0
oInvCollPH,32,320,000819F8,0,1,1,4294967295,0,0
oInvCollPH,32,336,002609DC,0,1,1,4294967295,0,0
oInvCollPH,304,224,0028D6B6,0,1,1,4294967295,0,0
oInvCollPH,304,240,0022DAB8,0,1,1,4294967295,0,0
oInvCollPH,304,256,00162825,0,1,1,4294967295,0,0
oInvCollPH,304,272,0003D080,0,1,1,4294967295,0,0
oInvCollPH,368,224,000D4D8A,0,1,1,4294967295,0,0
oInvCollPH,368,240,001FCF8E,0,1,1,4294967295,0,0
oInvCollPH,368,256,003948E7,0,1,1,4294967295,0,0
oInvCollPH,368,272,000D916B,0,1,1,4294967295,0,0
oInvCollPH,400,224,00353AE8,0,1,1,4294967295,0,0
oInvCollPH,400,240,00386F51,0,1,1,4294967295,0,0
oInvCollPH,400,256,0025BB62,0,1,1,4294967295,0,0
oInvCollPH,400,272,0037576D,0,1,1,4294967295,0,0
oInvCollPH,448,208,00119E39,0,1,1,4294967295,0,0
oInvCollPH,464,208,0033BEDD,0,1,1,4294967295,0,0
oInvCollPH,512,208,0011D11A,0,1,1,4294967295,0,0
oInvCollPH,528,208,003EB504,0,1,1,4294967295,0,0
oInvCollPH,448,240,002BB64B,0,1,1,4294967295,0,0
oInvCollPH,448,256,0014F7DD,0,1,1,4294967295,0,0
oInvCollPH,448,272,000E5044,0,1,1,4294967295,0,0
oInvCollPH,512,240,00215654,0,1,1,4294967295,0,0
oInvCollPH,512,256,002FD75A,0,1,1,4294967295,0,0
oInvCollPH,512,272,000F8AA1,0,1,1,4294967295,0,0
oInvCollPH,576,208,0001A2F4,0,1,1,4294967295,0,0
oInvCollPH,592,208,003B3F02,0,1,1,4294967295,0,0
oInvCollPH,576,240,0001D552,0,1,1,4294967295,0,0
oInvCollPH,592,240,00281C39,0,1,1,4294967295,0,0
oInvCollPH,576,272,0034DA07,0,1,1,4294967295,0,0
oInvCollPH,592,272,002F82A2,0,1,1,4294967295,0,0
oInvCollPH,704,224,0013F3B5,0,1,1,4294967295,0,0
oInvCollPH,720,224,0008ED64,0,1,1,4294967295,0,0
oInvCollPH,736,224,002581DD,0,1,1,4294967295,0,0
oInvCollPH,752,224,0007EBC2,0,1,1,4294967295,0,0
oInvCollPH,768,224,003042E2,0,1,1,4294967295,0,0
oInvCollPH,784,224,0017BA1B,0,1,1,4294967295,0,0
oInvCollPH,896,224,0011636E,0,1,1,4294967295,0,0
oInvCollPH,880,224,002CDCE5,0,1,1,4294967295,0,0
oInvCollPH,864,224,000934A9,0,1,1,4294967295,0,0
oInvCollPH,848,224,002A71CB,0,1,1,4294967295,0,0
oInvCollPH,832,224,0012F7FA,0,1,1,4294967295,0,0
oInvCollPH,816,224,003CC4AC,0,1,1,4294967295,0,0
oInvCollPH,800,224,003ECE9F,0,1,1,4294967295,0,0
oInvCollPH,672,208,00120D6C,0,1,1,4294967295,0,0
oInvCollPH,688,208,003FCBBD,0,1,1,4294967295,0,0
oInvCollPH,704,208,00066EFA,0,1,1,4294967295,0,0
oInvCollPH,720,208,0024198E,0,1,1,4294967295,0,0
oInvCollPH,736,208,0027A041,0,1,1,4294967295,0,0
oInvCollPH,752,208,0021EC27,0,1,1,4294967295,0,0
oInvCollPH,768,208,00016D54,0,1,1,4294967295,0,0
oInvCollPH,784,208,000CEBE2,0,1,1,4294967295,0,0
oInvCollPH,800,208,003D7FF4,0,1,1,4294967295,0,0
oInvCollPH,816,208,003C725E,0,1,1,4294967295,0,0
oInvCollPH,832,208,0027A7B0,0,1,1,4294967295,0,0
oInvCollPH,848,208,002DA5BE,0,1,1,4294967295,0,0
oInvCollPH,864,208,0024A0B5,0,1,1,4294967295,0,0
oInvCollPH,880,208,0012BAA6,0,1,1,4294967295,0,0
oInvCollPH,896,208,0022CE1A,0,1,1,4294967295,0,0
oInvCollPH,912,208,0038FE7E,0,1,1,4294967295,0,0
oInvCollPH,928,208,00304F1F,0,1,1,4294967295,0,0
oInvCollPH,1056,192,00164E2F,0,1,1,4294967295,0,0
oInvCollPH,1072,192,00342A40,0,1,1,4294967295,0,0
oInvCollPH,1184,224,001EE490,0,1,1,4294967295,0,0
oInvCollPH,1168,208,00172721,0,1,1,4294967295,0,0
oInvCollPH,1184,208,002C4FE8,0,1,1,4294967295,0,0
oInvCollPH,1200,208,0022CD13,0,1,1,4294967295,0,0
oInvCollPH,1248,208,0035863B,0,1,1,4294967295,0,0
oInvCollPH,1264,208,002CB8C3,0,1,1,4294967295,0,0
oInvCollPH,1280,208,002362F6,0,1,1,4294967295,0,0
oInvCollPH,1232,224,00136E85,0,1,1,4294967295,0,0
oInvCollPH,1248,224,0026CA77,0,1,1,4294967295,0,0
oInvCollPH,1264,224,003590A0,0,1,1,4294967295,0,0
oInvCollPH,3280,64,003AF498,0,1,1,4294967295,0,0
oInvCollPH,3280,80,00359021,0,1,1,4294967295,0,0
oInvCollPH,3280,96,00110DEB,0,1,1,4294967295,0,0
oInvCollPH,3280,112,00318079,0,1,1,4294967295,0,0
oInvCollPH,3280,128,002D2CBD,0,1,1,4294967295,0,0
oInvCollPH,3280,144,0005B864,0,1,1,4294967295,0,0
oInvCollPH,3280,160,0011EB34,0,1,1,4294967295,0,0
oInvCollPH,3280,176,003FF765,0,1,1,4294967295,0,0
oInvCollPH,3280,192,00022C9A,0,1,1,4294967295,0,0
oInvCollPH,3296,192,003733F4,0,1,1,4294967295,0,0
oInvCollPH,3312,192,0015EECF,0,1,1,4294967295,0,0
oInvCollPH,3152,16,003CE3A6,0,1,1,4294967295,0,0
oInvCollPH,3152,32,001C606B,0,1,1,4294967295,0,0
oInvCollPH,3168,32,0027D0A7,0,1,1,4294967295,0,0
oInvCollPH,3184,32,0002F41E,0,1,1,4294967295,0,0
oInvCollPH,3200,32,000711DB,0,1,1,4294967295,0,0
oInvCollPH,3216,32,000AD14A,0,1,1,4294967295,0,0
oInvCollPH,3232,32,003A6FA9,0,1,1,4294967295,0,0
oInvCollPH,3248,32,00168C81,0,1,1,4294967295,0,0
oInvCollPH,3264,32,003A4E69,0,1,1,4294967295,0,0
oInvCollPH,3184,272,0024D524,0,1,1,4294967295,0,0
oInvCollPH,3200,272,00138DF1,0,1,1,4294967295,0,0
oInvCollPH,3216,272,00072DDD,0,1,1,4294967295,0,0
oInvCollPH,3232,272,00384423,0,1,1,4294967295,0,0
oInvCollPH,3248,272,001AFB98,0,1,1,4294967295,0,0
oInvCollPH,3264,272,00200225,0,1,1,4294967295,0,0
oInvCollPH,3280,272,0022E7E8,0,1,1,4294967295,0,0
oInvCollPH,3296,272,002A7613,0,1,1,4294967295,0,0
oInvCollPH,3312,272,0004398B,0,1,1,4294967295,0,0
oInvCollPH,3168,288,003E1F0D,0,1,1,4294967295,0,0
oInvCollPH,3168,304,000B8383,0,1,1,4294967295,0,0
oInvCollPH,3168,320,0018B410,0,1,1,4294967295,0,0
oInvCollPH,3168,336,00017E1E,0,1,1,4294967295,0,0
oInvisibleSolid,0,192,00038DD3,0,1,1,4294967295,0,1
oInvisibleSolid,0,288,00096B93,0,1,1,4294967295,0,1
oInvisibleSolid,80,288,000FF8EC,0,1,1,4294967295,0,1
oInvisibleSolid,128,304,001DAF89,0,1,1,4294967295,0,1
oInvisibleSolid,0,320,000004B0,0,1,1,4294967295,0,1
oInvisibleSolid,368,208,0027F6ED,0,1,1,4294967295,0,1
oInvisibleSolid,384,272,00181210,0,1,1,4294967295,0,0
oInvisibleSolid,400,208,003B5D92,0,1,1,4294967295,0,1
oInvisibleSolid,432,208,0008002C,0,1,1,4294967295,0,1
oInvisibleSolid,448,224,00133FEE,0,1,1,4294967295,0,1
oInvisibleSolid,496,208,002F9AA3,0,1,1,4294967295,0,1
oInvisibleSolid,512,224,002662C9,0,1,1,4294967295,0,1
oInvisibleSolid,560,208,001F623C,0,1,1,4294967295,0,1
oInvisibleSolid,560,240,0040268B,0,1,1,4294967295,0,1
oInvisibleSolid,560,272,0008E532,0,1,1,4294967295,0,1
oInvisibleSolid,560,224,00298E35,0,1,1,4294967295,0,0
oInvisibleSolid,592,256,002D7183,0,1,1,4294967295,0,0
oInvisibleSolid,336,224,0013BBDD,0,1,1,4294967295,0,0
oInvisibleSolid,336,256,002ECA5F,0,1,1,4294967295,0,0
oInvisibleSolid,304,208,003E778D,0,1,1,4294967295,0,1
oInvisibleSolid,320,208,001EA86A,0,1,1,4294967295,0,0
oInvisibleSolid,320,240,0019ADE3,0,1,1,4294967295,0,0
oInvisibleSolid,320,272,00058D20,0,1,1,4294967295,0,0
oInvisibleSolid,688,224,000E93E2,0,1,1,4294967295,0,1
oInvisibleSolid,656,208,00282EB6,0,1,1,4294967295,0,1
oInvisibleSolid,688,336,00020748,0,1,1,4294967295,0,0
oInvisibleSolid,896,336,0017BB58,0,1,1,4294967295,0,0
oInvisibleSolid,1040,192,001CFDAF,0,1,1,4294967295,0,1
oInvisibleSolid,1152,208,001A631B,0,1,1,4294967295,0,1
oInvisibleSolid,1168,224,0007CDCD,0,1,1,4294967295,0,1
oInvisibleSolid,1232,208,001348A0,0,1,1,4294967295,0,1
oInvisibleSolid,1216,224,00367EA2,0,1,1,4294967295,0,1
oInvisibleSolid,3152,0,003252D2,0,1,1,4294967295,0,1
oInvisibleSolid,3280,48,00134C22,0,1,1,4294967295,0,1
oInvisibleSolid,3168,272,0029B34E,0,1,1,4294967295,0,1
