oExit,0,432,0026C3AE,0,1,1,4294967295,0,1
oExit,1136,432,0021CA24,0,1,1,4294967295,0,1
oSwitchHolder,992,80,00391F2C,0,1,1,4294967295,0,1
oCVCandle,144,448,003B97C0,0,1,1,4294967295,0,0
oCVCandle,336,448,00370DBA,0,1,1,4294967295,0,0
oCVCandle,1008,448,00227797,0,1,1,4294967295,0,0
oCVCandle,816,448,002F603A,0,1,1,4294967295,0,0
oCVCandle,816,320,002D2750,0,1,1,4294967295,0,0
oCVCandle,912,320,003683A4,0,1,1,4294967295,0,0
oCVCandle,336,320,0023B673,0,1,1,4294967295,0,0
oCVCandle,240,320,000B3DB0,0,1,1,4294967295,0,0
oCVCandle,144,272,0036E957,0,1,1,4294967295,0,0
oCVCandle,1008,272,001262DD,0,1,1,4294967295,0,0
oCVCandle,272,160,001E48EF,0,1,1,4294967295,0,0
oCVCandle,880,160,00025D69,0,1,1,4294967295,0,0
oCVCandle,672,160,00375489,0,1,1,4294967295,0,0
oCVCandle,480,160,000BE653,0,1,1,4294967295,0,0
oSwitchBarrier,64,128,000D64D1,0,1,1,4294967295,0,1
oHeartEnergy,496,320,001EB4CA,0,1,1,4294967295,0,1
oZeldaBreakPot,496,448,00248D4C,0,1,1,4294967295,0,0
oZeldaBreakPot,640,448,00391F94,0,1,1,4294967295,0,0
oWeaponLevelUpgrade,152,96,00326BAD,0,1,1,4294967295,0,1
oBreakableW_Coded,512,272,0035BBB9,0,1,1,4294967295,0,1
oBreakableW_Coded,512,304,002BE6DF,0,1,1,4294967295,0,1
oBreakableW_Coded,528,272,002F874F,0,1,1,4294967295,0,1
oBreakableW_Coded,528,304,00301F02,0,1,1,4294967295,0,1
oBreakableW_Coded,544,272,0032965B,0,1,1,4294967295,0,1
oBreakableW_Coded,544,304,003E95C5,0,1,1,4294967295,0,1
oBreakableW_Coded,544,288,00132AC9,0,1,1,4294967295,0,1
oBreakableW_Coded,544,320,000DBC2C,0,1,1,4294967295,0,1
oBreakableW_Coded,528,288,000BF0BF,0,1,1,4294967295,0,1
oBreakableW_Coded,528,320,003B6144,0,1,1,4294967295,0,1
oBreakableW_Coded,512,288,0031CA56,0,1,1,4294967295,0,1
oBreakableW_Coded,512,320,003CCDE8,0,1,1,4294967295,0,1
oSpikePlatformA,96,48,000D479C,0,1,1,4294967295,0,1
oSpikePlatformA,1056,48,0037C7F8,0,1,1,4294967295,0,1
oBallChainControl,576,32,003A187B,0,1,1,4294967295,0,1
oCV_PeepingEye,576,64,002C3042,0,1,1,4294967295,0,0
oCV_SwordKnight,864,368,00292D90,0,1,1,4294967295,0,0
oCV_AxeKnight,288,368,003079DB,0,1,1,4294967295,0,0
oCV_BoneSkeleton,480,208,00086FA5,0,1,1,4294967295,0,0
oCV_BonePillar,704,208,001D8A8C,0,1,1,4294967295,0,0
oPlayer1,48,464,000D6129,0,1,1,4294967295,0,0
oInvCollPH,16,464,000CD6C0,0,1,1,4294967295,0,0
oInvCollPH,32,464,000E4250,0,1,1,4294967295,0,0
oInvCollPH,48,464,00005FD1,0,1,1,4294967295,0,0
oInvCollPH,128,352,0002BA85,0,1,1,4294967295,0,0
oInvCollPH,144,352,002D2B3C,0,1,1,4294967295,0,0
oInvCollPH,368,400,001AD5BD,0,1,1,4294967295,0,0
oInvCollPH,384,400,0030A502,0,1,1,4294967295,0,0
oInvCollPH,400,400,000123A0,0,1,1,4294967295,0,0
oInvCollPH,80,304,000552AF,0,1,1,4294967295,0,0
oInvCollPH,96,304,00098950,0,1,1,4294967295,0,0
oInvCollPH,112,304,0007BACF,0,1,1,4294967295,0,0
oInvCollPH,112,320,000AD527,0,1,1,4294967295,0,0
oInvCollPH,96,320,001C89E2,0,1,1,4294967295,0,0
oInvCollPH,80,320,002C7D84,0,1,1,4294967295,0,0
oInvCollPH,64,320,00028C7F,0,1,1,4294967295,0,0
oInvCollPH,192,64,0014B040,0,1,1,4294967295,0,0
oInvCollPH,192,80,0030E71E,0,1,1,4294967295,0,0
oInvCollPH,192,96,0037E8CA,0,1,1,4294967295,0,0
oInvCollPH,208,48,00070FD8,0,1,1,4294967295,0,0
oInvCollPH,208,64,0029EB8D,0,1,1,4294967295,0,0
oInvCollPH,208,80,002A1DE5,0,1,1,4294967295,0,0
oInvCollPH,208,96,0012A41E,0,1,1,4294967295,0,0
oInvCollPH,208,112,0027BE99,0,1,1,4294967295,0,0
oInvCollPH,192,112,00246232,0,1,1,4294967295,0,0
oInvCollPH,144,112,0030B3D2,0,1,1,4294967295,0,0
oInvCollPH,160,112,00361D01,0,1,1,4294967295,0,0
oInvCollPH,176,112,001CA2F4,0,1,1,4294967295,0,0
oInvCollPH,48,48,00193C06,0,1,1,4294967295,0,0
oInvCollPH,48,64,00063075,0,1,1,4294967295,0,0
oInvCollPH,48,80,00152426,0,1,1,4294967295,0,0
oInvCollPH,48,96,002B4D40,0,1,1,4294967295,0,0
oInvCollPH,48,112,00277567,0,1,1,4294967295,0,0
oInvCollPH,48,128,000BFD7C,0,1,1,4294967295,0,0
oInvCollPH,48,144,0026DBA1,0,1,1,4294967295,0,0
oInvCollPH,48,160,002D005D,0,1,1,4294967295,0,0
oInvCollPH,48,176,0027D4F5,0,1,1,4294967295,0,0
oInvCollPH,48,192,002FBE49,0,1,1,4294967295,0,0
oInvCollPH,0,368,003489B0,0,1,1,4294967295,0,0
oInvCollPH,16,368,003A03C2,0,1,1,4294967295,0,0
oInvCollPH,32,368,000E3716,0,1,1,4294967295,0,0
oInvCollPH,48,368,000BCF2C,0,1,1,4294967295,0,0
oInvCollPH,48,352,0028463D,0,1,1,4294967295,0,0
oInvCollPH,48,336,0009D442,0,1,1,4294967295,0,0
oInvCollPH,48,288,001A3333,0,1,1,4294967295,0,0
oInvCollPH,48,272,0016C2DC,0,1,1,4294967295,0,0
oInvCollPH,48,256,001FE6F4,0,1,1,4294967295,0,0
oInvCollPH,48,240,000530A1,0,1,1,4294967295,0,0
oInvCollPH,48,224,00089353,0,1,1,4294967295,0,0
oInvCollPH,48,208,001B8B6F,0,1,1,4294967295,0,0
oInvCollPH,192,368,001A063E,0,1,1,4294967295,0,0
oInvCollPH,208,368,00304645,0,1,1,4294967295,0,0
oInvCollPH,224,368,0036F13B,0,1,1,4294967295,0,0
oInvCollPH,240,368,002FCC2D,0,1,1,4294967295,0,0
oInvCollPH,256,368,00345A3F,0,1,1,4294967295,0,0
oInvCollPH,272,368,001BA3C4,0,1,1,4294967295,0,0
oInvCollPH,288,368,002D4D82,0,1,1,4294967295,0,0
oInvCollPH,304,368,00316384,0,1,1,4294967295,0,0
oInvCollPH,320,368,0013ADBB,0,1,1,4294967295,0,0
oInvCollPH,336,368,000D17B7,0,1,1,4294967295,0,0
oInvCollPH,336,384,0021E460,0,1,1,4294967295,0,0
oInvCollPH,320,384,0022BECE,0,1,1,4294967295,0,0
oInvCollPH,304,384,003AC3CB,0,1,1,4294967295,0,0
oInvCollPH,288,384,000E2F13,0,1,1,4294967295,0,0
oInvCollPH,272,384,002D1890,0,1,1,4294967295,0,0
oInvCollPH,256,384,00392B35,0,1,1,4294967295,0,0
oInvCollPH,240,384,000CA1EE,0,1,1,4294967295,0,0
oInvCollPH,224,384,00051FF4,0,1,1,4294967295,0,0
oInvCollPH,208,384,00012DBD,0,1,1,4294967295,0,0
oInvCollPH,192,384,00203A57,0,1,1,4294967295,0,0
oInvCollPH,176,384,0000178A,0,1,1,4294967295,0,0
oInvCollPH,160,384,0036B987,0,1,1,4294967295,0,0
oInvCollPH,944,48,002E8D20,0,1,1,4294967295,0,0
oInvCollPH,944,64,0035694D,0,1,1,4294967295,0,0
oInvCollPH,944,80,001D7212,0,1,1,4294967295,0,0
oInvCollPH,944,96,000DF69A,0,1,1,4294967295,0,0
oInvCollPH,896,64,000A18DC,0,1,1,4294967295,0,0
oInvCollPH,896,80,003E078B,0,1,1,4294967295,0,0
oInvCollPH,896,96,002F669C,0,1,1,4294967295,0,0
oInvCollPH,896,112,001DB98B,0,1,1,4294967295,0,0
oInvCollPH,912,112,00296C97,0,1,1,4294967295,0,0
oInvCollPH,928,112,003381B2,0,1,1,4294967295,0,0
oInvCollPH,944,112,00187412,0,1,1,4294967295,0,0
oInvCollPH,1104,464,00139187,0,1,1,4294967295,0,0
oInvCollPH,1120,464,0025A932,0,1,1,4294967295,0,0
oInvCollPH,1136,464,00099821,0,1,1,4294967295,0,0
oInvCollPH,976,112,000F79CA,0,1,1,4294967295,0,0
oInvCollPH,992,112,00330088,0,1,1,4294967295,0,0
oInvCollPH,1008,112,00395D65,0,1,1,4294967295,0,0
oInvCollPH,1024,320,00276CF3,0,1,1,4294967295,0,0
oInvCollPH,1040,320,0015C0A5,0,1,1,4294967295,0,0
oInvCollPH,1056,320,00316491,0,1,1,4294967295,0,0
oInvCollPH,1072,320,000D19E9,0,1,1,4294967295,0,0
oInvCollPH,1072,304,0017A46C,0,1,1,4294967295,0,0
oInvCollPH,1056,304,000B046A,0,1,1,4294967295,0,0
oInvCollPH,1040,304,0026C33B,0,1,1,4294967295,0,0
oInvCollPH,992,352,0023C2C3,0,1,1,4294967295,0,0
oInvCollPH,1008,352,000BBBF6,0,1,1,4294967295,0,0
oInvCollPH,1008,336,00122715,0,1,1,4294967295,0,0
oInvCollPH,752,400,000E8ACD,0,1,1,4294967295,0,0
oInvCollPH,768,400,001B274C,0,1,1,4294967295,0,0
oInvCollPH,784,400,0013E1E3,0,1,1,4294967295,0,0
oInvCollPH,624,272,00082B00,0,1,1,4294967295,0,0
oInvCollPH,624,288,0029DEDA,0,1,1,4294967295,0,0
oInvCollPH,624,304,0012ED7A,0,1,1,4294967295,0,0
oInvCollPH,624,320,0005A030,0,1,1,4294967295,0,0
oInvCollPH,624,336,0022C6C7,0,1,1,4294967295,0,0
oInvCollPH,624,352,00200DF8,0,1,1,4294967295,0,0
oInvCollPH,624,368,000F0D37,0,1,1,4294967295,0,0
oInvCollPH,624,384,00186211,0,1,1,4294967295,0,0
oInvCollPH,624,400,0016A56A,0,1,1,4294967295,0,0
oInvCollPH,624,416,000FC168,0,1,1,4294967295,0,0
oInvCollPH,624,432,0003D8C5,0,1,1,4294967295,0,0
oInvCollPH,624,448,000C68E7,0,1,1,4294967295,0,0
oInvCollPH,512,448,003C2FD4,0,1,1,4294967295,0,0
oInvCollPH,512,432,000BF9F9,0,1,1,4294967295,0,0
oInvCollPH,512,416,0005FD50,0,1,1,4294967295,0,0
oInvCollPH,512,400,0006B880,0,1,1,4294967295,0,0
oInvCollPH,512,384,0030D8C0,0,1,1,4294967295,0,0
oInvCollPH,512,368,00162877,0,1,1,4294967295,0,0
oInvCollPH,512,352,0028F880,0,1,1,4294967295,0,0
oInvCollPH,560,304,0015945B,0,1,1,4294967295,0,0
oInvCollPH,528,336,000D99FB,0,1,1,4294967295,0,0
oInvCollPH,544,336,0033F4F0,0,1,1,4294967295,0,0
oInvCollPH,560,320,0027215E,0,1,1,4294967295,0,0
oInvCollPH,496,464,00268B8F,0,1,1,4294967295,0,0
oInvCollPH,640,464,00110793,0,1,1,4294967295,0,0
oInvCollPH,656,464,000F1273,0,1,1,4294967295,0,0
oInvCollPH,800,384,003FDB28,0,1,1,4294967295,0,0
oInvCollPH,816,384,00049DB6,0,1,1,4294967295,0,0
oInvCollPH,832,384,00319878,0,1,1,4294967295,0,0
oInvCollPH,848,384,00205BA7,0,1,1,4294967295,0,0
oInvCollPH,864,384,00034877,0,1,1,4294967295,0,0
oInvCollPH,880,384,000633F7,0,1,1,4294967295,0,0
oInvCollPH,896,384,001BB756,0,1,1,4294967295,0,0
oInvCollPH,912,384,00308652,0,1,1,4294967295,0,0
oInvCollPH,928,384,001C24DF,0,1,1,4294967295,0,0
oInvCollPH,944,384,001F5ED7,0,1,1,4294967295,0,0
oInvCollPH,960,384,002F4048,0,1,1,4294967295,0,0
oInvCollPH,976,384,0012E29D,0,1,1,4294967295,0,0
oInvCollPH,976,368,002B0BF7,0,1,1,4294967295,0,0
oInvCollPH,944,368,00227554,0,1,1,4294967295,0,0
oInvCollPH,928,368,001BA6FD,0,1,1,4294967295,0,0
oInvCollPH,912,368,0006462A,0,1,1,4294967295,0,0
oInvCollPH,896,368,00267CF1,0,1,1,4294967295,0,0
oInvCollPH,880,368,0004C878,0,1,1,4294967295,0,0
oInvCollPH,864,368,0013507B,0,1,1,4294967295,0,0
oInvCollPH,848,368,003A927E,0,1,1,4294967295,0,0
oInvCollPH,832,368,0034FB5D,0,1,1,4294967295,0,0
oInvCollPH,816,368,000E4F8E,0,1,1,4294967295,0,0
oInvCollPH,1088,64,00141983,0,1,1,4294967295,0,0
oInvCollPH,1088,80,000A76EB,0,1,1,4294967295,0,0
oInvCollPH,1088,96,000D782B,0,1,1,4294967295,0,0
oInvCollPH,1088,112,002A6BAD,0,1,1,4294967295,0,0
oInvCollPH,1088,128,001B3367,0,1,1,4294967295,0,0
oInvCollPH,1088,144,000BECF2,0,1,1,4294967295,0,0
oInvCollPH,1088,160,003BA662,0,1,1,4294967295,0,0
oInvCollPH,1088,176,0022C05C,0,1,1,4294967295,0,0
oInvCollPH,1088,192,00261819,0,1,1,4294967295,0,0
oInvCollPH,1088,208,002D8A3F,0,1,1,4294967295,0,0
oInvCollPH,1088,224,001A63F3,0,1,1,4294967295,0,0
oInvCollPH,1088,240,0033CE96,0,1,1,4294967295,0,0
oInvCollPH,1088,256,00400698,0,1,1,4294967295,0,0
oInvCollPH,1088,272,000D1463,0,1,1,4294967295,0,0
oInvCollPH,1088,288,002F2D01,0,1,1,4294967295,0,0
oInvCollPH,1088,336,00093B56,0,1,1,4294967295,0,0
oInvCollPH,1088,352,002C1BD5,0,1,1,4294967295,0,0
oInvCollPH,1088,368,0029D534,0,1,1,4294967295,0,0
oInvCollPH,1104,368,00393159,0,1,1,4294967295,0,0
oInvCollPH,1120,368,000CF878,0,1,1,4294967295,0,0
oInvCollPH,1136,368,0032774E,0,1,1,4294967295,0,0
oInvCollPH,64,32,00102431,0,1,1,4294967295,0,0
oInvCollPH,80,32,00300E07,0,1,1,4294967295,0,0
oInvCollPH,96,32,001A38F7,0,1,1,4294967295,0,0
oInvCollPH,112,32,00253DEC,0,1,1,4294967295,0,0
oInvCollPH,128,32,003BFFED,0,1,1,4294967295,0,0
oInvCollPH,144,32,000BAB7C,0,1,1,4294967295,0,0
oInvCollPH,160,32,0001DB94,0,1,1,4294967295,0,0
oInvCollPH,176,32,0028C4D5,0,1,1,4294967295,0,0
oInvCollPH,224,32,001BA0F0,0,1,1,4294967295,0,0
oInvCollPH,240,32,000880AE,0,1,1,4294967295,0,0
oInvCollPH,256,32,003B02CF,0,1,1,4294967295,0,0
oInvCollPH,272,32,00357A14,0,1,1,4294967295,0,0
oInvCollPH,288,32,0004E4AA,0,1,1,4294967295,0,0
oInvCollPH,304,32,0013328F,0,1,1,4294967295,0,0
oInvCollPH,320,32,003A0A2A,0,1,1,4294967295,0,0
oInvCollPH,336,32,00033F51,0,1,1,4294967295,0,0
oInvCollPH,352,32,0000B3EF,0,1,1,4294967295,0,0
oInvCollPH,368,32,00086293,0,1,1,4294967295,0,0
oInvCollPH,384,32,00260A02,0,1,1,4294967295,0,0
oInvCollPH,400,32,0036A863,0,1,1,4294967295,0,0
oInvCollPH,416,32,00146D86,0,1,1,4294967295,0,0
oInvCollPH,432,32,00370121,0,1,1,4294967295,0,0
oInvCollPH,448,32,001B9E41,0,1,1,4294967295,0,0
oInvCollPH,464,32,00188D61,0,1,1,4294967295,0,0
oInvCollPH,480,32,0006F382,0,1,1,4294967295,0,0
oInvCollPH,496,32,0024CAC3,0,1,1,4294967295,0,0
oInvCollPH,512,32,0017274B,0,1,1,4294967295,0,0
oInvCollPH,528,32,00189D05,0,1,1,4294967295,0,0
oInvCollPH,544,32,003ADAAD,0,1,1,4294967295,0,0
oInvCollPH,560,32,003BD3FA,0,1,1,4294967295,0,0
oInvCollPH,576,32,001301D5,0,1,1,4294967295,0,0
oInvCollPH,592,32,001E26C0,0,1,1,4294967295,0,0
oInvCollPH,608,32,00361DD8,0,1,1,4294967295,0,0
oInvCollPH,624,32,0013526A,0,1,1,4294967295,0,0
oInvCollPH,640,32,00090793,0,1,1,4294967295,0,0
oInvCollPH,656,32,000C2905,0,1,1,4294967295,0,0
oInvCollPH,672,32,00213016,0,1,1,4294967295,0,0
oInvCollPH,688,32,00005ECF,0,1,1,4294967295,0,0
oInvCollPH,704,32,0009B80A,0,1,1,4294967295,0,0
oInvCollPH,720,32,001EB814,0,1,1,4294967295,0,0
oInvCollPH,736,32,002B4239,0,1,1,4294967295,0,0
oInvCollPH,752,32,0037D2A9,0,1,1,4294967295,0,0
oInvCollPH,768,32,002BC17C,0,1,1,4294967295,0,0
oInvCollPH,784,32,0035FF08,0,1,1,4294967295,0,0
oInvCollPH,800,32,003FC029,0,1,1,4294967295,0,0
oInvCollPH,816,32,0006ADD1,0,1,1,4294967295,0,0
oInvCollPH,832,32,00248BFE,0,1,1,4294967295,0,0
oInvCollPH,848,32,001BCC69,0,1,1,4294967295,0,0
oInvCollPH,864,32,002E235A,0,1,1,4294967295,0,0
oInvCollPH,880,32,00015759,0,1,1,4294967295,0,0
oInvCollPH,960,32,000B7400,0,1,1,4294967295,0,0
oInvCollPH,976,32,002E37A2,0,1,1,4294967295,0,0
oInvCollPH,992,32,000AF291,0,1,1,4294967295,0,0
oInvCollPH,1008,32,0012C454,0,1,1,4294967295,0,0
oInvCollPH,1024,32,0007CDD7,0,1,1,4294967295,0,0
oInvCollPH,1040,32,0006A7EC,0,1,1,4294967295,0,0
oInvCollPH,1056,32,00054C9A,0,1,1,4294967295,0,0
oInvCollPH,1072,32,00025F30,0,1,1,4294967295,0,0
oInvCollPH,96,496,003D54AE,0,1,1,4294967295,0,0
oInvCollPH,112,496,002F8C5B,0,1,1,4294967295,0,0
oInvCollPH,128,496,00129921,0,1,1,4294967295,0,0
oInvCollPH,144,496,00213FD8,0,1,1,4294967295,0,0
oInvCollPH,160,496,000A73B8,0,1,1,4294967295,0,0
oInvCollPH,176,496,002D13DE,0,1,1,4294967295,0,0
oInvCollPH,192,496,0007D13A,0,1,1,4294967295,0,0
oInvCollPH,208,496,003CB712,0,1,1,4294967295,0,0
oInvCollPH,224,496,00163FC2,0,1,1,4294967295,0,0
oInvCollPH,240,496,001C7F66,0,1,1,4294967295,0,0
oInvCollPH,256,496,0039C116,0,1,1,4294967295,0,0
oInvCollPH,272,496,0038C5BD,0,1,1,4294967295,0,0
oInvCollPH,288,496,003B1B60,0,1,1,4294967295,0,0
oInvCollPH,304,496,003061FF,0,1,1,4294967295,0,0
oInvCollPH,320,496,0037BC3B,0,1,1,4294967295,0,0
oInvCollPH,336,496,0038E557,0,1,1,4294967295,0,0
oInvCollPH,352,496,003E8AF0,0,1,1,4294967295,0,0
oInvCollPH,368,496,001F2185,0,1,1,4294967295,0,0
oInvCollPH,384,496,0004A9A4,0,1,1,4294967295,0,0
oInvCollPH,400,496,0031F833,0,1,1,4294967295,0,0
oInvCollPH,416,496,00199C5A,0,1,1,4294967295,0,0
oInvCollPH,432,496,00288D66,0,1,1,4294967295,0,0
oInvCollPH,704,496,0039691F,0,1,1,4294967295,0,0
oInvCollPH,720,496,0011B074,0,1,1,4294967295,0,0
oInvCollPH,736,496,00294400,0,1,1,4294967295,0,0
oInvCollPH,752,496,000E7203,0,1,1,4294967295,0,0
oInvCollPH,768,496,0036205E,0,1,1,4294967295,0,0
oInvCollPH,784,496,002C741B,0,1,1,4294967295,0,0
oInvCollPH,800,496,000CF1C8,0,1,1,4294967295,0,0
oInvCollPH,816,496,00234BAA,0,1,1,4294967295,0,0
oInvCollPH,832,496,003E42E8,0,1,1,4294967295,0,0
oInvCollPH,848,496,000A40B8,0,1,1,4294967295,0,0
oInvCollPH,864,496,0011A5EA,0,1,1,4294967295,0,0
oInvCollPH,880,496,0017CED5,0,1,1,4294967295,0,0
oInvCollPH,896,496,0012CE14,0,1,1,4294967295,0,0
oInvCollPH,912,496,002492EF,0,1,1,4294967295,0,0
oInvCollPH,928,496,003237E7,0,1,1,4294967295,0,0
oInvCollPH,944,496,00307977,0,1,1,4294967295,0,0
oInvCollPH,960,496,000EDB47,0,1,1,4294967295,0,0
oInvCollPH,976,496,000D1EB6,0,1,1,4294967295,0,0
oInvCollPH,992,496,0038B265,0,1,1,4294967295,0,0
oInvCollPH,1008,496,003D441E,0,1,1,4294967295,0,0
oInvCollPH,1024,496,00031855,0,1,1,4294967295,0,0
oInvCollPH,1040,496,000889A1,0,1,1,4294967295,0,0
oInvCollPH,272,208,001A6299,0,1,1,4294967295,0,0
oInvCollPH,288,208,0016CC8E,0,1,1,4294967295,0,0
oInvCollPH,304,208,0021E9DC,0,1,1,4294967295,0,0
oInvCollPH,320,208,0010D71B,0,1,1,4294967295,0,0
oInvCollPH,336,208,0025AE65,0,1,1,4294967295,0,0
oInvCollPH,352,208,000F0265,0,1,1,4294967295,0,0
oInvCollPH,368,208,002B69D5,0,1,1,4294967295,0,0
oInvCollPH,384,208,0022552C,0,1,1,4294967295,0,0
oInvCollPH,400,208,001C06C6,0,1,1,4294967295,0,0
oInvCollPH,880,208,0002DC60,0,1,1,4294967295,0,0
oInvCollPH,864,208,0007CEC3,0,1,1,4294967295,0,0
oInvCollPH,848,208,00282DCE,0,1,1,4294967295,0,0
oInvCollPH,832,208,002E4449,0,1,1,4294967295,0,0
oInvCollPH,816,208,000F7150,0,1,1,4294967295,0,0
oInvCollPH,800,208,00094020,0,1,1,4294967295,0,0
oInvCollPH,784,208,003057DB,0,1,1,4294967295,0,0
oInvCollPH,768,208,001A3D89,0,1,1,4294967295,0,0
oInvCollPH,752,208,00367104,0,1,1,4294967295,0,0
oInvCollPH,736,208,001F4D42,0,1,1,4294967295,0,0
oInvCollPH,640,208,001D066D,0,1,1,4294967295,0,0
oInvCollPH,496,208,000098A1,0,1,1,4294967295,0,0
oInvCollPH,512,208,00123EA9,0,1,1,4294967295,0,0
oInvCollPH,528,208,00196276,0,1,1,4294967295,0,0
oInvCollPH,544,208,0012A290,0,1,1,4294967295,0,0
oInvCollPH,560,208,000A47A8,0,1,1,4294967295,0,0
oInvCollPH,576,208,00224DC5,0,1,1,4294967295,0,0
oInvCollPH,592,208,00392434,0,1,1,4294967295,0,0
oInvCollPH,608,208,000C3CB0,0,1,1,4294967295,0,0
oInvCollPH,624,208,00021AE5,0,1,1,4294967295,0,0
oInvCollPH,416,208,002E674A,0,1,1,4294967295,0,0
oInvCollPH,432,208,003401C7,0,1,1,4294967295,0,0
oInvCollPH,448,208,003ED97B,0,1,1,4294967295,0,0
oInvCollPH,464,208,00175B9F,0,1,1,4294967295,0,0
oInvCollPH,480,208,00295F49,0,1,1,4294967295,0,0
oInvCollPH,720,208,0010B0D8,0,1,1,4294967295,0,0
oInvCollPH,704,208,003C22D5,0,1,1,4294967295,0,0
oInvCollPH,688,208,0009C6EA,0,1,1,4294967295,0,0
oInvCollPH,672,208,003DF92E,0,1,1,4294967295,0,0
oInvCollPH,656,208,0028E418,0,1,1,4294967295,0,0
oInvCollPH,192,256,0008C336,0,1,1,4294967295,0,0
oInvCollPH,208,256,003F9514,0,1,1,4294967295,0,0
oInvCollPH,224,256,00217D2F,0,1,1,4294967295,0,0
oInvCollPH,240,256,0013DC6E,0,1,1,4294967295,0,0
oInvCollPH,256,256,00060FBD,0,1,1,4294967295,0,0
oInvCollPH,272,256,0020731B,0,1,1,4294967295,0,0
oInvCollPH,288,256,0020EF8D,0,1,1,4294967295,0,0
oInvCollPH,304,256,0010336F,0,1,1,4294967295,0,0
oInvCollPH,320,256,001625F9,0,1,1,4294967295,0,0
oInvCollPH,336,256,001D2532,0,1,1,4294967295,0,0
oInvCollPH,352,256,0036E668,0,1,1,4294967295,0,0
oInvCollPH,368,256,0021258F,0,1,1,4294967295,0,0
oInvCollPH,384,256,000FD029,0,1,1,4294967295,0,0
oInvCollPH,400,256,003AD61B,0,1,1,4294967295,0,0
oInvCollPH,416,256,00083109,0,1,1,4294967295,0,0
oInvCollPH,432,256,002A07BD,0,1,1,4294967295,0,0
oInvCollPH,448,256,0023A902,0,1,1,4294967295,0,0
oInvCollPH,464,256,00169A13,0,1,1,4294967295,0,0
oInvCollPH,480,256,0032C868,0,1,1,4294967295,0,0
oInvCollPH,496,256,001DE37A,0,1,1,4294967295,0,0
oInvCollPH,640,256,002451C0,0,1,1,4294967295,0,0
oInvCollPH,656,256,001FDC7B,0,1,1,4294967295,0,0
oInvCollPH,672,256,0024B152,0,1,1,4294967295,0,0
oInvCollPH,688,256,002A1D6D,0,1,1,4294967295,0,0
oInvCollPH,704,256,00378A9F,0,1,1,4294967295,0,0
oInvCollPH,720,256,00144E0E,0,1,1,4294967295,0,0
oInvCollPH,736,256,000E431C,0,1,1,4294967295,0,0
oInvCollPH,752,256,00124547,0,1,1,4294967295,0,0
oInvCollPH,768,256,00402E91,0,1,1,4294967295,0,0
oInvCollPH,784,256,002257CE,0,1,1,4294967295,0,0
oInvCollPH,800,256,000319DF,0,1,1,4294967295,0,0
oInvCollPH,816,256,00069BFD,0,1,1,4294967295,0,0
oInvCollPH,832,256,002676D5,0,1,1,4294967295,0,0
oInvCollPH,848,256,001BF538,0,1,1,4294967295,0,0
oInvCollPH,864,256,003917BE,0,1,1,4294967295,0,0
oInvCollPH,880,256,00090DED,0,1,1,4294967295,0,0
oInvCollPH,896,256,0030A0D4,0,1,1,4294967295,0,0
oInvCollPH,912,256,003CE047,0,1,1,4294967295,0,0
oInvCollPH,928,256,001DEA65,0,1,1,4294967295,0,0
oInvCollPH,944,256,000A0A01,0,1,1,4294967295,0,0
oInvCollPH,960,256,002D932F,0,1,1,4294967295,0,0
oInvCollPH,560,288,000F346E,0,1,1,4294967295,0,0
oInvCollPH,512,256,00125468,0,1,1,4294967295,0,0
oInvCollPH,528,256,00339C75,0,1,1,4294967295,0,0
oInvCollPH,544,256,00076428,0,1,1,4294967295,0,0
oInvisibleSolid,0,464,0012B5AC,0,1,1,4294967295,0,1
oInvisibleLupSlope,64,464,001FE7EF,0,1,1,4294967295,0,0
oInvisibleLupSlope,80,480,00286E97,0,1,1,4294967295,0,0
oInvisibleSolid,64,480,001EF2CB,0,1,1,4294967295,0,0
oInvisibleLupSlope,352,368,000EF018,0,1,1,4294967295,0,0
oInvisibleLupSlope,368,384,00192587,0,1,1,4294967295,0,0
oInvisibleLupSlope,128,304,0010D9DE,0,1,1,4294967295,0,0
oInvisibleLupSlope,144,320,00221DD4,0,1,1,4294967295,0,0
oInvisibleLupSlope,160,336,0015E769,0,1,1,4294967295,0,0
oInvisibleLupSlope,176,352,001DDAC3,0,1,1,4294967295,0,0
oInvisibleRupSlope,208,240,0023CEFC,0,1,1,4294967295,0,0
oInvisibleRupSlope,224,224,0001A478,0,1,1,4294967295,0,0
oInvisibleRupSlope,240,208,000D1ED9,0,1,1,4294967295,0,0
oInvisibleRupSlope,448,480,001AF86A,0,1,1,4294967295,0,0
oInvisibleRupSlope,464,464,00047503,0,1,1,4294967295,0,0
oInvisibleSolid,128,112,000E9062,0,1,1,4294967295,0,1
oInvisibleSolid,192,48,00024904,0,1,1,4294967295,0,1
oInvisibleSolid,64,304,0036840E,0,1,1,4294967295,0,1
oInvisibleSolid,128,320,00112826,0,1,1,4294967295,0,0
oInvisibleSolid,128,336,003F0515,0,1,1,4294967295,0,1
oInvisibleSolid,160,352,0005D341,0,1,1,4294967295,0,0
oInvisibleSolid,160,368,00359364,0,1,1,4294967295,0,1
oInvisibleSolid,352,384,000955F4,0,1,1,4294967295,0,0
oInvisibleSolid,352,400,0008C041,0,1,1,4294967295,0,1
oInvisibleSolid,464,480,002E8A5A,0,1,1,4294967295,0,1
oInvisibleSolid,256,208,001C9827,0,1,1,4294967295,0,1
oInvisibleSolid,0,48,0011E377,0,1,1,4294967295,0,1
oInvisibleSolid,0,0,001D3F44,0,1,1,4294967295,0,1
oInvisibleSolid,64,496,003CF8B4,0,1,1,4294967295,0,1
oInvisibleSolid,960,112,002210F5,0,1,1,4294967295,0,1
oInvisibleSolid,896,48,0024EF52,0,1,1,4294967295,0,1
oInvisibleLupSlope,896,208,002526B1,0,1,1,4294967295,0,0
oInvisibleLupSlope,912,224,000D90A2,0,1,1,4294967295,0,0
oInvisibleLupSlope,928,240,001231F0,0,1,1,4294967295,0,0
oInvisibleLupSlope,672,464,00239898,0,1,1,4294967295,0,0
oInvisibleLupSlope,688,480,0026509F,0,1,1,4294967295,0,0
oInvisibleRupSlope,784,368,000BA7A5,0,1,1,4294967295,0,0
oInvisibleRupSlope,768,384,00385013,0,1,1,4294967295,0,0
oInvisibleRupSlope,1008,304,003C740F,0,1,1,4294967295,0,0
oInvisibleRupSlope,992,320,000D578B,0,1,1,4294967295,0,0
oInvisibleRupSlope,976,336,001E8ED0,0,1,1,4294967295,0,0
oInvisibleRupSlope,960,352,0031078D,0,1,1,4294967295,0,0
oInvisibleRupSlope,1072,464,00280521,0,1,1,4294967295,0,0
oInvisibleRupSlope,1056,480,002CC32D,0,1,1,4294967295,0,0
oInvisibleSolid,1088,48,001F30F8,0,1,1,4294967295,0,1
oInvisibleSolid,1024,304,00211D78,0,1,1,4294967295,0,1
oInvisibleSolid,1008,320,000DE56A,0,1,1,4294967295,0,0
oInvisibleSolid,992,336,002F5F0E,0,1,1,4294967295,0,1
oInvisibleSolid,976,352,00136208,0,1,1,4294967295,0,0
oInvisibleSolid,784,384,000A967A,0,1,1,4294967295,0,0
oInvisibleSolid,800,368,00075EAD,0,1,1,4294967295,0,1
oInvisibleSolid,736,400,001CDC16,0,1,1,4294967295,0,1
oInvisibleSolid,480,464,001779E7,0,1,1,4294967295,0,1
oInvisibleSolid,512,336,0001C3C9,0,1,1,4294967295,0,1
oInvisibleSolid,1072,480,00121F74,0,1,1,4294967295,0,0
oInvisibleSolid,1088,464,000DA84D,0,1,1,4294967295,0,1
oInvisibleSolid,240,224,000753E9,0,1,1,4294967295,0,1
oInvisibleSolid,224,240,003A51CB,0,1,1,4294967295,0,1
oInvisibleSolid,176,256,0030BA8E,0,1,1,4294967295,0,1
oInvisibleSolid,560,272,003E129F,0,1,1,4294967295,0,1
