oExit,0,240,00313703,0,1,1,4294967295,0,1
oExit,4432,240,0024CD5B,0,1,1,4294967295,0,1
oPlatformTouch,192,256,0023BDE6,0,1,1,4294967295,0,1
oColorZone,864,160,000FC43F,0,1,1,4294967295,0,1
oColorZone,1344,128,003BFCB7,0,1,1,4294967295,0,1
oColorZone,2000,224,002FFF32,0,1,1,4294967295,0,1
oColorZone,2640,224,0030CFDE,0,1,1,4294967295,0,1
oColorZone,2928,144,000BABB0,0,1,1,4294967295,0,1
oColorZone,2928,80,001FF0B5,0,1,1,4294967295,0,1
oColorZone,2928,208,00198AB0,0,1,1,4294967295,0,1
oColorZone,3152,144,0011E8ED,0,1,1,4294967295,0,1
oColorZone,3728,128,00287DBC,0,1,1,4294967295,0,1
oColorZone,4336,208,00274BF0,0,1,1,4294967295,0,1
oStaticSpikeRed,416,192,00195905,0,1,1,4294967295,0,0
oStaticSpikeRed,416,224,002CACA0,0,1,1,4294967295,0,0
oStaticSpikeRed,576,64,001A2C93,0,1,1,4294967295,0,0
oStaticSpikeRed,576,96,002AC18E,0,1,1,4294967295,0,0
oStaticSpikeRed,576,32,003D4087,0,1,1,4294967295,0,0
oStaticSpikeRed,704,128,000C978A,0,1,1,4294967295,0,0
oStaticSpikeRed,704,160,003095D4,0,1,1,4294967295,0,0
oStaticSpikeRed,816,192,00097FC0,0,1,1,4294967295,0,0
oStaticSpikeRed,816,224,002A2592,0,1,1,4294967295,0,0
oStaticSpikeRed,816,32,0007D799,0,1,1,4294967295,0,0
oStaticSpikeRed,816,64,0011259A,0,1,1,4294967295,0,0
oStaticSpikeRed,816,96,000CE9FA,0,1,1,4294967295,0,0
oStaticSpikeRed,976,192,0039B029,0,1,1,4294967295,0,0
oStaticSpikeRed,976,224,00286813,0,1,1,4294967295,0,0
oStaticSpikeRed,976,128,0017FF57,0,1,1,4294967295,0,0
oStaticSpikeRed,976,160,0001B26F,0,1,1,4294967295,0,0
oStaticSpikeRed,1152,32,002758F8,0,1,1,4294967295,0,0
oStaticSpikeRed,1152,64,0030B9C4,0,1,1,4294967295,0,0
oStaticSpikeRed,1152,96,0039EDC9,0,1,1,4294967295,0,0
oStaticSpikeRed,1152,128,0024CD55,0,1,1,4294967295,0,0
oStaticSpikeRed,1152,160,0019278D,0,1,1,4294967295,0,0
oStaticSpikeRed,1376,192,001E378C,0,1,1,4294967295,0,0
oStaticSpikeRed,1376,224,001A3A59,0,1,1,4294967295,0,0
oStaticSpikeRed,1376,48,000AF313,0,1,1,4294967295,0,0
oStaticSpikeRed,1376,80,0016C0A7,0,1,1,4294967295,0,0
oStaticSpikeRed,1280,128,001B7A01,0,1,1,4294967295,0,0
oStaticSpikeRed,1280,160,0013230B,0,1,1,4294967295,0,0
oStaticSpikeRed,1280,240,00182DAB,0,1,1,4294967295,0,0
oStaticSpikeRed,1248,128,0025751E,0,1,1,4294967295,0,0
oStaticSpikeRed,1216,128,003CA38D,0,1,1,4294967295,0,0
oStaticSpikeRed,1184,128,00378C74,0,1,1,4294967295,0,0
oStaticSpikeRed,1376,112,00138103,0,1,1,4294967295,0,0
oStaticSpikeRed,1552,128,002F30C3,0,1,1,4294967295,0,0
oStaticSpikeRed,1552,160,003AEB9F,0,1,1,4294967295,0,0
oStaticSpikeRed,1552,192,00209630,0,1,1,4294967295,0,0
oStaticSpikeRed,1552,224,003133A5,0,1,1,4294967295,0,0
oStaticSpikeRed,1808,128,001B8660,0,1,1,4294967295,0,0
oStaticSpikeRed,1680,128,00019958,0,1,1,4294967295,0,0
oStaticSpikeRed,1584,128,003524F8,0,1,1,4294967295,0,0
oStaticSpikeRed,1616,128,000CF487,0,1,1,4294967295,0,0
oStaticSpikeRed,1648,128,0021256B,0,1,1,4294967295,0,0
oStaticSpikeRed,1712,128,0026E1F3,0,1,1,4294967295,0,0
oStaticSpikeRed,1744,128,001F074D,0,1,1,4294967295,0,0
oStaticSpikeRed,1776,128,001E3E18,0,1,1,4294967295,0,0
oStaticSpikeRed,1840,128,003709BF,0,1,1,4294967295,0,0
oStaticSpikeRed,1872,128,00227705,0,1,1,4294967295,0,0
oStaticSpikeRed,1872,160,0021D484,0,1,1,4294967295,0,0
oStaticSpikeRed,1872,192,0036A451,0,1,1,4294967295,0,0
oStaticSpikeRed,1616,96,002C5FA4,0,1,1,4294967295,0,0
oStaticSpikeRed,1712,80,0001C129,0,1,1,4294967295,0,0
oStaticSpikeRed,1712,48,00325C67,0,1,1,4294967295,0,0
oStaticSpikeRed,1808,96,0008AA16,0,1,1,4294967295,0,0
oStaticSpikeRed,1712,16,000424FC,0,1,1,4294967295,0,0
oStaticSpikeRed,1872,224,001BB20B,0,1,1,4294967295,0,0
oStaticSpikeRed,2032,176,00178EE4,0,1,1,4294967295,0,0
oStaticSpikeRed,2064,176,00189CD2,0,1,1,4294967295,0,0
oStaticSpikeRed,2096,176,00206477,0,1,1,4294967295,0,0
oStaticSpikeRed,2128,176,0012E047,0,1,1,4294967295,0,0
oStaticSpikeRed,2128,208,00174FD1,0,1,1,4294967295,0,0
oStaticSpikeRed,2160,176,00232AE1,0,1,1,4294967295,0,0
oStaticSpikeRed,2192,176,0006B0B9,0,1,1,4294967295,0,0
oStaticSpikeRed,2224,144,00203F35,0,1,1,4294967295,0,0
oStaticSpikeRed,2256,144,00400E78,0,1,1,4294967295,0,0
oStaticSpikeRed,2288,144,001E713B,0,1,1,4294967295,0,0
oStaticSpikeRed,2032,144,001DC048,0,1,1,4294967295,0,0
oStaticSpikeRed,2032,112,00287038,0,1,1,4294967295,0,0
oStaticSpikeRed,2032,80,00343E0A,0,1,1,4294967295,0,0
oStaticSpikeRed,2032,48,00003A0C,0,1,1,4294967295,0,0
oStaticSpikeRed,2032,16,000812A9,0,1,1,4294967295,0,0
oStaticSpikeRed,2160,208,0036B2D2,0,1,1,4294967295,0,0
oStaticSpikeRed,2256,240,002B7759,0,1,1,4294967295,0,0
oStaticSpikeRed,2320,176,000A60E5,0,1,1,4294967295,0,0
oStaticSpikeRed,2352,176,001DE0DA,0,1,1,4294967295,0,0
oStaticSpikeRed,2352,208,0001D266,0,1,1,4294967295,0,0
oStaticSpikeRed,2384,176,0028EB17,0,1,1,4294967295,0,0
oStaticSpikeRed,2384,208,002ABF38,0,1,1,4294967295,0,0
oStaticSpikeRed,2416,176,000AAD0D,0,1,1,4294967295,0,0
oStaticSpikeRed,2448,176,00351C14,0,1,1,4294967295,0,0
oStaticSpikeRed,2528,208,003D4E5A,0,1,1,4294967295,0,0
oStaticSpikeRed,2528,240,000F71F1,0,1,1,4294967295,0,0
oStaticSpikeRed,2656,144,002FB8F2,0,1,1,4294967295,0,0
oStaticSpikeRed,2656,176,003E8323,0,1,1,4294967295,0,0
oStaticSpikeRed,2656,208,003572D0,0,1,1,4294967295,0,0
oStaticSpikeRed,2896,240,001EACD9,0,1,1,4294967295,0,0
oStaticSpikeRed,2896,208,003021FF,0,1,1,4294967295,0,0
oStaticSpikeRed,2896,176,00012C9C,0,1,1,4294967295,0,0
oStaticSpikeRed,2896,144,002A2A3B,0,1,1,4294967295,0,0
oStaticSpikeRed,2656,112,000D76B3,0,1,1,4294967295,0,0
oStaticSpikeRed,2624,112,0027C722,0,1,1,4294967295,0,0
oStaticSpikeRed,2592,112,000D64B2,0,1,1,4294967295,0,0
oStaticSpikeRed,3072,192,003282B3,0,1,1,4294967295,0,0
oStaticSpikeRed,3104,192,0029F898,0,1,1,4294967295,0,0
oStaticSpikeRed,3136,192,0012F9EE,0,1,1,4294967295,0,0
oStaticSpikeRed,3168,192,0014AC32,0,1,1,4294967295,0,0
oStaticSpikeRed,3200,192,000C4816,0,1,1,4294967295,0,0
oStaticSpikeRed,3232,192,0032A1E8,0,1,1,4294967295,0,0
oStaticSpikeRed,3264,192,0004E63C,0,1,1,4294967295,0,0
oStaticSpikeRed,3296,192,0025F029,0,1,1,4294967295,0,0
oStaticSpikeRed,3328,192,001F583D,0,1,1,4294967295,0,0
oStaticSpikeRed,3360,192,002E181C,0,1,1,4294967295,0,0
oStaticSpikeRed,3392,192,00167A28,0,1,1,4294967295,0,0
oStaticSpikeRed,3072,128,0003B379,0,1,1,4294967295,0,0
oStaticSpikeRed,3104,128,000A881E,0,1,1,4294967295,0,0
oStaticSpikeRed,3136,128,003F951D,0,1,1,4294967295,0,0
oStaticSpikeRed,3168,128,0008C89C,0,1,1,4294967295,0,0
oStaticSpikeRed,3200,128,003F41B4,0,1,1,4294967295,0,0
oStaticSpikeRed,3232,128,0002FEA3,0,1,1,4294967295,0,0
oStaticSpikeRed,3264,128,0007544B,0,1,1,4294967295,0,0
oStaticSpikeRed,3296,128,0027A112,0,1,1,4294967295,0,0
oStaticSpikeRed,3328,128,000A4757,0,1,1,4294967295,0,0
oStaticSpikeRed,3360,128,001380C1,0,1,1,4294967295,0,0
oStaticSpikeRed,3392,128,0030FDD5,0,1,1,4294967295,0,0
oStaticSpikeRed,3424,128,00038EF7,0,1,1,4294967295,0,0
oStaticSpikeRed,3424,192,000F14FA,0,1,1,4294967295,0,0
oStaticSpikeRed,3456,128,0021EA94,0,1,1,4294967295,0,0
oStaticSpikeRed,3456,192,001844CF,0,1,1,4294967295,0,0
oStaticSpikeRed,3488,128,00340AC3,0,1,1,4294967295,0,0
oStaticSpikeRed,3488,192,001B2C03,0,1,1,4294967295,0,0
oStaticSpikeRed,3616,128,002D378D,0,1,1,4294967295,0,0
oStaticSpikeRed,3616,160,000C3C48,0,1,1,4294967295,0,0
oStaticSpikeRed,3616,192,0014FFD4,0,1,1,4294967295,0,0
oStaticSpikeRed,3744,0,000C7E3E,0,1,1,4294967295,0,0
oStaticSpikeRed,3744,32,000645FE,0,1,1,4294967295,0,0
oStaticSpikeRed,3744,64,00377E30,0,1,1,4294967295,0,0
oStaticSpikeRed,3744,96,001438C6,0,1,1,4294967295,0,0
oStaticSpikeRed,3744,192,003422F3,0,1,1,4294967295,0,0
oStaticSpikeRed,3744,224,00181973,0,1,1,4294967295,0,0
oStaticSpikeRed,3920,96,00107A1D,0,1,1,4294967295,0,0
oStaticSpikeRed,3984,160,00204B29,0,1,1,4294967295,0,0
oStaticSpikeRed,3872,224,00346A8C,0,1,1,4294967295,0,0
oStaticSpikeRed,4080,208,001F1F13,0,1,1,4294967295,0,0
oStaticSpikeRed,4064,128,0002CEA3,0,1,1,4294967295,0,0
oStaticSpikeRed,4160,80,002AA386,0,1,1,4294967295,0,0
oStaticSpikeRed,4144,160,00359DEE,0,1,1,4294967295,0,0
oStaticSpikeRed,4224,224,0007282F,0,1,1,4294967295,0,0
oPlayer1,48,272,000ACAC3,0,1,1,4294967295,0,0
oInvCollPH,16,272,0034DF44,0,1,1,4294967295,0,0
oInvCollPH,32,272,00138AC3,0,1,1,4294967295,0,0
oInvCollPH,48,272,003009CA,0,1,1,4294967295,0,0
oInvCollPH,64,272,00177A43,0,1,1,4294967295,0,0
oInvCollPH,80,272,0034C86D,0,1,1,4294967295,0,0
oInvCollPH,96,272,003F05F5,0,1,1,4294967295,0,0
oInvCollPH,112,272,002AD7A1,0,1,1,4294967295,0,0
oInvCollPH,112,288,000FDA7F,0,1,1,4294967295,0,0
oInvCollPH,112,304,002A5933,0,1,1,4294967295,0,0
oInvCollPH,112,320,0015A990,0,1,1,4294967295,0,0
oInvCollPH,112,336,00175CEF,0,1,1,4294967295,0,0
oInvCollPH,4352,272,002AFBAD,0,1,1,4294967295,0,0
oInvCollPH,4368,272,0012681C,0,1,1,4294967295,0,0
oInvCollPH,4384,272,000DE7E4,0,1,1,4294967295,0,0
oInvCollPH,4400,272,000FB9E7,0,1,1,4294967295,0,0
oInvCollPH,4416,272,00185F69,0,1,1,4294967295,0,0
oInvCollPH,4432,272,0031867B,0,1,1,4294967295,0,0
oInvCollPH,4336,288,0015F159,0,1,1,4294967295,0,0
oInvCollPH,4336,304,0027F645,0,1,1,4294967295,0,0
oInvCollPH,4336,320,000B017B,0,1,1,4294967295,0,0
oInvCollPH,4288,320,000027CE,0,1,1,4294967295,0,0
oInvCollPH,64,16,00231B62,0,1,1,4294967295,0,0
oInvCollPH,64,32,00137F55,0,1,1,4294967295,0,0
oInvCollPH,112,0,0001FA63,0,1,1,4294967295,0,0
oInvCollPH,112,16,0017F2EE,0,1,1,4294967295,0,0
oInvCollPH,112,32,0035BBC6,0,1,1,4294967295,0,0
oInvCollPH,80,32,001566E6,0,1,1,4294967295,0,0
oInvCollPH,96,32,0000BD06,0,1,1,4294967295,0,0
oInvCollPH,4304,304,00054E39,0,1,1,4294967295,0,0
oInvCollPH,4320,304,0028D9C0,0,1,1,4294967295,0,0
oInvCollPH,4288,336,002AF848,0,1,1,4294967295,0,0
oInvisibleSolid,0,272,0034CFC9,0,1,1,4294967295,0,1
oInvisibleSolid,4336,272,0035B7B3,0,1,1,4294967295,0,1
oInvisibleSolid,4288,288,0036BB3F,0,1,1,4294967295,0,0
oInvisibleSolid,4288,304,0016F307,0,1,1,4294967295,0,1
oInvisibleSolid,64,48,00164A0E,0,1,1,4294967295,0,0
oInvisibleSolid,112,48,001FEDD7,0,1,1,4294967295,0,0
oInvisibleSolid,64,0,003DDB84,0,1,1,4294967295,0,1
oMapDoor,4312,272,002AC344,0,1,1,4294967295,0,1
