oPiranhaPlantN,240,304,000D9E09,0,1,1,4294967295,0,0
oExit,0,304,00331474,0,1,1,4294967295,0,1
oMarioRBblock,2240,160,003FE104,0,1,1,4294967295,0,0
oMarioRBblock,2384,160,002BA161,0,1,1,4294967295,0,0
oMarioRBblock,2480,160,0007BD82,0,1,1,4294967295,0,0
oMarioRBblock,2576,160,0020C96C,0,1,1,4294967295,0,0
oMarioRBblock,2768,160,0006B84B,0,1,1,4294967295,0,0
oMarioRBblock,2672,160,00106F03,0,1,1,4294967295,0,0
oMarioRBblock,2864,160,00395CF7,0,1,1,4294967295,0,0
oMarioRBblock,2960,160,002B0AEB,0,1,1,4294967295,0,0
oMarioRBblock,3184,224,002DC591,0,1,1,4294967295,0,0
oMarioQBlock,3488,208,0039D6EB,0,1,1,4294967295,0,1
oMarioQBlock,3504,208,003C0621,0,1,1,4294967295,0,1
oExit,3560,224,003B279F,0,1,1,4294967295,0,1
oLevelDecal,2408,184,0038F25C,0,1,1,4294967295,0,1
oLevelDecal,2504,184,0038BCB3,0,1,1,4294967295,0,1
oLevelDecal,2856,184,003E568E,0,1,1,4294967295,0,1
oLevelDecal,2952,184,001EB315,0,1,1,4294967295,0,1
oSmallGlow,2408,184,0019D590,0,1,1,4294967295,0,1
oSmallGlow,2504,184,0014C7B6,0,1,1,4294967295,0,1
oSmallGlow,2856,184,002313C2,0,1,1,4294967295,0,1
oSmallGlow,2952,184,00247FD0,0,1,1,4294967295,0,1
oRedMBlock,2304,240,00292321,0,1,1,4294967295,0,0
oRedMBlock,2320,240,00076927,0,1,1,4294967295,0,0
oRedMBlock,2336,240,00369490,0,1,1,4294967295,0,0
oRedMBlock,2352,240,001E9F03,0,1,1,4294967295,0,0
oRedMBlock,2368,240,00210F4E,0,1,1,4294967295,0,0
oRedMBlock,2384,240,0000F5FF,0,1,1,4294967295,0,0
oRedMBlock,2400,240,0015B6A7,0,1,1,4294967295,0,0
oRedMBlock,2416,240,0028281E,0,1,1,4294967295,0,0
oRedMBlock,2432,240,0023098A,0,1,1,4294967295,0,0
oRedMBlock,2448,240,001C1AC2,0,1,1,4294967295,0,0
oRedMBlock,2464,240,003A57C1,0,1,1,4294967295,0,0
oRedMBlock,2480,240,00165478,0,1,1,4294967295,0,0
oRedMBlock,2496,240,001BB572,0,1,1,4294967295,0,0
oRedMBlock,2512,240,0030A4AE,0,1,1,4294967295,0,0
oRedMBlock,2528,240,002598BD,0,1,1,4294967295,0,0
oRedMBlock,2544,240,0012B648,0,1,1,4294967295,0,0
oRedMBlock,2560,240,002F1A7D,0,1,1,4294967295,0,0
oRedMBlock,2576,240,000A51DE,0,1,1,4294967295,0,0
oRedMBlock,2592,240,003ED2CE,0,1,1,4294967295,0,0
oRedMBlock,2608,240,0027121E,0,1,1,4294967295,0,0
oRedMBlock,2624,240,0021C2B2,0,1,1,4294967295,0,0
oRedMBlock,2640,240,001675F2,0,1,1,4294967295,0,0
oRedMBlock,2656,240,003E4268,0,1,1,4294967295,0,0
oRedMBlock,2672,240,00175F82,0,1,1,4294967295,0,0
oBlueMBlock,2688,240,0008557F,0,1,1,4294967295,0,0
oBlueMBlock,2704,240,0028CD8F,0,1,1,4294967295,0,0
oBlueMBlock,2720,240,00190D82,0,1,1,4294967295,0,0
oBlueMBlock,2736,240,0035B046,0,1,1,4294967295,0,0
oBlueMBlock,2752,240,00124345,0,1,1,4294967295,0,0
oBlueMBlock,2768,240,000EA57F,0,1,1,4294967295,0,0
oBlueMBlock,2784,240,0029FFFC,0,1,1,4294967295,0,0
oBlueMBlock,2800,240,00279CB2,0,1,1,4294967295,0,0
oBlueMBlock,2816,240,00173C95,0,1,1,4294967295,0,0
oBlueMBlock,2832,240,003162ED,0,1,1,4294967295,0,0
oBlueMBlock,2848,240,00257FB5,0,1,1,4294967295,0,0
oBlueMBlock,2864,240,002D4B3B,0,1,1,4294967295,0,0
oBlueMBlock,2880,240,001FD194,0,1,1,4294967295,0,0
oBlueMBlock,2896,240,0018FCF0,0,1,1,4294967295,0,0
oBlueMBlock,2912,240,003B7EE5,0,1,1,4294967295,0,0
oBlueMBlock,2928,240,003FDFF7,0,1,1,4294967295,0,0
oBlueMBlock,2944,240,002E4B74,0,1,1,4294967295,0,0
oBlueMBlock,2960,240,00376FEA,0,1,1,4294967295,0,0
oBlueMBlock,2976,240,00119709,0,1,1,4294967295,0,0
oBlueMBlock,2992,240,0035E02E,0,1,1,4294967295,0,0
oBlueMBlock,3008,240,001FB0EC,0,1,1,4294967295,0,0
oBlueMBlock,3024,240,00288CB2,0,1,1,4294967295,0,0
oBlueMBlock,3328,304,001955A4,0,1,1,4294967295,0,0
oBlueMBlock,3344,304,0027AD6C,0,1,1,4294967295,0,0
oLavaGuy,1136,320,000C68F9,0,1,1,4294967295,0,0
oLavaGuy,1432,336,0030B670,0,1,1,4294967295,0,0
oLavaGuy,1576,336,000BEA2B,0,1,1,4294967295,0,0
oLavaGuy,1800,336,001E059C,0,1,1,4294967295,0,0
oMarioSpikeCeiling,1312,80,001E5326,0,1,1,4294967295,0,0
oMarioSpikeCeiling,1328,80,0006EBED,0,1,1,4294967295,0,0
oMarioSpikeCeiling,1344,80,003080FE,0,1,1,4294967295,0,0
oMarioSpikeCeiling,1360,80,0026C52E,0,1,1,4294967295,0,0
oMarioSpikeCeiling,1504,80,0023A4D2,0,1,1,4294967295,0,0
oMarioSpikeCeiling,1552,80,0012DD4E,0,1,1,4294967295,0,0
oMarioSpikeCeiling,1440,80,001656E8,0,1,1,4294967295,0,0
oMarioSpikeCeiling,1456,80,003A4463,0,1,1,4294967295,0,0
oMarioSpikeCeiling,1472,80,00370BB5,0,1,1,4294967295,0,0
oMarioSpikeCeiling,1488,80,000C65F1,0,1,1,4294967295,0,0
oMarioSpikeCeiling,1632,80,0007658A,0,1,1,4294967295,0,0
oMarioSpikeCeiling,1648,80,002C91D6,0,1,1,4294967295,0,0
oMarioSpikeCeiling,1568,80,00217469,0,1,1,4294967295,0,0
oMarioSpikeCeiling,1584,80,00050780,0,1,1,4294967295,0,0
oMarioSpikeCeiling,1600,80,003D1FA4,0,1,1,4294967295,0,0
oMarioSpikeCeiling,1616,80,003625EA,0,1,1,4294967295,0,0
oMarioSpikeCeiling,1664,80,002F7F7B,0,1,1,4294967295,0,0
oMarioSpikeCeiling,1712,80,002A4833,0,1,1,4294967295,0,0
oMarioSpikeCeiling,1728,80,0038E53D,0,1,1,4294967295,0,0
oMarioSpikeCeiling,1744,80,002CEFF2,0,1,1,4294967295,0,0
oMarioSpikeCeiling,1760,80,003E08E1,0,1,1,4294967295,0,0
oMarioSpikeCeiling,1776,80,0024F28B,0,1,1,4294967295,0,0
oMarioSpikeCeiling,1824,80,00315A15,0,1,1,4294967295,0,0
oMarioSpikeCeiling,1840,80,001BBA01,0,1,1,4294967295,0,0
oMarioSpikeCeiling,1856,80,001837E3,0,1,1,4294967295,0,0
oMarioSpikeCeiling,1872,80,000A656F,0,1,1,4294967295,0,0
oMarioSpikeCeiling,1888,80,000E92DC,0,1,1,4294967295,0,0
oMarioSpikeCeiling,1904,80,0030A05E,0,1,1,4294967295,0,0
oMarioSpikeCeiling,1376,80,000CDCAB,0,1,1,4294967295,0,0
oMarioSpikeCeiling,1392,80,001FE382,0,1,1,4294967295,0,0
oLavaGuy,2064,320,0008A50E,0,1,1,4294967295,0,0
oLavaGuy,2416,320,000DA8E6,0,1,1,4294967295,0,0
oLavaGuy,2512,320,00306359,0,1,1,4294967295,0,0
oLavaGuy,2864,320,00038646,0,1,1,4294967295,0,0
oLavaGuy,2960,320,00045FD7,0,1,1,4294967295,0,0
oMarioSpikeCeiling,1792,80,00196577,0,1,1,4294967295,0,0
oMarioSpikeCeiling,1808,80,00145A27,0,1,1,4294967295,0,0
oMarioSpikeCeiling,1408,80,002110EE,0,1,1,4294967295,0,0
oMarioSpikeCeiling,1424,80,001FE7E5,0,1,1,4294967295,0,0
oThwomp,336,176,00357F88,0,1,1,4294967295,0,0
oMarioChainBall,1432,168,000CC33C,0,1,1,4294967295,0,1
oMarioChainBall,1576,168,001FB2C0,0,1,1,4294967295,0,1
oMRustySpike,1520,80,002BAFCD,0,1,1,4294967295,0,0
oMRustySpike,1536,80,001AE9F6,0,1,1,4294967295,0,0
oMRustySpike,1680,80,0025E2CE,0,1,1,4294967295,0,0
oMRustySpike,1696,80,00122D49,0,1,1,4294967295,0,0
oMarioChainBall,1800,184,00211B60,0,1,1,4294967295,0,1
oMarioChainBall,1800,184,00255EF7,0,1,1,4294967295,0,1
oMarioChainBall,2512,64,0005236D,0,1,1,4294967295,0,1
oMarioChainBall,2864,64,0037B0F5,0,1,1,4294967295,0,1
oMarioChainBall,2152,296,00344275,0,1,1,4294967295,0,1
oThwomp,3344,224,00267B8D,0,1,1,4294967295,0,0
oHammerBro,768,288,003CA7BC,0,1,1,4294967295,0,0
oFireBro,640,288,00316E4B,0,1,1,4294967295,0,0
oLakitu,1008,176,002F787F,0,1,1,4294967295,0,0
oGoomba,1072,272,002FDBE5,0,1,1,4294967295,0,0
oGreenParatroopa,1600,272,00230984,0,1,1,4294967295,0,0
oGreenParatroopa,1744,272,00229A20,0,1,1,4294967295,0,0
oFireBro,1936,304,0019D546,0,1,1,4294967295,0,0
oFireBro,1872,320,000B8F32,0,1,1,4294967295,0,0
oHammerBro,1248,304,001F203F,0,1,1,4294967295,0,0
oVolcanoLotus,2688,304,0039FC85,0,1,1,4294967295,0,0
oBoomerBro,1488,320,00359215,0,1,1,4294967295,0,0
oPlayer1,48,336,003103D1,0,1,1,4294967295,0,0
oMarioLava,160,336,00158736,0,1,1,4294967295,0,1
oMarioLava,384,336,0039CDC6,0,1,1,4294967295,0,1
oMarioLava,1088,320,00351660,0,1,1,4294967295,0,1
oMarioLava,1312,336,000CC74C,0,1,1,4294967295,0,1
oMarioLava,2048,320,0005A3A4,0,1,1,4294967295,0,1
oMarioLava,2304,320,00222783,0,1,1,4294967295,0,1
oMarioLava,3328,336,00186DC3,0,1,1,4294967295,0,1
oInvCollPH,16,336,000D4A9B,0,1,1,4294967295,0,0
oInvCollPH,32,336,002A2FFF,0,1,1,4294967295,0,0
oInvCollPH,48,336,002F0573,0,1,1,4294967295,0,0
oInvCollPH,64,336,002F5950,0,1,1,4294967295,0,0
oInvCollPH,80,336,0027860A,0,1,1,4294967295,0,0
oInvCollPH,96,336,0003A110,0,1,1,4294967295,0,0
oInvCollPH,112,336,002CD93A,0,1,1,4294967295,0,0
oInvCollPH,48,144,000EC54B,0,1,1,4294967295,0,0
oInvCollPH,48,160,00246A9E,0,1,1,4294967295,0,0
oInvCollPH,48,176,00078E13,0,1,1,4294967295,0,0
oInvCollPH,48,192,00390410,0,1,1,4294967295,0,0
oInvCollPH,48,208,001CB1B3,0,1,1,4294967295,0,0
oInvCollPH,48,224,0010494D,0,1,1,4294967295,0,0
oInvCollPH,48,240,0035B2E1,0,1,1,4294967295,0,0
oInvCollPH,48,256,000E0130,0,1,1,4294967295,0,0
oInvCollPH,32,256,001B516C,0,1,1,4294967295,0,0
oInvCollPH,16,256,0036893B,0,1,1,4294967295,0,0
oInvCollPH,0,256,002EB057,0,1,1,4294967295,0,0
oInvCollPH,128,336,0011D675,0,1,1,4294967295,0,0
oInvCollPH,144,336,00388802,0,1,1,4294967295,0,0
oInvCollPH,176,352,002417ED,0,1,1,4294967295,0,0
oInvCollPH,192,352,0032DF7D,0,1,1,4294967295,0,0
oInvCollPH,192,160,00255378,0,1,1,4294967295,0,0
oInvCollPH,192,176,002BCC7F,0,1,1,4294967295,0,0
oInvCollPH,208,176,003F8B76,0,1,1,4294967295,0,0
oInvCollPH,224,176,003D18EC,0,1,1,4294967295,0,0
oInvCollPH,240,176,000B67D3,0,1,1,4294967295,0,0
oInvCollPH,240,160,00057FA6,0,1,1,4294967295,0,0
oInvCollPH,240,144,000B5C53,0,1,1,4294967295,0,0
oInvCollPH,336,144,00038CB9,0,1,1,4294967295,0,0
oInvCollPH,224,320,000A098F,0,1,1,4294967295,0,0
oInvCollPH,224,336,001BD5A9,0,1,1,4294967295,0,0
oInvCollPH,208,352,0004F6B0,0,1,1,4294967295,0,0
oInvCollPH,272,352,00360C70,0,1,1,4294967295,0,0
oInvCollPH,240,304,0035EF19,0,1,1,4294967295,0,0
oInvCollPH,240,320,0014523D,0,1,1,4294967295,0,0
oInvCollPH,240,336,0013C63C,0,1,1,4294967295,0,0
oInvCollPH,256,352,001B58FF,0,1,1,4294967295,0,0
oInvCollPH,288,352,002E15E2,0,1,1,4294967295,0,0
oInvCollPH,64,128,001C441A,0,1,1,4294967295,0,0
oInvCollPH,80,128,0019720D,0,1,1,4294967295,0,0
oInvCollPH,96,128,000DEFE8,0,1,1,4294967295,0,0
oInvCollPH,112,128,001B020F,0,1,1,4294967295,0,0
oInvCollPH,128,128,002A9FE7,0,1,1,4294967295,0,0
oInvCollPH,144,128,003B99D1,0,1,1,4294967295,0,0
oInvCollPH,160,128,00159279,0,1,1,4294967295,0,0
oInvCollPH,176,128,00118214,0,1,1,4294967295,0,0
oInvCollPH,256,128,003D83DB,0,1,1,4294967295,0,0
oInvCollPH,272,128,001125E1,0,1,1,4294967295,0,0
oInvCollPH,288,128,003AC9EE,0,1,1,4294967295,0,0
oInvCollPH,304,128,000E6D01,0,1,1,4294967295,0,0
oInvCollPH,352,128,0010B4BC,0,1,1,4294967295,0,0
oInvCollPH,368,128,00321014,0,1,1,4294967295,0,0
oInvCollPH,384,128,0038C750,0,1,1,4294967295,0,0
oInvCollPH,400,128,000DCF4F,0,1,1,4294967295,0,0
oInvCollPH,400,112,001E1AEE,0,1,1,4294967295,0,0
oInvCollPH,320,288,002DF943,0,1,1,4294967295,0,0
oInvCollPH,320,304,0006431E,0,1,1,4294967295,0,0
oInvCollPH,320,320,001053F0,0,1,1,4294967295,0,0
oInvCollPH,320,336,0002E73E,0,1,1,4294967295,0,0
oInvCollPH,304,352,000C80E9,0,1,1,4294967295,0,0
oInvCollPH,336,272,003B45CC,0,1,1,4294967295,0,0
oInvCollPH,352,272,003210B9,0,1,1,4294967295,0,0
oInvCollPH,368,272,003F04E3,0,1,1,4294967295,0,0
oInvCollPH,368,288,003CADA4,0,1,1,4294967295,0,0
oInvCollPH,368,304,00286DBA,0,1,1,4294967295,0,0
oInvCollPH,368,320,0004D096,0,1,1,4294967295,0,0
oInvCollPH,368,336,0005B8AB,0,1,1,4294967295,0,0
oInvCollPH,384,352,002EA8A5,0,1,1,4294967295,0,0
oInvCollPH,400,352,000DDE76,0,1,1,4294967295,0,0
oInvCollPH,416,352,00343B18,0,1,1,4294967295,0,0
oInvCollPH,432,352,003892D2,0,1,1,4294967295,0,0
oInvCollPH,448,352,0027E2C7,0,1,1,4294967295,0,0
oInvCollPH,464,352,0020B04D,0,1,1,4294967295,0,0
oInvCollPH,480,352,003FEE86,0,1,1,4294967295,0,0
oInvCollPH,496,352,001EF4B2,0,1,1,4294967295,0,0
oInvCollPH,512,352,0025C15E,0,1,1,4294967295,0,0
oInvCollPH,528,352,002A1B50,0,1,1,4294967295,0,0
oInvCollPH,544,352,003761E1,0,1,1,4294967295,0,0
oInvCollPH,560,352,0016CFE0,0,1,1,4294967295,0,0
oInvCollPH,576,352,003EC58E,0,1,1,4294967295,0,0
oInvCollPH,592,352,0017BF36,0,1,1,4294967295,0,0
oInvCollPH,608,352,00238030,0,1,1,4294967295,0,0
oInvCollPH,624,352,00326A1B,0,1,1,4294967295,0,0
oInvCollPH,640,352,003AA36A,0,1,1,4294967295,0,0
oInvCollPH,656,352,002285BF,0,1,1,4294967295,0,0
oInvCollPH,672,352,00245C9A,0,1,1,4294967295,0,0
oInvCollPH,688,352,00181852,0,1,1,4294967295,0,0
oInvCollPH,704,352,002E4AF7,0,1,1,4294967295,0,0
oInvCollPH,720,352,00028610,0,1,1,4294967295,0,0
oInvCollPH,736,352,0014AE3E,0,1,1,4294967295,0,0
oInvCollPH,752,352,0002CBC0,0,1,1,4294967295,0,0
oInvCollPH,768,352,0034C3D3,0,1,1,4294967295,0,0
oInvCollPH,784,352,003A4D29,0,1,1,4294967295,0,0
oInvCollPH,800,352,0017A158,0,1,1,4294967295,0,0
oInvCollPH,816,352,000F4989,0,1,1,4294967295,0,0
oInvCollPH,832,352,0030E2C4,0,1,1,4294967295,0,0
oInvCollPH,848,352,000A7C13,0,1,1,4294967295,0,0
oInvCollPH,864,352,0001B1B3,0,1,1,4294967295,0,0
oInvCollPH,880,352,001790EB,0,1,1,4294967295,0,0
oInvCollPH,896,352,001362DB,0,1,1,4294967295,0,0
oInvCollPH,912,352,003DDD80,0,1,1,4294967295,0,0
oInvCollPH,928,352,00225E9B,0,1,1,4294967295,0,0
oInvCollPH,944,352,002B80C9,0,1,1,4294967295,0,0
oInvCollPH,960,352,002FDF42,0,1,1,4294967295,0,0
oInvCollPH,976,352,003925D4,0,1,1,4294967295,0,0
oInvCollPH,992,288,003E29AA,0,1,1,4294967295,0,0
oInvCollPH,992,304,0003E97C,0,1,1,4294967295,0,0
oInvCollPH,992,320,003A1DB0,0,1,1,4294967295,0,0
oInvCollPH,992,336,00217019,0,1,1,4294967295,0,0
oInvCollPH,1008,272,001FAB93,0,1,1,4294967295,0,0
oInvCollPH,1024,272,00220C7C,0,1,1,4294967295,0,0
oInvCollPH,1040,272,001A3608,0,1,1,4294967295,0,0
oInvCollPH,1056,272,00279B87,0,1,1,4294967295,0,0
oInvCollPH,1072,272,00310243,0,1,1,4294967295,0,0
oInvCollPH,1072,288,00157E46,0,1,1,4294967295,0,0
oInvCollPH,416,96,000FC496,0,1,1,4294967295,0,0
oInvCollPH,432,96,002311A0,0,1,1,4294967295,0,0
oInvCollPH,448,96,001E5E24,0,1,1,4294967295,0,0
oInvCollPH,464,96,003E7B9E,0,1,1,4294967295,0,0
oInvCollPH,480,96,002F3347,0,1,1,4294967295,0,0
oInvCollPH,496,96,0033C1DA,0,1,1,4294967295,0,0
oInvCollPH,512,96,0019CE3C,0,1,1,4294967295,0,0
oInvCollPH,528,96,0023FD89,0,1,1,4294967295,0,0
oInvCollPH,544,96,00150F2F,0,1,1,4294967295,0,0
oInvCollPH,560,96,002FD572,0,1,1,4294967295,0,0
oInvCollPH,784,80,001E2044,0,1,1,4294967295,0,0
oInvCollPH,784,96,00140899,0,1,1,4294967295,0,0
oInvCollPH,768,96,003C00E4,0,1,1,4294967295,0,0
oInvCollPH,752,96,0036BA6D,0,1,1,4294967295,0,0
oInvCollPH,736,96,00272260,0,1,1,4294967295,0,0
oInvCollPH,720,96,00067DDE,0,1,1,4294967295,0,0
oInvCollPH,704,96,002B1017,0,1,1,4294967295,0,0
oInvCollPH,688,96,000DE486,0,1,1,4294967295,0,0
oInvCollPH,672,96,0020E377,0,1,1,4294967295,0,0
oInvCollPH,656,96,00164104,0,1,1,4294967295,0,0
oInvCollPH,640,96,000E8698,0,1,1,4294967295,0,0
oInvCollPH,576,96,00014E91,0,1,1,4294967295,0,0
oInvCollPH,592,96,002196BD,0,1,1,4294967295,0,0
oInvCollPH,608,96,002D0970,0,1,1,4294967295,0,0
oInvCollPH,624,96,0010202E,0,1,1,4294967295,0,0
oInvCollPH,1072,304,000B202F,0,1,1,4294967295,0,0
oInvCollPH,1072,320,001022F8,0,1,1,4294967295,0,0
oInvCollPH,1104,336,001231C4,0,1,1,4294967295,0,0
oInvCollPH,1120,336,001C844F,0,1,1,4294967295,0,0
oInvCollPH,1136,336,001CA632,0,1,1,4294967295,0,0
oInvCollPH,1152,336,002BFD00,0,1,1,4294967295,0,0
oInvCollPH,1168,336,001BCC5E,0,1,1,4294967295,0,0
oInvCollPH,1184,320,00110429,0,1,1,4294967295,0,0
oInvCollPH,1200,304,002E1B38,0,1,1,4294967295,0,0
oInvCollPH,1216,304,0036CBAF,0,1,1,4294967295,0,0
oInvCollPH,1232,304,000E40B4,0,1,1,4294967295,0,0
oInvCollPH,1248,304,001C618B,0,1,1,4294967295,0,0
oInvCollPH,1264,304,000C3665,0,1,1,4294967295,0,0
oInvCollPH,1280,304,0015FF18,0,1,1,4294967295,0,0
oInvCollPH,1296,304,000DC7AD,0,1,1,4294967295,0,0
oInvCollPH,1296,320,002C5691,0,1,1,4294967295,0,0
oInvCollPH,1296,336,002BEE92,0,1,1,4294967295,0,0
oInvCollPH,1216,96,000D44B9,0,1,1,4294967295,0,0
oInvCollPH,1232,96,000CC82C,0,1,1,4294967295,0,0
oInvCollPH,1248,96,0014BC47,0,1,1,4294967295,0,0
oInvCollPH,1264,96,0017A004,0,1,1,4294967295,0,0
oInvCollPH,1280,96,00043AB3,0,1,1,4294967295,0,0
oInvCollPH,1296,96,0038DFB0,0,1,1,4294967295,0,0
oInvCollPH,1296,80,002B0311,0,1,1,4294967295,0,0
oInvCollPH,1920,320,0022E982,0,1,1,4294967295,0,0
oInvCollPH,1920,336,001CEAA0,0,1,1,4294967295,0,0
oInvCollPH,1936,304,0033228C,0,1,1,4294967295,0,0
oInvCollPH,1952,304,001E83E9,0,1,1,4294967295,0,0
oInvCollPH,1968,304,0015368B,0,1,1,4294967295,0,0
oInvCollPH,1984,304,002B5460,0,1,1,4294967295,0,0
oInvCollPH,2000,304,003612BF,0,1,1,4294967295,0,0
oInvCollPH,2016,304,002D43B2,0,1,1,4294967295,0,0
oInvCollPH,2032,304,0017DFE2,0,1,1,4294967295,0,0
oInvCollPH,2032,320,00336DA0,0,1,1,4294967295,0,0
oInvCollPH,2080,320,0013BF5B,0,1,1,4294967295,0,0
oInvCollPH,2096,304,001B06CD,0,1,1,4294967295,0,0
oInvCollPH,2112,304,003AC8F7,0,1,1,4294967295,0,0
oInvCollPH,2128,304,001E91B3,0,1,1,4294967295,0,0
oInvCollPH,2160,304,000F8661,0,1,1,4294967295,0,0
oInvCollPH,2176,304,002A71E7,0,1,1,4294967295,0,0
oInvCollPH,2192,304,003853EB,0,1,1,4294967295,0,0
oInvCollPH,2208,256,002D1338,0,1,1,4294967295,0,0
oInvCollPH,2208,272,001E9E39,0,1,1,4294967295,0,0
oInvCollPH,2208,288,001EC96F,0,1,1,4294967295,0,0
oInvCollPH,2224,240,00307940,0,1,1,4294967295,0,0
oInvCollPH,2240,240,0034C75C,0,1,1,4294967295,0,0
oInvCollPH,2256,240,00315661,0,1,1,4294967295,0,0
oInvCollPH,2272,240,0025A135,0,1,1,4294967295,0,0
oInvCollPH,2288,240,001F85B9,0,1,1,4294967295,0,0
oInvCollPH,2288,256,00123713,0,1,1,4294967295,0,0
oInvCollPH,2288,272,003295E2,0,1,1,4294967295,0,0
oInvCollPH,2288,288,000F790A,0,1,1,4294967295,0,0
oInvCollPH,2288,304,0029D5DD,0,1,1,4294967295,0,0
oInvCollPH,2288,320,003E4907,0,1,1,4294967295,0,0
oInvCollPH,1984,128,003D25BA,0,1,1,4294967295,0,0
oInvCollPH,1984,144,0015E4C0,0,1,1,4294967295,0,0
oInvCollPH,1984,160,0021C4CB,0,1,1,4294967295,0,0
oInvCollPH,2000,160,00089AA4,0,1,1,4294967295,0,0
oInvCollPH,2016,160,0014B958,0,1,1,4294967295,0,0
oInvCollPH,2032,160,0036EF94,0,1,1,4294967295,0,0
oInvCollPH,2048,160,0000BA3E,0,1,1,4294967295,0,0
oInvCollPH,2064,160,0010E57E,0,1,1,4294967295,0,0
oInvCollPH,2080,160,0004155D,0,1,1,4294967295,0,0
oInvCollPH,2096,160,0002CF13,0,1,1,4294967295,0,0
oInvCollPH,2096,144,0018F91C,0,1,1,4294967295,0,0
oInvCollPH,2096,128,0018837C,0,1,1,4294967295,0,0
oInvCollPH,2096,112,000BE559,0,1,1,4294967295,0,0
oInvCollPH,1920,96,0008346C,0,1,1,4294967295,0,0
oInvCollPH,1936,96,0016298B,0,1,1,4294967295,0,0
oInvCollPH,1952,96,0027F92E,0,1,1,4294967295,0,0
oInvCollPH,1968,96,002453EC,0,1,1,4294967295,0,0
oInvCollPH,2112,96,0014E474,0,1,1,4294967295,0,0
oInvCollPH,2128,96,00376E3C,0,1,1,4294967295,0,0
oInvCollPH,2144,96,0005F007,0,1,1,4294967295,0,0
oInvCollPH,2160,96,001EC810,0,1,1,4294967295,0,0
oInvCollPH,2176,96,001C1392,0,1,1,4294967295,0,0
oInvCollPH,2192,96,0034F068,0,1,1,4294967295,0,0
oInvCollPH,2192,80,001611E0,0,1,1,4294967295,0,0
oInvCollPH,3040,256,0007C132,0,1,1,4294967295,0,0
oInvCollPH,3056,256,00197070,0,1,1,4294967295,0,0
oInvCollPH,3056,240,001CAD0F,0,1,1,4294967295,0,0
oInvCollPH,3040,272,003F0171,0,1,1,4294967295,0,0
oInvCollPH,3040,288,0036E825,0,1,1,4294967295,0,0
oInvCollPH,3040,304,001D2C68,0,1,1,4294967295,0,0
oInvCollPH,3040,320,003A40FB,0,1,1,4294967295,0,0
oInvCollPH,2496,64,000E051B,0,1,1,4294967295,0,0
oInvCollPH,2512,64,000B34F2,0,1,1,4294967295,0,0
oInvCollPH,2512,48,003BB45C,0,1,1,4294967295,0,0
oInvCollPH,2848,64,0030DF36,0,1,1,4294967295,0,0
oInvCollPH,2864,64,001B675A,0,1,1,4294967295,0,0
oInvCollPH,2864,48,00278C70,0,1,1,4294967295,0,0
oInvCollPH,3088,272,002BDE9F,0,1,1,4294967295,0,0
oInvCollPH,3104,272,00017C66,0,1,1,4294967295,0,0
oInvCollPH,3120,272,003D97C5,0,1,1,4294967295,0,0
oInvCollPH,3120,288,0005BAB6,0,1,1,4294967295,0,0
oInvCollPH,800,64,00305A4B,0,1,1,4294967295,0,0
oInvCollPH,816,64,0000DABA,0,1,1,4294967295,0,0
oInvCollPH,832,64,00345CFF,0,1,1,4294967295,0,0
oInvCollPH,848,64,001913AF,0,1,1,4294967295,0,0
oInvCollPH,864,64,0033EC3D,0,1,1,4294967295,0,0
oInvCollPH,880,64,0014D7C3,0,1,1,4294967295,0,0
oInvCollPH,896,64,003C3C19,0,1,1,4294967295,0,0
oInvCollPH,912,64,00367B27,0,1,1,4294967295,0,0
oInvCollPH,928,64,0016D064,0,1,1,4294967295,0,0
oInvCollPH,944,64,00221DCC,0,1,1,4294967295,0,0
oInvCollPH,960,64,000B6AAC,0,1,1,4294967295,0,0
oInvCollPH,976,64,001755CE,0,1,1,4294967295,0,0
oInvCollPH,992,64,00372CE8,0,1,1,4294967295,0,0
oInvCollPH,1008,64,001F8071,0,1,1,4294967295,0,0
oInvCollPH,1024,64,000F943A,0,1,1,4294967295,0,0
oInvCollPH,1040,64,00144880,0,1,1,4294967295,0,0
oInvCollPH,1056,64,000D304E,0,1,1,4294967295,0,0
oInvCollPH,1072,64,00165400,0,1,1,4294967295,0,0
oInvCollPH,1088,64,000A0052,0,1,1,4294967295,0,0
oInvCollPH,1104,64,00047537,0,1,1,4294967295,0,0
oInvCollPH,1120,64,000BA465,0,1,1,4294967295,0,0
oInvCollPH,1136,64,0026D96A,0,1,1,4294967295,0,0
oInvCollPH,1152,64,0002A4A8,0,1,1,4294967295,0,0
oInvCollPH,1168,64,000467EA,0,1,1,4294967295,0,0
oInvCollPH,1184,64,0038A89B,0,1,1,4294967295,0,0
oInvCollPH,1200,64,00375B08,0,1,1,4294967295,0,0
oInvCollPH,1312,64,00113AD4,0,1,1,4294967295,0,0
oInvCollPH,1328,64,003067CF,0,1,1,4294967295,0,0
oInvCollPH,1344,64,000EAA65,0,1,1,4294967295,0,0
oInvCollPH,1360,64,0005C743,0,1,1,4294967295,0,0
oInvCollPH,1376,64,003226E7,0,1,1,4294967295,0,0
oInvCollPH,1392,64,000101A0,0,1,1,4294967295,0,0
oInvCollPH,1408,64,00236042,0,1,1,4294967295,0,0
oInvCollPH,1424,64,001FFD4E,0,1,1,4294967295,0,0
oInvCollPH,1440,64,00126AC9,0,1,1,4294967295,0,0
oInvCollPH,1456,64,000A0F11,0,1,1,4294967295,0,0
oInvCollPH,1472,64,002D671B,0,1,1,4294967295,0,0
oInvCollPH,1488,64,002432F1,0,1,1,4294967295,0,0
oInvCollPH,1504,64,000B2876,0,1,1,4294967295,0,0
oInvCollPH,1520,64,00032978,0,1,1,4294967295,0,0
oInvCollPH,1536,64,00305F0B,0,1,1,4294967295,0,0
oInvCollPH,1552,64,000C01F2,0,1,1,4294967295,0,0
oInvCollPH,1568,64,0029FB0A,0,1,1,4294967295,0,0
oInvCollPH,1584,64,000F6FA8,0,1,1,4294967295,0,0
oInvCollPH,1600,64,002744D0,0,1,1,4294967295,0,0
oInvCollPH,1616,64,002BAFFE,0,1,1,4294967295,0,0
oInvCollPH,1632,64,00225FAF,0,1,1,4294967295,0,0
oInvCollPH,1648,64,00337F43,0,1,1,4294967295,0,0
oInvCollPH,1664,64,00208EF3,0,1,1,4294967295,0,0
oInvCollPH,1680,64,000FD868,0,1,1,4294967295,0,0
oInvCollPH,1696,64,003FC293,0,1,1,4294967295,0,0
oInvCollPH,1712,64,00061732,0,1,1,4294967295,0,0
oInvCollPH,1728,64,001EF1F0,0,1,1,4294967295,0,0
oInvCollPH,1744,64,003FE588,0,1,1,4294967295,0,0
oInvCollPH,1760,64,0032B7C1,0,1,1,4294967295,0,0
oInvCollPH,1776,64,00369624,0,1,1,4294967295,0,0
oInvCollPH,1792,64,001D5BA4,0,1,1,4294967295,0,0
oInvCollPH,1808,64,002B941D,0,1,1,4294967295,0,0
oInvCollPH,1824,64,000D336F,0,1,1,4294967295,0,0
oInvCollPH,1840,64,002DF091,0,1,1,4294967295,0,0
oInvCollPH,1856,64,002D1BF8,0,1,1,4294967295,0,0
oInvCollPH,1872,64,001F4449,0,1,1,4294967295,0,0
oInvCollPH,1888,64,0008F8C5,0,1,1,4294967295,0,0
oInvCollPH,1904,64,002E7A2B,0,1,1,4294967295,0,0
oInvCollPH,2208,64,0034B320,0,1,1,4294967295,0,0
oInvCollPH,2224,64,001A2060,0,1,1,4294967295,0,0
oInvCollPH,2240,64,00084AE9,0,1,1,4294967295,0,0
oInvCollPH,2256,64,0014BCF2,0,1,1,4294967295,0,0
oInvCollPH,2272,64,0027366D,0,1,1,4294967295,0,0
oInvCollPH,2288,64,003E5D1A,0,1,1,4294967295,0,0
oInvCollPH,2288,48,0011458B,0,1,1,4294967295,0,0
oInvCollPH,2064,336,003A8163,0,1,1,4294967295,0,0
oInvCollPH,3232,224,001AA027,0,1,1,4294967295,0,0
oInvCollPH,3248,224,001B81EC,0,1,1,4294967295,0,0
oInvCollPH,3264,224,0010F7F9,0,1,1,4294967295,0,0
oInvCollPH,3280,224,000209BC,0,1,1,4294967295,0,0
oInvCollPH,3296,224,0034007D,0,1,1,4294967295,0,0
oInvCollPH,3312,224,002972BE,0,1,1,4294967295,0,0
oInvCollPH,3312,208,0006843B,0,1,1,4294967295,0,0
oInvCollPH,3344,352,002B571A,0,1,1,4294967295,0,0
oInvCollPH,3152,304,00304F92,0,1,1,4294967295,0,0
oInvCollPH,3168,304,00113917,0,1,1,4294967295,0,0
oInvCollPH,3184,304,00049FBD,0,1,1,4294967295,0,0
oInvCollPH,3200,304,001493CC,0,1,1,4294967295,0,0
oInvCollPH,3216,304,0022A8AE,0,1,1,4294967295,0,0
oInvCollPH,3232,304,003DC60E,0,1,1,4294967295,0,0
oInvCollPH,3248,304,00087475,0,1,1,4294967295,0,0
oInvCollPH,3264,304,002C187D,0,1,1,4294967295,0,0
oInvCollPH,3280,304,000C4D3E,0,1,1,4294967295,0,0
oInvCollPH,3296,304,0030687B,0,1,1,4294967295,0,0
oInvCollPH,3312,304,003582A9,0,1,1,4294967295,0,0
oInvCollPH,3312,320,00147464,0,1,1,4294967295,0,0
oInvCollPH,3312,336,00075B79,0,1,1,4294967295,0,0
oInvCollPH,2304,32,00335493,0,1,1,4294967295,0,0
oInvCollPH,2320,32,0013F7F7,0,1,1,4294967295,0,0
oInvCollPH,2336,32,001DFD51,0,1,1,4294967295,0,0
oInvCollPH,2352,32,000A21B7,0,1,1,4294967295,0,0
oInvCollPH,2368,32,00061C3D,0,1,1,4294967295,0,0
oInvCollPH,2384,32,00040C7D,0,1,1,4294967295,0,0
oInvCollPH,2400,32,003A5F57,0,1,1,4294967295,0,0
oInvCollPH,2416,32,001AFF4A,0,1,1,4294967295,0,0
oInvCollPH,2432,32,003D7A6B,0,1,1,4294967295,0,0
oInvCollPH,2448,32,002012F5,0,1,1,4294967295,0,0
oInvCollPH,2464,32,002959A7,0,1,1,4294967295,0,0
oInvCollPH,2480,32,001ADFCF,0,1,1,4294967295,0,0
oInvCollPH,2528,32,00127499,0,1,1,4294967295,0,0
oInvCollPH,2544,32,00203833,0,1,1,4294967295,0,0
oInvCollPH,2560,32,0028DE03,0,1,1,4294967295,0,0
oInvCollPH,2576,32,001E65A2,0,1,1,4294967295,0,0
oInvCollPH,2592,32,003D6D19,0,1,1,4294967295,0,0
oInvCollPH,2608,32,001ECD11,0,1,1,4294967295,0,0
oInvCollPH,2624,32,00012BB6,0,1,1,4294967295,0,0
oInvCollPH,2640,32,001B64D1,0,1,1,4294967295,0,0
oInvCollPH,2656,32,003442E4,0,1,1,4294967295,0,0
oInvCollPH,2672,32,0029CA31,0,1,1,4294967295,0,0
oInvCollPH,2688,32,001C01FC,0,1,1,4294967295,0,0
oInvCollPH,2704,32,0002E722,0,1,1,4294967295,0,0
oInvCollPH,2720,32,0009EB72,0,1,1,4294967295,0,0
oInvCollPH,2736,32,00223AAD,0,1,1,4294967295,0,0
oInvCollPH,2752,32,001CD9BE,0,1,1,4294967295,0,0
oInvCollPH,2768,32,002E9D25,0,1,1,4294967295,0,0
oInvCollPH,2784,32,002AFA7C,0,1,1,4294967295,0,0
oInvCollPH,2800,32,0038E61B,0,1,1,4294967295,0,0
oInvCollPH,2816,32,000ACCD2,0,1,1,4294967295,0,0
oInvCollPH,2832,32,001674AF,0,1,1,4294967295,0,0
oInvCollPH,2880,32,000B4BAA,0,1,1,4294967295,0,0
oInvCollPH,2896,32,00251F2B,0,1,1,4294967295,0,0
oInvCollPH,2912,32,0022CDEE,0,1,1,4294967295,0,0
oInvCollPH,2928,32,001AAEC0,0,1,1,4294967295,0,0
oInvCollPH,2944,32,002CB810,0,1,1,4294967295,0,0
oInvCollPH,2960,32,00080018,0,1,1,4294967295,0,0
oInvCollPH,2976,32,003E3882,0,1,1,4294967295,0,0
oInvCollPH,2992,32,00328E50,0,1,1,4294967295,0,0
oInvCollPH,3008,32,0029A9F5,0,1,1,4294967295,0,0
oInvCollPH,3024,32,0037FF2E,0,1,1,4294967295,0,0
oInvCollPH,3040,32,000A1968,0,1,1,4294967295,0,0
oInvCollPH,3056,32,002BD61F,0,1,1,4294967295,0,0
oInvCollPH,3072,32,000EB13F,0,1,1,4294967295,0,0
oInvCollPH,3088,32,0003EC41,0,1,1,4294967295,0,0
oInvCollPH,3104,32,001A3C9F,0,1,1,4294967295,0,0
oInvCollPH,3120,32,0030A4FD,0,1,1,4294967295,0,0
oInvCollPH,3136,32,001093FC,0,1,1,4294967295,0,0
oInvCollPH,3152,32,00118425,0,1,1,4294967295,0,0
oInvCollPH,3168,32,002EEB13,0,1,1,4294967295,0,0
oInvCollPH,3184,32,00190A47,0,1,1,4294967295,0,0
oInvCollPH,2320,336,000368B7,0,1,1,4294967295,0,0
oInvCollPH,2336,336,003D9125,0,1,1,4294967295,0,0
oInvCollPH,2352,336,001E6A05,0,1,1,4294967295,0,0
oInvCollPH,2368,336,00223933,0,1,1,4294967295,0,0
oInvCollPH,2384,336,00075A21,0,1,1,4294967295,0,0
oInvCollPH,2400,336,00046E90,0,1,1,4294967295,0,0
oInvCollPH,2416,336,0019928A,0,1,1,4294967295,0,0
oInvCollPH,2432,336,002F2A69,0,1,1,4294967295,0,0
oInvCollPH,2448,336,002B9248,0,1,1,4294967295,0,0
oInvCollPH,2464,336,00005210,0,1,1,4294967295,0,0
oInvCollPH,2480,336,001645C5,0,1,1,4294967295,0,0
oInvCollPH,2496,336,000C6EA5,0,1,1,4294967295,0,0
oInvCollPH,2512,336,001B814F,0,1,1,4294967295,0,0
oInvCollPH,2528,336,00177323,0,1,1,4294967295,0,0
oInvCollPH,2544,336,003CD1E3,0,1,1,4294967295,0,0
oInvCollPH,2560,336,003DAADC,0,1,1,4294967295,0,0
oInvCollPH,2576,336,003B0D64,0,1,1,4294967295,0,0
oInvCollPH,2592,336,000F6E79,0,1,1,4294967295,0,0
oInvCollPH,2608,336,0000AB31,0,1,1,4294967295,0,0
oInvCollPH,2624,336,002833C9,0,1,1,4294967295,0,0
oInvCollPH,2640,336,0020224A,0,1,1,4294967295,0,0
oInvCollPH,2656,336,00021740,0,1,1,4294967295,0,0
oInvCollPH,2672,336,00243656,0,1,1,4294967295,0,0
oInvCollPH,2688,336,0008F4A1,0,1,1,4294967295,0,0
oInvCollPH,2704,336,003314C1,0,1,1,4294967295,0,0
oInvCollPH,2720,336,0001F00A,0,1,1,4294967295,0,0
oInvCollPH,2736,336,002A4966,0,1,1,4294967295,0,0
oInvCollPH,2752,336,00254F1E,0,1,1,4294967295,0,0
oInvCollPH,2768,336,0001A713,0,1,1,4294967295,0,0
oInvCollPH,2784,336,000E8CDF,0,1,1,4294967295,0,0
oInvCollPH,2800,336,001A4F22,0,1,1,4294967295,0,0
oInvCollPH,2816,336,00011124,0,1,1,4294967295,0,0
oInvCollPH,2832,336,000783A6,0,1,1,4294967295,0,0
oInvCollPH,2848,336,003AF4A7,0,1,1,4294967295,0,0
oInvCollPH,2864,336,003366C2,0,1,1,4294967295,0,0
oInvCollPH,2880,336,002D9EAF,0,1,1,4294967295,0,0
oInvCollPH,2896,336,001D793F,0,1,1,4294967295,0,0
oInvCollPH,2912,336,00400A19,0,1,1,4294967295,0,0
oInvCollPH,2928,336,003A649A,0,1,1,4294967295,0,0
oInvCollPH,2944,336,000735F2,0,1,1,4294967295,0,0
oInvCollPH,2960,336,000E6636,0,1,1,4294967295,0,0
oInvCollPH,2976,336,003927C7,0,1,1,4294967295,0,0
oInvCollPH,2992,336,000C69E0,0,1,1,4294967295,0,0
oInvCollPH,3008,336,000F4A64,0,1,1,4294967295,0,0
oInvCollPH,3024,336,0018921B,0,1,1,4294967295,0,0
oInvCollPH,3568,256,002B43F2,0,1,1,4294967295,0,0
oInvCollPH,3376,304,00035F37,0,1,1,4294967295,0,0
oInvCollPH,3392,304,000E9886,0,1,1,4294967295,0,0
oInvCollPH,3408,304,004011AE,0,1,1,4294967295,0,0
oInvCollPH,3424,304,00079AB6,0,1,1,4294967295,0,0
oInvCollPH,3440,304,0012E9D6,0,1,1,4294967295,0,0
oInvCollPH,3456,304,00116D2E,0,1,1,4294967295,0,0
oInvCollPH,3472,304,000B5DA3,0,1,1,4294967295,0,0
oInvCollPH,3360,320,002F8511,0,1,1,4294967295,0,0
oInvCollPH,3360,336,0026F239,0,1,1,4294967295,0,0
oInvCollPH,3360,224,0038F3C9,0,1,1,4294967295,0,0
oInvCollPH,3376,224,00299572,0,1,1,4294967295,0,0
oInvCollPH,3392,224,00287328,0,1,1,4294967295,0,0
oInvCollPH,3408,224,00241204,0,1,1,4294967295,0,0
oInvCollPH,3408,208,000E8D0C,0,1,1,4294967295,0,0
oInvCollPH,3232,160,00171B4F,0,1,1,4294967295,0,0
oInvCollPH,3232,176,000CB740,0,1,1,4294967295,0,0
oInvCollPH,3232,192,000C7020,0,1,1,4294967295,0,0
oInvCollPH,3408,144,0008FFFB,0,1,1,4294967295,0,0
oInvCollPH,3408,160,002D5BBF,0,1,1,4294967295,0,0
oInvCollPH,3408,176,003A926B,0,1,1,4294967295,0,0
oInvCollPH,3408,192,0008CDD5,0,1,1,4294967295,0,0
oInvCollPH,3200,48,0003D30A,0,1,1,4294967295,0,0
oInvCollPH,3200,64,003A86D0,0,1,1,4294967295,0,0
oInvCollPH,3200,80,003D74B3,0,1,1,4294967295,0,0
oInvCollPH,3200,96,00188085,0,1,1,4294967295,0,0
oInvCollPH,3200,112,003E072A,0,1,1,4294967295,0,0
oInvCollPH,3200,128,00327059,0,1,1,4294967295,0,0
oInvCollPH,3216,128,002C0A78,0,1,1,4294967295,0,0
oInvCollPH,3408,128,003C4478,0,1,1,4294967295,0,0
oInvCollPH,3408,112,003A058A,0,1,1,4294967295,0,0
oInvCollPH,3424,96,00105949,0,1,1,4294967295,0,0
oInvCollPH,3440,96,003D5C40,0,1,1,4294967295,0,0
oInvCollPH,3456,96,003DF108,0,1,1,4294967295,0,0
oInvCollPH,3472,96,0032FEFD,0,1,1,4294967295,0,0
oInvCollPH,3488,96,0015F0EE,0,1,1,4294967295,0,0
oInvCollPH,3504,96,002DC8D7,0,1,1,4294967295,0,0
oInvCollPH,3520,96,00091E88,0,1,1,4294967295,0,0
oInvCollPH,3536,96,0021222A,0,1,1,4294967295,0,0
oInvCollPH,3552,96,00212220,0,1,1,4294967295,0,0
oInvCollPH,3568,96,001CB385,0,1,1,4294967295,0,0
oInvCollPH,3584,96,001731BD,0,1,1,4294967295,0,0
oInvCollPH,3600,96,001FECA8,0,1,1,4294967295,0,0
oInvCollPH,3616,112,0025F631,0,1,1,4294967295,0,0
oInvCollPH,3616,128,0016C7C1,0,1,1,4294967295,0,0
oInvCollPH,3616,144,003FEC78,0,1,1,4294967295,0,0
oInvCollPH,3616,160,0013348D,0,1,1,4294967295,0,0
oInvCollPH,3616,176,0025B60D,0,1,1,4294967295,0,0
oInvCollPH,3616,192,0015D007,0,1,1,4294967295,0,0
oInvCollPH,3616,208,001506BE,0,1,1,4294967295,0,0
oInvCollPH,3616,224,003BCD35,0,1,1,4294967295,0,0
oInvCollPH,3616,240,000EC154,0,1,1,4294967295,0,0
oInvCollPH,3616,256,000CAA27,0,1,1,4294967295,0,0
oInvCollPH,3488,288,003B3290,0,1,1,4294967295,0,0
oInvCollPH,3504,272,0037F93C,0,1,1,4294967295,0,0
oInvCollPH,3520,272,0000A553,0,1,1,4294967295,0,0
oInvCollPH,3536,272,002684D2,0,1,1,4294967295,0,0
oInvCollPH,3584,272,003E8348,0,1,1,4294967295,0,0
oInvCollPH,3600,272,0002A62B,0,1,1,4294967295,0,0
oInvCollSH,400,288,003EA8FD,0,1,1,4294967295,0,0
oInvCollSH,416,288,002F3D79,0,1,1,4294967295,0,0
oInvCollSH,432,288,003D6CCF,0,1,1,4294967295,0,0
oInvCollSH,448,288,000D3836,0,1,1,4294967295,0,0
oInvCollSH,464,288,002B1528,0,1,1,4294967295,0,0
oInvCollSH,480,288,002E23EB,0,1,1,4294967295,0,0
oInvCollSH,496,288,000639F9,0,1,1,4294967295,0,0
oInvCollSH,512,288,00228B68,0,1,1,4294967295,0,0
oInvCollSH,528,288,003A9C84,0,1,1,4294967295,0,0
oInvCollSH,976,288,0007B834,0,1,1,4294967295,0,0
oInvCollSH,960,288,001EF5D6,0,1,1,4294967295,0,0
oInvCollSH,944,288,00158552,0,1,1,4294967295,0,0
oInvCollSH,928,288,00134E1F,0,1,1,4294967295,0,0
oInvCollSH,912,288,000F8446,0,1,1,4294967295,0,0
oInvCollSH,896,288,0035C0FA,0,1,1,4294967295,0,0
oInvCollSH,880,288,0007C2E2,0,1,1,4294967295,0,0
oInvCollSH,864,288,002A3DB4,0,1,1,4294967295,0,0
oInvCollSH,848,288,003E8221,0,1,1,4294967295,0,0
oInvCollSH,832,288,001241C1,0,1,1,4294967295,0,0
oInvCollSH,736,288,00273D5A,0,1,1,4294967295,0,0
oInvCollSH,624,288,00337084,0,1,1,4294967295,0,0
oInvCollSH,640,288,001753DD,0,1,1,4294967295,0,0
oInvCollSH,656,288,0027FA7F,0,1,1,4294967295,0,0
oInvCollSH,672,288,00121B2A,0,1,1,4294967295,0,0
oInvCollSH,688,288,001567E9,0,1,1,4294967295,0,0
oInvCollSH,704,288,00103E57,0,1,1,4294967295,0,0
oInvCollSH,720,288,0022309F,0,1,1,4294967295,0,0
oInvCollSH,816,288,0017A039,0,1,1,4294967295,0,0
oInvCollSH,800,288,002507E0,0,1,1,4294967295,0,0
oInvCollSH,784,288,001D0D6A,0,1,1,4294967295,0,0
oInvCollSH,768,288,002A36EA,0,1,1,4294967295,0,0
oInvCollSH,752,288,0016C87B,0,1,1,4294967295,0,0
oInvCollSH,544,288,000CBB30,0,1,1,4294967295,0,0
oInvCollSH,560,288,0017C1AE,0,1,1,4294967295,0,0
oInvCollSH,576,288,00089EDC,0,1,1,4294967295,0,0
oInvCollSH,592,288,001C5677,0,1,1,4294967295,0,0
oInvCollSH,608,288,001937BE,0,1,1,4294967295,0,0
oInvCollSH,1376,320,001E88BD,0,1,1,4294967295,0,0
oInvCollSH,1392,320,003CF685,0,1,1,4294967295,0,0
oInvCollSH,1328,320,0001DA5B,0,1,1,4294967295,0,0
oInvCollSH,1344,320,001494A0,0,1,1,4294967295,0,0
oInvCollSH,1360,320,00052D5B,0,1,1,4294967295,0,0
oInvCollSH,1408,320,003C5B62,0,1,1,4294967295,0,0
oInvCollSH,1424,320,001D49DF,0,1,1,4294967295,0,0
oInvCollSH,1440,320,0007B509,0,1,1,4294967295,0,0
oInvCollSH,1456,320,003903DA,0,1,1,4294967295,0,0
oInvCollSH,1904,320,001A3302,0,1,1,4294967295,0,0
oInvCollSH,1888,320,003E3AB0,0,1,1,4294967295,0,0
oInvCollSH,1872,320,001DEFA3,0,1,1,4294967295,0,0
oInvCollSH,1856,320,000DE7F2,0,1,1,4294967295,0,0
oInvCollSH,1840,320,001E23CC,0,1,1,4294967295,0,0
oInvCollSH,1824,320,001A8696,0,1,1,4294967295,0,0
oInvCollSH,1808,320,002D601E,0,1,1,4294967295,0,0
oInvCollSH,1792,320,0008FE22,0,1,1,4294967295,0,0
oInvCollSH,1776,320,0038784C,0,1,1,4294967295,0,0
oInvCollSH,1760,320,0014231D,0,1,1,4294967295,0,0
oInvCollSH,1552,320,003C6309,0,1,1,4294967295,0,0
oInvCollSH,1568,320,00133403,0,1,1,4294967295,0,0
oInvCollSH,1584,320,0014C2F7,0,1,1,4294967295,0,0
oInvCollSH,1600,320,0010A1E5,0,1,1,4294967295,0,0
oInvCollSH,1616,320,00292A37,0,1,1,4294967295,0,0
oInvCollSH,1680,320,001DCAC4,0,1,1,4294967295,0,0
oInvCollSH,1696,320,001A1AF5,0,1,1,4294967295,0,0
oInvCollSH,1712,320,0031994E,0,1,1,4294967295,0,0
oInvCollSH,1728,320,002C5566,0,1,1,4294967295,0,0
oInvCollSH,1744,320,00085D39,0,1,1,4294967295,0,0
oInvCollSH,1664,320,003470A5,0,1,1,4294967295,0,0
oInvCollSH,1648,320,00052813,0,1,1,4294967295,0,0
oInvCollSH,1632,320,003B597A,0,1,1,4294967295,0,0
oInvCollSH,1472,320,002CEF08,0,1,1,4294967295,0,0
oInvCollSH,1488,320,001A1A30,0,1,1,4294967295,0,0
oInvCollSH,1504,320,001DF74E,0,1,1,4294967295,0,0
oInvCollSH,1520,320,0023C5EA,0,1,1,4294967295,0,0
oInvCollSH,1536,320,00022999,0,1,1,4294967295,0,0
oInvCollSM,2688,304,000B7840,0,1,1,4294967295,0,0
oInvisibleSolid,0,336,0006FCD3,0,1,1,4294967295,0,1
oInvisibleSolid,0,144,000604A4,0,1,1,4294967295,0,1
oInvisibleSolid,0,0,001CAB8F,0,1,1,4294967295,0,1
oInvisibleSolid,192,144,00198635,0,1,1,4294967295,0,1
oInvisibleSolid,320,144,002670CD,0,1,1,4294967295,0,1
oInvisibleSolid,416,0,00256B95,0,1,1,4294967295,0,1
oInvisibleSolid,320,272,001A196B,0,1,1,4294967295,0,1
oInvisibleSolid,224,304,0014B605,0,1,1,4294967295,0,1
oInvisibleSolid,160,352,0022AE3E,0,1,1,4294967295,0,1
oInvisibleSlimSolid,384,288,0014A7BA,0,1,1,4294967295,0,1
oInvisibleSolid,800,0,00217D3A,0,1,1,4294967295,0,1
oInvisibleSolid,992,272,001304C5,0,1,1,4294967295,0,1
oInvisibleSolid,1088,336,003B2EBB,0,1,1,4294967295,0,1
oInvisibleSolid,1184,304,0018AFF3,0,1,1,4294967295,0,1
oInvisibleSolid,1424,160,002575E3,0,1,1,4294967295,0,0
oInvisibleSolid,1792,176,000A9896,0,1,1,4294967295,0,0
oInvisibleSolid,1920,304,000A72AC,0,1,1,4294967295,0,1
oInvisibleSlimSolid,1312,320,00241950,0,1,1,4294967295,0,1
oInvisibleSolid,2496,48,002EDD69,0,1,1,4294967295,0,1
oInvisibleSolid,2848,48,0011A6ED,0,1,1,4294967295,0,1
oInvisibleSolid,3040,240,0001C3D5,0,1,1,4294967295,0,1
oInvisibleSolid,2304,336,0025F606,0,1,1,4294967295,0,1
oInvisibleSolid,3072,272,00010592,0,1,1,4294967295,0,1
oInvisibleSolid,3136,304,00215F70,0,1,1,4294967295,0,1
oInvisibleSolid,2144,288,0033C73B,0,1,1,4294967295,0,0
oInvisibleSolid,2080,304,003198CA,0,1,1,4294967295,0,1
oInvisibleSolid,2208,240,003CEFB1,0,1,1,4294967295,0,1
oInvisibleSolid,1216,80,000B9F79,0,1,1,4294967295,0,1
oInvisibleSolid,1920,80,001CFA40,0,1,1,4294967295,0,1
oInvisibleSolid,1984,112,0015C6EB,0,1,1,4294967295,0,1
oInvisibleSolid,2304,0,00311EE6,0,1,1,4294967295,0,1
oInvisibleSolid,2048,336,0022FC82,0,1,1,4294967295,0,1
oInvisibleSolid,3200,0,0025EC5A,0,1,1,4294967295,0,1
oInvisibleSolid,3232,144,000C3309,0,1,1,4294967295,0,1
oInvisibleSolid,3232,208,0021B693,0,1,1,4294967295,0,1
oInvisibleSolid,3360,208,00216959,0,1,1,4294967295,0,1
oInvisibleSolid,3360,304,0024EFB9,0,1,1,4294967295,0,1
oInvisibleSolid,3328,352,0035B118,0,1,1,4294967295,0,1
oInvisibleSolidMorph,2672,304,00130438,0,1,1,4294967295,0,1
oInvisibleSolid,3424,0,0030CC39,0,1,1,4294967295,0,1
oInvisibleSolid,3616,0,0040407C,0,1,1,4294967295,0,1
oInvisibleSolid,3488,272,002B91FB,0,1,1,4294967295,0,1
oInvisibleSolid,3552,256,003F35B9,0,1,1,4294967295,0,1
oInvisibleSolid,1568,160,00403F57,0,1,1,4294967295,0,0
