oExit,1904,240,002BB9C6,0,1,1,4294967295,0,1
oExit,0,96,002E56E8,0,1,1,4294967295,0,1
oEventBarrier,64,64,00265FF0,0,1,1,4294967295,0,1
oMetSqueept,872,248,0023D4D9,0,1,1,4294967295,0,0
oMetSqueept,1192,216,0033A9AC,0,1,1,4294967295,0,0
oMetSqueept,712,248,00396E53,0,1,1,4294967295,0,0
oMetSqueept,536,248,001EFA04,0,1,1,4294967295,0,0
oPlayer1,1856,272,0024ED1F,0,1,1,4294967295,0,0
oMetroidDoorHolder,1888,240,001303EF,0,1,1,4294967295,0,1
oMetroidDoorHolder,16,96,003F0D2F,0,1,1,4294967295,0,1
oMetMetroid,1520,80,003EA477,0,1,1,4294967295,0,0
oMetMetroid,816,96,003B165E,0,1,1,4294967295,0,0
oMetMetroid,448,80,001CF1F4,0,1,1,4294967295,0,0
oMetLava,1104,208,00013873,0,1,1,4294967295,0,1
oMetLava,480,240,00038B15,0,1,1,4294967295,0,1
oInvCollSM,1456,64,00254DCF,0,1,1,4294967295,0,0
oInvCollSM,1456,96,00056FF5,0,1,1,4294967295,0,0
oInvCollSM,1200,64,000191AB,0,1,1,4294967295,0,0
oInvCollSM,736,64,000D2097,0,1,1,4294967295,0,0
oInvCollSM,96,32,002CC596,0,1,1,4294967295,0,0
oInvCollSM,112,32,0014BD12,0,1,1,4294967295,0,0
oInvCollSM,128,32,00215B59,0,1,1,4294967295,0,0
oInvCollSM,144,32,0012B7E6,0,1,1,4294967295,0,0
oInvCollSM,160,32,002AE279,0,1,1,4294967295,0,0
oInvCollSM,176,32,000B2D69,0,1,1,4294967295,0,0
oInvCollSM,192,32,00174759,0,1,1,4294967295,0,0
oInvCollSM,208,32,001B56E0,0,1,1,4294967295,0,0
oInvCollSM,224,32,00364FE2,0,1,1,4294967295,0,0
oInvCollSM,240,32,000BCEBF,0,1,1,4294967295,0,0
oInvCollSM,256,32,003C767B,0,1,1,4294967295,0,0
oInvCollSM,272,32,0025DB58,0,1,1,4294967295,0,0
oInvCollSM,288,32,0008F71B,0,1,1,4294967295,0,0
oInvCollSM,304,32,002916EC,0,1,1,4294967295,0,0
oInvCollSM,320,32,0008B312,0,1,1,4294967295,0,0
oInvCollSM,336,32,000A7007,0,1,1,4294967295,0,0
oInvCollSM,352,32,00051575,0,1,1,4294967295,0,0
oInvCollSM,368,32,00043701,0,1,1,4294967295,0,0
oInvCollSM,384,32,002F8764,0,1,1,4294967295,0,0
oInvCollSM,400,32,002CFA8E,0,1,1,4294967295,0,0
oInvCollSM,416,32,00082F90,0,1,1,4294967295,0,0
oInvCollSM,432,32,004007FB,0,1,1,4294967295,0,0
oInvCollSM,448,32,000FECB7,0,1,1,4294967295,0,0
oInvCollSM,464,32,002451ED,0,1,1,4294967295,0,0
oInvCollSM,480,32,00136009,0,1,1,4294967295,0,0
oInvCollSM,496,32,001030E3,0,1,1,4294967295,0,0
oInvCollSM,512,32,000C436D,0,1,1,4294967295,0,0
oInvCollSM,528,32,00128577,0,1,1,4294967295,0,0
oInvCollSM,544,32,0019025C,0,1,1,4294967295,0,0
oInvCollSM,560,32,000DBDE9,0,1,1,4294967295,0,0
oInvCollSM,576,32,001BE55B,0,1,1,4294967295,0,0
oInvCollSM,592,32,003031B4,0,1,1,4294967295,0,0
oInvCollSM,608,32,0013FFDF,0,1,1,4294967295,0,0
oInvCollSM,624,32,0034E1DC,0,1,1,4294967295,0,0
oInvCollSM,640,32,000763FA,0,1,1,4294967295,0,0
oInvCollSM,656,32,0023AB1C,0,1,1,4294967295,0,0
oInvCollSM,672,32,001B689F,0,1,1,4294967295,0,0
oInvCollSM,688,32,0012B83C,0,1,1,4294967295,0,0
oInvCollSM,704,32,00090664,0,1,1,4294967295,0,0
oInvCollSM,736,32,000D2019,0,1,1,4294967295,0,0
oInvCollSM,752,32,003513C1,0,1,1,4294967295,0,0
oInvCollSM,768,32,0030F9CD,0,1,1,4294967295,0,0
oInvCollSM,784,32,003B4C10,0,1,1,4294967295,0,0
oInvCollSM,800,32,003AA46F,0,1,1,4294967295,0,0
oInvCollSM,816,32,0019747F,0,1,1,4294967295,0,0
oInvCollSM,832,32,000E0AF5,0,1,1,4294967295,0,0
oInvCollSM,848,32,0010529B,0,1,1,4294967295,0,0
oInvCollSM,864,32,00346229,0,1,1,4294967295,0,0
oInvCollSM,880,32,00285268,0,1,1,4294967295,0,0
oInvCollSM,896,32,001B192B,0,1,1,4294967295,0,0
oInvCollSM,912,32,003257BA,0,1,1,4294967295,0,0
oInvCollSM,928,32,001BB72A,0,1,1,4294967295,0,0
oInvCollSM,944,32,00245795,0,1,1,4294967295,0,0
oInvCollSM,960,32,001BAD1D,0,1,1,4294967295,0,0
oInvCollSM,976,32,00260AAE,0,1,1,4294967295,0,0
oInvCollSM,992,32,00097704,0,1,1,4294967295,0,0
oInvCollSM,1008,32,0032507E,0,1,1,4294967295,0,0
oInvCollSM,1024,32,000426FE,0,1,1,4294967295,0,0
oInvCollSM,1040,32,0013E672,0,1,1,4294967295,0,0
oInvCollSM,1056,32,00222BAB,0,1,1,4294967295,0,0
oInvCollSM,1072,32,003E58F2,0,1,1,4294967295,0,0
oInvCollSM,1088,32,0031645B,0,1,1,4294967295,0,0
oInvCollSM,1104,32,0037E7D4,0,1,1,4294967295,0,0
oInvCollSM,1120,32,00234869,0,1,1,4294967295,0,0
oInvCollSM,1136,32,000C6D94,0,1,1,4294967295,0,0
oInvCollSM,1152,32,0035E4E1,0,1,1,4294967295,0,0
oInvCollSM,1168,32,00151065,0,1,1,4294967295,0,0
oInvCollSM,1200,32,002F8E72,0,1,1,4294967295,0,0
oInvCollSM,1216,32,00258752,0,1,1,4294967295,0,0
oInvCollSM,1232,32,0016AED9,0,1,1,4294967295,0,0
oInvCollSM,1248,32,003843A1,0,1,1,4294967295,0,0
oInvCollSM,1264,32,00325049,0,1,1,4294967295,0,0
oInvCollSM,1280,32,00262855,0,1,1,4294967295,0,0
oInvCollSM,1296,32,0010399B,0,1,1,4294967295,0,0
oInvCollSM,1312,32,00400833,0,1,1,4294967295,0,0
oInvCollSM,1328,32,0016B798,0,1,1,4294967295,0,0
oInvCollSM,1344,32,00223716,0,1,1,4294967295,0,0
oInvCollSM,1360,32,0028EC93,0,1,1,4294967295,0,0
oInvCollSM,1376,32,002CAE1A,0,1,1,4294967295,0,0
oInvCollSM,1392,32,0016B0C6,0,1,1,4294967295,0,0
oInvCollSM,1408,32,0008B7AF,0,1,1,4294967295,0,0
oInvCollSM,1424,32,0005812D,0,1,1,4294967295,0,0
oInvCollSM,1456,32,00083893,0,1,1,4294967295,0,0
oInvCollSM,1472,32,0025D25B,0,1,1,4294967295,0,0
oInvCollSM,1488,32,00151E4B,0,1,1,4294967295,0,0
oInvCollSM,1504,32,001B5FA1,0,1,1,4294967295,0,0
oInvCollSM,1520,32,000BFDF3,0,1,1,4294967295,0,0
oInvCollSM,1536,32,00045122,0,1,1,4294967295,0,0
oInvCollSM,1552,32,0028F096,0,1,1,4294967295,0,0
oInvCollSM,1568,32,001EA5A3,0,1,1,4294967295,0,0
oInvCollSM,1584,32,002B0777,0,1,1,4294967295,0,0
oInvCollSM,1600,32,000248EF,0,1,1,4294967295,0,0
oInvCollSM,1616,32,00144199,0,1,1,4294967295,0,0
oInvCollSM,1632,32,00183382,0,1,1,4294967295,0,0
oInvCollSM,1648,32,001648FC,0,1,1,4294967295,0,0
oInvCollSM,1664,32,001FC1DC,0,1,1,4294967295,0,0
oInvCollSM,1680,32,00376107,0,1,1,4294967295,0,0
oInvCollPH,1200,96,00365E60,0,1,1,4294967295,0,0
oInvCollPH,736,96,002E315E,0,1,1,4294967295,0,0
oInvCollPH,800,208,000B3DA4,0,1,1,4294967295,0,0
oInvCollPH,816,208,00363343,0,1,1,4294967295,0,0
oInvCollPH,592,192,000002AB,0,1,1,4294967295,0,0
oInvCollPH,608,192,0020F308,0,1,1,4294967295,0,0
oInvCollPH,0,48,000DDE06,0,1,1,4294967295,0,0
oInvCollPH,16,48,000D0112,0,1,1,4294967295,0,0
oInvCollPH,32,48,002490A1,0,1,1,4294967295,0,0
oInvCollPH,48,48,000DEBE6,0,1,1,4294967295,0,0
oInvCollPH,64,48,0000EA92,0,1,1,4294967295,0,0
oInvCollPH,464,128,001DF1A8,0,1,1,4294967295,0,0
oInvCollPH,464,144,00401DE4,0,1,1,4294967295,0,0
oInvCollPH,464,160,00221774,0,1,1,4294967295,0,0
oInvCollPH,464,176,000E88F8,0,1,1,4294967295,0,0
oInvCollPH,464,192,000C0F55,0,1,1,4294967295,0,0
oInvCollPH,464,272,0012AEC7,0,1,1,4294967295,0,0
oInvCollPH,464,256,003CAE1D,0,1,1,4294967295,0,0
oInvCollPH,464,240,001D2A7E,0,1,1,4294967295,0,0
oInvCollPH,464,224,000E9D10,0,1,1,4294967295,0,0
oInvCollPH,464,208,00216DED,0,1,1,4294967295,0,0
oInvCollPH,464,288,00371AE7,0,1,1,4294967295,0,0
oInvCollPH,16,128,003AA9DC,0,1,1,4294967295,0,0
oInvCollPH,32,128,0012C72B,0,1,1,4294967295,0,0
oInvCollPH,48,128,000F0641,0,1,1,4294967295,0,0
oInvCollPH,64,128,00042A16,0,1,1,4294967295,0,0
oInvCollPH,80,128,002671F3,0,1,1,4294967295,0,0
oInvCollPH,96,128,000E1C84,0,1,1,4294967295,0,0
oInvCollPH,112,128,002B616F,0,1,1,4294967295,0,0
oInvCollPH,128,128,00340B41,0,1,1,4294967295,0,0
oInvCollPH,144,128,002747A7,0,1,1,4294967295,0,0
oInvCollPH,160,128,002C77D6,0,1,1,4294967295,0,0
oInvCollPH,176,128,00395864,0,1,1,4294967295,0,0
oInvCollPH,192,128,001181E4,0,1,1,4294967295,0,0
oInvCollPH,208,128,0012AB99,0,1,1,4294967295,0,0
oInvCollPH,224,128,001582C1,0,1,1,4294967295,0,0
oInvCollPH,240,128,001B1286,0,1,1,4294967295,0,0
oInvCollPH,256,128,003AE600,0,1,1,4294967295,0,0
oInvCollPH,272,128,002855F1,0,1,1,4294967295,0,0
oInvCollPH,288,128,000E9C14,0,1,1,4294967295,0,0
oInvCollPH,304,128,0001698F,0,1,1,4294967295,0,0
oInvCollPH,320,128,00072747,0,1,1,4294967295,0,0
oInvCollPH,336,128,0004A0B4,0,1,1,4294967295,0,0
oInvCollPH,352,128,0017CD9D,0,1,1,4294967295,0,0
oInvCollPH,368,128,000D3EF8,0,1,1,4294967295,0,0
oInvCollPH,384,128,002D7E17,0,1,1,4294967295,0,0
oInvCollPH,400,128,0005BD25,0,1,1,4294967295,0,0
oInvCollPH,416,128,003A66D2,0,1,1,4294967295,0,0
oInvCollPH,432,128,002298EE,0,1,1,4294967295,0,0
oInvCollPH,448,128,001F01EC,0,1,1,4294967295,0,0
oInvCollPH,496,304,0004FE69,0,1,1,4294967295,0,0
oInvCollPH,512,304,000A0232,0,1,1,4294967295,0,0
oInvCollPH,528,304,003CDF41,0,1,1,4294967295,0,0
oInvCollPH,544,304,002864F9,0,1,1,4294967295,0,0
oInvCollPH,560,304,0020816D,0,1,1,4294967295,0,0
oInvCollPH,576,304,002E1F3D,0,1,1,4294967295,0,0
oInvCollPH,592,304,0021F49E,0,1,1,4294967295,0,0
oInvCollPH,624,304,002DB58F,0,1,1,4294967295,0,0
oInvCollPH,608,304,00184E40,0,1,1,4294967295,0,0
oInvCollPH,880,304,0010BFAF,0,1,1,4294967295,0,0
oInvCollPH,864,304,00250EE3,0,1,1,4294967295,0,0
oInvCollPH,848,304,0030EF2F,0,1,1,4294967295,0,0
oInvCollPH,832,304,0019213D,0,1,1,4294967295,0,0
oInvCollPH,816,304,003538C5,0,1,1,4294967295,0,0
oInvCollPH,800,304,001B88D3,0,1,1,4294967295,0,0
oInvCollPH,784,304,0018AB6D,0,1,1,4294967295,0,0
oInvCollPH,768,304,00011183,0,1,1,4294967295,0,0
oInvCollPH,736,304,0009A23E,0,1,1,4294967295,0,0
oInvCollPH,752,304,0017732B,0,1,1,4294967295,0,0
oInvCollPH,672,304,0020C997,0,1,1,4294967295,0,0
oInvCollPH,688,304,000A5312,0,1,1,4294967295,0,0
oInvCollPH,640,304,0010F6F5,0,1,1,4294967295,0,0
oInvCollPH,656,304,00140BFA,0,1,1,4294967295,0,0
oInvCollPH,704,304,0036BE63,0,1,1,4294967295,0,0
oInvCollPH,720,304,002117CD,0,1,1,4294967295,0,0
oInvCollPH,720,80,000E51B3,0,1,1,4294967295,0,0
oInvCollPH,720,112,00350E2B,0,1,1,4294967295,0,0
oInvCollPH,1184,80,003AF290,0,1,1,4294967295,0,0
oInvCollPH,1184,112,0016A4B2,0,1,1,4294967295,0,0
oInvCollPH,1440,80,003C2879,0,1,1,4294967295,0,0
oInvCollPH,1440,112,0022F97B,0,1,1,4294967295,0,0
oInvCollPH,1856,144,0033D224,0,1,1,4294967295,0,0
oInvCollPH,1856,160,003A80ED,0,1,1,4294967295,0,0
oInvCollPH,1856,176,0005E0C3,0,1,1,4294967295,0,0
oInvCollPH,1856,192,000181D3,0,1,1,4294967295,0,0
oInvCollPH,1872,192,0029D716,0,1,1,4294967295,0,0
oInvCollPH,1888,192,0004E02B,0,1,1,4294967295,0,0
oInvCollPH,1904,192,000910EB,0,1,1,4294967295,0,0
oInvCollPH,1696,48,003BCCA5,0,1,1,4294967295,0,0
oInvCollPH,1696,64,000FF13E,0,1,1,4294967295,0,0
oInvCollPH,1696,80,000E0B83,0,1,1,4294967295,0,0
oInvCollPH,1696,96,0036DF35,0,1,1,4294967295,0,0
oInvCollPH,1696,112,0023F623,0,1,1,4294967295,0,0
oInvCollPH,1760,112,0004952F,0,1,1,4294967295,0,0
oInvCollPH,1744,112,001D4CBE,0,1,1,4294967295,0,0
oInvCollPH,1728,112,00140B50,0,1,1,4294967295,0,0
oInvCollPH,1712,112,0022ED01,0,1,1,4294967295,0,0
oInvCollPH,1840,112,00086002,0,1,1,4294967295,0,0
oInvCollPH,1824,112,001818F7,0,1,1,4294967295,0,0
oInvCollPH,1808,112,0016CFB5,0,1,1,4294967295,0,0
oInvCollPH,1792,112,001B22BF,0,1,1,4294967295,0,0
oInvCollPH,1776,112,000DF9CD,0,1,1,4294967295,0,0
oInvCollPH,1120,272,0036A11A,0,1,1,4294967295,0,0
oInvCollPH,1136,272,0016859B,0,1,1,4294967295,0,0
oInvCollPH,1152,272,0036A879,0,1,1,4294967295,0,0
oInvCollPH,1168,272,000AC54C,0,1,1,4294967295,0,0
oInvCollPH,1184,272,0015A73A,0,1,1,4294967295,0,0
oInvCollPH,1200,272,000AA09A,0,1,1,4294967295,0,0
oInvCollPH,1216,272,00337A0E,0,1,1,4294967295,0,0
oInvCollPH,1232,272,0027398D,0,1,1,4294967295,0,0
oInvCollPH,1248,272,0039BC5E,0,1,1,4294967295,0,0
oInvCollPH,1264,272,000CD307,0,1,1,4294967295,0,0
oInvCollPH,1664,272,00231514,0,1,1,4294967295,0,0
oInvCollPH,1680,272,0018EF3F,0,1,1,4294967295,0,0
oInvCollPH,1696,272,003DFCCF,0,1,1,4294967295,0,0
oInvCollPH,1712,272,003F4386,0,1,1,4294967295,0,0
oInvCollPH,1728,272,0007181A,0,1,1,4294967295,0,0
oInvCollPH,1648,272,00105E05,0,1,1,4294967295,0,0
oInvCollPH,1744,272,001939E2,0,1,1,4294967295,0,0
oInvCollPH,1760,272,001D01BD,0,1,1,4294967295,0,0
oInvCollPH,1776,272,00138E18,0,1,1,4294967295,0,0
oInvCollPH,1792,272,000A9205,0,1,1,4294967295,0,0
oInvCollPH,1808,272,002CDB42,0,1,1,4294967295,0,0
oInvCollPH,1824,272,00035261,0,1,1,4294967295,0,0
oInvCollPH,1840,272,00089795,0,1,1,4294967295,0,0
oInvCollPH,1856,272,003018EA,0,1,1,4294967295,0,0
oInvCollPH,1872,272,00133248,0,1,1,4294967295,0,0
oInvCollPH,1888,272,002B1228,0,1,1,4294967295,0,0
oInvCollPH,1904,272,00329F16,0,1,1,4294967295,0,0
oInvCollPH,1472,144,000B039C,0,1,1,4294967295,0,0
oInvCollPH,1472,160,0009DC98,0,1,1,4294967295,0,0
oInvCollPH,1472,176,0001ED1E,0,1,1,4294967295,0,0
oInvCollPH,1488,128,003051BA,0,1,1,4294967295,0,0
oInvCollPH,1504,128,00365AEB,0,1,1,4294967295,0,0
oInvCollPH,1520,128,003C98A8,0,1,1,4294967295,0,0
oInvCollPH,1536,128,0034EA6B,0,1,1,4294967295,0,0
oInvCollPH,1552,128,002F560D,0,1,1,4294967295,0,0
oInvCollPH,1568,128,00133BC2,0,1,1,4294967295,0,0
oInvCollPH,1584,128,003F6C9A,0,1,1,4294967295,0,0
oInvCollPH,1600,128,0024ABF5,0,1,1,4294967295,0,0
oInvCollPH,1616,128,002670DC,0,1,1,4294967295,0,0
oInvCollPH,1632,128,001A4AD2,0,1,1,4294967295,0,0
oInvCollPH,1632,144,002F5827,0,1,1,4294967295,0,0
oInvCollPH,1632,160,00210B11,0,1,1,4294967295,0,0
oInvCollPH,1632,176,0040068E,0,1,1,4294967295,0,0
oInvCollPH,1456,192,0017F523,0,1,1,4294967295,0,0
oInvCollPH,1440,192,000E1339,0,1,1,4294967295,0,0
oInvCollPH,1424,192,001EAB1E,0,1,1,4294967295,0,0
oInvCollPH,1408,192,000DAE5A,0,1,1,4294967295,0,0
oInvCollPH,1296,192,003B2C2D,0,1,1,4294967295,0,0
oInvCollPH,1312,192,00383143,0,1,1,4294967295,0,0
oInvCollPH,1328,192,00145C1F,0,1,1,4294967295,0,0
oInvCollPH,1344,192,00095DE9,0,1,1,4294967295,0,0
oInvCollPH,1360,192,003639CF,0,1,1,4294967295,0,0
oInvCollPH,1376,192,002D778A,0,1,1,4294967295,0,0
oInvCollPH,1392,192,000C9B1A,0,1,1,4294967295,0,0
oInvCollPH,1280,208,000ED844,0,1,1,4294967295,0,0
oInvCollPH,1280,224,00140F7D,0,1,1,4294967295,0,0
oInvCollPH,1280,240,00110374,0,1,1,4294967295,0,0
oInvCollPH,1280,256,0004A01C,0,1,1,4294967295,0,0
oInvCollPH,1632,192,000848D6,0,1,1,4294967295,0,0
oInvCollPH,1632,208,0030F2EE,0,1,1,4294967295,0,0
oInvCollPH,1632,224,000915B5,0,1,1,4294967295,0,0
oInvCollPH,1632,240,0030BFB7,0,1,1,4294967295,0,0
oInvCollPH,1632,256,0036D75B,0,1,1,4294967295,0,0
oInvCollPH,896,208,002EA262,0,1,1,4294967295,0,0
oInvCollPH,896,224,00055CF4,0,1,1,4294967295,0,0
oInvCollPH,896,240,00081183,0,1,1,4294967295,0,0
oInvCollPH,896,256,000CF355,0,1,1,4294967295,0,0
oInvCollPH,896,272,000B6AE2,0,1,1,4294967295,0,0
oInvCollPH,896,288,0028C6D2,0,1,1,4294967295,0,0
oInvCollPH,912,192,00012714,0,1,1,4294967295,0,0
oInvCollPH,928,192,003276AA,0,1,1,4294967295,0,0
oInvCollPH,944,192,0037AF45,0,1,1,4294967295,0,0
oInvCollPH,960,192,002FFFB3,0,1,1,4294967295,0,0
oInvCollPH,1056,192,000022BB,0,1,1,4294967295,0,0
oInvCollPH,1040,192,000D184B,0,1,1,4294967295,0,0
oInvCollPH,1024,192,00183D85,0,1,1,4294967295,0,0
oInvCollPH,1008,192,00020F08,0,1,1,4294967295,0,0
oInvCollPH,992,192,00137107,0,1,1,4294967295,0,0
oInvCollPH,976,192,000A7CD3,0,1,1,4294967295,0,0
oInvCollPH,1072,192,003A52C4,0,1,1,4294967295,0,0
oInvCollPH,1088,192,002264F9,0,1,1,4294967295,0,0
oInvCollPH,1088,208,00256308,0,1,1,4294967295,0,0
oInvCollPH,1088,224,003F68C7,0,1,1,4294967295,0,0
oInvCollPH,1088,240,001CE18E,0,1,1,4294967295,0,0
oInvCollPH,1088,256,00065B11,0,1,1,4294967295,0,0
oInvisibleSolid,1856,128,003F2AB6,0,1,1,4294967295,0,1
oInvisibleSolid,1696,0,0028563D,0,1,1,4294967295,0,1
oInvisibleSolid,80,0,001DA91D,0,1,1,4294967295,0,0
oInvisibleSolid,0,0,00156AFA,0,1,1,4294967295,0,1
oInvisibleSolid,0,128,002E57DC,0,1,1,4294967295,0,1
oInvisibleSolid,576,192,00295CBB,0,1,1,4294967295,0,1
oInvisibleSolid,480,304,0027DC37,0,1,1,4294967295,0,1
oInvisibleSolid,784,208,0033841D,0,1,1,4294967295,0,1
oInvisibleSolid,896,192,0035DAB3,0,1,1,4294967295,0,1
oInvisibleSolid,1104,272,00074213,0,1,1,4294967295,0,1
oInvisibleSolid,1280,192,001B7A89,0,1,1,4294967295,0,1
oInvisibleSolid,1472,128,0013EDB2,0,1,1,4294967295,0,1
oInvisibleSolid,704,96,00262A1D,0,1,1,4294967295,0,1
oInvisibleSolid,1168,96,000EC349,0,1,1,4294967295,0,1
oInvisibleSolidMorph,704,64,0003D1D8,0,1,1,4294967295,0,1
oInvisibleSolidMorph,1168,64,002190CB,0,1,1,4294967295,0,1
oInvisibleSolidMorph,1424,64,003EA1F3,0,1,1,4294967295,0,1
oInvisibleSolidMorph,1424,96,00394EBC,0,1,1,4294967295,0,1
oInvisibleSolidMorph,80,32,0011B7FD,0,1,1,4294967295,0,1
oInvisibleSolid,720,48,002E1937,0,1,1,4294967295,0,1
oInvisibleSolid,1184,48,002AC221,0,1,1,4294967295,0,1
oInvisibleSolid,1440,48,0002701F,0,1,1,4294967295,0,1
oMB_Turret,704,64,003DF827,0,1,1,4294967295,0,1
oMB_Turret,736,64,002A1C73,0,1,1,4294967295,0,1
oMB_Turret,1168,64,0019F9DF,0,1,1,4294967295,0,1
oMB_Turret,1200,64,00350109,0,1,1,4294967295,0,1
oMB_Turret,1424,64,0025FD32,0,1,1,4294967295,0,1
oMB_Turret,1456,64,001B54C4,0,1,1,4294967295,0,1
