oPlatRail,464,272,00181A74,0,1,1,4294967295,0,1
oPlatRail,656,176,000850BC,0,1,1,4294967295,0,1
oPlatRail,464,176,00003FBC,0,1,1,4294967295,0,1
oPlatRail,656,240,00079692,0,1,1,4294967295,0,1
oPlatRail,288,272,0032D570,0,1,1,4294967295,0,1
oPlatRail,816,128,0038C422,0,1,1,4294967295,0,1
oPlatRail,1440,224,0015537B,0,1,1,4294967295,0,1
oPlatRail,1904,192,001F3D3F,0,1,1,4294967295,0,1
oPlatRail,2064,192,003C28E1,0,1,1,4294967295,0,1
oPlatRail,2224,192,001CFC17,0,1,1,4294967295,0,1
oPlatRail,1984,192,001D6F78,0,1,1,4294967295,0,1
oPlatRail,2144,192,0018770A,0,1,1,4294967295,0,1
oPlatRail,2304,192,002FC2D8,0,1,1,4294967295,0,1
oPlatRail,1664,224,001EEE8B,0,1,1,4294967295,0,1
oPlatRail,1440,288,003D87C1,0,1,1,4294967295,0,1
oPlatRail,1904,304,001258B9,0,1,1,4294967295,0,1
oPlatRail,2064,304,0001F48B,0,1,1,4294967295,0,1
oPlatRail,2224,304,001BE9A7,0,1,1,4294967295,0,1
oPlatRail,2384,304,002DFBC9,0,1,1,4294967295,0,1
oPlatRail,2304,304,000553EB,0,1,1,4294967295,0,1
oPlatRail,1984,304,001EB703,0,1,1,4294967295,0,1
oPlatRail,960,288,0038E3A9,0,1,1,4294967295,0,1
oPlatRail,1264,144,000C26E7,0,1,1,4294967295,0,1
oPlatRail,2576,192,00353988,0,1,1,4294967295,0,1
oPlatRail,816,240,0030D892,0,1,1,4294967295,0,1
oPlatRail,960,128,000469A3,0,1,1,4294967295,0,1
oPlatRail,1264,288,003BC379,0,1,1,4294967295,0,1
oPlatRail,1664,304,001B4AE5,0,1,1,4294967295,0,1
oPlatRail,2144,304,00070DFC,0,1,1,4294967295,0,1
oPlatRail,2384,192,000A4350,0,1,1,4294967295,0,1
oExit,0,320,002858D0,0,1,1,4294967295,0,1
oExit,2928,288,003364EB,0,1,1,4294967295,0,1
oSwitchRailRotate,528,288,00313192,0,1,1,4294967295,0,1
oSwitchRailRotate,848,208,00075347,0,1,1,4294967295,0,1
oSwitchRailRotate,976,80,002967AE,0,1,1,4294967295,0,1
oSwitchRailRotate,1184,240,001AE16E,0,1,1,4294967295,0,1
oSwitchRailRotate,1616,112,00064A13,0,1,1,4294967295,0,1
oSwitchRailRotate,2208,240,0030F103,0,1,1,4294967295,0,1
oSwitchRailRotate,2336,64,002FE748,0,1,1,4294967295,0,1
oRailChainDevice,344,280,003CCBB5,0,1,1,4294967295,0,1
oStaticSpike,2528,32,0016F850,0,1,1,4294967295,0,0
oStaticSpike,2528,48,002E42FE,0,1,1,4294967295,0,0
oStaticSpike,2528,64,00272C5E,0,1,1,4294967295,0,0
oStaticSpike,2528,80,001E61D1,0,1,1,4294967295,0,0
oStaticSpike,2528,96,000F1D4A,0,1,1,4294967295,0,0
oStaticSpike,2528,112,00196C7C,0,1,1,4294967295,0,0
oStaticSpike,2528,128,003177BD,0,1,1,4294967295,0,0
oStaticSpike,2528,144,0012B243,0,1,1,4294967295,0,0
oStaticSpike,2032,224,0013B448,0,1,1,4294967295,0,0
oStaticSpike,2032,240,000A6186,0,1,1,4294967295,0,0
oStaticSpike,2032,256,001B9EAB,0,1,1,4294967295,0,0
oStaticSpike,2016,224,0022BED3,0,1,1,4294967295,0,0
oStaticSpike,2016,240,000D7530,0,1,1,4294967295,0,0
oStaticSpike,2016,256,002D0C48,0,1,1,4294967295,0,0
oStaticSpike,1088,224,0001153A,0,1,1,4294967295,0,0
oStaticSpike,1088,240,00315492,0,1,1,4294967295,0,0
oStaticSpike,1088,256,0023FE0A,0,1,1,4294967295,0,0
oStaticSpike,544,128,00241A7D,0,1,1,4294967295,0,0
oStaticSpike,560,128,001002B0,0,1,1,4294967295,0,0
oStaticSpike,576,128,002FC817,0,1,1,4294967295,0,0
oStaticSpike,544,240,00045231,0,1,1,4294967295,0,0
oStaticSpike,560,240,00021C1D,0,1,1,4294967295,0,0
oStaticSpike,576,240,001093DF,0,1,1,4294967295,0,0
oStaticSpike,928,160,003D0FF5,0,1,1,4294967295,0,0
oStaticSpike,992,160,0019B6CF,0,1,1,4294967295,0,0
oStaticSpike,992,96,0028A44C,0,1,1,4294967295,0,0
oStaticSpike,928,96,001C9517,0,1,1,4294967295,0,0
oStaticSpike,928,320,001FBA09,0,1,1,4294967295,0,0
oStaticSpike,928,256,0001BC31,0,1,1,4294967295,0,0
oStaticSpike,992,256,00373BED,0,1,1,4294967295,0,0
oStaticSpike,992,320,002D1334,0,1,1,4294967295,0,0
oStaticSpike,1216,224,0035D545,0,1,1,4294967295,0,0
oStaticSpike,1216,240,0001407A,0,1,1,4294967295,0,0
oStaticSpike,1216,208,00019FDF,0,1,1,4294967295,0,0
oStaticSpike,1216,192,002FCAF0,0,1,1,4294967295,0,0
oStaticSpike,1552,144,000544DB,0,1,1,4294967295,0,0
oStaticSpike,1552,160,00111607,0,1,1,4294967295,0,0
oStaticSpike,1552,176,002AF548,0,1,1,4294967295,0,0
oStaticSpike,1552,192,001E8F96,0,1,1,4294967295,0,0
oStaticSpike,1552,208,002833A3,0,1,1,4294967295,0,0
oStaticSpike,1552,224,0039ED1F,0,1,1,4294967295,0,0
oStaticSpike,1552,240,003BD3F1,0,1,1,4294967295,0,0
oStaticSpike,1552,256,002C76E0,0,1,1,4294967295,0,0
oStaticSpike,1552,272,0026E7D4,0,1,1,4294967295,0,0
oStaticSpike,1552,288,000BAF69,0,1,1,4294967295,0,0
oStaticSpike,1552,304,002C5048,0,1,1,4294967295,0,0
oStaticSpike,1552,128,00205F64,0,1,1,4294967295,0,0
oStaticSpike,1552,320,003DF88B,0,1,1,4294967295,0,0
oStaticSpike,2496,304,00205652,0,1,1,4294967295,0,0
oStaticSpike,2512,304,000554D1,0,1,1,4294967295,0,0
oStaticSpike,2528,304,000A8A22,0,1,1,4294967295,0,0
oStaticSpike,2544,304,0020F6E6,0,1,1,4294967295,0,0
oStaticSpike,2560,304,0019E4D1,0,1,1,4294967295,0,0
oStaticSpike,2560,320,003E1D68,0,1,1,4294967295,0,0
oStaticSpike,2544,320,0021D2B8,0,1,1,4294967295,0,0
oStaticSpike,2528,320,001A519D,0,1,1,4294967295,0,0
oStaticSpike,2512,320,0025D50C,0,1,1,4294967295,0,0
oStaticSpike,2496,320,0027F0AF,0,1,1,4294967295,0,0
oStaticSpike,2496,336,003025D9,0,1,1,4294967295,0,0
oStaticSpike,2512,336,003640A1,0,1,1,4294967295,0,0
oStaticSpike,2528,336,0002A67F,0,1,1,4294967295,0,0
oStaticSpike,2544,336,0005A4A8,0,1,1,4294967295,0,0
oStaticSpike,2560,336,0007657E,0,1,1,4294967295,0,0
oStaticSpike,2336,240,003C2A99,0,1,1,4294967295,0,0
oStaticSpike,2352,240,0011A1AD,0,1,1,4294967295,0,0
oStaticSpike,2336,256,001C2229,0,1,1,4294967295,0,0
oStaticSpike,2352,256,0018AF1E,0,1,1,4294967295,0,0
oStaticSpike,2336,160,00376631,0,1,1,4294967295,0,0
oStaticSpike,2336,176,00196064,0,1,1,4294967295,0,0
oStaticSpike,2352,176,00259688,0,1,1,4294967295,0,0
oStaticSpike,2352,160,00245A7C,0,1,1,4294967295,0,0
oStaticSpike,2192,144,0037942E,0,1,1,4294967295,0,0
oStaticSpike,2176,144,0032A806,0,1,1,4294967295,0,0
oStaticSpike,2176,128,0003AAA1,0,1,1,4294967295,0,0
oStaticSpike,2192,128,001E4907,0,1,1,4294967295,0,0
oStaticSpike,2256,336,000C007F,0,1,1,4294967295,0,0
oStaticSpike,2256,352,002F409B,0,1,1,4294967295,0,0
oStaticSpike,2272,352,0013B565,0,1,1,4294967295,0,0
oStaticSpike,2272,336,001CAA86,0,1,1,4294967295,0,0
oStaticSpike,1792,336,001E5814,0,1,1,4294967295,0,0
oStaticSpike,1808,336,00066FC7,0,1,1,4294967295,0,0
oStaticSpike,1792,352,000EF0C2,0,1,1,4294967295,0,0
oStaticSpike,1808,352,002820E2,0,1,1,4294967295,0,0
oStaticSpike,1728,272,0015CD48,0,1,1,4294967295,0,0
oStaticSpike,1856,272,001D9D8F,0,1,1,4294967295,0,0
oStaticSpike,1856,288,0039B79E,0,1,1,4294967295,0,0
oStaticSpike,1728,288,003D1D78,0,1,1,4294967295,0,0
oCHAOS_AirGunner,816,192,0019B2A7,0,1,1,4294967295,0,0
oPlayer1,48,352,00045A0F,0,1,1,4294967295,0,0
oInvCollPH,16,352,0011378E,0,1,1,4294967295,0,0
oInvCollPH,32,352,00238B26,0,1,1,4294967295,0,0
oInvCollPH,48,352,0023EC64,0,1,1,4294967295,0,0
oInvCollPH,64,352,00223BDB,0,1,1,4294967295,0,0
oInvCollPH,80,352,00136CD8,0,1,1,4294967295,0,0
oInvCollPH,96,352,001084B8,0,1,1,4294967295,0,0
oInvCollPH,112,352,000E95D6,0,1,1,4294967295,0,0
oInvCollPH,128,352,0012F991,0,1,1,4294967295,0,0
oInvCollPH,144,352,000B1739,0,1,1,4294967295,0,0
oInvCollPH,160,352,002D1EDB,0,1,1,4294967295,0,0
oInvCollPH,160,368,002F01CC,0,1,1,4294967295,0,0
oInvCollPH,160,384,00108088,0,1,1,4294967295,0,0
oInvCollPH,160,400,0018D8B5,0,1,1,4294967295,0,0
oInvCollPH,0,272,000619B8,0,1,1,4294967295,0,0
oInvCollPH,16,272,003ABFDD,0,1,1,4294967295,0,0
oInvCollPH,32,272,002347FD,0,1,1,4294967295,0,0
oInvCollPH,48,272,001C3D6F,0,1,1,4294967295,0,0
oInvCollPH,48,256,00341784,0,1,1,4294967295,0,0
oInvCollPH,64,240,000D2E8E,0,1,1,4294967295,0,0
oInvCollPH,80,240,0036D647,0,1,1,4294967295,0,0
oInvCollPH,80,224,0026E854,0,1,1,4294967295,0,0
oInvCollPH,96,208,0037FDE6,0,1,1,4294967295,0,0
oInvCollPH,112,208,002CCF3D,0,1,1,4294967295,0,0
oInvCollPH,112,192,001B7AFC,0,1,1,4294967295,0,0
oInvCollPH,128,176,003A0EA0,0,1,1,4294967295,0,0
oInvCollPH,144,176,0030FF19,0,1,1,4294967295,0,0
oInvCollPH,144,160,0021A543,0,1,1,4294967295,0,0
oInvCollPH,160,144,000E541C,0,1,1,4294967295,0,0
oInvCollPH,176,144,0010805C,0,1,1,4294967295,0,0
oInvCollPH,176,128,002D08A2,0,1,1,4294967295,0,0
oInvCollPH,192,112,0020BDC6,0,1,1,4294967295,0,0
oInvCollPH,208,112,00351197,0,1,1,4294967295,0,0
oInvCollPH,208,96,002984FF,0,1,1,4294967295,0,0
oInvCollPH,224,80,00253E6C,0,1,1,4294967295,0,0
oInvCollPH,240,80,0035BB8B,0,1,1,4294967295,0,0
oInvCollPH,240,64,001DCD5D,0,1,1,4294967295,0,0
oInvCollPH,256,48,00250A37,0,1,1,4294967295,0,0
oInvCollPH,272,48,00202FE5,0,1,1,4294967295,0,0
oInvCollPH,272,32,0029052C,0,1,1,4294967295,0,0
oInvCollPH,288,16,002C1981,0,1,1,4294967295,0,0
oInvCollPH,304,16,003A9916,0,1,1,4294967295,0,0
oInvCollPH,320,48,000848AD,0,1,1,4294967295,0,0
oInvCollPH,336,32,002DA1FB,0,1,1,4294967295,0,0
oInvCollPH,352,16,0024E83D,0,1,1,4294967295,0,0
oInvCollPH,368,16,0017B612,0,1,1,4294967295,0,0
oInvCollPH,384,16,0016767E,0,1,1,4294967295,0,0
oInvCollPH,400,16,002F5EAE,0,1,1,4294967295,0,0
oInvCollPH,416,16,0026372B,0,1,1,4294967295,0,0
oInvCollPH,432,16,000E251E,0,1,1,4294967295,0,0
oInvCollPH,448,16,003E4343,0,1,1,4294967295,0,0
oInvCollPH,464,16,002EEF17,0,1,1,4294967295,0,0
oInvCollPH,480,16,001D1C6A,0,1,1,4294967295,0,0
oInvCollPH,496,16,0040409E,0,1,1,4294967295,0,0
oInvCollPH,512,16,001C1041,0,1,1,4294967295,0,0
oInvCollPH,528,16,00255949,0,1,1,4294967295,0,0
oInvCollPH,544,16,0023E699,0,1,1,4294967295,0,0
oInvCollPH,560,16,0010EBBC,0,1,1,4294967295,0,0
oInvCollPH,576,16,00355A45,0,1,1,4294967295,0,0
oInvCollPH,592,16,003A8D7B,0,1,1,4294967295,0,0
oInvCollPH,608,16,003D9767,0,1,1,4294967295,0,0
oInvCollPH,624,16,002CBAA3,0,1,1,4294967295,0,0
oInvCollPH,640,16,0028E276,0,1,1,4294967295,0,0
oInvCollPH,656,16,003697B4,0,1,1,4294967295,0,0
oInvCollPH,672,16,000758D5,0,1,1,4294967295,0,0
oInvCollPH,688,16,002A997E,0,1,1,4294967295,0,0
oInvCollPH,704,16,003B2BFA,0,1,1,4294967295,0,0
oInvCollPH,720,16,000A7B89,0,1,1,4294967295,0,0
oInvCollPH,736,16,001298CF,0,1,1,4294967295,0,0
oInvCollPH,752,16,001C3217,0,1,1,4294967295,0,0
oInvCollPH,768,16,003A3FC3,0,1,1,4294967295,0,0
oInvCollPH,784,16,003025B5,0,1,1,4294967295,0,0
oInvCollPH,800,16,000F918F,0,1,1,4294967295,0,0
oInvCollPH,816,16,0007A043,0,1,1,4294967295,0,0
oInvCollPH,832,16,0038C218,0,1,1,4294967295,0,0
oInvCollPH,848,16,0020ECCE,0,1,1,4294967295,0,0
oInvCollPH,864,16,001B9BE6,0,1,1,4294967295,0,0
oInvCollPH,880,16,0032C7B1,0,1,1,4294967295,0,0
oInvCollPH,896,16,00137EB6,0,1,1,4294967295,0,0
oInvCollPH,912,16,00388E67,0,1,1,4294967295,0,0
oInvCollPH,928,16,0015D376,0,1,1,4294967295,0,0
oInvCollPH,944,16,001A132B,0,1,1,4294967295,0,0
oInvCollPH,960,16,000F6234,0,1,1,4294967295,0,0
oInvCollPH,976,16,00202429,0,1,1,4294967295,0,0
oInvCollPH,992,16,00198791,0,1,1,4294967295,0,0
oInvCollPH,1008,16,0030F3CD,0,1,1,4294967295,0,0
oInvCollPH,1024,16,003210A2,0,1,1,4294967295,0,0
oInvCollPH,1040,16,00069343,0,1,1,4294967295,0,0
oInvCollPH,1056,16,001D2E03,0,1,1,4294967295,0,0
oInvCollPH,1072,16,002A11FB,0,1,1,4294967295,0,0
oInvCollPH,1088,16,0005423D,0,1,1,4294967295,0,0
oInvCollPH,1104,16,0039A184,0,1,1,4294967295,0,0
oInvCollPH,1120,16,002101FD,0,1,1,4294967295,0,0
oInvCollPH,1136,16,00150632,0,1,1,4294967295,0,0
oInvCollPH,1152,16,0016C18A,0,1,1,4294967295,0,0
oInvCollPH,1168,16,0006EAB0,0,1,1,4294967295,0,0
oInvCollPH,1184,16,0015AFFE,0,1,1,4294967295,0,0
oInvCollPH,1200,16,0038BD18,0,1,1,4294967295,0,0
oInvCollPH,1216,16,0011C8F3,0,1,1,4294967295,0,0
oInvCollPH,1232,16,0010EEAA,0,1,1,4294967295,0,0
oInvCollPH,1248,16,003B7E6B,0,1,1,4294967295,0,0
oInvCollPH,1264,16,0016A58E,0,1,1,4294967295,0,0
oInvCollPH,1280,16,002C1C90,0,1,1,4294967295,0,0
oInvCollPH,1296,16,002D32C0,0,1,1,4294967295,0,0
oInvCollPH,1312,16,0020B1D7,0,1,1,4294967295,0,0
oInvCollPH,1328,16,00142DC8,0,1,1,4294967295,0,0
oInvCollPH,1344,16,0016311F,0,1,1,4294967295,0,0
oInvCollPH,1360,16,0016B942,0,1,1,4294967295,0,0
oInvCollPH,1376,16,000296DC,0,1,1,4294967295,0,0
oInvCollPH,1392,16,0038F36C,0,1,1,4294967295,0,0
oInvCollPH,1408,16,00165AD2,0,1,1,4294967295,0,0
oInvCollPH,1424,16,003CA6F2,0,1,1,4294967295,0,0
oInvCollPH,1440,16,000D66D5,0,1,1,4294967295,0,0
oInvCollPH,1456,16,001E5840,0,1,1,4294967295,0,0
oInvCollPH,1472,16,003FE320,0,1,1,4294967295,0,0
oInvCollPH,1488,16,001482DB,0,1,1,4294967295,0,0
oInvCollPH,1504,16,0037A71E,0,1,1,4294967295,0,0
oInvCollPH,1520,16,000BAA15,0,1,1,4294967295,0,0
oInvCollPH,1536,16,00345CF7,0,1,1,4294967295,0,0
oInvCollPH,1552,16,000E58EC,0,1,1,4294967295,0,0
oInvCollPH,1568,16,0024FC6D,0,1,1,4294967295,0,0
oInvCollPH,1584,16,00270A5D,0,1,1,4294967295,0,0
oInvCollPH,1600,16,00400E4F,0,1,1,4294967295,0,0
oInvCollPH,1616,16,002DAB1F,0,1,1,4294967295,0,0
oInvCollPH,1632,16,001EB26E,0,1,1,4294967295,0,0
oInvCollPH,1648,16,00156B26,0,1,1,4294967295,0,0
oInvCollPH,1664,16,00085728,0,1,1,4294967295,0,0
oInvCollPH,1680,16,000291F2,0,1,1,4294967295,0,0
oInvCollPH,1696,16,000A4200,0,1,1,4294967295,0,0
oInvCollPH,1712,16,00206ADC,0,1,1,4294967295,0,0
oInvCollPH,1728,16,00221FC0,0,1,1,4294967295,0,0
oInvCollPH,1744,16,0023F6EB,0,1,1,4294967295,0,0
oInvCollPH,1760,16,00119367,0,1,1,4294967295,0,0
oInvCollPH,1776,16,0028FB97,0,1,1,4294967295,0,0
oInvCollPH,1792,16,0018B17E,0,1,1,4294967295,0,0
oInvCollPH,1808,16,0031113F,0,1,1,4294967295,0,0
oInvCollPH,1824,16,000E7299,0,1,1,4294967295,0,0
oInvCollPH,1840,16,001207F9,0,1,1,4294967295,0,0
oInvCollPH,1856,16,000A29EC,0,1,1,4294967295,0,0
oInvCollPH,1872,16,00047050,0,1,1,4294967295,0,0
oInvCollPH,1888,16,002C75F6,0,1,1,4294967295,0,0
oInvCollPH,1904,16,00248EE9,0,1,1,4294967295,0,0
oInvCollPH,1920,16,002B7A86,0,1,1,4294967295,0,0
oInvCollPH,1936,16,00360540,0,1,1,4294967295,0,0
oInvCollPH,1952,16,0006F912,0,1,1,4294967295,0,0
oInvCollPH,1968,16,00228879,0,1,1,4294967295,0,0
oInvCollPH,1984,16,00275934,0,1,1,4294967295,0,0
oInvCollPH,2000,16,0015DAAB,0,1,1,4294967295,0,0
oInvCollPH,2016,16,001F0EB0,0,1,1,4294967295,0,0
oInvCollPH,2032,16,002A344B,0,1,1,4294967295,0,0
oInvCollPH,2048,16,003036D5,0,1,1,4294967295,0,0
oInvCollPH,2064,16,0012DB22,0,1,1,4294967295,0,0
oInvCollPH,2080,16,0016EE37,0,1,1,4294967295,0,0
oInvCollPH,2096,16,00200FAA,0,1,1,4294967295,0,0
oInvCollPH,2112,16,00023FAA,0,1,1,4294967295,0,0
oInvCollPH,2128,16,002672D2,0,1,1,4294967295,0,0
oInvCollPH,2144,16,0035B485,0,1,1,4294967295,0,0
oInvCollPH,2160,16,001BF4FC,0,1,1,4294967295,0,0
oInvCollPH,2176,16,00115FF3,0,1,1,4294967295,0,0
oInvCollPH,2192,16,0030F137,0,1,1,4294967295,0,0
oInvCollPH,2208,16,002A1109,0,1,1,4294967295,0,0
oInvCollPH,2224,16,0039314F,0,1,1,4294967295,0,0
oInvCollPH,2240,16,000509F5,0,1,1,4294967295,0,0
oInvCollPH,2256,16,0008ED44,0,1,1,4294967295,0,0
oInvCollPH,2272,16,00241F19,0,1,1,4294967295,0,0
oInvCollPH,2288,16,000D0602,0,1,1,4294967295,0,0
oInvCollPH,2304,16,00396A92,0,1,1,4294967295,0,0
oInvCollPH,2320,16,0015947F,0,1,1,4294967295,0,0
oInvCollPH,2336,16,0020CB87,0,1,1,4294967295,0,0
oInvCollPH,2352,16,002139F6,0,1,1,4294967295,0,0
oInvCollPH,2368,16,0006141C,0,1,1,4294967295,0,0
oInvCollPH,2384,16,00143F54,0,1,1,4294967295,0,0
oInvCollPH,2400,16,0018C7FB,0,1,1,4294967295,0,0
oInvCollPH,2416,16,00295809,0,1,1,4294967295,0,0
oInvCollPH,2432,16,0000B724,0,1,1,4294967295,0,0
oInvCollPH,2448,16,0010EC3B,0,1,1,4294967295,0,0
oInvCollPH,2464,16,003A05DA,0,1,1,4294967295,0,0
oInvCollPH,2480,16,00351ED9,0,1,1,4294967295,0,0
oInvCollPH,2496,16,001FD519,0,1,1,4294967295,0,0
oInvCollPH,2512,16,001B1622,0,1,1,4294967295,0,0
oInvCollPH,2528,16,0037DBC6,0,1,1,4294967295,0,0
oInvCollPH,2544,16,003E907B,0,1,1,4294967295,0,0
oInvCollPH,2560,16,003F8F18,0,1,1,4294967295,0,0
oInvCollPH,2576,16,0026635D,0,1,1,4294967295,0,0
oInvCollPH,2592,16,0036DB82,0,1,1,4294967295,0,0
oInvCollPH,2608,16,00100580,0,1,1,4294967295,0,0
oInvCollPH,2624,16,00118FC9,0,1,1,4294967295,0,0
oInvCollPH,2640,16,000E412F,0,1,1,4294967295,0,0
oInvCollPH,2656,16,00188D5E,0,1,1,4294967295,0,0
oInvCollPH,2672,16,00391D8B,0,1,1,4294967295,0,0
oInvCollPH,2688,16,0012BBC6,0,1,1,4294967295,0,0
oInvCollPH,2704,16,002798EA,0,1,1,4294967295,0,0
oInvCollPH,2720,16,001E8CF3,0,1,1,4294967295,0,0
oInvCollPH,2736,16,003F92CD,0,1,1,4294967295,0,0
oInvCollPH,2752,16,0018A49E,0,1,1,4294967295,0,0
oInvCollPH,2768,16,001812CF,0,1,1,4294967295,0,0
oInvCollPH,2784,16,00086EB9,0,1,1,4294967295,0,0
oInvCollPH,2800,16,002C6DC0,0,1,1,4294967295,0,0
oInvCollPH,2816,16,001F09CC,0,1,1,4294967295,0,0
oInvCollPH,2832,16,002E4B71,0,1,1,4294967295,0,0
oInvCollPH,2848,16,00243168,0,1,1,4294967295,0,0
oInvCollPH,2864,16,002E1CA0,0,1,1,4294967295,0,0
oInvCollPH,2912,240,003CE3E8,0,1,1,4294967295,0,0
oInvCollPH,2928,240,001B92D6,0,1,1,4294967295,0,0
oInvCollPH,2816,320,003D0B16,0,1,1,4294967295,0,0
oInvCollPH,2832,320,0027EE98,0,1,1,4294967295,0,0
oInvCollPH,2848,320,0006C312,0,1,1,4294967295,0,0
oInvCollPH,2864,320,001561C0,0,1,1,4294967295,0,0
oInvCollPH,2880,320,00294F0B,0,1,1,4294967295,0,0
oInvCollPH,2896,320,001FFB5A,0,1,1,4294967295,0,0
oInvCollPH,2912,320,0033C7DE,0,1,1,4294967295,0,0
oInvCollPH,2928,320,0017D5BA,0,1,1,4294967295,0,0
oInvCollPH,2880,32,001EC2E8,0,1,1,4294967295,0,0
oInvCollPH,2880,48,001D15E4,0,1,1,4294967295,0,0
oInvCollPH,2880,64,0038F121,0,1,1,4294967295,0,0
oInvCollPH,2880,80,0003EA67,0,1,1,4294967295,0,0
oInvCollPH,2864,96,000B5277,0,1,1,4294967295,0,0
oInvCollPH,2848,112,000C7786,0,1,1,4294967295,0,0
oInvCollPH,2848,128,002AD137,0,1,1,4294967295,0,0
oInvCollPH,2848,144,0036CC23,0,1,1,4294967295,0,0
oInvCollPH,2880,160,001B4637,0,1,1,4294967295,0,0
oInvCollPH,2880,176,0015583E,0,1,1,4294967295,0,0
oInvCollPH,2880,192,00271B2E,0,1,1,4294967295,0,0
oInvCollPH,2880,208,0019AF7E,0,1,1,4294967295,0,0
oInvCollPH,2896,208,0010F049,0,1,1,4294967295,0,0
oInvCollPH,2736,224,002B18ED,0,1,1,4294967295,0,0
oInvCollPH,2752,224,00088149,0,1,1,4294967295,0,0
oInvCollPH,2768,224,00321A6E,0,1,1,4294967295,0,0
oInvCollPH,2784,224,003E21F2,0,1,1,4294967295,0,0
oInvCollPH,2784,240,000E1889,0,1,1,4294967295,0,0
oInvCollPH,2784,256,0007824B,0,1,1,4294967295,0,0
oInvCollPH,2784,272,00115C4F,0,1,1,4294967295,0,0
oInvCollPH,2784,288,0005DE27,0,1,1,4294967295,0,0
oInvCollPH,2784,304,0016E005,0,1,1,4294967295,0,0
oInvCollPH,2688,256,00091B28,0,1,1,4294967295,0,0
oInvCollPH,2688,272,003F6014,0,1,1,4294967295,0,0
oInvCollPH,2688,288,00026DD3,0,1,1,4294967295,0,0
oInvCollPH,2688,304,003E63CD,0,1,1,4294967295,0,0
oInvCollPH,2688,320,003A4FE2,0,1,1,4294967295,0,0
oInvCollPH,2688,336,00088357,0,1,1,4294967295,0,0
oInvCollPH,2688,352,0024D25C,0,1,1,4294967295,0,0
oInvCollPH,2688,368,003CB8A1,0,1,1,4294967295,0,0
oInvCollPH,2688,384,002B87D3,0,1,1,4294967295,0,0
oInvCollPH,2688,400,000E8553,0,1,1,4294967295,0,0
oInvCollPH,2688,240,001EA676,0,1,1,4294967295,0,0
oInvCollPH,2688,224,0028F05D,0,1,1,4294967295,0,0
oInvCollPH,2688,208,002B1A44,0,1,1,4294967295,0,0
oInvCollPH,2688,192,003278A8,0,1,1,4294967295,0,0
oInvCollPH,2688,176,000F47FB,0,1,1,4294967295,0,0
oInvCollPH,2688,160,0038F1BE,0,1,1,4294967295,0,0
oInvCollPH,2704,144,000FD4AA,0,1,1,4294967295,0,0
oInvCollPH,2704,160,003741F0,0,1,1,4294967295,0,0
oInvCollPH,2704,176,00133762,0,1,1,4294967295,0,0
oInvCollPH,2704,192,000BFB25,0,1,1,4294967295,0,0
oInvCollPH,2704,208,001E34DC,0,1,1,4294967295,0,0
oInvCollPH,320,64,00151CC5,0,1,1,4294967295,0,0
oInvCollPH,320,80,0007CFC6,0,1,1,4294967295,0,0
oInvCollPH,336,80,00149104,0,1,1,4294967295,0,0
oInvCollPH,336,64,001879A0,0,1,1,4294967295,0,0
oInvCollPH,336,48,00332A6F,0,1,1,4294967295,0,0
oInvCollPH,2864,144,00213EA9,0,1,1,4294967295,0,0
oInvisibleSolid,0,352,0002D6D6,0,1,1,4294967295,0,1
oInvisibleSolid,2688,144,0000C009,0,1,1,4294967295,0,1
oInvisibleSolid,2720,224,0019C712,0,1,1,4294967295,0,1
oInvisibleSolid,2800,320,003386D9,0,1,1,4294967295,0,1
oInvisibleSolid,2912,224,00333302,0,1,1,4294967295,0,1
oInvisibleSolid,2880,0,00264941,0,1,1,4294967295,0,1
oInvisibleSolid,288,0,00126C83,0,1,1,4294967295,0,1
oInvisibleSolid,0,0,00154DA8,0,1,1,4294967295,0,1
oInvisibleSolid,0,64,001460AF,0,1,1,4294967295,0,1
oInvisibleSolid,0,96,00179489,0,1,1,4294967295,0,1
oInvisibleSolid,0,128,0002CEA1,0,1,1,4294967295,0,1
oInvisibleSolid,0,160,002755AD,0,1,1,4294967295,0,1
oInvisibleSolid,0,192,000440E6,0,1,1,4294967295,0,1
oInvisibleSolid,0,224,002B62D3,0,1,1,4294967295,0,1
oInvisibleSolid,0,256,0032F36F,0,1,1,4294967295,0,1
oInvisibleSolid,2848,96,003BC5E8,0,1,1,4294967295,0,1
oInvisibleSolid,320,32,0020C5D1,0,1,1,4294967295,0,1
oMapDoor,2856,64,00385872,0,1,1,4294967295,0,1
