oExit,1456,240,000483F9,0,1,1,4294967295,0,1
oPlatformString,984,208,000E0413,0,1,1,4294967295,0,1
oPlatformString,648,192,0024519C,0,1,1,4294967295,0,1
oPlatformString,328,160,0012D714,0,1,1,4294967295,0,1
oSwitchHolder,2864,48,003AECCE,0,1,1,4294967295,0,1
oSwitchHolder,48,64,00124DBB,0,1,1,4294967295,0,1
oCVRope,2048,32,00130F48,0,1,1,4294967295,0,1
oCVRope,2080,32,0004664B,0,1,1,4294967295,0,1
oCVRope,2192,32,00016EF7,0,1,1,4294967295,0,1
oCVRope,2224,32,0016B7D0,0,1,1,4294967295,0,1
oCVRope,2368,32,0035480C,0,1,1,4294967295,0,1
oCVRope,2400,32,003F4509,0,1,1,4294967295,0,1
oZeldaBreakPot,2632,240,002AC2E6,0,1,1,4294967295,0,0
oCirclePlatform,224,160,003A798B,0,1,1,4294967295,0,1
oCirclePlatform,880,208,000B75EB,0,1,1,4294967295,0,1
oCirclePlatform,1056,208,000F9695,0,1,1,4294967295,0,1
oCirclePlatform,400,160,0037BBD9,0,1,1,4294967295,0,1
oCirclePlatform,544,192,000FBA91,0,1,1,4294967295,0,1
oCirclePlatform,720,192,001632D8,0,1,1,4294967295,0,1
oSwitchBarrier,1504,80,00369A45,0,1,1,4294967295,0,1
oSwitchBarrier,1392,80,00146E79,0,1,1,4294967295,0,1
oSwitchBarrier,1488,80,00179AE0,0,1,1,4294967295,0,1
oSwitchBarrier,1408,80,000F7CBB,0,1,1,4294967295,0,1
oCVCandle,1248,208,001C8EC2,0,1,1,4294967295,0,0
oCVCandle,1664,208,0018E074,0,1,1,4294967295,0,0
oCVCandle,1456,80,002FB1A9,0,1,1,4294967295,0,0
oCVCandle,1424,224,0001CF10,0,1,1,4294967295,0,0
oCVCandle,1488,224,0032CD6B,0,1,1,4294967295,0,0
oCVCandle,2816,96,001882ED,0,1,1,4294967295,0,0
oCVCandle,96,112,00069E49,0,1,1,4294967295,0,0
oCirclePlatform,632,264,0008268B,0,1,1,4294967295,0,1
oCirclePlatform,968,136,001F36C7,0,1,1,4294967295,0,1
oCirclePlatform,312,88,00225BC6,0,1,1,4294967295,0,1
oProjectileSpawner,824,32,0025CFB5,0,1,1,4294967295,0,1
oBallChainControl,1856,16,00350034,0,1,1,4294967295,0,1
oBallChainControl,2112,16,002D5529,0,1,1,4294967295,0,1
oBallChainControl,2352,16,000A2412,0,1,1,4294967295,0,1
oBallChainControl,464,16,002BB960,0,1,1,4294967295,0,1
oBallChainControl,1040,16,003AE2E1,0,1,1,4294967295,0,1
oBallChainControl,2240,16,000584FD,0,1,1,4294967295,0,1
oMetalBlock,2032,240,002007FD,0,1,1,4294967295,0,0
oMetalBlock,2064,240,002C1B21,0,1,1,4294967295,0,0
oMetalBlock,2176,176,0002C1E7,0,1,1,4294967295,0,0
oMetalBlock,2208,208,00071DCE,0,1,1,4294967295,0,0
oMetalBlock,2352,192,00069D6D,0,1,1,4294967295,0,0
oMetalBlock,2384,192,002FC126,0,1,1,4294967295,0,0
oCV_Ghost,2320,96,002A14C0,0,1,1,4294967295,0,0
oCV_Ghost,864,128,0026E65E,0,1,1,4294967295,0,0
oPlayer1,1488,272,002F1F0B,0,1,1,4294967295,0,0
oScaledTrapZone,112,320,00255205,0,1,1,4294967295,0,1
oScaledTrapZone,1552,320,00312AAC,0,1,1,4294967295,0,1
oStoryObject,1448,112,000CFD02,0,1,1,4294967295,0,1
oInvCollPH,1408,144,00084888,0,1,1,4294967295,0,0
oInvCollPH,1424,144,002205E7,0,1,1,4294967295,0,0
oInvCollPH,1456,128,003B4980,0,1,1,4294967295,0,0
oInvCollPH,1392,160,0038F467,0,1,1,4294967295,0,0
oInvCollPH,1408,160,000AD28A,0,1,1,4294967295,0,0
oInvCollPH,1424,160,00205CB9,0,1,1,4294967295,0,0
oInvCollPH,1440,160,00047FBE,0,1,1,4294967295,0,0
oInvCollPH,1456,160,003EC389,0,1,1,4294967295,0,0
oInvCollPH,1472,160,000E1910,0,1,1,4294967295,0,0
oInvCollPH,1488,160,003CF100,0,1,1,4294967295,0,0
oInvCollPH,1504,160,000DBE50,0,1,1,4294967295,0,0
oInvCollPH,1504,144,000A2553,0,1,1,4294967295,0,0
oInvCollPH,1488,144,002EEFE4,0,1,1,4294967295,0,0
oInvCollPH,1472,144,003F11B2,0,1,1,4294967295,0,0
oInvCollPH,1424,0,0004AC4A,0,1,1,4294967295,0,0
oInvCollPH,1440,0,001AE2DE,0,1,1,4294967295,0,0
oInvCollPH,1456,0,0016F7A5,0,1,1,4294967295,0,0
oInvCollPH,1472,0,000DF3E7,0,1,1,4294967295,0,0
oInvCollPH,1504,0,00087C31,0,1,1,4294967295,0,0
oInvCollPH,1408,288,00003911,0,1,1,4294967295,0,0
oInvCollPH,1424,272,000B3E9B,0,1,1,4294967295,0,0
oInvCollPH,1440,272,00004A9F,0,1,1,4294967295,0,0
oInvCollPH,1456,272,0031A0D5,0,1,1,4294967295,0,0
oInvCollPH,1472,272,00300D1D,0,1,1,4294967295,0,0
oInvCollPH,1488,272,00313315,0,1,1,4294967295,0,0
oInvCollPH,1488,288,000424B7,0,1,1,4294967295,0,0
oInvCollPH,1360,320,001951F1,0,1,1,4294967295,0,0
oInvCollPH,1376,304,0018FCA7,0,1,1,4294967295,0,0
oInvCollPH,1392,304,000F2846,0,1,1,4294967295,0,0
oInvCollPH,1504,304,0030EEBD,0,1,1,4294967295,0,0
oInvCollPH,1520,304,002DE2B9,0,1,1,4294967295,0,0
oInvCollPH,1536,304,002EEDC5,0,1,1,4294967295,0,0
oInvCollPH,1536,320,001D7898,0,1,1,4294967295,0,0
oInvCollPH,1216,240,001FA6CF,0,1,1,4294967295,0,0
oInvCollPH,1232,240,0030786F,0,1,1,4294967295,0,0
oInvCollPH,1248,240,000543AD,0,1,1,4294967295,0,0
oInvCollPH,1264,240,003BD367,0,1,1,4294967295,0,0
oInvCollPH,1280,240,001DE533,0,1,1,4294967295,0,0
oInvCollPH,1632,240,00034338,0,1,1,4294967295,0,0
oInvCollPH,1648,240,0007013B,0,1,1,4294967295,0,0
oInvCollPH,1664,240,0006A235,0,1,1,4294967295,0,0
oInvCollPH,1680,240,00070E98,0,1,1,4294967295,0,0
oInvCollPH,1696,240,000ADB2C,0,1,1,4294967295,0,0
oInvCollPH,1824,16,0005C323,0,1,1,4294967295,0,0
oInvCollPH,1840,16,0022CF64,0,1,1,4294967295,0,0
oInvCollPH,1856,16,0039EE9E,0,1,1,4294967295,0,0
oInvCollPH,1872,16,0030259F,0,1,1,4294967295,0,0
oInvCollPH,1872,0,000E6F3B,0,1,1,4294967295,0,0
oInvCollPH,1824,208,003F820A,0,1,1,4294967295,0,0
oInvCollPH,1840,208,00400358,0,1,1,4294967295,0,0
oInvCollPH,1856,208,002340A2,0,1,1,4294967295,0,0
oInvCollPH,1872,208,003B92E0,0,1,1,4294967295,0,0
oInvCollPH,1888,208,0019299B,0,1,1,4294967295,0,0
oInvCollPH,2768,192,0013A885,0,1,1,4294967295,0,0
oInvCollPH,2784,192,002E14D7,0,1,1,4294967295,0,0
oInvCollPH,2784,16,00290979,0,1,1,4294967295,0,0
oInvCollPH,2800,48,000B6FB1,0,1,1,4294967295,0,0
oInvCollPH,2816,48,0032B75A,0,1,1,4294967295,0,0
oInvCollPH,2832,16,003BF77A,0,1,1,4294967295,0,0
oInvCollPH,2848,16,003CFE59,0,1,1,4294967295,0,0
oInvCollPH,2864,16,0001E873,0,1,1,4294967295,0,0
oInvCollPH,2608,256,00122775,0,1,1,4294967295,0,0
oInvCollPH,2624,256,0010AEB8,0,1,1,4294967295,0,0
oInvCollPH,2640,256,00140D5B,0,1,1,4294967295,0,0
oInvCollPH,2656,256,002A485B,0,1,1,4294967295,0,0
oInvCollPH,2672,256,001368FA,0,1,1,4294967295,0,0
oInvCollPH,2880,32,003550D8,0,1,1,4294967295,0,0
oInvCollPH,2880,48,003A61D4,0,1,1,4294967295,0,0
oInvCollPH,2880,64,00136845,0,1,1,4294967295,0,0
oInvCollPH,2880,80,001ED0D0,0,1,1,4294967295,0,0
oInvCollPH,2880,96,002E2C61,0,1,1,4294967295,0,0
oInvCollPH,2880,112,001CEE17,0,1,1,4294967295,0,0
oInvCollPH,2816,128,003C91C6,0,1,1,4294967295,0,0
oInvCollPH,2832,128,0023F2C1,0,1,1,4294967295,0,0
oInvCollPH,2848,128,00279D52,0,1,1,4294967295,0,0
oInvCollPH,2864,128,003EB4E4,0,1,1,4294967295,0,0
oInvCollPH,2800,144,001D6BFC,0,1,1,4294967295,0,0
oInvCollPH,2800,160,000828FF,0,1,1,4294967295,0,0
oInvCollPH,2800,176,000A0CF2,0,1,1,4294967295,0,0
oInvCollPH,2800,208,003BB4A5,0,1,1,4294967295,0,0
oInvCollPH,2800,224,000DCA9B,0,1,1,4294967295,0,0
oInvCollPH,2800,240,001F860A,0,1,1,4294967295,0,0
oInvCollPH,2800,256,00009F07,0,1,1,4294967295,0,0
oInvCollPH,2800,272,0004BAAA,0,1,1,4294967295,0,0
oInvCollPH,2800,288,0034BC7F,0,1,1,4294967295,0,0
oInvCollPH,2800,304,0018DBE2,0,1,1,4294967295,0,0
oInvCollPH,2800,320,0006D947,0,1,1,4294967295,0,0
oInvCollPH,1984,16,00024D18,0,1,1,4294967295,0,0
oInvCollPH,2000,16,0001C464,0,1,1,4294967295,0,0
oInvCollPH,2016,16,001C0656,0,1,1,4294967295,0,0
oInvCollPH,2032,16,00261EF2,0,1,1,4294967295,0,0
oInvCollPH,2048,16,0021AEED,0,1,1,4294967295,0,0
oInvCollPH,2064,16,00014246,0,1,1,4294967295,0,0
oInvCollPH,2080,16,002109AB,0,1,1,4294967295,0,0
oInvCollPH,2096,16,00188FF3,0,1,1,4294967295,0,0
oInvCollPH,2112,16,0021988D,0,1,1,4294967295,0,0
oInvCollPH,2128,16,002477B4,0,1,1,4294967295,0,0
oInvCollPH,2448,0,001DF0C0,0,1,1,4294967295,0,0
oInvCollPH,2448,16,001A4939,0,1,1,4294967295,0,0
oInvCollPH,2432,16,000065A7,0,1,1,4294967295,0,0
oInvCollPH,2416,16,003284CD,0,1,1,4294967295,0,0
oInvCollPH,2400,16,00357C22,0,1,1,4294967295,0,0
oInvCollPH,2384,16,003D0B8A,0,1,1,4294967295,0,0
oInvCollPH,2368,16,003E6222,0,1,1,4294967295,0,0
oInvCollPH,2352,16,001ED7AC,0,1,1,4294967295,0,0
oInvCollPH,2336,16,0020C55A,0,1,1,4294967295,0,0
oInvCollPH,2320,16,00276A30,0,1,1,4294967295,0,0
oInvCollPH,2304,16,003543AF,0,1,1,4294967295,0,0
oInvCollPH,2208,16,0013D74B,0,1,1,4294967295,0,0
oInvCollPH,2224,16,002167FE,0,1,1,4294967295,0,0
oInvCollPH,2192,16,0037964F,0,1,1,4294967295,0,0
oInvCollPH,2176,16,001E0E55,0,1,1,4294967295,0,0
oInvCollPH,2160,16,0010A4F0,0,1,1,4294967295,0,0
oInvCollPH,2144,16,00136322,0,1,1,4294967295,0,0
oInvCollPH,2240,16,000C539C,0,1,1,4294967295,0,0
oInvCollPH,2256,16,0020FBB4,0,1,1,4294967295,0,0
oInvCollPH,2272,16,0009FFDD,0,1,1,4294967295,0,0
oInvCollPH,2288,16,000D8743,0,1,1,4294967295,0,0
oInvCollPH,1552,336,00115971,0,1,1,4294967295,0,0
oInvCollPH,1568,336,002689A8,0,1,1,4294967295,0,0
oInvCollPH,1584,336,000CBABD,0,1,1,4294967295,0,0
oInvCollPH,1600,336,00089E30,0,1,1,4294967295,0,0
oInvCollPH,1616,336,002F9357,0,1,1,4294967295,0,0
oInvCollPH,1632,336,002C6C03,0,1,1,4294967295,0,0
oInvCollPH,1648,336,00308BF3,0,1,1,4294967295,0,0
oInvCollPH,1664,336,001A076B,0,1,1,4294967295,0,0
oInvCollPH,1680,336,001D4164,0,1,1,4294967295,0,0
oInvCollPH,1696,336,003057EA,0,1,1,4294967295,0,0
oInvCollPH,1712,336,003A13C6,0,1,1,4294967295,0,0
oInvCollPH,1728,336,001B80C4,0,1,1,4294967295,0,0
oInvCollPH,1744,336,001399CF,0,1,1,4294967295,0,0
oInvCollPH,1760,336,001417B0,0,1,1,4294967295,0,0
oInvCollPH,1776,336,001C6BE1,0,1,1,4294967295,0,0
oInvCollPH,1792,336,002CB1D2,0,1,1,4294967295,0,0
oInvCollPH,1808,336,003F0FA0,0,1,1,4294967295,0,0
oInvCollPH,1824,336,002EAFB1,0,1,1,4294967295,0,0
oInvCollPH,1840,336,0017D891,0,1,1,4294967295,0,0
oInvCollPH,1856,336,00073733,0,1,1,4294967295,0,0
oInvCollPH,1872,336,00128902,0,1,1,4294967295,0,0
oInvCollPH,1888,336,000ACAB8,0,1,1,4294967295,0,0
oInvCollPH,1904,336,00041D23,0,1,1,4294967295,0,0
oInvCollPH,1920,336,00339610,0,1,1,4294967295,0,0
oInvCollPH,1936,336,00378F9F,0,1,1,4294967295,0,0
oInvCollPH,1952,336,002AD52A,0,1,1,4294967295,0,0
oInvCollPH,1968,336,00281B65,0,1,1,4294967295,0,0
oInvCollPH,1984,336,00349C85,0,1,1,4294967295,0,0
oInvCollPH,2000,336,001AABA8,0,1,1,4294967295,0,0
oInvCollPH,2016,336,002E5EBE,0,1,1,4294967295,0,0
oInvCollPH,2032,336,0009BF80,0,1,1,4294967295,0,0
oInvCollPH,2048,336,001B5F2B,0,1,1,4294967295,0,0
oInvCollPH,2064,336,00351807,0,1,1,4294967295,0,0
oInvCollPH,2080,336,001343A4,0,1,1,4294967295,0,0
oInvCollPH,2096,336,003AD0E7,0,1,1,4294967295,0,0
oInvCollPH,2112,336,0038ECC2,0,1,1,4294967295,0,0
oInvCollPH,2128,336,0030E6AE,0,1,1,4294967295,0,0
oInvCollPH,2144,336,00109629,0,1,1,4294967295,0,0
oInvCollPH,2160,336,0029E1D9,0,1,1,4294967295,0,0
oInvCollPH,2176,336,003A2AC8,0,1,1,4294967295,0,0
oInvCollPH,2192,336,0026A9DC,0,1,1,4294967295,0,0
oInvCollPH,2208,336,001F7CDD,0,1,1,4294967295,0,0
oInvCollPH,2224,336,001F7634,0,1,1,4294967295,0,0
oInvCollPH,2240,336,000B7E59,0,1,1,4294967295,0,0
oInvCollPH,2256,336,0036581C,0,1,1,4294967295,0,0
oInvCollPH,2272,336,0016037A,0,1,1,4294967295,0,0
oInvCollPH,2288,336,000E2F9E,0,1,1,4294967295,0,0
oInvCollPH,2304,336,002CA4B6,0,1,1,4294967295,0,0
oInvCollPH,2320,336,001432ED,0,1,1,4294967295,0,0
oInvCollPH,2336,336,0006884E,0,1,1,4294967295,0,0
oInvCollPH,2352,336,003A97A6,0,1,1,4294967295,0,0
oInvCollPH,2368,336,002E4F59,0,1,1,4294967295,0,0
oInvCollPH,2384,336,003289D1,0,1,1,4294967295,0,0
oInvCollPH,2400,336,0025F27C,0,1,1,4294967295,0,0
oInvCollPH,2416,336,00056558,0,1,1,4294967295,0,0
oInvCollPH,2432,336,0029E1FC,0,1,1,4294967295,0,0
oInvCollPH,2448,336,003A8D10,0,1,1,4294967295,0,0
oInvCollPH,2464,336,000B7EA1,0,1,1,4294967295,0,0
oInvCollPH,2480,336,003D426B,0,1,1,4294967295,0,0
oInvCollPH,2496,336,00088F6E,0,1,1,4294967295,0,0
oInvCollPH,2512,336,00211963,0,1,1,4294967295,0,0
oInvCollPH,2528,336,00305DA8,0,1,1,4294967295,0,0
oInvCollPH,2544,336,001D2FFD,0,1,1,4294967295,0,0
oInvCollPH,2560,336,0008A93A,0,1,1,4294967295,0,0
oInvCollPH,2576,336,002A6312,0,1,1,4294967295,0,0
oInvCollPH,2592,336,001BEE1C,0,1,1,4294967295,0,0
oInvCollPH,2608,336,0002DBE7,0,1,1,4294967295,0,0
oInvCollPH,2624,336,00399767,0,1,1,4294967295,0,0
oInvCollPH,2640,336,0003AC1E,0,1,1,4294967295,0,0
oInvCollPH,2656,336,000722E4,0,1,1,4294967295,0,0
oInvCollPH,2672,336,00210BB6,0,1,1,4294967295,0,0
oInvCollPH,2688,336,003AEB17,0,1,1,4294967295,0,0
oInvCollPH,2704,336,002D9F5C,0,1,1,4294967295,0,0
oInvCollPH,2720,336,0003742D,0,1,1,4294967295,0,0
oInvCollPH,2736,336,00129214,0,1,1,4294967295,0,0
oInvCollPH,2752,336,001A813A,0,1,1,4294967295,0,0
oInvCollPH,2768,336,00382F3B,0,1,1,4294967295,0,0
oInvCollPH,2784,336,000C25B3,0,1,1,4294967295,0,0
oInvCollPH,128,336,003DDA48,0,1,1,4294967295,0,0
oInvCollPH,144,336,003A606D,0,1,1,4294967295,0,0
oInvCollPH,160,336,002E1226,0,1,1,4294967295,0,0
oInvCollPH,176,336,0033FCB7,0,1,1,4294967295,0,0
oInvCollPH,192,336,00026EFF,0,1,1,4294967295,0,0
oInvCollPH,208,336,00394C5A,0,1,1,4294967295,0,0
oInvCollPH,224,336,001126B8,0,1,1,4294967295,0,0
oInvCollPH,240,336,00319201,0,1,1,4294967295,0,0
oInvCollPH,256,336,002CBEE1,0,1,1,4294967295,0,0
oInvCollPH,272,336,0021CA52,0,1,1,4294967295,0,0
oInvCollPH,288,336,001F4AF2,0,1,1,4294967295,0,0
oInvCollPH,304,336,0001F0D6,0,1,1,4294967295,0,0
oInvCollPH,320,336,0002A290,0,1,1,4294967295,0,0
oInvCollPH,336,336,00363400,0,1,1,4294967295,0,0
oInvCollPH,352,336,000F5414,0,1,1,4294967295,0,0
oInvCollPH,368,336,00267E11,0,1,1,4294967295,0,0
oInvCollPH,384,336,00395AE8,0,1,1,4294967295,0,0
oInvCollPH,400,336,00288448,0,1,1,4294967295,0,0
oInvCollPH,416,336,0005FD70,0,1,1,4294967295,0,0
oInvCollPH,432,336,0024E169,0,1,1,4294967295,0,0
oInvCollPH,448,336,0003074B,0,1,1,4294967295,0,0
oInvCollPH,464,336,000DC5A3,0,1,1,4294967295,0,0
oInvCollPH,480,336,0022A59C,0,1,1,4294967295,0,0
oInvCollPH,496,336,00130404,0,1,1,4294967295,0,0
oInvCollPH,512,336,001BE71A,0,1,1,4294967295,0,0
oInvCollPH,528,336,0025E5FE,0,1,1,4294967295,0,0
oInvCollPH,544,336,001A1CE2,0,1,1,4294967295,0,0
oInvCollPH,560,336,0021C42B,0,1,1,4294967295,0,0
oInvCollPH,576,336,003036EE,0,1,1,4294967295,0,0
oInvCollPH,592,336,0021A47A,0,1,1,4294967295,0,0
oInvCollPH,608,336,0019973D,0,1,1,4294967295,0,0
oInvCollPH,624,336,0037C964,0,1,1,4294967295,0,0
oInvCollPH,640,336,000E3E4A,0,1,1,4294967295,0,0
oInvCollPH,656,336,00391674,0,1,1,4294967295,0,0
oInvCollPH,672,336,00150557,0,1,1,4294967295,0,0
oInvCollPH,688,336,0018C306,0,1,1,4294967295,0,0
oInvCollPH,704,336,003A39AE,0,1,1,4294967295,0,0
oInvCollPH,720,336,001DCD98,0,1,1,4294967295,0,0
oInvCollPH,736,336,00140964,0,1,1,4294967295,0,0
oInvCollPH,752,336,002154CD,0,1,1,4294967295,0,0
oInvCollPH,768,336,004001A8,0,1,1,4294967295,0,0
oInvCollPH,784,336,0039DEA7,0,1,1,4294967295,0,0
oInvCollPH,800,336,00322650,0,1,1,4294967295,0,0
oInvCollPH,816,336,000297F6,0,1,1,4294967295,0,0
oInvCollPH,832,336,00112847,0,1,1,4294967295,0,0
oInvCollPH,848,336,00190EC5,0,1,1,4294967295,0,0
oInvCollPH,864,336,0000CEA1,0,1,1,4294967295,0,0
oInvCollPH,880,336,002D6B6C,0,1,1,4294967295,0,0
oInvCollPH,896,336,00019C5E,0,1,1,4294967295,0,0
oInvCollPH,912,336,003618E4,0,1,1,4294967295,0,0
oInvCollPH,928,336,000D6664,0,1,1,4294967295,0,0
oInvCollPH,944,336,00221CA1,0,1,1,4294967295,0,0
oInvCollPH,960,336,000A8D99,0,1,1,4294967295,0,0
oInvCollPH,976,336,00273771,0,1,1,4294967295,0,0
oInvCollPH,992,336,00141FEA,0,1,1,4294967295,0,0
oInvCollPH,1008,336,0036BD3C,0,1,1,4294967295,0,0
oInvCollPH,1024,336,000C7D2F,0,1,1,4294967295,0,0
oInvCollPH,1040,336,00049714,0,1,1,4294967295,0,0
oInvCollPH,1056,336,00058E7E,0,1,1,4294967295,0,0
oInvCollPH,1072,336,0027B456,0,1,1,4294967295,0,0
oInvCollPH,1088,336,0016643B,0,1,1,4294967295,0,0
oInvCollPH,1104,336,00263FFF,0,1,1,4294967295,0,0
oInvCollPH,1120,336,0009A8C1,0,1,1,4294967295,0,0
oInvCollPH,1136,336,0023E482,0,1,1,4294967295,0,0
oInvCollPH,1152,336,00083272,0,1,1,4294967295,0,0
oInvCollPH,1168,336,002D85EF,0,1,1,4294967295,0,0
oInvCollPH,1184,336,0040109A,0,1,1,4294967295,0,0
oInvCollPH,1200,336,000A9E69,0,1,1,4294967295,0,0
oInvCollPH,1216,336,00397F09,0,1,1,4294967295,0,0
oInvCollPH,1232,336,002016DC,0,1,1,4294967295,0,0
oInvCollPH,1248,336,000C69D6,0,1,1,4294967295,0,0
oInvCollPH,1264,336,002A1025,0,1,1,4294967295,0,0
oInvCollPH,1280,336,00180578,0,1,1,4294967295,0,0
oInvCollPH,1296,336,0023D1F6,0,1,1,4294967295,0,0
oInvCollPH,1312,336,00113E79,0,1,1,4294967295,0,0
oInvCollPH,1328,336,00156412,0,1,1,4294967295,0,0
oInvCollPH,1344,336,000AD758,0,1,1,4294967295,0,0
oInvCollPH,32,16,003FF492,0,1,1,4294967295,0,0
oInvCollPH,48,16,0000CE1C,0,1,1,4294967295,0,0
oInvCollPH,64,16,000281D9,0,1,1,4294967295,0,0
oInvCollPH,80,48,002A1549,0,1,1,4294967295,0,0
oInvCollPH,96,32,00168E81,0,1,1,4294967295,0,0
oInvCollPH,112,16,000B758D,0,1,1,4294967295,0,0
oInvCollPH,112,0,002561C9,0,1,1,4294967295,0,0
oInvCollPH,16,32,00371D38,0,1,1,4294967295,0,0
oInvCollPH,16,48,001AEF3F,0,1,1,4294967295,0,0
oInvCollPH,16,64,00344EB2,0,1,1,4294967295,0,0
oInvCollPH,16,80,00163C51,0,1,1,4294967295,0,0
oInvCollPH,16,96,000B4CE5,0,1,1,4294967295,0,0
oInvCollPH,16,112,00135E9F,0,1,1,4294967295,0,0
oInvCollPH,48,160,002DF83D,0,1,1,4294967295,0,0
oInvCollPH,64,160,001FA99D,0,1,1,4294967295,0,0
oInvCollPH,80,160,0003D122,0,1,1,4294967295,0,0
oInvCollPH,96,160,000EE1E5,0,1,1,4294967295,0,0
oInvCollPH,96,176,002F0195,0,1,1,4294967295,0,0
oInvCollPH,96,192,001AD72C,0,1,1,4294967295,0,0
oInvCollPH,96,208,00403513,0,1,1,4294967295,0,0
oInvCollPH,96,224,003E1318,0,1,1,4294967295,0,0
oInvCollPH,96,240,003A2CEE,0,1,1,4294967295,0,0
oInvCollPH,96,256,00199070,0,1,1,4294967295,0,0
oInvCollPH,96,272,001C439E,0,1,1,4294967295,0,0
oInvCollPH,96,288,00329D4F,0,1,1,4294967295,0,0
oInvCollPH,96,304,002C1D87,0,1,1,4294967295,0,0
oInvCollPH,96,320,00261241,0,1,1,4294967295,0,0
oInvCollPH,1392,32,001EB619,0,1,1,4294967295,0,0
oInvCollPH,1392,48,001B4020,0,1,1,4294967295,0,0
oInvCollPH,1392,64,002D0572,0,1,1,4294967295,0,0
oInvCollPH,1408,64,0034E60F,0,1,1,4294967295,0,0
oInvCollPH,1408,48,001CB7E8,0,1,1,4294967295,0,0
oInvCollPH,1408,32,001B0662,0,1,1,4294967295,0,0
oInvCollPH,1408,16,0033D968,0,1,1,4294967295,0,0
oInvCollPH,1488,32,0033AD6B,0,1,1,4294967295,0,0
oInvCollPH,1488,48,0030A0A2,0,1,1,4294967295,0,0
oInvCollPH,1488,64,00316E99,0,1,1,4294967295,0,0
oInvCollPH,1504,64,001BB7A7,0,1,1,4294967295,0,0
oInvCollPH,1504,48,002FD82B,0,1,1,4294967295,0,0
oInvCollPH,1504,32,00260619,0,1,1,4294967295,0,0
oInvCollPH,1504,16,0035F8FB,0,1,1,4294967295,0,0
oInvCollPH,2816,32,001A4AF7,0,1,1,4294967295,0,0
oInvCollPH,96,48,001FC239,0,1,1,4294967295,0,0
oInvCollPH,432,16,001530BA,0,1,1,4294967295,0,0
oInvCollPH,448,16,003A781D,0,1,1,4294967295,0,0
oInvCollPH,464,16,00349E78,0,1,1,4294967295,0,0
oInvCollPH,480,16,002A2E4C,0,1,1,4294967295,0,0
oInvCollPH,480,0,0032BC98,0,1,1,4294967295,0,0
oInvCollPH,1008,16,0035E4F1,0,1,1,4294967295,0,0
oInvCollPH,1024,16,0022FD40,0,1,1,4294967295,0,0
oInvCollPH,1040,16,00159F90,0,1,1,4294967295,0,0
oInvCollPH,1056,16,002AC89D,0,1,1,4294967295,0,0
oInvCollPH,1056,0,002C0E08,0,1,1,4294967295,0,0
oInvCollPH,768,16,00236C18,0,1,1,4294967295,0,0
oInvCollPH,768,48,001D11EA,0,1,1,4294967295,0,0
oInvCollPH,800,48,00311D12,0,1,1,4294967295,0,0
oInvCollPH,800,32,00144E61,0,1,1,4294967295,0,0
oInvCollPH,816,16,0006B98E,0,1,1,4294967295,0,0
oInvCollPH,832,16,0031C0CB,0,1,1,4294967295,0,0
oInvCollPH,848,48,003953B8,0,1,1,4294967295,0,0
oInvCollPH,880,48,0012F069,0,1,1,4294967295,0,0
oInvCollPH,880,32,001B32B4,0,1,1,4294967295,0,0
oInvCollPH,880,16,0007A01F,0,1,1,4294967295,0,0
oInvCollPH,880,0,00211DF4,0,1,1,4294967295,0,0
oInvCollPH,80,64,0027459F,0,1,1,4294967295,0,0
oInvCollPH,96,64,001FB636,0,1,1,4294967295,0,0
oInvCollPH,16,128,0017B76C,0,1,1,4294967295,0,0
oInvCollPH,16,144,0022EBA9,0,1,1,4294967295,0,0
oInvCollPFH,1248,176,00023B67,0,1,1,4294967295,0,0
oInvCollPFH,1664,176,000257F6,0,1,1,4294967295,0,0
oInvisibleSolid,1392,0,000F6DEF,0,1,1,4294967295,0,1
oInvisibleSolid,1392,144,0036705D,0,1,1,4294967295,0,1
oInvisibleSolid,1408,272,00098F1C,0,1,1,4294967295,0,1
oInvisibleSolid,1360,304,003720CC,0,1,1,4294967295,0,1
oInvisibleSolid,1200,240,003DFD2D,0,1,1,4294967295,0,1
oInvisibleSolid,1616,240,0017F25F,0,1,1,4294967295,0,1
oInvisiblePlatform,1232,176,0016CB0B,0,1,1,4294967295,0,1
oInvisiblePlatform,1648,176,0004174E,0,1,1,4294967295,0,1
oInvisibleSolid,1824,0,00146FB3,0,1,1,4294967295,0,1
oInvisibleSolid,1808,208,003DB378,0,1,1,4294967295,0,1
oInvisibleSolid,1984,0,0019AE98,0,1,1,4294967295,0,1
oInvisibleSolid,2592,256,0038C681,0,1,1,4294967295,0,1
oInvisibleSolid,2752,192,002A5C5B,0,1,1,4294967295,0,1
oInvisibleSolid,2800,128,000E599A,0,1,1,4294967295,0,1
oInvisibleSolid,2880,0,000E260A,0,1,1,4294967295,0,1
oInvisibleSolid,2784,0,0004C617,0,1,1,4294967295,0,1
oInvisibleSolid,112,336,0039F1E2,0,1,1,4294967295,0,1
oInvisibleSolid,32,0,0006CB16,0,1,1,4294967295,0,1
oInvisibleSolid,0,0,0009AC79,0,1,1,4294967295,0,1
oInvisibleSolid,32,160,0009C613,0,1,1,4294967295,0,1
oInvisibleSolid,1392,16,00263663,0,1,1,4294967295,0,1
oInvisibleSolid,1488,16,003E0DB1,0,1,1,4294967295,0,1
oInvisibleSolid,80,32,0032E56E,0,1,1,4294967295,0,1
oInvisibleSolid,2800,32,003B5EDC,0,1,1,4294967295,0,1
oInvisibleSolid,1440,128,00221DEC,0,1,1,4294967295,0,1
oInvisibleSolid,432,0,0013826F,0,1,1,4294967295,0,1
oInvisibleSolid,768,0,0005BE62,0,1,1,4294967295,0,1
oInvisibleSolid,768,32,0003F96E,0,1,1,4294967295,0,1
oInvisibleSolid,848,32,0023A862,0,1,1,4294967295,0,1
oInvisibleSolid,1008,0,001FB6AA,0,1,1,4294967295,0,1
oInvisibleRCeilingSlope,768,64,001AAD71,0,1,1,4294967295,0,0
oInvisibleRCeilingSlope,848,64,002D3F0F,0,1,1,4294967295,0,0
oInvisibleLCeilingSlope,800,64,001FAF2E,0,1,1,4294967295,0,0
oInvisibleLCeilingSlope,880,64,0007AE30,0,1,1,4294967295,0,0
oInvisibleSolid,784,64,002D1071,0,1,1,4294967295,0,0
oInvisibleSolid,864,64,0013D984,0,1,1,4294967295,0,0
