oExit,0,160,003D48F3,0,1,1,4294967295,0,1
oShakeFallPlat,384,160,001482BC,0,1,1,4294967295,0,1
oShakeFallPlat,320,160,001840B2,0,1,1,4294967295,0,1
oShakeFallPlat,448,160,0029582C,0,1,1,4294967295,0,1
oShakeFallPlat,512,160,002846B0,0,1,1,4294967295,0,1
oShakeFallPlat,320,224,0005BEA7,0,1,1,4294967295,0,1
oShakeFallPlat,384,224,0008CE26,0,1,1,4294967295,0,1
oShakeFallPlat,448,224,00142DCC,0,1,1,4294967295,0,1
oShakeFallPlat,512,224,001FEE63,0,1,1,4294967295,0,1
oShakeFallPlat,320,288,000AF3CC,0,1,1,4294967295,0,1
oShakeFallPlat,384,288,003BC72E,0,1,1,4294967295,0,1
oShakeFallPlat,448,288,003A2A80,0,1,1,4294967295,0,1
oShakeFallPlat,512,288,0000EEA0,0,1,1,4294967295,0,1
oShakeFallPlat,832,224,002F5DFD,0,1,1,4294967295,0,1
oShakeFallPlat,1600,192,001DFF9B,0,1,1,4294967295,0,1
oShakeFallPlat,2048,224,000BFFDD,0,1,1,4294967295,0,1
oShakeFallPlat,2112,224,001EAA3E,0,1,1,4294967295,0,1
oExit,3728,160,003802FF,0,1,1,4294967295,0,1
oWarship_Console,3648,160,003CE236,0,1,1,4294967295,0,1
oCheckpointSpot,640,160,001836F5,0,1,1,4294967295,0,1
oConveyorA,1728,224,002B643C,0,1,1,4294967295,0,1
oConveyorA,2240,192,002A50F4,0,1,1,4294967295,0,1
oMovingTrapRed,1040,32,003EB190,0,1,1,4294967295,0,1
oMovingTrapRed,1136,32,0021DC3C,0,1,1,4294967295,0,1
oMovingTrapRed,1248,32,000BACC4,0,1,1,4294967295,0,1
oMovingTrapRed,1344,32,0021973A,0,1,1,4294967295,0,1
oMovingTrapRed,1456,32,002D246A,0,1,1,4294967295,0,1
oStaticSpikeRed,1032,240,003C19BD,0,1,1,4294967295,0,0
oStaticSpikeRed,1128,240,00346BF6,0,1,1,4294967295,0,0
oStaticSpikeRed,1240,240,001241A0,0,1,1,4294967295,0,0
oStaticSpikeRed,1336,240,002724E6,0,1,1,4294967295,0,0
oStaticSpikeRed,1448,240,002AAE89,0,1,1,4294967295,0,0
oHexCircle,1872,192,003BC30F,0,1,1,4294967295,0,1
oHexCircle,1952,192,002A33DF,0,1,1,4294967295,0,1
oProjectileSpawner,2072,88,0030D657,0,1,1,4294967295,0,1
oProjectileSpawner,2136,88,0010B75C,0,1,1,4294967295,0,1
oHexCircle,2864,176,00082D79,0,1,1,4294967295,0,1
oStaticSpikeRed,2784,48,0031228B,0,1,1,4294967295,0,0
oStaticSpikeRed,2816,80,000497DF,0,1,1,4294967295,0,0
oStaticSpikeRed,2848,80,00226A51,0,1,1,4294967295,0,0
oStaticSpikeRed,2880,80,00172E9C,0,1,1,4294967295,0,0
oStaticSpikeRed,2912,48,000B6063,0,1,1,4294967295,0,0
oProjectileSpawner,3152,88,0014D90D,0,1,1,4294967295,0,1
oProjectileSpawner,3216,88,0039D821,0,1,1,4294967295,0,1
oProjectileSpawner,3280,88,002C268B,0,1,1,4294967295,0,1
oProjectileSpawner,3344,88,003FD7D5,0,1,1,4294967295,0,1
oProjectileSpawner,3408,88,003A0131,0,1,1,4294967295,0,1
oProjectileSpawner,3120,232,0006167C,0,1,1,4294967295,0,1
oProjectileSpawner,3184,232,0016A3C2,0,1,1,4294967295,0,1
oProjectileSpawner,3248,232,0037BCF9,0,1,1,4294967295,0,1
oProjectileSpawner,3312,232,0024A867,0,1,1,4294967295,0,1
oProjectileSpawner,3376,232,003C322A,0,1,1,4294967295,0,1
oProjectileSpawner,3440,232,0013A241,0,1,1,4294967295,0,1
oMovingTrapRed,2304,160,00219762,0,1,1,4294967295,0,1
oMovingTrapRed,2496,160,0008499B,0,1,1,4294967295,0,1
oMovingTrapRed,2432,160,00140008,0,1,1,4294967295,0,1
oProjectileSpawner,2384,88,0004A6C8,0,1,1,4294967295,0,1
oProjectileSpawner,2400,88,002918DA,0,1,1,4294967295,0,1
oWS_TheGuardian,992,240,003D8502,0,1,1,4294967295,0,0
oWS_TheGuardian,1088,208,000A4A11,0,1,1,4294967295,0,0
oWS_TheGuardian,1184,192,002BBAD5,0,1,1,4294967295,0,0
oWS_TheGuardian,1296,224,000E3DD4,0,1,1,4294967295,0,0
oWS_TheGuardian,1392,208,003D0E0C,0,1,1,4294967295,0,0
oWS_TheGuardian,1504,176,0023ED0E,0,1,1,4294967295,0,0
oWS_TheGuardian,2832,208,003F1170,0,1,1,4294967295,0,0
oWS_TheGuardian,2896,208,003B0A35,0,1,1,4294967295,0,0
oWS_TheGuardian,3472,224,002C99F6,0,1,1,4294967295,0,0
oPlayer1,48,192,00039329,0,1,1,4294967295,0,0
oInvCollPH,64,48,002FE1B8,0,1,1,4294967295,0,0
oInvCollPH,80,48,00080EEE,0,1,1,4294967295,0,0
oInvCollPH,80,32,0026ECF2,0,1,1,4294967295,0,0
oInvCollPH,48,64,001DB44A,0,1,1,4294967295,0,0
oInvCollPH,48,80,0039E0D8,0,1,1,4294967295,0,0
oInvCollPH,48,96,00368EDB,0,1,1,4294967295,0,0
oInvCollPH,48,112,0006B656,0,1,1,4294967295,0,0
oInvCollPH,32,112,0036B553,0,1,1,4294967295,0,0
oInvCollPH,16,112,002B09F8,0,1,1,4294967295,0,0
oInvCollPH,0,112,0009ED12,0,1,1,4294967295,0,0
oInvCollPH,16,192,002849C6,0,1,1,4294967295,0,0
oInvCollPH,32,192,003A2559,0,1,1,4294967295,0,0
oInvCollPH,48,192,003D7F08,0,1,1,4294967295,0,0
oInvCollPH,64,192,002FA785,0,1,1,4294967295,0,0
oInvCollPH,80,192,00330188,0,1,1,4294967295,0,0
oInvCollPH,96,192,0021EB10,0,1,1,4294967295,0,0
oInvCollPH,112,192,003DDF4E,0,1,1,4294967295,0,0
oInvCollPH,112,208,000C43DF,0,1,1,4294967295,0,0
oInvCollPH,112,224,000143E4,0,1,1,4294967295,0,0
oInvCollPH,112,240,003C9BAA,0,1,1,4294967295,0,0
oInvCollPH,112,256,001A3E18,0,1,1,4294967295,0,0
oInvCollPH,112,272,0000913E,0,1,1,4294967295,0,0
oInvCollPH,112,288,00310E40,0,1,1,4294967295,0,0
oInvCollPH,112,304,001D6718,0,1,1,4294967295,0,0
oInvCollPH,112,320,0027BCE9,0,1,1,4294967295,0,0
oInvCollPH,112,336,00203E73,0,1,1,4294967295,0,0
oInvCollPH,96,16,002EB446,0,1,1,4294967295,0,0
oInvCollPH,112,16,000C6386,0,1,1,4294967295,0,0
oInvCollPH,128,16,003FA97D,0,1,1,4294967295,0,0
oInvCollPH,144,16,0017564D,0,1,1,4294967295,0,0
oInvCollPH,160,16,0029B116,0,1,1,4294967295,0,0
oInvCollPH,176,16,003C546A,0,1,1,4294967295,0,0
oInvCollPH,192,208,002D5B4D,0,1,1,4294967295,0,0
oInvCollPH,192,224,001A3A34,0,1,1,4294967295,0,0
oInvCollPH,192,240,003A5ED2,0,1,1,4294967295,0,0
oInvCollPH,192,256,00375D38,0,1,1,4294967295,0,0
oInvCollPH,192,272,002D747A,0,1,1,4294967295,0,0
oInvCollPH,192,288,002A5047,0,1,1,4294967295,0,0
oInvCollPH,192,304,00394440,0,1,1,4294967295,0,0
oInvCollPH,192,320,0001AC91,0,1,1,4294967295,0,0
oInvCollPH,192,336,00301120,0,1,1,4294967295,0,0
oInvCollPH,240,336,003130A9,0,1,1,4294967295,0,0
oInvCollPH,240,320,0015EF4C,0,1,1,4294967295,0,0
oInvCollPH,240,304,00236D90,0,1,1,4294967295,0,0
oInvCollPH,240,288,00004412,0,1,1,4294967295,0,0
oInvCollPH,240,272,00318BC6,0,1,1,4294967295,0,0
oInvCollPH,240,256,0032814B,0,1,1,4294967295,0,0
oInvCollPH,240,240,0018B262,0,1,1,4294967295,0,0
oInvCollPH,240,224,0014CD73,0,1,1,4294967295,0,0
oInvCollPH,240,208,002947AE,0,1,1,4294967295,0,0
oInvCollPH,240,192,0001C036,0,1,1,4294967295,0,0
oInvCollPH,224,192,0025C5C3,0,1,1,4294967295,0,0
oInvCollPH,208,192,000BEF5A,0,1,1,4294967295,0,0
oInvCollPH,576,48,0020AC06,0,1,1,4294967295,0,0
oInvCollPH,576,64,0032EBB4,0,1,1,4294967295,0,0
oInvCollPH,576,80,00375B42,0,1,1,4294967295,0,0
oInvCollPH,576,96,000B8D68,0,1,1,4294967295,0,0
oInvCollPH,576,112,00215E6E,0,1,1,4294967295,0,0
oInvCollPH,576,128,002643E3,0,1,1,4294967295,0,0
oInvCollPH,576,144,00168D09,0,1,1,4294967295,0,0
oInvCollPH,592,144,002980E8,0,1,1,4294967295,0,0
oInvCollPH,608,144,000B3BB7,0,1,1,4294967295,0,0
oInvCollPH,624,144,002C51ED,0,1,1,4294967295,0,0
oInvCollPH,592,224,0035A33C,0,1,1,4294967295,0,0
oInvCollPH,608,224,0032C878,0,1,1,4294967295,0,0
oInvCollPH,624,224,00363773,0,1,1,4294967295,0,0
oInvCollPH,640,224,001624DD,0,1,1,4294967295,0,0
oInvCollPH,656,224,00238CC8,0,1,1,4294967295,0,0
oInvCollPH,672,224,001AD7D8,0,1,1,4294967295,0,0
oInvCollPH,688,224,0034550E,0,1,1,4294967295,0,0
oInvCollPH,624,128,001F2418,0,1,1,4294967295,0,0
oInvCollPH,624,112,00232BA0,0,1,1,4294967295,0,0
oInvCollPH,624,96,0001E227,0,1,1,4294967295,0,0
oInvCollPH,624,80,0012D793,0,1,1,4294967295,0,0
oInvCollPH,624,64,00401AD6,0,1,1,4294967295,0,0
oInvCollPH,624,48,00389A98,0,1,1,4294967295,0,0
oInvCollPH,624,32,003CB0E3,0,1,1,4294967295,0,0
oInvCollPH,576,240,003B094A,0,1,1,4294967295,0,0
oInvCollPH,576,256,001B7521,0,1,1,4294967295,0,0
oInvCollPH,576,272,001D45AC,0,1,1,4294967295,0,0
oInvCollPH,576,288,0017E706,0,1,1,4294967295,0,0
oInvCollPH,576,304,0008CDE8,0,1,1,4294967295,0,0
oInvCollPH,576,320,002EE213,0,1,1,4294967295,0,0
oInvCollPH,576,336,00028497,0,1,1,4294967295,0,0
oInvCollPH,192,16,000975BE,0,1,1,4294967295,0,0
oInvCollPH,208,16,003554EC,0,1,1,4294967295,0,0
oInvCollPH,224,16,003CB46F,0,1,1,4294967295,0,0
oInvCollPH,240,16,000E8992,0,1,1,4294967295,0,0
oInvCollPH,432,16,001A9B06,0,1,1,4294967295,0,0
oInvCollPH,416,16,002C02D2,0,1,1,4294967295,0,0
oInvCollPH,400,16,0008D77D,0,1,1,4294967295,0,0
oInvCollPH,384,16,0015E35B,0,1,1,4294967295,0,0
oInvCollPH,368,16,00212FDD,0,1,1,4294967295,0,0
oInvCollPH,352,16,0032C998,0,1,1,4294967295,0,0
oInvCollPH,336,16,000BBF2A,0,1,1,4294967295,0,0
oInvCollPH,320,16,0024F272,0,1,1,4294967295,0,0
oInvCollPH,304,16,0005A52E,0,1,1,4294967295,0,0
oInvCollPH,288,16,002C798D,0,1,1,4294967295,0,0
oInvCollPH,272,16,00220F85,0,1,1,4294967295,0,0
oInvCollPH,256,16,000B3726,0,1,1,4294967295,0,0
oInvCollPH,752,16,0030681E,0,1,1,4294967295,0,0
oInvCollPH,736,16,00057B7D,0,1,1,4294967295,0,0
oInvCollPH,720,16,00202255,0,1,1,4294967295,0,0
oInvCollPH,704,16,0018179D,0,1,1,4294967295,0,0
oInvCollPH,688,16,000B980D,0,1,1,4294967295,0,0
oInvCollPH,672,16,0004F8F1,0,1,1,4294967295,0,0
oInvCollPH,656,16,0021BD6A,0,1,1,4294967295,0,0
oInvCollPH,640,16,0040269E,0,1,1,4294967295,0,0
oInvCollPH,560,16,003AAFA1,0,1,1,4294967295,0,0
oInvCollPH,544,16,00164BDC,0,1,1,4294967295,0,0
oInvCollPH,528,16,0027C9F5,0,1,1,4294967295,0,0
oInvCollPH,512,16,00324B22,0,1,1,4294967295,0,0
oInvCollPH,496,16,0013EB25,0,1,1,4294967295,0,0
oInvCollPH,480,16,000EE3FA,0,1,1,4294967295,0,0
oInvCollPH,464,16,000B5524,0,1,1,4294967295,0,0
oInvCollPH,448,16,00196330,0,1,1,4294967295,0,0
oInvCollPH,912,16,00132FAA,0,1,1,4294967295,0,0
oInvCollPH,896,16,00388988,0,1,1,4294967295,0,0
oInvCollPH,880,16,0007384B,0,1,1,4294967295,0,0
oInvCollPH,864,16,00150E01,0,1,1,4294967295,0,0
oInvCollPH,848,16,0014C072,0,1,1,4294967295,0,0
oInvCollPH,832,16,001D5CC1,0,1,1,4294967295,0,0
oInvCollPH,816,16,003E8B60,0,1,1,4294967295,0,0
oInvCollPH,800,16,00153DCC,0,1,1,4294967295,0,0
oInvCollPH,784,16,003E6427,0,1,1,4294967295,0,0
oInvCollPH,768,16,0022C1EA,0,1,1,4294967295,0,0
oInvCollPH,688,240,0000BA20,0,1,1,4294967295,0,0
oInvCollPH,688,256,00257A46,0,1,1,4294967295,0,0
oInvCollPH,688,272,0018451B,0,1,1,4294967295,0,0
oInvCollPH,688,288,001F7DA5,0,1,1,4294967295,0,0
oInvCollPH,688,304,00135A00,0,1,1,4294967295,0,0
oInvCollPH,688,320,00272AD9,0,1,1,4294967295,0,0
oInvCollPH,688,336,002C48B9,0,1,1,4294967295,0,0
oInvCollPH,928,16,001A1D70,0,1,1,4294967295,0,0
oInvCollPH,944,16,003F0826,0,1,1,4294967295,0,0
oInvCollPH,960,16,003FEC0C,0,1,1,4294967295,0,0
oInvCollPH,976,16,000302C6,0,1,1,4294967295,0,0
oInvCollPH,992,16,00359101,0,1,1,4294967295,0,0
oInvCollPH,1008,16,002BCA2F,0,1,1,4294967295,0,0
oInvCollPH,1024,16,000B4820,0,1,1,4294967295,0,0
oInvCollPH,1040,16,0037E203,0,1,1,4294967295,0,0
oInvCollPH,1056,16,0001FCAA,0,1,1,4294967295,0,0
oInvCollPH,1072,16,00360293,0,1,1,4294967295,0,0
oInvCollPH,1088,16,003664F3,0,1,1,4294967295,0,0
oInvCollPH,1104,16,002BB735,0,1,1,4294967295,0,0
oInvCollPH,1120,16,0009F29B,0,1,1,4294967295,0,0
oInvCollPH,1136,16,002F0845,0,1,1,4294967295,0,0
oInvCollPH,1152,16,00114BD3,0,1,1,4294967295,0,0
oInvCollPH,1168,16,0029763C,0,1,1,4294967295,0,0
oInvCollPH,1184,16,0016296A,0,1,1,4294967295,0,0
oInvCollPH,1200,16,002D8B48,0,1,1,4294967295,0,0
oInvCollPH,1216,16,0027FDE9,0,1,1,4294967295,0,0
oInvCollPH,1232,16,001495F4,0,1,1,4294967295,0,0
oInvCollPH,1248,16,00166857,0,1,1,4294967295,0,0
oInvCollPH,1264,16,0037DEF7,0,1,1,4294967295,0,0
oInvCollPH,1280,16,00042D9D,0,1,1,4294967295,0,0
oInvCollPH,1296,16,00304507,0,1,1,4294967295,0,0
oInvCollPH,1312,16,002B82CB,0,1,1,4294967295,0,0
oInvCollPH,1328,16,003695BE,0,1,1,4294967295,0,0
oInvCollPH,1344,16,003EC810,0,1,1,4294967295,0,0
oInvCollPH,1360,16,003E020F,0,1,1,4294967295,0,0
oInvCollPH,1376,16,0000585C,0,1,1,4294967295,0,0
oInvCollPH,1392,16,002D7DFD,0,1,1,4294967295,0,0
oInvCollPH,1408,16,003C1E52,0,1,1,4294967295,0,0
oInvCollPH,1424,16,0000BE5D,0,1,1,4294967295,0,0
oInvCollPH,1440,16,0008A12E,0,1,1,4294967295,0,0
oInvCollPH,1456,16,003CAAED,0,1,1,4294967295,0,0
oInvCollPH,1472,16,002B5E41,0,1,1,4294967295,0,0
oInvCollPH,1488,16,00208FA3,0,1,1,4294967295,0,0
oInvCollPH,1504,16,00276C21,0,1,1,4294967295,0,0
oInvCollPH,1520,16,001BD3B3,0,1,1,4294967295,0,0
oInvCollPH,1536,16,003D7136,0,1,1,4294967295,0,0
oInvCollPH,1552,16,003B4265,0,1,1,4294967295,0,0
oInvCollPH,1568,16,00396000,0,1,1,4294967295,0,0
oInvCollPH,1584,16,0027C2DF,0,1,1,4294967295,0,0
oInvCollPH,1600,16,002DC619,0,1,1,4294967295,0,0
oInvCollPH,1616,16,0010336A,0,1,1,4294967295,0,0
oInvCollPH,1632,16,0015734E,0,1,1,4294967295,0,0
oInvCollPH,1648,16,00005EA7,0,1,1,4294967295,0,0
oInvCollPH,1664,16,002D3653,0,1,1,4294967295,0,0
oInvCollPH,1680,16,000E490B,0,1,1,4294967295,0,0
oInvCollPH,1696,16,003C770C,0,1,1,4294967295,0,0
oInvCollPH,1712,16,001040A0,0,1,1,4294967295,0,0
oInvCollConvey,1744,224,000A847B,0,1,1,4294967295,0,0
oInvCollConvey,1760,224,001DC445,0,1,1,4294967295,0,0
oInvCollConvey,1776,224,003B200B,0,1,1,4294967295,0,0
oInvCollConvey,1792,224,001A4BA5,0,1,1,4294967295,0,0
oInvCollConvey,1872,224,000B4D40,0,1,1,4294967295,0,0
oInvCollConvey,1856,224,0014BDAA,0,1,1,4294967295,0,0
oInvCollConvey,1840,224,001B8A0A,0,1,1,4294967295,0,0
oInvCollConvey,1824,224,000612CC,0,1,1,4294967295,0,0
oInvCollConvey,1808,224,0030C59A,0,1,1,4294967295,0,0
oInvCollConvey,1952,224,000F52AF,0,1,1,4294967295,0,0
oInvCollConvey,1936,224,0007C678,0,1,1,4294967295,0,0
oInvCollConvey,1920,224,002B0034,0,1,1,4294967295,0,0
oInvCollConvey,1904,224,0039DC28,0,1,1,4294967295,0,0
oInvCollConvey,1888,224,00360066,0,1,1,4294967295,0,0
oInvCollConvey,2032,224,0016AA65,0,1,1,4294967295,0,0
oInvCollConvey,2016,224,0001511E,0,1,1,4294967295,0,0
oInvCollConvey,2000,224,000D49D2,0,1,1,4294967295,0,0
oInvCollConvey,1984,224,00099BA5,0,1,1,4294967295,0,0
oInvCollConvey,1968,224,000C21E6,0,1,1,4294967295,0,0
oInvCollPH,2072,80,0026B1BA,0,1,1,4294967295,0,0
oInvCollPH,2136,80,001395CC,0,1,1,4294967295,0,0
oInvCollPH,2048,48,00276003,0,1,1,4294967295,0,0
oInvCollPH,2064,48,003E2192,0,1,1,4294967295,0,0
oInvCollPH,2080,48,00021CBF,0,1,1,4294967295,0,0
oInvCollPH,2096,48,000D7E03,0,1,1,4294967295,0,0
oInvCollPH,2112,48,00196C61,0,1,1,4294967295,0,0
oInvCollPH,2128,48,001C2B9E,0,1,1,4294967295,0,0
oInvCollPH,2144,48,0022960C,0,1,1,4294967295,0,0
oInvCollPH,2160,48,001217FC,0,1,1,4294967295,0,0
oInvCollPH,2176,48,0022A7FE,0,1,1,4294967295,0,0
oInvCollPH,2192,48,0017FB13,0,1,1,4294967295,0,0
oInvCollPH,2208,48,002F4C9A,0,1,1,4294967295,0,0
oInvCollPH,2224,48,0005D6E4,0,1,1,4294967295,0,0
oInvCollPH,2240,48,002CEFAD,0,1,1,4294967295,0,0
oInvCollPH,2256,48,0032E901,0,1,1,4294967295,0,0
oInvCollPH,2272,48,000C9359,0,1,1,4294967295,0,0
oInvCollPH,2288,48,0023E1AA,0,1,1,4294967295,0,0
oInvCollPH,2304,48,002603E8,0,1,1,4294967295,0,0
oInvCollPH,2320,48,00269B11,0,1,1,4294967295,0,0
oInvCollPH,2336,48,0034B342,0,1,1,4294967295,0,0
oInvCollPH,2352,48,0034A95E,0,1,1,4294967295,0,0
oInvCollConvey,2304,192,0031130D,0,1,1,4294967295,0,0
oInvCollConvey,2288,192,00287C86,0,1,1,4294967295,0,0
oInvCollConvey,2272,192,003F6274,0,1,1,4294967295,0,0
oInvCollConvey,2256,192,0001A447,0,1,1,4294967295,0,0
oInvCollConvey,2384,192,003F2F03,0,1,1,4294967295,0,0
oInvCollConvey,2368,192,000DFDFC,0,1,1,4294967295,0,0
oInvCollConvey,2352,192,00183F40,0,1,1,4294967295,0,0
oInvCollConvey,2336,192,0005D72A,0,1,1,4294967295,0,0
oInvCollConvey,2320,192,001B1D98,0,1,1,4294967295,0,0
oInvCollConvey,2464,192,0003834E,0,1,1,4294967295,0,0
oInvCollConvey,2448,192,000B910F,0,1,1,4294967295,0,0
oInvCollConvey,2432,192,000E26C8,0,1,1,4294967295,0,0
oInvCollConvey,2416,192,003207F4,0,1,1,4294967295,0,0
oInvCollConvey,2400,192,0002FBF6,0,1,1,4294967295,0,0
oInvCollConvey,2544,192,001EEF10,0,1,1,4294967295,0,0
oInvCollConvey,2528,192,003B05B6,0,1,1,4294967295,0,0
oInvCollConvey,2512,192,000CD615,0,1,1,4294967295,0,0
oInvCollConvey,2496,192,003EED30,0,1,1,4294967295,0,0
oInvCollConvey,2480,192,002BE703,0,1,1,4294967295,0,0
oInvCollPH,1728,32,000B4FF4,0,1,1,4294967295,0,0
oInvCollPH,1728,48,001B4292,0,1,1,4294967295,0,0
oInvCollPH,1728,64,001B62ED,0,1,1,4294967295,0,0
oInvCollPH,1728,80,002E7988,0,1,1,4294967295,0,0
oInvCollPH,1728,96,0012C681,0,1,1,4294967295,0,0
oInvCollPH,1728,112,00035EFF,0,1,1,4294967295,0,0
oInvCollPH,1728,128,000961C9,0,1,1,4294967295,0,0
oInvCollPH,1728,144,003A5381,0,1,1,4294967295,0,0
oInvCollPH,1744,144,0027334D,0,1,1,4294967295,0,0
oInvCollPH,1760,144,003EEEAD,0,1,1,4294967295,0,0
oInvCollPH,2032,64,0010B81F,0,1,1,4294967295,0,0
oInvCollPH,2032,80,00364103,0,1,1,4294967295,0,0
oInvCollPH,2032,96,003B4C70,0,1,1,4294967295,0,0
oInvCollPH,2032,112,002C41E4,0,1,1,4294967295,0,0
oInvCollPH,2032,128,00224803,0,1,1,4294967295,0,0
oInvCollPH,2032,144,00346101,0,1,1,4294967295,0,0
oInvCollPH,1776,144,002B9C1A,0,1,1,4294967295,0,0
oInvCollPH,1792,144,0017924B,0,1,1,4294967295,0,0
oInvCollPH,1808,144,001779B0,0,1,1,4294967295,0,0
oInvCollPH,1824,144,003B26FD,0,1,1,4294967295,0,0
oInvCollPH,1840,144,0029328D,0,1,1,4294967295,0,0
oInvCollPH,1856,144,00390A3E,0,1,1,4294967295,0,0
oInvCollPH,1872,144,000A60CD,0,1,1,4294967295,0,0
oInvCollPH,1888,144,0007E57A,0,1,1,4294967295,0,0
oInvCollPH,1904,144,0002E550,0,1,1,4294967295,0,0
oInvCollPH,1920,144,001B5877,0,1,1,4294967295,0,0
oInvCollPH,1936,144,001B3C6F,0,1,1,4294967295,0,0
oInvCollPH,1952,144,00248639,0,1,1,4294967295,0,0
oInvCollPH,1968,144,00342FB5,0,1,1,4294967295,0,0
oInvCollPH,1984,144,002AD7B2,0,1,1,4294967295,0,0
oInvCollPH,2000,144,00401EFC,0,1,1,4294967295,0,0
oInvCollPH,2016,144,0036F613,0,1,1,4294967295,0,0
oInvCollPH,2512,48,002AFF04,0,1,1,4294967295,0,0
oInvCollPH,2496,48,003F780B,0,1,1,4294967295,0,0
oInvCollPH,2480,48,00395B6F,0,1,1,4294967295,0,0
oInvCollPH,2464,48,002E9882,0,1,1,4294967295,0,0
oInvCollPH,2448,48,002DC7F0,0,1,1,4294967295,0,0
oInvCollPH,2432,48,001FCCD4,0,1,1,4294967295,0,0
oInvCollPH,2416,48,002085FA,0,1,1,4294967295,0,0
oInvCollPH,2400,80,0029F7D5,0,1,1,4294967295,0,0
oInvCollPH,2384,80,0004DB38,0,1,1,4294967295,0,0
oInvCollPH,2368,48,0003561C,0,1,1,4294967295,0,0
oInvCollPH,2672,48,00278100,0,1,1,4294967295,0,0
oInvCollPH,2656,48,003A78FC,0,1,1,4294967295,0,0
oInvCollPH,2640,48,002D3CC5,0,1,1,4294967295,0,0
oInvCollPH,2624,48,0034716E,0,1,1,4294967295,0,0
oInvCollPH,2608,48,001FA8E4,0,1,1,4294967295,0,0
oInvCollPH,2592,48,0023E853,0,1,1,4294967295,0,0
oInvCollPH,2576,48,0003F5C8,0,1,1,4294967295,0,0
oInvCollPH,2560,48,001F2787,0,1,1,4294967295,0,0
oInvCollPH,2544,48,003F4349,0,1,1,4294967295,0,0
oInvCollPH,2672,32,0031951A,0,1,1,4294967295,0,0
oInvCollPH,2992,208,002B3A0E,0,1,1,4294967295,0,0
oInvCollPH,3008,208,001997FB,0,1,1,4294967295,0,0
oInvCollPH,3008,192,00163B13,0,1,1,4294967295,0,0
oInvCollPH,3024,192,0001A4D0,0,1,1,4294967295,0,0
oInvCollPH,3040,192,0006CA68,0,1,1,4294967295,0,0
oInvCollPH,3040,208,00026698,0,1,1,4294967295,0,0
oInvCollPH,2672,224,000E6679,0,1,1,4294967295,0,0
oInvCollPH,2656,240,001A0550,0,1,1,4294967295,0,0
oInvCollPH,2656,256,00354C32,0,1,1,4294967295,0,0
oInvCollPH,2656,272,000E2A1E,0,1,1,4294967295,0,0
oInvCollPH,2656,288,0007124C,0,1,1,4294967295,0,0
oInvCollPH,2656,304,001A2D67,0,1,1,4294967295,0,0
oInvCollPH,2656,320,0012D0EC,0,1,1,4294967295,0,0
oInvCollPH,2656,336,001BE57F,0,1,1,4294967295,0,0
oInvCollPH,2688,224,0011C30F,0,1,1,4294967295,0,0
oInvCollPH,2704,224,0023D2E5,0,1,1,4294967295,0,0
oInvCollPH,2704,240,0034FF5B,0,1,1,4294967295,0,0
oInvCollPH,2704,256,003F59AA,0,1,1,4294967295,0,0
oInvCollPH,2704,272,0033838C,0,1,1,4294967295,0,0
oInvCollPH,2704,288,00015C43,0,1,1,4294967295,0,0
oInvCollPH,2704,304,001F7C43,0,1,1,4294967295,0,0
oInvCollPH,2704,320,0035081A,0,1,1,4294967295,0,0
oInvCollPH,2704,336,001B4D7B,0,1,1,4294967295,0,0
oInvCollPH,3024,240,0007407E,0,1,1,4294967295,0,0
oInvCollPH,3024,256,0026C197,0,1,1,4294967295,0,0
oInvCollPH,3040,272,00246441,0,1,1,4294967295,0,0
oInvCollPH,3056,272,00211C8C,0,1,1,4294967295,0,0
oInvCollPH,3072,272,00017031,0,1,1,4294967295,0,0
oInvCollPH,2688,16,00071559,0,1,1,4294967295,0,0
oInvCollPH,2704,16,00105A2E,0,1,1,4294967295,0,0
oInvCollPH,2720,16,001F644F,0,1,1,4294967295,0,0
oInvCollPH,2736,16,003EBC34,0,1,1,4294967295,0,0
oInvCollPH,2752,16,00309B32,0,1,1,4294967295,0,0
oInvCollPH,2768,16,0029C6A6,0,1,1,4294967295,0,0
oInvCollPH,2784,16,001B284A,0,1,1,4294967295,0,0
oInvCollPH,2800,16,00308AC4,0,1,1,4294967295,0,0
oInvCollPH,2816,16,0031797C,0,1,1,4294967295,0,0
oInvCollPH,2832,16,00373306,0,1,1,4294967295,0,0
oInvCollPH,2992,16,00248856,0,1,1,4294967295,0,0
oInvCollPH,2976,16,0008D899,0,1,1,4294967295,0,0
oInvCollPH,2960,16,0011E395,0,1,1,4294967295,0,0
oInvCollPH,2944,16,0012568A,0,1,1,4294967295,0,0
oInvCollPH,2928,16,00100A0A,0,1,1,4294967295,0,0
oInvCollPH,2912,16,00018D21,0,1,1,4294967295,0,0
oInvCollPH,2896,16,001CD86B,0,1,1,4294967295,0,0
oInvCollPH,2880,16,00203F9F,0,1,1,4294967295,0,0
oInvCollPH,2864,16,0021D623,0,1,1,4294967295,0,0
oInvCollPH,2848,16,001040E0,0,1,1,4294967295,0,0
oInvCollPH,3088,272,000A975F,0,1,1,4294967295,0,0
oInvCollPH,3104,272,002CCAE4,0,1,1,4294967295,0,0
oInvCollPH,3120,272,0015FB01,0,1,1,4294967295,0,0
oInvCollPH,3136,272,0016B0DC,0,1,1,4294967295,0,0
oInvCollPH,3152,272,00396F6D,0,1,1,4294967295,0,0
oInvCollPH,3168,272,0003F768,0,1,1,4294967295,0,0
oInvCollPH,3008,16,002B882F,0,1,1,4294967295,0,0
oInvCollPH,3024,16,000717CB,0,1,1,4294967295,0,0
oInvCollPH,3520,240,002E1573,0,1,1,4294967295,0,0
oInvCollPH,3520,256,00218304,0,1,1,4294967295,0,0
oInvCollPH,3120,256,001F21D4,0,1,1,4294967295,0,0
oInvCollPH,3184,256,002B1025,0,1,1,4294967295,0,0
oInvCollPH,3248,256,00021BE7,0,1,1,4294967295,0,0
oInvCollPH,3312,256,000B6F57,0,1,1,4294967295,0,0
oInvCollPH,3376,256,0025DF7F,0,1,1,4294967295,0,0
oInvCollPH,3440,256,001F54E9,0,1,1,4294967295,0,0
oInvCollPH,3184,272,00201621,0,1,1,4294967295,0,0
oInvCollPH,3200,272,003E51CD,0,1,1,4294967295,0,0
oInvCollPH,3216,272,002B4AC3,0,1,1,4294967295,0,0
oInvCollPH,3232,272,002B73E7,0,1,1,4294967295,0,0
oInvCollPH,3248,272,003D7308,0,1,1,4294967295,0,0
oInvCollPH,3264,272,000DF09D,0,1,1,4294967295,0,0
oInvCollPH,3280,272,002CAC10,0,1,1,4294967295,0,0
oInvCollPH,3296,272,002310F8,0,1,1,4294967295,0,0
oInvCollPH,3312,272,0013DAC8,0,1,1,4294967295,0,0
oInvCollPH,3328,272,003EF435,0,1,1,4294967295,0,0
oInvCollPH,3344,272,00272AA0,0,1,1,4294967295,0,0
oInvCollPH,3360,272,00193E2A,0,1,1,4294967295,0,0
oInvCollPH,3376,272,001EAAC2,0,1,1,4294967295,0,0
oInvCollPH,3392,272,0030B7BA,0,1,1,4294967295,0,0
oInvCollPH,3408,272,00346498,0,1,1,4294967295,0,0
oInvCollPH,3424,272,001A5635,0,1,1,4294967295,0,0
oInvCollPH,3440,272,00194083,0,1,1,4294967295,0,0
oInvCollPH,3456,272,003C4FFD,0,1,1,4294967295,0,0
oInvCollPH,3472,272,003E19DC,0,1,1,4294967295,0,0
oInvCollPH,3488,272,0027A237,0,1,1,4294967295,0,0
oInvCollPH,3504,272,002E067F,0,1,1,4294967295,0,0
oInvCollPH,3520,272,0030D396,0,1,1,4294967295,0,0
oInvCollPH,3504,208,0002F331,0,1,1,4294967295,0,0
oInvCollPH,3520,192,0005F771,0,1,1,4294967295,0,0
oInvCollPH,3536,192,0032C0FA,0,1,1,4294967295,0,0
oInvCollPH,3552,192,0030C898,0,1,1,4294967295,0,0
oInvCollPH,3552,208,000A360F,0,1,1,4294967295,0,0
oInvCollPH,3536,208,0036BCD3,0,1,1,4294967295,0,0
oInvCollPH,3680,112,002E5470,0,1,1,4294967295,0,0
oInvCollPH,3696,112,001AE146,0,1,1,4294967295,0,0
oInvCollPH,3712,112,00134D60,0,1,1,4294967295,0,0
oInvCollPH,3728,112,00081328,0,1,1,4294967295,0,0
oInvCollPH,3488,112,0007F371,0,1,1,4294967295,0,0
oInvCollPH,3504,112,0006856E,0,1,1,4294967295,0,0
oInvCollPH,3504,96,001C40CC,0,1,1,4294967295,0,0
oInvCollPH,3632,192,001BCF20,0,1,1,4294967295,0,0
oInvCollPH,3648,192,00237289,0,1,1,4294967295,0,0
oInvCollPH,3664,192,002A387E,0,1,1,4294967295,0,0
oInvCollPH,3680,192,002DC00E,0,1,1,4294967295,0,0
oInvCollPH,3696,192,002F5218,0,1,1,4294967295,0,0
oInvCollPH,3712,192,001A1692,0,1,1,4294967295,0,0
oInvCollPH,3728,192,002F1460,0,1,1,4294967295,0,0
oInvCollPH,3616,208,002D86AE,0,1,1,4294967295,0,0
oInvCollPH,3616,224,00345AD3,0,1,1,4294967295,0,0
oInvCollPH,3616,240,0012B193,0,1,1,4294967295,0,0
oInvCollPH,3616,256,002CD478,0,1,1,4294967295,0,0
oInvCollPH,3616,272,002697C4,0,1,1,4294967295,0,0
oInvCollPH,3616,288,001C672D,0,1,1,4294967295,0,0
oInvCollPH,3616,304,001AC4D2,0,1,1,4294967295,0,0
oInvCollPH,3616,320,0002EB8C,0,1,1,4294967295,0,0
oInvCollPH,3616,336,0034D1C2,0,1,1,4294967295,0,0
oInvCollPH,3488,64,00176575,0,1,1,4294967295,0,0
oInvCollPH,3488,80,0009AB43,0,1,1,4294967295,0,0
oInvCollPH,3520,80,00241EFD,0,1,1,4294967295,0,0
oInvCollPH,3536,80,0032717B,0,1,1,4294967295,0,0
oInvCollPH,3552,80,0034A56B,0,1,1,4294967295,0,0
oInvCollPH,3568,80,001404EC,0,1,1,4294967295,0,0
oInvCollPH,3584,80,000EB4D2,0,1,1,4294967295,0,0
oInvCollPH,3600,80,0025FBB2,0,1,1,4294967295,0,0
oInvCollPH,3616,80,000196C5,0,1,1,4294967295,0,0
oInvCollPH,3632,80,0011A019,0,1,1,4294967295,0,0
oInvCollPH,3648,80,00137B43,0,1,1,4294967295,0,0
oInvCollPH,3664,80,0017A3B4,0,1,1,4294967295,0,0
oInvCollPH,3040,32,000A9CEF,0,1,1,4294967295,0,0
oInvCollPH,3040,48,003B1578,0,1,1,4294967295,0,0
oInvCollPH,3056,48,0031253C,0,1,1,4294967295,0,0
oInvCollPH,3072,48,00340AFE,0,1,1,4294967295,0,0
oInvCollPH,3088,48,0025D93C,0,1,1,4294967295,0,0
oInvCollPH,3104,48,0034AB40,0,1,1,4294967295,0,0
oInvCollPH,3120,48,002E8779,0,1,1,4294967295,0,0
oInvCollPH,3136,48,00298F83,0,1,1,4294967295,0,0
oInvCollPH,3152,80,002E53D7,0,1,1,4294967295,0,0
oInvCollPH,3168,48,003C7A3E,0,1,1,4294967295,0,0
oInvCollPH,3184,48,00114904,0,1,1,4294967295,0,0
oInvCollPH,3472,48,0014E61C,0,1,1,4294967295,0,0
oInvCollPH,3456,48,002973F8,0,1,1,4294967295,0,0
oInvCollPH,3440,48,002FA62C,0,1,1,4294967295,0,0
oInvCollPH,3424,48,001F3B51,0,1,1,4294967295,0,0
oInvCollPH,3408,80,002E7101,0,1,1,4294967295,0,0
oInvCollPH,3392,48,001CB60D,0,1,1,4294967295,0,0
oInvCollPH,3376,48,0000E219,0,1,1,4294967295,0,0
oInvCollPH,3360,48,0027C904,0,1,1,4294967295,0,0
oInvCollPH,3344,80,0025120A,0,1,1,4294967295,0,0
oInvCollPH,3328,48,00353135,0,1,1,4294967295,0,0
oInvCollPH,3312,48,0021D7C8,0,1,1,4294967295,0,0
oInvCollPH,3296,48,00301D10,0,1,1,4294967295,0,0
oInvCollPH,3280,80,0034ABDF,0,1,1,4294967295,0,0
oInvCollPH,3264,48,0036FDA2,0,1,1,4294967295,0,0
oInvCollPH,3248,48,00051EAA,0,1,1,4294967295,0,0
oInvCollPH,3232,48,0015D21F,0,1,1,4294967295,0,0
oInvCollPH,3216,80,00105B73,0,1,1,4294967295,0,0
oInvCollPH,3200,48,0028F731,0,1,1,4294967295,0,0
oInvCollPH,2528,48,0013244A,0,1,1,4294967295,0,0
oInvCollPH,2400,64,00079A66,0,1,1,4294967295,0,0
oInvisibleSolid,0,192,003FD2E7,0,1,1,4294967295,0,1
oInvisibleSolid,0,64,0018D310,0,1,1,4294967295,0,1
oInvisibleSolid,0,0,00202EB0,0,1,1,4294967295,0,1
oInvisibleSolid,96,0,00133306,0,1,1,4294967295,0,1
oInvisibleSolid,192,192,00061F21,0,1,1,4294967295,0,1
oInvisibleSolid,576,32,00303697,0,1,1,4294967295,0,1
oInvisibleSolid,576,224,00359A86,0,1,1,4294967295,0,1
oInvisibleSolid,1728,0,00336254,0,1,1,4294967295,0,1
oInvisibleSolid,2048,0,0035E9C4,0,1,1,4294967295,0,1
oInvisibleSolid,2072,64,003B113C,0,1,1,4294967295,0,1
oInvisibleSolid,2136,64,001F6102,0,1,1,4294967295,0,1
oInvisibleSolid,2656,224,003B404A,0,1,1,4294967295,0,1
oInvisibleSolid,2688,0,00235954,0,1,1,4294967295,0,1
oInvisibleSolid,2992,192,00100F83,0,1,1,4294967295,0,1
oInvisibleSolid,3024,224,000A55FC,0,1,1,4294967295,0,1
oInvisibleSolid,3024,272,0033A43B,0,1,1,4294967295,0,1
oInvisibleSolid,3040,0,00377CE2,0,1,1,4294967295,0,1
oInvisibleSolid,3120,240,002BFB3A,0,1,1,4294967295,0,1
oInvisibleSolid,3184,240,000576FB,0,1,1,4294967295,0,1
oInvisibleSolid,3248,240,00103293,0,1,1,4294967295,0,1
oInvisibleSolid,3312,240,0024B1F7,0,1,1,4294967295,0,1
oInvisibleSolid,3376,240,000BA8C1,0,1,1,4294967295,0,1
oInvisibleSolid,3440,240,0022FC92,0,1,1,4294967295,0,1
oInvisibleSolid,3488,0,0013DDF9,0,1,1,4294967295,0,1
oInvisibleSolid,3488,96,002A911E,0,1,1,4294967295,0,1
oInvisibleSolid,3680,96,001EEE65,0,1,1,4294967295,0,1
oInvisibleSolid,3616,192,00310C33,0,1,1,4294967295,0,1
oInvisibleSolid,3504,192,0010820C,0,1,1,4294967295,0,1
oInvisibleSolid,3520,224,000A94C4,0,1,1,4294967295,0,1
oInvisibleSolid,3152,64,000E9D20,0,1,1,4294967295,0,1
oInvisibleSolid,3216,64,0003A250,0,1,1,4294967295,0,1
oInvisibleSolid,3280,64,002104D0,0,1,1,4294967295,0,1
oInvisibleSolid,3344,64,00119510,0,1,1,4294967295,0,1
oInvisibleSolid,3408,64,00124D5B,0,1,1,4294967295,0,1
oInvisibleSolid,2384,64,00370088,0,1,1,4294967295,0,0
