oMMBossDoor,2800,240,0009A448,0,1,1,4294967295,0,1
oHealingPost,2656,288,003F9D6C,0,1,1,4294967295,0,0
oConveyorA,256,256,001FD01B,0,1,1,4294967295,0,1
oConveyorA,400,224,0035F699,0,1,1,4294967295,0,1
oConveyorA,672,256,0014A5A6,0,1,1,4294967295,0,1
oConveyorA,528,224,00070BC5,0,1,1,4294967295,0,1
oConveyorA,1008,288,00087D32,0,1,1,4294967295,0,1
oConveyorA,1008,160,00337AF2,0,1,1,4294967295,0,1
oConveyorA,1536,224,003D1864,0,1,1,4294967295,0,1
oRayTrap,1552,256,0005C0BE,0,1,1,4294967295,0,0
oRayTrap,1664,256,0033F0E2,0,1,1,4294967295,0,0
oRayTrap,1792,256,0006C91D,0,1,1,4294967295,0,0
oRayTrap,1920,256,0013C9B0,0,1,1,4294967295,0,0
oRayTrap,2048,256,00062A82,0,1,1,4294967295,0,0
oRayTrap,2160,256,000C014C,0,1,1,4294967295,0,0
oRayTrapSensor,1600,160,003ED075,0,1,1,4294967295,0,1
oRayTrapSensor,1728,160,00324080,0,1,1,4294967295,0,1
oRayTrapSensor,1856,160,000B12E9,0,1,1,4294967295,0,1
oRayTrapSensor,1984,160,002FAD66,0,1,1,4294967295,0,1
oRayTrapSensor,2112,160,003476E1,0,1,1,4294967295,0,1
oRayTrapSensor,1536,96,001294CE,0,1,1,4294967295,0,1
oRayTrapSensor,1600,208,000E91E8,0,1,1,4294967295,0,1
oRayTrapSensor,1728,208,0018A41E,0,1,1,4294967295,0,1
oRayTrapSensor,1856,208,0031C283,0,1,1,4294967295,0,1
oRayTrapSensor,1984,208,00158056,0,1,1,4294967295,0,1
oSineFaller,1856,128,0011296B,0,1,1,4294967295,0,0
oSineFaller,2112,128,0014AEF9,0,1,1,4294967295,0,0
oMMFlamer,2288,224,0020746D,0,1,1,4294967295,0,1
oHammaHammaMain,1376,272,003D531E,0,1,1,4294967295,0,0
oHammaHammaMain,1440,272,00038786,0,1,1,4294967295,0,0
oHammaHammaMain,2464,288,00018F9F,0,1,1,4294967295,0,0
oWallCancer,2416,96,00190B24,0,1,1,4294967295,0,1
oMetalWing,1104,224,0001B10F,0,1,1,4294967295,0,0
oMetalWing,1136,208,00269CA2,0,1,1,4294967295,0,0
oMetalWing,1136,240,00323F82,0,1,1,4294967295,0,0
oMetalWing,1168,192,002C247F,0,1,1,4294967295,0,0
oMetalWing,1168,256,000AF840,0,1,1,4294967295,0,0
oMetalWing,1184,96,001A4DF3,0,1,1,4294967295,0,0
oMetalWing,1200,80,00047CD6,0,1,1,4294967295,0,0
oMetalWing,1200,112,00353C7E,0,1,1,4294967295,0,0
oMetalWing,1216,64,002EE1D1,0,1,1,4294967295,0,0
oMetalWing,1216,128,000C632D,0,1,1,4294967295,0,0
oPlayer1,48,288,0026DCC6,0,1,1,4294967295,0,0
oInvCollPH,48,0,003B5CA1,0,1,1,4294967295,0,0
oInvCollPH,48,16,003F815B,0,1,1,4294967295,0,0
oInvCollPH,48,32,00318607,0,1,1,4294967295,0,0
oInvCollPH,48,48,00329320,0,1,1,4294967295,0,0
oInvCollPH,48,64,0029FA3D,0,1,1,4294967295,0,0
oInvCollPH,48,80,001EEEC0,0,1,1,4294967295,0,0
oInvCollPH,48,96,000EB77C,0,1,1,4294967295,0,0
oInvCollPH,48,112,0037805C,0,1,1,4294967295,0,0
oInvCollPH,48,128,0004AF25,0,1,1,4294967295,0,0
oInvCollPH,48,144,0016246E,0,1,1,4294967295,0,0
oInvCollPH,48,160,00116AD4,0,1,1,4294967295,0,0
oInvCollPH,48,176,000EB31F,0,1,1,4294967295,0,0
oInvCollPH,48,192,0013BA4C,0,1,1,4294967295,0,0
oInvCollPH,48,208,002DCFED,0,1,1,4294967295,0,0
oInvCollPH,32,208,0039BF78,0,1,1,4294967295,0,0
oInvCollPH,16,208,0011C7BC,0,1,1,4294967295,0,0
oInvCollPH,0,208,00402806,0,1,1,4294967295,0,0
oInvCollPH,16,288,003ABAB7,0,1,1,4294967295,0,0
oInvCollPH,32,288,00042F12,0,1,1,4294967295,0,0
oInvCollPH,48,288,0006970B,0,1,1,4294967295,0,0
oInvCollPH,64,288,00002B25,0,1,1,4294967295,0,0
oInvCollPH,80,288,00385A36,0,1,1,4294967295,0,0
oInvCollPH,96,288,001A471E,0,1,1,4294967295,0,0
oInvCollPH,112,288,00268F1B,0,1,1,4294967295,0,0
oInvCollPH,128,288,0003FA3D,0,1,1,4294967295,0,0
oInvCollPH,144,288,001B9858,0,1,1,4294967295,0,0
oInvCollPH,160,288,001B16F9,0,1,1,4294967295,0,0
oInvCollPH,176,288,00302C2E,0,1,1,4294967295,0,0
oInvCollPH,192,288,001C06E3,0,1,1,4294967295,0,0
oInvCollPH,192,304,0019EDDB,0,1,1,4294967295,0,0
oInvCollPH,192,320,002AE49D,0,1,1,4294967295,0,0
oInvCollPH,192,336,000980FF,0,1,1,4294967295,0,0
oInvCollPH,816,272,002F2F3E,0,1,1,4294967295,0,0
oInvCollPH,816,288,002E7432,0,1,1,4294967295,0,0
oInvCollPH,816,304,003A6594,0,1,1,4294967295,0,0
oInvCollPH,816,320,0004A60E,0,1,1,4294967295,0,0
oInvCollPH,816,336,001B49F6,0,1,1,4294967295,0,0
oInvCollPH,832,256,003973B9,0,1,1,4294967295,0,0
oInvCollPH,848,256,000FE023,0,1,1,4294967295,0,0
oInvCollPH,864,256,0028602A,0,1,1,4294967295,0,0
oInvCollPH,880,256,0030EF3A,0,1,1,4294967295,0,0
oInvCollPH,896,256,0024C749,0,1,1,4294967295,0,0
oInvCollPH,896,272,00294E81,0,1,1,4294967295,0,0
oInvCollPH,896,288,0031E56A,0,1,1,4294967295,0,0
oInvCollPH,896,304,0006F8A6,0,1,1,4294967295,0,0
oInvCollPH,896,320,00080F96,0,1,1,4294967295,0,0
oInvCollPH,896,336,001AC418,0,1,1,4294967295,0,0
oInvCollPH,1360,288,00127C46,0,1,1,4294967295,0,0
oInvCollPH,1360,304,0039D31B,0,1,1,4294967295,0,0
oInvCollPH,1360,320,00177AFC,0,1,1,4294967295,0,0
oInvCollPH,1360,336,00267B9B,0,1,1,4294967295,0,0
oInvCollPH,1376,272,003B3306,0,1,1,4294967295,0,0
oInvCollPH,1392,272,002DEE1B,0,1,1,4294967295,0,0
oInvCollPH,1408,272,0037F848,0,1,1,4294967295,0,0
oInvCollPH,1424,272,000EDD42,0,1,1,4294967295,0,0
oInvCollPH,1440,272,0017E0F1,0,1,1,4294967295,0,0
oInvCollPH,1440,288,000D733A,0,1,1,4294967295,0,0
oInvCollPH,1440,304,0024DBAF,0,1,1,4294967295,0,0
oInvCollPH,1440,320,003F30A6,0,1,1,4294967295,0,0
oInvCollPH,1440,336,00328BC8,0,1,1,4294967295,0,0
oInvCollPH,1360,16,0038B505,0,1,1,4294967295,0,0
oInvCollPH,1360,32,0021F067,0,1,1,4294967295,0,0
oInvCollPH,1360,48,002C4495,0,1,1,4294967295,0,0
oInvCollPH,1360,64,00398698,0,1,1,4294967295,0,0
oInvCollPH,1360,80,003AA39B,0,1,1,4294967295,0,0
oInvCollPH,1360,96,00027DFA,0,1,1,4294967295,0,0
oInvCollPH,1360,112,002B02D6,0,1,1,4294967295,0,0
oInvCollPH,1360,128,0003366D,0,1,1,4294967295,0,0
oInvCollPH,1360,144,00237E5B,0,1,1,4294967295,0,0
oInvCollPH,1376,144,00244B3A,0,1,1,4294967295,0,0
oInvCollPH,1392,144,003CAFFD,0,1,1,4294967295,0,0
oInvCollPH,1408,144,002EB87D,0,1,1,4294967295,0,0
oInvCollPH,1424,144,0034347F,0,1,1,4294967295,0,0
oInvCollPH,1440,144,0004C492,0,1,1,4294967295,0,0
oInvCollPH,1440,128,002CB397,0,1,1,4294967295,0,0
oInvCollPH,1440,112,0011D607,0,1,1,4294967295,0,0
oInvCollPH,1440,96,001ADA09,0,1,1,4294967295,0,0
oInvCollPH,1440,80,0031B0FA,0,1,1,4294967295,0,0
oInvCollPH,1440,64,0025F5C5,0,1,1,4294967295,0,0
oInvCollPH,1440,48,003F6834,0,1,1,4294967295,0,0
oInvCollPH,1440,32,0011C6F9,0,1,1,4294967295,0,0
oInvCollPH,1440,16,00181B38,0,1,1,4294967295,0,0
oInvCollPH,1440,0,003519F6,0,1,1,4294967295,0,0
oInvCollPH,2272,240,002E9D20,0,1,1,4294967295,0,0
oInvCollPH,2272,256,003C5036,0,1,1,4294967295,0,0
oInvCollPH,2272,272,0015CB5F,0,1,1,4294967295,0,0
oInvCollPH,2272,288,00000516,0,1,1,4294967295,0,0
oInvCollPH,2272,304,00305A06,0,1,1,4294967295,0,0
oInvCollPH,2272,320,0032449B,0,1,1,4294967295,0,0
oInvCollPH,2272,336,002FD25F,0,1,1,4294967295,0,0
oInvCollPH,2288,336,000B2F55,0,1,1,4294967295,0,0
oInvCollPH,2288,320,001D4557,0,1,1,4294967295,0,0
oInvCollPH,2288,304,003ADB34,0,1,1,4294967295,0,0
oInvCollPH,2288,288,002E742C,0,1,1,4294967295,0,0
oInvCollPH,2288,272,002EE2F3,0,1,1,4294967295,0,0
oInvCollPH,2288,256,00055D8B,0,1,1,4294967295,0,0
oInvCollPH,2288,240,000160B9,0,1,1,4294967295,0,0
oInvCollPH,2288,224,00285DFB,0,1,1,4294967295,0,0
oInvCollPH,2448,304,0038F796,0,1,1,4294967295,0,0
oInvCollPH,2448,320,00311D6B,0,1,1,4294967295,0,0
oInvCollPH,2448,336,0028A880,0,1,1,4294967295,0,0
oInvCollPH,2464,288,001698C1,0,1,1,4294967295,0,0
oInvCollPH,2480,288,003F4542,0,1,1,4294967295,0,0
oInvCollPH,2496,288,0016C59C,0,1,1,4294967295,0,0
oInvCollPH,2512,288,001E163F,0,1,1,4294967295,0,0
oInvCollPH,2528,288,00395942,0,1,1,4294967295,0,0
oInvCollPH,2544,288,003B37E0,0,1,1,4294967295,0,0
oInvCollPH,2560,288,00239BA9,0,1,1,4294967295,0,0
oInvCollPH,2576,288,000824CE,0,1,1,4294967295,0,0
oInvCollPH,2592,288,0009B77A,0,1,1,4294967295,0,0
oInvCollPH,2608,288,0039D7E9,0,1,1,4294967295,0,0
oInvCollPH,2624,288,0008D9F1,0,1,1,4294967295,0,0
oInvCollPH,2640,288,00375B90,0,1,1,4294967295,0,0
oInvCollPH,2656,288,002DE5BF,0,1,1,4294967295,0,0
oInvCollPH,2672,288,000E5E21,0,1,1,4294967295,0,0
oInvCollPH,2688,288,0025F981,0,1,1,4294967295,0,0
oInvCollPH,2704,288,002FA217,0,1,1,4294967295,0,0
oInvCollPH,2720,288,0018ECC2,0,1,1,4294967295,0,0
oInvCollPH,2736,288,0014D3FB,0,1,1,4294967295,0,0
oInvCollPH,2752,288,00226550,0,1,1,4294967295,0,0
oInvCollPH,2768,288,0015D92C,0,1,1,4294967295,0,0
oInvCollPH,2784,288,00171A12,0,1,1,4294967295,0,0
oInvCollPH,2800,288,003B835D,0,1,1,4294967295,0,0
oInvCollPH,2432,16,00341275,0,1,1,4294967295,0,0
oInvCollPH,2432,32,0011D908,0,1,1,4294967295,0,0
oInvCollPH,2432,48,0001E1DC,0,1,1,4294967295,0,0
oInvCollPH,2432,64,000100AC,0,1,1,4294967295,0,0
oInvCollPH,2432,80,0008B15F,0,1,1,4294967295,0,0
oInvCollPH,2432,96,000A3D6D,0,1,1,4294967295,0,0
oInvCollPH,2432,112,00059884,0,1,1,4294967295,0,0
oInvCollPH,2432,128,00346A84,0,1,1,4294967295,0,0
oInvCollPH,2432,144,00232AD3,0,1,1,4294967295,0,0
oInvCollPH,2448,144,001234EC,0,1,1,4294967295,0,0
oInvCollPH,2464,144,001262B2,0,1,1,4294967295,0,0
oInvCollPH,2480,144,0034FFB0,0,1,1,4294967295,0,0
oInvCollPH,2496,160,003DCA0A,0,1,1,4294967295,0,0
oInvCollPH,2512,160,000E6EF5,0,1,1,4294967295,0,0
oInvCollPH,2528,160,001EA8A3,0,1,1,4294967295,0,0
oInvCollPH,2544,160,003750C9,0,1,1,4294967295,0,0
oInvCollPH,2560,176,00364462,0,1,1,4294967295,0,0
oInvCollPH,2576,176,0028ACC0,0,1,1,4294967295,0,0
oInvCollPH,2592,176,0038B6A2,0,1,1,4294967295,0,0
oInvCollPH,2608,176,002CB11C,0,1,1,4294967295,0,0
oInvCollPH,2624,192,003FF175,0,1,1,4294967295,0,0
oInvCollPH,2640,192,003D3A2F,0,1,1,4294967295,0,0
oInvCollPH,2656,192,002EE3CB,0,1,1,4294967295,0,0
oInvCollPH,2672,192,000F5EB8,0,1,1,4294967295,0,0
oInvCollPH,2688,208,00255806,0,1,1,4294967295,0,0
oInvCollPH,2704,208,0036E7A5,0,1,1,4294967295,0,0
oInvCollPH,2720,208,00115630,0,1,1,4294967295,0,0
oInvCollPH,2736,208,003FE595,0,1,1,4294967295,0,0
oInvCollPH,2752,224,0005E89C,0,1,1,4294967295,0,0
oInvCollPH,2768,224,001B9B08,0,1,1,4294967295,0,0
oInvCollPH,2784,224,003C9DAA,0,1,1,4294967295,0,0
oInvCollPH,2800,224,00347319,0,1,1,4294967295,0,0
oInvCollPH,288,272,0035D09F,0,1,1,4294967295,0,0
oInvCollPH,304,272,00081E17,0,1,1,4294967295,0,0
oInvCollPH,320,272,000F6278,0,1,1,4294967295,0,0
oInvCollPH,336,272,000A30B5,0,1,1,4294967295,0,0
oInvCollPH,432,240,0036DBE7,0,1,1,4294967295,0,0
oInvCollPH,448,240,002E3F4F,0,1,1,4294967295,0,0
oInvCollPH,464,240,002F9C73,0,1,1,4294967295,0,0
oInvCollPH,480,240,000E2A11,0,1,1,4294967295,0,0
oInvCollPH,544,240,00151084,0,1,1,4294967295,0,0
oInvCollPH,560,240,00379597,0,1,1,4294967295,0,0
oInvCollPH,576,240,00050212,0,1,1,4294967295,0,0
oInvCollPH,592,240,002AE4C3,0,1,1,4294967295,0,0
oInvCollPH,688,272,0039A382,0,1,1,4294967295,0,0
oInvCollPH,704,272,00021589,0,1,1,4294967295,0,0
oInvCollPH,720,272,00329A05,0,1,1,4294967295,0,0
oInvCollPH,736,272,0036C2BD,0,1,1,4294967295,0,0
oInvCollPH,272,272,001BBA06,0,1,1,4294967295,0,0
oInvCollPH,608,240,0037CDB0,0,1,1,4294967295,0,0
oInvCollPH,752,272,00134C9D,0,1,1,4294967295,0,0
oInvCollPH,416,240,002D1CF9,0,1,1,4294967295,0,0
oInvCollConvey,288,256,000AAF69,0,1,1,4294967295,0,0
oInvCollConvey,304,256,0011CA5D,0,1,1,4294967295,0,0
oInvCollConvey,320,256,00238398,0,1,1,4294967295,0,0
oInvCollConvey,336,256,002CECFE,0,1,1,4294967295,0,0
oInvCollConvey,432,224,00122F96,0,1,1,4294967295,0,0
oInvCollConvey,448,224,0031F6A8,0,1,1,4294967295,0,0
oInvCollConvey,464,224,003CB086,0,1,1,4294967295,0,0
oInvCollConvey,480,224,0027EDAC,0,1,1,4294967295,0,0
oInvCollConvey,544,224,0013BA80,0,1,1,4294967295,0,0
oInvCollConvey,560,224,003B70CD,0,1,1,4294967295,0,0
oInvCollConvey,576,224,00290080,0,1,1,4294967295,0,0
oInvCollConvey,592,224,003E4C82,0,1,1,4294967295,0,0
oInvCollConvey,688,256,003B9D96,0,1,1,4294967295,0,0
oInvCollConvey,704,256,00366A13,0,1,1,4294967295,0,0
oInvCollConvey,720,256,001B8123,0,1,1,4294967295,0,0
oInvCollConvey,736,256,001001D1,0,1,1,4294967295,0,0
oInvCollConvey,1024,160,00066354,0,1,1,4294967295,0,0
oInvCollConvey,1040,160,000C36A4,0,1,1,4294967295,0,0
oInvCollConvey,1056,160,002ABAD0,0,1,1,4294967295,0,0
oInvCollConvey,1072,160,00224A6D,0,1,1,4294967295,0,0
oInvCollConvey,1088,160,00228374,0,1,1,4294967295,0,0
oInvCollConvey,1104,160,003E5B36,0,1,1,4294967295,0,0
oInvCollConvey,1120,160,003E9180,0,1,1,4294967295,0,0
oInvCollConvey,1136,160,003D9645,0,1,1,4294967295,0,0
oInvCollConvey,1152,160,00214E09,0,1,1,4294967295,0,0
oInvCollConvey,1168,160,002EA766,0,1,1,4294967295,0,0
oInvCollConvey,1184,160,000BA66F,0,1,1,4294967295,0,0
oInvCollConvey,1200,160,002C55CD,0,1,1,4294967295,0,0
oInvCollConvey,1216,160,001797E9,0,1,1,4294967295,0,0
oInvCollConvey,1232,160,0024C632,0,1,1,4294967295,0,0
oInvCollConvey,1248,160,002A5538,0,1,1,4294967295,0,0
oInvCollConvey,1024,288,001F9FE1,0,1,1,4294967295,0,0
oInvCollConvey,1040,288,001901DD,0,1,1,4294967295,0,0
oInvCollConvey,1056,288,00199F30,0,1,1,4294967295,0,0
oInvCollConvey,1072,288,002C4C4E,0,1,1,4294967295,0,0
oInvCollConvey,1088,288,002DC8CF,0,1,1,4294967295,0,0
oInvCollConvey,1104,288,002DDA2C,0,1,1,4294967295,0,0
oInvCollConvey,1120,288,00243115,0,1,1,4294967295,0,0
oInvCollConvey,1136,288,0017C7F0,0,1,1,4294967295,0,0
oInvCollConvey,1152,288,00082F5F,0,1,1,4294967295,0,0
oInvCollConvey,1168,288,001BCC1B,0,1,1,4294967295,0,0
oInvCollConvey,1184,288,002D1BF7,0,1,1,4294967295,0,0
oInvCollConvey,1200,288,00055C98,0,1,1,4294967295,0,0
oInvCollConvey,1216,288,002F93E2,0,1,1,4294967295,0,0
oInvCollConvey,1232,288,002D73B1,0,1,1,4294967295,0,0
oInvCollConvey,1248,288,003A8ED9,0,1,1,4294967295,0,0
oInvCollConvey,1552,224,00330156,0,1,1,4294967295,0,0
oInvCollConvey,1568,224,0036FD76,0,1,1,4294967295,0,0
oInvCollConvey,1584,224,0015780D,0,1,1,4294967295,0,0
oInvCollConvey,1648,224,001B5245,0,1,1,4294967295,0,0
oInvCollConvey,1632,224,0039EE05,0,1,1,4294967295,0,0
oInvCollConvey,1616,224,0011F959,0,1,1,4294967295,0,0
oInvCollConvey,1600,224,0038265D,0,1,1,4294967295,0,0
oInvCollConvey,1712,224,000B1B5C,0,1,1,4294967295,0,0
oInvCollConvey,1696,224,002B1E4D,0,1,1,4294967295,0,0
oInvCollConvey,1680,224,000BC305,0,1,1,4294967295,0,0
oInvCollConvey,1664,224,000B364B,0,1,1,4294967295,0,0
oInvCollConvey,1776,224,00087DE4,0,1,1,4294967295,0,0
oInvCollConvey,1760,224,001A7F2D,0,1,1,4294967295,0,0
oInvCollConvey,1744,224,003E4544,0,1,1,4294967295,0,0
oInvCollConvey,1728,224,00114AF4,0,1,1,4294967295,0,0
oInvCollConvey,1840,224,00130C8E,0,1,1,4294967295,0,0
oInvCollConvey,1824,224,00001393,0,1,1,4294967295,0,0
oInvCollConvey,1808,224,0013F07D,0,1,1,4294967295,0,0
oInvCollConvey,1792,224,003006F2,0,1,1,4294967295,0,0
oInvCollConvey,1904,224,001EF626,0,1,1,4294967295,0,0
oInvCollConvey,1888,224,0026C6F5,0,1,1,4294967295,0,0
oInvCollConvey,1872,224,000D67AA,0,1,1,4294967295,0,0
oInvCollConvey,1856,224,000EF52C,0,1,1,4294967295,0,0
oInvCollConvey,1968,224,00299787,0,1,1,4294967295,0,0
oInvCollConvey,1952,224,003DCA29,0,1,1,4294967295,0,0
oInvCollConvey,1936,224,0037CC42,0,1,1,4294967295,0,0
oInvCollConvey,1920,224,003CDF00,0,1,1,4294967295,0,0
oInvCollConvey,2032,224,0029B500,0,1,1,4294967295,0,0
oInvCollConvey,2016,224,0037027D,0,1,1,4294967295,0,0
oInvCollConvey,2000,224,001BFE8E,0,1,1,4294967295,0,0
oInvCollConvey,1984,224,00262579,0,1,1,4294967295,0,0
oInvCollConvey,2096,224,0026AF36,0,1,1,4294967295,0,0
oInvCollConvey,2080,224,00266C51,0,1,1,4294967295,0,0
oInvCollConvey,2064,224,0039E7A8,0,1,1,4294967295,0,0
oInvCollConvey,2048,224,000317A5,0,1,1,4294967295,0,0
oInvCollConvey,2160,224,0011425D,0,1,1,4294967295,0,0
oInvCollConvey,2144,224,002A97E3,0,1,1,4294967295,0,0
oInvCollConvey,2128,224,002D5A9A,0,1,1,4294967295,0,0
oInvCollConvey,2112,224,0025EAFF,0,1,1,4294967295,0,0
oInvCollConvey,272,256,00098F57,0,1,1,4294967295,0,0
oInvCollConvey,416,224,0035124B,0,1,1,4294967295,0,0
oInvCollConvey,608,224,002A21D6,0,1,1,4294967295,0,0
oInvCollConvey,752,256,000C4A4F,0,1,1,4294967295,0,0
oInvisibleSolid,0,288,001A2E1B,0,1,1,4294967295,0,1
oInvisibleSolid,0,0,0025F675,0,1,1,4294967295,0,1
oInvisibleSolid,816,256,0016ADD6,0,1,1,4294967295,0,1
oInvisibleSolid,1360,272,00133A02,0,1,1,4294967295,0,1
oInvisibleSolid,1360,0,001F692B,0,1,1,4294967295,0,1
oInvisibleSolid,2448,288,0039291B,0,1,1,4294967295,0,1
oInvisibleSolid,2272,224,000E05EE,0,1,1,4294967295,0,1
oInvisibleSolid,2432,0,00034EBA,0,1,1,4294967295,0,1
oInvisibleSolid,2496,0,000D39F0,0,1,1,4294967295,0,1
oInvisibleSolid,2560,0,0018E5BD,0,1,1,4294967295,0,1
oInvisibleSolid,2624,0,003D1243,0,1,1,4294967295,0,1
oInvisibleSolid,2688,0,001410B3,0,1,1,4294967295,0,1
oInvisibleSolid,2752,0,001F021C,0,1,1,4294967295,0,1
oInvisibleSolid,256,272,001E8956,0,1,1,4294967295,0,1
oInvisibleSolid,400,240,0006CE56,0,1,1,4294967295,0,1
oInvisibleSolid,528,240,0029B205,0,1,1,4294967295,0,1
oInvisibleSolid,672,272,00341ECF,0,1,1,4294967295,0,1
