oExit,0,160,00342C9F,0,1,1,4294967295,0,1
oShakeFallPlat,192,192,001C7FBD,0,1,1,4294967295,0,1
oShakeFallPlat,672,224,00198B5A,0,1,1,4294967295,0,1
oShakeFallPlat,736,224,00216D20,0,1,1,4294967295,0,1
oShakeFallPlat,736,160,0033CABC,0,1,1,4294967295,0,1
oShakeFallPlat,736,288,0019AC47,0,1,1,4294967295,0,1
oShakeFallPlat,864,256,001D22A9,0,1,1,4294967295,0,1
oShakeFallPlat,1072,80,002D02DC,0,1,1,4294967295,0,1
oShakeFallPlat,1072,144,0034F194,0,1,1,4294967295,0,1
oShakeFallPlat,1072,208,002AA6DE,0,1,1,4294967295,0,1
oShakeFallPlat,1072,272,003E0106,0,1,1,4294967295,0,1
oShakeFallPlat,1632,208,0039E6E5,0,1,1,4294967295,0,1
oShakeFallPlat,1776,208,0030262B,0,1,1,4294967295,0,1
oShakeFallPlat,1920,208,00091EF2,0,1,1,4294967295,0,1
oExit,3728,224,002C2748,0,1,1,4294967295,0,1
oWarship_Console,3632,224,002BEC1F,0,1,1,4294967295,0,1
oConveyorA,1232,272,00070A54,0,1,1,4294967295,0,1
oConveyorA,1344,240,00097AFD,0,1,1,4294967295,0,1
oConveyorA,1472,224,0011A241,0,1,1,4294967295,0,1
oConveyorA,2080,224,003AFEB0,0,1,1,4294967295,0,1
oStaticSpikeRed,192,224,003800D0,0,1,1,4294967295,0,0
oStaticSpikeRed,240,224,002AD710,0,1,1,4294967295,0,0
oStaticSpikeRed,192,256,00314B0F,0,1,1,4294967295,0,0
oStaticSpikeRed,240,256,00041159,0,1,1,4294967295,0,0
oStaticSpikeRed,240,192,0028B572,0,1,1,4294967295,0,0
oStaticSpikeRed,240,160,00303812,0,1,1,4294967295,0,0
oStaticSpikeRed,240,128,001791AA,0,1,1,4294967295,0,0
oStaticSpikeRed,240,96,00027A04,0,1,1,4294967295,0,0
oHexFullCircle,480,336,00056826,0,1,1,4294967295,0,1
oHexFullCircle,480,96,002640A1,0,1,1,4294967295,0,1
oStaticSpikeRed,720,208,0004C624,0,1,1,4294967295,0,0
oStaticSpikeRed,672,208,00109AA5,0,1,1,4294967295,0,0
oStaticSpikeRed,776,208,0002901C,0,1,1,4294967295,0,0
oStaticSpikeRed,736,272,002DD685,0,1,1,4294967295,0,0
oStaticSpikeRed,1136,32,0038E442,0,1,1,4294967295,0,0
oStaticSpikeRed,1136,64,003AFF0D,0,1,1,4294967295,0,0
oStaticSpikeRed,1136,96,003AD3FD,0,1,1,4294967295,0,0
oStaticSpikeRed,1056,96,000AA253,0,1,1,4294967295,0,0
oStaticSpikeRed,1056,128,001D7419,0,1,1,4294967295,0,0
oStaticSpikeRed,1056,160,00004149,0,1,1,4294967295,0,0
oStaticSpikeRed,1056,192,0004AA9F,0,1,1,4294967295,0,0
oStaticSpikeRed,1056,224,000D3015,0,1,1,4294967295,0,0
oStaticSpikeRed,1056,256,000E586B,0,1,1,4294967295,0,0
oStaticSpikeRed,1056,288,001B5666,0,1,1,4294967295,0,0
oStaticSpikeRed,1056,320,003344AF,0,1,1,4294967295,0,0
oStaticSpikeRed,1136,128,002EC147,0,1,1,4294967295,0,0
oStaticSpikeRed,1136,160,001854DA,0,1,1,4294967295,0,0
oStaticSpikeRed,1136,192,001DC41A,0,1,1,4294967295,0,0
oStaticSpikeRed,1136,224,0017A2A6,0,1,1,4294967295,0,0
oStaticSpikeRed,1112,64,000F7D9A,0,1,1,4294967295,0,0
oStaticSpikeRed,1072,128,00140881,0,1,1,4294967295,0,0
oStaticSpikeRed,1088,192,000D0A1A,0,1,1,4294967295,0,0
oStaticSpikeRed,1128,256,002BDC94,0,1,1,4294967295,0,0
oProjectileSpawner,1296,40,00079E3D,0,1,1,4294967295,0,1
oProjectileSpawner,1408,40,001664F5,0,1,1,4294967295,0,1
oProjectileSpawner,1424,40,001175CE,0,1,1,4294967295,0,1
oProjectileSpawner,1728,40,0029C87E,0,1,1,4294967295,0,1
oProjectileSpawner,1872,40,00044F80,0,1,1,4294967295,0,1
oStaticSpikeRed,2144,208,0026749B,0,1,1,4294967295,0,0
oStaticSpikeRed,2208,208,0035CBF1,0,1,1,4294967295,0,0
oStaticSpikeRed,2272,208,003D8F35,0,1,1,4294967295,0,0
oStaticSpikeRed,2336,208,00215236,0,1,1,4294967295,0,0
oStaticSpikeRed,2400,208,003D5521,0,1,1,4294967295,0,0
oStaticSpikeRed,2464,208,0032635D,0,1,1,4294967295,0,0
oStaticSpikeRed,2528,208,0038DDA9,0,1,1,4294967295,0,0
oStaticSpikeRed,2032,144,0013DA52,0,1,1,4294967295,0,0
oProjectileSpawner,3560,128,001F32A3,0,1,1,4294967295,0,1
oProjectileSpawner,3528,208,0025DE43,0,1,1,4294967295,0,1
oProjectileSpawner,3176,312,00275BF3,0,1,1,4294967295,0,1
oProjectileSpawner,3080,312,0031DD7D,0,1,1,4294967295,0,1
oProjectileSpawner,2984,312,001C63CD,0,1,1,4294967295,0,1
oProjectileSpawner,2944,56,001F6B45,0,1,1,4294967295,0,1
oProjectileSpawner,3040,56,0001CAEE,0,1,1,4294967295,0,1
oProjectileSpawner,3136,56,0006E551,0,1,1,4294967295,0,1
oProjectileSpawner,3232,56,00005F76,0,1,1,4294967295,0,1
oProjectileSpawner,3368,312,000AC7F5,0,1,1,4294967295,0,1
oProjectileSpawner,3360,72,00187897,0,1,1,4294967295,0,1
oProjectileSpawner,3376,72,00309F6A,0,1,1,4294967295,0,1
oWS_TheGuardian,368,320,0033F100,0,1,1,4294967295,0,0
oWS_TheGuardian,592,304,00391ECF,0,1,1,4294967295,0,0
oPlayer1,48,192,001AE655,0,1,1,4294967295,0,0
oInvCollPH,16,192,0001C1C2,0,1,1,4294967295,0,0
oInvCollPH,32,192,002FACF9,0,1,1,4294967295,0,0
oInvCollPH,48,192,0003FE9D,0,1,1,4294967295,0,0
oInvCollPH,64,192,00180ABC,0,1,1,4294967295,0,0
oInvCollPH,80,192,00016CED,0,1,1,4294967295,0,0
oInvCollPH,96,192,003C64BF,0,1,1,4294967295,0,0
oInvCollPH,112,192,0014BBBC,0,1,1,4294967295,0,0
oInvCollPH,48,64,002267C8,0,1,1,4294967295,0,0
oInvCollPH,48,80,003B26EC,0,1,1,4294967295,0,0
oInvCollPH,48,96,0037DAA0,0,1,1,4294967295,0,0
oInvCollPH,48,112,0004061B,0,1,1,4294967295,0,0
oInvCollPH,32,112,000C1F74,0,1,1,4294967295,0,0
oInvCollPH,16,112,001900E0,0,1,1,4294967295,0,0
oInvCollPH,0,112,001A0CB0,0,1,1,4294967295,0,0
oInvCollConvey,1248,272,003B420F,0,1,1,4294967295,0,0
oInvCollConvey,1360,240,00271B78,0,1,1,4294967295,0,0
oInvCollConvey,1488,224,0019EA37,0,1,1,4294967295,0,0
oInvCollPH,112,208,0032F3AD,0,1,1,4294967295,0,0
oInvCollPH,112,224,0005EC6D,0,1,1,4294967295,0,0
oInvCollPH,112,240,003E3A68,0,1,1,4294967295,0,0
oInvCollPH,112,256,00256867,0,1,1,4294967295,0,0
oInvCollPH,112,272,00324FDE,0,1,1,4294967295,0,0
oInvCollPH,112,288,001FC806,0,1,1,4294967295,0,0
oInvCollPH,112,304,00064D01,0,1,1,4294967295,0,0
oInvCollPH,112,320,0015EF0A,0,1,1,4294967295,0,0
oInvCollPH,112,336,0000C002,0,1,1,4294967295,0,0
oInvCollPH,64,48,0033D72B,0,1,1,4294967295,0,0
oInvCollPH,80,48,00312F3A,0,1,1,4294967295,0,0
oInvCollPH,96,48,0025F262,0,1,1,4294967295,0,0
oInvCollPH,112,48,002AF53B,0,1,1,4294967295,0,0
oInvCollPH,128,48,00023843,0,1,1,4294967295,0,0
oInvCollPH,144,48,00050885,0,1,1,4294967295,0,0
oInvCollPH,160,48,0010D145,0,1,1,4294967295,0,0
oInvCollPH,176,48,0030C4F8,0,1,1,4294967295,0,0
oInvCollPH,192,48,000BFE5F,0,1,1,4294967295,0,0
oInvCollPH,208,48,001574BE,0,1,1,4294967295,0,0
oInvCollPH,224,48,001CAEBE,0,1,1,4294967295,0,0
oInvCollPH,240,48,00157524,0,1,1,4294967295,0,0
oInvCollPH,784,32,00138B2E,0,1,1,4294967295,0,0
oInvCollPH,768,32,002C7337,0,1,1,4294967295,0,0
oInvCollPH,752,32,003C370F,0,1,1,4294967295,0,0
oInvCollPH,736,32,00056213,0,1,1,4294967295,0,0
oInvCollPH,720,32,002522A5,0,1,1,4294967295,0,0
oInvCollPH,704,32,0037F2FE,0,1,1,4294967295,0,0
oInvCollPH,688,32,0035BD47,0,1,1,4294967295,0,0
oInvCollPH,672,32,001772CC,0,1,1,4294967295,0,0
oInvCollPH,656,32,002DA9D4,0,1,1,4294967295,0,0
oInvCollPH,640,32,000C308C,0,1,1,4294967295,0,0
oInvCollPH,624,32,0033B4B6,0,1,1,4294967295,0,0
oInvCollPH,624,16,002228DC,0,1,1,4294967295,0,0
oInvCollPH,368,0,001F4C6F,0,1,1,4294967295,0,0
oInvCollPH,256,64,0018CBF8,0,1,1,4294967295,0,0
oInvCollPH,256,80,0015971D,0,1,1,4294967295,0,0
oInvCollPH,272,80,00374A38,0,1,1,4294967295,0,0
oInvCollPH,288,96,00049CEF,0,1,1,4294967295,0,0
oInvCollPH,288,112,003C7D91,0,1,1,4294967295,0,0
oInvCollPH,304,112,00394C4C,0,1,1,4294967295,0,0
oInvCollPH,320,128,0029FC4C,0,1,1,4294967295,0,0
oInvCollPH,320,144,00236A0B,0,1,1,4294967295,0,0
oInvCollPH,336,144,003B5C7D,0,1,1,4294967295,0,0
oInvCollPH,352,160,00301B6A,0,1,1,4294967295,0,0
oInvCollPH,352,176,0002AEAE,0,1,1,4294967295,0,0
oInvCollPH,368,176,0009C9D6,0,1,1,4294967295,0,0
oInvCollPH,368,160,003700FF,0,1,1,4294967295,0,0
oInvCollPH,368,144,002A71B8,0,1,1,4294967295,0,0
oInvCollPH,368,128,002D18DD,0,1,1,4294967295,0,0
oInvCollPH,368,112,0036D14E,0,1,1,4294967295,0,0
oInvCollPH,368,96,003A5A61,0,1,1,4294967295,0,0
oInvCollPH,368,80,00287C7D,0,1,1,4294967295,0,0
oInvCollPH,368,64,001D53A0,0,1,1,4294967295,0,0
oInvCollPH,368,48,0015CC3C,0,1,1,4294967295,0,0
oInvCollPH,368,32,000F698B,0,1,1,4294967295,0,0
oInvCollPH,368,16,00055582,0,1,1,4294967295,0,0
oInvCollPH,800,176,0032D58A,0,1,1,4294967295,0,0
oInvCollPH,800,192,0000018C,0,1,1,4294967295,0,0
oInvCollPH,800,208,002D2ABA,0,1,1,4294967295,0,0
oInvCollPH,800,224,0011BEF6,0,1,1,4294967295,0,0
oInvCollPH,800,240,00262B83,0,1,1,4294967295,0,0
oInvCollPH,800,48,001B46AD,0,1,1,4294967295,0,0
oInvCollPH,800,64,003EEB47,0,1,1,4294967295,0,0
oInvCollPH,800,80,003E989C,0,1,1,4294967295,0,0
oInvCollPH,800,96,00183968,0,1,1,4294967295,0,0
oInvCollPH,800,112,0021879A,0,1,1,4294967295,0,0
oInvCollPH,800,128,002E6828,0,1,1,4294967295,0,0
oInvCollPH,800,144,0000E7F4,0,1,1,4294967295,0,0
oInvCollPH,816,144,002A4CA6,0,1,1,4294967295,0,0
oInvCollPH,832,144,002CD54D,0,1,1,4294967295,0,0
oInvCollPH,848,144,0030E4C3,0,1,1,4294967295,0,0
oInvCollPH,848,128,003E127A,0,1,1,4294967295,0,0
oInvCollPH,848,112,0000739C,0,1,1,4294967295,0,0
oInvCollPH,848,96,00247A8E,0,1,1,4294967295,0,0
oInvCollPH,848,80,003582D1,0,1,1,4294967295,0,0
oInvCollPH,848,64,000C6C88,0,1,1,4294967295,0,0
oInvCollPH,848,48,0002AD63,0,1,1,4294967295,0,0
oInvCollPH,848,32,0004FCC4,0,1,1,4294967295,0,0
oInvCollPH,848,16,00389E0F,0,1,1,4294967295,0,0
oInvCollPH,960,208,00023981,0,1,1,4294967295,0,0
oInvCollPH,976,208,00385E4A,0,1,1,4294967295,0,0
oInvCollPH,976,192,003345EF,0,1,1,4294967295,0,0
oInvCollPH,1024,144,003AA55B,0,1,1,4294967295,0,0
oInvCollPH,1040,144,00077B39,0,1,1,4294967295,0,0
oInvCollPH,1040,128,003AE9C1,0,1,1,4294967295,0,0
oInvCollPH,1296,32,000D0937,0,1,1,4294967295,0,0
oInvCollPH,1408,32,000F98F9,0,1,1,4294967295,0,0
oInvCollPH,1424,32,0028B857,0,1,1,4294967295,0,0
oInvCollPH,1424,16,0022F4E4,0,1,1,4294967295,0,0
oInvCollPH,880,0,00079473,0,1,1,4294967295,0,0
oInvCollPH,896,0,0009003D,0,1,1,4294967295,0,0
oInvCollPH,912,0,0039C088,0,1,1,4294967295,0,0
oInvCollPH,928,0,0035B447,0,1,1,4294967295,0,0
oInvCollPH,944,0,0002B9DF,0,1,1,4294967295,0,0
oInvCollPH,960,0,003B3EDB,0,1,1,4294967295,0,0
oInvCollPH,976,0,003E489E,0,1,1,4294967295,0,0
oInvCollPH,992,0,00369F02,0,1,1,4294967295,0,0
oInvCollPH,1008,0,002B6C89,0,1,1,4294967295,0,0
oInvCollPH,1024,0,000A5A61,0,1,1,4294967295,0,0
oInvCollPH,1040,0,0037213F,0,1,1,4294967295,0,0
oInvCollPH,1056,0,0017AF58,0,1,1,4294967295,0,0
oInvCollPH,1072,0,002EAD53,0,1,1,4294967295,0,0
oInvCollPH,1088,0,0006B309,0,1,1,4294967295,0,0
oInvCollPH,1104,0,00033DA3,0,1,1,4294967295,0,0
oInvCollPH,1120,0,0036921F,0,1,1,4294967295,0,0
oInvCollPH,1136,0,0017DAC6,0,1,1,4294967295,0,0
oInvCollPH,1152,0,0035D448,0,1,1,4294967295,0,0
oInvCollPH,1168,0,002F713A,0,1,1,4294967295,0,0
oInvCollPH,1184,0,0032F7DF,0,1,1,4294967295,0,0
oInvCollPH,1200,0,002703FF,0,1,1,4294967295,0,0
oInvCollPH,1216,0,00224D7D,0,1,1,4294967295,0,0
oInvCollPH,1232,0,001F4538,0,1,1,4294967295,0,0
oInvCollPH,1248,0,0012491D,0,1,1,4294967295,0,0
oInvCollPH,1264,0,00386999,0,1,1,4294967295,0,0
oInvCollPH,1280,0,0011E2DD,0,1,1,4294967295,0,0
oInvCollPH,1312,0,003391A2,0,1,1,4294967295,0,0
oInvCollPH,1328,0,0005C17D,0,1,1,4294967295,0,0
oInvCollPH,1344,0,00358C7C,0,1,1,4294967295,0,0
oInvCollPH,1360,0,00191CFA,0,1,1,4294967295,0,0
oInvCollPH,1376,0,002DEBE7,0,1,1,4294967295,0,0
oInvCollPH,1392,0,003C37E7,0,1,1,4294967295,0,0
oInvCollPH,1440,0,003CF448,0,1,1,4294967295,0,0
oInvCollPH,1456,0,0009D57E,0,1,1,4294967295,0,0
oInvCollPH,1472,0,001AD1AE,0,1,1,4294967295,0,0
oInvCollPH,1488,0,002D7754,0,1,1,4294967295,0,0
oInvCollPH,1504,0,00053FFB,0,1,1,4294967295,0,0
oInvCollPH,1520,0,000E1F7E,0,1,1,4294967295,0,0
oInvCollPH,1728,32,002E9657,0,1,1,4294967295,0,0
oInvCollPH,1872,32,003FCB96,0,1,1,4294967295,0,0
oInvCollPH,1568,0,0028C85D,0,1,1,4294967295,0,0
oInvCollPH,1552,0,00247488,0,1,1,4294967295,0,0
oInvCollPH,1536,0,0007C17F,0,1,1,4294967295,0,0
oInvCollPH,1616,0,003E7B6B,0,1,1,4294967295,0,0
oInvCollPH,1600,0,00040ACA,0,1,1,4294967295,0,0
oInvCollPH,1584,0,0000DE78,0,1,1,4294967295,0,0
oInvCollPH,1664,0,00086564,0,1,1,4294967295,0,0
oInvCollPH,1648,0,000C9AED,0,1,1,4294967295,0,0
oInvCollPH,1632,0,001E9033,0,1,1,4294967295,0,0
oInvCollPH,1712,0,0029478B,0,1,1,4294967295,0,0
oInvCollPH,1696,0,00282D2A,0,1,1,4294967295,0,0
oInvCollPH,1680,0,00024E93,0,1,1,4294967295,0,0
oInvCollPH,1760,0,0024F26A,0,1,1,4294967295,0,0
oInvCollPH,1744,0,003CF210,0,1,1,4294967295,0,0
oInvCollPH,1808,0,002F8DDE,0,1,1,4294967295,0,0
oInvCollPH,1792,0,000E7E49,0,1,1,4294967295,0,0
oInvCollPH,1776,0,00036E4C,0,1,1,4294967295,0,0
oInvCollPH,2000,0,00106811,0,1,1,4294967295,0,0
oInvCollPH,1984,0,0009A0C1,0,1,1,4294967295,0,0
oInvCollPH,1968,0,000AADED,0,1,1,4294967295,0,0
oInvCollPH,1952,0,0033A173,0,1,1,4294967295,0,0
oInvCollPH,1936,0,000CE8C2,0,1,1,4294967295,0,0
oInvCollPH,1920,0,002BA5B4,0,1,1,4294967295,0,0
oInvCollPH,1904,0,003AD6EA,0,1,1,4294967295,0,0
oInvCollPH,1888,0,002338B4,0,1,1,4294967295,0,0
oInvCollPH,1856,0,00157FFC,0,1,1,4294967295,0,0
oInvCollPH,1840,0,001F011F,0,1,1,4294967295,0,0
oInvCollPH,1824,0,000211AE,0,1,1,4294967295,0,0
oInvCollConvey,2160,224,0030AE86,0,1,1,4294967295,0,0
oInvCollConvey,2144,224,00083953,0,1,1,4294967295,0,0
oInvCollConvey,2112,224,00122A13,0,1,1,4294967295,0,0
oInvCollConvey,2128,224,002D0EBA,0,1,1,4294967295,0,0
oInvCollConvey,2096,224,003D49CB,0,1,1,4294967295,0,0
oInvCollConvey,2176,224,003CA02C,0,1,1,4294967295,0,0
oInvCollConvey,2192,224,0019942F,0,1,1,4294967295,0,0
oInvCollConvey,2208,224,0033C262,0,1,1,4294967295,0,0
oInvCollConvey,2224,224,0031584D,0,1,1,4294967295,0,0
oInvCollConvey,2304,224,0030886F,0,1,1,4294967295,0,0
oInvCollConvey,2288,224,0022F066,0,1,1,4294967295,0,0
oInvCollConvey,2272,224,00382967,0,1,1,4294967295,0,0
oInvCollConvey,2256,224,001703A8,0,1,1,4294967295,0,0
oInvCollConvey,2240,224,002B753E,0,1,1,4294967295,0,0
oInvCollConvey,2384,224,00048484,0,1,1,4294967295,0,0
oInvCollConvey,2368,224,00254238,0,1,1,4294967295,0,0
oInvCollConvey,2352,224,00083038,0,1,1,4294967295,0,0
oInvCollConvey,2336,224,0029C2D6,0,1,1,4294967295,0,0
oInvCollConvey,2320,224,00125800,0,1,1,4294967295,0,0
oInvCollConvey,2464,224,001E919D,0,1,1,4294967295,0,0
oInvCollConvey,2448,224,002369E9,0,1,1,4294967295,0,0
oInvCollConvey,2432,224,00140490,0,1,1,4294967295,0,0
oInvCollConvey,2416,224,002C214C,0,1,1,4294967295,0,0
oInvCollConvey,2400,224,003CF2F9,0,1,1,4294967295,0,0
oInvCollConvey,2544,224,00033DA9,0,1,1,4294967295,0,0
oInvCollConvey,2528,224,00079707,0,1,1,4294967295,0,0
oInvCollConvey,2512,224,00323EBE,0,1,1,4294967295,0,0
oInvCollConvey,2496,224,00298B67,0,1,1,4294967295,0,0
oInvCollConvey,2480,224,001E36CD,0,1,1,4294967295,0,0
oInvCollConvey,2560,224,000B46F8,0,1,1,4294967295,0,0
oInvCollConvey,2576,224,002654F8,0,1,1,4294967295,0,0
oInvCollConvey,2592,224,001E2E2E,0,1,1,4294967295,0,0
oInvCollPH,2784,288,0027B81F,0,1,1,4294967295,0,0
oInvCollPH,2800,288,002F5424,0,1,1,4294967295,0,0
oInvCollPH,2800,272,00323001,0,1,1,4294967295,0,0
oInvCollPH,2688,288,0017B4F6,0,1,1,4294967295,0,0
oInvCollPH,2704,288,0039EF0D,0,1,1,4294967295,0,0
oInvCollPH,2704,272,00263618,0,1,1,4294967295,0,0
oInvCollPH,2704,160,00343A1E,0,1,1,4294967295,0,0
oInvCollPH,2720,160,003A0A9E,0,1,1,4294967295,0,0
oInvCollPH,2736,32,0033ADC2,0,1,1,4294967295,0,0
oInvCollPH,2736,48,00029713,0,1,1,4294967295,0,0
oInvCollPH,2736,64,0024617A,0,1,1,4294967295,0,0
oInvCollPH,2736,80,0026C5B2,0,1,1,4294967295,0,0
oInvCollPH,2736,128,0021DDD7,0,1,1,4294967295,0,0
oInvCollPH,2736,112,00237506,0,1,1,4294967295,0,0
oInvCollPH,2736,96,00232A52,0,1,1,4294967295,0,0
oInvCollPH,2736,144,00157009,0,1,1,4294967295,0,0
oInvCollPH,2736,160,00344C20,0,1,1,4294967295,0,0
oInvCollPH,2016,0,002DEC21,0,1,1,4294967295,0,0
oInvCollPH,2032,0,0031D9DD,0,1,1,4294967295,0,0
oInvCollPH,2048,0,00191DE2,0,1,1,4294967295,0,0
oInvCollPH,2064,0,003917CD,0,1,1,4294967295,0,0
oInvCollPH,2080,0,00065BB5,0,1,1,4294967295,0,0
oInvCollPH,2096,0,00069052,0,1,1,4294967295,0,0
oInvCollPH,2112,0,0031F871,0,1,1,4294967295,0,0
oInvCollPH,2128,0,001086A1,0,1,1,4294967295,0,0
oInvCollPH,2144,0,001D5B00,0,1,1,4294967295,0,0
oInvCollPH,2160,0,00087D31,0,1,1,4294967295,0,0
oInvCollPH,2176,0,00209312,0,1,1,4294967295,0,0
oInvCollPH,2192,0,002B34A5,0,1,1,4294967295,0,0
oInvCollPH,2208,0,000B605A,0,1,1,4294967295,0,0
oInvCollPH,2224,0,00338925,0,1,1,4294967295,0,0
oInvCollPH,2240,0,00242643,0,1,1,4294967295,0,0
oInvCollPH,2256,0,003A4AE0,0,1,1,4294967295,0,0
oInvCollPH,2272,0,00122445,0,1,1,4294967295,0,0
oInvCollPH,2288,0,001A250F,0,1,1,4294967295,0,0
oInvCollPH,2304,0,001BAF0A,0,1,1,4294967295,0,0
oInvCollPH,2320,0,00281EED,0,1,1,4294967295,0,0
oInvCollPH,2336,0,0022F2C5,0,1,1,4294967295,0,0
oInvCollPH,2352,0,00046270,0,1,1,4294967295,0,0
oInvCollPH,2368,0,001A1FD3,0,1,1,4294967295,0,0
oInvCollPH,2384,0,00155614,0,1,1,4294967295,0,0
oInvCollPH,2400,0,002AB55B,0,1,1,4294967295,0,0
oInvCollPH,2416,0,0031190F,0,1,1,4294967295,0,0
oInvCollPH,2432,0,00108C78,0,1,1,4294967295,0,0
oInvCollPH,2448,0,000121E9,0,1,1,4294967295,0,0
oInvCollPH,2464,0,0004AB70,0,1,1,4294967295,0,0
oInvCollPH,2480,0,0035F85F,0,1,1,4294967295,0,0
oInvCollPH,2496,0,001F6335,0,1,1,4294967295,0,0
oInvCollPH,2512,0,003502B1,0,1,1,4294967295,0,0
oInvCollPH,2528,0,0015D923,0,1,1,4294967295,0,0
oInvCollPH,2544,0,000B3501,0,1,1,4294967295,0,0
oInvCollPH,2560,0,00166CE2,0,1,1,4294967295,0,0
oInvCollPH,2576,0,00022A93,0,1,1,4294967295,0,0
oInvCollPH,2592,0,0031C260,0,1,1,4294967295,0,0
oInvCollPH,2608,0,002578B4,0,1,1,4294967295,0,0
oInvCollPH,2624,0,00028A0B,0,1,1,4294967295,0,0
oInvCollPH,2640,0,00019B1F,0,1,1,4294967295,0,0
oInvCollPH,2656,0,003B251C,0,1,1,4294967295,0,0
oInvCollPH,2672,0,00309A8F,0,1,1,4294967295,0,0
oInvCollPH,2688,0,002659BB,0,1,1,4294967295,0,0
oInvCollPH,2704,0,00296D02,0,1,1,4294967295,0,0
oInvCollPH,2720,0,0004EDB8,0,1,1,4294967295,0,0
oInvCollPH,2736,0,000C6F4C,0,1,1,4294967295,0,0
oInvCollPH,2896,272,0029725E,0,1,1,4294967295,0,0
oInvCollPH,2992,192,003601B9,0,1,1,4294967295,0,0
oInvCollPH,3088,112,0007F08B,0,1,1,4294967295,0,0
oInvCollPH,3184,192,002EE202,0,1,1,4294967295,0,0
oInvCollPH,3280,272,0025E14C,0,1,1,4294967295,0,0
oInvCollPH,3376,224,002E250B,0,1,1,4294967295,0,0
oInvCollPH,3472,144,00085EF3,0,1,1,4294967295,0,0
oInvCollPH,3472,288,001AB890,0,1,1,4294967295,0,0
oInvCollPH,3712,176,0005F401,0,1,1,4294967295,0,0
oInvCollPH,3728,176,002887E4,0,1,1,4294967295,0,0
oInvCollPH,3680,144,003790DE,0,1,1,4294967295,0,0
oInvCollPH,3696,144,00396BE2,0,1,1,4294967295,0,0
oInvCollPH,3648,112,00119FCC,0,1,1,4294967295,0,0
oInvCollPH,3664,112,0013E996,0,1,1,4294967295,0,0
oInvCollPH,3616,80,0008C219,0,1,1,4294967295,0,0
oInvCollPH,3632,80,002E7CC8,0,1,1,4294967295,0,0
oInvCollPH,3584,48,000F8889,0,1,1,4294967295,0,0
oInvCollPH,3600,48,0023C2A7,0,1,1,4294967295,0,0
oInvCollPH,3584,32,0000BE5A,0,1,1,4294967295,0,0
oInvCollPH,2752,16,00005514,0,1,1,4294967295,0,0
oInvCollPH,2768,16,001D1C03,0,1,1,4294967295,0,0
oInvCollPH,2784,16,00344E39,0,1,1,4294967295,0,0
oInvCollPH,2800,16,0021F631,0,1,1,4294967295,0,0
oInvCollPH,2816,16,00194C4B,0,1,1,4294967295,0,0
oInvCollPH,2832,16,00088474,0,1,1,4294967295,0,0
oInvCollPH,2848,16,001B8BCF,0,1,1,4294967295,0,0
oInvCollPH,2864,16,0035D3D5,0,1,1,4294967295,0,0
oInvCollPH,2880,16,003A6E0B,0,1,1,4294967295,0,0
oInvCollPH,2896,16,00026A91,0,1,1,4294967295,0,0
oInvCollPH,2912,16,003D4F30,0,1,1,4294967295,0,0
oInvCollPH,2928,16,00102B7E,0,1,1,4294967295,0,0
oInvCollPH,2944,48,00151DF4,0,1,1,4294967295,0,0
oInvCollPH,2960,16,003B6FF3,0,1,1,4294967295,0,0
oInvCollPH,2976,16,00245F32,0,1,1,4294967295,0,0
oInvCollPH,2992,16,0016076E,0,1,1,4294967295,0,0
oInvCollPH,3008,16,002B755E,0,1,1,4294967295,0,0
oInvCollPH,3024,16,0033F17E,0,1,1,4294967295,0,0
oInvCollPH,3040,48,0009398A,0,1,1,4294967295,0,0
oInvCollPH,3056,16,00262A69,0,1,1,4294967295,0,0
oInvCollPH,3072,16,002D1946,0,1,1,4294967295,0,0
oInvCollPH,3088,16,00219D2B,0,1,1,4294967295,0,0
oInvCollPH,3104,16,00256A2C,0,1,1,4294967295,0,0
oInvCollPH,3120,16,0026A5A4,0,1,1,4294967295,0,0
oInvCollPH,3136,48,0017D2F0,0,1,1,4294967295,0,0
oInvCollPH,3152,16,0007627B,0,1,1,4294967295,0,0
oInvCollPH,3168,16,000E2717,0,1,1,4294967295,0,0
oInvCollPH,3184,16,001A0C23,0,1,1,4294967295,0,0
oInvCollPH,3200,16,002462D8,0,1,1,4294967295,0,0
oInvCollPH,3216,16,0020E03E,0,1,1,4294967295,0,0
oInvCollPH,3232,48,0000A5FF,0,1,1,4294967295,0,0
oInvCollPH,3248,16,003C6CCA,0,1,1,4294967295,0,0
oInvCollPH,3264,16,003AD5DE,0,1,1,4294967295,0,0
oInvCollPH,3280,16,001858C9,0,1,1,4294967295,0,0
oInvCollPH,3296,16,002B90AD,0,1,1,4294967295,0,0
oInvCollPH,3312,16,00241A7A,0,1,1,4294967295,0,0
oInvCollPH,3328,16,000BBFC5,0,1,1,4294967295,0,0
oInvCollPH,3344,16,0026198E,0,1,1,4294967295,0,0
oInvCollPH,3360,48,00044EDF,0,1,1,4294967295,0,0
oInvCollPH,3376,32,00028903,0,1,1,4294967295,0,0
oInvCollPH,3392,16,00230753,0,1,1,4294967295,0,0
oInvCollPH,3408,16,002F2EB0,0,1,1,4294967295,0,0
oInvCollPH,3424,16,001D9550,0,1,1,4294967295,0,0
oInvCollPH,3440,16,0011A5F9,0,1,1,4294967295,0,0
oInvCollPH,3456,16,00028B5F,0,1,1,4294967295,0,0
oInvCollPH,3472,16,0028FFDD,0,1,1,4294967295,0,0
oInvCollPH,3488,16,0023E227,0,1,1,4294967295,0,0
oInvCollPH,3504,16,001818D7,0,1,1,4294967295,0,0
oInvCollPH,3520,16,00281D32,0,1,1,4294967295,0,0
oInvCollPH,3536,16,001AAB3F,0,1,1,4294967295,0,0
oInvCollPH,3552,16,003B1787,0,1,1,4294967295,0,0
oInvCollPH,3568,16,00249DA2,0,1,1,4294967295,0,0
oInvCollPH,3568,256,00268058,0,1,1,4294967295,0,0
oInvCollPH,3584,240,00184825,0,1,1,4294967295,0,0
oInvCollPH,3600,256,00097224,0,1,1,4294967295,0,0
oInvCollPH,3616,256,001ED9E5,0,1,1,4294967295,0,0
oInvCollPH,3632,256,00329B4B,0,1,1,4294967295,0,0
oInvCollPH,3680,256,0034D668,0,1,1,4294967295,0,0
oInvCollPH,3664,256,000AC58A,0,1,1,4294967295,0,0
oInvCollPH,3648,256,00335921,0,1,1,4294967295,0,0
oInvCollPH,3552,272,001BABD0,0,1,1,4294967295,0,0
oInvCollPH,3552,288,00157AF8,0,1,1,4294967295,0,0
oInvCollPH,3552,304,002E3FF2,0,1,1,4294967295,0,0
oInvCollPH,3552,320,003BC925,0,1,1,4294967295,0,0
oInvCollPH,3552,336,0019B24D,0,1,1,4294967295,0,0
oInvCollPH,3696,256,000469BE,0,1,1,4294967295,0,0
oInvCollPH,3712,256,001CD55F,0,1,1,4294967295,0,0
oInvCollPH,3728,256,003C6510,0,1,1,4294967295,0,0
oInvCollPH,2984,336,002B490A,0,1,1,4294967295,0,0
oInvCollPH,3080,336,002635A5,0,1,1,4294967295,0,0
oInvCollPH,3176,336,00401CD1,0,1,1,4294967295,0,0
oInvCollPH,3616,112,003C9B07,0,1,1,4294967295,0,0
oInvCollPH,3552,208,001213C1,0,1,1,4294967295,0,0
oInvCollPH,3568,208,00048512,0,1,1,4294967295,0,0
oInvCollPH,3584,208,003D9142,0,1,1,4294967295,0,0
oInvCollPH,3584,128,0028F0FD,0,1,1,4294967295,0,0
oInvCollPH,3600,128,00098B1C,0,1,1,4294967295,0,0
oInvCollPH,3616,128,002E3517,0,1,1,4294967295,0,0
oInvCollPH,2736,176,000F7317,0,1,1,4294967295,0,0
oInvCollPH,2736,192,001F1878,0,1,1,4294967295,0,0
oInvCollPH,2736,208,003EBF79,0,1,1,4294967295,0,0
oInvCollPH,2032,176,00230751,0,1,1,4294967295,0,0
oInvCollPH,3376,48,0034C62E,0,1,1,4294967295,0,0
oInvCollPH,3376,64,000136A5,0,1,1,4294967295,0,0
oInvCollPH,3360,64,003C01BF,0,1,1,4294967295,0,0
oInvCollPH,3368,336,00146C7D,0,1,1,4294967295,0,0
oInvisibleSolid,0,192,002F7232,0,1,1,4294967295,0,1
oInvisibleSolid,0,0,000C25F8,0,1,1,4294967295,0,1
oInvisibleSolid,1296,16,002DA924,0,1,1,4294967295,0,1
oInvisibleSolid,1408,16,0038ED45,0,1,1,4294967295,0,1
oInvisibleSolid,864,0,0001760F,0,1,1,4294967295,0,1
oInvisibleSolid,800,0,0016B726,0,1,1,4294967295,0,1
oInvisibleSolid,624,0,000C06F8,0,1,1,4294967295,0,1
oInvisibleSolid,256,0,00124CAB,0,1,1,4294967295,0,1
oInvisibleSolid,288,0,0033732E,0,1,1,4294967295,0,1
oInvisibleSolid,320,0,002BEE9B,0,1,1,4294967295,0,1
oInvisibleSolid,352,0,002CD320,0,1,1,4294967295,0,1
oInvisibleSolid,64,0,00193552,0,1,1,4294967295,0,1
oInvisibleSolid,800,160,0019F2B3,0,1,1,4294967295,0,1
oInvisibleSolid,960,192,001CEDD8,0,1,1,4294967295,0,1
oInvisibleSolid,1024,128,0018D186,0,1,1,4294967295,0,1
oInvisibleSolid,1728,16,0028F6BC,0,1,1,4294967295,0,1
oInvisibleSolid,1872,16,000FF040,0,1,1,4294967295,0,1
oInvisibleSolid,2032,160,003523D4,0,1,1,4294967295,0,1
oInvisibleSolid,2688,160,0016B333,0,1,1,4294967295,0,1
oInvisibleSolid,2736,16,001B9D97,0,1,1,4294967295,0,1
oInvisibleSolid,2688,272,002C1414,0,1,1,4294967295,0,1
oInvisibleSolid,2784,272,00368243,0,1,1,4294967295,0,1
oInvisibleSolid,3584,0,0038BB08,0,1,1,4294967295,0,1
oInvisibleSolid,3616,64,001FD27B,0,1,1,4294967295,0,1
oInvisibleSolid,3648,96,00281296,0,1,1,4294967295,0,1
oInvisibleSolid,3680,128,000BAB45,0,1,1,4294967295,0,1
oInvisibleSolid,3712,160,002F8E59,0,1,1,4294967295,0,1
oInvisibleSolid,3456,144,00234216,0,1,1,4294967295,0,1
oInvisibleSolid,3456,288,0034E3FC,0,1,1,4294967295,0,1
oInvisibleSolid,3360,224,0014BE16,0,1,1,4294967295,0,1
oInvisibleSolid,3264,272,00257C77,0,1,1,4294967295,0,1
oInvisibleSolid,3168,192,0022955E,0,1,1,4294967295,0,1
oInvisibleSolid,3552,256,0003CBE4,0,1,1,4294967295,0,1
oInvisibleSolid,3072,112,000499C9,0,1,1,4294967295,0,1
oInvisibleSolid,2752,0,0032859A,0,1,1,4294967295,0,1
oInvisibleSolid,2976,192,003CB60C,0,1,1,4294967295,0,1
oInvisibleSolid,2880,272,0023CA01,0,1,1,4294967295,0,1
oInvisibleSolid,2944,32,0019D14C,0,1,1,4294967295,0,1
oInvisibleSolid,3040,32,000DF671,0,1,1,4294967295,0,1
oInvisibleSolid,3136,32,003804AB,0,1,1,4294967295,0,1
oInvisibleSolid,3232,32,00183357,0,1,1,4294967295,0,1
oInvisibleSolid,2984,320,00051867,0,1,1,4294967295,0,1
oInvisibleSolid,3080,320,0031F043,0,1,1,4294967295,0,1
oInvisibleSolid,3176,320,003A74EE,0,1,1,4294967295,0,1
oInvisibleSolid,3568,128,002B458C,0,1,1,4294967295,0,1
oInvisibleSolid,3616,96,00295FBA,0,1,1,4294967295,0,1
oInvisibleSolid,3536,208,002F1E4A,0,1,1,4294967295,0,1
oInvisibleSolid,3584,224,00008C82,0,1,1,4294967295,0,1
oInvisibleSolid,3368,320,0040312A,0,1,1,4294967295,0,1
oInvisibleSolid,3360,32,0026FBE8,0,1,1,4294967295,0,1
