oExit,0,128,0001CD07,0,1,1,4294967295,0,1
oExit,2032,112,000482D3,0,1,1,4294967295,0,1
oPlayer1,48,160,0005E72A,0,1,1,4294967295,0,0
oInvCollPH,16,160,00208F5F,0,1,1,4294967295,0,0
oInvCollPH,32,160,00280EE5,0,1,1,4294967295,0,0
oInvCollPH,48,160,000E9810,0,1,1,4294967295,0,0
oInvCollPH,64,160,00281D33,0,1,1,4294967295,0,0
oInvCollPH,80,160,0007C8C7,0,1,1,4294967295,0,0
oInvCollPH,80,176,00223D9F,0,1,1,4294967295,0,0
oInvCollPH,80,192,001393EF,0,1,1,4294967295,0,0
oInvCollPH,80,208,0019698A,0,1,1,4294967295,0,0
oInvCollPH,80,224,002429F3,0,1,1,4294967295,0,0
oInvCollPH,80,240,00000863,0,1,1,4294967295,0,0
oInvCollPH,80,256,0027DD9B,0,1,1,4294967295,0,0
oInvCollPH,80,272,000EC557,0,1,1,4294967295,0,0
oInvCollPH,80,288,003901A8,0,1,1,4294967295,0,0
oInvCollPH,80,304,002F11B3,0,1,1,4294967295,0,0
oInvCollPH,80,320,0025900F,0,1,1,4294967295,0,0
oInvCollPH,80,336,00160631,0,1,1,4294967295,0,0
oInvCollPH,128,176,002F30DF,0,1,1,4294967295,0,0
oInvCollPH,128,192,00202BB1,0,1,1,4294967295,0,0
oInvCollPH,128,208,002AC1E1,0,1,1,4294967295,0,0
oInvCollPH,128,224,0036A9A8,0,1,1,4294967295,0,0
oInvCollPH,128,240,00146CF5,0,1,1,4294967295,0,0
oInvCollPH,128,256,0011A63B,0,1,1,4294967295,0,0
oInvCollPH,128,272,003EAAFB,0,1,1,4294967295,0,0
oInvCollPH,128,288,00192967,0,1,1,4294967295,0,0
oInvCollPH,128,304,003DF965,0,1,1,4294967295,0,0
oInvCollPH,128,320,0007072C,0,1,1,4294967295,0,0
oInvCollPH,128,336,0029D32A,0,1,1,4294967295,0,0
oInvCollPH,144,160,002E0B43,0,1,1,4294967295,0,0
oInvCollPH,160,160,00204034,0,1,1,4294967295,0,0
oInvCollPH,176,160,0011CA85,0,1,1,4294967295,0,0
oInvCollPH,192,160,001CF744,0,1,1,4294967295,0,0
oInvCollPH,208,160,0016F266,0,1,1,4294967295,0,0
oInvCollPH,208,176,0002EB53,0,1,1,4294967295,0,0
oInvCollPH,208,192,0018218B,0,1,1,4294967295,0,0
oInvCollPH,208,208,000F4FCB,0,1,1,4294967295,0,0
oInvCollPH,208,224,002F3C2B,0,1,1,4294967295,0,0
oInvCollPH,208,240,003E8EDD,0,1,1,4294967295,0,0
oInvCollPH,208,256,0019CE99,0,1,1,4294967295,0,0
oInvCollPH,208,272,0011B8A5,0,1,1,4294967295,0,0
oInvCollPH,208,288,00145429,0,1,1,4294967295,0,0
oInvCollPH,208,304,00092528,0,1,1,4294967295,0,0
oInvCollPH,208,320,00010F9A,0,1,1,4294967295,0,0
oInvCollPH,208,336,0020182C,0,1,1,4294967295,0,0
oInvCollPH,288,192,002B6DD5,0,1,1,4294967295,0,0
oInvCollPH,288,208,0029348E,0,1,1,4294967295,0,0
oInvCollPH,288,224,001FD8B3,0,1,1,4294967295,0,0
oInvCollPH,288,240,000CB31A,0,1,1,4294967295,0,0
oInvCollPH,288,256,0024F312,0,1,1,4294967295,0,0
oInvCollPH,288,272,0028220C,0,1,1,4294967295,0,0
oInvCollPH,288,288,0005C6DD,0,1,1,4294967295,0,0
oInvCollPH,288,304,00312CF1,0,1,1,4294967295,0,0
oInvCollPH,288,320,001AEA9F,0,1,1,4294967295,0,0
oInvCollPH,288,336,0001D5A4,0,1,1,4294967295,0,0
oInvCollPH,304,176,0032D3AF,0,1,1,4294967295,0,0
oInvCollPH,320,176,001D1AAF,0,1,1,4294967295,0,0
oInvCollPH,336,176,002CBF4C,0,1,1,4294967295,0,0
oInvCollPH,352,176,000DB3B0,0,1,1,4294967295,0,0
oInvCollPH,368,176,002E934B,0,1,1,4294967295,0,0
oInvCollPH,368,192,00128623,0,1,1,4294967295,0,0
oInvCollPH,368,208,00110C16,0,1,1,4294967295,0,0
oInvCollPH,368,224,00351F2A,0,1,1,4294967295,0,0
oInvCollPH,368,240,002AF664,0,1,1,4294967295,0,0
oInvCollPH,368,256,00259ECB,0,1,1,4294967295,0,0
oInvCollPH,368,272,00262314,0,1,1,4294967295,0,0
oInvCollPH,368,288,001C5A46,0,1,1,4294967295,0,0
oInvCollPH,368,304,001AC4C9,0,1,1,4294967295,0,0
oInvCollPH,368,320,002E248F,0,1,1,4294967295,0,0
oInvCollPH,368,336,0013EE02,0,1,1,4294967295,0,0
oInvCollPH,448,176,0030B6C1,0,1,1,4294967295,0,0
oInvCollPH,448,192,003F4A6C,0,1,1,4294967295,0,0
oInvCollPH,448,208,0004F768,0,1,1,4294967295,0,0
oInvCollPH,448,224,002BEDCA,0,1,1,4294967295,0,0
oInvCollPH,448,240,001B2DAF,0,1,1,4294967295,0,0
oInvCollPH,448,256,0038EB5C,0,1,1,4294967295,0,0
oInvCollPH,448,272,0018D845,0,1,1,4294967295,0,0
oInvCollPH,448,288,00386D9F,0,1,1,4294967295,0,0
oInvCollPH,448,304,00309D2A,0,1,1,4294967295,0,0
oInvCollPH,448,320,003DAD16,0,1,1,4294967295,0,0
oInvCollPH,448,336,0032F43D,0,1,1,4294967295,0,0
oInvCollPH,464,160,0006B417,0,1,1,4294967295,0,0
oInvCollPH,480,160,003C6241,0,1,1,4294967295,0,0
oInvCollPH,496,160,001FDF77,0,1,1,4294967295,0,0
oInvCollPH,496,176,001A55D5,0,1,1,4294967295,0,0
oInvCollPH,496,192,00015644,0,1,1,4294967295,0,0
oInvCollPH,496,208,001D4B02,0,1,1,4294967295,0,0
oInvCollPH,496,224,00285F1D,0,1,1,4294967295,0,0
oInvCollPH,496,240,000EF943,0,1,1,4294967295,0,0
oInvCollPH,496,256,003FE2B5,0,1,1,4294967295,0,0
oInvCollPH,496,272,0035A672,0,1,1,4294967295,0,0
oInvCollPH,496,288,000F4ED5,0,1,1,4294967295,0,0
oInvCollPH,496,304,00267142,0,1,1,4294967295,0,0
oInvCollPH,496,320,000517AE,0,1,1,4294967295,0,0
oInvCollPH,496,336,003FD9A4,0,1,1,4294967295,0,0
oInvCollPH,576,176,0036E5A4,0,1,1,4294967295,0,0
oInvCollPH,576,192,0026E8CF,0,1,1,4294967295,0,0
oInvCollPH,576,208,00357971,0,1,1,4294967295,0,0
oInvCollPH,576,224,002E8CBB,0,1,1,4294967295,0,0
oInvCollPH,576,240,0011A4CD,0,1,1,4294967295,0,0
oInvCollPH,576,256,000BB1FA,0,1,1,4294967295,0,0
oInvCollPH,576,272,0013952D,0,1,1,4294967295,0,0
oInvCollPH,576,288,00080507,0,1,1,4294967295,0,0
oInvCollPH,576,304,003A3C73,0,1,1,4294967295,0,0
oInvCollPH,576,320,002D3D83,0,1,1,4294967295,0,0
oInvCollPH,576,336,003645A6,0,1,1,4294967295,0,0
oInvCollPH,592,160,00011615,0,1,1,4294967295,0,0
oInvCollPH,608,160,0002F205,0,1,1,4294967295,0,0
oInvCollPH,624,160,001668B1,0,1,1,4294967295,0,0
oInvCollPH,624,176,00230DD8,0,1,1,4294967295,0,0
oInvCollPH,624,192,0029E7DC,0,1,1,4294967295,0,0
oInvCollPH,624,208,00264F4A,0,1,1,4294967295,0,0
oInvCollPH,624,224,0026BAC8,0,1,1,4294967295,0,0
oInvCollPH,624,240,001E3591,0,1,1,4294967295,0,0
oInvCollPH,624,256,001000F6,0,1,1,4294967295,0,0
oInvCollPH,624,272,003C8BD4,0,1,1,4294967295,0,0
oInvCollPH,624,288,002609B2,0,1,1,4294967295,0,0
oInvCollPH,624,304,003FEA7F,0,1,1,4294967295,0,0
oInvCollPH,624,320,000A7C1A,0,1,1,4294967295,0,0
oInvCollPH,624,336,003F0C23,0,1,1,4294967295,0,0
oInvCollPH,704,192,000A61AF,0,1,1,4294967295,0,0
oInvCollPH,704,208,00393557,0,1,1,4294967295,0,0
oInvCollPH,704,224,002EF140,0,1,1,4294967295,0,0
oInvCollPH,704,240,00224ED1,0,1,1,4294967295,0,0
oInvCollPH,704,256,003827E1,0,1,1,4294967295,0,0
oInvCollPH,704,272,000000B2,0,1,1,4294967295,0,0
oInvCollPH,704,288,000583ED,0,1,1,4294967295,0,0
oInvCollPH,704,304,00283759,0,1,1,4294967295,0,0
oInvCollPH,704,320,00162F6F,0,1,1,4294967295,0,0
oInvCollPH,704,336,0027D2FE,0,1,1,4294967295,0,0
oInvCollPH,720,176,00205CA6,0,1,1,4294967295,0,0
oInvCollPH,736,176,0017AD9D,0,1,1,4294967295,0,0
oInvCollPH,752,176,00268B36,0,1,1,4294967295,0,0
oInvCollPH,752,192,003C5F7D,0,1,1,4294967295,0,0
oInvCollPH,752,208,000355CA,0,1,1,4294967295,0,0
oInvCollPH,752,224,001BA5A4,0,1,1,4294967295,0,0
oInvCollPH,752,240,0016AFC0,0,1,1,4294967295,0,0
oInvCollPH,752,256,000A6C16,0,1,1,4294967295,0,0
oInvCollPH,752,272,00278D8E,0,1,1,4294967295,0,0
oInvCollPH,752,288,0014FC62,0,1,1,4294967295,0,0
oInvCollPH,752,304,001A10DC,0,1,1,4294967295,0,0
oInvCollPH,752,320,0009CE84,0,1,1,4294967295,0,0
oInvCollPH,752,336,0024FC61,0,1,1,4294967295,0,0
oInvCollPH,864,176,00011931,0,1,1,4294967295,0,0
oInvCollPH,864,192,00242FD4,0,1,1,4294967295,0,0
oInvCollPH,864,208,002EB1BC,0,1,1,4294967295,0,0
oInvCollPH,864,224,002D0E25,0,1,1,4294967295,0,0
oInvCollPH,864,240,0022DA74,0,1,1,4294967295,0,0
oInvCollPH,864,256,0030A6CC,0,1,1,4294967295,0,0
oInvCollPH,864,272,003C9981,0,1,1,4294967295,0,0
oInvCollPH,864,288,0002BEDF,0,1,1,4294967295,0,0
oInvCollPH,864,304,002BF539,0,1,1,4294967295,0,0
oInvCollPH,864,320,00127D78,0,1,1,4294967295,0,0
oInvCollPH,864,336,00005A08,0,1,1,4294967295,0,0
oInvCollPH,880,160,00389057,0,1,1,4294967295,0,0
oInvCollPH,896,160,0038ED3B,0,1,1,4294967295,0,0
oInvCollPH,912,176,001739F8,0,1,1,4294967295,0,0
oInvCollPH,912,192,0028D0AC,0,1,1,4294967295,0,0
oInvCollPH,912,208,0000FD0C,0,1,1,4294967295,0,0
oInvCollPH,912,224,003ADC5D,0,1,1,4294967295,0,0
oInvCollPH,912,160,0015FF35,0,1,1,4294967295,0,0
oInvCollPH,912,240,00013234,0,1,1,4294967295,0,0
oInvCollPH,912,256,003E151D,0,1,1,4294967295,0,0
oInvCollPH,912,272,00007BB8,0,1,1,4294967295,0,0
oInvCollPH,912,288,00194526,0,1,1,4294967295,0,0
oInvCollPH,912,304,002CFE6D,0,1,1,4294967295,0,0
oInvCollPH,912,320,003654FA,0,1,1,4294967295,0,0
oInvCollPH,912,336,001DB4E1,0,1,1,4294967295,0,0
oInvCollPH,992,176,001B588B,0,1,1,4294967295,0,0
oInvCollPH,992,192,000101F1,0,1,1,4294967295,0,0
oInvCollPH,992,208,003F71DA,0,1,1,4294967295,0,0
oInvCollPH,992,224,003CE081,0,1,1,4294967295,0,0
oInvCollPH,992,240,002214D8,0,1,1,4294967295,0,0
oInvCollPH,992,256,003C6688,0,1,1,4294967295,0,0
oInvCollPH,992,272,0026B623,0,1,1,4294967295,0,0
oInvCollPH,992,288,003EB673,0,1,1,4294967295,0,0
oInvCollPH,992,304,00141F7F,0,1,1,4294967295,0,0
oInvCollPH,992,320,001C87C6,0,1,1,4294967295,0,0
oInvCollPH,992,336,00015CC6,0,1,1,4294967295,0,0
oInvCollPH,1008,336,0013615E,0,1,1,4294967295,0,0
oInvCollPH,1008,320,0033ABE2,0,1,1,4294967295,0,0
oInvCollPH,1008,304,002F3F95,0,1,1,4294967295,0,0
oInvCollPH,1008,288,00143917,0,1,1,4294967295,0,0
oInvCollPH,1008,272,000DAA74,0,1,1,4294967295,0,0
oInvCollPH,1008,256,003784B6,0,1,1,4294967295,0,0
oInvCollPH,1008,240,003ECBC9,0,1,1,4294967295,0,0
oInvCollPH,1008,224,0015F631,0,1,1,4294967295,0,0
oInvCollPH,1008,208,003DA00D,0,1,1,4294967295,0,0
oInvCollPH,1008,192,0010C388,0,1,1,4294967295,0,0
oInvCollPH,1008,176,0016F0F6,0,1,1,4294967295,0,0
oInvCollPH,1008,160,00218857,0,1,1,4294967295,0,0
oInvCollPH,1088,192,0033403D,0,1,1,4294967295,0,0
oInvCollPH,1088,208,0035CF5F,0,1,1,4294967295,0,0
oInvCollPH,1088,224,00270632,0,1,1,4294967295,0,0
oInvCollPH,1088,240,00385398,0,1,1,4294967295,0,0
oInvCollPH,1088,256,00193326,0,1,1,4294967295,0,0
oInvCollPH,1088,272,001C248D,0,1,1,4294967295,0,0
oInvCollPH,1088,288,0015C5E2,0,1,1,4294967295,0,0
oInvCollPH,1088,304,0008EEFD,0,1,1,4294967295,0,0
oInvCollPH,1088,320,0023379C,0,1,1,4294967295,0,0
oInvCollPH,1088,336,0021C17E,0,1,1,4294967295,0,0
oInvCollPH,1104,336,0033617D,0,1,1,4294967295,0,0
oInvCollPH,1104,320,003EEE02,0,1,1,4294967295,0,0
oInvCollPH,1104,304,002148C1,0,1,1,4294967295,0,0
oInvCollPH,1104,288,0029B558,0,1,1,4294967295,0,0
oInvCollPH,1104,272,003AA4EE,0,1,1,4294967295,0,0
oInvCollPH,1104,256,0028E43B,0,1,1,4294967295,0,0
oInvCollPH,1104,240,0017765B,0,1,1,4294967295,0,0
oInvCollPH,1104,224,000C8852,0,1,1,4294967295,0,0
oInvCollPH,1104,208,00210807,0,1,1,4294967295,0,0
oInvCollPH,1104,192,00076711,0,1,1,4294967295,0,0
oInvCollPH,1104,176,0005707F,0,1,1,4294967295,0,0
oInvCollPH,1184,208,00208464,0,1,1,4294967295,0,0
oInvCollPH,1184,224,0021E060,0,1,1,4294967295,0,0
oInvCollPH,1184,240,002BE9D7,0,1,1,4294967295,0,0
oInvCollPH,1184,256,00162EB0,0,1,1,4294967295,0,0
oInvCollPH,1184,272,001D589C,0,1,1,4294967295,0,0
oInvCollPH,1184,288,00102A3F,0,1,1,4294967295,0,0
oInvCollPH,1184,304,0033F942,0,1,1,4294967295,0,0
oInvCollPH,1184,320,002E9583,0,1,1,4294967295,0,0
oInvCollPH,1184,336,00139131,0,1,1,4294967295,0,0
oInvCollPH,1200,336,000B1521,0,1,1,4294967295,0,0
oInvCollPH,1200,320,001F204C,0,1,1,4294967295,0,0
oInvCollPH,1200,304,0031BA35,0,1,1,4294967295,0,0
oInvCollPH,1200,288,001EC44E,0,1,1,4294967295,0,0
oInvCollPH,1200,272,002526AF,0,1,1,4294967295,0,0
oInvCollPH,1200,256,002760B7,0,1,1,4294967295,0,0
oInvCollPH,1200,240,0003FF45,0,1,1,4294967295,0,0
oInvCollPH,1200,224,00381CCC,0,1,1,4294967295,0,0
oInvCollPH,1200,208,00398E2F,0,1,1,4294967295,0,0
oInvCollPH,1200,192,00382931,0,1,1,4294967295,0,0
oInvCollPH,1280,192,001D82C3,0,1,1,4294967295,0,0
oInvCollPH,1280,208,003B56C0,0,1,1,4294967295,0,0
oInvCollPH,1280,224,002132A8,0,1,1,4294967295,0,0
oInvCollPH,1280,240,00028AE3,0,1,1,4294967295,0,0
oInvCollPH,1280,256,00292FB6,0,1,1,4294967295,0,0
oInvCollPH,1280,272,00361F02,0,1,1,4294967295,0,0
oInvCollPH,1280,288,001A496F,0,1,1,4294967295,0,0
oInvCollPH,1280,304,000E18BC,0,1,1,4294967295,0,0
oInvCollPH,1280,320,0010538B,0,1,1,4294967295,0,0
oInvCollPH,1280,336,0007BEBC,0,1,1,4294967295,0,0
oInvCollPH,1296,176,0003EE17,0,1,1,4294967295,0,0
oInvCollPH,1312,176,003171E7,0,1,1,4294967295,0,0
oInvCollPH,1328,176,0019FC09,0,1,1,4294967295,0,0
oInvCollPH,1328,192,002A229E,0,1,1,4294967295,0,0
oInvCollPH,1328,208,0023C1DB,0,1,1,4294967295,0,0
oInvCollPH,1328,224,0036C842,0,1,1,4294967295,0,0
oInvCollPH,1328,240,0019184A,0,1,1,4294967295,0,0
oInvCollPH,1328,256,00073611,0,1,1,4294967295,0,0
oInvCollPH,1328,272,0034F1DD,0,1,1,4294967295,0,0
oInvCollPH,1328,288,0038A6D5,0,1,1,4294967295,0,0
oInvCollPH,1328,304,003735CF,0,1,1,4294967295,0,0
oInvCollPH,1328,320,0018887C,0,1,1,4294967295,0,0
oInvCollPH,1328,336,00175D7B,0,1,1,4294967295,0,0
oInvCollPH,1408,176,001543F2,0,1,1,4294967295,0,0
oInvCollPH,1408,192,00335416,0,1,1,4294967295,0,0
oInvCollPH,1408,208,000F9636,0,1,1,4294967295,0,0
oInvCollPH,1408,224,003FC66E,0,1,1,4294967295,0,0
oInvCollPH,1408,240,0029D115,0,1,1,4294967295,0,0
oInvCollPH,1408,256,00031358,0,1,1,4294967295,0,0
oInvCollPH,1408,272,0025A617,0,1,1,4294967295,0,0
oInvCollPH,1408,288,001A0651,0,1,1,4294967295,0,0
oInvCollPH,1408,304,0011238A,0,1,1,4294967295,0,0
oInvCollPH,1408,320,000F4313,0,1,1,4294967295,0,0
oInvCollPH,1408,336,00343E3E,0,1,1,4294967295,0,0
oInvCollPH,1424,336,0026BDB9,0,1,1,4294967295,0,0
oInvCollPH,1424,320,003A18A5,0,1,1,4294967295,0,0
oInvCollPH,1424,304,0015BDEE,0,1,1,4294967295,0,0
oInvCollPH,1424,288,00111193,0,1,1,4294967295,0,0
oInvCollPH,1424,272,001EE3E2,0,1,1,4294967295,0,0
oInvCollPH,1424,256,002DD81B,0,1,1,4294967295,0,0
oInvCollPH,1424,240,000F5521,0,1,1,4294967295,0,0
oInvCollPH,1424,224,00334F29,0,1,1,4294967295,0,0
oInvCollPH,1424,208,0007EDA4,0,1,1,4294967295,0,0
oInvCollPH,1424,192,003C7102,0,1,1,4294967295,0,0
oInvCollPH,1424,176,000157A2,0,1,1,4294967295,0,0
oInvCollPH,1424,160,0036A051,0,1,1,4294967295,0,0
oInvCollPH,1504,192,00270231,0,1,1,4294967295,0,0
oInvCollPH,1504,208,00078880,0,1,1,4294967295,0,0
oInvCollPH,1504,224,00375D9B,0,1,1,4294967295,0,0
oInvCollPH,1504,240,00285328,0,1,1,4294967295,0,0
oInvCollPH,1504,256,0016889F,0,1,1,4294967295,0,0
oInvCollPH,1504,272,0000E365,0,1,1,4294967295,0,0
oInvCollPH,1504,288,002E6EA6,0,1,1,4294967295,0,0
oInvCollPH,1504,304,00109D2C,0,1,1,4294967295,0,0
oInvCollPH,1504,320,00147FC4,0,1,1,4294967295,0,0
oInvCollPH,1504,336,00357CAA,0,1,1,4294967295,0,0
oInvCollPH,1520,336,0010D468,0,1,1,4294967295,0,0
oInvCollPH,1520,320,000182DD,0,1,1,4294967295,0,0
oInvCollPH,1520,304,0027BD42,0,1,1,4294967295,0,0
oInvCollPH,1520,288,00184911,0,1,1,4294967295,0,0
oInvCollPH,1520,272,00287799,0,1,1,4294967295,0,0
oInvCollPH,1520,256,0001A719,0,1,1,4294967295,0,0
oInvCollPH,1520,240,0012616B,0,1,1,4294967295,0,0
oInvCollPH,1520,224,000C7DDD,0,1,1,4294967295,0,0
oInvCollPH,1520,208,0004B7B9,0,1,1,4294967295,0,0
oInvCollPH,1520,192,003A7597,0,1,1,4294967295,0,0
oInvCollPH,1520,176,0014835C,0,1,1,4294967295,0,0
oInvCollPH,1600,192,0039610B,0,1,1,4294967295,0,0
oInvCollPH,1600,208,0021DE4F,0,1,1,4294967295,0,0
oInvCollPH,1600,224,001F3802,0,1,1,4294967295,0,0
oInvCollPH,1600,240,000F5DB7,0,1,1,4294967295,0,0
oInvCollPH,1600,256,000A69B2,0,1,1,4294967295,0,0
oInvCollPH,1600,272,00269372,0,1,1,4294967295,0,0
oInvCollPH,1600,288,0018091B,0,1,1,4294967295,0,0
oInvCollPH,1600,304,002F7F71,0,1,1,4294967295,0,0
oInvCollPH,1600,320,000C935C,0,1,1,4294967295,0,0
oInvCollPH,1600,336,002983F7,0,1,1,4294967295,0,0
oInvCollPH,1616,336,00014EE3,0,1,1,4294967295,0,0
oInvCollPH,1616,320,000D95E2,0,1,1,4294967295,0,0
oInvCollPH,1616,304,00212AAA,0,1,1,4294967295,0,0
oInvCollPH,1616,288,0034E198,0,1,1,4294967295,0,0
oInvCollPH,1616,272,002D109E,0,1,1,4294967295,0,0
oInvCollPH,1616,256,000D06C6,0,1,1,4294967295,0,0
oInvCollPH,1616,240,001BDC9E,0,1,1,4294967295,0,0
oInvCollPH,1616,224,001506E6,0,1,1,4294967295,0,0
oInvCollPH,1616,208,0017CC79,0,1,1,4294967295,0,0
oInvCollPH,1616,192,0005D5B8,0,1,1,4294967295,0,0
oInvCollPH,1616,176,002816A5,0,1,1,4294967295,0,0
oInvCollPH,1728,192,000DECAA,0,1,1,4294967295,0,0
oInvCollPH,1728,208,001DB62F,0,1,1,4294967295,0,0
oInvCollPH,1728,224,00224E68,0,1,1,4294967295,0,0
oInvCollPH,1728,240,0023CD56,0,1,1,4294967295,0,0
oInvCollPH,1728,256,001FD3F9,0,1,1,4294967295,0,0
oInvCollPH,1728,272,00007832,0,1,1,4294967295,0,0
oInvCollPH,1728,288,001F31A9,0,1,1,4294967295,0,0
oInvCollPH,1728,304,00312DED,0,1,1,4294967295,0,0
oInvCollPH,1728,320,0018A48F,0,1,1,4294967295,0,0
oInvCollPH,1728,336,002B13DF,0,1,1,4294967295,0,0
oInvCollPH,1744,336,00350CB0,0,1,1,4294967295,0,0
oInvCollPH,1744,320,000B7E75,0,1,1,4294967295,0,0
oInvCollPH,1744,304,003CC41E,0,1,1,4294967295,0,0
oInvCollPH,1744,288,0024AD84,0,1,1,4294967295,0,0
oInvCollPH,1744,272,0039E41E,0,1,1,4294967295,0,0
oInvCollPH,1744,256,000163E1,0,1,1,4294967295,0,0
oInvCollPH,1744,240,001FB7E6,0,1,1,4294967295,0,0
oInvCollPH,1744,224,00400492,0,1,1,4294967295,0,0
oInvCollPH,1744,208,0021B651,0,1,1,4294967295,0,0
oInvCollPH,1744,192,003FD727,0,1,1,4294967295,0,0
oInvCollPH,1744,176,001C8373,0,1,1,4294967295,0,0
oInvCollPH,1824,176,001769D7,0,1,1,4294967295,0,0
oInvCollPH,1824,192,000ED09F,0,1,1,4294967295,0,0
oInvCollPH,1824,208,002EBE06,0,1,1,4294967295,0,0
oInvCollPH,1824,224,0022DD77,0,1,1,4294967295,0,0
oInvCollPH,1824,240,00031800,0,1,1,4294967295,0,0
oInvCollPH,1824,256,00354279,0,1,1,4294967295,0,0
oInvCollPH,1824,272,0030BD6F,0,1,1,4294967295,0,0
oInvCollPH,1824,288,002909C0,0,1,1,4294967295,0,0
oInvCollPH,1824,304,003B02CC,0,1,1,4294967295,0,0
oInvCollPH,1824,320,0023F473,0,1,1,4294967295,0,0
oInvCollPH,1824,336,001EF78A,0,1,1,4294967295,0,0
oInvCollPH,1840,160,001AF163,0,1,1,4294967295,0,0
oInvCollPH,1856,160,002DF1AB,0,1,1,4294967295,0,0
oInvCollPH,1872,160,00195732,0,1,1,4294967295,0,0
oInvCollPH,1872,176,00361308,0,1,1,4294967295,0,0
oInvCollPH,1872,192,00328042,0,1,1,4294967295,0,0
oInvCollPH,1872,208,00273D1D,0,1,1,4294967295,0,0
oInvCollPH,1872,224,0011D90F,0,1,1,4294967295,0,0
oInvCollPH,1872,240,002EC80A,0,1,1,4294967295,0,0
oInvCollPH,1872,256,0032944C,0,1,1,4294967295,0,0
oInvCollPH,1872,272,002478F4,0,1,1,4294967295,0,0
oInvCollPH,1872,288,0017115F,0,1,1,4294967295,0,0
oInvCollPH,1872,304,0014EEF6,0,1,1,4294967295,0,0
oInvCollPH,1872,320,00125791,0,1,1,4294967295,0,0
oInvCollPH,1872,336,0016C430,0,1,1,4294967295,0,0
oInvCollPH,1952,336,0020C0E2,0,1,1,4294967295,0,0
oInvCollPH,1952,320,00391F6B,0,1,1,4294967295,0,0
oInvCollPH,1952,304,0031E5FA,0,1,1,4294967295,0,0
oInvCollPH,1952,288,00151817,0,1,1,4294967295,0,0
oInvCollPH,1952,272,002B5DE9,0,1,1,4294967295,0,0
oInvCollPH,1952,256,002BCC50,0,1,1,4294967295,0,0
oInvCollPH,1952,240,0002085B,0,1,1,4294967295,0,0
oInvCollPH,1952,224,001620F8,0,1,1,4294967295,0,0
oInvCollPH,1952,208,0036D5F3,0,1,1,4294967295,0,0
oInvCollPH,1952,192,00047FC5,0,1,1,4294967295,0,0
oInvCollPH,1952,176,001F98FD,0,1,1,4294967295,0,0
oInvCollPH,1952,160,0019A35A,0,1,1,4294967295,0,0
oInvCollPH,1968,144,0030881C,0,1,1,4294967295,0,0
oInvCollPH,1984,144,00401477,0,1,1,4294967295,0,0
oInvCollPH,2000,144,0024EFAA,0,1,1,4294967295,0,0
oInvCollPH,2016,144,0037D410,0,1,1,4294967295,0,0
oInvCollPH,2032,144,001BD55C,0,1,1,4294967295,0,0
oInvisibleSolid,0,160,0014C762,0,1,1,4294967295,0,1
oInvisibleSolid,128,160,001521CF,0,1,1,4294967295,0,1
oInvisibleSolid,288,176,001D1BCA,0,1,1,4294967295,0,1
oInvisibleSolid,448,160,001BDE62,0,1,1,4294967295,0,1
oInvisibleSolid,576,160,00061DAC,0,1,1,4294967295,0,1
oInvisibleSolid,704,176,000B9D40,0,1,1,4294967295,0,1
oInvisibleSolid,864,160,001118D5,0,1,1,4294967295,0,1
oInvisibleSolid,992,160,001E5621,0,1,1,4294967295,0,1
oInvisibleSolid,1088,176,0006D88B,0,1,1,4294967295,0,1
oInvisibleSolid,1184,192,0005BE26,0,1,1,4294967295,0,1
oInvisibleSolid,1280,176,000F25BD,0,1,1,4294967295,0,1
oInvisibleSolid,1408,160,00127592,0,1,1,4294967295,0,1
oInvisibleSolid,1504,176,000C5493,0,1,1,4294967295,0,1
oInvisibleSolid,1600,176,001C04FF,0,1,1,4294967295,0,1
oInvisibleSolid,1728,176,003C5040,0,1,1,4294967295,0,1
oInvisibleSolid,1824,160,0020281A,0,1,1,4294967295,0,1
oInvisibleSolid,1952,144,00009C84,0,1,1,4294967295,0,1
