oExit,64,256,001A7A2B,0,1,1,4294967295,0,1
oMarioBreakBlock,1040,208,00205BE6,0,1,1,4294967295,0,0
oMarioBreakBlock,1056,208,000A238F,0,1,1,4294967295,0,0
oMarioBreakBlock,1040,192,002F7E55,0,1,1,4294967295,0,0
oMarioBreakBlock,1056,192,00047275,0,1,1,4294967295,0,0
oMarioBreakBlock,1040,96,001EE159,0,1,1,4294967295,0,0
oMarioBreakBlock,1040,112,00312086,0,1,1,4294967295,0,0
oMarioBreakBlock,1056,112,002E6A7A,0,1,1,4294967295,0,0
oMarioBreakBlock,1056,96,001D0E3E,0,1,1,4294967295,0,0
oMarioRBblock,3568,64,001319F4,0,1,1,4294967295,0,0
oMarioRBblock,3616,224,000D598E,0,1,1,4294967295,0,0
oMarioRBblock,3296,48,003E661F,0,1,1,4294967295,0,0
oMarioRBblock,3152,48,00014A3A,0,1,1,4294967295,0,0
oExit,2632,64,00265778,0,1,1,4294967295,0,1
oMarioQBlock,2448,256,000B35F6,0,1,1,4294967295,0,1
oMarioQBlock,3696,128,0001DCFE,0,1,1,4294967295,0,1
oMarioQBlock,640,144,0033B87D,0,1,1,4294967295,0,0
oMarioQBlock,656,144,0035C14A,0,1,1,4294967295,0,0
oMarioQBlock,672,144,000D9881,0,1,1,4294967295,0,0
oRedMBlock,2240,176,002B120B,0,1,1,4294967295,0,0
oRedMBlock,2256,176,00274471,0,1,1,4294967295,0,0
oRedMBlock,2272,176,001F6961,0,1,1,4294967295,0,0
oRedMBlock,2288,176,002A6CAD,0,1,1,4294967295,0,0
oRedMBlock,2304,176,001012F6,0,1,1,4294967295,0,0
oRedMBlock,2320,176,000E7A8A,0,1,1,4294967295,0,0
oRedMBlock,2336,176,0010F301,0,1,1,4294967295,0,0
oRedMBlock,2352,176,002DA649,0,1,1,4294967295,0,0
oRedMBlock,2352,192,002B397A,0,1,1,4294967295,0,0
oRedMBlock,2352,208,002B56C0,0,1,1,4294967295,0,0
oRedMBlock,2352,224,002604F1,0,1,1,4294967295,0,0
oRedMBlock,2464,240,003044E1,0,1,1,4294967295,0,0
oRedMBlock,2464,224,0034D3F7,0,1,1,4294967295,0,0
oRedMBlock,2464,208,00357C15,0,1,1,4294967295,0,0
oRedMBlock,2464,192,003680F1,0,1,1,4294967295,0,0
oRedMBlock,2464,176,001BF408,0,1,1,4294967295,0,0
oRedMBlock,2352,240,00251C2B,0,1,1,4294967295,0,0
oRedMBlock,2352,256,003B62AC,0,1,1,4294967295,0,0
oRedMBlock,2368,256,0003B525,0,1,1,4294967295,0,0
oRedMBlock,2384,256,00086E82,0,1,1,4294967295,0,0
oRedMBlock,2400,256,00311AB0,0,1,1,4294967295,0,0
oRedMBlock,2368,224,002E5977,0,1,1,4294967295,0,0
oRedMBlock,2368,240,0003CDF6,0,1,1,4294967295,0,0
oRedMBlock,2384,240,002C3834,0,1,1,4294967295,0,0
oRedMBlock,2384,224,0029EAC2,0,1,1,4294967295,0,0
oRedMBlock,2448,304,001E9C34,0,1,1,4294967295,0,0
oRedMBlock,2464,160,001784B3,0,1,1,4294967295,0,0
oRedMBlock,2464,144,002B7395,0,1,1,4294967295,0,0
oRedMBlock,2464,128,0037919A,0,1,1,4294967295,0,0
oRedMBlock,2464,112,00397457,0,1,1,4294967295,0,0
oRedMBlock,2416,112,000D60ED,0,1,1,4294967295,0,0
oRedMBlock,2432,112,002275FC,0,1,1,4294967295,0,0
oRedMBlock,2448,112,00335CB6,0,1,1,4294967295,0,0
oRedMBlock,2880,288,002BFCB0,0,1,1,4294967295,0,0
oRedMBlock,2896,288,001F83CA,0,1,1,4294967295,0,0
oRedMBlock,2912,288,00135F50,0,1,1,4294967295,0,0
oRedMBlock,2928,288,003BADB0,0,1,1,4294967295,0,0
oRedMBlock,3040,288,001FFE6C,0,1,1,4294967295,0,0
oRedMBlock,3056,288,0029959F,0,1,1,4294967295,0,0
oRedMBlock,3072,288,00347C7B,0,1,1,4294967295,0,0
oRedMBlock,3088,288,00259269,0,1,1,4294967295,0,0
oRedMBlock,3200,288,001246DE,0,1,1,4294967295,0,0
oRedMBlock,3216,288,0028B3A3,0,1,1,4294967295,0,0
oRedMBlock,3232,288,00284358,0,1,1,4294967295,0,0
oRedMBlock,3248,288,0005A4B2,0,1,1,4294967295,0,0
oBlueMBlock,2560,288,00185834,0,1,1,4294967295,0,0
oBlueMBlock,2576,288,002242DA,0,1,1,4294967295,0,0
oBlueMBlock,2592,288,003D62A1,0,1,1,4294967295,0,0
oBlueMBlock,2608,288,0015436D,0,1,1,4294967295,0,0
oBlueMBlock,2720,288,0036EE3A,0,1,1,4294967295,0,0
oBlueMBlock,2736,288,00216C46,0,1,1,4294967295,0,0
oBlueMBlock,2752,288,001CC401,0,1,1,4294967295,0,0
oBlueMBlock,2768,288,000B3EF2,0,1,1,4294967295,0,0
oBlueMBlock,2816,224,003CD7E6,0,1,1,4294967295,0,0
oBlueMBlock,2832,224,0009F98D,0,1,1,4294967295,0,0
oBlueMBlock,2752,160,00265C17,0,1,1,4294967295,0,0
oBlueMBlock,2768,160,001161E5,0,1,1,4294967295,0,0
oBlueMBlock,3360,144,0025B87D,0,1,1,4294967295,0,0
oBlueMBlock,3440,144,001079FE,0,1,1,4294967295,0,0
oBlueMBlock,3456,144,0001AB9C,0,1,1,4294967295,0,0
oBlueMBlock,3536,144,000A2871,0,1,1,4294967295,0,0
oBlueMBlock,3440,288,0016A6D0,0,1,1,4294967295,0,0
oBlueMBlock,3456,288,0034DCC5,0,1,1,4294967295,0,0
oBlueMBlock,3360,288,0003390F,0,1,1,4294967295,0,0
oBlueMBlock,3376,288,00310A0F,0,1,1,4294967295,0,0
oBlueMBlock,3520,288,0017D1C2,0,1,1,4294967295,0,0
oBlueMBlock,3536,288,00301B7A,0,1,1,4294967295,0,0
oRedMBlock,3392,288,000C09EE,0,1,1,4294967295,0,0
oRedMBlock,3408,288,0029134D,0,1,1,4294967295,0,0
oRedMBlock,3424,288,003EF2A0,0,1,1,4294967295,0,0
oRedMBlock,3472,288,00143B96,0,1,1,4294967295,0,0
oRedMBlock,3488,288,0022D896,0,1,1,4294967295,0,0
oRedMBlock,3504,288,0024E6EB,0,1,1,4294967295,0,0
oRedMBlock,3600,144,000C2A32,0,1,1,4294967295,0,0
oBlueMBlock,3024,80,002C0973,0,1,1,4294967295,0,0
oBlueMBlock,3008,80,000EFE83,0,1,1,4294967295,0,0
oBlueMBlock,2992,80,001AA137,0,1,1,4294967295,0,0
oBlueMBlock,2976,80,000FBA0B,0,1,1,4294967295,0,0
oBlueMBlock,3040,96,0039AF9B,0,1,1,4294967295,0,0
oBlueMBlock,3056,96,00126EBD,0,1,1,4294967295,0,0
oBlueMBlock,3072,112,000E01C7,0,1,1,4294967295,0,0
oBlueMBlock,3088,112,00355086,0,1,1,4294967295,0,0
oBlueMBlock,3104,128,000554D3,0,1,1,4294967295,0,0
oBlueMBlock,3120,128,002ADBFF,0,1,1,4294967295,0,0
oBlueMBlock,3200,32,00064726,0,1,1,4294967295,0,0
oBlueMBlock,3200,48,002E01F2,0,1,1,4294967295,0,0
oBlueMBlock,3200,64,0039A10C,0,1,1,4294967295,0,0
oBlueMBlock,3200,80,00178A31,0,1,1,4294967295,0,0
oBlueMBlock,3200,96,00172FE1,0,1,1,4294967295,0,0
oBlueMBlock,3200,112,0039FC86,0,1,1,4294967295,0,0
oBlueMBlock,3248,112,00194E61,0,1,1,4294967295,0,0
oBlueMBlock,3248,96,002ED790,0,1,1,4294967295,0,0
oBlueMBlock,3248,80,0033CF24,0,1,1,4294967295,0,0
oBlueMBlock,3248,64,0022872C,0,1,1,4294967295,0,0
oBlueMBlock,3248,48,0035DED7,0,1,1,4294967295,0,0
oBlueMBlock,3248,32,001B3F78,0,1,1,4294967295,0,0
oMovingPlatform,1296,288,00128479,0,1,1,4294967295,0,1
oMovingPlatform,1648,288,000B5E03,0,1,1,4294967295,0,1
oMovingPlatform,1744,288,000B3061,0,1,1,4294967295,0,1
oMovingPlatform,2096,288,0030115D,0,1,1,4294967295,0,1
oMoneyChest,3232,128,003A4F26,0,1,1,4294967295,0,1
oThwomp,240,112,000B01B5,0,1,1,4294967295,0,0
oMarioChainBall,848,144,0009921E,0,1,1,4294967295,0,1
oMarioChainBall,1616,176,000AF4EC,0,1,1,4294967295,0,1
oMarioChainBall,1392,144,001BE625,0,1,1,4294967295,0,1
oMarioChainBall,1936,176,000EAB36,0,1,1,4294967295,0,1
oMarioChainBall,1776,144,001475A4,0,1,1,4294967295,0,1
oMarioChainBall,2144,176,001370C6,0,1,1,4294967295,0,1
oMarioChainBall,2144,176,003561EE,0,1,1,4294967295,0,1
oHammerBro,320,288,001CF918,0,1,1,4294967295,0,0
oFireBro,576,224,001B0830,0,1,1,4294967295,0,0
oHammerBro,1152,288,002D213B,0,1,1,4294967295,0,0
oFireBro,1056,192,003E89DD,0,1,1,4294967295,0,0
oFireBro,2272,176,00195F0A,0,1,1,4294967295,0,0
oFireBro,2464,112,0036D3CB,0,1,1,4294967295,0,0
oFireBro,3008,288,000C91F1,0,1,1,4294967295,0,0
oFireBro,3296,288,003C6E8E,0,1,1,4294967295,0,0
oHammerBro,2704,288,003CAF3D,0,1,1,4294967295,0,0
oFireBro,3696,192,000F1FA3,0,1,1,4294967295,0,0
oBoomerBro,432,288,00289608,0,1,1,4294967295,0,0
oBoomerBro,3600,288,001E7281,0,1,1,4294967295,0,0
oBoomerBro,2368,320,00033BF9,0,1,1,4294967295,0,0
oPlayer1,96,288,0012ED32,0,1,1,4294967295,0,0
oMarioLava,736,304,000F872B,0,1,1,4294967295,0,1
oMarioLava,1248,304,001E3C18,0,1,1,4294967295,0,1
oMarioLava,2560,304,0028B0FD,0,1,1,4294967295,0,1
oMarioLava,2720,304,0023AAA1,0,1,1,4294967295,0,1
oMarioLava,2880,304,0001FA9B,0,1,1,4294967295,0,1
oMarioLava,3040,304,0027A2FF,0,1,1,4294967295,0,1
oMarioLava,3200,304,000C1D90,0,1,1,4294967295,0,1
oMarioLava,3360,304,002491A6,0,1,1,4294967295,0,1
oInvCollPH,16,160,0037AB8B,0,1,1,4294967295,0,0
oInvCollPH,16,176,0021A88D,0,1,1,4294967295,0,0
oInvCollPH,16,192,003A0C82,0,1,1,4294967295,0,0
oInvCollPH,16,208,002B2CA8,0,1,1,4294967295,0,0
oInvCollPH,16,224,000C1A62,0,1,1,4294967295,0,0
oInvCollPH,16,240,003E880E,0,1,1,4294967295,0,0
oInvCollPH,16,256,001479FD,0,1,1,4294967295,0,0
oInvCollPH,16,272,001FCB28,0,1,1,4294967295,0,0
oInvCollPH,48,288,00214978,0,1,1,4294967295,0,0
oInvCollPH,64,288,00086E72,0,1,1,4294967295,0,0
oInvCollPH,80,288,00366089,0,1,1,4294967295,0,0
oInvCollPH,96,288,002E6EBB,0,1,1,4294967295,0,0
oInvCollPH,112,288,000B4EEF,0,1,1,4294967295,0,0
oInvCollPH,128,288,00365C38,0,1,1,4294967295,0,0
oInvCollPH,144,288,002B6061,0,1,1,4294967295,0,0
oInvCollPH,160,288,00352797,0,1,1,4294967295,0,0
oInvCollPH,176,288,0039712B,0,1,1,4294967295,0,0
oInvCollPH,192,288,00182C64,0,1,1,4294967295,0,0
oInvCollPH,208,288,00383F8B,0,1,1,4294967295,0,0
oInvCollPH,224,288,00311D2D,0,1,1,4294967295,0,0
oInvCollPH,240,288,000ED255,0,1,1,4294967295,0,0
oInvCollPH,256,288,000B48AC,0,1,1,4294967295,0,0
oInvCollPH,272,288,002F6EDB,0,1,1,4294967295,0,0
oInvCollPH,288,288,0037A578,0,1,1,4294967295,0,0
oInvCollPH,304,288,003EAD3B,0,1,1,4294967295,0,0
oInvCollPH,320,288,002533A4,0,1,1,4294967295,0,0
oInvCollPH,336,288,0029FB33,0,1,1,4294967295,0,0
oInvCollPH,352,288,001A8DB2,0,1,1,4294967295,0,0
oInvCollPH,368,288,003CE555,0,1,1,4294967295,0,0
oInvCollPH,384,288,00208A91,0,1,1,4294967295,0,0
oInvCollPH,400,288,00046E4A,0,1,1,4294967295,0,0
oInvCollPH,416,288,00282F8A,0,1,1,4294967295,0,0
oInvCollPH,432,288,00387696,0,1,1,4294967295,0,0
oInvCollPH,448,288,0023093E,0,1,1,4294967295,0,0
oInvCollPH,464,288,00155D43,0,1,1,4294967295,0,0
oInvCollPH,224,80,0002F582,0,1,1,4294967295,0,0
oInvCollPH,240,80,001258BB,0,1,1,4294967295,0,0
oInvCollPH,256,96,0000EEA8,0,1,1,4294967295,0,0
oInvCollPH,256,112,001D4C34,0,1,1,4294967295,0,0
oInvCollPH,256,128,00246993,0,1,1,4294967295,0,0
oInvCollPH,256,144,00213496,0,1,1,4294967295,0,0
oInvCollPH,272,144,00385C4F,0,1,1,4294967295,0,0
oInvCollPH,288,144,0006E787,0,1,1,4294967295,0,0
oInvCollPH,304,144,00243864,0,1,1,4294967295,0,0
oInvCollPH,320,144,0018D625,0,1,1,4294967295,0,0
oInvCollPH,336,144,0026ADB8,0,1,1,4294967295,0,0
oInvCollPH,336,128,0017ED86,0,1,1,4294967295,0,0
oInvCollPH,32,144,00395DD6,0,1,1,4294967295,0,0
oInvCollPH,48,144,0004BF08,0,1,1,4294967295,0,0
oInvCollPH,64,144,001629B1,0,1,1,4294967295,0,0
oInvCollPH,80,144,00052A27,0,1,1,4294967295,0,0
oInvCollPH,96,144,002E0903,0,1,1,4294967295,0,0
oInvCollPH,112,144,000D2FBF,0,1,1,4294967295,0,0
oInvCollPH,128,144,00031A1B,0,1,1,4294967295,0,0
oInvCollPH,144,144,00302C59,0,1,1,4294967295,0,0
oInvCollPH,160,144,001A0B2B,0,1,1,4294967295,0,0
oInvCollPH,176,144,0012D2C2,0,1,1,4294967295,0,0
oInvCollPH,192,144,0014D9F4,0,1,1,4294967295,0,0
oInvCollPH,208,144,001C306B,0,1,1,4294967295,0,0
oInvCollPH,208,128,003FDFAF,0,1,1,4294967295,0,0
oInvCollPH,208,112,003D467B,0,1,1,4294967295,0,0
oInvCollPH,208,96,000ECCC8,0,1,1,4294967295,0,0
oInvCollPH,480,288,0003D782,0,1,1,4294967295,0,0
oInvCollPH,496,288,003B81D6,0,1,1,4294967295,0,0
oInvCollPH,512,240,0024E964,0,1,1,4294967295,0,0
oInvCollPH,512,256,0012DEA3,0,1,1,4294967295,0,0
oInvCollPH,512,272,003CBC2A,0,1,1,4294967295,0,0
oInvCollPH,528,224,0004DBF8,0,1,1,4294967295,0,0
oInvCollPH,544,224,0016CE4B,0,1,1,4294967295,0,0
oInvCollPH,560,224,0019A387,0,1,1,4294967295,0,0
oInvCollPH,576,224,002DDD22,0,1,1,4294967295,0,0
oInvCollPH,592,224,0011CC79,0,1,1,4294967295,0,0
oInvCollPH,608,224,0039226E,0,1,1,4294967295,0,0
oInvCollPH,624,224,001949D6,0,1,1,4294967295,0,0
oInvCollPH,640,224,002F97AA,0,1,1,4294967295,0,0
oInvCollPH,656,224,003653C7,0,1,1,4294967295,0,0
oInvCollPH,672,224,002DF081,0,1,1,4294967295,0,0
oInvCollPH,688,224,00219086,0,1,1,4294967295,0,0
oInvCollPH,704,224,00315848,0,1,1,4294967295,0,0
oInvCollPH,720,224,003534A4,0,1,1,4294967295,0,0
oInvCollPH,720,240,002047D3,0,1,1,4294967295,0,0
oInvCollPH,720,256,00034B74,0,1,1,4294967295,0,0
oInvCollPH,720,272,001D8D42,0,1,1,4294967295,0,0
oInvCollPH,720,288,003E0FCD,0,1,1,4294967295,0,0
oInvCollPH,720,304,003365CC,0,1,1,4294967295,0,0
oInvCollPH,752,320,002C4FA4,0,1,1,4294967295,0,0
oInvCollPH,768,320,003CE84B,0,1,1,4294967295,0,0
oInvCollPH,784,320,0026A553,0,1,1,4294967295,0,0
oInvCollPH,800,320,0020E3D5,0,1,1,4294967295,0,0
oInvCollPH,816,320,002AD1C3,0,1,1,4294967295,0,0
oInvCollPH,352,112,002A569F,0,1,1,4294967295,0,0
oInvCollPH,368,112,00012B44,0,1,1,4294967295,0,0
oInvCollPH,384,112,002226A9,0,1,1,4294967295,0,0
oInvCollPH,400,112,00252032,0,1,1,4294967295,0,0
oInvCollPH,416,112,003F09FB,0,1,1,4294967295,0,0
oInvCollPH,432,112,003CB0CB,0,1,1,4294967295,0,0
oInvCollPH,448,112,000C9B59,0,1,1,4294967295,0,0
oInvCollPH,464,112,0016F0DE,0,1,1,4294967295,0,0
oInvCollPH,480,112,0023A27E,0,1,1,4294967295,0,0
oInvCollPH,496,112,000D2633,0,1,1,4294967295,0,0
oInvCollPH,512,112,001FA7F4,0,1,1,4294967295,0,0
oInvCollPH,528,112,003F129B,0,1,1,4294967295,0,0
oInvCollPH,544,112,000FA5F9,0,1,1,4294967295,0,0
oInvCollPH,560,112,0030D31F,0,1,1,4294967295,0,0
oInvCollPH,560,96,000B7096,0,1,1,4294967295,0,0
oInvCollPH,560,80,0031AAF7,0,1,1,4294967295,0,0
oInvCollPH,560,64,000507CA,0,1,1,4294967295,0,0
oInvCollPH,832,144,00272A33,0,1,1,4294967295,0,0
oInvCollPH,848,144,000FC260,0,1,1,4294967295,0,0
oInvCollPH,848,128,0019F40F,0,1,1,4294967295,0,0
oInvCollPH,1376,144,002E44D8,0,1,1,4294967295,0,0
oInvCollPH,1392,144,00136241,0,1,1,4294967295,0,0
oInvCollPH,1392,128,001991E1,0,1,1,4294967295,0,0
oInvCollPH,1600,144,003E191B,0,1,1,4294967295,0,0
oInvCollPH,1600,160,000F7FD2,0,1,1,4294967295,0,0
oInvCollPH,1600,176,0001B50B,0,1,1,4294967295,0,0
oInvCollPH,1616,176,001DAB35,0,1,1,4294967295,0,0
oInvCollPH,1616,160,002DC3DA,0,1,1,4294967295,0,0
oInvCollPH,1616,144,00118CC3,0,1,1,4294967295,0,0
oInvCollPH,1616,128,00223FEA,0,1,1,4294967295,0,0
oInvCollPH,832,272,0039F21D,0,1,1,4294967295,0,0
oInvCollPH,832,288,00151DA2,0,1,1,4294967295,0,0
oInvCollPH,832,304,00341FCB,0,1,1,4294967295,0,0
oInvCollPH,848,256,00166B9E,0,1,1,4294967295,0,0
oInvCollPH,864,256,0037C0E2,0,1,1,4294967295,0,0
oInvCollPH,880,256,0036D0F4,0,1,1,4294967295,0,0
oInvCollPH,896,256,000EC129,0,1,1,4294967295,0,0
oInvCollPH,912,256,0002DCD4,0,1,1,4294967295,0,0
oInvCollPH,928,256,001C4454,0,1,1,4294967295,0,0
oInvCollPH,944,256,0025D36C,0,1,1,4294967295,0,0
oInvCollPH,960,256,0013781D,0,1,1,4294967295,0,0
oInvCollPH,976,256,00214846,0,1,1,4294967295,0,0
oInvCollPH,976,272,0040212A,0,1,1,4294967295,0,0
oInvCollPH,1008,288,0028A8F5,0,1,1,4294967295,0,0
oInvCollPH,1024,288,0011B4E1,0,1,1,4294967295,0,0
oInvCollPH,1040,288,0022A1BC,0,1,1,4294967295,0,0
oInvCollPH,1056,288,00389802,0,1,1,4294967295,0,0
oInvCollPH,1072,288,00380BCA,0,1,1,4294967295,0,0
oInvCollPH,1088,288,001228DA,0,1,1,4294967295,0,0
oInvCollPH,1104,288,000276BD,0,1,1,4294967295,0,0
oInvCollPH,1120,288,003131E6,0,1,1,4294967295,0,0
oInvCollPH,1136,288,0023ECB8,0,1,1,4294967295,0,0
oInvCollPH,1152,288,002AC887,0,1,1,4294967295,0,0
oInvCollPH,1168,288,00382479,0,1,1,4294967295,0,0
oInvCollPH,1184,288,001BD363,0,1,1,4294967295,0,0
oInvCollPH,1200,288,00350E5C,0,1,1,4294967295,0,0
oInvCollPH,1216,288,003F0764,0,1,1,4294967295,0,0
oInvCollPH,1232,288,0003813E,0,1,1,4294967295,0,0
oInvCollPH,1232,304,00361C50,0,1,1,4294967295,0,0
oInvCollPH,576,48,002FE1D1,0,1,1,4294967295,0,0
oInvCollPH,592,48,002FE07D,0,1,1,4294967295,0,0
oInvCollPH,608,48,002B0A9A,0,1,1,4294967295,0,0
oInvCollPH,624,48,002C0BE8,0,1,1,4294967295,0,0
oInvCollPH,640,48,00338663,0,1,1,4294967295,0,0
oInvCollPH,656,48,000E3193,0,1,1,4294967295,0,0
oInvCollPH,672,48,003F8741,0,1,1,4294967295,0,0
oInvCollPH,688,48,0036AB82,0,1,1,4294967295,0,0
oInvCollPH,704,48,0038502C,0,1,1,4294967295,0,0
oInvCollPH,720,48,00324864,0,1,1,4294967295,0,0
oInvCollPH,1168,48,001EF595,0,1,1,4294967295,0,0
oInvCollPH,1152,48,001D2D50,0,1,1,4294967295,0,0
oInvCollPH,1136,48,0006E526,0,1,1,4294967295,0,0
oInvCollPH,1120,48,002A74BA,0,1,1,4294967295,0,0
oInvCollPH,1104,48,002F9C85,0,1,1,4294967295,0,0
oInvCollPH,1088,48,0017F48F,0,1,1,4294967295,0,0
oInvCollPH,1072,48,000F6424,0,1,1,4294967295,0,0
oInvCollPH,1056,48,00078E40,0,1,1,4294967295,0,0
oInvCollPH,1040,48,002207E4,0,1,1,4294967295,0,0
oInvCollPH,1024,48,001CA7DF,0,1,1,4294967295,0,0
oInvCollPH,928,48,00142F45,0,1,1,4294967295,0,0
oInvCollPH,912,48,0016086B,0,1,1,4294967295,0,0
oInvCollPH,896,48,001D4640,0,1,1,4294967295,0,0
oInvCollPH,880,48,003138DD,0,1,1,4294967295,0,0
oInvCollPH,864,48,00346C2C,0,1,1,4294967295,0,0
oInvCollPH,832,48,0027DA68,0,1,1,4294967295,0,0
oInvCollPH,848,48,003FDA2F,0,1,1,4294967295,0,0
oInvCollPH,816,48,002F1B56,0,1,1,4294967295,0,0
oInvCollPH,800,48,00289109,0,1,1,4294967295,0,0
oInvCollPH,784,48,0024224A,0,1,1,4294967295,0,0
oInvCollPH,768,48,003653C2,0,1,1,4294967295,0,0
oInvCollPH,752,48,00330CF3,0,1,1,4294967295,0,0
oInvCollPH,736,48,001BCE0C,0,1,1,4294967295,0,0
oInvCollPH,944,48,001D910C,0,1,1,4294967295,0,0
oInvCollPH,960,48,0038095E,0,1,1,4294967295,0,0
oInvCollPH,976,48,000283D6,0,1,1,4294967295,0,0
oInvCollPH,992,48,0015ECFC,0,1,1,4294967295,0,0
oInvCollPH,1008,48,0002B4AC,0,1,1,4294967295,0,0
oInvCollPH,1264,320,00052715,0,1,1,4294967295,0,0
oInvCollPH,1280,320,0004AF4D,0,1,1,4294967295,0,0
oInvCollPH,1296,320,003F33EB,0,1,1,4294967295,0,0
oInvCollPH,1312,320,000C6655,0,1,1,4294967295,0,0
oInvCollPH,1328,320,0019C419,0,1,1,4294967295,0,0
oInvCollPH,1344,320,00360773,0,1,1,4294967295,0,0
oInvCollPH,1360,320,0013274E,0,1,1,4294967295,0,0
oInvCollPH,1376,320,001B582E,0,1,1,4294967295,0,0
oInvCollPH,1392,320,000F637D,0,1,1,4294967295,0,0
oInvCollPH,1408,320,0014C265,0,1,1,4294967295,0,0
oInvCollPH,1424,320,002D42D5,0,1,1,4294967295,0,0
oInvCollPH,1440,320,000A03C3,0,1,1,4294967295,0,0
oInvCollPH,1456,320,000261D1,0,1,1,4294967295,0,0
oInvCollPH,1472,320,0011CABB,0,1,1,4294967295,0,0
oInvCollPH,1488,320,001F56F3,0,1,1,4294967295,0,0
oInvCollPH,1504,320,0004EF6D,0,1,1,4294967295,0,0
oInvCollPH,1520,320,0014D89B,0,1,1,4294967295,0,0
oInvCollPH,1536,320,001C4B2A,0,1,1,4294967295,0,0
oInvCollPH,1552,320,0021415E,0,1,1,4294967295,0,0
oInvCollPH,1568,320,000B5351,0,1,1,4294967295,0,0
oInvCollPH,1584,320,00002220,0,1,1,4294967295,0,0
oInvCollPH,1600,320,00385182,0,1,1,4294967295,0,0
oInvCollPH,1616,320,0029D24E,0,1,1,4294967295,0,0
oInvCollPH,1632,320,000CBD6B,0,1,1,4294967295,0,0
oInvCollPH,1648,320,0035AA7F,0,1,1,4294967295,0,0
oInvCollPH,1664,320,00182734,0,1,1,4294967295,0,0
oInvCollPH,1680,320,001BF5DB,0,1,1,4294967295,0,0
oInvCollPH,1696,320,002628B0,0,1,1,4294967295,0,0
oInvCollPH,1712,320,00191483,0,1,1,4294967295,0,0
oInvCollPH,1728,320,0005F0DB,0,1,1,4294967295,0,0
oInvCollPH,1744,320,003E4055,0,1,1,4294967295,0,0
oInvCollPH,1760,320,00107DC9,0,1,1,4294967295,0,0
oInvCollPH,1776,320,003A6488,0,1,1,4294967295,0,0
oInvCollPH,1792,320,003556CD,0,1,1,4294967295,0,0
oInvCollPH,1808,320,0001A7DB,0,1,1,4294967295,0,0
oInvCollPH,1824,320,002629D4,0,1,1,4294967295,0,0
oInvCollPH,1840,320,0035E0A6,0,1,1,4294967295,0,0
oInvCollPH,1856,320,002A1500,0,1,1,4294967295,0,0
oInvCollPH,1872,320,00341ED3,0,1,1,4294967295,0,0
oInvCollPH,1888,320,002E8938,0,1,1,4294967295,0,0
oInvCollPH,1904,320,0001535A,0,1,1,4294967295,0,0
oInvCollPH,1920,320,0030AA1E,0,1,1,4294967295,0,0
oInvCollPH,1936,320,003CB574,0,1,1,4294967295,0,0
oInvCollPH,1952,320,0036ECB1,0,1,1,4294967295,0,0
oInvCollPH,1968,320,0030B719,0,1,1,4294967295,0,0
oInvCollPH,1984,320,002EE017,0,1,1,4294967295,0,0
oInvCollPH,2000,320,00232432,0,1,1,4294967295,0,0
oInvCollPH,2016,320,0008622D,0,1,1,4294967295,0,0
oInvCollPH,2032,320,00100720,0,1,1,4294967295,0,0
oInvCollPH,2048,320,002C0F16,0,1,1,4294967295,0,0
oInvCollPH,2064,320,0021A7E6,0,1,1,4294967295,0,0
oInvCollPH,2080,320,00207D39,0,1,1,4294967295,0,0
oInvCollPH,2096,320,00086A42,0,1,1,4294967295,0,0
oInvCollPH,2112,320,00397E2C,0,1,1,4294967295,0,0
oInvCollPH,2128,320,001ACEB2,0,1,1,4294967295,0,0
oInvCollPH,2144,320,001B9586,0,1,1,4294967295,0,0
oInvCollPH,2160,320,000678FB,0,1,1,4294967295,0,0
oInvCollPH,2176,320,00366B6A,0,1,1,4294967295,0,0
oInvCollPH,2192,320,001B7FFF,0,1,1,4294967295,0,0
oInvCollPH,1920,176,0019A7E1,0,1,1,4294967295,0,0
oInvCollPH,1936,176,0037AFB3,0,1,1,4294967295,0,0
oInvCollPH,1936,160,003B9EE0,0,1,1,4294967295,0,0
oInvCollPH,1760,144,001E3FC7,0,1,1,4294967295,0,0
oInvCollPH,1776,144,002B554A,0,1,1,4294967295,0,0
oInvCollPH,1776,128,0039B4FB,0,1,1,4294967295,0,0
oInvCollPH,2048,176,0007B0D6,0,1,1,4294967295,0,0
oInvCollPH,2064,176,0017D3AD,0,1,1,4294967295,0,0
oInvCollPH,2080,176,002CAC6E,0,1,1,4294967295,0,0
oInvCollPH,2096,176,002E4C4A,0,1,1,4294967295,0,0
oInvCollPH,2112,176,001A0065,0,1,1,4294967295,0,0
oInvCollPH,2128,176,00241BFC,0,1,1,4294967295,0,0
oInvCollPH,2144,176,0000AF0B,0,1,1,4294967295,0,0
oInvCollPH,2160,176,002F0883,0,1,1,4294967295,0,0
oInvCollPH,2176,176,0032920D,0,1,1,4294967295,0,0
oInvCollPH,2192,176,0039753D,0,1,1,4294967295,0,0
oInvCollPH,2208,176,0030968D,0,1,1,4294967295,0,0
oInvCollPH,2224,176,00320C96,0,1,1,4294967295,0,0
oInvCollPH,2224,160,001A6F42,0,1,1,4294967295,0,0
oInvCollPH,1184,64,003ED8A5,0,1,1,4294967295,0,0
oInvCollPH,1184,80,003EB538,0,1,1,4294967295,0,0
oInvCollPH,1184,96,00068646,0,1,1,4294967295,0,0
oInvCollPH,1184,112,000D70F5,0,1,1,4294967295,0,0
oInvCollPH,1200,112,0016F479,0,1,1,4294967295,0,0
oInvCollPH,1216,112,002041A2,0,1,1,4294967295,0,0
oInvCollPH,1232,112,00118262,0,1,1,4294967295,0,0
oInvCollPH,1248,112,002EDD77,0,1,1,4294967295,0,0
oInvCollPH,1264,112,0007EF7C,0,1,1,4294967295,0,0
oInvCollPH,1280,112,00172858,0,1,1,4294967295,0,0
oInvCollPH,1296,112,002B116A,0,1,1,4294967295,0,0
oInvCollPH,1312,112,00069455,0,1,1,4294967295,0,0
oInvCollPH,1328,112,000D5C62,0,1,1,4294967295,0,0
oInvCollPH,1344,112,00155BDD,0,1,1,4294967295,0,0
oInvCollPH,1360,112,00254710,0,1,1,4294967295,0,0
oInvCollPH,1408,112,0019B8A2,0,1,1,4294967295,0,0
oInvCollPH,1424,112,003BF73C,0,1,1,4294967295,0,0
oInvCollPH,1440,112,00276EF5,0,1,1,4294967295,0,0
oInvCollPH,1456,112,00296512,0,1,1,4294967295,0,0
oInvCollPH,1472,112,0039E547,0,1,1,4294967295,0,0
oInvCollPH,1488,112,003278D2,0,1,1,4294967295,0,0
oInvCollPH,1504,112,00378F9A,0,1,1,4294967295,0,0
oInvCollPH,1520,112,00034CDC,0,1,1,4294967295,0,0
oInvCollPH,1536,112,002F117D,0,1,1,4294967295,0,0
oInvCollPH,1552,112,00045F73,0,1,1,4294967295,0,0
oInvCollPH,1568,112,002A763E,0,1,1,4294967295,0,0
oInvCollPH,1584,112,002EB6C3,0,1,1,4294967295,0,0
oInvCollPH,1632,112,00203C89,0,1,1,4294967295,0,0
oInvCollPH,1648,112,001EE3D1,0,1,1,4294967295,0,0
oInvCollPH,1664,112,00251281,0,1,1,4294967295,0,0
oInvCollPH,1680,112,002C30CF,0,1,1,4294967295,0,0
oInvCollPH,1696,112,00314745,0,1,1,4294967295,0,0
oInvCollPH,1712,112,003B2F1F,0,1,1,4294967295,0,0
oInvCollPH,1728,112,0018F94F,0,1,1,4294967295,0,0
oInvCollPH,1744,112,003FBBD3,0,1,1,4294967295,0,0
oInvCollPH,1792,112,001DDA61,0,1,1,4294967295,0,0
oInvCollPH,1808,112,0003C68B,0,1,1,4294967295,0,0
oInvCollPH,1824,112,00082F77,0,1,1,4294967295,0,0
oInvCollPH,1840,112,003CEF12,0,1,1,4294967295,0,0
oInvCollPH,1856,128,0029D989,0,1,1,4294967295,0,0
oInvCollPH,1856,144,001EB718,0,1,1,4294967295,0,0
oInvCollPH,1872,144,003E7896,0,1,1,4294967295,0,0
oInvCollPH,1888,144,0020EEF9,0,1,1,4294967295,0,0
oInvCollPH,1904,144,000AA38B,0,1,1,4294967295,0,0
oInvCollPH,1952,144,001B998E,0,1,1,4294967295,0,0
oInvCollPH,1968,144,000D8CFE,0,1,1,4294967295,0,0
oInvCollPH,1984,144,0002764B,0,1,1,4294967295,0,0
oInvCollPH,2000,144,0004D805,0,1,1,4294967295,0,0
oInvCollPH,2016,144,0020135B,0,1,1,4294967295,0,0
oInvCollPH,2032,144,0030F310,0,1,1,4294967295,0,0
oInvCollPH,2224,144,0033E724,0,1,1,4294967295,0,0
oInvCollPH,2224,128,0000E7D9,0,1,1,4294967295,0,0
oInvCollPH,2224,112,002EFB6D,0,1,1,4294967295,0,0
oInvCollPH,2224,96,003EE3A5,0,1,1,4294967295,0,0
oInvCollPH,2224,80,00009E1A,0,1,1,4294967295,0,0
oInvCollPH,2224,64,003175B5,0,1,1,4294967295,0,0
oInvCollPH,2240,48,000070AE,0,1,1,4294967295,0,0
oInvCollPH,2256,48,002F4D1B,0,1,1,4294967295,0,0
oInvCollPH,2272,48,00061BB0,0,1,1,4294967295,0,0
oInvCollPH,2288,48,002F0E81,0,1,1,4294967295,0,0
oInvCollPH,2304,48,002EBC92,0,1,1,4294967295,0,0
oInvCollPH,2320,48,00014D65,0,1,1,4294967295,0,0
oInvCollPH,2320,32,002B1A61,0,1,1,4294967295,0,0
oInvCollPH,2624,112,00041B32,0,1,1,4294967295,0,0
oInvCollPH,2640,112,0005C4F1,0,1,1,4294967295,0,0
oInvCollPH,2656,112,002112A8,0,1,1,4294967295,0,0
oInvCollPH,2672,112,00173F1F,0,1,1,4294967295,0,0
oInvCollPH,2688,112,002CB796,0,1,1,4294967295,0,0
oInvCollPH,2704,112,00212A5C,0,1,1,4294967295,0,0
oInvCollPH,2704,96,003A8A30,0,1,1,4294967295,0,0
oInvCollPH,2688,96,00140F33,0,1,1,4294967295,0,0
oInvCollPH,2672,96,0020F891,0,1,1,4294967295,0,0
oInvCollPH,2656,96,00011898,0,1,1,4294967295,0,0
oInvCollPH,2640,96,003C0FF0,0,1,1,4294967295,0,0
oInvCollPH,2464,272,000FA0BD,0,1,1,4294967295,0,0
oInvCollPH,2480,272,0015D7BD,0,1,1,4294967295,0,0
oInvCollPH,2480,256,002370AB,0,1,1,4294967295,0,0
oInvCollPH,2208,304,001443B5,0,1,1,4294967295,0,0
oInvCollPH,2224,288,000FB615,0,1,1,4294967295,0,0
oInvCollPH,2240,288,002549A3,0,1,1,4294967295,0,0
oInvCollPH,2256,288,002ADC6F,0,1,1,4294967295,0,0
oInvCollPH,2272,288,000C1C9E,0,1,1,4294967295,0,0
oInvCollPH,2288,288,002E24C5,0,1,1,4294967295,0,0
oInvCollPH,2288,304,00282A45,0,1,1,4294967295,0,0
oInvCollPH,2320,320,003ECA22,0,1,1,4294967295,0,0
oInvCollPH,2336,320,002A79A4,0,1,1,4294967295,0,0
oInvCollPH,2352,320,000970A1,0,1,1,4294967295,0,0
oInvCollPH,2368,320,0018D20A,0,1,1,4294967295,0,0
oInvCollPH,2384,320,00111834,0,1,1,4294967295,0,0
oInvCollPH,2400,320,0021DC39,0,1,1,4294967295,0,0
oInvCollPH,2416,320,00276237,0,1,1,4294967295,0,0
oInvCollPH,2432,320,0024600D,0,1,1,4294967295,0,0
oInvCollPH,2448,320,00117F1F,0,1,1,4294967295,0,0
oInvCollPH,2464,304,0017A57D,0,1,1,4294967295,0,0
oInvCollPH,2496,288,000EC383,0,1,1,4294967295,0,0
oInvCollPH,2512,288,002167F0,0,1,1,4294967295,0,0
oInvCollPH,2528,288,001C7C7E,0,1,1,4294967295,0,0
oInvCollPH,2544,288,00217389,0,1,1,4294967295,0,0
oInvCollPH,2624,304,003B3865,0,1,1,4294967295,0,0
oInvCollPH,2640,288,003500FA,0,1,1,4294967295,0,0
oInvCollPH,2656,288,000DA939,0,1,1,4294967295,0,0
oInvCollPH,2672,288,002981A6,0,1,1,4294967295,0,0
oInvCollPH,2688,288,000D6CF7,0,1,1,4294967295,0,0
oInvCollPH,2704,288,003A833F,0,1,1,4294967295,0,0
oInvCollPH,2704,304,00262ED1,0,1,1,4294967295,0,0
oInvCollPH,2784,304,00390A3F,0,1,1,4294967295,0,0
oInvCollPH,2800,288,003C199A,0,1,1,4294967295,0,0
oInvCollPH,2816,288,00175C25,0,1,1,4294967295,0,0
oInvCollPH,2832,288,0008F899,0,1,1,4294967295,0,0
oInvCollPH,2848,288,00369CA1,0,1,1,4294967295,0,0
oInvCollPH,2864,288,0005FD34,0,1,1,4294967295,0,0
oInvCollPH,2864,304,00311903,0,1,1,4294967295,0,0
oInvCollPH,2944,304,0023E991,0,1,1,4294967295,0,0
oInvCollPH,2960,288,0038A812,0,1,1,4294967295,0,0
oInvCollPH,2976,288,000BF668,0,1,1,4294967295,0,0
oInvCollPH,2992,288,000A7248,0,1,1,4294967295,0,0
oInvCollPH,3008,288,002314E3,0,1,1,4294967295,0,0
oInvCollPH,3024,288,0019C2A7,0,1,1,4294967295,0,0
oInvCollPH,3024,304,0032616E,0,1,1,4294967295,0,0
oInvCollPH,3200,144,00240AA3,0,1,1,4294967295,0,0
oInvCollPH,3216,144,00275B4E,0,1,1,4294967295,0,0
oInvCollPH,3232,144,000FA0A4,0,1,1,4294967295,0,0
oInvCollPH,3248,144,000D1B88,0,1,1,4294967295,0,0
oInvCollPH,3248,128,00403691,0,1,1,4294967295,0,0
oInvCollPH,3232,128,003E6670,0,1,1,4294967295,0,0
oInvCollPH,3216,128,001147F4,0,1,1,4294967295,0,0
oInvCollPH,3104,304,001F429A,0,1,1,4294967295,0,0
oInvCollPH,3120,288,00077ADC,0,1,1,4294967295,0,0
oInvCollPH,3136,288,003154C8,0,1,1,4294967295,0,0
oInvCollPH,3152,288,002DDFFD,0,1,1,4294967295,0,0
oInvCollPH,3168,288,00055427,0,1,1,4294967295,0,0
oInvCollPH,3184,288,00128C37,0,1,1,4294967295,0,0
oInvCollPH,3184,304,000D8543,0,1,1,4294967295,0,0
oInvCollPH,3264,304,000114EA,0,1,1,4294967295,0,0
oInvCollPH,3280,288,003C23AE,0,1,1,4294967295,0,0
oInvCollPH,3296,288,00190D5C,0,1,1,4294967295,0,0
oInvCollPH,3312,288,000721E8,0,1,1,4294967295,0,0
oInvCollPH,3328,288,003783F6,0,1,1,4294967295,0,0
oInvCollPH,3344,288,003FA4CD,0,1,1,4294967295,0,0
oInvCollPH,3344,304,0035DD31,0,1,1,4294967295,0,0
oInvCollPH,3568,288,001A4103,0,1,1,4294967295,0,0
oInvCollPH,3584,288,001BCE74,0,1,1,4294967295,0,0
oInvCollPH,3600,288,000F888B,0,1,1,4294967295,0,0
oInvCollPH,3616,288,00080D34,0,1,1,4294967295,0,0
oInvCollPH,3648,224,003E3D37,0,1,1,4294967295,0,0
oInvCollPH,3552,304,002EAE96,0,1,1,4294967295,0,0
oInvCollPH,2560,320,0024C954,0,1,1,4294967295,0,0
oInvCollPH,2576,320,00027CC5,0,1,1,4294967295,0,0
oInvCollPH,2592,320,002527E8,0,1,1,4294967295,0,0
oInvCollPH,2608,320,002C9E99,0,1,1,4294967295,0,0
oInvCollPH,2720,320,0022874B,0,1,1,4294967295,0,0
oInvCollPH,2736,320,00090F1E,0,1,1,4294967295,0,0
oInvCollPH,2752,320,002F4551,0,1,1,4294967295,0,0
oInvCollPH,2768,320,00400623,0,1,1,4294967295,0,0
oInvCollPH,2880,320,0002C184,0,1,1,4294967295,0,0
oInvCollPH,2896,320,00309457,0,1,1,4294967295,0,0
oInvCollPH,2912,320,00310D57,0,1,1,4294967295,0,0
oInvCollPH,2928,320,00211B4F,0,1,1,4294967295,0,0
oInvCollPH,3360,320,0026AF42,0,1,1,4294967295,0,0
oInvCollPH,3376,320,002B8830,0,1,1,4294967295,0,0
oInvCollPH,3392,320,0022DE73,0,1,1,4294967295,0,0
oInvCollPH,3408,320,003DD7BD,0,1,1,4294967295,0,0
oInvCollPH,3424,320,00029B9E,0,1,1,4294967295,0,0
oInvCollPH,3440,320,00099AAB,0,1,1,4294967295,0,0
oInvCollPH,3456,320,002682E6,0,1,1,4294967295,0,0
oInvCollPH,3472,320,000F9812,0,1,1,4294967295,0,0
oInvCollPH,3488,320,000167C0,0,1,1,4294967295,0,0
oInvCollPH,3504,320,003AB66B,0,1,1,4294967295,0,0
oInvCollPH,3520,320,0021CE9D,0,1,1,4294967295,0,0
oInvCollPH,3536,320,0020A824,0,1,1,4294967295,0,0
oInvCollPH,3200,320,003F977D,0,1,1,4294967295,0,0
oInvCollPH,3216,320,0017B125,0,1,1,4294967295,0,0
oInvCollPH,3232,320,003ECD2C,0,1,1,4294967295,0,0
oInvCollPH,3248,320,000419E4,0,1,1,4294967295,0,0
oInvCollPH,3040,320,00195939,0,1,1,4294967295,0,0
oInvCollPH,3056,320,0009552B,0,1,1,4294967295,0,0
oInvCollPH,3072,320,002E1D4A,0,1,1,4294967295,0,0
oInvCollPH,3088,320,0023B381,0,1,1,4294967295,0,0
oInvCollPH,2560,48,00143F12,0,1,1,4294967295,0,0
oInvCollPH,2560,64,0028CC4F,0,1,1,4294967295,0,0
oInvCollPH,2560,80,001DC318,0,1,1,4294967295,0,0
oInvCollPH,2560,96,0006BE68,0,1,1,4294967295,0,0
oInvCollPH,2560,112,00350A8D,0,1,1,4294967295,0,0
oInvCollPH,2576,112,0011AFAB,0,1,1,4294967295,0,0
oInvCollPH,2592,112,001FCC17,0,1,1,4294967295,0,0
oInvCollPH,2608,112,001488A9,0,1,1,4294967295,0,0
oInvCollPH,2608,80,002E97E9,0,1,1,4294967295,0,0
oInvCollPH,2608,64,00290750,0,1,1,4294967295,0,0
oInvCollPH,2608,48,00121323,0,1,1,4294967295,0,0
oInvCollPH,2608,32,0016159D,0,1,1,4294967295,0,0
oInvCollPH,3712,80,001F7894,0,1,1,4294967295,0,0
oInvCollPH,3712,96,00278C72,0,1,1,4294967295,0,0
oInvCollPH,3712,112,00264721,0,1,1,4294967295,0,0
oInvCollPH,3712,128,0018451A,0,1,1,4294967295,0,0
oInvCollPH,3712,144,00234EC8,0,1,1,4294967295,0,0
oInvCollPH,3712,160,000FEF14,0,1,1,4294967295,0,0
oInvCollPH,3712,176,00372B9B,0,1,1,4294967295,0,0
oInvCollPH,3616,32,00156E1A,0,1,1,4294967295,0,0
oInvCollPH,3616,48,00106A7C,0,1,1,4294967295,0,0
oInvCollPH,3632,48,000024F2,0,1,1,4294967295,0,0
oInvCollPH,3648,48,002C973D,0,1,1,4294967295,0,0
oInvCollPH,3664,48,00235D0A,0,1,1,4294967295,0,0
oInvCollPH,3680,48,000962CC,0,1,1,4294967295,0,0
oInvCollPH,3696,48,00222B84,0,1,1,4294967295,0,0
oInvCollPH,3664,208,003BDAAC,0,1,1,4294967295,0,0
oInvCollPH,3696,192,002FA344,0,1,1,4294967295,0,0
oInvCollPH,3680,192,0017ABDA,0,1,1,4294967295,0,0
oInvCollPH,3632,240,000E7B46,0,1,1,4294967295,0,0
oInvCollPH,3632,256,0022939E,0,1,1,4294967295,0,0
oInvCollPH,3632,272,00262D21,0,1,1,4294967295,0,0
oInvCollPH,2336,16,00179781,0,1,1,4294967295,0,0
oInvCollPH,2352,16,0005D8B8,0,1,1,4294967295,0,0
oInvCollPH,2368,16,000DEDC3,0,1,1,4294967295,0,0
oInvCollPH,2384,16,002CBF4A,0,1,1,4294967295,0,0
oInvCollPH,2400,16,000CDA9C,0,1,1,4294967295,0,0
oInvCollPH,2416,16,00314123,0,1,1,4294967295,0,0
oInvCollPH,2432,16,0029F417,0,1,1,4294967295,0,0
oInvCollPH,2448,16,002D7EBA,0,1,1,4294967295,0,0
oInvCollPH,2464,16,0005A3C2,0,1,1,4294967295,0,0
oInvCollPH,2480,16,002D7BC1,0,1,1,4294967295,0,0
oInvCollPH,2496,16,002969E6,0,1,1,4294967295,0,0
oInvCollPH,2512,16,003D3DD5,0,1,1,4294967295,0,0
oInvCollPH,2528,16,0003C8D5,0,1,1,4294967295,0,0
oInvCollPH,2544,16,0036CAFA,0,1,1,4294967295,0,0
oInvCollPH,2624,16,0026B4A0,0,1,1,4294967295,0,0
oInvCollPH,2640,16,0036B705,0,1,1,4294967295,0,0
oInvCollPH,2656,16,00335AE3,0,1,1,4294967295,0,0
oInvCollPH,2672,16,001369E3,0,1,1,4294967295,0,0
oInvCollPH,2688,16,0009AEE6,0,1,1,4294967295,0,0
oInvCollPH,2704,16,00379329,0,1,1,4294967295,0,0
oInvCollPH,2720,16,00040BF3,0,1,1,4294967295,0,0
oInvCollPH,2736,16,0034D1DD,0,1,1,4294967295,0,0
oInvCollPH,2752,16,00347845,0,1,1,4294967295,0,0
oInvCollPH,2768,16,0038406A,0,1,1,4294967295,0,0
oInvCollPH,2784,16,0010C5D0,0,1,1,4294967295,0,0
oInvCollPH,2800,16,000D31E2,0,1,1,4294967295,0,0
oInvCollPH,2816,16,000266C8,0,1,1,4294967295,0,0
oInvCollPH,2832,16,000B0C3D,0,1,1,4294967295,0,0
oInvCollPH,2848,16,0004D81E,0,1,1,4294967295,0,0
oInvCollPH,2864,16,003374B4,0,1,1,4294967295,0,0
oInvCollPH,2880,16,003EF59C,0,1,1,4294967295,0,0
oInvCollPH,2896,16,001DE678,0,1,1,4294967295,0,0
oInvCollPH,2912,16,000E2C38,0,1,1,4294967295,0,0
oInvCollPH,2928,16,002FBF6B,0,1,1,4294967295,0,0
oInvCollPH,2944,16,0039414C,0,1,1,4294967295,0,0
oInvCollPH,2960,16,0026A16C,0,1,1,4294967295,0,0
oInvCollPH,2976,16,002D27C6,0,1,1,4294967295,0,0
oInvCollPH,2992,16,002C9786,0,1,1,4294967295,0,0
oInvCollPH,3008,16,003F1AFD,0,1,1,4294967295,0,0
oInvCollPH,3024,16,0039B3C6,0,1,1,4294967295,0,0
oInvCollPH,3040,16,000C369F,0,1,1,4294967295,0,0
oInvCollPH,3056,16,00086BF8,0,1,1,4294967295,0,0
oInvCollPH,3072,16,00041F70,0,1,1,4294967295,0,0
oInvCollPH,3088,16,0011C5DC,0,1,1,4294967295,0,0
oInvCollPH,3104,16,0016C8EB,0,1,1,4294967295,0,0
oInvCollPH,3120,16,001F592F,0,1,1,4294967295,0,0
oInvCollPH,3136,16,001BCB9E,0,1,1,4294967295,0,0
oInvCollPH,3152,16,00271441,0,1,1,4294967295,0,0
oInvCollPH,3168,16,00129A16,0,1,1,4294967295,0,0
oInvCollPH,3184,16,002C1BEF,0,1,1,4294967295,0,0
oInvCollPH,3200,16,002E7BDA,0,1,1,4294967295,0,0
oInvCollPH,3216,16,003CCD6B,0,1,1,4294967295,0,0
oInvCollPH,3232,16,0017AC5D,0,1,1,4294967295,0,0
oInvCollPH,3248,16,00379F7E,0,1,1,4294967295,0,0
oInvCollPH,3264,16,002F546B,0,1,1,4294967295,0,0
oInvCollPH,3280,16,0024B6E9,0,1,1,4294967295,0,0
oInvCollPH,3296,16,0009A9AD,0,1,1,4294967295,0,0
oInvCollPH,3312,16,00163ED1,0,1,1,4294967295,0,0
oInvCollPH,3328,16,001D1A21,0,1,1,4294967295,0,0
oInvCollPH,3344,16,000111D7,0,1,1,4294967295,0,0
oInvCollPH,3360,16,000C6C9A,0,1,1,4294967295,0,0
oInvCollPH,3376,16,00089AEF,0,1,1,4294967295,0,0
oInvCollPH,3392,16,002F1360,0,1,1,4294967295,0,0
oInvCollPH,3408,16,001FDCEE,0,1,1,4294967295,0,0
oInvCollPH,3424,16,0038C374,0,1,1,4294967295,0,0
oInvCollPH,3440,16,002060D3,0,1,1,4294967295,0,0
oInvCollPH,3456,16,001B782F,0,1,1,4294967295,0,0
oInvCollPH,3472,16,001A14D5,0,1,1,4294967295,0,0
oInvCollPH,3488,16,002916A6,0,1,1,4294967295,0,0
oInvCollPH,3504,16,001DE60D,0,1,1,4294967295,0,0
oInvCollPH,3520,16,003984B6,0,1,1,4294967295,0,0
oInvCollPH,3536,16,0035497C,0,1,1,4294967295,0,0
oInvCollPH,3552,16,0006CC22,0,1,1,4294967295,0,0
oInvCollPH,3568,16,0009E740,0,1,1,4294967295,0,0
oInvCollPH,3584,16,0009349F,0,1,1,4294967295,0,0
oInvCollPH,3600,16,000CFAF9,0,1,1,4294967295,0,0
oInvisibleSolid,0,160,000C0190,0,1,1,4294967295,0,1
oInvisibleSolid,0,0,001CCF8A,0,1,1,4294967295,0,1
oInvisibleSolid,32,288,00063ADE,0,1,1,4294967295,0,1
oInvisibleSolid,224,0,00250555,0,1,1,4294967295,0,1
oInvisibleSolid,256,0,0002532D,0,1,1,4294967295,0,1
oInvisibleSolid,352,0,0016B022,0,1,1,4294967295,0,1
oInvisibleSolid,512,224,002DDAF3,0,1,1,4294967295,0,1
oInvisibleSolid,576,0,0009038C,0,1,1,4294967295,0,1
oInvisibleSolid,736,320,00172F9C,0,1,1,4294967295,0,1
oInvisibleSolid,832,256,003D5EBB,0,1,1,4294967295,0,1
oInvisibleSolid,832,128,003C3C55,0,1,1,4294967295,0,1
oInvisibleSolid,992,288,003BC319,0,1,1,4294967295,0,1
oInvisibleSolid,1184,0,00298807,0,1,1,4294967295,0,1
oInvisibleSolid,1376,128,003F8ACA,0,1,1,4294967295,0,1
oInvisibleSolid,1600,128,002E9A9C,0,1,1,4294967295,0,1
oInvisibleSolid,1248,320,00392611,0,1,1,4294967295,0,1
oInvisibleSolid,2208,288,000A9F63,0,1,1,4294967295,0,1
oInvisibleSolid,1760,128,001459E2,0,1,1,4294967295,0,1
oInvisibleSolid,1856,0,0028567B,0,1,1,4294967295,0,1
oInvisibleSolid,1920,160,002DF8A3,0,1,1,4294967295,0,1
oInvisibleSolid,2048,160,00387158,0,1,1,4294967295,0,1
oInvisibleSolid,2240,0,00379DDD,0,1,1,4294967295,0,1
oInvisibleSolid,2304,320,002A63D2,0,1,1,4294967295,0,1
oInvisibleSolid,2464,256,0009A259,0,1,1,4294967295,0,1
oInvisibleSolid,2464,288,00256E3E,0,1,1,4294967295,0,1
oInvisibleSolid,2624,288,00347777,0,1,1,4294967295,0,1
oInvisibleSolid,2784,288,001CA318,0,1,1,4294967295,0,1
oInvisibleSolid,2944,288,0029701C,0,1,1,4294967295,0,1
oInvisibleSolid,2560,32,003B7068,0,1,1,4294967295,0,1
oInvisibleSolid,2336,0,0006731B,0,1,1,4294967295,0,1
oInvisibleSolid,2624,96,003836F5,0,1,1,4294967295,0,1
oInvisibleSolid,3104,288,002497B7,0,1,1,4294967295,0,1
oInvisibleSolid,3200,128,00087A0D,0,1,1,4294967295,0,1
oInvisibleSolid,3616,0,001F727E,0,1,1,4294967295,0,1
oInvisibleSolid,3712,64,003002E7,0,1,1,4294967295,0,1
oInvisibleSolid,3664,192,0018D5D1,0,1,1,4294967295,0,1
oInvisibleSolid,3632,224,0024AA3B,0,1,1,4294967295,0,1
oInvisibleSolid,3552,288,00358A34,0,1,1,4294967295,0,1
oInvisibleSolid,3264,288,00099C39,0,1,1,4294967295,0,1
