oExit,952,16,00051FFE,0,1,1,4294967295,0,1
oExit,0,232,001F4C6B,0,1,1,4294967295,0,1
oExit,1904,224,00119BEE,0,1,1,4294967295,0,1
oUseElevator,960,128,001CC33D,0,1,1,4294967295,0,1
oFirebird,512,272,000AEEA8,0,1,1,4294967295,0,0
oDoomknocker,1504,272,00282C7A,0,1,1,4294967295,0,0
oPlayer1,1008,304,000C5707,0,1,1,4294967295,0,0
oInvCollPH,880,224,0009FE0C,0,1,1,4294967295,0,0
oInvCollPH,896,224,000CA58F,0,1,1,4294967295,0,0
oInvCollPH,912,224,002BA8CF,0,1,1,4294967295,0,0
oInvCollPH,928,224,0020650B,0,1,1,4294967295,0,0
oInvCollPH,928,208,00069396,0,1,1,4294967295,0,0
oInvCollPH,976,224,00320D92,0,1,1,4294967295,0,0
oInvCollPH,992,224,00193976,0,1,1,4294967295,0,0
oInvCollPH,1008,224,003AD13B,0,1,1,4294967295,0,0
oInvCollPH,1024,224,00215262,0,1,1,4294967295,0,0
oInvCollPH,1024,208,0015F7E8,0,1,1,4294967295,0,0
oInvCollPH,816,160,0000F6AC,0,1,1,4294967295,0,0
oInvCollPH,816,176,00020325,0,1,1,4294967295,0,0
oInvCollPH,816,192,003D6FA8,0,1,1,4294967295,0,0
oInvCollPH,832,192,00002B3C,0,1,1,4294967295,0,0
oInvCollPH,848,192,002A7D6A,0,1,1,4294967295,0,0
oInvCollPH,864,192,00353D9A,0,1,1,4294967295,0,0
oInvCollPH,928,192,00044A6E,0,1,1,4294967295,0,0
oInvCollPH,928,176,0029B159,0,1,1,4294967295,0,0
oInvCollPH,928,160,002983D7,0,1,1,4294967295,0,0
oInvCollPH,928,144,0001AC14,0,1,1,4294967295,0,0
oInvCollPH,976,160,003B0B87,0,1,1,4294967295,0,0
oInvCollPH,976,176,002CE5A4,0,1,1,4294967295,0,0
oInvCollPH,976,192,000E9824,0,1,1,4294967295,0,0
oInvCollPH,1040,192,001EF204,0,1,1,4294967295,0,0
oInvCollPH,1056,192,00192087,0,1,1,4294967295,0,0
oInvCollPH,1072,192,0011DF71,0,1,1,4294967295,0,0
oInvCollPH,1088,192,001B06B0,0,1,1,4294967295,0,0
oInvCollPH,1088,176,003D745C,0,1,1,4294967295,0,0
oInvCollPH,1088,160,001D2737,0,1,1,4294967295,0,0
oInvCollPH,1088,144,00332291,0,1,1,4294967295,0,0
oInvCollPH,672,304,0034483E,0,1,1,4294967295,0,0
oInvCollPH,688,304,0037E547,0,1,1,4294967295,0,0
oInvCollPH,704,304,0017D1B8,0,1,1,4294967295,0,0
oInvCollPH,720,304,0009A6DC,0,1,1,4294967295,0,0
oInvCollPH,736,304,00232364,0,1,1,4294967295,0,0
oInvCollPH,752,304,0039B610,0,1,1,4294967295,0,0
oInvCollPH,768,304,00083F42,0,1,1,4294967295,0,0
oInvCollPH,784,304,0003D472,0,1,1,4294967295,0,0
oInvCollPH,800,304,00390FF7,0,1,1,4294967295,0,0
oInvCollPH,1248,304,0021BEA3,0,1,1,4294967295,0,0
oInvCollPH,1232,304,0028BD5E,0,1,1,4294967295,0,0
oInvCollPH,1216,304,000F617D,0,1,1,4294967295,0,0
oInvCollPH,1200,304,00043FD8,0,1,1,4294967295,0,0
oInvCollPH,1184,304,003A71FF,0,1,1,4294967295,0,0
oInvCollPH,1168,304,001EE30B,0,1,1,4294967295,0,0
oInvCollPH,1152,304,001AF1BE,0,1,1,4294967295,0,0
oInvCollPH,1136,304,0012E132,0,1,1,4294967295,0,0
oInvCollPH,1120,304,002B2749,0,1,1,4294967295,0,0
oInvCollPH,1104,304,00151DBC,0,1,1,4294967295,0,0
oInvCollPH,944,304,001BBBDE,0,1,1,4294967295,0,0
oInvCollPH,960,304,000916FD,0,1,1,4294967295,0,0
oInvCollPH,976,304,001DE87D,0,1,1,4294967295,0,0
oInvCollPH,992,304,000C922C,0,1,1,4294967295,0,0
oInvCollPH,1008,304,0036E68B,0,1,1,4294967295,0,0
oInvCollPH,1024,304,002C9D39,0,1,1,4294967295,0,0
oInvCollPH,1040,304,001C5379,0,1,1,4294967295,0,0
oInvCollPH,1056,304,000D450E,0,1,1,4294967295,0,0
oInvCollPH,1072,304,003CB354,0,1,1,4294967295,0,0
oInvCollPH,1088,304,000A0130,0,1,1,4294967295,0,0
oInvCollPH,816,304,003D7428,0,1,1,4294967295,0,0
oInvCollPH,832,304,00265E5C,0,1,1,4294967295,0,0
oInvCollPH,848,304,00366BF3,0,1,1,4294967295,0,0
oInvCollPH,864,304,003520A6,0,1,1,4294967295,0,0
oInvCollPH,880,304,0009CD91,0,1,1,4294967295,0,0
oInvCollPH,896,304,000142E4,0,1,1,4294967295,0,0
oInvCollPH,912,304,0013E551,0,1,1,4294967295,0,0
oInvCollPH,928,304,00282502,0,1,1,4294967295,0,0
oInvCollPH,576,288,000FE3FA,0,1,1,4294967295,0,0
oInvCollPH,592,288,001CD6DD,0,1,1,4294967295,0,0
oInvCollPH,608,288,00196914,0,1,1,4294967295,0,0
oInvCollPH,624,288,0024C70C,0,1,1,4294967295,0,0
oInvCollPH,640,288,002A26E5,0,1,1,4294967295,0,0
oInvCollPH,480,272,000EBEAA,0,1,1,4294967295,0,0
oInvCollPH,496,272,003AFCF0,0,1,1,4294967295,0,0
oInvCollPH,512,272,003B3418,0,1,1,4294967295,0,0
oInvCollPH,528,272,00137DBC,0,1,1,4294967295,0,0
oInvCollPH,544,272,00048F77,0,1,1,4294967295,0,0
oInvCollPH,384,256,0025FC58,0,1,1,4294967295,0,0
oInvCollPH,400,256,0035C269,0,1,1,4294967295,0,0
oInvCollPH,416,256,002F1DA8,0,1,1,4294967295,0,0
oInvCollPH,432,256,0001C9CD,0,1,1,4294967295,0,0
oInvCollPH,448,256,0008156E,0,1,1,4294967295,0,0
oInvCollPH,352,256,0034395B,0,1,1,4294967295,0,0
oInvCollPH,368,256,00381962,0,1,1,4294967295,0,0
oInvCollPH,336,272,0031577B,0,1,1,4294967295,0,0
oInvCollPH,336,288,00308E5A,0,1,1,4294967295,0,0
oInvCollPH,336,304,000F8E1E,0,1,1,4294967295,0,0
oInvCollPH,336,320,0024756E,0,1,1,4294967295,0,0
oInvCollPH,336,336,002B2EBE,0,1,1,4294967295,0,0
oInvCollPH,160,256,003B971A,0,1,1,4294967295,0,0
oInvCollPH,176,256,0034120A,0,1,1,4294967295,0,0
oInvCollPH,192,256,000F36A7,0,1,1,4294967295,0,0
oInvCollPH,208,256,0024685F,0,1,1,4294967295,0,0
oInvCollPH,224,256,00092BD8,0,1,1,4294967295,0,0
oInvCollPH,240,256,0028D99F,0,1,1,4294967295,0,0
oInvCollPH,256,256,00116DC7,0,1,1,4294967295,0,0
oInvCollPH,256,272,0008512C,0,1,1,4294967295,0,0
oInvCollPH,256,288,000BCBB5,0,1,1,4294967295,0,0
oInvCollPH,256,304,001549F8,0,1,1,4294967295,0,0
oInvCollPH,256,320,000135EC,0,1,1,4294967295,0,0
oInvCollPH,256,336,001177A5,0,1,1,4294967295,0,0
oInvCollPH,0,128,000D07FB,0,1,1,4294967295,0,0
oInvCollPH,16,128,001A0979,0,1,1,4294967295,0,0
oInvCollPH,32,128,001ECCA2,0,1,1,4294967295,0,0
oInvCollPH,48,128,000280E1,0,1,1,4294967295,0,0
oInvCollPH,64,128,001B0C06,0,1,1,4294967295,0,0
oInvCollPH,80,128,002B50CA,0,1,1,4294967295,0,0
oInvCollPH,96,128,0003C8AA,0,1,1,4294967295,0,0
oInvCollPH,112,128,003559FD,0,1,1,4294967295,0,0
oInvCollPH,128,128,001A311F,0,1,1,4294967295,0,0
oInvCollPH,144,128,00274ED0,0,1,1,4294967295,0,0
oInvCollPH,160,128,0000162C,0,1,1,4294967295,0,0
oInvCollPH,176,128,003F06CB,0,1,1,4294967295,0,0
oInvCollPH,192,128,000BEC95,0,1,1,4294967295,0,0
oInvCollPH,208,128,0033ABF4,0,1,1,4294967295,0,0
oInvCollPH,224,128,00165C35,0,1,1,4294967295,0,0
oInvCollPH,240,128,00007518,0,1,1,4294967295,0,0
oInvCollPH,256,128,00291C13,0,1,1,4294967295,0,0
oInvCollPH,272,128,003BE492,0,1,1,4294967295,0,0
oInvCollPH,288,128,0022BEED,0,1,1,4294967295,0,0
oInvCollPH,304,128,0003D7C6,0,1,1,4294967295,0,0
oInvCollPH,320,128,003E0DC0,0,1,1,4294967295,0,0
oInvCollPH,336,128,003D58C6,0,1,1,4294967295,0,0
oInvCollPH,352,128,0001B1E8,0,1,1,4294967295,0,0
oInvCollPH,368,128,00185C76,0,1,1,4294967295,0,0
oInvCollPH,384,128,000938E6,0,1,1,4294967295,0,0
oInvCollPH,400,128,001AA5A7,0,1,1,4294967295,0,0
oInvCollPH,416,128,001E4DDC,0,1,1,4294967295,0,0
oInvCollPH,432,128,0033BA12,0,1,1,4294967295,0,0
oInvCollPH,448,128,002B287F,0,1,1,4294967295,0,0
oInvCollPH,464,128,001C9A8E,0,1,1,4294967295,0,0
oInvCollPH,480,128,0028C1EA,0,1,1,4294967295,0,0
oInvCollPH,496,128,0002871D,0,1,1,4294967295,0,0
oInvCollPH,512,128,0003250D,0,1,1,4294967295,0,0
oInvCollPH,528,128,002BDF20,0,1,1,4294967295,0,0
oInvCollPH,544,128,0018105F,0,1,1,4294967295,0,0
oInvCollPH,560,128,002BE76C,0,1,1,4294967295,0,0
oInvCollPH,576,128,00380ADA,0,1,1,4294967295,0,0
oInvCollPH,592,128,001278C2,0,1,1,4294967295,0,0
oInvCollPH,608,128,0019A413,0,1,1,4294967295,0,0
oInvCollPH,624,128,00095217,0,1,1,4294967295,0,0
oInvCollPH,640,128,001EDE7B,0,1,1,4294967295,0,0
oInvCollPH,656,128,00052C0D,0,1,1,4294967295,0,0
oInvCollPH,672,128,001D442F,0,1,1,4294967295,0,0
oInvCollPH,688,128,000DBBD0,0,1,1,4294967295,0,0
oInvCollPH,704,128,003094AA,0,1,1,4294967295,0,0
oInvCollPH,720,128,00075EC3,0,1,1,4294967295,0,0
oInvCollPH,736,128,0038D8CB,0,1,1,4294967295,0,0
oInvCollPH,752,128,0021E64A,0,1,1,4294967295,0,0
oInvCollPH,768,128,0023BBF4,0,1,1,4294967295,0,0
oInvCollPH,784,128,000E3AD7,0,1,1,4294967295,0,0
oInvCollPH,800,128,002C4ABD,0,1,1,4294967295,0,0
oInvCollPH,928,128,00275D1A,0,1,1,4294967295,0,0
oInvCollPH,928,112,0034A755,0,1,1,4294967295,0,0
oInvCollPH,928,96,0018695F,0,1,1,4294967295,0,0
oInvCollPH,928,80,003D0852,0,1,1,4294967295,0,0
oInvCollPH,1264,304,0022C5C9,0,1,1,4294967295,0,0
oInvCollPH,1280,304,0000F6E0,0,1,1,4294967295,0,0
oInvCollPH,1296,304,000EB156,0,1,1,4294967295,0,0
oInvCollPH,1312,304,00040F18,0,1,1,4294967295,0,0
oInvCollPH,1344,288,00047D12,0,1,1,4294967295,0,0
oInvCollPH,1360,288,0021A80A,0,1,1,4294967295,0,0
oInvCollPH,1376,288,0019BA46,0,1,1,4294967295,0,0
oInvCollPH,1392,288,0026C686,0,1,1,4294967295,0,0
oInvCollPH,1408,288,0037E1AD,0,1,1,4294967295,0,0
oInvCollPH,1440,272,001E233D,0,1,1,4294967295,0,0
oInvCollPH,1456,272,00081390,0,1,1,4294967295,0,0
oInvCollPH,1472,272,002208E7,0,1,1,4294967295,0,0
oInvCollPH,1488,272,0021209D,0,1,1,4294967295,0,0
oInvCollPH,1504,272,00177F57,0,1,1,4294967295,0,0
oInvCollPH,1520,272,003A3EA7,0,1,1,4294967295,0,0
oInvCollPH,1536,272,002F4F74,0,1,1,4294967295,0,0
oInvCollPH,1552,272,000AA67F,0,1,1,4294967295,0,0
oInvCollPH,1568,272,000C269A,0,1,1,4294967295,0,0
oInvCollPH,1600,256,001344A0,0,1,1,4294967295,0,0
oInvCollPH,1616,256,000AF368,0,1,1,4294967295,0,0
oInvCollPH,1632,256,0005FA49,0,1,1,4294967295,0,0
oInvCollPH,1648,256,002EBE99,0,1,1,4294967295,0,0
oInvCollPH,1664,256,0007A4DA,0,1,1,4294967295,0,0
oInvCollPH,1664,272,0000884C,0,1,1,4294967295,0,0
oInvCollPH,1664,288,001FE275,0,1,1,4294967295,0,0
oInvCollPH,1664,304,0014D5C6,0,1,1,4294967295,0,0
oInvCollPH,1664,320,0025A504,0,1,1,4294967295,0,0
oInvCollPH,1664,336,0027C15D,0,1,1,4294967295,0,0
oInvCollPH,1712,272,0010C736,0,1,1,4294967295,0,0
oInvCollPH,1712,288,00181454,0,1,1,4294967295,0,0
oInvCollPH,1712,304,000F8DAC,0,1,1,4294967295,0,0
oInvCollPH,1712,320,0013662B,0,1,1,4294967295,0,0
oInvCollPH,1712,336,002641F3,0,1,1,4294967295,0,0
oInvCollPH,1728,336,000B8264,0,1,1,4294967295,0,0
oInvCollPH,1728,320,002A8F0E,0,1,1,4294967295,0,0
oInvCollPH,1728,304,000285FA,0,1,1,4294967295,0,0
oInvCollPH,1728,288,002D4263,0,1,1,4294967295,0,0
oInvCollPH,1728,272,00012B6D,0,1,1,4294967295,0,0
oInvCollPH,1728,256,0010E863,0,1,1,4294967295,0,0
oInvCollPH,1776,336,002F20F8,0,1,1,4294967295,0,0
oInvCollPH,1776,320,003C1AE6,0,1,1,4294967295,0,0
oInvCollPH,1776,304,0023CA7D,0,1,1,4294967295,0,0
oInvCollPH,1776,288,0030E9B5,0,1,1,4294967295,0,0
oInvCollPH,1776,272,002B71C7,0,1,1,4294967295,0,0
oInvCollPH,1792,256,0003B898,0,1,1,4294967295,0,0
oInvCollPH,1808,256,003C2878,0,1,1,4294967295,0,0
oInvCollPH,1824,256,000479C8,0,1,1,4294967295,0,0
oInvCollPH,1840,256,000ECC0B,0,1,1,4294967295,0,0
oInvCollPH,1856,256,0026ED29,0,1,1,4294967295,0,0
oInvCollPH,1872,256,000A76BB,0,1,1,4294967295,0,0
oInvCollPH,1888,256,002C426E,0,1,1,4294967295,0,0
oInvCollPH,1904,256,003D7CCE,0,1,1,4294967295,0,0
oInvCollPH,976,96,001CADAD,0,1,1,4294967295,0,0
oInvCollPH,976,112,002A546C,0,1,1,4294967295,0,0
oInvCollPH,976,128,00385ACB,0,1,1,4294967295,0,0
oInvCollPH,1104,128,002B1735,0,1,1,4294967295,0,0
oInvCollPH,1120,128,00008396,0,1,1,4294967295,0,0
oInvCollPH,1136,128,00049AA0,0,1,1,4294967295,0,0
oInvCollPH,1152,128,000A4521,0,1,1,4294967295,0,0
oInvCollPH,1168,128,000A9567,0,1,1,4294967295,0,0
oInvCollPH,1184,128,00355FC6,0,1,1,4294967295,0,0
oInvCollPH,1200,128,002E2813,0,1,1,4294967295,0,0
oInvCollPH,1216,128,003E2727,0,1,1,4294967295,0,0
oInvCollPH,1232,128,00256B30,0,1,1,4294967295,0,0
oInvCollPH,1248,128,001730A0,0,1,1,4294967295,0,0
oInvCollPH,1264,128,00107BB5,0,1,1,4294967295,0,0
oInvCollPH,1280,128,001C922E,0,1,1,4294967295,0,0
oInvCollPH,1296,128,002B203F,0,1,1,4294967295,0,0
oInvCollPH,1312,128,000B0A06,0,1,1,4294967295,0,0
oInvCollPH,1328,128,001D7055,0,1,1,4294967295,0,0
oInvCollPH,1344,128,002FC799,0,1,1,4294967295,0,0
oInvCollPH,1360,128,001A42F7,0,1,1,4294967295,0,0
oInvCollPH,1376,128,0001265E,0,1,1,4294967295,0,0
oInvCollPH,1392,128,000B9BFB,0,1,1,4294967295,0,0
oInvCollPH,1408,128,0014FCBE,0,1,1,4294967295,0,0
oInvCollPH,1424,128,002ED3D2,0,1,1,4294967295,0,0
oInvCollPH,1440,128,001A19C7,0,1,1,4294967295,0,0
oInvCollPH,1456,128,003A43DE,0,1,1,4294967295,0,0
oInvCollPH,1472,128,000614FF,0,1,1,4294967295,0,0
oInvCollPH,1488,128,00156FF0,0,1,1,4294967295,0,0
oInvCollPH,1504,128,00268E13,0,1,1,4294967295,0,0
oInvCollPH,1520,128,001D1081,0,1,1,4294967295,0,0
oInvCollPH,1536,128,00181CF9,0,1,1,4294967295,0,0
oInvCollPH,1552,128,00356030,0,1,1,4294967295,0,0
oInvCollPH,1568,128,000ED13F,0,1,1,4294967295,0,0
oInvCollPH,1584,128,002DBFC0,0,1,1,4294967295,0,0
oInvCollPH,1600,128,0004B09E,0,1,1,4294967295,0,0
oInvCollPH,1616,128,002B15CA,0,1,1,4294967295,0,0
oInvCollPH,1632,128,003C35FB,0,1,1,4294967295,0,0
oInvCollPH,1648,128,0022BDB4,0,1,1,4294967295,0,0
oInvCollPH,1664,128,002202D3,0,1,1,4294967295,0,0
oInvCollPH,1680,128,0028722C,0,1,1,4294967295,0,0
oInvCollPH,1696,128,002D38E3,0,1,1,4294967295,0,0
oInvCollPH,1712,128,0009060E,0,1,1,4294967295,0,0
oInvCollPH,1728,128,0038D40D,0,1,1,4294967295,0,0
oInvCollPH,1744,128,00343F49,0,1,1,4294967295,0,0
oInvCollPH,1760,128,0034FE8B,0,1,1,4294967295,0,0
oInvCollPH,1776,128,0023B6F0,0,1,1,4294967295,0,0
oInvCollPH,1792,128,003FD64F,0,1,1,4294967295,0,0
oInvCollPH,1808,128,001AFDA0,0,1,1,4294967295,0,0
oInvCollPH,1824,128,002A368B,0,1,1,4294967295,0,0
oInvCollPH,1840,128,0008DA86,0,1,1,4294967295,0,0
oInvCollPH,1856,128,000C378B,0,1,1,4294967295,0,0
oInvCollPH,1872,128,00302ACE,0,1,1,4294967295,0,0
oInvCollPH,1888,128,00261B81,0,1,1,4294967295,0,0
oInvCollPH,1904,128,0005CB79,0,1,1,4294967295,0,0
oInvCollSH,16,264,001CB71E,0,1,1,4294967295,0,0
oInvCollSH,32,264,000BD8F8,0,1,1,4294967295,0,0
oInvCollSH,48,264,003B1C46,0,1,1,4294967295,0,0
oInvCollSH,64,264,001CFBFD,0,1,1,4294967295,0,0
oInvCollSH,80,264,002E93E9,0,1,1,4294967295,0,0
oInvCollSH,96,264,0008E818,0,1,1,4294967295,0,0
oInvCollSH,112,264,001F477E,0,1,1,4294967295,0,0
oInvCollSH,128,264,0007EEFB,0,1,1,4294967295,0,0
oInvisibleSolid,880,208,002460BD,0,1,1,4294967295,0,1
oInvisibleSolid,976,208,000CC8BE,0,1,1,4294967295,0,1
oInvisibleSolid,816,144,0016EC44,0,1,1,4294967295,0,1
oInvisibleSolid,976,144,00345964,0,1,1,4294967295,0,1
oInvisibleSolid,976,80,000E307B,0,1,1,4294967295,0,1
oInvisibleSolid,656,304,003CF573,0,1,1,4294967295,0,1
oInvisibleSolid,560,288,003731E9,0,1,1,4294967295,0,1
oInvisibleSolid,464,272,003F87CB,0,1,1,4294967295,0,1
oInvisibleSolid,336,256,00371822,0,1,1,4294967295,0,1
oInvisibleSlimSolid,0,264,000D2414,0,1,1,4294967295,0,1
oInvisibleSolid,144,256,002E1480,0,1,1,4294967295,0,1
oInvisibleSolid,0,80,000CBBDA,0,1,1,4294967295,0,1
oInvisibleSolid,1328,288,0029D983,0,1,1,4294967295,0,1
oInvisibleSolid,1424,272,002A384E,0,1,1,4294967295,0,1
oInvisibleSolid,1584,256,000B4FF2,0,1,1,4294967295,0,1
oInvisibleSolid,1712,256,0019C1A2,0,1,1,4294967295,0,1
oInvisibleSolid,1776,256,0033A598,0,1,1,4294967295,0,1
oInvisibleSolid,928,0,0008E93B,0,1,1,4294967295,0,1
oInvisibleSolid,976,0,00130866,0,1,1,4294967295,0,1
