oExit,0,1680,001CB2CC,0,1,1,4294967295,0,1
oExit,464,80,003061B8,0,1,1,4294967295,0,1
oExit,0,80,0016AB35,0,1,1,4294967295,0,1
oExit,464,1488,00026604,0,1,1,4294967295,0,1
oMissilePack,320,368,0035A725,0,1,1,4294967295,0,1
oWeaponLevelUpgrade,352,224,002C9D77,0,1,1,4294967295,0,1
oMetGeemer,320,1264,0027888C,0,1,1,4294967295,0,1
oMetGeemer,128,960,00397E17,0,1,1,4294967295,0,1
oMetGeemer,48,576,002C4FD1,0,1,1,4294967295,0,1
oMetGeemer,208,176,0001C2B8,0,1,1,4294967295,0,1
oMetSkree,288,912,0029D062,0,1,1,4294967295,0,0
oMetSkree,224,592,0010E787,0,1,1,4294967295,0,0
oMetSkree,256,48,000E3CF6,0,1,1,4294967295,0,0
oMetRipper,144,880,00338581,0,1,1,4294967295,0,1
oMetRipper,224,1312,001B31D2,0,1,1,4294967295,0,1
oMetRipper,168,280,0013F21C,0,1,1,4294967295,0,1
oPlayer1,64,1712,00307F8B,0,1,1,4294967295,0,0
oMetroidDoorHolder,16,1680,00349EB5,0,1,1,4294967295,0,1
oMetroidDoorHolder,448,80,0027DA5F,0,1,1,4294967295,0,1
oMetroidDoorHolder,16,80,0026E82A,0,1,1,4294967295,0,1
oMetroidDoorHolder,448,1488,002314CB,0,1,1,4294967295,0,1
oBreakableMetroidWall,208,1520,000B945E,0,1,1,4294967295,0,1
oBreakableMetroidWall,160,1408,00249FB5,0,1,1,4294967295,0,1
oBreakableMetroidWall,176,1264,00297EB8,0,1,1,4294967295,0,1
oBreakableMetroidWall,224,1264,00070ACB,0,1,1,4294967295,0,1
oBreakableMetroidWall,112,1168,0015B8A1,0,1,1,4294967295,0,1
oBreakableMetroidWall,96,1168,002BFDBC,0,1,1,4294967295,0,1
oBreakableMetroidWall,96,1072,00006B32,0,1,1,4294967295,0,1
oBreakableMetroidWall,112,1072,0029C722,0,1,1,4294967295,0,1
oBreakableMetroidWall,192,1024,002CC937,0,1,1,4294967295,0,1
oBreakableMetroidWall,208,1024,002A74A4,0,1,1,4294967295,0,1
oBreakableMetroidWall,96,976,001249B2,0,1,1,4294967295,0,1
oBreakableMetroidWall,112,976,001DCC0B,0,1,1,4294967295,0,1
oBreakableMetroidWall,320,688,00043A75,0,1,1,4294967295,0,1
oBreakableMetroidWall,336,688,003B5F6D,0,1,1,4294967295,0,1
oBreakableMetroidWall,288,496,00106CF4,0,1,1,4294967295,0,1
oBreakableMetroidWall,304,496,001B1861,0,1,1,4294967295,0,1
oBreakableMetroidWall,272,1168,00207E14,0,1,1,4294967295,0,1
oBreakableMetroidWall,368,224,00033A17,0,1,1,4294967295,0,1
oInvCollPH,320,1184,003B431E,0,1,1,4294967295,0,0
oInvCollPH,208,192,003931D5,0,1,1,4294967295,0,0
oInvCollPH,224,192,0017932D,0,1,1,4294967295,0,0
oInvCollPH,176,1600,0009B293,0,1,1,4294967295,0,0
oInvCollPH,192,1600,0017B000,0,1,1,4294967295,0,0
oInvCollPH,208,1600,002CD1FC,0,1,1,4294967295,0,0
oInvCollPH,144,1408,00249B56,0,1,1,4294967295,0,0
oInvCollPH,240,1520,001CFB83,0,1,1,4294967295,0,0
oInvCollPH,208,1264,0026923D,0,1,1,4294967295,0,0
oInvCollPH,304,1168,0000BB6D,0,1,1,4294967295,0,0
oInvCollPH,320,1168,001AD194,0,1,1,4294967295,0,0
oInvCollPH,144,976,00236501,0,1,1,4294967295,0,0
oInvCollPH,64,896,003249C1,0,1,1,4294967295,0,0
oInvCollPH,288,1040,000EC905,0,1,1,4294967295,0,0
oInvCollPH,144,704,001FCD17,0,1,1,4294967295,0,0
oInvCollPH,160,704,0006845D,0,1,1,4294967295,0,0
oInvCollPH,176,704,0023E07C,0,1,1,4294967295,0,0
oInvCollPH,224,832,0010095B,0,1,1,4294967295,0,0
oInvCollPH,336,16,001CA4E4,0,1,1,4294967295,0,0
oInvCollPH,352,16,003897DE,0,1,1,4294967295,0,0
oInvCollPH,368,16,002E26AF,0,1,1,4294967295,0,0
oInvCollPH,400,32,002B7D06,0,1,1,4294967295,0,0
oInvCollPH,416,32,002022C6,0,1,1,4294967295,0,0
oInvCollPH,432,32,00398285,0,1,1,4294967295,0,0
oInvCollPH,448,32,0008962D,0,1,1,4294967295,0,0
oInvCollPH,464,32,001254FF,0,1,1,4294967295,0,0
oInvCollPH,112,48,000D95C9,0,1,1,4294967295,0,0
oInvCollPH,128,48,0039A0CC,0,1,1,4294967295,0,0
oInvCollPH,144,48,0030C3EF,0,1,1,4294967295,0,0
oInvCollPH,160,48,002CEE87,0,1,1,4294967295,0,0
oInvCollPH,0,32,0002B28B,0,1,1,4294967295,0,0
oInvCollPH,16,32,002B5F55,0,1,1,4294967295,0,0
oInvCollPH,32,32,000F607D,0,1,1,4294967295,0,0
oInvCollPH,48,32,0017AFD2,0,1,1,4294967295,0,0
oInvCollPH,64,32,00148393,0,1,1,4294967295,0,0
oInvCollPH,176,32,002C8394,0,1,1,4294967295,0,0
oInvCollPH,192,32,001A010E,0,1,1,4294967295,0,0
oInvCollPH,240,32,000A75F1,0,1,1,4294967295,0,0
oInvCollPH,256,32,00337DF5,0,1,1,4294967295,0,0
oInvCollPH,16,1632,0010A1B1,0,1,1,4294967295,0,0
oInvCollPH,32,1632,002602AB,0,1,1,4294967295,0,0
oInvCollPH,64,1536,003F750A,0,1,1,4294967295,0,0
oInvCollPH,64,1552,001C5985,0,1,1,4294967295,0,0
oInvCollPH,64,1568,001887BB,0,1,1,4294967295,0,0
oInvCollPH,64,1584,000C039E,0,1,1,4294967295,0,0
oInvCollPH,64,1600,002D214A,0,1,1,4294967295,0,0
oInvCollPH,64,1616,0037019E,0,1,1,4294967295,0,0
oInvCollPH,48,1328,001BD1D7,0,1,1,4294967295,0,0
oInvCollPH,64,1328,000DB2BF,0,1,1,4294967295,0,0
oInvCollPH,80,1328,0006092F,0,1,1,4294967295,0,0
oInvCollPH,112,1344,000A97B8,0,1,1,4294967295,0,0
oInvCollPH,112,1360,003D8C7F,0,1,1,4294967295,0,0
oInvCollPH,112,1376,0038A624,0,1,1,4294967295,0,0
oInvCollPH,112,1392,001963BC,0,1,1,4294967295,0,0
oInvCollPH,112,1440,000A2173,0,1,1,4294967295,0,0
oInvCollPH,112,1456,0032DAE8,0,1,1,4294967295,0,0
oInvCollPH,112,1472,00240661,0,1,1,4294967295,0,0
oInvCollPH,112,1488,000A58E0,0,1,1,4294967295,0,0
oInvCollPH,80,464,003ADE10,0,1,1,4294967295,0,0
oInvCollPH,64,384,00272882,0,1,1,4294967295,0,0
oInvCollPH,80,384,002DEF77,0,1,1,4294967295,0,0
oInvCollPH,96,384,00398FB1,0,1,1,4294967295,0,0
oInvCollPH,112,384,00281FE5,0,1,1,4294967295,0,0
oInvCollPH,112,400,001AF833,0,1,1,4294967295,0,0
oInvCollPH,112,416,000F10D0,0,1,1,4294967295,0,0
oInvCollPH,112,432,000B8DC5,0,1,1,4294967295,0,0
oInvCollPH,112,448,0002D9DA,0,1,1,4294967295,0,0
oInvCollPH,48,304,0027FB57,0,1,1,4294967295,0,0
oInvCollPH,48,320,0037608D,0,1,1,4294967295,0,0
oInvCollPH,48,336,001D6600,0,1,1,4294967295,0,0
oInvCollPH,48,352,00390C11,0,1,1,4294967295,0,0
oInvCollPH,48,368,0035E848,0,1,1,4294967295,0,0
oInvCollPH,80,240,002521FC,0,1,1,4294967295,0,0
oInvCollPH,80,256,0016085E,0,1,1,4294967295,0,0
oInvCollPH,80,272,00226C17,0,1,1,4294967295,0,0
oInvCollPH,80,288,002B609B,0,1,1,4294967295,0,0
oInvCollPH,64,288,000C87DF,0,1,1,4294967295,0,0
oInvCollPH,16,112,00394737,0,1,1,4294967295,0,0
oInvCollPH,32,112,003F86DB,0,1,1,4294967295,0,0
oInvCollPH,48,112,00203ECA,0,1,1,4294967295,0,0
oInvCollPH,64,112,000B6EDF,0,1,1,4294967295,0,0
oInvCollPH,112,144,000E3070,0,1,1,4294967295,0,0
oInvCollPH,112,160,002467DD,0,1,1,4294967295,0,0
oInvCollPH,112,176,001421D7,0,1,1,4294967295,0,0
oInvCollPH,112,192,000D1903,0,1,1,4294967295,0,0
oInvCollPH,112,208,000025A2,0,1,1,4294967295,0,0
oInvCollPH,32,512,0032E970,0,1,1,4294967295,0,0
oInvCollPH,32,528,001486CD,0,1,1,4294967295,0,0
oInvCollPH,32,544,0004194F,0,1,1,4294967295,0,0
oInvCollPH,32,560,0029DA7C,0,1,1,4294967295,0,0
oInvCollPH,32,576,0032D667,0,1,1,4294967295,0,0
oInvCollPH,32,592,00090E0B,0,1,1,4294967295,0,0
oInvCollPH,32,608,0025103F,0,1,1,4294967295,0,0
oInvCollPH,32,624,00258671,0,1,1,4294967295,0,0
oInvCollPH,32,640,0000AFFF,0,1,1,4294967295,0,0
oInvCollPH,32,656,00260A0B,0,1,1,4294967295,0,0
oInvCollPH,32,672,001C14D8,0,1,1,4294967295,0,0
oInvCollPH,32,688,00097565,0,1,1,4294967295,0,0
oInvCollPH,32,704,00139637,0,1,1,4294967295,0,0
oInvCollPH,32,720,00122AE2,0,1,1,4294967295,0,0
oInvCollPH,32,736,000AEB2F,0,1,1,4294967295,0,0
oInvCollPH,32,752,00052062,0,1,1,4294967295,0,0
oInvCollPH,32,768,002B7207,0,1,1,4294967295,0,0
oInvCollPH,32,784,00220D2A,0,1,1,4294967295,0,0
oInvCollPH,32,800,002782A5,0,1,1,4294967295,0,0
oInvCollPH,32,816,00278445,0,1,1,4294967295,0,0
oInvCollPH,32,832,000EBC0A,0,1,1,4294967295,0,0
oInvCollPH,32,848,00138EF2,0,1,1,4294967295,0,0
oInvCollPH,32,864,00270AD4,0,1,1,4294967295,0,0
oInvCollPH,32,880,00258886,0,1,1,4294967295,0,0
oInvCollPH,32,928,000D3B95,0,1,1,4294967295,0,0
oInvCollPH,32,944,000878C9,0,1,1,4294967295,0,0
oInvCollPH,32,960,00271455,0,1,1,4294967295,0,0
oInvCollPH,32,976,002CAC05,0,1,1,4294967295,0,0
oInvCollPH,32,992,002C82FD,0,1,1,4294967295,0,0
oInvCollPH,32,1008,0039D912,0,1,1,4294967295,0,0
oInvCollPH,32,1024,0014D934,0,1,1,4294967295,0,0
oInvCollPH,32,1040,000464A7,0,1,1,4294967295,0,0
oInvCollPH,32,1056,00256C95,0,1,1,4294967295,0,0
oInvCollPH,32,1072,00279248,0,1,1,4294967295,0,0
oInvCollPH,32,1088,003AA2F0,0,1,1,4294967295,0,0
oInvCollPH,32,1104,0028A920,0,1,1,4294967295,0,0
oInvCollPH,32,1120,002AB8F3,0,1,1,4294967295,0,0
oInvCollPH,32,1136,001C8479,0,1,1,4294967295,0,0
oInvCollPH,32,1152,0001196B,0,1,1,4294967295,0,0
oInvCollPH,32,1168,001D13AD,0,1,1,4294967295,0,0
oInvCollPH,32,1184,002678BC,0,1,1,4294967295,0,0
oInvCollPH,32,1200,003F96CC,0,1,1,4294967295,0,0
oInvCollPH,32,1216,0004E7A5,0,1,1,4294967295,0,0
oInvCollPH,32,1232,0022491F,0,1,1,4294967295,0,0
oInvCollPH,32,1248,0034FFA4,0,1,1,4294967295,0,0
oInvCollPH,32,1264,0002BA66,0,1,1,4294967295,0,0
oInvCollPH,32,1280,00376C19,0,1,1,4294967295,0,0
oInvCollPH,32,1296,001D118A,0,1,1,4294967295,0,0
oInvCollPH,32,1312,00142A94,0,1,1,4294967295,0,0
oInvCollPH,16,1712,002D5178,0,1,1,4294967295,0,0
oInvCollPH,32,1712,003DEA2F,0,1,1,4294967295,0,0
oInvCollPH,48,1712,001B86F6,0,1,1,4294967295,0,0
oInvCollPH,64,1712,000CDEBE,0,1,1,4294967295,0,0
oInvCollPH,80,1712,001B6605,0,1,1,4294967295,0,0
oInvCollPH,128,1696,00131C60,0,1,1,4294967295,0,0
oInvCollPH,144,1696,000A4183,0,1,1,4294967295,0,0
oInvCollPH,192,1680,00110D55,0,1,1,4294967295,0,0
oInvCollPH,208,1680,00145818,0,1,1,4294967295,0,0
oInvCollPH,224,1680,000BEF8E,0,1,1,4294967295,0,0
oInvCollPH,240,1680,00368A3B,0,1,1,4294967295,0,0
oInvCollPH,256,1680,00103E30,0,1,1,4294967295,0,0
oInvCollPH,272,1680,00207FFC,0,1,1,4294967295,0,0
oInvCollPH,272,1488,00054387,0,1,1,4294967295,0,0
oInvCollPH,256,1504,00226381,0,1,1,4294967295,0,0
oInvCollPH,256,1520,003E91F4,0,1,1,4294967295,0,0
oInvCollPH,272,1520,0036E03B,0,1,1,4294967295,0,0
oInvCollPH,288,1536,000418AB,0,1,1,4294967295,0,0
oInvCollPH,288,1552,000FA8BF,0,1,1,4294967295,0,0
oInvCollPH,288,1568,001EB2AC,0,1,1,4294967295,0,0
oInvCollPH,368,1680,00403805,0,1,1,4294967295,0,0
oInvCollPH,352,1680,00009FDF,0,1,1,4294967295,0,0
oInvCollPH,336,1680,00238F7C,0,1,1,4294967295,0,0
oInvCollPH,320,1680,0015E971,0,1,1,4294967295,0,0
oInvCollPH,304,1680,003ECE93,0,1,1,4294967295,0,0
oInvCollPH,288,1680,00289F9A,0,1,1,4294967295,0,0
oInvCollPH,304,1408,001CDC0D,0,1,1,4294967295,0,0
oInvCollPH,304,1424,00174546,0,1,1,4294967295,0,0
oInvCollPH,304,1440,00398AD6,0,1,1,4294967295,0,0
oInvCollPH,304,1472,00329E27,0,1,1,4294967295,0,0
oInvCollPH,352,1136,00246122,0,1,1,4294967295,0,0
oInvCollPH,368,1136,000E04C9,0,1,1,4294967295,0,0
oInvCollPH,384,1136,00198C1A,0,1,1,4294967295,0,0
oInvCollPH,400,1136,00383E4B,0,1,1,4294967295,0,0
oInvCollPH,336,1152,003A198A,0,1,1,4294967295,0,0
oInvCollPH,336,1200,0012AD2A,0,1,1,4294967295,0,0
oInvCollPH,336,1216,00255C7F,0,1,1,4294967295,0,0
oInvCollPH,336,1264,00336345,0,1,1,4294967295,0,0
oInvCollPH,336,1248,00372C88,0,1,1,4294967295,0,0
oInvCollPH,336,1232,003DC7FE,0,1,1,4294967295,0,0
oInvCollPH,336,1280,00274DDA,0,1,1,4294967295,0,0
oInvCollPH,336,1296,0011585E,0,1,1,4294967295,0,0
oInvCollPH,368,928,001E338D,0,1,1,4294967295,0,0
oInvCollPH,368,944,00289872,0,1,1,4294967295,0,0
oInvCollPH,368,960,0026E67B,0,1,1,4294967295,0,0
oInvCollPH,368,976,00155D9A,0,1,1,4294967295,0,0
oInvCollPH,416,1024,002BC73C,0,1,1,4294967295,0,0
oInvCollPH,416,1040,0014CD12,0,1,1,4294967295,0,0
oInvCollPH,416,1056,003DE993,0,1,1,4294967295,0,0
oInvCollPH,416,1072,000CD6DA,0,1,1,4294967295,0,0
oInvCollPH,416,1088,00166F45,0,1,1,4294967295,0,0
oInvCollPH,416,1104,0002A23D,0,1,1,4294967295,0,0
oInvCollPH,416,1120,0002FA28,0,1,1,4294967295,0,0
oInvCollPH,304,576,0008EDE5,0,1,1,4294967295,0,0
oInvCollPH,304,592,00380D14,0,1,1,4294967295,0,0
oInvCollPH,304,608,003611AC,0,1,1,4294967295,0,0
oInvCollPH,304,624,000E5397,0,1,1,4294967295,0,0
oInvCollPH,304,640,00095659,0,1,1,4294967295,0,0
oInvCollPH,304,656,003004A9,0,1,1,4294967295,0,0
oInvCollPH,272,656,00240B04,0,1,1,4294967295,0,0
oInvCollPH,272,640,000BB997,0,1,1,4294967295,0,0
oInvCollPH,272,624,003D08DC,0,1,1,4294967295,0,0
oInvCollPH,256,752,0032F201,0,1,1,4294967295,0,0
oInvCollPH,272,752,0037A840,0,1,1,4294967295,0,0
oInvCollPH,288,752,00384905,0,1,1,4294967295,0,0
oInvCollPH,304,752,0009F12A,0,1,1,4294967295,0,0
oInvCollPH,320,752,00015021,0,1,1,4294967295,0,0
oInvCollPH,336,752,0023583C,0,1,1,4294967295,0,0
oInvCollPH,384,576,002C550A,0,1,1,4294967295,0,0
oInvCollPH,384,592,00235516,0,1,1,4294967295,0,0
oInvCollPH,384,608,00192D10,0,1,1,4294967295,0,0
oInvCollPH,384,624,00100BC9,0,1,1,4294967295,0,0
oInvCollPH,384,640,002E27E0,0,1,1,4294967295,0,0
oInvCollPH,352,672,0039A315,0,1,1,4294967295,0,0
oInvCollPH,352,688,003C738E,0,1,1,4294967295,0,0
oInvCollPH,352,704,0000319B,0,1,1,4294967295,0,0
oInvCollPH,352,720,000F1561,0,1,1,4294967295,0,0
oInvCollPH,352,736,002F7DEB,0,1,1,4294967295,0,0
oInvCollPH,368,656,000009BA,0,1,1,4294967295,0,0
oInvCollPH,240,768,00147DF4,0,1,1,4294967295,0,0
oInvCollPH,240,784,002F0378,0,1,1,4294967295,0,0
oInvCollPH,240,800,0001A4CA,0,1,1,4294967295,0,0
oInvCollPH,240,816,00215CF3,0,1,1,4294967295,0,0
oInvCollPH,240,864,002BCA78,0,1,1,4294967295,0,0
oInvCollPH,240,880,00084213,0,1,1,4294967295,0,0
oInvCollPH,240,896,0026B119,0,1,1,4294967295,0,0
oInvCollPH,256,896,002C617E,0,1,1,4294967295,0,0
oInvCollPH,272,896,002A80CD,0,1,1,4294967295,0,0
oInvCollPH,288,896,0001195A,0,1,1,4294967295,0,0
oInvCollPH,304,896,003739F8,0,1,1,4294967295,0,0
oInvCollPH,320,896,00198F34,0,1,1,4294967295,0,0
oInvCollPH,336,896,00038F9C,0,1,1,4294967295,0,0
oInvCollPH,352,896,0002CE1C,0,1,1,4294967295,0,0
oInvCollPH,336,464,0005FFB3,0,1,1,4294967295,0,0
oInvCollPH,320,480,000C576A,0,1,1,4294967295,0,0
oInvCollPH,320,496,002EA96C,0,1,1,4294967295,0,0
oInvCollPH,336,496,0033179F,0,1,1,4294967295,0,0
oInvCollPH,240,416,0003FAF0,0,1,1,4294967295,0,0
oInvCollPH,240,432,0032FF42,0,1,1,4294967295,0,0
oInvCollPH,240,448,003BFE64,0,1,1,4294967295,0,0
oInvCollPH,272,448,0018507A,0,1,1,4294967295,0,0
oInvCollPH,272,432,000F1D81,0,1,1,4294967295,0,0
oInvCollPH,272,416,001DC3BE,0,1,1,4294967295,0,0
oInvCollPH,272,400,001EFDF9,0,1,1,4294967295,0,0
oInvCollPH,400,352,0002673A,0,1,1,4294967295,0,0
oInvCollPH,400,368,002B266F,0,1,1,4294967295,0,0
oInvCollPH,400,384,000B23F5,0,1,1,4294967295,0,0
oInvCollPH,400,400,0034864A,0,1,1,4294967295,0,0
oInvCollPH,384,416,0013E103,0,1,1,4294967295,0,0
oInvCollPH,368,432,001A4B1B,0,1,1,4294967295,0,0
oInvCollPH,368,448,002E6891,0,1,1,4294967295,0,0
oInvCollPH,352,512,002CE7C9,0,1,1,4294967295,0,0
oInvCollPH,352,528,0026AE03,0,1,1,4294967295,0,0
oInvCollPH,352,544,0011476F,0,1,1,4294967295,0,0
oInvCollPH,192,480,0037A9FC,0,1,1,4294967295,0,0
oInvCollPH,192,496,003C3029,0,1,1,4294967295,0,0
oInvCollPH,192,512,0035F701,0,1,1,4294967295,0,0
oInvCollPH,208,464,00002C93,0,1,1,4294967295,0,0
oInvCollPH,224,464,0030CDD6,0,1,1,4294967295,0,0
oInvCollPH,272,480,000113DA,0,1,1,4294967295,0,0
oInvCollPH,272,496,00329BDF,0,1,1,4294967295,0,0
oInvCollPH,272,512,003682F4,0,1,1,4294967295,0,0
oInvCollPH,272,528,001A2F2B,0,1,1,4294967295,0,0
oInvCollPH,272,544,00344216,0,1,1,4294967295,0,0
oInvCollPH,192,528,0032A780,0,1,1,4294967295,0,0
oInvCollPH,192,544,000A0436,0,1,1,4294967295,0,0
oInvCollPH,192,560,002000FE,0,1,1,4294967295,0,0
oInvCollPH,192,576,000B3D9E,0,1,1,4294967295,0,0
oInvCollPH,208,576,0039E0FA,0,1,1,4294967295,0,0
oInvCollPH,224,576,00011092,0,1,1,4294967295,0,0
oInvCollPH,272,464,000DE8B2,0,1,1,4294967295,0,0
oInvCollPH,384,128,002B1A32,0,1,1,4294967295,0,0
oInvCollPH,384,144,00038548,0,1,1,4294967295,0,0
oInvCollPH,400,112,003A4B78,0,1,1,4294967295,0,0
oInvCollPH,416,112,000D136D,0,1,1,4294967295,0,0
oInvCollPH,432,112,00015EA0,0,1,1,4294967295,0,0
oInvCollPH,448,112,00345A52,0,1,1,4294967295,0,0
oInvCollPH,464,112,002C2340,0,1,1,4294967295,0,0
oInvCollPH,352,160,00317B3B,0,1,1,4294967295,0,0
oInvCollPH,368,160,003FEF32,0,1,1,4294967295,0,0
oInvCollPH,336,176,001A2D1B,0,1,1,4294967295,0,0
oInvCollPH,336,192,00180EAF,0,1,1,4294967295,0,0
oInvCollPH,352,320,0012AB9C,0,1,1,4294967295,0,0
oInvCollPH,368,320,00153D55,0,1,1,4294967295,0,0
oInvCollPH,384,320,00162DA3,0,1,1,4294967295,0,0
oInvCollPH,320,304,0015E663,0,1,1,4294967295,0,0
oInvCollPH,208,336,001B6DCB,0,1,1,4294967295,0,0
oInvCollPH,208,352,0007856B,0,1,1,4294967295,0,0
oInvCollPH,208,368,002EE098,0,1,1,4294967295,0,0
oInvCollPH,208,384,000929AB,0,1,1,4294967295,0,0
oInvCollPH,272,384,003DA984,0,1,1,4294967295,0,0
oInvCollPH,272,368,004016C6,0,1,1,4294967295,0,0
oInvCollPH,272,352,000E0808,0,1,1,4294967295,0,0
oInvCollPH,160,544,000302D3,0,1,1,4294967295,0,0
oInvCollPH,96,608,0036A41E,0,1,1,4294967295,0,0
oInvCollPH,320,272,002AA6D2,0,1,1,4294967295,0,0
oInvCollPH,288,1584,001C9B0D,0,1,1,4294967295,0,0
oInvCollPH,288,1600,0033DE11,0,1,1,4294967295,0,0
oInvCollPH,304,1600,0023E9A0,0,1,1,4294967295,0,0
oInvCollPH,320,1600,00288577,0,1,1,4294967295,0,0
oInvCollPH,336,1600,0033DB4E,0,1,1,4294967295,0,0
oInvCollPH,336,1584,00132F65,0,1,1,4294967295,0,0
oInvCollPH,336,1568,002A7CB3,0,1,1,4294967295,0,0
oInvCollPH,336,1552,0020E1F5,0,1,1,4294967295,0,0
oInvCollPH,336,1536,00335745,0,1,1,4294967295,0,0
oInvCollPH,336,1520,003848E8,0,1,1,4294967295,0,0
oInvCollPH,336,1504,000439D2,0,1,1,4294967295,0,0
oInvCollPH,336,1488,0012DCD3,0,1,1,4294967295,0,0
oInvCollPH,336,1472,00142AC0,0,1,1,4294967295,0,0
oInvCollPH,336,1456,0023B9E1,0,1,1,4294967295,0,0
oInvCollPH,432,1520,00184304,0,1,1,4294967295,0,0
oInvCollPH,448,1520,001586D8,0,1,1,4294967295,0,0
oInvCollPH,464,1520,00253D08,0,1,1,4294967295,0,0
oInvCollPH,384,1568,00194659,0,1,1,4294967295,0,0
oInvCollPH,384,1584,000CEA99,0,1,1,4294967295,0,0
oInvCollPH,384,1600,000513B9,0,1,1,4294967295,0,0
oInvCollPH,384,1616,002A10C1,0,1,1,4294967295,0,0
oInvCollPH,384,1632,0029CBA6,0,1,1,4294967295,0,0
oInvCollPH,384,1648,001C01AF,0,1,1,4294967295,0,0
oInvCollPH,384,1664,002DB79F,0,1,1,4294967295,0,0
oInvCollPH,352,1440,002A4659,0,1,1,4294967295,0,0
oInvCollPH,368,1440,00283B21,0,1,1,4294967295,0,0
oInvCollPH,464,1440,000FF61C,0,1,1,4294967295,0,0
oInvCollPH,448,1440,000992FD,0,1,1,4294967295,0,0
oInvCollPH,432,1440,0010237B,0,1,1,4294967295,0,0
oInvCollPH,416,1440,0021B2B7,0,1,1,4294967295,0,0
oInvCollPH,400,1440,0032E92C,0,1,1,4294967295,0,0
oInvCollPH,384,1440,001599CE,0,1,1,4294967295,0,0
oInvCollPH,368,240,00340B74,0,1,1,4294967295,0,0
oInvisibleRupSlope,96,1696,00359D30,0,1,1,4294967295,0,0
oInvisibleRupSlope,160,1680,003BEF99,0,1,1,4294967295,0,0
oInvisibleRupSlope,272,1360,0001D4CE,0,1,1,4294967295,0,0
oInvisibleRupSlope,288,1344,00196325,0,1,1,4294967295,0,0
oInvisibleRupSlope,304,1328,000ECDDD,0,1,1,4294967295,0,0
oInvisibleRupSlope,320,1312,0022632F,0,1,1,4294967295,0,0
oInvisibleRupSlope,224,304,0020CD36,0,1,1,4294967295,0,0
oInvisibleRupSlope,256,288,003DC477,0,1,1,4294967295,0,0
oInvisibleRupSlope,288,256,003A02E5,0,1,1,4294967295,0,0
oInvisibleLupSlope,96,1328,00196EFB,0,1,1,4294967295,0,0
oInvisibleLupSlope,288,560,00306F4E,0,1,1,4294967295,0,0
oInvisibleLupSlope,96,128,0004FB1D,0,1,1,4294967295,0,0
oInvisibleLupSlope,80,112,0040350F,0,1,1,4294967295,0,0
oInvisibleRCeilingSlope,384,32,0020116F,0,1,1,4294967295,0,0
oInvisibleRCeilingSlope,272,48,00296CBD,0,1,1,4294967295,0,0
oInvisibleRCeilingSlope,208,48,00302B74,0,1,1,4294967295,0,0
oInvisibleRCeilingSlope,80,48,000A2741,0,1,1,4294967295,0,0
oInvisibleRCeilingSlope,352,204,003767E7,0,1,1,4294967295,0,0
oInvisibleRCeilingSlope,192,208,00094B59,0,1,1,4294967295,0,0
oInvisibleRCeilingSlope,336,320,003A5832,0,1,1,4294967295,0,0
oInvisibleRCeilingSlope,368,560,0019F9BE,0,1,1,4294967295,0,0
oInvisibleRCeilingSlope,224,400,000CEE0C,0,1,1,4294967295,0,0
oInvisibleRCeilingSlope,240,592,0023DB07,0,1,1,4294967295,0,0
oInvisibleRCeilingSlope,256,608,001BE0EE,0,1,1,4294967295,0,0
oInvisibleRCeilingSlope,208,848,002D46ED,0,1,1,4294967295,0,0
oInvisibleRCeilingSlope,144,720,003A1138,0,1,1,4294967295,0,0
oInvisibleRCeilingSlope,128,992,0014F34F,0,1,1,4294967295,0,0
oInvisibleRCeilingSlope,272,1056,00350120,0,1,1,4294967295,0,0
oInvisibleRCeilingSlope,384,992,002F243D,0,1,1,4294967295,0,0
oInvisibleRCeilingSlope,400,1008,00026B1E,0,1,1,4294967295,0,0
oInvisibleRCeilingSlope,288,1184,0001947E,0,1,1,4294967295,0,0
oInvisibleRCeilingSlope,192,1280,0037407C,0,1,1,4294967295,0,0
oInvisibleRCeilingSlope,224,1536,002954A4,0,1,1,4294967295,0,0
oInvisibleRCeilingSlope,272,1376,001927EF,0,1,1,4294967295,0,0
oInvisibleRCeilingSlope,288,1392,001EEBBE,0,1,1,4294967295,0,0
oInvisibleLCeilingSlope,48,1632,00385C89,0,1,1,4294967295,0,0
oInvisibleLCeilingSlope,80,1520,0038CED2,0,1,1,4294967295,0,0
oInvisibleLCeilingSlope,96,1504,00312D9E,0,1,1,4294967295,0,0
oInvisibleLCeilingSlope,208,1616,000BF487,0,1,1,4294967295,0,0
oInvisibleLCeilingSlope,240,1536,00216E12,0,1,1,4294967295,0,0
oInvisibleLCeilingSlope,208,1280,00181D03,0,1,1,4294967295,0,0
oInvisibleLCeilingSlope,288,1056,0000AC57,0,1,1,4294967295,0,0
oInvisibleLCeilingSlope,144,992,001B1337,0,1,1,4294967295,0,0
oInvisibleLCeilingSlope,48,912,00041F31,0,1,1,4294967295,0,0
oInvisibleLCeilingSlope,160,720,0024B373,0,1,1,4294967295,0,0
oInvisibleLCeilingSlope,96,464,0023198A,0,1,1,4294967295,0,0
oInvisibleLCeilingSlope,48,496,0031CE94,0,1,1,4294967295,0,0
oInvisibleLCeilingSlope,64,480,002BA53E,0,1,1,4294967295,0,0
oInvisibleLCeilingSlope,96,224,000DFB96,0,1,1,4294967295,0,0
oInvisibleLCeilingSlope,304,320,00157FC9,0,1,1,4294967295,0,0
oInvisibleLCeilingSlope,288,336,003E1D9B,0,1,1,4294967295,0,0
oInvisibleLCeilingSlope,224,48,0036B12B,0,1,1,4294967295,0,0
oInvisibleLCeilingSlope,304,48,0023C3E6,0,1,1,4294967295,0,0
oInvisibleLCeilingSlope,320,32,0009D0C8,0,1,1,4294967295,0,0
oInvisibleLCeilingSlope,224,208,0023C00D,0,1,1,4294967295,0,0
oInvisibleLCeilingSlope,320,400,001535AB,0,1,1,4294967295,0,0
oInvisibleLCeilingSlope,144,1424,001DE315,0,1,1,4294967295,0,0
oInvisibleSolid,128,1424,0008E330,0,1,1,4294967295,0,0
oInvisibleSolid,304,1184,0005A157,0,1,1,4294967295,0,1
oInvisibleSolid,208,208,003D491F,0,1,1,4294967295,0,0
oInvisibleSolid,288,48,0009F876,0,1,1,4294967295,0,0
oInvisibleSolid,320,384,000A3FA1,0,1,1,4294967295,0,0
oInvisibleSolid,192,192,0024FFDA,0,1,1,4294967295,0,1
oInvisibleSolid,224,848,003D6B85,0,1,1,4294967295,0,0
oInvisibleSolid,208,832,000EF452,0,1,1,4294967295,0,1
oInvisibleSolid,128,704,000AB6E7,0,1,1,4294967295,0,1
oInvisibleSolid,48,896,000865E8,0,1,1,4294967295,0,1
oInvisibleSolid,128,976,001B986E,0,1,1,4294967295,0,1
oInvisibleSolid,272,1040,0027A550,0,1,1,4294967295,0,1
oInvisibleSolid,192,1264,0031D74C,0,1,1,4294967295,0,1
oInvisibleSolid,288,1168,002B7439,0,1,1,4294967295,0,1
oInvisibleSolid,128,1408,003E90A4,0,1,1,4294967295,0,1
oInvisibleSolid,224,1520,003DC597,0,1,1,4294967295,0,1
oInvisibleSolid,160,1600,0013C380,0,1,1,4294967295,0,1
oInvisibleSolid,96,48,00363BA2,0,1,1,4294967295,0,1
oInvisibleSolid,320,0,002720CE,0,1,1,4294967295,0,1
oInvisibleSolid,400,0,001B6994,0,1,1,4294967295,0,1
oInvisibleSolid,0,0,00264DB2,0,1,1,4294967295,0,1
oInvisibleSolid,80,128,002BF5B3,0,1,1,4294967295,0,0
oInvisibleSolid,0,112,00311924,0,1,1,4294967295,0,1
oInvisibleSolid,0,144,0032EDF1,0,1,1,4294967295,0,1
oInvisibleSolid,0,224,001E6FD3,0,1,1,4294967295,0,1
oInvisibleSolid,0,304,00333D80,0,1,1,4294967295,0,1
oInvisibleSolid,48,480,0017F964,0,1,1,4294967295,0,0
oInvisibleSolid,0,480,0008D19F,0,1,1,4294967295,0,1
oInvisibleSolid,0,384,00079E14,0,1,1,4294967295,0,1
oInvisibleSolid,0,464,003024FB,0,1,1,4294967295,0,1
oInvisibleSolid,0,1328,0018D721,0,1,1,4294967295,0,1
oInvisibleSolid,80,1504,00250F84,0,1,1,4294967295,0,0
oInvisibleSolid,0,1632,002B96ED,0,1,1,4294967295,0,1
oInvisibleSolid,0,1504,00384D69,0,1,1,4294967295,0,1
oInvisibleSolid,0,1344,000F538D,0,1,1,4294967295,0,1
oInvisibleSolid,0,1712,0032C5C6,0,1,1,4294967295,0,1
oInvisibleSolid,112,1696,00362885,0,1,1,4294967295,0,1
oInvisibleSolid,176,1680,003626F7,0,1,1,4294967295,0,1
oInvisibleSolid,256,1488,00047DD7,0,1,1,4294967295,0,1
oInvisibleSolid,288,1488,0014B929,0,1,1,4294967295,0,1
oInvisibleSolid,288,1360,0012B2B5,0,1,1,4294967295,0,1
oInvisibleSolid,304,1344,0023E979,0,1,1,4294967295,0,1
oInvisibleSolid,320,1328,00399206,0,1,1,4294967295,0,0
oInvisibleSolid,336,1136,000BA52D,0,1,1,4294967295,0,1
oInvisibleSolid,400,992,00146540,0,1,1,4294967295,0,0
oInvisibleSolid,416,992,0000F381,0,1,1,4294967295,0,1
oInvisibleSolid,368,912,000D8F13,0,1,1,4294967295,0,1
oInvisibleSolid,240,752,0006D032,0,1,1,4294967295,0,1
oInvisibleSolid,352,656,0010B3D9,0,1,1,4294967295,0,1
oInvisibleSolid,384,560,000D321C,0,1,1,4294967295,0,1
oInvisibleSolid,272,576,003F0BD3,0,1,1,4294967295,0,1
oInvisibleSolid,256,592,000BF5B7,0,1,1,4294967295,0,0
oInvisibleSolid,320,464,00222A25,0,1,1,4294967295,0,1
oInvisibleSolid,352,464,0020B99A,0,1,1,4294967295,0,1
oInvisibleSolid,368,416,000B0C70,0,1,1,4294967295,0,1
oInvisibleSolid,400,336,000E57A0,0,1,1,4294967295,0,1
oInvisibleSolid,192,464,002F2815,0,1,1,4294967295,0,1
oInvisibleSolid,240,400,0029807F,0,1,1,4294967295,0,1
oInvisibleSolid,384,112,002CA2BB,0,1,1,4294967295,0,1
oInvisibleSolid,336,160,00056E57,0,1,1,4294967295,0,1
oInvisibleSolid,352,240,00224B68,0,1,1,4294967295,0,1
oInvisibleSolid,272,272,0016DC29,0,1,1,4294967295,0,1
oInvisibleSolid,208,320,00016D59,0,1,1,4294967295,0,1
oInvisibleSolid,240,304,002F9E29,0,1,1,4294967295,0,1
oInvisibleRCeilingSlope,80,624,0022C57A,0,1,1,4294967295,0,0
oInvisibleRCeilingSlope,144,560,000E2E8A,0,1,1,4294967295,0,0
oInvisibleLCeilingSlope,160,560,001EB81C,0,1,1,4294967295,0,0
oInvisibleLCeilingSlope,96,624,00286D95,0,1,1,4294967295,0,0
oInvisibleSolid,144,544,003416EB,0,1,1,4294967295,0,1
oInvisibleSolid,80,608,00275DDE,0,1,1,4294967295,0,1
oInvisibleRupSlope,336,256,000AC117,0,1,1,4294967295,0,0
oInvisibleLupSlope,304,256,0010DAC2,0,1,1,4294967295,0,0
oInvisibleSolid,288,320,002533CE,0,1,1,4294967295,0,0
oInvisibleSolid,304,672,0034A900,0,1,1,4294967295,0,0
oInvisibleRCeilingSlope,288,672,0033481F,0,1,1,4294967295,0,0
oInvisibleRCeilingSlope,304,688,0010A932,0,1,1,4294967295,0,0
oInvisibleRupSlope,384,1536,00064E0A,0,1,1,4294967295,0,0
oInvisibleRupSlope,400,1520,00297D1D,0,1,1,4294967295,0,0
oInvisibleSolid,304,1456,00379556,0,1,1,4294967295,0,1
oInvisibleSolid,400,1536,000DBBC1,0,1,1,4294967295,0,0
oInvisibleSolid,384,1552,002B2EF7,0,1,1,4294967295,0,1
oInvisibleSolid,416,1520,00020D7D,0,1,1,4294967295,0,1
oInvisibleSolid,384,224,0004F2BF,0,1,1,4294967295,0,1
oInvisibleSolidMorph,368,208,001062F3,0,1,1,4294967295,0,1
