oExit,0,256,00249721,0,1,1,4294967295,0,1
oHeartPiece,360,80,0016E44C,0,1,1,4294967295,0,1
oPlayer1,48,288,00375050,0,1,1,4294967295,0,0
oInvCollPH,128,32,000615F6,0,1,1,4294967295,0,0
oInvCollPH,80,48,0032A4A7,0,1,1,4294967295,0,0
oInvCollPH,96,48,003B3A96,0,1,1,4294967295,0,0
oInvCollPH,112,48,001D63D7,0,1,1,4294967295,0,0
oInvCollPH,128,48,00180634,0,1,1,4294967295,0,0
oInvCollPH,144,0,0038BADD,0,1,1,4294967295,0,0
oInvCollPH,144,16,000000CE,0,1,1,4294967295,0,0
oInvCollPH,272,160,001AE241,0,1,1,4294967295,0,0
oInvCollPH,224,160,002ECCF2,0,1,1,4294967295,0,0
oInvCollPH,208,256,003D16E9,0,1,1,4294967295,0,0
oInvCollPH,208,272,002493F6,0,1,1,4294967295,0,0
oInvCollPH,224,240,000A2382,0,1,1,4294967295,0,0
oInvCollPH,240,240,002819AA,0,1,1,4294967295,0,0
oInvCollPH,256,240,00031DF2,0,1,1,4294967295,0,0
oInvCollPH,272,240,0013047C,0,1,1,4294967295,0,0
oInvCollPH,272,256,002B2136,0,1,1,4294967295,0,0
oInvCollPH,272,272,0004F4D1,0,1,1,4294967295,0,0
oInvCollPH,64,176,000D41FC,0,1,1,4294967295,0,0
oInvCollPH,80,176,0034D6C7,0,1,1,4294967295,0,0
oInvCollPH,96,176,00191088,0,1,1,4294967295,0,0
oInvCollPH,112,176,0007B03E,0,1,1,4294967295,0,0
oInvCollPH,112,160,002C71E5,0,1,1,4294967295,0,0
oInvCollPH,96,160,003245B9,0,1,1,4294967295,0,0
oInvCollPH,80,160,002E01CC,0,1,1,4294967295,0,0
oInvCollPH,352,128,0029ABFC,0,1,1,4294967295,0,0
oInvCollPH,368,128,000C9109,0,1,1,4294967295,0,0
oInvCollPH,384,128,001AD478,0,1,1,4294967295,0,0
oInvCollPH,0,208,0021B9A6,0,1,1,4294967295,0,0
oInvCollPH,16,208,00093110,0,1,1,4294967295,0,0
oInvCollPH,32,208,00171F0C,0,1,1,4294967295,0,0
oInvCollPH,48,208,0039747E,0,1,1,4294967295,0,0
oInvCollPH,48,192,000C84B4,0,1,1,4294967295,0,0
oInvCollPH,48,144,003F6DDE,0,1,1,4294967295,0,0
oInvCollPH,48,128,00142B55,0,1,1,4294967295,0,0
oInvCollPH,48,112,002BE934,0,1,1,4294967295,0,0
oInvCollPH,48,96,003D0B81,0,1,1,4294967295,0,0
oInvCollPH,48,80,0017F953,0,1,1,4294967295,0,0
oInvCollPH,48,64,00099911,0,1,1,4294967295,0,0
oInvCollPH,208,144,0027A940,0,1,1,4294967295,0,0
oInvCollPH,240,144,002471DE,0,1,1,4294967295,0,0
oInvCollPH,272,144,00022B4A,0,1,1,4294967295,0,0
oInvCollPH,272,128,00201C0F,0,1,1,4294967295,0,0
oInvCollPH,256,128,001E70D1,0,1,1,4294967295,0,0
oInvCollPH,240,128,00300A28,0,1,1,4294967295,0,0
oInvCollPH,224,128,00119FDF,0,1,1,4294967295,0,0
oInvCollPH,16,288,00299C22,0,1,1,4294967295,0,0
oInvCollPH,32,288,000D30A5,0,1,1,4294967295,0,0
oInvCollPH,48,288,002C7BE1,0,1,1,4294967295,0,0
oInvCollPH,64,288,0002FBC5,0,1,1,4294967295,0,0
oInvCollPH,80,288,0035959A,0,1,1,4294967295,0,0
oInvCollPH,96,288,000AC571,0,1,1,4294967295,0,0
oInvCollPH,112,288,002C0775,0,1,1,4294967295,0,0
oInvCollPH,128,288,00031960,0,1,1,4294967295,0,0
oInvCollPH,144,288,002C33BE,0,1,1,4294967295,0,0
oInvCollPH,160,288,003DA35F,0,1,1,4294967295,0,0
oInvCollPH,176,288,002EB753,0,1,1,4294967295,0,0
oInvCollPH,192,288,00052A56,0,1,1,4294967295,0,0
oInvCollPH,272,288,003D276A,0,1,1,4294967295,0,0
oInvCollPH,304,304,002EDC24,0,1,1,4294967295,0,0
oInvCollPH,320,304,002141AC,0,1,1,4294967295,0,0
oInvCollPH,336,304,00097575,0,1,1,4294967295,0,0
oInvCollPH,352,304,003B1A88,0,1,1,4294967295,0,0
oInvCollPH,368,304,00045469,0,1,1,4294967295,0,0
oInvCollPH,400,304,00157A64,0,1,1,4294967295,0,0
oInvCollPH,384,304,00023773,0,1,1,4294967295,0,0
oInvCollPH,432,304,00112E1E,0,1,1,4294967295,0,0
oInvCollPH,416,304,003556AE,0,1,1,4294967295,0,0
oInvCollPH,448,16,0026B74A,0,1,1,4294967295,0,0
oInvCollPH,448,32,00167C7C,0,1,1,4294967295,0,0
oInvCollPH,448,48,000C16D1,0,1,1,4294967295,0,0
oInvCollPH,448,64,0020F703,0,1,1,4294967295,0,0
oInvCollPH,448,80,000D29EE,0,1,1,4294967295,0,0
oInvCollPH,448,96,00109CE8,0,1,1,4294967295,0,0
oInvCollPH,448,112,0000C587,0,1,1,4294967295,0,0
oInvCollPH,448,128,000247E1,0,1,1,4294967295,0,0
oInvCollPH,448,144,00353A27,0,1,1,4294967295,0,0
oInvCollPH,448,224,0019BD57,0,1,1,4294967295,0,0
oInvCollPH,448,208,002ECEE3,0,1,1,4294967295,0,0
oInvCollPH,448,192,000267CA,0,1,1,4294967295,0,0
oInvCollPH,448,176,003945E0,0,1,1,4294967295,0,0
oInvCollPH,448,160,002E7249,0,1,1,4294967295,0,0
oInvCollPH,448,240,000546D2,0,1,1,4294967295,0,0
oInvCollPH,448,256,00036D18,0,1,1,4294967295,0,0
oInvCollPH,448,272,0036E0A8,0,1,1,4294967295,0,0
oInvCollPH,448,288,000D7BD8,0,1,1,4294967295,0,0
oInvCollPH,360,112,000AEBF3,0,1,1,4294967295,0,0
oInvisibleSolid,208,160,000B13F9,0,1,1,4294967295,0,1
oInvisibleSolid,256,160,003D445E,0,1,1,4294967295,0,1
oInvisibleSolid,336,128,003039D0,0,1,1,4294967295,0,1
oInvisibleSolid,448,0,002D1FAE,0,1,1,4294967295,0,1
oInvisibleSolid,208,240,0002BE0A,0,1,1,4294967295,0,1
oInvisibleSolid,288,304,002A8D69,0,1,1,4294967295,0,1
oInvisibleSolid,0,288,0027C782,0,1,1,4294967295,0,1
oInvisibleSolid,64,160,001531E6,0,1,1,4294967295,0,1
oInvisibleSolid,64,0,001AE9B9,0,1,1,4294967295,0,1
oInvisibleSolid,112,32,00141D26,0,1,1,4294967295,0,1
oInvisibleSolid,64,48,0039C4F4,0,1,1,4294967295,0,1
oInvisibleSolid,0,0,003F8644,0,1,1,4294967295,0,1
oInvisibleSolid,208,128,001B458B,0,1,1,4294967295,0,1
oInvisibleSolid,360,96,002E9BD9,0,1,1,4294967295,0,1
