oG6Waterfall,112,0,00086E98,0,1,1,4294967295,0,1
oG6Waterfall,192,0,002B55CF,0,1,1,4294967295,0,1
oG6Waterfall,512,0,00386A0B,0,1,1,4294967295,0,1
oG6Waterfall,432,0,00291E46,0,1,1,4294967295,0,1
oG6Waterfall,272,0,003BFEEF,0,1,1,4294967295,0,1
oG6Waterfall,352,0,0037DE42,0,1,1,4294967295,0,1
oExit,0,256,0018C497,0,1,1,4294967295,0,1
oMisc,384,288,003A15CE,0,1,1,4294967295,0,1
oPlayer1,48,288,000C1DB4,0,1,1,4294967295,0,0
oInvCollPH,0,208,0017201C,0,1,1,4294967295,0,0
oInvCollPH,16,208,0026CBCE,0,1,1,4294967295,0,0
oInvCollPH,32,208,00118518,0,1,1,4294967295,0,0
oInvCollPH,48,208,002BE121,0,1,1,4294967295,0,0
oInvCollPH,48,192,00188880,0,1,1,4294967295,0,0
oInvCollPH,48,176,003F7B6F,0,1,1,4294967295,0,0
oInvCollPH,48,160,000A2B4F,0,1,1,4294967295,0,0
oInvCollPH,48,144,001047B2,0,1,1,4294967295,0,0
oInvCollPH,48,128,00145D94,0,1,1,4294967295,0,0
oInvCollPH,16,288,00093E9A,0,1,1,4294967295,0,0
oInvCollPH,32,288,003CB106,0,1,1,4294967295,0,0
oInvCollPH,48,288,0007B4CB,0,1,1,4294967295,0,0
oInvCollPH,64,288,0016ABEE,0,1,1,4294967295,0,0
oInvCollPH,80,288,003DC884,0,1,1,4294967295,0,0
oInvCollPH,96,288,00360C56,0,1,1,4294967295,0,0
oInvCollPH,112,288,00306E60,0,1,1,4294967295,0,0
oInvCollPH,128,288,0031CFC2,0,1,1,4294967295,0,0
oInvCollPH,144,288,003738AD,0,1,1,4294967295,0,0
oInvCollPH,160,288,0035DBDD,0,1,1,4294967295,0,0
oInvCollPH,176,288,0009250B,0,1,1,4294967295,0,0
oInvCollPH,192,288,00045C75,0,1,1,4294967295,0,0
oInvCollPH,208,288,002E7AC5,0,1,1,4294967295,0,0
oInvCollPH,224,288,001BB485,0,1,1,4294967295,0,0
oInvCollPH,240,288,0036FA53,0,1,1,4294967295,0,0
oInvCollPH,256,288,0011EFA8,0,1,1,4294967295,0,0
oInvCollPH,272,288,0023B13A,0,1,1,4294967295,0,0
oInvCollPH,288,288,000D0773,0,1,1,4294967295,0,0
oInvCollPH,304,288,0034CFF7,0,1,1,4294967295,0,0
oInvCollPH,320,288,000B2E5D,0,1,1,4294967295,0,0
oInvCollPH,336,288,0030B8BA,0,1,1,4294967295,0,0
oInvCollPH,352,288,000A866F,0,1,1,4294967295,0,0
oInvCollPH,368,288,002FBA88,0,1,1,4294967295,0,0
oInvCollPH,384,288,000F9521,0,1,1,4294967295,0,0
oInvCollPH,400,288,0013A4F4,0,1,1,4294967295,0,0
oInvCollPH,416,288,0016F45F,0,1,1,4294967295,0,0
oInvCollPH,432,288,000842E0,0,1,1,4294967295,0,0
oInvCollPH,448,288,003F6429,0,1,1,4294967295,0,0
oInvCollPH,464,288,002BD417,0,1,1,4294967295,0,0
oInvCollPH,480,288,001E3352,0,1,1,4294967295,0,0
oInvCollPH,496,288,00377B65,0,1,1,4294967295,0,0
oInvCollPH,512,288,003CE86A,0,1,1,4294967295,0,0
oInvCollPH,528,288,001D949A,0,1,1,4294967295,0,0
oInvCollPH,544,288,00110CF1,0,1,1,4294967295,0,0
oInvCollPH,560,288,00392AD1,0,1,1,4294967295,0,0
oInvCollPH,576,128,00171652,0,1,1,4294967295,0,0
oInvCollPH,576,144,001F15F6,0,1,1,4294967295,0,0
oInvCollPH,576,160,00181F97,0,1,1,4294967295,0,0
oInvCollPH,576,176,00196B04,0,1,1,4294967295,0,0
oInvCollPH,576,192,0028306A,0,1,1,4294967295,0,0
oInvCollPH,576,208,001182D7,0,1,1,4294967295,0,0
oInvCollPH,576,224,00210231,0,1,1,4294967295,0,0
oInvCollPH,576,240,0024419D,0,1,1,4294967295,0,0
oInvCollPH,576,256,00190F55,0,1,1,4294967295,0,0
oInvCollPH,576,272,00181148,0,1,1,4294967295,0,0
oInvCollPH,64,112,0031A13D,0,1,1,4294967295,0,0
oInvCollPH,80,112,0017EEB8,0,1,1,4294967295,0,0
oInvCollPH,96,112,0037F586,0,1,1,4294967295,0,0
oInvCollPH,112,112,00126105,0,1,1,4294967295,0,0
oInvCollPH,128,112,001B780E,0,1,1,4294967295,0,0
oInvCollPH,144,112,003B798B,0,1,1,4294967295,0,0
oInvCollPH,160,112,003DA787,0,1,1,4294967295,0,0
oInvCollPH,176,112,0003451C,0,1,1,4294967295,0,0
oInvCollPH,192,112,0017F22E,0,1,1,4294967295,0,0
oInvCollPH,208,112,0033E227,0,1,1,4294967295,0,0
oInvCollPH,224,112,003AEFDE,0,1,1,4294967295,0,0
oInvCollPH,240,112,001B3692,0,1,1,4294967295,0,0
oInvCollPH,256,112,0017A945,0,1,1,4294967295,0,0
oInvCollPH,272,112,00216EAA,0,1,1,4294967295,0,0
oInvCollPH,288,112,002063F3,0,1,1,4294967295,0,0
oInvCollPH,304,112,000D0C62,0,1,1,4294967295,0,0
oInvCollPH,320,112,000A07F8,0,1,1,4294967295,0,0
oInvCollPH,336,112,000FA9A3,0,1,1,4294967295,0,0
oInvCollPH,352,112,002DFB88,0,1,1,4294967295,0,0
oInvCollPH,368,112,0026BB92,0,1,1,4294967295,0,0
oInvCollPH,384,112,002F485A,0,1,1,4294967295,0,0
oInvCollPH,400,112,0019B997,0,1,1,4294967295,0,0
oInvCollPH,416,112,002313C3,0,1,1,4294967295,0,0
oInvCollPH,432,112,0030AC4B,0,1,1,4294967295,0,0
oInvCollPH,448,112,00164700,0,1,1,4294967295,0,0
oInvCollPH,464,112,0030DFE4,0,1,1,4294967295,0,0
oInvCollPH,480,112,001D228A,0,1,1,4294967295,0,0
oInvCollPH,496,112,002F389D,0,1,1,4294967295,0,0
oInvCollPH,512,112,003D9728,0,1,1,4294967295,0,0
oInvCollPH,528,112,0004AD35,0,1,1,4294967295,0,0
oInvCollPH,544,112,001CB858,0,1,1,4294967295,0,0
oInvCollPH,560,112,002A2479,0,1,1,4294967295,0,0
oInvisibleSolid,0,0,0013DB16,0,1,1,4294967295,0,1
oInvisibleSolid,64,0,001D1B1E,0,1,1,4294967295,0,1
oInvisibleSolid,64,96,003E1A61,0,1,1,4294967295,0,1
oInvisibleSolid,576,0,00326B26,0,1,1,4294967295,0,1
oInvisibleSolid,0,288,00332450,0,1,1,4294967295,0,1
