oExit,0,976,002731BC,0,1,1,4294967295,0,1
oExit,0,80,00208C73,0,1,1,4294967295,0,1
oMetGeemer,352,720,0022C3D2,0,1,1,4294967295,0,1
oMetGeemer,256,544,002FD226,0,1,1,4294967295,0,1
oMetGeemer,496,496,00222A17,0,1,1,4294967295,0,1
oMetGeemer,624,112,002B25B5,0,1,1,4294967295,0,1
oPlayer1,64,1008,0025C340,0,1,1,4294967295,0,0
oMetroidDoorHolder,16,976,00360504,0,1,1,4294967295,0,1
oMetroidDoorHolder,16,80,003DF675,0,1,1,4294967295,0,1
oMeridiaExposedWires,32,816,000054C5,0,1,1,4294967295,0,0
oMeridiaExposedWires,688,688,000E0FF9,0,1,1,4294967295,0,1
oMeridiaExposedWires,688,496,0001E10E,0,1,1,4294967295,0,1
oMeridiaExposedWires,32,416,002454EC,0,1,1,4294967295,0,0
oMeridiaExposedWires,688,160,00319F8A,0,1,1,4294967295,0,1
oWaterVolume,0,1024,000F02BF,0,1,1,4294967295,0,1
oInvCollPH,16,112,00399168,0,1,1,4294967295,0,0
oInvCollPH,32,112,0013CE16,0,1,1,4294967295,0,0
oInvCollPH,48,112,00325C21,0,1,1,4294967295,0,0
oInvCollPH,64,112,003F1C35,0,1,1,4294967295,0,0
oInvCollPH,80,112,0007D9FB,0,1,1,4294967295,0,0
oInvCollPH,96,112,00012A02,0,1,1,4294967295,0,0
oInvCollPH,112,112,003EC08F,0,1,1,4294967295,0,0
oInvCollPH,0,32,003CA9C2,0,1,1,4294967295,0,0
oInvCollPH,16,32,00362B35,0,1,1,4294967295,0,0
oInvCollPH,32,32,00322156,0,1,1,4294967295,0,0
oInvCollPH,48,32,0026B9A6,0,1,1,4294967295,0,0
oInvCollPH,64,32,00119EAA,0,1,1,4294967295,0,0
oInvCollPH,80,32,00036289,0,1,1,4294967295,0,0
oInvCollPH,96,32,001B7D01,0,1,1,4294967295,0,0
oInvCollPH,112,32,003C48C3,0,1,1,4294967295,0,0
oInvCollPH,128,32,003E97D2,0,1,1,4294967295,0,0
oInvCollPH,144,32,0033D1C7,0,1,1,4294967295,0,0
oInvCollPH,656,32,0006F232,0,1,1,4294967295,0,0
oInvCollPH,640,32,002F1105,0,1,1,4294967295,0,0
oInvCollPH,560,32,0026811B,0,1,1,4294967295,0,0
oInvCollPH,576,32,002E19F4,0,1,1,4294967295,0,0
oInvCollPH,592,32,0030230F,0,1,1,4294967295,0,0
oInvCollPH,608,32,003DB121,0,1,1,4294967295,0,0
oInvCollPH,624,32,0031924E,0,1,1,4294967295,0,0
oInvCollPH,464,32,0015942E,0,1,1,4294967295,0,0
oInvCollPH,448,32,0023A378,0,1,1,4294967295,0,0
oInvCollPH,432,32,000B5D2D,0,1,1,4294967295,0,0
oInvCollPH,416,32,003B5026,0,1,1,4294967295,0,0
oInvCollPH,400,32,0001A365,0,1,1,4294967295,0,0
oInvCollPH,240,32,002AD782,0,1,1,4294967295,0,0
oInvCollPH,256,32,00045509,0,1,1,4294967295,0,0
oInvCollPH,272,32,00067614,0,1,1,4294967295,0,0
oInvCollPH,288,32,003A228C,0,1,1,4294967295,0,0
oInvCollPH,304,32,00361FCC,0,1,1,4294967295,0,0
oInvCollPH,160,32,00005201,0,1,1,4294967295,0,0
oInvCollPH,176,32,003F96D5,0,1,1,4294967295,0,0
oInvCollPH,192,32,003FD2DF,0,1,1,4294967295,0,0
oInvCollPH,208,32,001C308D,0,1,1,4294967295,0,0
oInvCollPH,224,32,002A4405,0,1,1,4294967295,0,0
oInvCollPH,544,32,000E7740,0,1,1,4294967295,0,0
oInvCollPH,528,32,00402F85,0,1,1,4294967295,0,0
oInvCollPH,512,32,00317545,0,1,1,4294967295,0,0
oInvCollPH,496,32,00209D2E,0,1,1,4294967295,0,0
oInvCollPH,480,32,00072553,0,1,1,4294967295,0,0
oInvCollPH,320,32,001BC27B,0,1,1,4294967295,0,0
oInvCollPH,336,32,001D13D4,0,1,1,4294967295,0,0
oInvCollPH,352,32,001BCB0A,0,1,1,4294967295,0,0
oInvCollPH,368,32,003BDC4B,0,1,1,4294967295,0,0
oInvCollPH,384,32,002EA056,0,1,1,4294967295,0,0
oInvCollPH,224,208,003EA0EB,0,1,1,4294967295,0,0
oInvCollPH,240,208,0017880F,0,1,1,4294967295,0,0
oInvCollPH,256,208,0001BED9,0,1,1,4294967295,0,0
oInvCollPH,272,208,002AA553,0,1,1,4294967295,0,0
oInvCollPH,288,208,003463A4,0,1,1,4294967295,0,0
oInvCollPH,304,208,0010342F,0,1,1,4294967295,0,0
oInvCollPH,320,208,000E78F4,0,1,1,4294967295,0,0
oInvCollPH,336,208,000F5284,0,1,1,4294967295,0,0
oInvCollPH,560,272,0015DC76,0,1,1,4294967295,0,0
oInvCollPH,560,256,0030B177,0,1,1,4294967295,0,0
oInvCollPH,560,240,0012C8AB,0,1,1,4294967295,0,0
oInvCollPH,560,224,003E71F7,0,1,1,4294967295,0,0
oInvCollPH,560,208,001F3325,0,1,1,4294967295,0,0
oInvCollPH,544,208,0015CDD1,0,1,1,4294967295,0,0
oInvCollPH,528,208,0030AEA1,0,1,1,4294967295,0,0
oInvCollPH,512,208,001EFA93,0,1,1,4294967295,0,0
oInvCollPH,496,208,003E475B,0,1,1,4294967295,0,0
oInvCollPH,480,208,001CB07B,0,1,1,4294967295,0,0
oInvCollPH,464,208,003AA0D4,0,1,1,4294967295,0,0
oInvCollPH,448,208,000D3B2C,0,1,1,4294967295,0,0
oInvCollPH,432,208,0027580B,0,1,1,4294967295,0,0
oInvCollPH,416,208,0009338D,0,1,1,4294967295,0,0
oInvCollPH,352,208,002752BC,0,1,1,4294967295,0,0
oInvCollPH,368,208,0035F6E3,0,1,1,4294967295,0,0
oInvCollPH,384,208,002FE68F,0,1,1,4294967295,0,0
oInvCollPH,400,208,0004AB18,0,1,1,4294967295,0,0
oInvCollPH,192,272,00323085,0,1,1,4294967295,0,0
oInvCollPH,208,272,0013862A,0,1,1,4294967295,0,0
oInvCollPH,224,272,000DCFC8,0,1,1,4294967295,0,0
oInvCollPH,240,272,001BCF17,0,1,1,4294967295,0,0
oInvCollPH,256,272,003F17C5,0,1,1,4294967295,0,0
oInvCollPH,272,272,00019C1B,0,1,1,4294967295,0,0
oInvCollPH,288,272,003EEC2E,0,1,1,4294967295,0,0
oInvCollPH,304,272,00390007,0,1,1,4294967295,0,0
oInvCollPH,320,272,002A2781,0,1,1,4294967295,0,0
oInvCollPH,336,272,00256147,0,1,1,4294967295,0,0
oInvCollPH,352,272,00218F23,0,1,1,4294967295,0,0
oInvCollPH,368,272,00256326,0,1,1,4294967295,0,0
oInvCollPH,384,272,0039C652,0,1,1,4294967295,0,0
oInvCollPH,400,272,00009D5F,0,1,1,4294967295,0,0
oInvCollPH,416,272,0025272A,0,1,1,4294967295,0,0
oInvCollPH,432,272,002C83EF,0,1,1,4294967295,0,0
oInvCollPH,448,272,00383873,0,1,1,4294967295,0,0
oInvCollPH,464,272,00147D34,0,1,1,4294967295,0,0
oInvCollPH,480,272,00393DB7,0,1,1,4294967295,0,0
oInvCollPH,496,272,000ADE22,0,1,1,4294967295,0,0
oInvCollPH,512,272,000EF3F8,0,1,1,4294967295,0,0
oInvCollPH,528,272,0000BD80,0,1,1,4294967295,0,0
oInvCollPH,544,272,00404634,0,1,1,4294967295,0,0
oInvCollPH,48,272,0026C5B8,0,1,1,4294967295,0,0
oInvCollPH,64,272,0008A16B,0,1,1,4294967295,0,0
oInvCollPH,80,272,002A14F6,0,1,1,4294967295,0,0
oInvCollPH,96,272,0012803C,0,1,1,4294967295,0,0
oInvCollPH,112,272,00191F5F,0,1,1,4294967295,0,0
oInvCollPH,128,272,00302F53,0,1,1,4294967295,0,0
oInvCollPH,144,272,0033636F,0,1,1,4294967295,0,0
oInvCollPH,160,272,00312E75,0,1,1,4294967295,0,0
oInvCollPH,176,272,002730D4,0,1,1,4294967295,0,0
oInvCollPH,32,288,001566F4,0,1,1,4294967295,0,0
oInvCollPH,32,304,00333E1C,0,1,1,4294967295,0,0
oInvCollPH,32,320,0015B2CD,0,1,1,4294967295,0,0
oInvCollPH,32,336,00124875,0,1,1,4294967295,0,0
oInvCollPH,32,352,000F3ABB,0,1,1,4294967295,0,0
oInvCollPH,32,368,0013BFE6,0,1,1,4294967295,0,0
oInvCollPH,32,384,0022476E,0,1,1,4294967295,0,0
oInvCollPH,32,400,003DD03D,0,1,1,4294967295,0,0
oInvCollPH,32,480,001E7F1C,0,1,1,4294967295,0,0
oInvCollPH,32,496,0022FD84,0,1,1,4294967295,0,0
oInvCollPH,32,512,003B8E03,0,1,1,4294967295,0,0
oInvCollPH,32,528,00313EAA,0,1,1,4294967295,0,0
oInvCollPH,32,544,002C370A,0,1,1,4294967295,0,0
oInvCollPH,32,560,00241E0C,0,1,1,4294967295,0,0
oInvCollPH,32,576,002FB1B6,0,1,1,4294967295,0,0
oInvCollPH,32,592,00172CF8,0,1,1,4294967295,0,0
oInvCollPH,64,608,0028CDCE,0,1,1,4294967295,0,0
oInvCollPH,64,624,00079B72,0,1,1,4294967295,0,0
oInvCollPH,64,640,00181325,0,1,1,4294967295,0,0
oInvCollPH,64,656,001EE16C,0,1,1,4294967295,0,0
oInvCollPH,32,672,002357EE,0,1,1,4294967295,0,0
oInvCollPH,32,688,003B5EDD,0,1,1,4294967295,0,0
oInvCollPH,32,704,0033EDB4,0,1,1,4294967295,0,0
oInvCollPH,32,720,003E14EA,0,1,1,4294967295,0,0
oInvCollPH,32,736,003FBF40,0,1,1,4294967295,0,0
oInvCollPH,32,752,00140E16,0,1,1,4294967295,0,0
oInvCollPH,32,768,000ABF6B,0,1,1,4294967295,0,0
oInvCollPH,32,784,001DB885,0,1,1,4294967295,0,0
oInvCollPH,32,800,00024093,0,1,1,4294967295,0,0
oInvCollPH,32,880,0029102A,0,1,1,4294967295,0,0
oInvCollPH,32,896,00393A0B,0,1,1,4294967295,0,0
oInvCollPH,32,912,000DB052,0,1,1,4294967295,0,0
oInvCollPH,32,928,003AE6D4,0,1,1,4294967295,0,0
oInvCollPH,16,928,003CEB0C,0,1,1,4294967295,0,0
oInvCollPH,0,928,00101AAD,0,1,1,4294967295,0,0
oInvCollPH,16,1008,00275763,0,1,1,4294967295,0,0
oInvCollPH,32,1008,001FB6B7,0,1,1,4294967295,0,0
oInvCollPH,48,1008,002D524F,0,1,1,4294967295,0,0
oInvCollPH,64,1008,000DFBA1,0,1,1,4294967295,0,0
oInvCollPH,80,1008,001C9439,0,1,1,4294967295,0,0
oInvCollPH,96,1008,000831DB,0,1,1,4294967295,0,0
oInvCollPH,112,1008,0029B6FE,0,1,1,4294967295,0,0
oInvCollPH,128,1008,003F195D,0,1,1,4294967295,0,0
oInvCollPH,144,1008,00368322,0,1,1,4294967295,0,0
oInvCollPH,160,1008,00032631,0,1,1,4294967295,0,0
oInvCollPH,176,1008,003EB463,0,1,1,4294967295,0,0
oInvCollPH,672,64,0016BD05,0,1,1,4294967295,0,0
oInvCollPH,672,80,003A667D,0,1,1,4294967295,0,0
oInvCollPH,672,96,003B6A6A,0,1,1,4294967295,0,0
oInvCollPH,672,112,0005538C,0,1,1,4294967295,0,0
oInvCollPH,672,128,00384124,0,1,1,4294967295,0,0
oInvCollPH,672,144,000604B6,0,1,1,4294967295,0,0
oInvCollPH,672,160,00010F24,0,1,1,4294967295,0,0
oInvCollPH,672,176,0030C617,0,1,1,4294967295,0,0
oInvCollPH,672,192,000F6742,0,1,1,4294967295,0,0
oInvCollPH,672,208,0018DA40,0,1,1,4294967295,0,0
oInvCollPH,672,224,00243FEB,0,1,1,4294967295,0,0
oInvCollPH,672,240,0023B97E,0,1,1,4294967295,0,0
oInvCollPH,672,256,0030E1DD,0,1,1,4294967295,0,0
oInvCollPH,672,272,00370FB6,0,1,1,4294967295,0,0
oInvCollPH,672,288,000B4605,0,1,1,4294967295,0,0
oInvCollPH,672,304,002590DE,0,1,1,4294967295,0,0
oInvCollPH,672,320,0004E527,0,1,1,4294967295,0,0
oInvCollPH,672,336,00383767,0,1,1,4294967295,0,0
oInvCollPH,672,352,001665D0,0,1,1,4294967295,0,0
oInvCollPH,672,368,0012EDD5,0,1,1,4294967295,0,0
oInvCollPH,672,384,003FE3AA,0,1,1,4294967295,0,0
oInvCollPH,672,400,00012D88,0,1,1,4294967295,0,0
oInvCollPH,672,416,001BB0DE,0,1,1,4294967295,0,0
oInvCollPH,672,432,001E1611,0,1,1,4294967295,0,0
oInvCollPH,672,448,00193DC1,0,1,1,4294967295,0,0
oInvCollPH,672,464,0011AD11,0,1,1,4294967295,0,0
oInvCollPH,672,480,00048896,0,1,1,4294967295,0,0
oInvCollPH,672,496,002A5AC4,0,1,1,4294967295,0,0
oInvCollPH,672,512,0016FAD2,0,1,1,4294967295,0,0
oInvCollPH,672,528,0019C270,0,1,1,4294967295,0,0
oInvCollPH,672,544,001D19E0,0,1,1,4294967295,0,0
oInvCollPH,672,560,002429DC,0,1,1,4294967295,0,0
oInvCollPH,672,576,003E2F41,0,1,1,4294967295,0,0
oInvCollPH,672,592,00232E2C,0,1,1,4294967295,0,0
oInvCollPH,672,608,0037DA34,0,1,1,4294967295,0,0
oInvCollPH,672,624,00034F80,0,1,1,4294967295,0,0
oInvCollPH,672,640,001A3F8E,0,1,1,4294967295,0,0
oInvCollPH,672,656,00210E9E,0,1,1,4294967295,0,0
oInvCollPH,672,672,001AC472,0,1,1,4294967295,0,0
oInvCollPH,672,688,00373DD9,0,1,1,4294967295,0,0
oInvCollPH,672,704,00156B92,0,1,1,4294967295,0,0
oInvCollPH,672,720,000F39E9,0,1,1,4294967295,0,0
oInvCollPH,672,736,00383A0B,0,1,1,4294967295,0,0
oInvCollPH,672,752,00099EFE,0,1,1,4294967295,0,0
oInvCollPH,672,768,00293339,0,1,1,4294967295,0,0
oInvCollPH,672,784,0017AEB8,0,1,1,4294967295,0,0
oInvCollPH,672,800,001D0C43,0,1,1,4294967295,0,0
oInvCollPH,496,816,00062DEE,0,1,1,4294967295,0,0
oInvCollPH,512,816,00044C97,0,1,1,4294967295,0,0
oInvCollPH,528,816,000AF860,0,1,1,4294967295,0,0
oInvCollPH,544,816,002D0AD9,0,1,1,4294967295,0,0
oInvCollPH,560,816,001DADDD,0,1,1,4294967295,0,0
oInvCollPH,576,816,00019850,0,1,1,4294967295,0,0
oInvCollPH,592,816,00174291,0,1,1,4294967295,0,0
oInvCollPH,608,816,00043DCA,0,1,1,4294967295,0,0
oInvCollPH,624,816,0026177D,0,1,1,4294967295,0,0
oInvCollPH,640,816,00040223,0,1,1,4294967295,0,0
oInvCollPH,656,816,0038849E,0,1,1,4294967295,0,0
oInvCollPH,368,912,003EBE51,0,1,1,4294967295,0,0
oInvCollPH,352,912,00088B61,0,1,1,4294967295,0,0
oInvCollPH,336,912,002579C8,0,1,1,4294967295,0,0
oInvCollPH,320,912,003BA644,0,1,1,4294967295,0,0
oInvCollPH,304,912,000CDA2E,0,1,1,4294967295,0,0
oInvCollPH,48,656,003B04DA,0,1,1,4294967295,0,0
oInvCollPH,128,432,002A93BE,0,1,1,4294967295,0,0
oInvCollPH,144,432,000D4FBE,0,1,1,4294967295,0,0
oInvCollPH,128,704,0025CEC6,0,1,1,4294967295,0,0
oInvCollPH,144,704,002EC5EF,0,1,1,4294967295,0,0
oInvCollPH,352,736,002525FC,0,1,1,4294967295,0,0
oInvCollPH,368,736,0030A9B2,0,1,1,4294967295,0,0
oInvCollPH,336,496,0017082D,0,1,1,4294967295,0,0
oInvCollPH,352,496,001E9775,0,1,1,4294967295,0,0
oInvCollPH,352,480,003291A9,0,1,1,4294967295,0,0
oInvCollPH,336,384,00024BD3,0,1,1,4294967295,0,0
oInvCollPH,352,384,001A88BF,0,1,1,4294967295,0,0
oInvCollPH,352,368,001F853C,0,1,1,4294967295,0,0
oInvCollPH,560,384,003051F8,0,1,1,4294967295,0,0
oInvCollPH,576,384,000F47F1,0,1,1,4294967295,0,0
oInvCollPH,496,512,00381BA8,0,1,1,4294967295,0,0
oInvCollPH,512,512,0037CEA3,0,1,1,4294967295,0,0
oInvCollPH,592,608,000A86C3,0,1,1,4294967295,0,0
oInvCollPH,608,608,002600C9,0,1,1,4294967295,0,0
oInvCollPH,208,528,0020266C,0,1,1,4294967295,0,0
oInvCollPH,208,544,0011773B,0,1,1,4294967295,0,0
oInvCollPH,224,544,0016DCE8,0,1,1,4294967295,0,0
oInvCollPH,240,544,0027A296,0,1,1,4294967295,0,0
oInvCollPH,240,528,003BA33B,0,1,1,4294967295,0,0
oInvCollPH,240,512,003198FD,0,1,1,4294967295,0,0
oInvCollPH,224,512,003D7167,0,1,1,4294967295,0,0
oInvCollPH,624,144,002562BA,0,1,1,4294967295,0,0
oInvCollPH,640,144,00381D08,0,1,1,4294967295,0,0
oInvCollPH,640,128,00266391,0,1,1,4294967295,0,0
oInvCollPH,624,304,000501F8,0,1,1,4294967295,0,0
oInvCollPH,640,304,0028F0C1,0,1,1,4294967295,0,0
oInvCollPH,640,288,00306577,0,1,1,4294967295,0,0
oInvisibleLupSlope,128,112,003A186E,0,1,1,4294967295,0,0
oInvisibleLupSlope,144,128,002621B5,0,1,1,4294967295,0,0
oInvisibleLupSlope,160,144,0017952E,0,1,1,4294967295,0,0
oInvisibleLupSlope,176,160,00182A57,0,1,1,4294967295,0,0
oInvisibleLupSlope,192,176,003AD5AB,0,1,1,4294967295,0,0
oInvisibleLupSlope,208,192,00123A2C,0,1,1,4294967295,0,0
oInvisibleRupSlope,464,816,002F8C48,0,1,1,4294967295,0,0
oInvisibleRupSlope,448,832,002879A3,0,1,1,4294967295,0,0
oInvisibleRupSlope,432,848,0003658D,0,1,1,4294967295,0,0
oInvisibleRupSlope,416,864,003B293F,0,1,1,4294967295,0,0
oInvisibleRupSlope,400,880,002C7036,0,1,1,4294967295,0,0
oInvisibleRupSlope,384,896,0015BB39,0,1,1,4294967295,0,0
oInvisibleRupSlope,272,912,003A5AB2,0,1,1,4294967295,0,0
oInvisibleRupSlope,256,928,00247C55,0,1,1,4294967295,0,0
oInvisibleRupSlope,240,944,00353166,0,1,1,4294967295,0,0
oInvisibleRupSlope,224,960,002D9AB1,0,1,1,4294967295,0,0
oInvisibleRupSlope,208,976,000ADCA1,0,1,1,4294967295,0,0
oInvisibleRupSlope,192,992,002A1E74,0,1,1,4294967295,0,0
oInvisibleSolid,192,208,003EE63A,0,1,1,4294967295,0,1
oInvisibleSolid,0,0,00030734,0,1,1,4294967295,0,1
oInvisibleSolid,672,48,00377C4C,0,1,1,4294967295,0,1
oInvisibleSolid,0,288,0027DB10,0,1,1,4294967295,0,1
oInvisibleSolid,0,112,0025F61E,0,1,1,4294967295,0,1
oInvisibleSolid,128,128,00296CC7,0,1,1,4294967295,0,0
oInvisibleSolid,160,160,00215A8E,0,1,1,4294967295,0,0
oInvisibleSolid,192,192,000A52AF,0,1,1,4294967295,0,0
oInvisibleSolid,0,144,000C2166,0,1,1,4294967295,0,1
oInvisibleSolid,0,176,00025C24,0,1,1,4294967295,0,1
oInvisibleSolid,208,992,00073071,0,1,1,4294967295,0,0
oInvisibleSolid,240,960,0019F18A,0,1,1,4294967295,0,0
oInvisibleSolid,272,928,001969EF,0,1,1,4294967295,0,0
oInvisibleSolid,400,896,0001FD10,0,1,1,4294967295,0,0
oInvisibleSolid,432,864,003A0377,0,1,1,4294967295,0,0
oInvisibleSolid,464,832,0021F088,0,1,1,4294967295,0,0
oInvisibleSolid,0,1008,000F58DE,0,1,1,4294967295,0,1
oInvisibleSolid,288,912,000BF5F7,0,1,1,4294967295,0,1
oInvisibleSolid,256,944,0021B430,0,1,1,4294967295,0,1
oInvisibleSolid,224,976,002966A3,0,1,1,4294967295,0,1
oInvisibleSolid,416,880,002F4E7B,0,1,1,4294967295,0,1
oInvisibleSolid,448,848,002AC367,0,1,1,4294967295,0,1
oInvisibleSolid,480,816,003BEF0C,0,1,1,4294967295,0,1
oInvisibleSolid,48,608,003EA132,0,1,1,4294967295,0,1
oInvisibleSolid,624,288,003F4903,0,1,1,4294967295,0,1
oInvisibleSolid,624,128,0028A014,0,1,1,4294967295,0,1
oInvisibleSolid,544,384,00049E12,0,1,1,4294967295,0,1
oInvisibleSolid,480,512,0028AF67,0,1,1,4294967295,0,1
oInvisibleSolid,576,608,000FE923,0,1,1,4294967295,0,1
oInvisibleSolid,336,368,0027592A,0,1,1,4294967295,0,1
oInvisibleSolid,336,480,0018210E,0,1,1,4294967295,0,1
oInvisibleSolid,112,432,00236701,0,1,1,4294967295,0,1
oInvisibleSolid,208,512,00313A8C,0,1,1,4294967295,0,1
oInvisibleSolid,336,736,001FB9EC,0,1,1,4294967295,0,1
oInvisibleSolid,112,704,001CE08E,0,1,1,4294967295,0,1
