oExit,0,272,00072D66,0,1,1,4294967295,0,1
oPlayer1,64,304,000BCD3E,0,1,1,4294967295,0,0
oMetroidDoorHolder,16,272,003680D6,0,1,1,4294967295,0,1
oMetChozoStatue,432,152,00332DA7,0,1,1,4294967295,0,1
oStoryObject,380,176,001C4A21,0,1,1,4294967295,0,1
oInvCollPH,32,80,00112096,0,1,1,4294967295,0,0
oInvCollPH,32,96,0009C35F,0,1,1,4294967295,0,0
oInvCollPH,32,112,000CB000,0,1,1,4294967295,0,0
oInvCollPH,32,128,0033E6B8,0,1,1,4294967295,0,0
oInvCollPH,32,144,00100FD8,0,1,1,4294967295,0,0
oInvCollPH,32,160,00027B34,0,1,1,4294967295,0,0
oInvCollPH,32,176,003A4B3D,0,1,1,4294967295,0,0
oInvCollPH,32,192,00156148,0,1,1,4294967295,0,0
oInvCollPH,32,208,001C3853,0,1,1,4294967295,0,0
oInvCollPH,32,224,00392A69,0,1,1,4294967295,0,0
oInvCollPH,16,224,000858AD,0,1,1,4294967295,0,0
oInvCollPH,0,224,00212A60,0,1,1,4294967295,0,0
oInvCollPH,16,304,0033D99A,0,1,1,4294967295,0,0
oInvCollPH,32,304,0021AAB1,0,1,1,4294967295,0,0
oInvCollPH,48,304,003FE25D,0,1,1,4294967295,0,0
oInvCollPH,64,304,0036512F,0,1,1,4294967295,0,0
oInvCollPH,80,304,000FD3F3,0,1,1,4294967295,0,0
oInvCollPH,240,240,00386A21,0,1,1,4294967295,0,0
oInvCollPH,256,240,001C475D,0,1,1,4294967295,0,0
oInvCollPH,272,240,000F7149,0,1,1,4294967295,0,0
oInvCollPH,368,208,000D19A8,0,1,1,4294967295,0,0
oInvCollPH,384,208,000AFB37,0,1,1,4294967295,0,0
oInvCollPH,400,208,002CD99B,0,1,1,4294967295,0,0
oInvCollPH,416,208,003166E3,0,1,1,4294967295,0,0
oInvCollPH,48,64,001C7E12,0,1,1,4294967295,0,0
oInvCollPH,64,64,00177065,0,1,1,4294967295,0,0
oInvCollPH,80,64,002BF040,0,1,1,4294967295,0,0
oInvCollPH,96,64,003D3A8B,0,1,1,4294967295,0,0
oInvCollPH,112,64,001FA2C4,0,1,1,4294967295,0,0
oInvCollPH,128,64,0021D63D,0,1,1,4294967295,0,0
oInvCollPH,144,64,001C5795,0,1,1,4294967295,0,0
oInvCollPH,160,64,0012E25D,0,1,1,4294967295,0,0
oInvCollPH,176,64,0001CDD4,0,1,1,4294967295,0,0
oInvCollPH,192,64,002949C1,0,1,1,4294967295,0,0
oInvCollPH,208,64,002951D3,0,1,1,4294967295,0,0
oInvCollPH,224,64,0027A70D,0,1,1,4294967295,0,0
oInvCollPH,240,64,000E4CC0,0,1,1,4294967295,0,0
oInvCollPH,256,64,00242BC6,0,1,1,4294967295,0,0
oInvCollPH,272,64,00106AA9,0,1,1,4294967295,0,0
oInvCollPH,288,64,0004DD39,0,1,1,4294967295,0,0
oInvCollPH,304,64,000D7A4C,0,1,1,4294967295,0,0
oInvCollPH,320,64,00225617,0,1,1,4294967295,0,0
oInvCollPH,336,64,0008C42F,0,1,1,4294967295,0,0
oInvCollPH,352,64,003582EC,0,1,1,4294967295,0,0
oInvCollPH,368,64,003B244D,0,1,1,4294967295,0,0
oInvCollPH,384,64,00238C21,0,1,1,4294967295,0,0
oInvCollPH,400,64,002F8D5B,0,1,1,4294967295,0,0
oInvCollPH,416,64,0011508F,0,1,1,4294967295,0,0
oInvCollPH,432,96,0024EBA9,0,1,1,4294967295,0,0
oInvCollPH,432,112,0001917D,0,1,1,4294967295,0,0
oInvCollPH,432,128,00166E5A,0,1,1,4294967295,0,0
oInvCollPH,432,144,00361246,0,1,1,4294967295,0,0
oInvCollPH,432,160,0018D020,0,1,1,4294967295,0,0
oInvCollPH,432,176,001DAA75,0,1,1,4294967295,0,0
oInvCollPH,432,192,0020C90B,0,1,1,4294967295,0,0
oInvisibleSolid,0,80,003BBF41,0,1,1,4294967295,0,1
oInvisibleSolid,0,304,00113F8E,0,1,1,4294967295,0,1
oInvisibleSolid,432,80,000D70BE,0,1,1,4294967295,0,1
oInvisibleSolid,0,0,0025BDB5,0,1,1,4294967295,0,1
oInvisibleRupLowSlope,96,288,0013B879,0,1,1,4294967295,0,0
oInvisibleRupLowSlope,128,272,00262706,0,1,1,4294967295,0,0
oInvisibleRupLowSlope,160,256,001B5F57,0,1,1,4294967295,0,0
oInvisibleRupLowSlope,192,240,00275244,0,1,1,4294967295,0,0
oInvisibleRupLowSlope,288,224,00048AF4,0,1,1,4294967295,0,0
oInvisibleRupLowSlope,320,208,00134E24,0,1,1,4294967295,0,0
oInvisibleSolid,128,288,00340F1D,0,1,1,4294967295,0,1
oInvisibleSolid,160,272,00367E1F,0,1,1,4294967295,0,1
oInvisibleSolid,192,256,000A147C,0,1,1,4294967295,0,1
oInvisibleSolid,224,240,0039A90D,0,1,1,4294967295,0,1
oInvisibleSolid,320,224,00338C05,0,1,1,4294967295,0,1
oInvisibleSolid,352,208,002FDA16,0,1,1,4294967295,0,1
