oTD_FlagPole,432,1456,00373838,0,1,1,4294967295,0,0
oTD_BaseUpgradeIcon,336,1424,002ABBB9,0,1,1,4294967295,0,0
oTD_FlagPole,336,1456,002129D6,0,1,1,4294967295,0,0
oTD_Rules,432,1408,0039DD8D,0,1,1,4294967295,0,0
oLargeJumper,404,1064,0006A999,0,1,1,4294967295,0,0
oLargeJumper,340,1240,0021E3E8,0,1,1,4294967295,0,0
oLargeJumper,308,1048,002BD1D9,0,1,1,4294967295,0,0
oLargeJumper,340,856,00220D17,0,1,1,4294967295,0,0
oLargeJumper,468,872,00376EA1,0,1,1,4294967295,0,0
oLargeJumper,708,1048,0033F63C,0,1,1,4294967295,0,0
oPlayerIdle,256,640,0013A6B1,0,1,1,4294967295,0,1
oPlayer1,416,624,002950CB,0,1,1,4294967295,0,0
oInvCollPH,32,1520,0039CA4D,0,1,1,4294967295,0,0
oInvCollPH,48,1520,00347DBA,0,1,1,4294967295,0,0
oInvCollPH,64,1520,000DB6ED,0,1,1,4294967295,0,0
oInvCollPH,80,1520,0026EA21,0,1,1,4294967295,0,0
oInvCollPH,96,1520,002301AA,0,1,1,4294967295,0,0
oInvCollPH,112,1520,0004C964,0,1,1,4294967295,0,0
oInvCollPH,128,1520,0035C90C,0,1,1,4294967295,0,0
oInvCollPH,144,1520,0029F8BD,0,1,1,4294967295,0,0
oInvCollPH,160,1520,001ECDA0,0,1,1,4294967295,0,0
oInvCollPH,176,1520,002C17B3,0,1,1,4294967295,0,0
oInvCollPH,192,1520,0006F14C,0,1,1,4294967295,0,0
oInvCollPH,208,1520,001DE3CA,0,1,1,4294967295,0,0
oInvCollPH,224,1520,00109650,0,1,1,4294967295,0,0
oInvCollPH,240,1520,002E2AAA,0,1,1,4294967295,0,0
oInvCollPH,256,1520,0018AE53,0,1,1,4294967295,0,0
oInvCollPH,320,1520,003B8515,0,1,1,4294967295,0,0
oInvCollPH,336,1520,0030C98E,0,1,1,4294967295,0,0
oInvCollPH,352,1520,0004C34E,0,1,1,4294967295,0,0
oInvCollPH,400,1520,0014AA6D,0,1,1,4294967295,0,0
oInvCollPH,416,1520,003205D1,0,1,1,4294967295,0,0
oInvCollPH,432,1520,002DD905,0,1,1,4294967295,0,0
oInvCollPH,448,1520,002A7DA5,0,1,1,4294967295,0,0
oInvCollPH,464,1520,000597AB,0,1,1,4294967295,0,0
oInvCollPH,272,1520,0021B98F,0,1,1,4294967295,0,0
oInvCollPH,288,1520,00377FBA,0,1,1,4294967295,0,0
oInvCollPH,304,1520,0027AE06,0,1,1,4294967295,0,0
oInvCollPH,480,1520,001EAC32,0,1,1,4294967295,0,0
oInvCollPH,496,1520,001B5021,0,1,1,4294967295,0,0
oInvCollPH,512,1520,002902CA,0,1,1,4294967295,0,0
oInvCollPH,528,1520,001F6DF6,0,1,1,4294967295,0,0
oInvCollPH,544,1520,003F7BB7,0,1,1,4294967295,0,0
oInvCollPH,560,1520,002250BE,0,1,1,4294967295,0,0
oInvCollPH,576,1520,003CCFC0,0,1,1,4294967295,0,0
oInvCollPH,592,1520,002FC8E6,0,1,1,4294967295,0,0
oInvCollPH,608,1520,001476B3,0,1,1,4294967295,0,0
oInvCollPH,624,1520,003AF06E,0,1,1,4294967295,0,0
oInvCollPH,640,1520,002C65AF,0,1,1,4294967295,0,0
oInvCollPH,656,1520,0021D213,0,1,1,4294967295,0,0
oInvCollPH,672,1520,0006202F,0,1,1,4294967295,0,0
oInvCollPH,688,1520,003CB675,0,1,1,4294967295,0,0
oInvCollPH,704,1520,002BA070,0,1,1,4294967295,0,0
oInvCollPH,720,1520,0019678C,0,1,1,4294967295,0,0
oInvCollPH,32,32,000197DE,0,1,1,4294967295,0,0
oInvCollPH,48,32,002E6BDD,0,1,1,4294967295,0,0
oInvCollPH,64,32,00011C0B,0,1,1,4294967295,0,0
oInvCollPH,80,32,002591BB,0,1,1,4294967295,0,0
oInvCollPH,96,32,0018B5CE,0,1,1,4294967295,0,0
oInvCollPH,112,32,003EF6F5,0,1,1,4294967295,0,0
oInvCollPH,128,32,0003DDA1,0,1,1,4294967295,0,0
oInvCollPH,144,32,00387FDF,0,1,1,4294967295,0,0
oInvCollPH,160,32,0030A00A,0,1,1,4294967295,0,0
oInvCollPH,176,32,0035865B,0,1,1,4294967295,0,0
oInvCollPH,192,32,00313E68,0,1,1,4294967295,0,0
oInvCollPH,208,32,00057585,0,1,1,4294967295,0,0
oInvCollPH,224,32,003673DB,0,1,1,4294967295,0,0
oInvCollPH,240,32,003C6B02,0,1,1,4294967295,0,0
oInvCollPH,256,32,0024B91A,0,1,1,4294967295,0,0
oInvCollPH,272,32,0026E838,0,1,1,4294967295,0,0
oInvCollPH,288,32,00275697,0,1,1,4294967295,0,0
oInvCollPH,304,32,0015A4C0,0,1,1,4294967295,0,0
oInvCollPH,320,32,000CF6C2,0,1,1,4294967295,0,0
oInvCollPH,336,32,003A8307,0,1,1,4294967295,0,0
oInvCollPH,352,32,002094A5,0,1,1,4294967295,0,0
oInvCollPH,400,32,002BE9D9,0,1,1,4294967295,0,0
oInvCollPH,416,32,001A243D,0,1,1,4294967295,0,0
oInvCollPH,432,32,003750CD,0,1,1,4294967295,0,0
oInvCollPH,448,32,002C7DBA,0,1,1,4294967295,0,0
oInvCollPH,464,32,003487FD,0,1,1,4294967295,0,0
oInvCollPH,480,32,0013A360,0,1,1,4294967295,0,0
oInvCollPH,496,32,001CE1F4,0,1,1,4294967295,0,0
oInvCollPH,512,32,0037ECFD,0,1,1,4294967295,0,0
oInvCollPH,528,32,0020949B,0,1,1,4294967295,0,0
oInvCollPH,544,32,003F07ED,0,1,1,4294967295,0,0
oInvCollPH,560,32,0027639A,0,1,1,4294967295,0,0
oInvCollPH,576,32,0009608A,0,1,1,4294967295,0,0
oInvCollPH,592,32,000C50CE,0,1,1,4294967295,0,0
oInvCollPH,608,32,000AECFD,0,1,1,4294967295,0,0
oInvCollPH,624,32,00139F49,0,1,1,4294967295,0,0
oInvCollPH,640,32,003B2E07,0,1,1,4294967295,0,0
oInvCollPH,656,32,00237ADD,0,1,1,4294967295,0,0
oInvCollPH,672,32,0001D060,0,1,1,4294967295,0,0
oInvCollPH,688,32,004032DB,0,1,1,4294967295,0,0
oInvCollPH,704,32,000093D2,0,1,1,4294967295,0,0
oInvCollPH,720,32,0028DF03,0,1,1,4294967295,0,0
oInvCollPH,384,48,002E70CC,0,1,1,4294967295,0,0
oInvCollPH,384,64,001A8DFE,0,1,1,4294967295,0,0
oInvCollPH,384,80,003893DA,0,1,1,4294967295,0,0
oInvCollPH,384,96,000ADC5D,0,1,1,4294967295,0,0
oInvCollPH,384,112,00033D53,0,1,1,4294967295,0,0
oInvCollPH,384,128,000FCE96,0,1,1,4294967295,0,0
oInvCollPH,384,144,001AF2F2,0,1,1,4294967295,0,0
oInvCollPH,384,160,00327F68,0,1,1,4294967295,0,0
oInvCollPH,384,176,003E5043,0,1,1,4294967295,0,0
oInvCollPH,384,192,000AC88E,0,1,1,4294967295,0,0
oInvCollPH,368,64,0019B2E8,0,1,1,4294967295,0,0
oInvCollPH,368,80,001643B3,0,1,1,4294967295,0,0
oInvCollPH,368,96,003D6511,0,1,1,4294967295,0,0
oInvCollPH,368,112,002ABBF6,0,1,1,4294967295,0,0
oInvCollPH,368,128,0011A9F3,0,1,1,4294967295,0,0
oInvCollPH,368,144,0022BFC9,0,1,1,4294967295,0,0
oInvCollPH,368,160,00142CDB,0,1,1,4294967295,0,0
oInvCollPH,368,176,00153C1E,0,1,1,4294967295,0,0
oInvCollPH,368,192,003DA04F,0,1,1,4294967295,0,0
oInvCollPH,368,208,003EDD1A,0,1,1,4294967295,0,0
oInvCollPH,368,224,001CEAC2,0,1,1,4294967295,0,0
oInvCollPH,368,240,00389379,0,1,1,4294967295,0,0
oInvCollPH,368,256,00267E14,0,1,1,4294967295,0,0
oInvCollPH,368,272,00161CCA,0,1,1,4294967295,0,0
oInvCollPH,368,288,002A3FCD,0,1,1,4294967295,0,0
oInvCollPH,368,304,00238143,0,1,1,4294967295,0,0
oInvCollPH,368,320,00389CD3,0,1,1,4294967295,0,0
oInvCollPH,368,336,00055F5C,0,1,1,4294967295,0,0
oInvCollPH,384,224,0028BB07,0,1,1,4294967295,0,0
oInvCollPH,384,240,003E1D38,0,1,1,4294967295,0,0
oInvCollPH,384,256,0013DF9F,0,1,1,4294967295,0,0
oInvCollPH,384,272,0020CE9A,0,1,1,4294967295,0,0
oInvCollPH,384,368,00298C27,0,1,1,4294967295,0,0
oInvCollPH,384,304,00314F06,0,1,1,4294967295,0,0
oInvCollPH,384,320,002A794F,0,1,1,4294967295,0,0
oInvCollPH,384,336,002F5578,0,1,1,4294967295,0,0
oInvCollPH,384,352,0000F982,0,1,1,4294967295,0,0
oInvCollPH,368,368,001F341A,0,1,1,4294967295,0,0
oInvCollPH,368,384,0015444C,0,1,1,4294967295,0,0
oInvCollPH,368,400,00360FA6,0,1,1,4294967295,0,0
oInvCollPH,368,416,0007C9EB,0,1,1,4294967295,0,0
oInvCollPH,368,432,003F6D32,0,1,1,4294967295,0,0
oInvCollPH,368,448,003F1A4D,0,1,1,4294967295,0,0
oInvCollPH,384,384,00108E4C,0,1,1,4294967295,0,0
oInvCollPH,384,400,000DFDE0,0,1,1,4294967295,0,0
oInvCollPH,384,416,00234C64,0,1,1,4294967295,0,0
oInvCollPH,384,432,000FE140,0,1,1,4294967295,0,0
oInvCollPH,384,448,0007AC74,0,1,1,4294967295,0,0
oInvCollPH,368,464,0023038F,0,1,1,4294967295,0,0
oInvCollPH,368,480,003F80A3,0,1,1,4294967295,0,0
oInvCollPH,368,496,0001CD8F,0,1,1,4294967295,0,0
oInvCollPH,368,512,0033DDFF,0,1,1,4294967295,0,0
oInvCollPH,368,528,00083C27,0,1,1,4294967295,0,0
oInvCollPH,368,544,00337D65,0,1,1,4294967295,0,0
oInvCollPH,368,560,001A4CF4,0,1,1,4294967295,0,0
oInvCollPH,368,576,001DE057,0,1,1,4294967295,0,0
oInvCollPH,368,592,00036D90,0,1,1,4294967295,0,0
oInvCollPH,368,608,003EBDEA,0,1,1,4294967295,0,0
oInvCollPH,384,608,00388D16,0,1,1,4294967295,0,0
oInvCollPH,384,592,00030F26,0,1,1,4294967295,0,0
oInvCollPH,384,576,00187C49,0,1,1,4294967295,0,0
oInvCollPH,384,560,000052D9,0,1,1,4294967295,0,0
oInvCollPH,384,544,00264D42,0,1,1,4294967295,0,0
oInvCollPH,384,528,00040C69,0,1,1,4294967295,0,0
oInvCollPH,384,512,003A1C7D,0,1,1,4294967295,0,0
oInvCollPH,384,496,002AD151,0,1,1,4294967295,0,0
oInvCollPH,384,480,001D1218,0,1,1,4294967295,0,0
oInvCollPH,384,464,001E3575,0,1,1,4294967295,0,0
oInvCollPH,368,624,00124E54,0,1,1,4294967295,0,0
oInvCollPH,368,640,002CC8F6,0,1,1,4294967295,0,0
oInvCollPH,368,656,000E94B0,0,1,1,4294967295,0,0
oInvCollPH,368,672,0018E2B2,0,1,1,4294967295,0,0
oInvCollPH,368,688,0031CC6B,0,1,1,4294967295,0,0
oInvCollPH,368,704,00051B17,0,1,1,4294967295,0,0
oInvCollPH,368,720,00380085,0,1,1,4294967295,0,0
oInvCollPH,368,736,0025F221,0,1,1,4294967295,0,0
oInvCollPH,368,752,0015606F,0,1,1,4294967295,0,0
oInvCollPH,368,768,0030AB0B,0,1,1,4294967295,0,0
oInvCollPH,368,784,00264996,0,1,1,4294967295,0,0
oInvCollPH,368,800,001721A5,0,1,1,4294967295,0,0
oInvCollPH,368,816,00107AC2,0,1,1,4294967295,0,0
oInvCollPH,368,832,001D0217,0,1,1,4294967295,0,0
oInvCollPH,368,848,003AB77B,0,1,1,4294967295,0,0
oInvCollPH,368,864,003BD499,0,1,1,4294967295,0,0
oInvCollPH,384,864,0025A67F,0,1,1,4294967295,0,0
oInvCollPH,384,848,000CB27A,0,1,1,4294967295,0,0
oInvCollPH,384,832,00015E1B,0,1,1,4294967295,0,0
oInvCollPH,384,816,00273BC8,0,1,1,4294967295,0,0
oInvCollPH,384,800,001923D9,0,1,1,4294967295,0,0
oInvCollPH,384,784,0008FD99,0,1,1,4294967295,0,0
oInvCollPH,384,768,002CFCB2,0,1,1,4294967295,0,0
oInvCollPH,384,752,00328672,0,1,1,4294967295,0,0
oInvCollPH,384,736,003B6A39,0,1,1,4294967295,0,0
oInvCollPH,384,720,00328DAF,0,1,1,4294967295,0,0
oInvCollPH,384,704,00178255,0,1,1,4294967295,0,0
oInvCollPH,384,688,003BDD6C,0,1,1,4294967295,0,0
oInvCollPH,384,672,003F789D,0,1,1,4294967295,0,0
oInvCollPH,384,656,000472D5,0,1,1,4294967295,0,0
oInvCollPH,384,640,000259C1,0,1,1,4294967295,0,0
oInvCollPH,368,896,002B6B07,0,1,1,4294967295,0,0
oInvCollPH,368,912,000B96C5,0,1,1,4294967295,0,0
oInvCollPH,368,928,00006FEF,0,1,1,4294967295,0,0
oInvCollPH,368,944,0029ED2C,0,1,1,4294967295,0,0
oInvCollPH,368,960,002CFE4E,0,1,1,4294967295,0,0
oInvCollPH,368,976,0024BBFA,0,1,1,4294967295,0,0
oInvCollPH,368,992,00400C6E,0,1,1,4294967295,0,0
oInvCollPH,368,1008,000E30B1,0,1,1,4294967295,0,0
oInvCollPH,368,1024,003A3AAF,0,1,1,4294967295,0,0
oInvCollPH,368,1040,002E619B,0,1,1,4294967295,0,0
oInvCollPH,368,1056,0037CB8F,0,1,1,4294967295,0,0
oInvCollPH,368,1072,0031FC32,0,1,1,4294967295,0,0
oInvCollPH,384,880,0029ABBF,0,1,1,4294967295,0,0
oInvCollPH,384,896,0002CAB0,0,1,1,4294967295,0,0
oInvCollPH,384,912,002812BD,0,1,1,4294967295,0,0
oInvCollPH,384,928,00316043,0,1,1,4294967295,0,0
oInvCollPH,384,944,000578F5,0,1,1,4294967295,0,0
oInvCollPH,384,960,002F2D65,0,1,1,4294967295,0,0
oInvCollPH,384,976,000208D5,0,1,1,4294967295,0,0
oInvCollPH,384,992,002DC33A,0,1,1,4294967295,0,0
oInvCollPH,384,1008,003C3F20,0,1,1,4294967295,0,0
oInvCollPH,384,1024,00204F24,0,1,1,4294967295,0,0
oInvCollPH,384,1040,0010A526,0,1,1,4294967295,0,0
oInvCollPH,384,1056,000D4111,0,1,1,4294967295,0,0
oInvCollPH,384,1072,0029363B,0,1,1,4294967295,0,0
oInvCollPH,368,1088,003A910B,0,1,1,4294967295,0,0
oInvCollPH,368,1104,0040100C,0,1,1,4294967295,0,0
oInvCollPH,368,1120,0029995C,0,1,1,4294967295,0,0
oInvCollPH,368,1136,003FAFC2,0,1,1,4294967295,0,0
oInvCollPH,368,1152,0012D041,0,1,1,4294967295,0,0
oInvCollPH,368,1168,0027ACC2,0,1,1,4294967295,0,0
oInvCollPH,368,1184,0002CC7F,0,1,1,4294967295,0,0
oInvCollPH,368,1200,0005994F,0,1,1,4294967295,0,0
oInvCollPH,368,1216,00258442,0,1,1,4294967295,0,0
oInvCollPH,368,1232,00139B86,0,1,1,4294967295,0,0
oInvCollPH,368,1248,00254BCC,0,1,1,4294967295,0,0
oInvCollPH,384,1248,003B3CD4,0,1,1,4294967295,0,0
oInvCollPH,384,1232,003525EA,0,1,1,4294967295,0,0
oInvCollPH,384,1216,001D17E2,0,1,1,4294967295,0,0
oInvCollPH,384,1200,00376C47,0,1,1,4294967295,0,0
oInvCollPH,384,1184,001EEB5E,0,1,1,4294967295,0,0
oInvCollPH,384,1168,00211A26,0,1,1,4294967295,0,0
oInvCollPH,384,1152,00043503,0,1,1,4294967295,0,0
oInvCollPH,384,1136,00182970,0,1,1,4294967295,0,0
oInvCollPH,384,1120,000F7C52,0,1,1,4294967295,0,0
oInvCollPH,384,1104,003FE18B,0,1,1,4294967295,0,0
oInvCollPH,368,1280,001DDE24,0,1,1,4294967295,0,0
oInvCollPH,368,1296,001C3C67,0,1,1,4294967295,0,0
oInvCollPH,368,1312,0006B9F3,0,1,1,4294967295,0,0
oInvCollPH,368,1328,000632AC,0,1,1,4294967295,0,0
oInvCollPH,384,1280,00096D13,0,1,1,4294967295,0,0
oInvCollPH,384,1296,003C54F6,0,1,1,4294967295,0,0
oInvCollPH,384,1312,0011966E,0,1,1,4294967295,0,0
oInvCollPH,384,1328,001BB742,0,1,1,4294967295,0,0
oInvCollPH,368,1360,003A785F,0,1,1,4294967295,0,0
oInvCollPH,368,1376,00199190,0,1,1,4294967295,0,0
oInvCollPH,368,1392,0032498D,0,1,1,4294967295,0,0
oInvCollPH,368,1408,003FEDE6,0,1,1,4294967295,0,0
oInvCollPH,384,1360,0026F2CA,0,1,1,4294967295,0,0
oInvCollPH,384,1376,000B6F5A,0,1,1,4294967295,0,0
oInvCollPH,384,1392,002BE53B,0,1,1,4294967295,0,0
oInvCollPH,384,1408,0002021E,0,1,1,4294967295,0,0
oInvCollPH,384,1440,00085735,0,1,1,4294967295,0,0
oInvCollPH,368,1440,000748CC,0,1,1,4294967295,0,0
oInvCollPH,368,1456,001421CC,0,1,1,4294967295,0,0
oInvCollPH,368,1472,00201E7B,0,1,1,4294967295,0,0
oInvCollPH,368,1488,0003F181,0,1,1,4294967295,0,0
oInvCollPH,368,1504,002F2F47,0,1,1,4294967295,0,0
oInvCollPH,384,1504,0010AB93,0,1,1,4294967295,0,0
oInvCollPH,384,1488,000953ED,0,1,1,4294967295,0,0
oInvCollPH,384,1472,0017F780,0,1,1,4294967295,0,0
oInvCollPH,384,1456,00248550,0,1,1,4294967295,0,0
oInvCollPH,560,1168,00309FAE,0,1,1,4294967295,0,0
oInvCollPH,576,1168,003EF844,0,1,1,4294967295,0,0
oInvCollPH,592,1168,0007C2D2,0,1,1,4294967295,0,0
oInvCollPH,608,1168,00124D2A,0,1,1,4294967295,0,0
oInvCollPH,624,1168,0013C98D,0,1,1,4294967295,0,0
oInvCollPH,624,1184,000FD7B7,0,1,1,4294967295,0,0
oInvCollPH,624,1200,0015CFD4,0,1,1,4294967295,0,0
oInvCollPH,624,1216,001E7BE9,0,1,1,4294967295,0,0
oInvCollPH,624,1232,000739C2,0,1,1,4294967295,0,0
oInvCollPH,608,1232,001B45A9,0,1,1,4294967295,0,0
oInvCollPH,592,1232,0016B95F,0,1,1,4294967295,0,0
oInvCollPH,576,1232,003B6386,0,1,1,4294967295,0,0
oInvCollPH,560,1232,0001379E,0,1,1,4294967295,0,0
oInvCollPH,544,1232,0004917C,0,1,1,4294967295,0,0
oInvCollPH,544,1216,0011A53D,0,1,1,4294967295,0,0
oInvCollPH,544,1200,002306FE,0,1,1,4294967295,0,0
oInvCollPH,544,1184,00070A39,0,1,1,4294967295,0,0
oInvCollPH,560,912,003EDDAC,0,1,1,4294967295,0,0
oInvCollPH,560,928,002DB571,0,1,1,4294967295,0,0
oInvCollPH,560,944,00197E1D,0,1,1,4294967295,0,0
oInvCollPH,560,960,0020A1B5,0,1,1,4294967295,0,0
oInvCollPH,576,960,00299788,0,1,1,4294967295,0,0
oInvCollPH,592,960,00163976,0,1,1,4294967295,0,0
oInvCollPH,608,960,00206C62,0,1,1,4294967295,0,0
oInvCollPH,624,960,000A069D,0,1,1,4294967295,0,0
oInvCollPH,640,960,0027AF19,0,1,1,4294967295,0,0
oInvCollPH,640,944,003076BD,0,1,1,4294967295,0,0
oInvCollPH,640,928,0039761C,0,1,1,4294967295,0,0
oInvCollPH,640,912,002B4561,0,1,1,4294967295,0,0
oInvCollPH,640,896,000C0813,0,1,1,4294967295,0,0
oInvCollPH,624,896,000CEAF9,0,1,1,4294967295,0,0
oInvCollPH,608,896,0020EE1D,0,1,1,4294967295,0,0
oInvCollPH,592,896,0029BC66,0,1,1,4294967295,0,0
oInvCollPH,576,896,0015156E,0,1,1,4294967295,0,0
oInvCollPH,16,48,0019BFA4,0,1,1,4294967295,0,0
oInvCollPH,16,64,003DAC32,0,1,1,4294967295,0,0
oInvCollPH,16,80,003F920C,0,1,1,4294967295,0,0
oInvCollPH,16,96,0035E059,0,1,1,4294967295,0,0
oInvCollPH,16,112,001E37A6,0,1,1,4294967295,0,0
oInvCollPH,16,128,000CE567,0,1,1,4294967295,0,0
oInvCollPH,16,144,000A6735,0,1,1,4294967295,0,0
oInvCollPH,16,176,000214F6,0,1,1,4294967295,0,0
oInvCollPH,16,192,002462F7,0,1,1,4294967295,0,0
oInvCollPH,16,208,002BDCDB,0,1,1,4294967295,0,0
oInvCollPH,16,224,001E2F88,0,1,1,4294967295,0,0
oInvCollPH,16,240,00211333,0,1,1,4294967295,0,0
oInvCollPH,16,256,003C1991,0,1,1,4294967295,0,0
oInvCollPH,16,272,0021A73E,0,1,1,4294967295,0,0
oInvCollPH,16,288,002C490B,0,1,1,4294967295,0,0
oInvCollPH,16,304,00355B5C,0,1,1,4294967295,0,0
oInvCollPH,16,320,00175B57,0,1,1,4294967295,0,0
oInvCollPH,16,336,002D3921,0,1,1,4294967295,0,0
oInvCollPH,16,352,0002E965,0,1,1,4294967295,0,0
oInvCollPH,16,368,0010D3D6,0,1,1,4294967295,0,0
oInvCollPH,16,384,001AF51F,0,1,1,4294967295,0,0
oInvCollPH,16,400,003DAABE,0,1,1,4294967295,0,0
oInvCollPH,16,416,002360DB,0,1,1,4294967295,0,0
oInvCollPH,16,432,00022A31,0,1,1,4294967295,0,0
oInvCollPH,16,464,003B9AB7,0,1,1,4294967295,0,0
oInvCollPH,16,480,0028AB79,0,1,1,4294967295,0,0
oInvCollPH,16,496,00130676,0,1,1,4294967295,0,0
oInvCollPH,16,512,00125619,0,1,1,4294967295,0,0
oInvCollPH,16,528,0033F577,0,1,1,4294967295,0,0
oInvCollPH,16,544,0027B467,0,1,1,4294967295,0,0
oInvCollPH,16,560,001C32C5,0,1,1,4294967295,0,0
oInvCollPH,16,576,002BFD56,0,1,1,4294967295,0,0
oInvCollPH,16,592,000DD13E,0,1,1,4294967295,0,0
oInvCollPH,16,608,00281A47,0,1,1,4294967295,0,0
oInvCollPH,16,624,003B1DB7,0,1,1,4294967295,0,0
oInvCollPH,16,656,0010FC05,0,1,1,4294967295,0,0
oInvCollPH,16,672,0027AC20,0,1,1,4294967295,0,0
oInvCollPH,16,688,00072643,0,1,1,4294967295,0,0
oInvCollPH,16,704,002A6B4D,0,1,1,4294967295,0,0
oInvCollPH,16,720,00263B73,0,1,1,4294967295,0,0
oInvCollPH,16,736,001E5039,0,1,1,4294967295,0,0
oInvCollPH,16,768,00162AAB,0,1,1,4294967295,0,0
oInvCollPH,16,784,00364E09,0,1,1,4294967295,0,0
oInvCollPH,16,800,00248780,0,1,1,4294967295,0,0
oInvCollPH,16,816,001E369A,0,1,1,4294967295,0,0
oInvCollPH,16,832,002B2A52,0,1,1,4294967295,0,0
oInvCollPH,16,848,002FFEC2,0,1,1,4294967295,0,0
oInvCollPH,16,864,002EE425,0,1,1,4294967295,0,0
oInvCollPH,16,880,0011916F,0,1,1,4294967295,0,0
oInvCollPH,16,896,00173224,0,1,1,4294967295,0,0
oInvCollPH,16,912,003FADCE,0,1,1,4294967295,0,0
oInvCollPH,16,928,00065E48,0,1,1,4294967295,0,0
oInvCollPH,16,960,00142759,0,1,1,4294967295,0,0
oInvCollPH,16,976,0027893F,0,1,1,4294967295,0,0
oInvCollPH,16,992,001D406F,0,1,1,4294967295,0,0
oInvCollPH,16,1008,0011DF4A,0,1,1,4294967295,0,0
oInvCollPH,16,1024,002438D9,0,1,1,4294967295,0,0
oInvCollPH,16,1040,0018016D,0,1,1,4294967295,0,0
oInvCollPH,16,1056,000F0A22,0,1,1,4294967295,0,0
oInvCollPH,16,1072,001524EC,0,1,1,4294967295,0,0
oInvCollPH,16,1088,002D8850,0,1,1,4294967295,0,0
oInvCollPH,16,1104,0005DE78,0,1,1,4294967295,0,0
oInvCollPH,16,1120,00203AF5,0,1,1,4294967295,0,0
oInvCollPH,16,1152,00270198,0,1,1,4294967295,0,0
oInvCollPH,16,1168,00235F28,0,1,1,4294967295,0,0
oInvCollPH,16,1184,0013D90D,0,1,1,4294967295,0,0
oInvCollPH,16,1200,00147528,0,1,1,4294967295,0,0
oInvCollPH,16,1216,002062C0,0,1,1,4294967295,0,0
oInvCollPH,16,1232,0030A01E,0,1,1,4294967295,0,0
oInvCollPH,16,1248,001F09CB,0,1,1,4294967295,0,0
oInvCollPH,16,1264,00385576,0,1,1,4294967295,0,0
oInvCollPH,16,1280,0008524C,0,1,1,4294967295,0,0
oInvCollPH,16,1296,001DA379,0,1,1,4294967295,0,0
oInvCollPH,16,1312,00398909,0,1,1,4294967295,0,0
oInvCollPH,16,1344,0019E07F,0,1,1,4294967295,0,0
oInvCollPH,16,1360,0021EE3B,0,1,1,4294967295,0,0
oInvCollPH,16,1376,00007B8F,0,1,1,4294967295,0,0
oInvCollPH,16,1392,000F1365,0,1,1,4294967295,0,0
oInvCollPH,16,1408,0039A146,0,1,1,4294967295,0,0
oInvCollPH,16,1424,0027AFE5,0,1,1,4294967295,0,0
oInvCollPH,16,1440,0023C94B,0,1,1,4294967295,0,0
oInvCollPH,16,1456,0030730E,0,1,1,4294967295,0,0
oInvCollPH,16,1472,0027BA13,0,1,1,4294967295,0,0
oInvCollPH,16,1488,001E581C,0,1,1,4294967295,0,0
oInvCollPH,16,1504,0020CF3D,0,1,1,4294967295,0,0
oInvCollPH,736,1504,001CCFA5,0,1,1,4294967295,0,0
oInvCollPH,736,1488,001B6193,0,1,1,4294967295,0,0
oInvCollPH,736,1472,003E15D9,0,1,1,4294967295,0,0
oInvCollPH,736,1456,000D531C,0,1,1,4294967295,0,0
oInvCollPH,736,1440,0033D32C,0,1,1,4294967295,0,0
oInvCollPH,736,1424,001AF3B0,0,1,1,4294967295,0,0
oInvCollPH,736,1408,0007ECE5,0,1,1,4294967295,0,0
oInvCollPH,736,1392,0034E0E2,0,1,1,4294967295,0,0
oInvCollPH,736,1376,00195007,0,1,1,4294967295,0,0
oInvCollPH,736,1360,0030FAEA,0,1,1,4294967295,0,0
oInvCollPH,736,1344,001BB2AE,0,1,1,4294967295,0,0
oInvCollPH,736,1328,001D6FA9,0,1,1,4294967295,0,0
oInvCollPH,736,1312,001C353C,0,1,1,4294967295,0,0
oInvCollPH,736,1296,001CA8A7,0,1,1,4294967295,0,0
oInvCollPH,736,1280,0023954D,0,1,1,4294967295,0,0
oInvCollPH,736,1264,003926D9,0,1,1,4294967295,0,0
oInvCollPH,736,1248,000FAB1A,0,1,1,4294967295,0,0
oInvCollPH,736,1232,002FE601,0,1,1,4294967295,0,0
oInvCollPH,736,1216,001B49B4,0,1,1,4294967295,0,0
oInvCollPH,736,1200,0025F683,0,1,1,4294967295,0,0
oInvCollPH,736,1184,000381F6,0,1,1,4294967295,0,0
oInvCollPH,736,1168,002EE285,0,1,1,4294967295,0,0
oInvCollPH,736,1152,0003F9AC,0,1,1,4294967295,0,0
oInvCollPH,736,1136,002C0BCF,0,1,1,4294967295,0,0
oInvCollPH,736,1120,000204DE,0,1,1,4294967295,0,0
oInvCollPH,736,1104,00306118,0,1,1,4294967295,0,0
oInvCollPH,736,1088,0020CCB1,0,1,1,4294967295,0,0
oInvCollPH,736,1056,00017A5A,0,1,1,4294967295,0,0
oInvCollPH,736,1040,0012F37E,0,1,1,4294967295,0,0
oInvCollPH,736,1024,0037FA82,0,1,1,4294967295,0,0
oInvCollPH,736,1008,001DED5B,0,1,1,4294967295,0,0
oInvCollPH,736,992,001A857A,0,1,1,4294967295,0,0
oInvCollPH,736,976,001138D8,0,1,1,4294967295,0,0
oInvCollPH,736,960,002A8869,0,1,1,4294967295,0,0
oInvCollPH,736,944,0002EA21,0,1,1,4294967295,0,0
oInvCollPH,736,928,001BF1AB,0,1,1,4294967295,0,0
oInvCollPH,736,912,003E64CB,0,1,1,4294967295,0,0
oInvCollPH,736,896,0000E089,0,1,1,4294967295,0,0
oInvCollPH,736,880,0018D528,0,1,1,4294967295,0,0
oInvCollPH,736,864,003FDF03,0,1,1,4294967295,0,0
oInvCollPH,736,848,0031EB0B,0,1,1,4294967295,0,0
oInvCollPH,736,832,0033CF26,0,1,1,4294967295,0,0
oInvCollPH,736,816,002C7D0F,0,1,1,4294967295,0,0
oInvCollPH,736,784,00397A66,0,1,1,4294967295,0,0
oInvCollPH,736,768,003068C1,0,1,1,4294967295,0,0
oInvCollPH,736,752,00092CD5,0,1,1,4294967295,0,0
oInvCollPH,736,736,003F24F6,0,1,1,4294967295,0,0
oInvCollPH,736,720,00099475,0,1,1,4294967295,0,0
oInvCollPH,736,704,0005199B,0,1,1,4294967295,0,0
oInvCollPH,736,688,0038C447,0,1,1,4294967295,0,0
oInvCollPH,736,672,00144C70,0,1,1,4294967295,0,0
oInvCollPH,736,656,0003EC3D,0,1,1,4294967295,0,0
oInvCollPH,736,640,0020E067,0,1,1,4294967295,0,0
oInvCollPH,736,624,002D859F,0,1,1,4294967295,0,0
oInvCollPH,736,608,0012216E,0,1,1,4294967295,0,0
oInvCollPH,736,592,002C584B,0,1,1,4294967295,0,0
oInvCollPH,736,576,002703BB,0,1,1,4294967295,0,0
oInvCollPH,736,560,0030EFE5,0,1,1,4294967295,0,0
oInvCollPH,736,544,00219B3C,0,1,1,4294967295,0,0
oInvCollPH,736,528,00103CD5,0,1,1,4294967295,0,0
oInvCollPH,736,512,0028A6D7,0,1,1,4294967295,0,0
oInvCollPH,736,496,0002175F,0,1,1,4294967295,0,0
oInvCollPH,736,464,00017C81,0,1,1,4294967295,0,0
oInvCollPH,736,448,00268390,0,1,1,4294967295,0,0
oInvCollPH,736,432,000D841D,0,1,1,4294967295,0,0
oInvCollPH,736,416,000EFD70,0,1,1,4294967295,0,0
oInvCollPH,736,400,00356937,0,1,1,4294967295,0,0
oInvCollPH,736,368,00369577,0,1,1,4294967295,0,0
oInvCollPH,736,352,002D95A5,0,1,1,4294967295,0,0
oInvCollPH,736,336,000D2A19,0,1,1,4294967295,0,0
oInvCollPH,736,320,002B161B,0,1,1,4294967295,0,0
oInvCollPH,736,304,000EBDAB,0,1,1,4294967295,0,0
oInvCollPH,736,288,003A6024,0,1,1,4294967295,0,0
oInvCollPH,736,272,00268CC9,0,1,1,4294967295,0,0
oInvCollPH,736,256,000C41C6,0,1,1,4294967295,0,0
oInvCollPH,736,240,00129F1B,0,1,1,4294967295,0,0
oInvCollPH,736,224,00099D9C,0,1,1,4294967295,0,0
oInvCollPH,736,208,002FB5B9,0,1,1,4294967295,0,0
oInvCollPH,736,192,00313E0E,0,1,1,4294967295,0,0
oInvCollPH,736,176,001A9645,0,1,1,4294967295,0,0
oInvCollPH,736,160,002AE5B0,0,1,1,4294967295,0,0
oInvCollPH,736,128,0008D2E8,0,1,1,4294967295,0,0
oInvCollPH,736,112,00167BA2,0,1,1,4294967295,0,0
oInvCollPH,736,96,0010B7BC,0,1,1,4294967295,0,0
oInvCollPH,736,80,003E3A62,0,1,1,4294967295,0,0
oInvCollPH,736,64,000821CE,0,1,1,4294967295,0,0
oInvCollPH,352,1264,001C647F,0,1,1,4294967295,0,0
oInvCollPH,400,1264,0018DDA6,0,1,1,4294967295,0,0
oInvCollPH,416,1264,0026CEE9,0,1,1,4294967295,0,0
oInvCollPH,320,1344,0016B7D2,0,1,1,4294967295,0,0
oInvCollPH,336,1344,00111740,0,1,1,4294967295,0,0
oInvCollPH,352,1344,0005B835,0,1,1,4294967295,0,0
oInvCollPH,400,1344,003DD4A0,0,1,1,4294967295,0,0
oInvCollPH,416,1344,0028864D,0,1,1,4294967295,0,0
oInvCollPH,432,1344,001508DD,0,1,1,4294967295,0,0
oInvCollPH,448,1344,00002CA9,0,1,1,4294967295,0,0
oInvCollPH,288,1424,002C914A,0,1,1,4294967295,0,0
oInvCollPH,304,1424,002FA37B,0,1,1,4294967295,0,0
oInvCollPH,320,1424,001640CC,0,1,1,4294967295,0,0
oInvCollPH,336,1424,001AC901,0,1,1,4294967295,0,0
oInvCollPH,352,1424,00144485,0,1,1,4294967295,0,0
oInvCollPH,400,1424,00192B00,0,1,1,4294967295,0,0
oInvCollPH,416,1424,000D0603,0,1,1,4294967295,0,0
oInvCollPH,432,1424,000E97FC,0,1,1,4294967295,0,0
oInvCollPH,448,1424,0022DEE9,0,1,1,4294967295,0,0
oInvCollPH,464,1424,0004DF0E,0,1,1,4294967295,0,0
oInvCollPH,480,1424,002E496E,0,1,1,4294967295,0,0
oInvCollPH,496,1424,00046080,0,1,1,4294967295,0,0
oInvCollPH,512,1424,0038780B,0,1,1,4294967295,0,0
oInvCollPH,528,1424,002E55F2,0,1,1,4294967295,0,0
oInvCollPH,544,1424,001519AE,0,1,1,4294967295,0,0
oInvCollPH,448,1168,0003187C,0,1,1,4294967295,0,0
oInvCollPH,464,1168,00226F2C,0,1,1,4294967295,0,0
oInvCollPH,480,1168,002FED78,0,1,1,4294967295,0,0
oInvCollPH,496,1168,000AC302,0,1,1,4294967295,0,0
oInvCollPH,512,1168,003C9749,0,1,1,4294967295,0,0
oInvCollPH,528,1168,001B3E7A,0,1,1,4294967295,0,0
oInvCollPH,416,1088,001ED49F,0,1,1,4294967295,0,0
oInvCollPH,128,1424,001800ED,0,1,1,4294967295,0,0
oInvCollPH,144,1424,0040334F,0,1,1,4294967295,0,0
oInvCollPH,160,1424,00248E08,0,1,1,4294967295,0,0
oInvCollPH,176,1424,000C4BA9,0,1,1,4294967295,0,0
oInvCollPH,192,1424,000D189D,0,1,1,4294967295,0,0
oInvCollPH,208,1424,000BEABD,0,1,1,4294967295,0,0
oInvCollPH,224,1424,00034A0A,0,1,1,4294967295,0,0
oInvCollPH,48,1328,000E2D69,0,1,1,4294967295,0,0
oInvCollPH,64,1328,00327311,0,1,1,4294967295,0,0
oInvCollPH,80,1328,00011F68,0,1,1,4294967295,0,0
oInvCollPH,96,1328,0027253A,0,1,1,4294967295,0,0
oInvCollPH,112,1328,0034B6BD,0,1,1,4294967295,0,0
oInvCollPH,128,1328,00116646,0,1,1,4294967295,0,0
oInvCollPH,144,1328,0039A45B,0,1,1,4294967295,0,0
oInvCollPH,320,1072,00396F20,0,1,1,4294967295,0,0
oInvCollPH,352,880,0007EBDA,0,1,1,4294967295,0,0
oInvCollPH,320,688,00147241,0,1,1,4294967295,0,0
oInvCollPH,48,640,00370E8F,0,1,1,4294967295,0,0
oInvCollPH,416,624,00125FDA,0,1,1,4294967295,0,0
oInvCollPH,448,720,003D0AD2,0,1,1,4294967295,0,0
oInvCollPH,688,576,0010C040,0,1,1,4294967295,0,0
oInvCollPH,448,448,0003BD56,0,1,1,4294967295,0,0
oInvCollPH,528,368,003B489F,0,1,1,4294967295,0,0
oInvCollPH,416,208,000BEB51,0,1,1,4294967295,0,0
oInvCollPH,720,384,0011934D,0,1,1,4294967295,0,0
oInvCollPH,240,256,0007A101,0,1,1,4294967295,0,0
oInvCollPH,256,256,00160313,0,1,1,4294967295,0,0
oInvCollPH,272,256,00238E92,0,1,1,4294967295,0,0
oInvCollPH,112,352,0036005E,0,1,1,4294967295,0,0
oInvCollPH,128,352,0023FEC3,0,1,1,4294967295,0,0
oInvCollPH,144,352,001B775F,0,1,1,4294967295,0,0
oInvCollPH,48,448,00243C74,0,1,1,4294967295,0,0
oInvCollPH,64,448,00332D11,0,1,1,4294967295,0,0
oInvCollPH,80,448,002DF04A,0,1,1,4294967295,0,0
oInvCollPH,240,448,001776F5,0,1,1,4294967295,0,0
oInvCollPH,256,448,002251DB,0,1,1,4294967295,0,0
oInvCollPH,272,448,0016C391,0,1,1,4294967295,0,0
oInvCollPH,304,352,0022A50A,0,1,1,4294967295,0,0
oInvCollPH,320,352,0009DA9C,0,1,1,4294967295,0,0
oInvCollPH,336,352,00124AAE,0,1,1,4294967295,0,0
oInvCollPH,352,352,00223493,0,1,1,4294967295,0,0
oInvCollPH,128,544,000BD7B4,0,1,1,4294967295,0,0
oInvCollPH,144,544,001050A7,0,1,1,4294967295,0,0
oInvCollPH,160,544,002A3F65,0,1,1,4294967295,0,0
oInvCollPH,176,544,001FA6C8,0,1,1,4294967295,0,0
oInvCollPH,192,544,002D9CDC,0,1,1,4294967295,0,0
oInvCollPH,464,560,00009FAB,0,1,1,4294967295,0,0
oInvCollPH,480,560,0037B032,0,1,1,4294967295,0,0
oInvCollPH,496,560,00270439,0,1,1,4294967295,0,0
oInvCollPH,256,640,000EF1A7,0,1,1,4294967295,0,0
oInvCollPH,272,640,00197EB2,0,1,1,4294967295,0,0
oInvCollPH,288,640,0031DBA1,0,1,1,4294967295,0,0
oInvCollPH,528,640,0025D404,0,1,1,4294967295,0,0
oInvCollPH,544,640,0007E47E,0,1,1,4294967295,0,0
oInvCollPH,560,640,00336AAB,0,1,1,4294967295,0,0
oInvCollPH,592,720,002FA435,0,1,1,4294967295,0,0
oInvCollPH,608,720,000757EE,0,1,1,4294967295,0,0
oInvCollPH,624,720,000032D5,0,1,1,4294967295,0,0
oInvCollPH,528,144,0010E590,0,1,1,4294967295,0,0
oInvCollPH,544,144,00188B66,0,1,1,4294967295,0,0
oInvCollPH,560,144,0002893D,0,1,1,4294967295,0,0
oInvCollPH,576,144,002D1FE5,0,1,1,4294967295,0,0
oInvCollPH,592,144,001C592D,0,1,1,4294967295,0,0
oInvCollPH,608,144,00127713,0,1,1,4294967295,0,0
oInvCollPH,624,144,0028108C,0,1,1,4294967295,0,0
oInvCollPH,640,144,0034D19D,0,1,1,4294967295,0,0
oInvCollPH,656,144,00285182,0,1,1,4294967295,0,0
oInvCollPH,672,144,000541BA,0,1,1,4294967295,0,0
oInvCollPH,688,144,002285B2,0,1,1,4294967295,0,0
oInvCollPH,704,144,000DED00,0,1,1,4294967295,0,0
oInvCollPH,720,144,001564C3,0,1,1,4294967295,0,0
oInvCollPH,720,480,0011298A,0,1,1,4294967295,0,0
oInvCollPH,704,480,00311E55,0,1,1,4294967295,0,0
oInvCollPH,688,480,003BCC4F,0,1,1,4294967295,0,0
oInvCollPH,672,480,00211103,0,1,1,4294967295,0,0
oInvCollPH,656,480,003040F8,0,1,1,4294967295,0,0
oInvCollPH,640,480,0018D9F3,0,1,1,4294967295,0,0
oInvCollPH,624,480,003C6CF4,0,1,1,4294967295,0,0
oInvCollPH,608,480,00153999,0,1,1,4294967295,0,0
oInvCollPH,592,480,0038CC09,0,1,1,4294967295,0,0
oInvCollPH,576,480,0019D8FF,0,1,1,4294967295,0,0
oInvCollPH,560,480,0010F55A,0,1,1,4294967295,0,0
oInvCollPH,416,288,003911E7,0,1,1,4294967295,0,0
oInvCollPH,432,288,002C08D0,0,1,1,4294967295,0,0
oInvCollPH,448,288,0033D08D,0,1,1,4294967295,0,0
oInvCollPH,464,288,00054F13,0,1,1,4294967295,0,0
oInvCollPH,480,288,00037055,0,1,1,4294967295,0,0
oInvCollPH,496,288,001098C8,0,1,1,4294967295,0,0
oInvCollPH,512,288,00258737,0,1,1,4294967295,0,0
oInvCollPH,528,288,00146435,0,1,1,4294967295,0,0
oInvCollPH,544,288,001D273D,0,1,1,4294967295,0,0
oInvCollPH,560,288,00084DFD,0,1,1,4294967295,0,0
oInvCollPH,576,288,003E2277,0,1,1,4294967295,0,0
oInvCollPH,592,288,000921E0,0,1,1,4294967295,0,0
oInvCollPH,608,288,002B5204,0,1,1,4294967295,0,0
oInvCollPH,448,896,001B2126,0,1,1,4294967295,0,0
oInvCollPH,464,896,003C1B89,0,1,1,4294967295,0,0
oInvCollPH,480,896,001058FD,0,1,1,4294967295,0,0
oInvCollPH,496,896,001534CC,0,1,1,4294967295,0,0
oInvCollPH,512,896,0039ED44,0,1,1,4294967295,0,0
oInvCollPH,528,896,003D6087,0,1,1,4294967295,0,0
oInvCollPH,544,896,00277250,0,1,1,4294967295,0,0
oInvCollPH,624,800,0008387D,0,1,1,4294967295,0,0
oInvCollPH,640,800,00158472,0,1,1,4294967295,0,0
oInvCollPH,656,800,0020BD9B,0,1,1,4294967295,0,0
oInvCollPH,672,800,003F88A9,0,1,1,4294967295,0,0
oInvCollPH,688,800,00271C6A,0,1,1,4294967295,0,0
oInvCollPH,704,800,000394F6,0,1,1,4294967295,0,0
oInvCollPH,720,800,00192BEE,0,1,1,4294967295,0,0
oInvCollPH,528,1072,0029326C,0,1,1,4294967295,0,0
oInvCollPH,544,1072,00167B8A,0,1,1,4294967295,0,0
oInvCollPH,560,1072,002153F8,0,1,1,4294967295,0,0
oInvCollPH,576,1072,001325CD,0,1,1,4294967295,0,0
oInvCollPH,592,1072,000C5E57,0,1,1,4294967295,0,0
oInvCollPH,608,1072,001FDFE5,0,1,1,4294967295,0,0
oInvCollPH,624,1072,0028A13E,0,1,1,4294967295,0,0
oInvCollPH,640,1072,003F3341,0,1,1,4294967295,0,0
oInvCollPH,656,1072,000DEB09,0,1,1,4294967295,0,0
oInvCollPH,672,1072,003AD3C2,0,1,1,4294967295,0,0
oInvCollPH,688,1072,000751F4,0,1,1,4294967295,0,0
oInvCollPH,704,1072,00193FB0,0,1,1,4294967295,0,0
oInvCollPH,720,1072,00223031,0,1,1,4294967295,0,0
oInvCollPH,112,1232,0008A026,0,1,1,4294967295,0,0
oInvCollPH,128,1232,00073BD8,0,1,1,4294967295,0,0
oInvCollPH,144,1232,000FE65E,0,1,1,4294967295,0,0
oInvCollPH,160,1232,001BE533,0,1,1,4294967295,0,0
oInvCollPH,176,1232,002AC2C5,0,1,1,4294967295,0,0
oInvCollPH,192,1232,000F75E5,0,1,1,4294967295,0,0
oInvCollPH,208,1232,00068ADC,0,1,1,4294967295,0,0
oInvCollPH,224,1232,000207B9,0,1,1,4294967295,0,0
oInvCollPH,240,1232,00230EB3,0,1,1,4294967295,0,0
oInvCollPH,48,1136,001B5010,0,1,1,4294967295,0,0
oInvCollPH,64,1136,0023DC1C,0,1,1,4294967295,0,0
oInvCollPH,80,1136,00041BCC,0,1,1,4294967295,0,0
oInvCollPH,96,1136,003809CB,0,1,1,4294967295,0,0
oInvCollPH,112,1136,003A4BB8,0,1,1,4294967295,0,0
oInvCollPH,128,1136,00167BBF,0,1,1,4294967295,0,0
oInvCollPH,144,1136,00260FA9,0,1,1,4294967295,0,0
oInvCollPH,160,1136,0029EA33,0,1,1,4294967295,0,0
oInvCollPH,176,1136,003F44E7,0,1,1,4294967295,0,0
oInvCollPH,112,1040,0000E426,0,1,1,4294967295,0,0
oInvCollPH,128,1040,001263A0,0,1,1,4294967295,0,0
oInvCollPH,144,1040,003B84C9,0,1,1,4294967295,0,0
oInvCollPH,160,1040,0003A042,0,1,1,4294967295,0,0
oInvCollPH,176,1040,001365B3,0,1,1,4294967295,0,0
oInvCollPH,256,1232,001B7408,0,1,1,4294967295,0,0
oInvCollPH,272,1232,002450D6,0,1,1,4294967295,0,0
oInvCollPH,288,1232,00048E8C,0,1,1,4294967295,0,0
oInvCollPH,192,1136,001329C4,0,1,1,4294967295,0,0
oInvCollPH,208,1136,001AB72B,0,1,1,4294967295,0,0
oInvCollPH,192,1040,00284AF6,0,1,1,4294967295,0,0
oInvCollPH,208,1040,0028F1A3,0,1,1,4294967295,0,0
oInvCollPH,224,1040,0038CE83,0,1,1,4294967295,0,0
oInvCollPH,240,1040,001EC0AE,0,1,1,4294967295,0,0
oInvCollPH,256,1040,0034E2C0,0,1,1,4294967295,0,0
oInvCollPH,272,1040,00034E52,0,1,1,4294967295,0,0
oInvCollPH,48,944,0020C6BA,0,1,1,4294967295,0,0
oInvCollPH,64,944,0021AF8D,0,1,1,4294967295,0,0
oInvCollPH,80,944,000C0D0C,0,1,1,4294967295,0,0
oInvCollPH,96,944,0028E628,0,1,1,4294967295,0,0
oInvCollPH,112,944,00287686,0,1,1,4294967295,0,0
oInvCollPH,128,944,000B0412,0,1,1,4294967295,0,0
oInvCollPH,144,944,000D4E9C,0,1,1,4294967295,0,0
oInvCollPH,160,944,00376CBE,0,1,1,4294967295,0,0
oInvCollPH,176,944,0008F72F,0,1,1,4294967295,0,0
oInvCollPH,192,944,002C763F,0,1,1,4294967295,0,0
oInvCollPH,208,944,00158713,0,1,1,4294967295,0,0
oInvCollPH,112,848,001E5219,0,1,1,4294967295,0,0
oInvCollPH,128,848,0023F455,0,1,1,4294967295,0,0
oInvCollPH,144,848,00111C79,0,1,1,4294967295,0,0
oInvCollPH,160,848,0029745D,0,1,1,4294967295,0,0
oInvCollPH,176,848,002135C0,0,1,1,4294967295,0,0
oInvCollPH,192,848,0033390E,0,1,1,4294967295,0,0
oInvCollPH,208,848,000D6287,0,1,1,4294967295,0,0
oInvCollPH,224,848,00253961,0,1,1,4294967295,0,0
oInvCollPH,240,848,00248B7D,0,1,1,4294967295,0,0
oInvCollPH,256,848,001103CE,0,1,1,4294967295,0,0
oInvCollPH,272,848,0006F1D5,0,1,1,4294967295,0,0
oInvCollPH,48,752,001E7C3A,0,1,1,4294967295,0,0
oInvCollPH,64,752,003F8F0D,0,1,1,4294967295,0,0
oInvCollPH,80,752,003A551D,0,1,1,4294967295,0,0
oInvCollPH,96,752,00081B80,0,1,1,4294967295,0,0
oInvCollPH,128,752,00047237,0,1,1,4294967295,0,0
oInvCollPH,144,752,003A05DE,0,1,1,4294967295,0,0
oInvCollPH,160,752,00109CD2,0,1,1,4294967295,0,0
oInvCollPH,176,752,000DBB72,0,1,1,4294967295,0,0
oInvCollPH,112,752,0012E71D,0,1,1,4294967295,0,0
oInvCollPH,624,1264,00258D06,0,1,1,4294967295,0,0
oInvCollPH,624,1280,00237656,0,1,1,4294967295,0,0
oInvCollPH,624,1296,00274723,0,1,1,4294967295,0,0
oInvCollPH,624,1312,001D0A18,0,1,1,4294967295,0,0
oInvCollPH,624,1328,0028231C,0,1,1,4294967295,0,0
oInvCollPH,624,1344,00131968,0,1,1,4294967295,0,0
oInvCollPH,624,1360,00099F3C,0,1,1,4294967295,0,0
oInvCollPH,624,1376,003A0532,0,1,1,4294967295,0,0
oInvCollPH,624,1392,002628E6,0,1,1,4294967295,0,0
oInvCollPH,624,1408,0013EB87,0,1,1,4294967295,0,0
oInvCollPH,624,1424,00261329,0,1,1,4294967295,0,0
oInvCollPH,608,320,0022D28A,0,1,1,4294967295,0,0
oInvCollPH,48,160,00072B9C,0,1,1,4294967295,0,0
oInvCollPH,64,160,00060050,0,1,1,4294967295,0,0
oInvCollPH,80,160,002931FB,0,1,1,4294967295,0,0
oInvCollPH,96,160,001AF28B,0,1,1,4294967295,0,0
oInvCollPH,112,160,003AF06A,0,1,1,4294967295,0,0
oInvCollPH,128,160,000485C1,0,1,1,4294967295,0,0
oInvCollPH,144,160,00355591,0,1,1,4294967295,0,0
oInvCollPH,160,160,000B25AB,0,1,1,4294967295,0,0
oInvCollPH,176,160,0033E438,0,1,1,4294967295,0,0
oInvCollPH,192,160,002D8163,0,1,1,4294967295,0,0
oInvCollPH,208,160,003941A3,0,1,1,4294967295,0,0
oInvCollPH,288,672,0024628A,0,1,1,4294967295,0,0
oInvCollPH,288,688,00347BAC,0,1,1,4294967295,0,0
oInvCollPH,288,704,0001B25B,0,1,1,4294967295,0,0
oInvCollPH,288,720,00038E2D,0,1,1,4294967295,0,0
oInvCollPH,288,736,00134613,0,1,1,4294967295,0,0
oInvCollPH,288,752,00129561,0,1,1,4294967295,0,0
oInvCollPH,288,768,0029F4ED,0,1,1,4294967295,0,0
oInvCollPH,288,784,002ED355,0,1,1,4294967295,0,0
oInvCollPH,288,800,002037C1,0,1,1,4294967295,0,0
oInvCollPH,288,816,00074EB0,0,1,1,4294967295,0,0
oInvCollPH,288,832,00040465,0,1,1,4294967295,0,0
oInvCollPH,288,848,000D0C59,0,1,1,4294967295,0,0
oInvCollPH,288,864,003D96EB,0,1,1,4294967295,0,0
oInvCollPH,288,880,00269286,0,1,1,4294967295,0,0
oInvCollPH,288,896,0019FE5C,0,1,1,4294967295,0,0
oInvCollPH,288,912,003E499A,0,1,1,4294967295,0,0
oInvCollPH,288,928,0026E88E,0,1,1,4294967295,0,0
oInvCollPH,288,944,002610CB,0,1,1,4294967295,0,0
oInvCollPH,288,960,00203855,0,1,1,4294967295,0,0
oInvCollPH,288,976,003A5099,0,1,1,4294967295,0,0
oInvCollPH,288,992,001B8278,0,1,1,4294967295,0,0
oInvCollPH,288,1008,002B6B4D,0,1,1,4294967295,0,0
oInvCollPH,288,1024,0036A909,0,1,1,4294967295,0,0
oInvCollPH,288,1040,000D4CEA,0,1,1,4294967295,0,0
oInvCollPH,288,1056,0025D334,0,1,1,4294967295,0,0
oInvCollPH,288,1072,001F9B83,0,1,1,4294967295,0,0
oInvCollPH,288,1088,000FE4F5,0,1,1,4294967295,0,0
oInvCollPH,288,1104,0031DF76,0,1,1,4294967295,0,0
oInvCollPH,288,1120,000CB5E8,0,1,1,4294967295,0,0
oInvCollPH,288,1136,0024F0A2,0,1,1,4294967295,0,0
oInvCollPH,288,1152,003ABCA8,0,1,1,4294967295,0,0
oInvCollPH,288,1168,002DDED3,0,1,1,4294967295,0,0
oInvCollPH,288,1184,0029865B,0,1,1,4294967295,0,0
oInvCollPH,288,1200,00120EFE,0,1,1,4294967295,0,0
oInvCollPH,288,1216,0006BD08,0,1,1,4294967295,0,0
oInvisibleSolid,0,1520,00294C0A,0,1,1,4294967295,0,1
oInvisibleSolid,336,1264,0022322E,0,1,1,4294967295,0,1
oInvisibleSolid,304,1344,0032C18F,0,1,1,4294967295,0,1
oInvisibleSolid,272,1424,0023AFD1,0,1,1,4294967295,0,1
oInvisibleSolid,112,1424,000EEE89,0,1,1,4294967295,0,1
oInvisibleSolid,32,1328,003349B4,0,1,1,4294967295,0,1
oInvisibleSolid,400,1088,00056224,0,1,1,4294967295,0,1
oInvisibleSolid,304,1072,00361F2B,0,1,1,4294967295,0,1
oInvisibleSolid,336,880,002E8AAE,0,1,1,4294967295,0,1
oInvisibleSolid,304,688,0004A0BF,0,1,1,4294967295,0,1
oInvisibleSolid,240,640,000A7840,0,1,1,4294967295,0,1
oInvisibleSolid,32,752,00214B21,0,1,1,4294967295,0,1
oInvisibleSolid,96,848,00235A00,0,1,1,4294967295,0,1
oInvisibleSolid,32,944,003FCCF8,0,1,1,4294967295,0,1
oInvisibleSolid,288,656,0031C76F,0,1,1,4294967295,0,1
oInvisibleSolid,96,1040,0024101E,0,1,1,4294967295,0,1
oInvisibleSolid,32,1136,0012D42C,0,1,1,4294967295,0,1
oInvisibleSolid,96,1232,001096DC,0,1,1,4294967295,0,1
oInvisibleSolid,432,1168,001B1494,0,1,1,4294967295,0,1
oInvisibleSolid,544,1168,000E0C8A,0,1,1,4294967295,0,1
oInvisibleSolid,624,1248,00357B0A,0,1,1,4294967295,0,1
oInvisibleSolid,512,1072,00392A05,0,1,1,4294967295,0,1
oInvisibleSolid,432,896,0029CA80,0,1,1,4294967295,0,1
oInvisibleSolid,560,896,002CA229,0,1,1,4294967295,0,1
oInvisibleSolid,608,800,002D7B49,0,1,1,4294967295,0,1
oInvisibleSolid,576,720,003CB1D8,0,1,1,4294967295,0,1
oInvisibleSolid,432,720,001221CC,0,1,1,4294967295,0,1
oInvisibleSolid,400,624,002013BC,0,1,1,4294967295,0,1
oInvisibleSolid,512,640,000FEC12,0,1,1,4294967295,0,1
oInvisibleSolid,448,560,002C4B9C,0,1,1,4294967295,0,1
oInvisibleSolid,432,448,0021E01E,0,1,1,4294967295,0,1
oInvisibleSolid,544,480,00350D5D,0,1,1,4294967295,0,1
oInvisibleSolid,704,384,0038C0E5,0,1,1,4294967295,0,1
oInvisibleSolid,0,0,001714EC,0,1,1,4294967295,0,1
oInvisibleSolid,368,48,002E91D9,0,1,1,4294967295,0,1
oInvisibleSolid,0,48,003C7126,0,1,1,4294967295,0,1
oInvisibleSolid,736,48,0022F2A7,0,1,1,4294967295,0,1
oInvisibleSolid,512,144,0015774F,0,1,1,4294967295,0,1
oInvisibleSolid,400,208,000A474E,0,1,1,4294967295,0,1
oInvisibleSolid,400,288,003D44A3,0,1,1,4294967295,0,1
oInvisibleSolid,608,304,003C4C5F,0,1,1,4294967295,0,1
oInvisibleSolid,32,160,002DD8C8,0,1,1,4294967295,0,1
oInvisibleSolid,32,448,00386965,0,1,1,4294967295,0,1
oInvisibleSolid,112,544,00248E72,0,1,1,4294967295,0,1
oInvisibleSolid,96,352,00309704,0,1,1,4294967295,0,1
oInvisibleSolid,224,256,0021C21B,0,1,1,4294967295,0,1
oInvisibleSolid,224,448,002C0FD3,0,1,1,4294967295,0,1
oInvisibleSolid,288,352,000639ED,0,1,1,4294967295,0,1
oInvisibleSolid,512,368,000374A3,0,1,1,4294967295,0,1
oInvisibleSolid,32,640,00278F7F,0,1,1,4294967295,0,1
oInvisibleSolid,672,576,003CEC2E,0,1,1,4294967295,0,1
oTD_DirChange,344,336,002AFC0B,0,1,1,4294967295,0,1
oTD_DirChange,144,528,00012E83,0,1,1,4294967295,0,1
oTD_DirChange,288,624,003F41F3,0,1,1,4294967295,0,1
oTD_DirChange,128,736,00274E22,0,1,1,4294967295,0,1
oTD_DirChange,272,832,00238FAD,0,1,1,4294967295,0,1
oTD_DirChange,48,928,0025F320,0,1,1,4294967295,0,1
oTD_DirChange,48,1120,000C1327,0,1,1,4294967295,0,1
oTD_DirChange,48,1312,00155EBA,0,1,1,4294967295,0,1
oTD_DirChange,272,1024,0025AEE2,0,1,1,4294967295,0,1
oTD_DirChange,272,1216,001EE8C5,0,1,1,4294967295,0,1
oTD_DirChange,232,1408,000C596B,0,1,1,4294967295,0,1
oTD_DirChange,48,1504,002F65FA,0,1,1,4294967295,0,1
oTD_DirChange,720,1504,0029B496,0,1,1,4294967295,0,1
oTD_DirChange,448,1152,00258CCD,0,1,1,4294967295,0,1
oTD_DirChange,720,1056,002AAB19,0,1,1,4294967295,0,1
oTD_DirChange,528,880,0038F3A1,0,1,1,4294967295,0,1
oTD_DirChange,720,784,001AC548,0,1,1,4294967295,0,1
oTD_DirChange,464,544,003A96D5,0,1,1,4294967295,0,1
oTD_DirChange,448,272,00250CA5,0,1,1,4294967295,0,1
oTD_DirChange,704,464,003F48AF,0,1,1,4294967295,0,1
oTD_DirChange,720,368,00175A09,0,1,1,4294967295,0,1
oTD_DirChange,416,192,0033569F,0,1,1,4294967295,0,1
