oExit,0,288,001AAD4E,0,1,1,4294967295,0,1
oWarpStatue,144,320,000EF822,0,1,1,4294967295,0,1
oLevelDecal,1248,224,000ABB9D,0,1,1,4294967295,0,1
oExit,1392,288,0033CA5E,0,1,1,4294967295,0,1
oHealingPost,224,320,00343B4D,0,1,1,4294967295,0,0
oPlayer1,48,320,00017304,0,1,1,4294967295,0,0
oInvCollPH,192,208,0030238D,0,1,1,4294967295,0,0
oInvCollPH,192,224,0000360F,0,1,1,4294967295,0,0
oInvCollPH,192,240,00360DF5,0,1,1,4294967295,0,0
oInvCollPH,208,240,0017BFC0,0,1,1,4294967295,0,0
oInvCollPH,224,240,0021AA69,0,1,1,4294967295,0,0
oInvCollPH,240,240,0009C614,0,1,1,4294967295,0,0
oInvCollPH,240,224,0014CF73,0,1,1,4294967295,0,0
oInvCollPH,240,208,0013E746,0,1,1,4294967295,0,0
oInvCollPH,240,192,0000A796,0,1,1,4294967295,0,0
oInvCollPH,0,240,00128C6E,0,1,1,4294967295,0,0
oInvCollPH,16,240,001A5178,0,1,1,4294967295,0,0
oInvCollPH,32,240,000A7960,0,1,1,4294967295,0,0
oInvCollPH,48,240,001CBC2A,0,1,1,4294967295,0,0
oInvCollPH,64,240,0023989B,0,1,1,4294967295,0,0
oInvCollPH,80,240,001280E0,0,1,1,4294967295,0,0
oInvCollPH,80,224,00037DAD,0,1,1,4294967295,0,0
oInvCollPH,80,208,00059031,0,1,1,4294967295,0,0
oInvCollPH,80,192,0006445C,0,1,1,4294967295,0,0
oInvCollPH,240,64,0039DEA3,0,1,1,4294967295,0,0
oInvCollPH,240,80,0019C18D,0,1,1,4294967295,0,0
oInvCollPH,240,96,00146099,0,1,1,4294967295,0,0
oInvCollPH,240,112,0008415A,0,1,1,4294967295,0,0
oInvCollPH,240,128,001837C5,0,1,1,4294967295,0,0
oInvCollPH,240,144,00024CAE,0,1,1,4294967295,0,0
oInvCollPH,240,160,003E9607,0,1,1,4294967295,0,0
oInvCollPH,240,176,003A4488,0,1,1,4294967295,0,0
oInvCollPH,96,176,000BED24,0,1,1,4294967295,0,0
oInvCollPH,112,176,00397BDC,0,1,1,4294967295,0,0
oInvCollPH,128,176,001CC3AC,0,1,1,4294967295,0,0
oInvCollPH,144,176,002E9028,0,1,1,4294967295,0,0
oInvCollPH,160,176,000EB2EB,0,1,1,4294967295,0,0
oInvCollPH,176,176,001B7C50,0,1,1,4294967295,0,0
oInvCollPH,448,304,001D03E9,0,1,1,4294967295,0,0
oInvCollPH,464,288,000B48B6,0,1,1,4294967295,0,0
oInvCollPH,480,288,0017ACF7,0,1,1,4294967295,0,0
oInvCollPH,496,272,000B1CF6,0,1,1,4294967295,0,0
oInvCollPH,512,256,00238761,0,1,1,4294967295,0,0
oInvCollPH,528,256,00105FC4,0,1,1,4294967295,0,0
oInvCollPH,544,256,00097793,0,1,1,4294967295,0,0
oInvCollPH,560,256,00357A90,0,1,1,4294967295,0,0
oInvCollPH,576,256,0005B44D,0,1,1,4294967295,0,0
oInvCollPH,576,272,001F1B2B,0,1,1,4294967295,0,0
oInvCollPH,592,288,003F9545,0,1,1,4294967295,0,0
oInvCollPH,608,288,0011C9A9,0,1,1,4294967295,0,0
oInvCollPH,624,288,001619F7,0,1,1,4294967295,0,0
oInvCollPH,624,304,000C1B29,0,1,1,4294967295,0,0
oInvCollPH,16,320,00012F18,0,1,1,4294967295,0,0
oInvCollPH,32,320,00318589,0,1,1,4294967295,0,0
oInvCollPH,48,320,00270055,0,1,1,4294967295,0,0
oInvCollPH,64,320,0031138A,0,1,1,4294967295,0,0
oInvCollPH,80,320,0028FAEF,0,1,1,4294967295,0,0
oInvCollPH,96,320,0032768C,0,1,1,4294967295,0,0
oInvCollPH,112,320,00126688,0,1,1,4294967295,0,0
oInvCollPH,128,320,000FD31E,0,1,1,4294967295,0,0
oInvCollPH,144,320,002FE7F5,0,1,1,4294967295,0,0
oInvCollPH,160,320,0008D88B,0,1,1,4294967295,0,0
oInvCollPH,176,320,00357D51,0,1,1,4294967295,0,0
oInvCollPH,192,320,001D94C2,0,1,1,4294967295,0,0
oInvCollPH,208,320,0005785F,0,1,1,4294967295,0,0
oInvCollPH,224,320,001475BE,0,1,1,4294967295,0,0
oInvCollPH,240,320,0007AFF8,0,1,1,4294967295,0,0
oInvCollPH,256,320,002CFD0C,0,1,1,4294967295,0,0
oInvCollPH,272,320,003D7288,0,1,1,4294967295,0,0
oInvCollPH,288,320,002C2B84,0,1,1,4294967295,0,0
oInvCollPH,304,320,000F4BA5,0,1,1,4294967295,0,0
oInvCollPH,320,320,003AD12B,0,1,1,4294967295,0,0
oInvCollPH,336,320,001A8AC3,0,1,1,4294967295,0,0
oInvCollPH,352,320,000CFAE3,0,1,1,4294967295,0,0
oInvCollPH,368,320,00251E8E,0,1,1,4294967295,0,0
oInvCollPH,384,320,002188CE,0,1,1,4294967295,0,0
oInvCollPH,400,320,001987B9,0,1,1,4294967295,0,0
oInvCollPH,416,320,003A1A43,0,1,1,4294967295,0,0
oInvCollPH,432,320,0007E042,0,1,1,4294967295,0,0
oInvCollPH,640,320,00054A21,0,1,1,4294967295,0,0
oInvCollPH,656,320,002B39C1,0,1,1,4294967295,0,0
oInvCollPH,672,320,0007CC81,0,1,1,4294967295,0,0
oInvCollPH,688,320,003433B1,0,1,1,4294967295,0,0
oInvCollPH,704,320,00220BAF,0,1,1,4294967295,0,0
oInvCollPH,720,320,003632D6,0,1,1,4294967295,0,0
oInvCollPH,736,320,00150694,0,1,1,4294967295,0,0
oInvCollPH,752,320,0000FABF,0,1,1,4294967295,0,0
oInvCollPH,768,320,001EFEE8,0,1,1,4294967295,0,0
oInvCollPH,784,320,0027B072,0,1,1,4294967295,0,0
oInvCollPH,800,320,00395363,0,1,1,4294967295,0,0
oInvCollPH,816,320,001F1EC6,0,1,1,4294967295,0,0
oInvCollPH,832,320,003CDC45,0,1,1,4294967295,0,0
oInvCollPH,848,320,00009106,0,1,1,4294967295,0,0
oInvCollPH,864,320,0022060B,0,1,1,4294967295,0,0
oInvCollPH,880,320,0031707A,0,1,1,4294967295,0,0
oInvCollPH,896,320,001548BA,0,1,1,4294967295,0,0
oInvCollPH,912,320,000580AD,0,1,1,4294967295,0,0
oInvCollPH,928,320,001EF136,0,1,1,4294967295,0,0
oInvCollPH,944,320,0015354E,0,1,1,4294967295,0,0
oInvCollPH,960,320,003C423F,0,1,1,4294967295,0,0
oInvCollPH,976,320,0008345F,0,1,1,4294967295,0,0
oInvCollPH,992,320,002F7B2B,0,1,1,4294967295,0,0
oInvCollPH,1008,320,00353315,0,1,1,4294967295,0,0
oInvCollPH,1024,320,00172215,0,1,1,4294967295,0,0
oInvCollPH,1040,320,0013408E,0,1,1,4294967295,0,0
oInvCollPH,1056,320,00364A71,0,1,1,4294967295,0,0
oInvCollPH,1072,320,00154FB8,0,1,1,4294967295,0,0
oInvCollPH,1088,320,001D5AFD,0,1,1,4294967295,0,0
oInvCollPH,1104,320,000CD82C,0,1,1,4294967295,0,0
oInvCollPH,1120,320,000515FD,0,1,1,4294967295,0,0
oInvCollPH,1136,320,001B5DA2,0,1,1,4294967295,0,0
oInvCollPH,1152,320,0034B010,0,1,1,4294967295,0,0
oInvCollPH,1168,320,00399581,0,1,1,4294967295,0,0
oInvCollPH,1184,320,00047356,0,1,1,4294967295,0,0
oInvCollPH,1296,320,001CDDDF,0,1,1,4294967295,0,0
oInvCollPH,1312,320,003AA908,0,1,1,4294967295,0,0
oInvCollPH,1328,320,001375F1,0,1,1,4294967295,0,0
oInvCollPH,1344,320,0007EB16,0,1,1,4294967295,0,0
oInvCollPH,1360,320,0016BBFE,0,1,1,4294967295,0,0
oInvCollPH,1376,320,00134DAE,0,1,1,4294967295,0,0
oInvCollPH,1392,320,00011AD8,0,1,1,4294967295,0,0
oInvCollPH,1152,112,0035AE58,0,1,1,4294967295,0,0
oInvCollPH,1168,112,003ADC33,0,1,1,4294967295,0,0
oInvCollPH,1184,112,00292FA6,0,1,1,4294967295,0,0
oInvCollPH,1200,112,003DF87B,0,1,1,4294967295,0,0
oInvCollPH,1216,112,0030AB25,0,1,1,4294967295,0,0
oInvCollPH,1232,112,001232D8,0,1,1,4294967295,0,0
oInvCollPH,1248,112,001737CF,0,1,1,4294967295,0,0
oInvCollPH,1264,112,001DFAF8,0,1,1,4294967295,0,0
oInvCollPH,1280,112,000BEEDE,0,1,1,4294967295,0,0
oInvCollPH,1296,112,00061A1B,0,1,1,4294967295,0,0
oInvCollPH,1312,112,000C4DE3,0,1,1,4294967295,0,0
oInvCollPH,1328,112,00266404,0,1,1,4294967295,0,0
oInvCollPH,1344,128,00170FB8,0,1,1,4294967295,0,0
oInvCollPH,1344,144,002A2712,0,1,1,4294967295,0,0
oInvCollPH,1344,160,003EA690,0,1,1,4294967295,0,0
oInvCollPH,1344,176,003B59B6,0,1,1,4294967295,0,0
oInvCollPH,1344,192,002753D1,0,1,1,4294967295,0,0
oInvCollPH,1344,208,0039E635,0,1,1,4294967295,0,0
oInvCollPH,1344,224,001B9650,0,1,1,4294967295,0,0
oInvCollPH,1344,240,0040405D,0,1,1,4294967295,0,0
oInvCollPH,1360,240,00127D1E,0,1,1,4294967295,0,0
oInvCollPH,1376,240,0008A70B,0,1,1,4294967295,0,0
oInvCollPH,1392,240,00323F9E,0,1,1,4294967295,0,0
oInvCollPH,1136,128,000E671A,0,1,1,4294967295,0,0
oInvCollPH,1136,144,001CD72E,0,1,1,4294967295,0,0
oInvCollPH,1136,160,0032202D,0,1,1,4294967295,0,0
oInvCollPH,1136,176,001C995A,0,1,1,4294967295,0,0
oInvCollPH,1136,192,003AAB49,0,1,1,4294967295,0,0
oInvCollPH,1136,208,002C3582,0,1,1,4294967295,0,0
oInvCollPH,1136,224,0027B209,0,1,1,4294967295,0,0
oInvCollPH,1136,240,000A522D,0,1,1,4294967295,0,0
oInvCollPH,1120,240,002D2EF3,0,1,1,4294967295,0,0
oInvCollPH,1104,240,00107D53,0,1,1,4294967295,0,0
oInvCollPH,1088,240,0012089A,0,1,1,4294967295,0,0
oInvCollPH,1072,240,002983E9,0,1,1,4294967295,0,0
oInvCollPH,1056,240,0026C12F,0,1,1,4294967295,0,0
oInvCollPH,1040,240,00344BB9,0,1,1,4294967295,0,0
oInvCollPH,1024,240,0006E6BD,0,1,1,4294967295,0,0
oInvCollPH,1008,240,0026584F,0,1,1,4294967295,0,0
oInvCollPH,992,240,001EEFFE,0,1,1,4294967295,0,0
oInvCollPH,832,80,0002993D,0,1,1,4294967295,0,0
oInvCollPH,832,96,001DF5A7,0,1,1,4294967295,0,0
oInvCollPH,832,112,0030EC83,0,1,1,4294967295,0,0
oInvCollPH,832,128,0019FC99,0,1,1,4294967295,0,0
oInvCollPH,832,144,001884DA,0,1,1,4294967295,0,0
oInvCollPH,832,160,003BC174,0,1,1,4294967295,0,0
oInvCollPH,832,176,0020D517,0,1,1,4294967295,0,0
oInvCollPH,832,192,0020D536,0,1,1,4294967295,0,0
oInvCollPH,832,208,002CBE1C,0,1,1,4294967295,0,0
oInvCollPH,832,224,0017BBC4,0,1,1,4294967295,0,0
oInvCollPH,832,240,0034D0BC,0,1,1,4294967295,0,0
oInvCollPH,848,240,00221E0E,0,1,1,4294967295,0,0
oInvCollPH,864,240,00288D8A,0,1,1,4294967295,0,0
oInvCollPH,880,240,003056F8,0,1,1,4294967295,0,0
oInvCollPH,896,240,003D10E9,0,1,1,4294967295,0,0
oInvCollPH,912,240,00267EAB,0,1,1,4294967295,0,0
oInvCollPH,928,240,00384604,0,1,1,4294967295,0,0
oInvCollPH,944,240,0016FAE3,0,1,1,4294967295,0,0
oInvCollPH,960,240,000CFFBC,0,1,1,4294967295,0,0
oInvCollPH,976,240,0022D1D1,0,1,1,4294967295,0,0
oInvCollPH,1232,288,00328965,0,1,1,4294967295,0,0
oInvCollPH,1248,288,0035A9BA,0,1,1,4294967295,0,0
oInvCollPH,1264,288,003A6C2C,0,1,1,4294967295,0,0
oInvCollPH,1216,304,000BEE91,0,1,1,4294967295,0,0
oInvCollPH,1280,304,0007434E,0,1,1,4294967295,0,0
oInvisibleSolid,0,64,0031AE1F,0,1,1,4294967295,0,1
oInvisibleSolid,0,192,003DDA1A,0,1,1,4294967295,0,1
oInvisibleSolid,192,192,001EFBF1,0,1,1,4294967295,0,1
oInvisibleSolid,0,320,00343A23,0,1,1,4294967295,0,1
oInvisibleSolid,448,288,002D4CE5,0,1,1,4294967295,0,1
oInvisibleSolid,496,256,0021DA54,0,1,1,4294967295,0,1
oInvisibleSolid,832,64,001FEC1A,0,1,1,4294967295,0,1
oInvisibleSolid,1152,64,000BC1E2,0,1,1,4294967295,0,1
oInvisibleSolid,1344,64,002E34CC,0,1,1,4294967295,0,1
oInvisibleSolid,1200,304,00323777,0,1,1,4294967295,0,1
oInvisibleSolid,1216,288,00240136,0,1,1,4294967295,0,1
oInvisibleSolid,240,0,0033B3C2,0,1,1,4294967295,0,1
oInvisibleSolid,832,0,00064FAB,0,1,1,4294967295,0,1
