oExit,0,304,0002997D,0,1,1,4294967295,0,1
oMarioRBblock,352,240,001F6B77,0,1,1,4294967295,0,0
oMarioBreakBlock,2000,224,00253321,0,1,1,4294967295,0,0
oMarioBreakBlock,2016,224,003E2135,0,1,1,4294967295,0,0
oMarioQBlock,128,272,00158022,0,1,1,4294967295,0,1
oMarioQBlock,144,272,00107015,0,1,1,4294967295,0,1
oMarioBreakBlock,3040,288,000D66A4,0,1,1,4294967295,0,0
oMarioBreakBlock,3056,288,0029B1C9,0,1,1,4294967295,0,0
oMarioBreakBlock,3072,288,000CD0DA,0,1,1,4294967295,0,0
oMarioBreakBlock,3088,288,0032F655,0,1,1,4294967295,0,0
oMarioBreakBlock,3104,288,002A605D,0,1,1,4294967295,0,0
oMarioBreakBlock,3120,288,000F68DF,0,1,1,4294967295,0,0
oMarioBreakBlock,3136,288,00195FA7,0,1,1,4294967295,0,0
oMarioBreakBlock,3152,288,002F6C59,0,1,1,4294967295,0,0
oMarioBreakBlock,3168,288,000455AB,0,1,1,4294967295,0,0
oMarioBreakBlock,3184,288,003A9D4F,0,1,1,4294967295,0,0
oMarioBreakBlock,3200,288,003F0AF9,0,1,1,4294967295,0,0
oMarioBreakBlock,3216,288,0009145E,0,1,1,4294967295,0,0
oMarioBreakBlock,3232,288,000BE931,0,1,1,4294967295,0,0
oMarioBreakBlock,3248,288,002B153B,0,1,1,4294967295,0,0
oMarioBreakBlock,3264,288,003D407B,0,1,1,4294967295,0,0
oMarioBreakBlock,3280,288,002527B2,0,1,1,4294967295,0,0
oMarioBreakBlock,3296,288,00281520,0,1,1,4294967295,0,0
oMarioBreakBlock,3312,288,00003E22,0,1,1,4294967295,0,0
oMarioBreakBlock,3328,288,002BDB08,0,1,1,4294967295,0,0
oMarioBreakBlock,3344,288,00126543,0,1,1,4294967295,0,0
oMarioBreakBlock,3360,288,000F256C,0,1,1,4294967295,0,0
oMarioBreakBlock,3376,288,000FAA37,0,1,1,4294967295,0,0
oMarioBreakBlock,3392,288,0039988F,0,1,1,4294967295,0,0
oMarioBreakBlock,3408,288,00006F3A,0,1,1,4294967295,0,0
oMarioBreakBlock,3424,288,00002DA3,0,1,1,4294967295,0,0
oMarioBreakBlock,3440,288,001B7282,0,1,1,4294967295,0,0
oMarioBreakBlock,3456,288,000BB636,0,1,1,4294967295,0,0
oMarioBreakBlock,3472,288,001CA008,0,1,1,4294967295,0,0
oMarioBreakBlock,3488,288,0001E88F,0,1,1,4294967295,0,0
oMarioBreakBlock,3504,288,002DBEBC,0,1,1,4294967295,0,0
oMarioBreakBlock,3520,288,001048B1,0,1,1,4294967295,0,0
oMarioBreakBlock,3536,288,0021E852,0,1,1,4294967295,0,0
oMarioBreakBlock,3552,288,0020C463,0,1,1,4294967295,0,0
oMarioBreakBlock,3568,288,00292BCF,0,1,1,4294967295,0,0
oMarioBreakBlock,3584,288,001D2175,0,1,1,4294967295,0,0
oMarioBreakBlock,3600,288,0037F2D0,0,1,1,4294967295,0,0
oMarioBreakBlock,3616,288,0031753D,0,1,1,4294967295,0,0
oMarioBreakBlock,3632,288,003375D6,0,1,1,4294967295,0,0
oMarioQBlock,3776,208,000F7FCD,0,1,1,4294967295,0,1
oMarioQBlock,3792,208,00091A4B,0,1,1,4294967295,0,1
oExit,3888,240,00304672,0,1,1,4294967295,0,1
oRedMBlock,384,192,002B6112,0,1,1,4294967295,0,0
oRedMBlock,400,192,0029078E,0,1,1,4294967295,0,0
oRedMBlock,416,192,000EA71E,0,1,1,4294967295,0,0
oRedMBlock,432,192,0022EFEA,0,1,1,4294967295,0,0
oLargeJumper,404,168,002F22D7,0,1,1,4294967295,0,0
oMarioSpikeCeiling,1088,112,0037EF5F,0,1,1,4294967295,0,0
oMarioSpikeCeiling,1104,112,0018C6DF,0,1,1,4294967295,0,0
oMarioSpikeCeiling,1152,112,0034BC84,0,1,1,4294967295,0,0
oMarioSpikeCeiling,1168,112,0003DA6E,0,1,1,4294967295,0,0
oMarioSpikeCeiling,384,80,002C564C,0,1,1,4294967295,0,0
oMarioSpikeCeiling,400,80,0032F61A,0,1,1,4294967295,0,0
oMarioSpikeCeiling,416,80,0012EA9C,0,1,1,4294967295,0,0
oMarioSpikeCeiling,432,80,00040E10,0,1,1,4294967295,0,0
oLavaGuy,976,336,00076FF9,0,1,1,4294967295,0,0
oMarioChainBall,256,192,000B914D,0,1,1,4294967295,0,1
oThwomp,1136,96,00232D54,0,1,1,4294967295,0,0
oMarioChainBall,688,64,000431BE,0,1,1,4294967295,0,1
oMarioChainBall,752,64,0024A538,0,1,1,4294967295,0,1
oMarioChainBall,1712,224,001D2B86,0,1,1,4294967295,0,1
oMarioChainBall,1712,224,00366FF1,0,1,1,4294967295,0,1
oMarioChainBall,1712,224,0034B662,0,1,1,4294967295,0,1
oMarioChainBall,1712,224,0029C3E0,0,1,1,4294967295,0,1
oMRustySpike,1376,144,001FAC89,0,1,1,4294967295,0,0
oMRustySpike,1392,144,0033DB97,0,1,1,4294967295,0,0
oMarioChainBall,1488,192,00103B6F,0,1,1,4294967295,0,1
oThwomp,2016,128,000104A7,0,1,1,4294967295,0,0
oThwomp,2256,96,00223632,0,1,1,4294967295,0,0
oThwomp,2320,96,000012A8,0,1,1,4294967295,0,0
oThwomp,2752,96,003E5C54,0,1,1,4294967295,0,0
oMarioChainBall,2560,288,0008BF53,0,1,1,4294967295,0,1
oMarioChainBall,2816,288,00343E8A,0,1,1,4294967295,0,1
oMarioChainBall,2688,288,003969AE,0,1,1,4294967295,0,1
oMarioChainBall,2688,288,0015EC38,0,1,1,4294967295,0,1
oThwomp,3056,128,0037847C,0,1,1,4294967295,0,0
oThwomp,3088,128,001A8718,0,1,1,4294967295,0,0
oThwomp,3120,128,002C162E,0,1,1,4294967295,0,0
oThwomp,3152,128,000BFFD2,0,1,1,4294967295,0,0
oThwomp,3184,128,0005A37E,0,1,1,4294967295,0,0
oThwomp,3216,128,001C1C86,0,1,1,4294967295,0,0
oThwomp,3312,128,003D683B,0,1,1,4294967295,0,0
oThwomp,3376,128,0018C5DC,0,1,1,4294967295,0,0
oThwomp,3408,160,003C5E0B,0,1,1,4294967295,0,0
oThwomp,3440,160,003F6835,0,1,1,4294967295,0,0
oThwomp,3632,160,000B499A,0,1,1,4294967295,0,0
oHammerBro,1264,320,003C0DE4,0,1,1,4294967295,0,0
oPlayer1,48,336,00126E7C,0,1,1,4294967295,0,0
oMarioLava,224,336,0024C180,0,1,1,4294967295,0,1
oMarioLava,928,336,001FCA79,0,1,1,4294967295,0,1
oMarioLava,1280,336,00111299,0,1,1,4294967295,0,1
oMarioLava,1440,336,0020A297,0,1,1,4294967295,0,1
oMarioLava,704,224,003A501D,0,1,1,4294967295,0,1
oMarioLava,1920,336,0017C892,0,1,1,4294967295,0,1
oMarioLava,2048,336,00379F96,0,1,1,4294967295,0,1
oMarioLava,2272,320,0031496C,0,1,1,4294967295,0,1
oMarioLava,2432,336,000F8933,0,1,1,4294967295,0,1
oMarioLava,3040,336,003B7DC8,0,1,1,4294967295,0,1
oInvCollPH,16,336,001F7EB7,0,1,1,4294967295,0,0
oInvCollPH,32,336,00128CE5,0,1,1,4294967295,0,0
oInvCollPH,48,336,002A65A7,0,1,1,4294967295,0,0
oInvCollPH,64,336,0008B64C,0,1,1,4294967295,0,0
oInvCollPH,80,336,0022029F,0,1,1,4294967295,0,0
oInvCollPH,96,336,00170029,0,1,1,4294967295,0,0
oInvCollPH,112,336,00011B18,0,1,1,4294967295,0,0
oInvCollPH,128,336,000CC836,0,1,1,4294967295,0,0
oInvCollPH,144,336,0013F16B,0,1,1,4294967295,0,0
oInvCollPH,160,336,0001FB31,0,1,1,4294967295,0,0
oInvCollPH,176,336,001C47FE,0,1,1,4294967295,0,0
oInvCollPH,192,336,002DA0F9,0,1,1,4294967295,0,0
oInvCollPH,208,336,001943DC,0,1,1,4294967295,0,0
oInvCollPH,48,176,003307B7,0,1,1,4294967295,0,0
oInvCollPH,48,192,00236185,0,1,1,4294967295,0,0
oInvCollPH,48,208,001F4F7A,0,1,1,4294967295,0,0
oInvCollPH,48,224,00099ADF,0,1,1,4294967295,0,0
oInvCollPH,48,240,0029E878,0,1,1,4294967295,0,0
oInvCollPH,48,256,0036A058,0,1,1,4294967295,0,0
oInvCollPH,32,256,000AD51C,0,1,1,4294967295,0,0
oInvCollPH,16,256,000B5F8D,0,1,1,4294967295,0,0
oInvCollPH,0,256,0018987F,0,1,1,4294967295,0,0
oInvCollPH,224,192,003B7360,0,1,1,4294967295,0,0
oInvCollPH,240,192,003BF10F,0,1,1,4294967295,0,0
oInvCollPH,256,192,0015F9E3,0,1,1,4294967295,0,0
oInvCollPH,272,192,003C6003,0,1,1,4294967295,0,0
oInvCollPH,272,176,0019CF28,0,1,1,4294967295,0,0
oInvCollPH,80,256,003D594C,0,1,1,4294967295,0,0
oInvCollPH,352,192,00201760,0,1,1,4294967295,0,0
oInvCollPH,368,192,000F4D11,0,1,1,4294967295,0,0
oInvCollPH,368,176,00348F1A,0,1,1,4294967295,0,0
oInvCollPH,368,80,001D6BB0,0,1,1,4294967295,0,0
oInvCollPH,368,96,000BF808,0,1,1,4294967295,0,0
oInvCollPH,368,112,00344758,0,1,1,4294967295,0,0
oInvCollPH,368,128,0035C962,0,1,1,4294967295,0,0
oInvCollPH,368,144,001E2BC0,0,1,1,4294967295,0,0
oInvCollPH,368,160,0035C021,0,1,1,4294967295,0,0
oInvCollPH,64,160,0004D4BB,0,1,1,4294967295,0,0
oInvCollPH,80,160,001E78E2,0,1,1,4294967295,0,0
oInvCollPH,96,160,00290D50,0,1,1,4294967295,0,0
oInvCollPH,112,160,0013F32A,0,1,1,4294967295,0,0
oInvCollPH,128,160,0009EA17,0,1,1,4294967295,0,0
oInvCollPH,144,160,00108C0C,0,1,1,4294967295,0,0
oInvCollPH,160,160,002ED669,0,1,1,4294967295,0,0
oInvCollPH,176,160,0032FCDF,0,1,1,4294967295,0,0
oInvCollPH,192,160,00247C7D,0,1,1,4294967295,0,0
oInvCollPH,208,160,001FCB5C,0,1,1,4294967295,0,0
oInvCollPH,288,160,00292809,0,1,1,4294967295,0,0
oInvCollPH,304,160,001676F8,0,1,1,4294967295,0,0
oInvCollPH,320,160,000C3D88,0,1,1,4294967295,0,0
oInvCollPH,336,160,00046DFE,0,1,1,4294967295,0,0
oInvCollPH,240,352,0004FD1F,0,1,1,4294967295,0,0
oInvCollPH,256,352,002C48C9,0,1,1,4294967295,0,0
oInvCollPH,272,352,00113245,0,1,1,4294967295,0,0
oInvCollPH,288,352,001BF342,0,1,1,4294967295,0,0
oInvCollPH,304,352,000DC90A,0,1,1,4294967295,0,0
oInvCollPH,320,336,003C2BA2,0,1,1,4294967295,0,0
oInvCollPH,336,320,001CE608,0,1,1,4294967295,0,0
oInvCollPH,352,320,002F4FA1,0,1,1,4294967295,0,0
oInvCollPH,368,320,003E6B57,0,1,1,4294967295,0,0
oInvCollPH,384,320,001D0813,0,1,1,4294967295,0,0
oInvCollPH,400,320,0005A63E,0,1,1,4294967295,0,0
oInvCollPH,416,320,000DF49E,0,1,1,4294967295,0,0
oInvCollPH,432,320,0030E49D,0,1,1,4294967295,0,0
oInvCollPH,720,240,00002CCC,0,1,1,4294967295,0,0
oInvCollPH,736,208,0011838B,0,1,1,4294967295,0,0
oInvCollPH,736,224,00169450,0,1,1,4294967295,0,0
oInvCollPH,752,192,00346392,0,1,1,4294967295,0,0
oInvCollPH,768,192,00353EA3,0,1,1,4294967295,0,0
oInvCollPH,784,192,001656FB,0,1,1,4294967295,0,0
oInvCollPH,800,192,0016DAE1,0,1,1,4294967295,0,0
oInvCollPH,816,192,001CD889,0,1,1,4294967295,0,0
oInvCollPH,832,192,00198B77,0,1,1,4294967295,0,0
oInvCollPH,848,192,00392677,0,1,1,4294967295,0,0
oInvCollPH,864,192,00010413,0,1,1,4294967295,0,0
oInvCollPH,880,192,0037FDB9,0,1,1,4294967295,0,0
oInvCollPH,896,192,003A3E5D,0,1,1,4294967295,0,0
oInvCollPH,912,192,00185552,0,1,1,4294967295,0,0
oInvCollPH,912,208,003FD3E1,0,1,1,4294967295,0,0
oInvCollPH,912,224,001A0781,0,1,1,4294967295,0,0
oInvCollPH,912,240,003423A5,0,1,1,4294967295,0,0
oInvCollPH,912,256,0003AF49,0,1,1,4294967295,0,0
oInvCollPH,912,272,00021ABC,0,1,1,4294967295,0,0
oInvCollPH,912,288,000E5699,0,1,1,4294967295,0,0
oInvCollPH,912,304,003CD256,0,1,1,4294967295,0,0
oInvCollPH,912,320,002CBFEB,0,1,1,4294967295,0,0
oInvCollPH,912,336,00303D5B,0,1,1,4294967295,0,0
oInvCollPH,448,208,003DAC2A,0,1,1,4294967295,0,0
oInvCollPH,448,224,00012C51,0,1,1,4294967295,0,0
oInvCollPH,448,240,0010FA80,0,1,1,4294967295,0,0
oInvCollPH,448,256,003AB004,0,1,1,4294967295,0,0
oInvCollPH,448,272,0033D869,0,1,1,4294967295,0,0
oInvCollPH,448,288,002219EC,0,1,1,4294967295,0,0
oInvCollPH,448,304,002F00B1,0,1,1,4294967295,0,0
oInvCollPH,688,224,00190B81,0,1,1,4294967295,0,0
oInvCollPH,688,208,003D87AE,0,1,1,4294967295,0,0
oInvCollPH,688,192,001B961E,0,1,1,4294967295,0,0
oInvCollPH,672,192,001F7231,0,1,1,4294967295,0,0
oInvCollPH,656,192,000C7374,0,1,1,4294967295,0,0
oInvCollPH,640,192,00202B93,0,1,1,4294967295,0,0
oInvCollPH,624,192,0001515F,0,1,1,4294967295,0,0
oInvCollPH,464,192,000809A5,0,1,1,4294967295,0,0
oInvCollPH,480,192,001273EB,0,1,1,4294967295,0,0
oInvCollPH,496,192,00086BDC,0,1,1,4294967295,0,0
oInvCollPH,512,192,003D6BDE,0,1,1,4294967295,0,0
oInvCollPH,528,192,00222424,0,1,1,4294967295,0,0
oInvCollPH,544,192,00046F6F,0,1,1,4294967295,0,0
oInvCollPH,560,192,00121794,0,1,1,4294967295,0,0
oInvCollPH,576,192,00152174,0,1,1,4294967295,0,0
oInvCollPH,592,192,0025BA08,0,1,1,4294967295,0,0
oInvCollPH,608,192,002E622B,0,1,1,4294967295,0,0
oInvCollPH,1344,304,00228211,0,1,1,4294967295,0,0
oInvCollPH,1344,320,000C1664,0,1,1,4294967295,0,0
oInvCollPH,1344,336,003999D8,0,1,1,4294967295,0,0
oInvCollPH,1360,288,0035932C,0,1,1,4294967295,0,0
oInvCollPH,1376,288,001C53C3,0,1,1,4294967295,0,0
oInvCollPH,1392,288,00002E65,0,1,1,4294967295,0,0
oInvCollPH,1408,288,00142E54,0,1,1,4294967295,0,0
oInvCollPH,1424,288,003E9749,0,1,1,4294967295,0,0
oInvCollPH,1424,304,0003591B,0,1,1,4294967295,0,0
oInvCollPH,1424,320,0038FE60,0,1,1,4294967295,0,0
oInvCollPH,1424,336,001001D3,0,1,1,4294967295,0,0
oInvCollPH,1120,336,0008DD5A,0,1,1,4294967295,0,0
oInvCollPH,1136,320,00377B58,0,1,1,4294967295,0,0
oInvCollPH,1152,320,0027FABF,0,1,1,4294967295,0,0
oInvCollPH,1168,320,003E94C9,0,1,1,4294967295,0,0
oInvCollPH,1184,320,000F4B1A,0,1,1,4294967295,0,0
oInvCollPH,1200,320,003C2AE6,0,1,1,4294967295,0,0
oInvCollPH,1216,320,00325913,0,1,1,4294967295,0,0
oInvCollPH,1232,320,001B7701,0,1,1,4294967295,0,0
oInvCollPH,1248,320,0003B6D9,0,1,1,4294967295,0,0
oInvCollPH,1264,320,0017BE3F,0,1,1,4294967295,0,0
oInvCollPH,1264,336,00208465,0,1,1,4294967295,0,0
oInvCollPH,944,352,000FF6FD,0,1,1,4294967295,0,0
oInvCollPH,960,352,00164F9E,0,1,1,4294967295,0,0
oInvCollPH,976,352,001D1C4E,0,1,1,4294967295,0,0
oInvCollPH,992,352,002CCE0F,0,1,1,4294967295,0,0
oInvCollPH,1008,352,0001143E,0,1,1,4294967295,0,0
oInvCollPH,1024,352,003E9C11,0,1,1,4294967295,0,0
oInvCollPH,1040,352,0007B522,0,1,1,4294967295,0,0
oInvCollPH,1056,352,002F543B,0,1,1,4294967295,0,0
oInvCollPH,1072,352,003CA6C3,0,1,1,4294967295,0,0
oInvCollPH,1088,352,0013E959,0,1,1,4294967295,0,0
oInvCollPH,1104,352,0023D369,0,1,1,4294967295,0,0
oInvCollPH,1280,352,003DD71E,0,1,1,4294967295,0,0
oInvCollPH,1296,352,001F8C5D,0,1,1,4294967295,0,0
oInvCollPH,1312,352,00111F42,0,1,1,4294967295,0,0
oInvCollPH,1328,352,0005441F,0,1,1,4294967295,0,0
oInvCollPH,1440,352,001F8FA8,0,1,1,4294967295,0,0
oInvCollPH,1456,352,002A399D,0,1,1,4294967295,0,0
oInvCollPH,1472,352,002A6725,0,1,1,4294967295,0,0
oInvCollPH,1488,352,00294FB2,0,1,1,4294967295,0,0
oInvCollPH,384,64,000AC5F6,0,1,1,4294967295,0,0
oInvCollPH,400,64,003A8E52,0,1,1,4294967295,0,0
oInvCollPH,416,64,0034AA4E,0,1,1,4294967295,0,0
oInvCollPH,432,64,0023E868,0,1,1,4294967295,0,0
oInvCollPH,448,64,002C5DFC,0,1,1,4294967295,0,0
oInvCollPH,464,64,0000B6E6,0,1,1,4294967295,0,0
oInvCollPH,480,64,0027B6C3,0,1,1,4294967295,0,0
oInvCollPH,496,64,0016937C,0,1,1,4294967295,0,0
oInvCollPH,512,64,000D8E73,0,1,1,4294967295,0,0
oInvCollPH,528,64,000C4777,0,1,1,4294967295,0,0
oInvCollPH,544,64,0015E0F3,0,1,1,4294967295,0,0
oInvCollPH,560,64,00323357,0,1,1,4294967295,0,0
oInvCollPH,576,64,003D6E71,0,1,1,4294967295,0,0
oInvCollPH,592,64,001CD9C1,0,1,1,4294967295,0,0
oInvCollPH,608,64,00045268,0,1,1,4294967295,0,0
oInvCollPH,624,64,001CC28C,0,1,1,4294967295,0,0
oInvCollPH,640,64,002A929E,0,1,1,4294967295,0,0
oInvCollPH,656,64,003B55D4,0,1,1,4294967295,0,0
oInvCollPH,672,64,001F8F65,0,1,1,4294967295,0,0
oInvCollPH,688,64,002420FB,0,1,1,4294967295,0,0
oInvCollPH,704,64,0038B351,0,1,1,4294967295,0,0
oInvCollPH,720,64,0025EBF8,0,1,1,4294967295,0,0
oInvCollPH,736,64,0015D929,0,1,1,4294967295,0,0
oInvCollPH,752,64,00306E1B,0,1,1,4294967295,0,0
oInvCollPH,768,64,001C7AFB,0,1,1,4294967295,0,0
oInvCollPH,784,64,00313ED0,0,1,1,4294967295,0,0
oInvCollPH,800,64,00355819,0,1,1,4294967295,0,0
oInvCollPH,816,64,0000E3D5,0,1,1,4294967295,0,0
oInvCollPH,832,64,0027EBD3,0,1,1,4294967295,0,0
oInvCollPH,848,64,0009BEFB,0,1,1,4294967295,0,0
oInvCollPH,864,64,00347B36,0,1,1,4294967295,0,0
oInvCollPH,880,64,000974AF,0,1,1,4294967295,0,0
oInvCollPH,896,64,00346CE0,0,1,1,4294967295,0,0
oInvCollPH,912,64,0019892F,0,1,1,4294967295,0,0
oInvCollPH,928,64,002491A9,0,1,1,4294967295,0,0
oInvCollPH,944,64,0014FCAD,0,1,1,4294967295,0,0
oInvCollPH,960,64,0031FCAE,0,1,1,4294967295,0,0
oInvCollPH,976,64,001BAE79,0,1,1,4294967295,0,0
oInvCollPH,992,64,0015BF1B,0,1,1,4294967295,0,0
oInvCollPH,1008,64,00280535,0,1,1,4294967295,0,0
oInvCollPH,1024,64,002C19BE,0,1,1,4294967295,0,0
oInvCollPH,1040,64,0001A321,0,1,1,4294967295,0,0
oInvCollPH,1056,64,0009173B,0,1,1,4294967295,0,0
oInvCollPH,1072,64,00273832,0,1,1,4294967295,0,0
oInvCollPH,1088,96,0027CFB7,0,1,1,4294967295,0,0
oInvCollPH,1104,96,001664D7,0,1,1,4294967295,0,0
oInvCollPH,1120,64,001BC8E1,0,1,1,4294967295,0,0
oInvCollPH,1136,64,001A9201,0,1,1,4294967295,0,0
oInvCollPH,1152,96,000E2247,0,1,1,4294967295,0,0
oInvCollPH,1168,96,001E0F70,0,1,1,4294967295,0,0
oInvCollPH,1184,64,00257C29,0,1,1,4294967295,0,0
oInvCollPH,1200,64,00335F26,0,1,1,4294967295,0,0
oInvCollPH,1216,64,002668A2,0,1,1,4294967295,0,0
oInvCollPH,1232,64,0003BDCC,0,1,1,4294967295,0,0
oInvCollPH,1248,64,0016564F,0,1,1,4294967295,0,0
oInvCollPH,1264,64,000B6C3D,0,1,1,4294967295,0,0
oInvCollPH,1280,80,00317141,0,1,1,4294967295,0,0
oInvCollPH,1280,96,00329C31,0,1,1,4294967295,0,0
oInvCollPH,1296,96,002EA2C4,0,1,1,4294967295,0,0
oInvCollPH,1312,96,0027CC55,0,1,1,4294967295,0,0
oInvCollPH,1328,96,000BA9BB,0,1,1,4294967295,0,0
oInvCollPH,1344,112,00076ADD,0,1,1,4294967295,0,0
oInvCollPH,1344,128,003A32DF,0,1,1,4294967295,0,0
oInvCollPH,1360,128,000FDE9F,0,1,1,4294967295,0,0
oInvCollPH,1376,128,00074650,0,1,1,4294967295,0,0
oInvCollPH,1392,128,001FE095,0,1,1,4294967295,0,0
oInvCollPH,1408,144,000CF3D5,0,1,1,4294967295,0,0
oInvCollPH,1408,160,00004DC6,0,1,1,4294967295,0,0
oInvCollPH,1424,160,000D7884,0,1,1,4294967295,0,0
oInvCollPH,1440,160,000A60C2,0,1,1,4294967295,0,0
oInvCollPH,1456,160,003C23AF,0,1,1,4294967295,0,0
oInvCollPH,1472,176,0000B367,0,1,1,4294967295,0,0
oInvCollPH,1472,192,001453A6,0,1,1,4294967295,0,0
oInvCollPH,1488,192,0010F946,0,1,1,4294967295,0,0
oInvCollPH,1504,192,000FE6CE,0,1,1,4294967295,0,0
oInvCollPH,1520,192,0014D987,0,1,1,4294967295,0,0
oInvCollPH,1536,208,001D8AFD,0,1,1,4294967295,0,0
oInvCollPH,1536,224,003890BC,0,1,1,4294967295,0,0
oInvCollPH,1552,224,003AD122,0,1,1,4294967295,0,0
oInvCollPH,1568,224,000444FB,0,1,1,4294967295,0,0
oInvCollPH,1584,224,0020B448,0,1,1,4294967295,0,0
oInvCollPH,1104,80,001ACC9B,0,1,1,4294967295,0,0
oInvCollPH,1168,80,000274C8,0,1,1,4294967295,0,0
oInvCollPH,1504,336,0032EB61,0,1,1,4294967295,0,0
oInvCollPH,1520,320,0034C9D4,0,1,1,4294967295,0,0
oInvCollPH,1536,320,0029AE27,0,1,1,4294967295,0,0
oInvCollPH,1552,320,003A45D3,0,1,1,4294967295,0,0
oInvCollPH,1568,320,0030E141,0,1,1,4294967295,0,0
oInvCollPH,1584,320,0037261C,0,1,1,4294967295,0,0
oInvCollPH,1600,320,00332CA5,0,1,1,4294967295,0,0
oInvCollPH,1616,320,0022A158,0,1,1,4294967295,0,0
oInvCollPH,1632,320,00309A2B,0,1,1,4294967295,0,0
oInvCollPH,1648,320,00360DFC,0,1,1,4294967295,0,0
oInvCollPH,1904,320,003927B7,0,1,1,4294967295,0,0
oInvCollPH,1888,320,002B236E,0,1,1,4294967295,0,0
oInvCollPH,1872,320,0028D98E,0,1,1,4294967295,0,0
oInvCollPH,1856,320,002F3FCB,0,1,1,4294967295,0,0
oInvCollPH,1840,320,00394D0B,0,1,1,4294967295,0,0
oInvCollPH,1824,320,0024A4E2,0,1,1,4294967295,0,0
oInvCollPH,1808,320,002E0519,0,1,1,4294967295,0,0
oInvCollPH,1792,320,003394FF,0,1,1,4294967295,0,0
oInvCollPH,1776,320,000F81B6,0,1,1,4294967295,0,0
oInvCollPH,1760,320,00346DFB,0,1,1,4294967295,0,0
oInvCollPH,1744,320,0025E50E,0,1,1,4294967295,0,0
oInvCollPH,1728,320,000DC9AC,0,1,1,4294967295,0,0
oInvCollPH,1712,320,00267E22,0,1,1,4294967295,0,0
oInvCollPH,1696,320,001E9EF7,0,1,1,4294967295,0,0
oInvCollPH,1680,320,000BEF6C,0,1,1,4294967295,0,0
oInvCollPH,1664,320,00136079,0,1,1,4294967295,0,0
oInvCollPH,1600,256,00324A0E,0,1,1,4294967295,0,0
oInvCollPH,1616,256,000E9281,0,1,1,4294967295,0,0
oInvCollPH,1632,256,00230E71,0,1,1,4294967295,0,0
oInvCollPH,1648,256,00174137,0,1,1,4294967295,0,0
oInvCollPH,1664,256,00203F34,0,1,1,4294967295,0,0
oInvCollPH,1680,256,001D28FB,0,1,1,4294967295,0,0
oInvCollPH,1680,240,0022D488,0,1,1,4294967295,0,0
oInvCollPH,1728,256,000D0A03,0,1,1,4294967295,0,0
oInvCollPH,1744,256,00302C54,0,1,1,4294967295,0,0
oInvCollPH,1760,256,0029BFF3,0,1,1,4294967295,0,0
oInvCollPH,1776,256,00020D2B,0,1,1,4294967295,0,0
oInvCollPH,1792,256,0035AC04,0,1,1,4294967295,0,0
oInvCollPH,1808,256,003DA071,0,1,1,4294967295,0,0
oInvCollPH,1824,256,0028FD03,0,1,1,4294967295,0,0
oInvCollPH,1840,256,000B1293,0,1,1,4294967295,0,0
oInvCollPH,1840,240,003FACE7,0,1,1,4294967295,0,0
oInvCollPH,1840,112,00126DD7,0,1,1,4294967295,0,0
oInvCollPH,1840,128,001B8677,0,1,1,4294967295,0,0
oInvCollPH,1840,144,0038E711,0,1,1,4294967295,0,0
oInvCollPH,1840,160,00191C05,0,1,1,4294967295,0,0
oInvCollPH,1840,176,0028B983,0,1,1,4294967295,0,0
oInvCollPH,1840,192,00303C78,0,1,1,4294967295,0,0
oInvCollPH,1840,208,002D893B,0,1,1,4294967295,0,0
oInvCollPH,1840,224,003BC25B,0,1,1,4294967295,0,0
oInvCollPH,1696,224,0010785A,0,1,1,4294967295,0,0
oInvCollPH,1712,224,0023E946,0,1,1,4294967295,0,0
oInvCollPH,1968,128,0020ED79,0,1,1,4294967295,0,0
oInvCollPH,1984,128,000CFD6F,0,1,1,4294967295,0,0
oInvCollPH,1984,112,00058B09,0,1,1,4294967295,0,0
oInvCollPH,2032,128,0003CD2B,0,1,1,4294967295,0,0
oInvCollPH,2048,128,0034BCE2,0,1,1,4294967295,0,0
oInvCollPH,2048,112,00029E72,0,1,1,4294967295,0,0
oInvCollPH,1904,336,0007219F,0,1,1,4294967295,0,0
oInvCollPH,1984,336,00037275,0,1,1,4294967295,0,0
oInvCollPH,2000,320,002E15EC,0,1,1,4294967295,0,0
oInvCollPH,2016,320,003FA90C,0,1,1,4294967295,0,0
oInvCollPH,2032,320,001B7E1E,0,1,1,4294967295,0,0
oInvCollPH,2032,336,0029A3D9,0,1,1,4294967295,0,0
oInvCollPH,1936,352,0024EEFF,0,1,1,4294967295,0,0
oInvCollPH,1952,352,0039088B,0,1,1,4294967295,0,0
oInvCollPH,1968,352,00355DD2,0,1,1,4294967295,0,0
oInvCollPH,2048,352,0027E240,0,1,1,4294967295,0,0
oInvCollPH,2064,352,0005B889,0,1,1,4294967295,0,0
oInvCollPH,2080,352,003E30C5,0,1,1,4294967295,0,0
oInvCollPH,2096,352,000258FD,0,1,1,4294967295,0,0
oInvCollPH,2240,288,00001087,0,1,1,4294967295,0,0
oInvCollPH,2240,304,0016B0B0,0,1,1,4294967295,0,0
oInvCollPH,2240,320,000B4114,0,1,1,4294967295,0,0
oInvCollPH,2256,272,003B00AB,0,1,1,4294967295,0,0
oInvCollPH,2256,288,0029E03E,0,1,1,4294967295,0,0
oInvCollPH,2256,304,003D6250,0,1,1,4294967295,0,0
oInvCollPH,2256,320,0026149B,0,1,1,4294967295,0,0
oInvCollPH,2240,64,0015BD50,0,1,1,4294967295,0,0
oInvCollPH,2256,64,0039E3F9,0,1,1,4294967295,0,0
oInvCollPH,2128,336,00159D9E,0,1,1,4294967295,0,0
oInvCollPH,2144,336,000A93B2,0,1,1,4294967295,0,0
oInvCollPH,2160,336,001DC080,0,1,1,4294967295,0,0
oInvCollPH,2176,336,0021D783,0,1,1,4294967295,0,0
oInvCollPH,2192,336,003954C9,0,1,1,4294967295,0,0
oInvCollPH,2208,336,0008F44B,0,1,1,4294967295,0,0
oInvCollPH,2224,336,00299666,0,1,1,4294967295,0,0
oInvCollPH,1856,96,0028CA1D,0,1,1,4294967295,0,0
oInvCollPH,1872,96,00233F3A,0,1,1,4294967295,0,0
oInvCollPH,1888,96,003989D0,0,1,1,4294967295,0,0
oInvCollPH,1904,96,0010D76A,0,1,1,4294967295,0,0
oInvCollPH,1920,96,000EABAA,0,1,1,4294967295,0,0
oInvCollPH,1936,96,0033A8F5,0,1,1,4294967295,0,0
oInvCollPH,1952,96,00050AA5,0,1,1,4294967295,0,0
oInvCollPH,2224,96,0021549B,0,1,1,4294967295,0,0
oInvCollPH,2208,96,001DD091,0,1,1,4294967295,0,0
oInvCollPH,2192,96,000E4D4E,0,1,1,4294967295,0,0
oInvCollPH,2176,96,00006132,0,1,1,4294967295,0,0
oInvCollPH,2160,96,00115B56,0,1,1,4294967295,0,0
oInvCollPH,2144,96,0023F6AE,0,1,1,4294967295,0,0
oInvCollPH,2128,96,001153B2,0,1,1,4294967295,0,0
oInvCollPH,2112,96,001E8393,0,1,1,4294967295,0,0
oInvCollPH,2096,96,002EE881,0,1,1,4294967295,0,0
oInvCollPH,2080,96,000B7231,0,1,1,4294967295,0,0
oInvCollPH,2064,96,002AF386,0,1,1,4294967295,0,0
oInvCollPH,2272,96,0021DC7A,0,1,1,4294967295,0,0
oInvCollPH,2288,96,003C29BD,0,1,1,4294967295,0,0
oInvCollPH,2288,80,000C8ABB,0,1,1,4294967295,0,0
oInvCollPH,2304,64,003E34D5,0,1,1,4294967295,0,0
oInvCollPH,2320,64,00213B1E,0,1,1,4294967295,0,0
oInvCollPH,2528,272,001D28BF,0,1,1,4294967295,0,0
oInvCollPH,2528,288,0008F6F7,0,1,1,4294967295,0,0
oInvCollPH,2528,304,00053FE6,0,1,1,4294967295,0,0
oInvCollPH,2544,304,0007023C,0,1,1,4294967295,0,0
oInvCollPH,2560,304,003596E8,0,1,1,4294967295,0,0
oInvCollPH,2576,304,002B7D96,0,1,1,4294967295,0,0
oInvCollPH,2576,288,0029405F,0,1,1,4294967295,0,0
oInvCollPH,2576,272,002F2F52,0,1,1,4294967295,0,0
oInvCollPH,2576,256,00160676,0,1,1,4294967295,0,0
oInvCollPH,2560,256,001C9184,0,1,1,4294967295,0,0
oInvCollPH,2544,256,00076374,0,1,1,4294967295,0,0
oInvCollPH,2656,272,00376EAE,0,1,1,4294967295,0,0
oInvCollPH,2656,288,0030D4C7,0,1,1,4294967295,0,0
oInvCollPH,2656,304,000E8C07,0,1,1,4294967295,0,0
oInvCollPH,2672,304,0026E18E,0,1,1,4294967295,0,0
oInvCollPH,2688,304,002CE2FE,0,1,1,4294967295,0,0
oInvCollPH,2704,304,0012812D,0,1,1,4294967295,0,0
oInvCollPH,2704,288,002CAA06,0,1,1,4294967295,0,0
oInvCollPH,2704,272,0020C343,0,1,1,4294967295,0,0
oInvCollPH,2704,256,000A1B47,0,1,1,4294967295,0,0
oInvCollPH,2688,256,00385CDF,0,1,1,4294967295,0,0
oInvCollPH,2672,256,000D9D50,0,1,1,4294967295,0,0
oInvCollPH,2784,272,001D75E4,0,1,1,4294967295,0,0
oInvCollPH,2784,288,000F0C03,0,1,1,4294967295,0,0
oInvCollPH,2784,304,0020548F,0,1,1,4294967295,0,0
oInvCollPH,2800,304,001ADC51,0,1,1,4294967295,0,0
oInvCollPH,2816,304,000CA748,0,1,1,4294967295,0,0
oInvCollPH,2832,304,0007E7A3,0,1,1,4294967295,0,0
oInvCollPH,2832,288,000D2BC3,0,1,1,4294967295,0,0
oInvCollPH,2832,272,00265D0F,0,1,1,4294967295,0,0
oInvCollPH,2832,256,00164EDD,0,1,1,4294967295,0,0
oInvCollPH,2816,256,002CCF08,0,1,1,4294967295,0,0
oInvCollPH,2800,256,003B2D1E,0,1,1,4294967295,0,0
oInvCollPH,2304,320,00031E4A,0,1,1,4294967295,0,0
oInvCollPH,2320,304,000D6B1C,0,1,1,4294967295,0,0
oInvCollPH,2336,304,000D6438,0,1,1,4294967295,0,0
oInvCollPH,2352,304,001B31AC,0,1,1,4294967295,0,0
oInvCollPH,2368,304,003D63ED,0,1,1,4294967295,0,0
oInvCollPH,2384,304,0001CF26,0,1,1,4294967295,0,0
oInvCollPH,2400,304,0014518D,0,1,1,4294967295,0,0
oInvCollPH,2416,304,0039F361,0,1,1,4294967295,0,0
oInvCollPH,2416,320,001E7F4C,0,1,1,4294967295,0,0
oInvCollPH,2928,352,0019F32E,0,1,1,4294967295,0,0
oInvCollPH,2912,352,0033B606,0,1,1,4294967295,0,0
oInvCollPH,2896,352,003F544A,0,1,1,4294967295,0,0
oInvCollPH,2880,352,0002F939,0,1,1,4294967295,0,0
oInvCollPH,2864,352,00305175,0,1,1,4294967295,0,0
oInvCollPH,2848,352,00266503,0,1,1,4294967295,0,0
oInvCollPH,2832,352,00107514,0,1,1,4294967295,0,0
oInvCollPH,2816,352,000938CA,0,1,1,4294967295,0,0
oInvCollPH,2800,352,00003346,0,1,1,4294967295,0,0
oInvCollPH,2784,352,003BD0B6,0,1,1,4294967295,0,0
oInvCollPH,2448,352,00233525,0,1,1,4294967295,0,0
oInvCollPH,2464,352,003D634A,0,1,1,4294967295,0,0
oInvCollPH,2480,352,003D53CC,0,1,1,4294967295,0,0
oInvCollPH,2496,352,0032DA25,0,1,1,4294967295,0,0
oInvCollPH,2512,352,002524D1,0,1,1,4294967295,0,0
oInvCollPH,2528,352,002F24C3,0,1,1,4294967295,0,0
oInvCollPH,2544,352,003C7EA3,0,1,1,4294967295,0,0
oInvCollPH,2560,352,003F1B94,0,1,1,4294967295,0,0
oInvCollPH,2576,352,002D9DB5,0,1,1,4294967295,0,0
oInvCollPH,2672,352,0032E535,0,1,1,4294967295,0,0
oInvCollPH,2688,352,00311A79,0,1,1,4294967295,0,0
oInvCollPH,2272,336,001B164A,0,1,1,4294967295,0,0
oInvCollPH,2288,336,003941F3,0,1,1,4294967295,0,0
oInvCollPH,2768,352,0018B89D,0,1,1,4294967295,0,0
oInvCollPH,2752,352,0001B61A,0,1,1,4294967295,0,0
oInvCollPH,2736,352,0022B49E,0,1,1,4294967295,0,0
oInvCollPH,2720,352,00043510,0,1,1,4294967295,0,0
oInvCollPH,2704,352,003D7E8F,0,1,1,4294967295,0,0
oInvCollPH,2592,352,00149790,0,1,1,4294967295,0,0
oInvCollPH,2608,352,00386580,0,1,1,4294967295,0,0
oInvCollPH,2624,352,00270CBA,0,1,1,4294967295,0,0
oInvCollPH,2640,352,001FCC45,0,1,1,4294967295,0,0
oInvCollPH,2656,352,003B0287,0,1,1,4294967295,0,0
oInvCollPH,2416,336,000FD6C7,0,1,1,4294967295,0,0
oInvCollPH,2736,64,0024A838,0,1,1,4294967295,0,0
oInvCollPH,2752,64,003E10DD,0,1,1,4294967295,0,0
oInvCollPH,2336,80,003A1BF5,0,1,1,4294967295,0,0
oInvCollPH,2336,96,00045B54,0,1,1,4294967295,0,0
oInvCollPH,2352,96,0033816D,0,1,1,4294967295,0,0
oInvCollPH,2368,96,0004E5A5,0,1,1,4294967295,0,0
oInvCollPH,2384,96,003A8193,0,1,1,4294967295,0,0
oInvCollPH,2400,96,002F6DA9,0,1,1,4294967295,0,0
oInvCollPH,2416,96,000DFD2C,0,1,1,4294967295,0,0
oInvCollPH,2432,96,0035EACC,0,1,1,4294967295,0,0
oInvCollPH,2448,96,00389492,0,1,1,4294967295,0,0
oInvCollPH,2464,96,0008DC08,0,1,1,4294967295,0,0
oInvCollPH,2480,96,0032C379,0,1,1,4294967295,0,0
oInvCollPH,2720,80,002B7962,0,1,1,4294967295,0,0
oInvCollPH,2720,96,002255EB,0,1,1,4294967295,0,0
oInvCollPH,2704,96,00296603,0,1,1,4294967295,0,0
oInvCollPH,2688,96,0001E80C,0,1,1,4294967295,0,0
oInvCollPH,2672,96,00035D02,0,1,1,4294967295,0,0
oInvCollPH,2656,96,001D3F43,0,1,1,4294967295,0,0
oInvCollPH,2640,96,000FF6EB,0,1,1,4294967295,0,0
oInvCollPH,2624,96,00020566,0,1,1,4294967295,0,0
oInvCollPH,2608,96,00373F49,0,1,1,4294967295,0,0
oInvCollPH,2592,96,003E4DAF,0,1,1,4294967295,0,0
oInvCollPH,2576,96,0029B0CE,0,1,1,4294967295,0,0
oInvCollPH,2496,96,00172207,0,1,1,4294967295,0,0
oInvCollPH,2512,96,00034E53,0,1,1,4294967295,0,0
oInvCollPH,2528,96,000FA436,0,1,1,4294967295,0,0
oInvCollPH,2544,96,001AD9C6,0,1,1,4294967295,0,0
oInvCollPH,2560,96,00158732,0,1,1,4294967295,0,0
oInvCollPH,3024,288,0010344A,0,1,1,4294967295,0,0
oInvCollPH,3008,304,001133D5,0,1,1,4294967295,0,0
oInvCollPH,3024,304,00275501,0,1,1,4294967295,0,0
oInvCollPH,2944,336,0020ADC8,0,1,1,4294967295,0,0
oInvCollPH,2960,320,00150275,0,1,1,4294967295,0,0
oInvCollPH,2976,320,0029C98A,0,1,1,4294967295,0,0
oInvCollPH,2992,320,001B624E,0,1,1,4294967295,0,0
oInvCollPH,3024,320,00186D91,0,1,1,4294967295,0,0
oInvCollPH,3024,336,0009A604,0,1,1,4294967295,0,0
oInvCollPH,2976,128,0019289E,0,1,1,4294967295,0,0
oInvCollPH,2992,128,0030A48B,0,1,1,4294967295,0,0
oInvCollPH,3008,128,0029C1A9,0,1,1,4294967295,0,0
oInvCollPH,3024,128,00036F7A,0,1,1,4294967295,0,0
oInvCollPH,3024,112,000411C8,0,1,1,4294967295,0,0
oInvCollPH,3232,128,00324371,0,1,1,4294967295,0,0
oInvCollPH,3248,128,00237C7B,0,1,1,4294967295,0,0
oInvCollPH,3264,128,002C47E4,0,1,1,4294967295,0,0
oInvCollPH,3280,128,000400FF,0,1,1,4294967295,0,0
oInvCollPH,3280,112,003AE670,0,1,1,4294967295,0,0
oInvCollPH,3328,128,0004A989,0,1,1,4294967295,0,0
oInvCollPH,3344,128,0012BB9A,0,1,1,4294967295,0,0
oInvCollPH,3344,112,00374A71,0,1,1,4294967295,0,0
oInvCollPH,2768,80,00305815,0,1,1,4294967295,0,0
oInvCollPH,2768,96,0005AA98,0,1,1,4294967295,0,0
oInvCollPH,2784,96,0024FFF3,0,1,1,4294967295,0,0
oInvCollPH,2800,96,001B3C88,0,1,1,4294967295,0,0
oInvCollPH,2816,96,00364D08,0,1,1,4294967295,0,0
oInvCollPH,2832,96,002F257E,0,1,1,4294967295,0,0
oInvCollPH,2848,96,00303533,0,1,1,4294967295,0,0
oInvCollPH,2864,96,000E79C9,0,1,1,4294967295,0,0
oInvCollPH,2880,96,001D1906,0,1,1,4294967295,0,0
oInvCollPH,2896,96,00227937,0,1,1,4294967295,0,0
oInvCollPH,2912,96,0018B310,0,1,1,4294967295,0,0
oInvCollPH,3040,96,002120FA,0,1,1,4294967295,0,0
oInvCollPH,3056,96,0025F0BE,0,1,1,4294967295,0,0
oInvCollPH,3072,96,0007CA5B,0,1,1,4294967295,0,0
oInvCollPH,3312,96,00074A2E,0,1,1,4294967295,0,0
oInvCollPH,3296,96,003238EF,0,1,1,4294967295,0,0
oInvCollPH,3376,96,0000405A,0,1,1,4294967295,0,0
oInvCollPH,3360,96,0021DD82,0,1,1,4294967295,0,0
oInvCollPH,2928,96,001A8B52,0,1,1,4294967295,0,0
oInvCollPH,2944,96,002405EB,0,1,1,4294967295,0,0
oInvCollPH,2960,96,003BCF4B,0,1,1,4294967295,0,0
oInvCollPH,3088,96,001BF39D,0,1,1,4294967295,0,0
oInvCollPH,3104,96,003BC66E,0,1,1,4294967295,0,0
oInvCollPH,3120,96,00021F15,0,1,1,4294967295,0,0
oInvCollPH,3136,96,003000AB,0,1,1,4294967295,0,0
oInvCollPH,3152,96,00370CED,0,1,1,4294967295,0,0
oInvCollPH,3168,96,0006AE74,0,1,1,4294967295,0,0
oInvCollPH,3184,96,00042C8C,0,1,1,4294967295,0,0
oInvCollPH,3200,96,0037F858,0,1,1,4294967295,0,0
oInvCollPH,3216,96,0004C162,0,1,1,4294967295,0,0
oInvCollPH,3392,112,0004074B,0,1,1,4294967295,0,0
oInvCollPH,3392,128,002800BB,0,1,1,4294967295,0,0
oInvCollPH,3408,128,002192AC,0,1,1,4294967295,0,0
oInvCollPH,3424,128,0038DAE3,0,1,1,4294967295,0,0
oInvCollPH,3440,128,0001ABF5,0,1,1,4294967295,0,0
oInvCollPH,3456,160,002EF06A,0,1,1,4294967295,0,0
oInvCollPH,3472,160,000D250F,0,1,1,4294967295,0,0
oInvCollPH,3488,176,001C6012,0,1,1,4294967295,0,0
oInvCollPH,3504,176,002D38D0,0,1,1,4294967295,0,0
oInvCollPH,3520,192,001987B1,0,1,1,4294967295,0,0
oInvCollPH,3536,192,0000DBC9,0,1,1,4294967295,0,0
oInvCollPH,3552,192,000F934E,0,1,1,4294967295,0,0
oInvCollPH,3568,192,001AF4C6,0,1,1,4294967295,0,0
oInvCollPH,3584,192,000B6593,0,1,1,4294967295,0,0
oInvCollPH,3600,192,0008C4C4,0,1,1,4294967295,0,0
oInvCollPH,3600,176,0003C285,0,1,1,4294967295,0,0
oInvCollPH,3600,160,003D02C1,0,1,1,4294967295,0,0
oInvCollPH,3600,144,0012C80F,0,1,1,4294967295,0,0
oInvCollPH,3616,128,00099414,0,1,1,4294967295,0,0
oInvCollPH,3632,128,0036EB7C,0,1,1,4294967295,0,0
oInvCollPH,3840,144,00137B4C,0,1,1,4294967295,0,0
oInvCollPH,3648,160,001F1C93,0,1,1,4294967295,0,0
oInvCollPH,3664,160,003E3709,0,1,1,4294967295,0,0
oInvCollPH,3680,160,003FCEC7,0,1,1,4294967295,0,0
oInvCollPH,3696,160,003C6865,0,1,1,4294967295,0,0
oInvCollPH,3712,160,00016B7B,0,1,1,4294967295,0,0
oInvCollPH,3728,160,0024B85A,0,1,1,4294967295,0,0
oInvCollPH,3728,144,00118444,0,1,1,4294967295,0,0
oInvCollPH,3744,128,000952CA,0,1,1,4294967295,0,0
oInvCollPH,3760,128,00225E08,0,1,1,4294967295,0,0
oInvCollPH,3776,128,00266E03,0,1,1,4294967295,0,0
oInvCollPH,3792,128,002403B3,0,1,1,4294967295,0,0
oInvCollPH,3808,128,0025C4C8,0,1,1,4294967295,0,0
oInvCollPH,3824,128,000A9018,0,1,1,4294967295,0,0
oInvCollPH,3840,160,0014B5DC,0,1,1,4294967295,0,0
oInvCollPH,3840,176,000610A8,0,1,1,4294967295,0,0
oInvCollPH,3840,192,000BB4FC,0,1,1,4294967295,0,0
oInvCollPH,3856,192,00249AEA,0,1,1,4294967295,0,0
oInvCollPH,3872,192,0024756D,0,1,1,4294967295,0,0
oInvCollPH,3888,192,002D3FEC,0,1,1,4294967295,0,0
oInvCollPH,3712,288,0026280D,0,1,1,4294967295,0,0
oInvCollPH,3712,304,00298EF3,0,1,1,4294967295,0,0
oInvCollPH,3712,320,0003F719,0,1,1,4294967295,0,0
oInvCollPH,3712,336,0031E571,0,1,1,4294967295,0,0
oInvCollPH,3728,272,000E4D1B,0,1,1,4294967295,0,0
oInvCollPH,3744,272,001E4692,0,1,1,4294967295,0,0
oInvCollPH,3760,272,00132AB0,0,1,1,4294967295,0,0
oInvCollPH,3776,272,00065615,0,1,1,4294967295,0,0
oInvCollPH,3792,272,001872C5,0,1,1,4294967295,0,0
oInvCollPH,3808,272,000E6DD4,0,1,1,4294967295,0,0
oInvCollPH,3824,272,00036FA4,0,1,1,4294967295,0,0
oInvCollPH,3840,272,0029BF5F,0,1,1,4294967295,0,0
oInvCollPH,3856,272,000BB405,0,1,1,4294967295,0,0
oInvCollPH,3872,272,00161419,0,1,1,4294967295,0,0
oInvCollPH,3888,272,0024AB85,0,1,1,4294967295,0,0
oInvCollPH,3696,352,002CAF43,0,1,1,4294967295,0,0
oInvCollPH,3680,352,003E2010,0,1,1,4294967295,0,0
oInvCollPH,3664,352,0013EC67,0,1,1,4294967295,0,0
oInvCollPH,3648,352,003CF27C,0,1,1,4294967295,0,0
oInvCollPH,3632,352,003B8B13,0,1,1,4294967295,0,0
oInvCollPH,3616,352,003AF3B7,0,1,1,4294967295,0,0
oInvCollPH,3600,352,001C74CE,0,1,1,4294967295,0,0
oInvCollPH,3584,352,0027CB4A,0,1,1,4294967295,0,0
oInvCollPH,3568,352,0033C01E,0,1,1,4294967295,0,0
oInvCollPH,3552,352,00133ADB,0,1,1,4294967295,0,0
oInvCollPH,3040,352,00187F72,0,1,1,4294967295,0,0
oInvCollPH,3056,352,00038805,0,1,1,4294967295,0,0
oInvCollPH,3072,352,0001A99A,0,1,1,4294967295,0,0
oInvCollPH,3088,352,002328C3,0,1,1,4294967295,0,0
oInvCollPH,3104,352,00016D87,0,1,1,4294967295,0,0
oInvCollPH,3120,352,002BF3B3,0,1,1,4294967295,0,0
oInvCollPH,3136,352,00169FB6,0,1,1,4294967295,0,0
oInvCollPH,3152,352,001AA59C,0,1,1,4294967295,0,0
oInvCollPH,3168,352,000BA7FF,0,1,1,4294967295,0,0
oInvCollPH,3184,352,0031218F,0,1,1,4294967295,0,0
oInvCollPH,3280,352,0004B425,0,1,1,4294967295,0,0
oInvCollPH,3296,352,000527A5,0,1,1,4294967295,0,0
oInvCollPH,3312,352,0009671C,0,1,1,4294967295,0,0
oInvCollPH,3328,352,001E026E,0,1,1,4294967295,0,0
oInvCollPH,3344,352,001CB41D,0,1,1,4294967295,0,0
oInvCollPH,3360,352,002726C1,0,1,1,4294967295,0,0
oInvCollPH,3376,352,0039667A,0,1,1,4294967295,0,0
oInvCollPH,3392,352,002B2D9A,0,1,1,4294967295,0,0
oInvCollPH,3408,352,00285801,0,1,1,4294967295,0,0
oInvCollPH,3424,352,00131D63,0,1,1,4294967295,0,0
oInvCollPH,3536,352,000FACF0,0,1,1,4294967295,0,0
oInvCollPH,3520,352,003CFEFE,0,1,1,4294967295,0,0
oInvCollPH,3504,352,00207994,0,1,1,4294967295,0,0
oInvCollPH,3488,352,002243B1,0,1,1,4294967295,0,0
oInvCollPH,3472,352,00272A8D,0,1,1,4294967295,0,0
oInvCollPH,3456,352,001D1647,0,1,1,4294967295,0,0
oInvCollPH,3440,352,000724A8,0,1,1,4294967295,0,0
oInvCollPH,3264,352,00223D39,0,1,1,4294967295,0,0
oInvCollPH,3248,352,0006FF15,0,1,1,4294967295,0,0
oInvCollPH,3232,352,002DEE25,0,1,1,4294967295,0,0
oInvCollPH,3216,352,0021E325,0,1,1,4294967295,0,0
oInvCollPH,3200,352,002436EA,0,1,1,4294967295,0,0
oInvCollPH,3456,144,0007AA1D,0,1,1,4294967295,0,0
oInvisibleSolid,0,336,0024CFB7,0,1,1,4294967295,0,1
oInvisibleSolid,0,176,001DA291,0,1,1,4294967295,0,1
oInvisibleSolid,320,320,0020C755,0,1,1,4294967295,0,1
oInvisibleSolid,224,176,00231B16,0,1,1,4294967295,0,1
oInvisibleSolid,0,0,002E0760,0,1,1,4294967295,0,1
oInvisibleSolid,64,256,003AAD9B,0,1,1,4294967295,0,1
oInvisibleSolid,224,352,00398EE3,0,1,1,4294967295,0,1
oInvisibleSolid,352,176,00178B26,0,1,1,4294967295,0,1
oInvisibleSolid,384,0,0025857A,0,1,1,4294967295,0,1
oInvisibleSolid,448,192,0026DF72,0,1,1,4294967295,0,1
oInvisibleSolid,736,192,002E0391,0,1,1,4294967295,0,1
oInvisibleSolid,704,240,000F3B41,0,1,1,4294967295,0,1
oInvisibleSolid,928,352,00268D8B,0,1,1,4294967295,0,1
oInvisibleSolid,1120,320,000615B0,0,1,1,4294967295,0,1
oInvisibleSolid,1344,288,002CD172,0,1,1,4294967295,0,1
oInvisibleSolid,1504,320,000E23F6,0,1,1,4294967295,0,1
oInvisibleSolid,1280,0,003EFFBB,0,1,1,4294967295,0,1
oInvisibleSolid,1344,0,0030018C,0,1,1,4294967295,0,1
oInvisibleSolid,1408,0,0035B14E,0,1,1,4294967295,0,1
oInvisibleSolid,1472,0,003AE9D2,0,1,1,4294967295,0,1
oInvisibleSolid,1536,0,00263644,0,1,1,4294967295,0,1
oInvisibleSolid,1600,0,003F05EF,0,1,1,4294967295,0,1
oInvisibleSolid,1088,80,0014FAB0,0,1,1,4294967295,0,1
oInvisibleSolid,1152,80,0023FFF5,0,1,1,4294967295,0,1
oInvisibleSolid,1856,0,0027CA46,0,1,1,4294967295,0,1
oInvisibleSolid,1728,240,001E1F74,0,1,1,4294967295,0,1
oInvisibleSolid,1600,240,00100B2B,0,1,1,4294967295,0,1
oInvisibleSolid,1984,320,00378E4B,0,1,1,4294967295,0,1
oInvisibleSolid,1968,112,003DE298,0,1,1,4294967295,0,1
oInvisibleSolid,2032,112,000D7482,0,1,1,4294967295,0,1
oInvisibleSolid,1920,352,00272954,0,1,1,4294967295,0,1
oInvisibleSolid,2112,336,002B3D4F,0,1,1,4294967295,0,1
oInvisibleSolid,2240,0,002D3208,0,1,1,4294967295,0,1
oInvisibleSolid,2272,80,00292925,0,1,1,4294967295,0,1
oInvisibleSolid,2240,272,00265E8F,0,1,1,4294967295,0,1
oInvisibleSolid,2304,304,002D6D6C,0,1,1,4294967295,0,1
oInvisibleSolid,2336,0,0000F098,0,1,1,4294967295,0,1
oInvisibleSolid,2944,320,000E2454,0,1,1,4294967295,0,1
oInvisibleSolid,2528,256,000BC01F,0,1,1,4294967295,0,1
oInvisibleSolid,2656,256,003DAF29,0,1,1,4294967295,0,1
oInvisibleSolid,2784,256,0014E5B1,0,1,1,4294967295,0,1
oInvisibleSolid,2736,0,00095D2F,0,1,1,4294967295,0,1
oInvisibleSolid,2768,0,00196A36,0,1,1,4294967295,0,1
oInvisibleSolid,2432,352,00223A69,0,1,1,4294967295,0,1
oInvisibleSolid,3008,288,002BF2C9,0,1,1,4294967295,0,1
oInvisibleSolid,2976,112,00087758,0,1,1,4294967295,0,1
oInvisibleSolid,3232,112,0039C94B,0,1,1,4294967295,0,1
oInvisibleSolid,3328,112,003DAFCC,0,1,1,4294967295,0,1
oInvisibleSolid,3392,0,0024FC22,0,1,1,4294967295,0,1
oInvisibleSolid,3456,0,001AEDFE,0,1,1,4294967295,0,1
oInvisibleSolid,3488,0,002ED5C8,0,1,1,4294967295,0,1
oInvisibleSolid,3520,0,00149591,0,1,1,4294967295,0,1
oInvisibleSolid,3712,272,002ACD35,0,1,1,4294967295,0,1
oInvisibleSolid,3616,0,001C1F00,0,1,1,4294967295,0,1
oInvisibleSolid,3648,144,0012BA82,0,1,1,4294967295,0,1
oInvisibleSolid,3840,0,002BE041,0,1,1,4294967295,0,1
