oSignPost,2160,304,00312FE9,0,1,1,4294967295,0,1
oExit,2384,272,00298C89,0,1,1,4294967295,0,1
oExit,0,224,0028B71E,0,1,1,4294967295,0,1
oHealingPost,192,256,00344A9B,0,1,1,4294967295,0,0
oStrikeChainPoint,1888,192,0038D593,0,1,1,4294967295,0,0
oStrikeChainPoint,1632,192,00044590,0,1,1,4294967295,0,0
oStrikeChainPoint,1696,128,0010CE13,0,1,1,4294967295,0,0
oStrikeChainPoint,1824,128,00267A5C,0,1,1,4294967295,0,0
oStrikeChainPoint,1696,256,00046A26,0,1,1,4294967295,0,0
oStrikeChainPoint,1824,256,0018E0A5,0,1,1,4294967295,0,0
oStrikeChainPoint,1760,192,001AD17B,0,1,1,4294967295,0,0
oStrikeChainPoint,1456,192,001EB18E,0,1,1,4294967295,0,0
oStrikeChainPoint,1328,240,003929D0,0,1,1,4294967295,0,0
oStrikeChainPoint,1200,256,00248C5E,0,1,1,4294967295,0,0
oStrikeChainPoint,1072,224,002A69F4,0,1,1,4294967295,0,0
oStrikeChainPoint,912,144,0033C02F,0,1,1,4294967295,0,0
oStrikeChainPoint,784,208,00136618,0,1,1,4294967295,0,0
oStrikeChainPoint,720,288,002115DD,0,1,1,4294967295,0,0
oStrikeChainPoint,512,272,00376E12,0,1,1,4294967295,0,0
oStrikeChainPoint,368,216,0003699C,0,1,1,4294967295,0,0
oZapTrap,624,224,002F7167,0,1,1,4294967295,0,1
oTimedSwitch,1536,192,0025EC2D,0,1,1,4294967295,0,0
oTimedSwitch,1920,256,00318BE2,0,1,1,4294967295,0,0
oTimedSwitch,1664,128,001DCE80,0,1,1,4294967295,0,0
oZapTrapRed,944,224,0002054F,0,1,1,4294967295,0,1
oZapTrapRed,944,240,001BD83B,0,1,1,4294967295,0,1
oMovingTrapRed,1264,160,002FBEC1,0,1,1,4294967295,0,1
oMovingTrapRed,1136,160,001E69B1,0,1,1,4294967295,0,1
oZapTrapRed,832,160,002B82B5,0,1,1,4294967295,0,1
oMarioChainBallRed,368,248,003A2A6E,0,1,1,4294967295,0,1
oPlayer1,2352,304,0025CD43,0,1,1,4294967295,0,0
oInvCollPH,2336,96,001D5EDF,0,1,1,4294967295,0,0
oInvCollPH,2336,112,0040293F,0,1,1,4294967295,0,0
oInvCollPH,2336,128,0026D15F,0,1,1,4294967295,0,0
oInvCollPH,2336,144,003D30DF,0,1,1,4294967295,0,0
oInvCollPH,2336,160,002992B9,0,1,1,4294967295,0,0
oInvCollPH,2336,176,003BE4BE,0,1,1,4294967295,0,0
oInvCollPH,2336,192,0036D9C4,0,1,1,4294967295,0,0
oInvCollPH,2336,208,0019D42B,0,1,1,4294967295,0,0
oInvCollPH,2352,208,001908CE,0,1,1,4294967295,0,0
oInvCollPH,2368,208,0020BF68,0,1,1,4294967295,0,0
oInvCollPH,2384,208,00033457,0,1,1,4294967295,0,0
oInvCollPH,2032,304,00375F66,0,1,1,4294967295,0,0
oInvCollPH,2048,304,0030817F,0,1,1,4294967295,0,0
oInvCollPH,2064,304,00056100,0,1,1,4294967295,0,0
oInvCollPH,2080,304,002EDB55,0,1,1,4294967295,0,0
oInvCollPH,2096,304,00281A9A,0,1,1,4294967295,0,0
oInvCollPH,2112,304,00026A9B,0,1,1,4294967295,0,0
oInvCollPH,2128,304,0001F88D,0,1,1,4294967295,0,0
oInvCollPH,2144,304,00012115,0,1,1,4294967295,0,0
oInvCollPH,2160,304,00137F43,0,1,1,4294967295,0,0
oInvCollPH,2016,320,003D6638,0,1,1,4294967295,0,0
oInvCollPH,2016,336,003AD72F,0,1,1,4294967295,0,0
oInvCollPH,2240,304,00197E89,0,1,1,4294967295,0,0
oInvCollPH,2224,304,00157C11,0,1,1,4294967295,0,0
oInvCollPH,2208,304,0016AE1B,0,1,1,4294967295,0,0
oInvCollPH,2192,304,003CBA92,0,1,1,4294967295,0,0
oInvCollPH,2176,304,00387530,0,1,1,4294967295,0,0
oInvCollPH,2320,304,001417A4,0,1,1,4294967295,0,0
oInvCollPH,2304,304,0003366F,0,1,1,4294967295,0,0
oInvCollPH,2288,304,000FEA46,0,1,1,4294967295,0,0
oInvCollPH,2272,304,001BD423,0,1,1,4294967295,0,0
oInvCollPH,2256,304,003106A9,0,1,1,4294967295,0,0
oInvCollPH,2336,304,0013ECA5,0,1,1,4294967295,0,0
oInvCollPH,2352,304,000D1955,0,1,1,4294967295,0,0
oInvCollPH,2368,304,00025B57,0,1,1,4294967295,0,0
oInvCollPH,2384,304,0009C7FF,0,1,1,4294967295,0,0
oInvCollPH,96,208,00196B84,0,1,1,4294967295,0,0
oInvCollPH,112,208,002FBFDA,0,1,1,4294967295,0,0
oInvCollPH,128,208,0031D227,0,1,1,4294967295,0,0
oInvCollPH,144,208,0012F149,0,1,1,4294967295,0,0
oInvCollPH,144,192,000E6B13,0,1,1,4294967295,0,0
oInvCollPH,16,256,00024E99,0,1,1,4294967295,0,0
oInvCollPH,32,256,002C7916,0,1,1,4294967295,0,0
oInvCollPH,48,256,00075C99,0,1,1,4294967295,0,0
oInvCollPH,64,256,003D5F40,0,1,1,4294967295,0,0
oInvCollPH,80,256,0006C3FB,0,1,1,4294967295,0,0
oInvCollPH,96,256,001B7F01,0,1,1,4294967295,0,0
oInvCollPH,112,256,00109523,0,1,1,4294967295,0,0
oInvCollPH,128,256,002595EA,0,1,1,4294967295,0,0
oInvCollPH,144,256,00324C1B,0,1,1,4294967295,0,0
oInvCollPH,160,256,001161A8,0,1,1,4294967295,0,0
oInvCollPH,176,256,0036AD82,0,1,1,4294967295,0,0
oInvCollPH,192,256,003BAD28,0,1,1,4294967295,0,0
oInvCollPH,208,256,0034B5AC,0,1,1,4294967295,0,0
oInvCollPH,208,272,0008EFEE,0,1,1,4294967295,0,0
oInvCollPH,208,288,00018327,0,1,1,4294967295,0,0
oInvCollPH,208,304,0004386A,0,1,1,4294967295,0,0
oInvCollPH,208,320,001F81A8,0,1,1,4294967295,0,0
oInvCollPH,208,336,0020BB29,0,1,1,4294967295,0,0
oInvCollPH,0,176,001E7FB2,0,1,1,4294967295,0,0
oInvCollPH,16,176,0035B860,0,1,1,4294967295,0,0
oInvCollPH,32,176,001F87D4,0,1,1,4294967295,0,0
oInvCollPH,48,176,00083250,0,1,1,4294967295,0,0
oInvCollPH,64,176,003EF36E,0,1,1,4294967295,0,0
oInvCollPH,80,176,00053EF0,0,1,1,4294967295,0,0
oInvCollPH,144,176,0026D9B8,0,1,1,4294967295,0,0
oInvCollPH,144,160,002032C6,0,1,1,4294967295,0,0
oInvCollPH,144,144,0031DA8A,0,1,1,4294967295,0,0
oInvCollPH,144,128,00106625,0,1,1,4294967295,0,0
oInvCollPH,544,176,000A76C4,0,1,1,4294967295,0,0
oInvCollPH,544,192,00195CF8,0,1,1,4294967295,0,0
oInvCollPH,544,208,003F9E75,0,1,1,4294967295,0,0
oInvCollPH,560,208,000F856B,0,1,1,4294967295,0,0
oInvCollPH,576,208,0026E6DC,0,1,1,4294967295,0,0
oInvCollPH,592,208,0034E91F,0,1,1,4294967295,0,0
oInvCollPH,608,208,00221A6F,0,1,1,4294967295,0,0
oInvCollPH,624,208,0020FA07,0,1,1,4294967295,0,0
oInvCollPH,640,208,002C15B3,0,1,1,4294967295,0,0
oInvCollPH,656,208,00114F87,0,1,1,4294967295,0,0
oInvCollPH,672,208,0007B786,0,1,1,4294967295,0,0
oInvCollPH,688,208,003E7364,0,1,1,4294967295,0,0
oInvCollPH,704,208,0007DB5E,0,1,1,4294967295,0,0
oInvCollPH,720,208,00075CD5,0,1,1,4294967295,0,0
oInvCollPH,720,192,0018AEAF,0,1,1,4294967295,0,0
oInvCollPH,720,176,0005AC71,0,1,1,4294967295,0,0
oInvCollPH,720,160,002F20E2,0,1,1,4294967295,0,0
oInvCollPH,528,144,0021297C,0,1,1,4294967295,0,0
oInvCollPH,512,144,000B2B7F,0,1,1,4294967295,0,0
oInvCollPH,496,144,000CEE60,0,1,1,4294967295,0,0
oInvCollPH,480,144,00174FA2,0,1,1,4294967295,0,0
oInvCollPH,464,144,000DBAEB,0,1,1,4294967295,0,0
oInvCollPH,448,144,0022D424,0,1,1,4294967295,0,0
oInvCollPH,432,144,00051293,0,1,1,4294967295,0,0
oInvCollPH,416,144,0008CC9E,0,1,1,4294967295,0,0
oInvCollPH,400,144,00003B81,0,1,1,4294967295,0,0
oInvCollPH,384,144,0002B37C,0,1,1,4294967295,0,0
oInvCollPH,720,144,00071DA6,0,1,1,4294967295,0,0
oInvCollPH,720,128,0036B86E,0,1,1,4294967295,0,0
oInvCollPH,2320,80,0011D1CB,0,1,1,4294967295,0,0
oInvCollPH,2304,80,002F0591,0,1,1,4294967295,0,0
oInvCollPH,2288,80,003C5E7E,0,1,1,4294967295,0,0
oInvCollPH,2272,80,0037A6E0,0,1,1,4294967295,0,0
oInvCollPH,2256,80,003C8E86,0,1,1,4294967295,0,0
oInvCollPH,2240,80,001F1268,0,1,1,4294967295,0,0
oInvCollPH,2224,80,003D817A,0,1,1,4294967295,0,0
oInvCollPH,2208,80,000FFEF5,0,1,1,4294967295,0,0
oInvCollPH,2192,80,00021D92,0,1,1,4294967295,0,0
oInvCollPH,2176,80,0014ED8E,0,1,1,4294967295,0,0
oInvCollPH,2160,80,002A876C,0,1,1,4294967295,0,0
oInvCollPH,2144,80,0000AB64,0,1,1,4294967295,0,0
oInvCollPH,2128,80,00380B41,0,1,1,4294967295,0,0
oInvCollPH,2112,80,00393352,0,1,1,4294967295,0,0
oInvCollPH,2096,80,0019B346,0,1,1,4294967295,0,0
oInvCollPH,2080,80,00289D48,0,1,1,4294967295,0,0
oInvCollPH,2064,80,00176EC6,0,1,1,4294967295,0,0
oInvCollPH,2048,80,003CF0CC,0,1,1,4294967295,0,0
oInvCollPH,2032,80,0040461D,0,1,1,4294967295,0,0
oInvCollPH,2016,80,0036D2B5,0,1,1,4294967295,0,0
oInvCollPH,2000,80,003CDCD8,0,1,1,4294967295,0,0
oInvCollPH,1984,80,000764D3,0,1,1,4294967295,0,0
oInvCollPH,1984,64,001DC0E1,0,1,1,4294967295,0,0
oInvCollPH,1536,48,0003ECFF,0,1,1,4294967295,0,0
oInvCollPH,1552,48,000E179A,0,1,1,4294967295,0,0
oInvCollPH,1568,48,001D664F,0,1,1,4294967295,0,0
oInvCollPH,1584,48,00188182,0,1,1,4294967295,0,0
oInvCollPH,1600,48,0005447B,0,1,1,4294967295,0,0
oInvCollPH,1616,48,0027013D,0,1,1,4294967295,0,0
oInvCollPH,1632,48,0030442D,0,1,1,4294967295,0,0
oInvCollPH,1648,48,0018E1DA,0,1,1,4294967295,0,0
oInvCollPH,1664,48,003F06B3,0,1,1,4294967295,0,0
oInvCollPH,1680,48,001B581D,0,1,1,4294967295,0,0
oInvCollPH,1696,48,00270191,0,1,1,4294967295,0,0
oInvCollPH,1712,48,0007C64E,0,1,1,4294967295,0,0
oInvCollPH,1728,48,00216419,0,1,1,4294967295,0,0
oInvCollPH,1744,48,002DD4E8,0,1,1,4294967295,0,0
oInvCollPH,1760,48,000FB610,0,1,1,4294967295,0,0
oInvCollPH,1776,48,0031217B,0,1,1,4294967295,0,0
oInvCollPH,1792,48,00099225,0,1,1,4294967295,0,0
oInvCollPH,1808,48,0032B45F,0,1,1,4294967295,0,0
oInvCollPH,1824,48,003DABCE,0,1,1,4294967295,0,0
oInvCollPH,1840,48,0015245C,0,1,1,4294967295,0,0
oInvCollPH,1856,48,002E35C8,0,1,1,4294967295,0,0
oInvCollPH,1872,48,001BCC05,0,1,1,4294967295,0,0
oInvCollPH,1888,48,0014CB60,0,1,1,4294967295,0,0
oInvCollPH,1904,48,000AFEAF,0,1,1,4294967295,0,0
oInvCollPH,1920,48,00200577,0,1,1,4294967295,0,0
oInvCollPH,1936,48,001E4CD7,0,1,1,4294967295,0,0
oInvCollPH,1952,48,002EF119,0,1,1,4294967295,0,0
oInvCollPH,1968,48,002CD2EA,0,1,1,4294967295,0,0
oInvCollPH,1024,112,0006FD6F,0,1,1,4294967295,0,0
oInvCollPH,1024,128,0000EC66,0,1,1,4294967295,0,0
oInvCollPH,1024,144,00076B17,0,1,1,4294967295,0,0
oInvCollPH,1040,144,0018DDCC,0,1,1,4294967295,0,0
oInvCollPH,1056,144,00156C3A,0,1,1,4294967295,0,0
oInvCollPH,1072,144,0003557B,0,1,1,4294967295,0,0
oInvCollPH,1088,144,0015B03D,0,1,1,4294967295,0,0
oInvCollPH,1104,144,00331A7B,0,1,1,4294967295,0,0
oInvCollPH,1120,144,00351AEF,0,1,1,4294967295,0,0
oInvCollPH,1136,144,003581AB,0,1,1,4294967295,0,0
oInvCollPH,1152,144,0002A846,0,1,1,4294967295,0,0
oInvCollPH,1168,144,0036A233,0,1,1,4294967295,0,0
oInvCollPH,1184,144,0015C250,0,1,1,4294967295,0,0
oInvCollPH,1200,144,00191ACB,0,1,1,4294967295,0,0
oInvCollPH,1216,144,0036C7F0,0,1,1,4294967295,0,0
oInvCollPH,1232,144,001E6392,0,1,1,4294967295,0,0
oInvCollPH,1248,144,00372BD6,0,1,1,4294967295,0,0
oInvCollPH,1264,144,00315F85,0,1,1,4294967295,0,0
oInvCollPH,1280,144,000B2701,0,1,1,4294967295,0,0
oInvCollPH,1296,144,0000B526,0,1,1,4294967295,0,0
oInvCollPH,1312,144,00352B8E,0,1,1,4294967295,0,0
oInvCollPH,1328,144,002329F5,0,1,1,4294967295,0,0
oInvCollPH,1344,144,000C007A,0,1,1,4294967295,0,0
oInvCollPH,1360,144,0013D292,0,1,1,4294967295,0,0
oInvCollPH,1360,128,001941A6,0,1,1,4294967295,0,0
oInvCollPH,1360,112,002FDEAD,0,1,1,4294967295,0,0
oInvCollPH,1360,96,0008FBF7,0,1,1,4294967295,0,0
oInvCollPH,1520,64,002000FD,0,1,1,4294967295,0,0
oInvCollPH,1520,80,001DDBAA,0,1,1,4294967295,0,0
oInvCollPH,1504,80,002F6A3F,0,1,1,4294967295,0,0
oInvCollPH,1488,80,0016A9F8,0,1,1,4294967295,0,0
oInvCollPH,1472,80,000ADEF0,0,1,1,4294967295,0,0
oInvCollPH,1456,80,002C323B,0,1,1,4294967295,0,0
oInvCollPH,1440,80,001605BF,0,1,1,4294967295,0,0
oInvCollPH,1424,80,0026B591,0,1,1,4294967295,0,0
oInvCollPH,1408,80,001B2EB5,0,1,1,4294967295,0,0
oInvCollPH,1392,80,00195251,0,1,1,4294967295,0,0
oInvCollPH,1376,80,0006F4C9,0,1,1,4294967295,0,0
oInvCollPH,896,80,003543DB,0,1,1,4294967295,0,0
oInvCollPH,912,80,002CA2BF,0,1,1,4294967295,0,0
oInvCollPH,928,80,000BE9B8,0,1,1,4294967295,0,0
oInvCollPH,944,80,003B303C,0,1,1,4294967295,0,0
oInvCollPH,960,80,0026B0B5,0,1,1,4294967295,0,0
oInvCollPH,976,80,0011B9CD,0,1,1,4294967295,0,0
oInvCollPH,992,80,001F0A1B,0,1,1,4294967295,0,0
oInvCollPH,1008,80,001C3DAF,0,1,1,4294967295,0,0
oInvCollPH,880,80,00245F36,0,1,1,4294967295,0,0
oInvCollPH,864,80,002DE9BF,0,1,1,4294967295,0,0
oInvCollPH,848,80,002E38EC,0,1,1,4294967295,0,0
oInvCollPH,832,80,0035BC32,0,1,1,4294967295,0,0
oInvCollPH,816,80,000210BC,0,1,1,4294967295,0,0
oInvCollPH,800,80,0028ABAC,0,1,1,4294967295,0,0
oInvCollPH,784,80,00372253,0,1,1,4294967295,0,0
oInvCollPH,768,80,0007A518,0,1,1,4294967295,0,0
oInvCollPH,752,80,003C0DD8,0,1,1,4294967295,0,0
oInvCollPH,736,80,003D00A2,0,1,1,4294967295,0,0
oInvCollPH,720,96,003B4E84,0,1,1,4294967295,0,0
oInvCollPH,720,112,0025ACD2,0,1,1,4294967295,0,0
oInvCollPH,368,112,0027489A,0,1,1,4294967295,0,0
oInvCollPH,352,112,000B70A4,0,1,1,4294967295,0,0
oInvCollPH,336,112,003F8C04,0,1,1,4294967295,0,0
oInvCollPH,320,112,0000D561,0,1,1,4294967295,0,0
oInvCollPH,304,112,0022D5BA,0,1,1,4294967295,0,0
oInvCollPH,288,112,00091AE0,0,1,1,4294967295,0,0
oInvCollPH,272,112,001D05BE,0,1,1,4294967295,0,0
oInvCollPH,256,112,0011FDEF,0,1,1,4294967295,0,0
oInvCollPH,240,112,00245F8E,0,1,1,4294967295,0,0
oInvCollPH,224,112,001DCA3D,0,1,1,4294967295,0,0
oInvCollPH,208,112,000A0CC1,0,1,1,4294967295,0,0
oInvCollPH,192,112,003DACF4,0,1,1,4294967295,0,0
oInvCollPH,176,112,001F4C0D,0,1,1,4294967295,0,0
oInvCollPH,160,112,0001A330,0,1,1,4294967295,0,0
oInvisibleSolid,2016,304,000C4CBD,0,1,1,4294967295,0,1
oInvisibleSolid,2336,0,001D9F3F,0,1,1,4294967295,0,1
oInvisibleSolid,0,256,0028E24F,0,1,1,4294967295,0,1
oInvisibleSolid,96,192,000260A1,0,1,1,4294967295,0,1
oInvisibleSolid,0,0,00044A3B,0,1,1,4294967295,0,1
oInvisibleSolid,160,0,000208C6,0,1,1,4294967295,0,1
oInvisibleSolid,384,128,001AA8B7,0,1,1,4294967295,0,1
oInvisibleSolid,544,160,00254AEE,0,1,1,4294967295,0,1
oInvisibleSolid,736,0,000C72CA,0,1,1,4294967295,0,1
oInvisibleSolid,1024,96,0008069C,0,1,1,4294967295,0,1
oInvisibleSolid,1536,0,000090B1,0,1,1,4294967295,0,1
oInvisibleSolid,1984,0,00177B66,0,1,1,4294967295,0,1
oTimeSwBarrier,1520,96,00045987,0,1,1,4294967295,0,1
