oDancingFlower,259,412,00273B1B,0,1,1,4294967295,0,0
oDancingFlower,350,453,000DA966,0,1,1,4294967295,0,0
oDancingFlower,621,463,000F8498,0,1,1,4294967295,0,0
oDancingFlower,496,441,00348F62,0,1,1,4294967295,0,0
oDancingFlower,685,82,0004545D,0,1,1,4294967295,0,0
oDancingFlower,674,130,00102C4E,0,1,1,4294967295,0,0
oDancingFlower,505,32,0024C56B,0,1,1,4294967295,0,0
oDancingFlower,332,17,00014AEC,0,1,1,4294967295,0,0
oDancingFlower,257,35,003F918A,0,1,1,4294967295,0,0
oEfHeartEmitter,216,192,000E4378,0,1,1,4294967295,0,1
oEfHeartEmitter,310,220,001419F6,0,1,1,4294967295,0,1
oEfHeartEmitter,357,199,0023B04E,0,1,1,4294967295,0,1
oExit,688,400,00305475,0,1,1,4294967295,0,1
oReachRing,464,336,00078B83,0,1,1,4294967295,0,0
oReachRing,272,304,001A7AAF,0,1,1,4294967295,0,0
oReachRing,144,240,00100608,0,1,1,4294967295,0,0
oReachRing,48,80,002A31F2,0,1,1,4294967295,0,0
oReachRing,240,128,00021D58,0,1,1,4294967295,0,0
oReachRing,384,112,0003F42D,0,1,1,4294967295,0,0
oReachRing,160,160,0019A5B1,0,1,1,4294967295,0,0
oWalletBoost,48,280,00281F92,0,1,1,4294967295,0,1
oAPBoost,576,64,0021443E,0,1,1,4294967295,0,1
oEventBarrier,480,64,001DBC23,0,1,1,4294967295,0,1
oMoneyChest,592,192,0002840A,0,1,1,4294967295,0,1
oGoomba,400,416,002E9009,0,1,1,4294967295,0,0
oGoomba,272,352,00093A98,0,1,1,4294967295,0,0
oGoomba,16,72,0017081D,0,1,1,4294967295,0,0
oGoomba,416,144,0002C9F9,0,1,1,4294967295,0,0
oGoomba,512,144,00379C11,0,1,1,4294967295,0,0
oPlayer1,656,432,0039E794,0,1,1,4294967295,0,0
oInvCollPH,240,160,002C827B,0,1,1,4294967295,0,0
oInvCollPH,304,240,0036F4D7,0,1,1,4294967295,0,0
oInvCollPH,320,240,0028C5FF,0,1,1,4294967295,0,0
oInvCollPH,336,240,0015B6D0,0,1,1,4294967295,0,0
oInvCollPH,240,224,0000373D,0,1,1,4294967295,0,0
oInvCollPH,384,224,00397744,0,1,1,4294967295,0,0
oInvCollPH,400,224,0021B088,0,1,1,4294967295,0,0
oInvCollPH,656,320,0027FCDA,0,1,1,4294967295,0,0
oInvCollPH,672,320,001A8851,0,1,1,4294967295,0,0
oInvCollPH,688,320,003C563C,0,1,1,4294967295,0,0
oInvCollPH,112,320,0001850C,0,1,1,4294967295,0,0
oInvCollPH,128,320,003C8172,0,1,1,4294967295,0,0
oInvCollPH,16,16,0001B647,0,1,1,4294967295,0,0
oInvCollPH,32,16,001433CC,0,1,1,4294967295,0,0
oInvCollPH,48,16,003AEF3D,0,1,1,4294967295,0,0
oInvCollPH,64,16,0009B068,0,1,1,4294967295,0,0
oInvCollPH,112,0,002B5498,0,1,1,4294967295,0,0
oInvCollPH,128,0,00237860,0,1,1,4294967295,0,0
oInvCollPH,144,0,003D37C7,0,1,1,4294967295,0,0
oInvCollPH,160,0,0033822D,0,1,1,4294967295,0,0
oInvCollPH,256,32,001D7EAE,0,1,1,4294967295,0,0
oInvCollPH,272,32,003E5737,0,1,1,4294967295,0,0
oInvCollPH,288,32,002C3FB5,0,1,1,4294967295,0,0
oInvCollPH,304,32,0025995B,0,1,1,4294967295,0,0
oInvCollPH,320,32,00110458,0,1,1,4294967295,0,0
oInvCollPH,336,32,001292D9,0,1,1,4294967295,0,0
oInvCollPH,352,32,003F57F3,0,1,1,4294967295,0,0
oInvCollPH,480,48,00362235,0,1,1,4294967295,0,0
oInvCollPH,16,208,002F2C61,0,1,1,4294967295,0,0
oInvCollPH,16,224,000AA9D8,0,1,1,4294967295,0,0
oInvCollPH,16,240,0006E717,0,1,1,4294967295,0,0
oInvCollPH,16,256,0022EE21,0,1,1,4294967295,0,0
oInvCollPH,16,272,002E88F9,0,1,1,4294967295,0,0
oInvCollPH,16,288,002AE158,0,1,1,4294967295,0,0
oInvCollPH,16,304,0001B862,0,1,1,4294967295,0,0
oInvCollPH,16,320,002058CB,0,1,1,4294967295,0,0
oInvCollPH,16,336,0034863E,0,1,1,4294967295,0,0
oInvCollPH,16,352,000010D8,0,1,1,4294967295,0,0
oInvCollPH,16,368,00018BED,0,1,1,4294967295,0,0
oInvCollPH,240,368,0004216B,0,1,1,4294967295,0,0
oInvCollPH,272,352,000B6BFB,0,1,1,4294967295,0,0
oInvCollPH,464,384,003FE171,0,1,1,4294967295,0,0
oInvCollPH,480,400,00002F48,0,1,1,4294967295,0,0
oInvCollPH,496,400,00172BB2,0,1,1,4294967295,0,0
oInvCollPH,96,432,00139DB1,0,1,1,4294967295,0,0
oInvCollPH,112,432,0002B4E2,0,1,1,4294967295,0,0
oInvCollPH,128,432,000C6332,0,1,1,4294967295,0,0
oInvCollPH,576,432,0021567E,0,1,1,4294967295,0,0
oInvCollPH,592,432,001ED71A,0,1,1,4294967295,0,0
oInvCollPH,608,432,0021F643,0,1,1,4294967295,0,0
oInvCollPH,624,432,000A5FCC,0,1,1,4294967295,0,0
oInvCollPH,640,432,001A37F3,0,1,1,4294967295,0,0
oInvCollPH,656,432,003CE378,0,1,1,4294967295,0,0
oInvCollPH,672,432,003BE4BF,0,1,1,4294967295,0,0
oInvCollPH,688,432,0013DAAB,0,1,1,4294967295,0,0
oInvCollPH,384,416,00332FBA,0,1,1,4294967295,0,0
oInvCollPH,400,416,0008F955,0,1,1,4294967295,0,0
oInvCollPH,640,80,0007BDEF,0,1,1,4294967295,0,0
oInvCollPH,640,96,00018F7F,0,1,1,4294967295,0,0
oInvCollPH,640,112,001ECD9B,0,1,1,4294967295,0,0
oInvCollPH,560,16,0023E2C5,0,1,1,4294967295,0,0
oInvCollPH,576,16,003735CE,0,1,1,4294967295,0,0
oInvCollPH,416,144,00239776,0,1,1,4294967295,0,0
oInvCollPH,432,144,0024263E,0,1,1,4294967295,0,0
oInvCollPH,448,144,001A70A6,0,1,1,4294967295,0,0
oInvCollPH,464,144,00263425,0,1,1,4294967295,0,0
oInvCollPH,480,144,00002AA5,0,1,1,4294967295,0,0
oInvCollPH,496,144,00317F6F,0,1,1,4294967295,0,0
oInvCollPH,512,144,0032A777,0,1,1,4294967295,0,0
oInvCollPH,272,192,00324629,0,1,1,4294967295,0,0
oInvCollPH,288,192,0021B642,0,1,1,4294967295,0,0
oInvCollPH,576,192,0026AF82,0,1,1,4294967295,0,0
oInvCollPH,592,192,00266805,0,1,1,4294967295,0,0
oInvCollPH,80,432,0031A43F,0,1,1,4294967295,0,0
oInvCollPH,64,432,00293F49,0,1,1,4294967295,0,0
oInvCollPH,48,432,00120CF8,0,1,1,4294967295,0,0
oInvCollPH,16,384,0030E0DD,0,1,1,4294967295,0,0
oInvCollPH,16,400,003CC479,0,1,1,4294967295,0,0
oInvCollPH,16,416,00395E45,0,1,1,4294967295,0,0
oInvCollPH,168,304,001B59FB,0,1,1,4294967295,0,0
oInvisibleLupLowSlope,512,400,0030A5D9,0,1,1,4294967295,0,0
oInvisibleLupLowSlope,544,416,0018FF07,0,1,1,4294967295,0,0
oInvisibleLupLowSlope,352,400,0039E445,0,1,1,4294967295,0,0
oInvisibleLupLowSlope,320,384,0035C05D,0,1,1,4294967295,0,0
oInvisibleLupLowSlope,288,368,002FE705,0,1,1,4294967295,0,0
oInvisibleLupLowSlope,144,288,001BA67C,0,1,1,4294967295,0,0
oInvisibleLupLowSlope,112,272,002EC2C6,0,1,1,4294967295,0,0
oInvisibleLupLowSlope,528,144,002C82C0,0,1,1,4294967295,0,0
oInvisibleRupLowSlope,368,144,002F6476,0,1,1,4294967295,0,0
oInvisibleRupLowSlope,336,160,001CC685,0,1,1,4294967295,0,0
oInvisibleRupLowSlope,304,176,00279051,0,1,1,4294967295,0,0
oInvisibleRupLowSlope,192,160,002D8A1A,0,1,1,4294967295,0,0
oInvisibleRupLowSlope,160,176,00242AC4,0,1,1,4294967295,0,0
oInvisibleRupLowSlope,416,400,0028A4DC,0,1,1,4294967295,0,0
oInvisibleRupLowSlope,176,400,001F0B40,0,1,1,4294967295,0,0
oInvisibleRupLowSlope,144,416,0002CB39,0,1,1,4294967295,0,0
oInvisibleRUpSteepSlope,560,160,00271709,0,1,1,4294967295,0,0
oInvisibleRUpSteepSlope,256,160,0027EA54,0,1,1,4294967295,0,0
oInvisibleRUpSteepSlope,96,240,00320E09,0,1,1,4294967295,0,0
oInvisibleRUpSteepSlope,80,208,0000E3DE,0,1,1,4294967295,0,0
oInvisibleRUpSteepSlope,64,176,00245C1F,0,1,1,4294967295,0,0
oInvisibleRUpSteepSlope,48,144,000B2E69,0,1,1,4294967295,0,0
oInvisibleRUpSteepSlope,32,112,0023CC33,0,1,1,4294967295,0,0
oInvisibleRUpSteepSlope,16,80,003A191B,0,1,1,4294967295,0,0
oInvisibleLUpSteepSlope,208,368,002B4A98,0,1,1,4294967295,0,0
oInvisibleLUpSteepSlope,608,160,00147436,0,1,1,4294967295,0,0
oInvisibleLUpSteepSlope,624,128,00389D5E,0,1,1,4294967295,0,0
oInvisibleLCeilingLowSlope,144,320,001B1BAB,0,1,1,4294967295,0,0
oInvisibleLCeilingLowSlope,80,16,000BE1FC,0,1,1,4294967295,0,0
oInvisibleLCeilingLowSlope,368,32,00286283,0,1,1,4294967295,0,0
oInvisibleLCeilingLowSlope,496,48,003ACC1C,0,1,1,4294967295,0,0
oInvisibleLCeilingLowSlope,528,32,0026797B,0,1,1,4294967295,0,0
oInvisibleLCeilingLowSlope,416,224,00031FEE,0,1,1,4294967295,0,0
oInvisibleLCeilingLowSlope,352,240,00246EE9,0,1,1,4294967295,0,0
oInvisibleRCeilingLowSlope,256,240,00143845,0,1,1,4294967295,0,0
oInvisibleRCeilingLowSlope,192,224,000B4EF6,0,1,1,4294967295,0,0
oInvisibleRCeilingLowSlope,160,208,00025139,0,1,1,4294967295,0,0
oInvisibleRCeilingLowSlope,176,16,0003A1C6,0,1,1,4294967295,0,0
oInvisibleRCeilingLowSlope,208,32,0031CCE9,0,1,1,4294967295,0,0
oInvisibleRCeilingLowSlope,400,32,003224A5,0,1,1,4294967295,0,0
oInvisibleRCeilingLowSlope,432,48,0033544D,0,1,1,4294967295,0,0
oInvisibleRCeilingLowSlope,592,32,002D591E,0,1,1,4294967295,0,0
oInvisibleRCeilingLowSlope,624,48,00362386,0,1,1,4294967295,0,0
oInvisibleRCeilingLowSlope,608,320,001B90B2,0,1,1,4294967295,0,0
oInvisibleRCeilingLowSlope,512,224,0025ED4E,0,1,1,4294967295,0,0
oInvisibleRCeilingLowSlope,544,240,0016FCEB,0,1,1,4294967295,0,0
oInvisibleRCeilingSteepSlope,0,32,0016E94F,0,1,1,4294967295,0,0
oInvisibleLupSlope,0,64,000AD5B3,0,1,1,4294967295,0,0
oInvisibleLCeilingSteepSlope,96,304,0029162F,0,1,1,4294967295,0,0
oInvisibleLCeilingSteepSlope,80,272,0039391C,0,1,1,4294967295,0,0
oInvisibleLCeilingSteepSlope,64,240,0007FEE6,0,1,1,4294967295,0,0
oInvisibleLCeilingSteepSlope,48,208,0039113D,0,1,1,4294967295,0,0
oInvisibleLCeilingSteepSlope,32,176,001A0998,0,1,1,4294967295,0,0
oInvisibleRCeilingSteepSlope,16,176,001BAA99,0,1,1,4294967295,0,0
oInvisibleLCeilingSteepSlope,576,256,002C672D,0,1,1,4294967295,0,0
oInvisibleLCeilingSteepSlope,592,288,000CEE01,0,1,1,4294967295,0,0
oInvisibleSolid,144,304,001A8430,0,1,1,4294967295,0,1
oInvisibleSolid,96,272,00140D0D,0,1,1,4294967295,0,1
oInvisibleSolid,112,288,0031C31D,0,1,1,4294967295,0,1
oInvisibleSolid,80,240,003B4116,0,1,1,4294967295,0,1
oInvisibleSolid,64,208,00098451,0,1,1,4294967295,0,1
oInvisibleSolid,48,176,001FB76A,0,1,1,4294967295,0,1
oInvisibleSolid,0,80,001AA1B2,0,1,1,4294967295,0,1
oInvisibleSolid,16,112,00370249,0,1,1,4294967295,0,1
oInvisibleSolid,32,144,00355F21,0,1,1,4294967295,0,1
oInvisibleSolid,0,208,002D04F4,0,1,1,4294967295,0,1
oInvisibleSolid,32,432,00061626,0,1,1,4294967295,0,1
oInvisibleSolid,176,416,0034C1E8,0,1,1,4294967295,0,1
oInvisibleSolid,448,400,0009572B,0,1,1,4294967295,0,1
oInvisibleSolid,208,400,00067011,0,1,1,4294967295,0,1
oInvisibleSolid,224,384,00059E6F,0,1,1,4294967295,0,1
oInvisibleSolid,224,368,0006AD17,0,1,1,4294967295,0,1
oInvisibleSolid,288,240,003A93B1,0,1,1,4294967295,0,1
oInvisibleSolid,224,224,001CB4A1,0,1,1,4294967295,0,1
oInvisibleSolid,152,192,000E815A,0,1,1,4294967295,0,1
oInvisibleSolid,192,176,003C8E01,0,1,1,4294967295,0,1
oInvisibleSolid,224,160,001ADF74,0,1,1,4294967295,0,1
oInvisibleSolid,240,192,001DE47C,0,1,1,4294967295,0,1
oInvisibleSolid,336,176,00112B9A,0,1,1,4294967295,0,1
oInvisibleSolid,368,160,0021DDB1,0,1,1,4294967295,0,1
oInvisibleSolid,400,144,0018FDD8,0,1,1,4294967295,0,1
oInvisibleSolid,640,320,001660B9,0,1,1,4294967295,0,1
oInvisibleSolid,608,288,00340468,0,1,1,4294967295,0,1
oInvisibleSolid,592,256,00315EFE,0,1,1,4294967295,0,1
oInvisibleSolid,576,240,002F4638,0,1,1,4294967295,0,1
oInvisibleSolid,544,224,000E32A3,0,1,1,4294967295,0,1
oInvisibleSolid,624,160,00036880,0,1,1,4294967295,0,1
oInvisibleSolid,640,64,00135088,0,1,1,4294967295,0,1
oInvisibleSolid,656,48,0022148B,0,1,1,4294967295,0,1
oInvisibleSolid,624,32,002C09C8,0,1,1,4294967295,0,1
oInvisibleSolid,464,48,003DDE5F,0,1,1,4294967295,0,1
oInvisibleSolid,432,32,001E18BB,0,1,1,4294967295,0,1
oInvisibleSolid,240,32,0037915A,0,1,1,4294967295,0,1
oInvisibleSolid,208,0,00339256,0,1,1,4294967295,0,1
oInvisibleSolid,80,0,00279DEE,0,1,1,4294967295,0,1
oInvisibleSolid,0,0,00116A7E,0,1,1,4294967295,0,1
oInvisibleSolid,448,384,00214640,0,1,1,4294967295,0,1
oInvisibleSolid,256,352,0007FDB3,0,1,1,4294967295,0,1
