oExit,32,336,0023BE6A,0,1,1,4294967295,0,1
oExit,2064,176,00148CD9,0,1,1,4294967295,0,1
oCVCandle,360,136,00172F7A,0,1,1,4294967295,0,0
oCVCandle,488,136,00053BEB,0,1,1,4294967295,0,0
oCVCandle,264,224,00218BD0,0,1,1,4294967295,0,0
oCVCandle,88,224,001CD240,0,1,1,4294967295,0,0
oCVCandle,696,144,002A01F6,0,1,1,4294967295,0,0
oCVCandle,840,232,002353FF,0,1,1,4294967295,0,0
oCVCandle,888,232,002AE60E,0,1,1,4294967295,0,0
oCVCandle,792,232,0007B5EF,0,1,1,4294967295,0,0
oCVCandle,936,232,0015A03B,0,1,1,4294967295,0,0
oCVCandle,1016,216,002751BD,0,1,1,4294967295,0,0
oCVCandle,1032,216,00150DA2,0,1,1,4294967295,0,0
oCVCandle,1240,216,002EF8D6,0,1,1,4294967295,0,0
oCVCandle,1256,216,00301672,0,1,1,4294967295,0,0
oCVCandle,1440,184,001FEE90,0,1,1,4294967295,0,0
oCVCandle,1536,184,0004F4BA,0,1,1,4294967295,0,0
oCVCandle,1688,120,00035413,0,1,1,4294967295,0,0
oCVCandle,1800,120,003EFBFA,0,1,1,4294967295,0,0
oCVCandle,1800,176,00260CC7,0,1,1,4294967295,0,0
oCVCandle,1688,176,00105058,0,1,1,4294967295,0,0
oCVCandle,1688,232,0022332D,0,1,1,4294967295,0,0
oCVCandle,1800,232,00354A20,0,1,1,4294967295,0,0
oZeldaBreakPot,856,288,00197B9B,0,1,1,4294967295,0,0
oZeldaBreakPot,1480,288,002ACE58,0,1,1,4294967295,0,0
oWeaponLevelUpgrade,1904,240,0017901C,0,1,1,4294967295,0,1
oBreakableW_Coded,1920,192,0023275F,0,1,1,4294967295,0,1
oBreakableW_Coded,1920,208,002A350F,0,1,1,4294967295,0,1
oBreakableW_Coded,1920,224,0012E6E7,0,1,1,4294967295,0,1
oBreakableW_Coded,1920,240,001AB865,0,1,1,4294967295,0,1
oBreakableW_Coded,1936,192,00199B15,0,1,1,4294967295,0,1
oBreakableW_Coded,1936,224,003CD25B,0,1,1,4294967295,0,1
oBreakableW_Coded,1936,208,003B01FC,0,1,1,4294967295,0,1
oBreakableW_Coded,1936,240,001F67C5,0,1,1,4294967295,0,1
oSpikePlatformA,424,64,00398D43,0,1,1,4294967295,0,1
oSpikePlatformA,1072,96,003B7491,0,1,1,4294967295,0,1
oSpikePlatformA,1184,96,001C090C,0,1,1,4294967295,0,1
oSpikePlatformA,1632,64,003EDD77,0,1,1,4294967295,0,1
oSpikePlatformA,1744,64,002E1A9B,0,1,1,4294967295,0,1
oSpikePlatformA,1856,64,00146CD4,0,1,1,4294967295,0,1
oBallChainControl,1128,72,003770BB,0,1,1,4294967295,0,1
oBallChainControl,792,40,0029D276,0,1,1,4294967295,0,1
oCV_PeepingEye,864,192,003BF2A6,0,1,1,4294967295,0,0
oCV_PhantomSkull,1856,224,001940BA,0,1,1,4294967295,0,0
oCV_PhantomSkull,640,128,003ADE88,0,1,1,4294967295,0,0
oCV_Ghost,1488,192,002F81CF,0,1,1,4294967295,0,0
oPlayer1,128,320,00298EBC,0,1,1,4294967295,0,0
oInvCollPH,16,96,0008C30C,0,1,1,4294967295,0,0
oInvCollPH,16,112,002546B2,0,1,1,4294967295,0,0
oInvCollPH,16,128,000B8640,0,1,1,4294967295,0,0
oInvCollPH,16,144,001822F4,0,1,1,4294967295,0,0
oInvCollPH,16,160,00042016,0,1,1,4294967295,0,0
oInvCollPH,16,176,0036C128,0,1,1,4294967295,0,0
oInvCollPH,16,192,0032D086,0,1,1,4294967295,0,0
oInvCollPH,16,208,0008A3FC,0,1,1,4294967295,0,0
oInvCollPH,16,224,002633E7,0,1,1,4294967295,0,0
oInvCollPH,16,240,001288FC,0,1,1,4294967295,0,0
oInvCollPH,16,336,001C90AF,0,1,1,4294967295,0,0
oInvCollPH,16,320,001E3030,0,1,1,4294967295,0,0
oInvCollPH,16,304,00099D59,0,1,1,4294967295,0,0
oInvCollPH,16,288,000D7867,0,1,1,4294967295,0,0
oInvCollPH,16,272,00216F8F,0,1,1,4294967295,0,0
oInvCollPH,16,256,003B5070,0,1,1,4294967295,0,0
oInvCollPH,192,272,001AA1E8,0,1,1,4294967295,0,0
oInvCollPH,208,272,002AFEE5,0,1,1,4294967295,0,0
oInvCollPH,224,272,000C6849,0,1,1,4294967295,0,0
oInvCollPH,240,272,002A643E,0,1,1,4294967295,0,0
oInvCollPH,256,272,001AC069,0,1,1,4294967295,0,0
oInvCollPH,272,272,00234F19,0,1,1,4294967295,0,0
oInvCollPH,288,272,0016A42E,0,1,1,4294967295,0,0
oInvCollPH,304,272,000FF032,0,1,1,4294967295,0,0
oInvCollPH,320,272,0016CE87,0,1,1,4294967295,0,0
oInvCollPH,320,288,001960C9,0,1,1,4294967295,0,0
oInvCollPH,320,304,000C99A8,0,1,1,4294967295,0,0
oInvCollPH,320,320,0034C0ED,0,1,1,4294967295,0,0
oInvCollPH,320,336,001679FE,0,1,1,4294967295,0,0
oInvCollPH,32,80,0035C70C,0,1,1,4294967295,0,0
oInvCollPH,48,80,00336F08,0,1,1,4294967295,0,0
oInvCollPH,64,80,0006BD7D,0,1,1,4294967295,0,0
oInvCollPH,80,80,0021F9F3,0,1,1,4294967295,0,0
oInvCollPH,96,80,002E8142,0,1,1,4294967295,0,0
oInvCollPH,112,80,000D4D7A,0,1,1,4294967295,0,0
oInvCollPH,128,80,00038990,0,1,1,4294967295,0,0
oInvCollPH,144,80,00084985,0,1,1,4294967295,0,0
oInvCollPH,304,64,00144707,0,1,1,4294967295,0,0
oInvCollPH,304,80,003576F7,0,1,1,4294967295,0,0
oInvCollPH,288,80,0004AE60,0,1,1,4294967295,0,0
oInvCollPH,272,80,00224C71,0,1,1,4294967295,0,0
oInvCollPH,256,80,0009ADF3,0,1,1,4294967295,0,0
oInvCollPH,240,80,000F03A5,0,1,1,4294967295,0,0
oInvCollPH,224,80,000313B2,0,1,1,4294967295,0,0
oInvCollPH,208,80,001A8DD4,0,1,1,4294967295,0,0
oInvCollPH,192,80,001C8584,0,1,1,4294967295,0,0
oInvCollPH,176,80,002328FD,0,1,1,4294967295,0,0
oInvCollPH,160,80,002D47B0,0,1,1,4294967295,0,0
oInvCollPH,992,80,001979FF,0,1,1,4294967295,0,0
oInvCollPH,1008,80,00082954,0,1,1,4294967295,0,0
oInvCollPH,1024,80,0007D577,0,1,1,4294967295,0,0
oInvCollPH,1040,80,003F8292,0,1,1,4294967295,0,0
oInvCollPH,1056,80,003C80D1,0,1,1,4294967295,0,0
oInvCollPH,1072,80,003949D0,0,1,1,4294967295,0,0
oInvCollPH,1088,80,000ACFE3,0,1,1,4294967295,0,0
oInvCollPH,1104,80,001EA276,0,1,1,4294967295,0,0
oInvCollPH,1120,80,001510D5,0,1,1,4294967295,0,0
oInvCollPH,1136,80,0035DC25,0,1,1,4294967295,0,0
oInvCollPH,1264,64,001D15E7,0,1,1,4294967295,0,0
oInvCollPH,1264,80,00033A61,0,1,1,4294967295,0,0
oInvCollPH,1248,80,003CB4F2,0,1,1,4294967295,0,0
oInvCollPH,1232,80,00269813,0,1,1,4294967295,0,0
oInvCollPH,1216,80,001609EB,0,1,1,4294967295,0,0
oInvCollPH,1200,80,00138F82,0,1,1,4294967295,0,0
oInvCollPH,1184,80,0012BA6D,0,1,1,4294967295,0,0
oInvCollPH,1168,80,0002E267,0,1,1,4294967295,0,0
oInvCollPH,1152,80,00303135,0,1,1,4294967295,0,0
oInvCollPH,512,192,001C48A2,0,1,1,4294967295,0,0
oInvCollPH,512,208,0017CD10,0,1,1,4294967295,0,0
oInvCollPH,512,224,003A712D,0,1,1,4294967295,0,0
oInvCollPH,512,240,0030C58B,0,1,1,4294967295,0,0
oInvCollPH,512,256,0027A5D0,0,1,1,4294967295,0,0
oInvCollPH,512,272,0018B6D9,0,1,1,4294967295,0,0
oInvCollPH,512,288,003FA1F9,0,1,1,4294967295,0,0
oInvCollPH,512,304,00003245,0,1,1,4294967295,0,0
oInvCollPH,512,320,0000137B,0,1,1,4294967295,0,0
oInvCollPH,528,176,003B26BA,0,1,1,4294967295,0,0
oInvCollPH,544,176,002F599B,0,1,1,4294967295,0,0
oInvCollPH,560,176,00049C40,0,1,1,4294967295,0,0
oInvCollPH,576,176,004008A5,0,1,1,4294967295,0,0
oInvCollPH,592,176,000202EA,0,1,1,4294967295,0,0
oInvCollPH,512,336,00174C01,0,1,1,4294967295,0,0
oInvCollPH,736,304,00203582,0,1,1,4294967295,0,0
oInvCollPH,752,304,0018CB10,0,1,1,4294967295,0,0
oInvCollPH,768,304,0039C901,0,1,1,4294967295,0,0
oInvCollPH,784,304,003569F7,0,1,1,4294967295,0,0
oInvCollPH,800,304,00096286,0,1,1,4294967295,0,0
oInvCollPH,816,304,001855F3,0,1,1,4294967295,0,0
oInvCollPH,832,304,003F8FAC,0,1,1,4294967295,0,0
oInvCollPH,848,304,00151B3B,0,1,1,4294967295,0,0
oInvCollPH,864,304,003EDD84,0,1,1,4294967295,0,0
oInvCollPH,976,336,00328837,0,1,1,4294967295,0,0
oInvCollPH,976,320,00385A5C,0,1,1,4294967295,0,0
oInvCollPH,976,304,00052680,0,1,1,4294967295,0,0
oInvCollPH,960,304,00270156,0,1,1,4294967295,0,0
oInvCollPH,944,304,00349431,0,1,1,4294967295,0,0
oInvCollPH,928,304,000A9F93,0,1,1,4294967295,0,0
oInvCollPH,912,304,0027FD16,0,1,1,4294967295,0,0
oInvCollPH,896,304,0004AB10,0,1,1,4294967295,0,0
oInvCollPH,880,304,000ED0FB,0,1,1,4294967295,0,0
oInvCollPH,1424,304,000A83F1,0,1,1,4294967295,0,0
oInvCollPH,1440,304,0038E049,0,1,1,4294967295,0,0
oInvCollPH,1456,304,002D5BE1,0,1,1,4294967295,0,0
oInvCollPH,1472,304,003433E7,0,1,1,4294967295,0,0
oInvCollPH,1488,304,00102092,0,1,1,4294967295,0,0
oInvCollPH,1504,304,002D0C1E,0,1,1,4294967295,0,0
oInvCollPH,1520,304,00066B71,0,1,1,4294967295,0,0
oInvCollPH,1536,304,001C4573,0,1,1,4294967295,0,0
oInvCollPH,1552,304,00063D37,0,1,1,4294967295,0,0
oInvCollPH,1552,320,00262F3E,0,1,1,4294967295,0,0
oInvCollPH,1552,336,002003FA,0,1,1,4294967295,0,0
oInvCollPH,1392,240,000C4E23,0,1,1,4294967295,0,0
oInvCollPH,1392,256,000A5F06,0,1,1,4294967295,0,0
oInvCollPH,1392,272,003DC73B,0,1,1,4294967295,0,0
oInvCollPH,1392,288,0008A8AE,0,1,1,4294967295,0,0
oInvCollPH,1296,176,000FEFBF,0,1,1,4294967295,0,0
oInvCollPH,1312,176,0009145B,0,1,1,4294967295,0,0
oInvCollPH,1328,176,0000335B,0,1,1,4294967295,0,0
oInvCollPH,1344,176,0015758B,0,1,1,4294967295,0,0
oInvCollPH,1360,176,0024A4D5,0,1,1,4294967295,0,0
oInvCollPH,1360,192,0012DE7B,0,1,1,4294967295,0,0
oInvCollPH,1360,208,00012EA4,0,1,1,4294967295,0,0
oInvCollPH,1360,224,001A44B9,0,1,1,4294967295,0,0
oInvCollPH,1280,192,00258931,0,1,1,4294967295,0,0
oInvCollPH,1280,208,00335F07,0,1,1,4294967295,0,0
oInvCollPH,1280,224,003AC5CB,0,1,1,4294967295,0,0
oInvCollPH,1280,240,002A6875,0,1,1,4294967295,0,0
oInvCollPH,1280,256,00171D56,0,1,1,4294967295,0,0
oInvCollPH,1280,272,00262F33,0,1,1,4294967295,0,0
oInvCollPH,1280,288,000322CE,0,1,1,4294967295,0,0
oInvCollPH,1280,304,0001352E,0,1,1,4294967295,0,0
oInvCollPH,1280,320,00011AF1,0,1,1,4294967295,0,0
oInvCollPH,1280,336,0015AF8C,0,1,1,4294967295,0,0
oInvCollPH,2048,80,0030D771,0,1,1,4294967295,0,0
oInvCollPH,2048,96,0008A96C,0,1,1,4294967295,0,0
oInvCollPH,2048,112,00163027,0,1,1,4294967295,0,0
oInvCollPH,2048,128,001C459E,0,1,1,4294967295,0,0
oInvCollPH,2064,128,000C6B9E,0,1,1,4294967295,0,0
oInvCollPH,1936,144,003D03A3,0,1,1,4294967295,0,0
oInvCollPH,1920,160,003793D1,0,1,1,4294967295,0,0
oInvCollPH,1920,176,0014C1DB,0,1,1,4294967295,0,0
oInvCollPH,1936,176,001277E0,0,1,1,4294967295,0,0
oInvCollPH,1952,208,0003B768,0,1,1,4294967295,0,0
oInvCollPH,1952,224,0034FBD3,0,1,1,4294967295,0,0
oInvCollPH,1952,240,001553BB,0,1,1,4294967295,0,0
oInvCollPH,1936,256,000190E9,0,1,1,4294967295,0,0
oInvCollPH,1920,272,001A0812,0,1,1,4294967295,0,0
oInvCollPH,1920,288,0037531F,0,1,1,4294967295,0,0
oInvCollPH,1920,304,003E8E1F,0,1,1,4294967295,0,0
oInvCollPH,1920,320,0013CC36,0,1,1,4294967295,0,0
oInvCollPH,1920,336,0006F23E,0,1,1,4294967295,0,0
oInvCollPH,2016,208,0013C7D2,0,1,1,4294967295,0,0
oInvCollPH,2032,208,0019BDFF,0,1,1,4294967295,0,0
oInvCollPH,2048,208,0004E067,0,1,1,4294967295,0,0
oInvCollPH,2064,208,001D7C68,0,1,1,4294967295,0,0
oInvCollPH,320,48,00190F23,0,1,1,4294967295,0,0
oInvCollPH,336,48,00146CB1,0,1,1,4294967295,0,0
oInvCollPH,352,48,00198DD1,0,1,1,4294967295,0,0
oInvCollPH,368,48,00325DDF,0,1,1,4294967295,0,0
oInvCollPH,384,48,002E9225,0,1,1,4294967295,0,0
oInvCollPH,400,48,001BE8C5,0,1,1,4294967295,0,0
oInvCollPH,416,48,00009C11,0,1,1,4294967295,0,0
oInvCollPH,432,48,00121708,0,1,1,4294967295,0,0
oInvCollPH,448,48,000B2262,0,1,1,4294967295,0,0
oInvCollPH,464,48,0014651A,0,1,1,4294967295,0,0
oInvCollPH,480,48,0035C487,0,1,1,4294967295,0,0
oInvCollPH,496,48,0022E7B4,0,1,1,4294967295,0,0
oInvCollPH,512,48,001DA8DF,0,1,1,4294967295,0,0
oInvCollPH,528,48,001940D5,0,1,1,4294967295,0,0
oInvCollPH,544,48,00037DDF,0,1,1,4294967295,0,0
oInvCollPH,560,48,000ABD1E,0,1,1,4294967295,0,0
oInvCollPH,576,48,003BCACA,0,1,1,4294967295,0,0
oInvCollPH,592,48,0036DBD9,0,1,1,4294967295,0,0
oInvCollPH,608,48,00342036,0,1,1,4294967295,0,0
oInvCollPH,624,48,00249904,0,1,1,4294967295,0,0
oInvCollPH,640,48,000AE2A5,0,1,1,4294967295,0,0
oInvCollPH,656,48,00117F25,0,1,1,4294967295,0,0
oInvCollPH,672,48,0019C07B,0,1,1,4294967295,0,0
oInvCollPH,688,48,0009D3E5,0,1,1,4294967295,0,0
oInvCollPH,704,48,003A96BD,0,1,1,4294967295,0,0
oInvCollPH,720,48,000B211F,0,1,1,4294967295,0,0
oInvCollPH,736,48,001F6D3F,0,1,1,4294967295,0,0
oInvCollPH,752,48,002B2678,0,1,1,4294967295,0,0
oInvCollPH,768,48,002BFBAD,0,1,1,4294967295,0,0
oInvCollPH,784,48,003B2BB0,0,1,1,4294967295,0,0
oInvCollPH,800,48,0022C032,0,1,1,4294967295,0,0
oInvCollPH,816,48,003FB91C,0,1,1,4294967295,0,0
oInvCollPH,832,48,0001D491,0,1,1,4294967295,0,0
oInvCollPH,848,48,0022FB50,0,1,1,4294967295,0,0
oInvCollPH,864,48,00057411,0,1,1,4294967295,0,0
oInvCollPH,880,48,001A23A7,0,1,1,4294967295,0,0
oInvCollPH,896,48,0019EA66,0,1,1,4294967295,0,0
oInvCollPH,912,48,0002D5AE,0,1,1,4294967295,0,0
oInvCollPH,928,48,00196638,0,1,1,4294967295,0,0
oInvCollPH,944,48,001A171E,0,1,1,4294967295,0,0
oInvCollPH,960,48,0026F271,0,1,1,4294967295,0,0
oInvCollPH,976,48,003BBC4F,0,1,1,4294967295,0,0
oInvCollPH,1280,48,0017FE8A,0,1,1,4294967295,0,0
oInvCollPH,1296,48,0001DBC6,0,1,1,4294967295,0,0
oInvCollPH,1312,48,000F7DDD,0,1,1,4294967295,0,0
oInvCollPH,1328,48,004010E4,0,1,1,4294967295,0,0
oInvCollPH,1344,48,002872F2,0,1,1,4294967295,0,0
oInvCollPH,1360,48,000D231D,0,1,1,4294967295,0,0
oInvCollPH,1376,48,00061BA2,0,1,1,4294967295,0,0
oInvCollPH,1392,48,00297CFE,0,1,1,4294967295,0,0
oInvCollPH,1408,48,000F8E27,0,1,1,4294967295,0,0
oInvCollPH,1424,48,001F8935,0,1,1,4294967295,0,0
oInvCollPH,1440,48,0021FC44,0,1,1,4294967295,0,0
oInvCollPH,1456,48,0011AA81,0,1,1,4294967295,0,0
oInvCollPH,1472,48,003C1A05,0,1,1,4294967295,0,0
oInvCollPH,1488,48,003951E4,0,1,1,4294967295,0,0
oInvCollPH,1504,48,000FC080,0,1,1,4294967295,0,0
oInvCollPH,1520,48,00241A83,0,1,1,4294967295,0,0
oInvCollPH,1536,48,002B1EB2,0,1,1,4294967295,0,0
oInvCollPH,1552,48,0002BD5B,0,1,1,4294967295,0,0
oInvCollPH,1568,48,002AB797,0,1,1,4294967295,0,0
oInvCollPH,1584,48,003116D4,0,1,1,4294967295,0,0
oInvCollPH,1600,48,001557ED,0,1,1,4294967295,0,0
oInvCollPH,1616,48,001A96F7,0,1,1,4294967295,0,0
oInvCollPH,1632,48,0029E6D7,0,1,1,4294967295,0,0
oInvCollPH,1648,48,0019A705,0,1,1,4294967295,0,0
oInvCollPH,1664,48,000C7160,0,1,1,4294967295,0,0
oInvCollPH,1680,48,00062FC3,0,1,1,4294967295,0,0
oInvCollPH,1696,48,002D016C,0,1,1,4294967295,0,0
oInvCollPH,1712,48,0027E954,0,1,1,4294967295,0,0
oInvCollPH,1728,48,000E5988,0,1,1,4294967295,0,0
oInvCollPH,1744,48,003C6C4F,0,1,1,4294967295,0,0
oInvCollPH,1760,48,003746CA,0,1,1,4294967295,0,0
oInvCollPH,1776,48,001C8E46,0,1,1,4294967295,0,0
oInvCollPH,1792,48,0003C605,0,1,1,4294967295,0,0
oInvCollPH,1808,48,002CA54F,0,1,1,4294967295,0,0
oInvCollPH,1824,48,001C0339,0,1,1,4294967295,0,0
oInvCollPH,1840,48,003B6429,0,1,1,4294967295,0,0
oInvCollPH,1856,48,0018B150,0,1,1,4294967295,0,0
oInvCollPH,1872,48,00254D58,0,1,1,4294967295,0,0
oInvCollPH,1888,48,0011D718,0,1,1,4294967295,0,0
oInvCollPH,1904,48,00334DC4,0,1,1,4294967295,0,0
oInvCollPH,1920,48,000579BF,0,1,1,4294967295,0,0
oInvCollPH,1936,48,00304290,0,1,1,4294967295,0,0
oInvCollPH,1952,48,00220882,0,1,1,4294967295,0,0
oInvCollPH,1968,48,001B1B59,0,1,1,4294967295,0,0
oInvCollPH,1984,48,0036E6AE,0,1,1,4294967295,0,0
oInvCollPH,2000,48,00006128,0,1,1,4294967295,0,0
oInvCollPH,2016,48,0028C698,0,1,1,4294967295,0,0
oInvCollPH,2032,48,003EA0D6,0,1,1,4294967295,0,0
oInvCollPH,1952,192,000ABC0B,0,1,1,4294967295,0,0
oInvisibleRupSlope,96,336,00178236,0,1,1,4294967295,0,0
oInvisibleRupSlope,112,320,00291A1F,0,1,1,4294967295,0,0
oInvisibleRupSlope,128,304,000B61CF,0,1,1,4294967295,0,0
oInvisibleRupSlope,144,288,0033BFDF,0,1,1,4294967295,0,0
oInvisibleRupSlope,160,272,001761F1,0,1,1,4294967295,0,0
oInvisibleSolid,176,272,000679F8,0,1,1,4294967295,0,1
oInvisibleSolid,0,0,00002927,0,1,1,4294967295,0,1
oInvisibleSolid,0,96,0015F3AF,0,1,1,4294967295,0,1
oInvisibleSolid,112,336,000AE5E6,0,1,1,4294967295,0,0
oInvisibleSolid,128,320,00089113,0,1,1,4294967295,0,1
oInvisibleSolid,144,304,000731A9,0,1,1,4294967295,0,1
oInvisibleSolid,160,288,00111D94,0,1,1,4294967295,0,1
oInvisibleSolid,512,176,0039D297,0,1,1,4294967295,0,1
oInvisibleSolid,320,0,0019E9D3,0,1,1,4294967295,0,1
oInvisibleLupSlope,608,176,00004F0F,0,1,1,4294967295,0,0
oInvisibleLupSlope,624,192,002B162E,0,1,1,4294967295,0,0
oInvisibleLupSlope,640,208,002EAB84,0,1,1,4294967295,0,0
oInvisibleLupSlope,656,224,00070771,0,1,1,4294967295,0,0
oInvisibleLupSlope,672,240,00075B9B,0,1,1,4294967295,0,0
oInvisibleLupSlope,688,256,002A8170,0,1,1,4294967295,0,0
oInvisibleLupSlope,704,272,00295788,0,1,1,4294967295,0,0
oInvisibleLupSlope,720,288,00102B89,0,1,1,4294967295,0,0
oInvisibleSolid,720,304,00157D67,0,1,1,4294967295,0,1
oInvisibleSolid,608,192,003BF1CB,0,1,1,4294967295,0,1
oInvisibleSolid,624,208,00403F48,0,1,1,4294967295,0,1
oInvisibleSolid,640,224,002EF944,0,1,1,4294967295,0,1
oInvisibleSolid,656,240,002D96F9,0,1,1,4294967295,0,1
oInvisibleSolid,672,256,000A20AF,0,1,1,4294967295,0,1
oInvisibleSolid,688,272,000A1409,0,1,1,4294967295,0,1
oInvisibleSolid,704,288,0005250D,0,1,1,4294967295,0,1
oInvisibleSolid,992,64,0011C329,0,1,1,4294967295,0,1
oInvisibleSolid,1280,176,00086A1F,0,1,1,4294967295,0,1
oInvisibleSolid,1376,240,0038D110,0,1,1,4294967295,0,1
oInvisibleSolid,1408,304,00380B32,0,1,1,4294967295,0,1
oInvisibleSolid,2048,64,00129B49,0,1,1,4294967295,0,1
oInvisibleLupSlope,1952,144,0035458F,0,1,1,4294967295,0,0
oInvisibleLupSlope,1968,160,001634F3,0,1,1,4294967295,0,0
oInvisibleLupSlope,1984,176,00066154,0,1,1,4294967295,0,0
oInvisibleLupSlope,2000,192,00140E0C,0,1,1,4294967295,0,0
oInvisibleSolid,1920,144,00340DA8,0,1,1,4294967295,0,1
oInvisibleSolid,1952,160,0033171F,0,1,1,4294967295,0,1
oInvisibleSolid,1968,176,0004F6EC,0,1,1,4294967295,0,1
oInvisibleSolid,1984,192,003A9FB9,0,1,1,4294967295,0,1
oInvisibleSolid,2000,208,00287000,0,1,1,4294967295,0,1
oInvisibleSolid,1920,256,00153838,0,1,1,4294967295,0,1
