oExit,0,320,001FF6ED,0,1,1,4294967295,0,1
oRmHPFJ_Obj,640,128,00005B65,0,1,1,4294967295,0,1
oRmHPFJ_Obj,704,128,003A1AF2,0,1,1,4294967295,0,1
oRmHPFJ_Obj,768,128,003AC878,0,1,1,4294967295,0,1
oRmHPFJ_Obj,1216,64,000E5B18,0,1,1,4294967295,0,1
oRmHPFJ_Obj,1344,64,00379E39,0,1,1,4294967295,0,1
oExit,2032,320,002BAFA9,0,1,1,4294967295,0,1
oZapTrap,544,160,00271230,0,1,1,4294967295,0,1
oHexCircle,1440,224,003C8A49,0,1,1,4294967295,0,1
oHexCircle,1312,160,0018A7FB,0,1,1,4294967295,0,1
oHexCircle,1184,224,000F2693,0,1,1,4294967295,0,1
oStaticSpikeRed,1256,272,0038E642,0,1,1,4294967295,0,1
oStaticSpikeRed,1280,272,000C0D96,0,1,1,4294967295,0,1
oStaticSpikeRed,1304,272,0031ED24,0,1,1,4294967295,0,1
oStaticSpikeRed,1328,272,00182005,0,1,1,4294967295,0,1
oStaticSpikeRed,720,272,000D3F7C,0,1,1,4294967295,0,1
oStaticSpikeRed,720,304,002B2175,0,1,1,4294967295,0,1
oStaticSpikeRed,720,336,001A7768,0,1,1,4294967295,0,1
oStaticSpikeRed,720,240,0030892E,0,1,1,4294967295,0,1
oStaticSpikeRed,704,256,002D9032,0,1,1,4294967295,0,1
oStaticSpikeRed,736,256,00070B7C,0,1,1,4294967295,0,1
oStaticSpikeRed,704,288,00309A0B,0,1,1,4294967295,0,1
oStaticSpikeRed,704,320,00379BE1,0,1,1,4294967295,0,1
oStaticSpikeRed,736,288,00171A6F,0,1,1,4294967295,0,1
oStaticSpikeRed,736,320,002A7594,0,1,1,4294967295,0,1
oHexCircle,728,192,003F01F9,0,1,1,4294967295,0,1
oStaticSpikeRed,688,272,000ECBFB,0,1,1,4294967295,0,1
oStaticSpikeRed,664,272,00398462,0,1,1,4294967295,0,1
oStaticSpikeRed,640,272,0014CCB2,0,1,1,4294967295,0,1
oStaticSpikeRed,616,272,001A487E,0,1,1,4294967295,0,1
oStaticSpikeRed,592,272,0036E59F,0,1,1,4294967295,0,1
oStaticSpikeRed,568,272,003F18F1,0,1,1,4294967295,0,1
oStaticSpikeRed,544,272,001B302B,0,1,1,4294967295,0,1
oJunkBot,1632,96,0017AAAC,0,1,1,4294967295,0,1
oJunkBot,1728,96,0010E4CE,0,1,1,4294967295,0,1
oJunkBot,1824,96,0021EC91,0,1,1,4294967295,0,1
oLatchCrystal,1304,176,000E706D,0,1,1,4294967295,0,1
oPlayer1,48,352,003224DE,0,1,1,4294967295,0,0
oInvCollPH,16,352,000DBEDA,0,1,1,4294967295,0,0
oInvCollPH,32,352,001AFFCC,0,1,1,4294967295,0,0
oInvCollPH,48,352,0014DCA4,0,1,1,4294967295,0,0
oInvCollPH,64,352,003F006C,0,1,1,4294967295,0,0
oInvCollPH,80,352,003E5EDB,0,1,1,4294967295,0,0
oInvCollPH,96,352,0020714A,0,1,1,4294967295,0,0
oInvCollPH,112,352,001D1D30,0,1,1,4294967295,0,0
oInvCollPH,128,352,0027B9EA,0,1,1,4294967295,0,0
oInvCollPH,144,352,0001E656,0,1,1,4294967295,0,0
oInvCollPH,160,352,00266EEC,0,1,1,4294967295,0,0
oInvCollPH,176,352,00094BA6,0,1,1,4294967295,0,0
oInvCollPH,192,352,001A6AE0,0,1,1,4294967295,0,0
oInvCollPH,208,352,002CD225,0,1,1,4294967295,0,0
oInvCollPH,224,352,0026BB94,0,1,1,4294967295,0,0
oInvCollPH,240,352,00106438,0,1,1,4294967295,0,0
oInvCollPH,256,352,000BBD05,0,1,1,4294967295,0,0
oInvCollPH,272,352,0024F21B,0,1,1,4294967295,0,0
oInvCollPH,288,352,002C6A7E,0,1,1,4294967295,0,0
oInvCollPH,304,352,000E6D36,0,1,1,4294967295,0,0
oInvCollPH,48,256,00321128,0,1,1,4294967295,0,0
oInvCollPH,48,272,00377D2C,0,1,1,4294967295,0,0
oInvCollPH,32,272,001EA025,0,1,1,4294967295,0,0
oInvCollPH,16,272,003A30B8,0,1,1,4294967295,0,0
oInvCollPH,0,272,000910AE,0,1,1,4294967295,0,0
oInvCollPH,64,240,001ABE0A,0,1,1,4294967295,0,0
oInvCollPH,80,240,002DBF01,0,1,1,4294967295,0,0
oInvCollPH,96,240,000F85EB,0,1,1,4294967295,0,0
oInvCollPH,112,240,0029366F,0,1,1,4294967295,0,0
oInvCollPH,112,224,0006B31F,0,1,1,4294967295,0,0
oInvCollPH,112,208,0023A689,0,1,1,4294967295,0,0
oInvCollPH,112,192,00327AE4,0,1,1,4294967295,0,0
oInvCollPH,128,176,0026B9D2,0,1,1,4294967295,0,0
oInvCollPH,144,176,0006C32A,0,1,1,4294967295,0,0
oInvCollPH,160,176,001CD4A5,0,1,1,4294967295,0,0
oInvCollPH,176,176,001250E4,0,1,1,4294967295,0,0
oInvCollPH,192,176,000B4F14,0,1,1,4294967295,0,0
oInvCollPH,208,176,003E90FF,0,1,1,4294967295,0,0
oInvCollPH,224,176,003AB20A,0,1,1,4294967295,0,0
oInvCollPH,240,176,00353AD4,0,1,1,4294967295,0,0
oInvCollPH,240,160,003FF98E,0,1,1,4294967295,0,0
oInvCollPH,256,144,0026B8C7,0,1,1,4294967295,0,0
oInvCollPH,272,144,003307B8,0,1,1,4294967295,0,0
oInvCollPH,288,144,0011B628,0,1,1,4294967295,0,0
oInvCollPH,304,144,0012201C,0,1,1,4294967295,0,0
oInvCollPH,320,352,001C346A,0,1,1,4294967295,0,0
oInvCollPH,336,352,00313D2A,0,1,1,4294967295,0,0
oInvCollPH,352,352,003E4A20,0,1,1,4294967295,0,0
oInvCollPH,368,352,0014BF87,0,1,1,4294967295,0,0
oInvCollPH,320,144,0023B166,0,1,1,4294967295,0,0
oInvCollPH,336,144,0009065B,0,1,1,4294967295,0,0
oInvCollPH,352,144,003CF11E,0,1,1,4294967295,0,0
oInvCollPH,368,144,001F8987,0,1,1,4294967295,0,0
oInvCollPH,384,144,001C90B2,0,1,1,4294967295,0,0
oInvCollPH,400,144,00113AD8,0,1,1,4294967295,0,0
oInvCollPH,416,144,000A44D7,0,1,1,4294967295,0,0
oInvCollPH,432,144,0029320A,0,1,1,4294967295,0,0
oInvCollPH,448,144,0005C9BB,0,1,1,4294967295,0,0
oInvCollPH,464,144,001978D5,0,1,1,4294967295,0,0
oInvCollPH,480,144,002C61EE,0,1,1,4294967295,0,0
oInvCollPH,496,144,00223E05,0,1,1,4294967295,0,0
oInvCollPH,512,144,00287EB8,0,1,1,4294967295,0,0
oInvCollPH,528,144,003CB191,0,1,1,4294967295,0,0
oInvCollPH,544,144,003969FA,0,1,1,4294967295,0,0
oInvCollPH,560,144,003E5819,0,1,1,4294967295,0,0
oInvCollPH,576,144,001E9133,0,1,1,4294967295,0,0
oInvCollPH,592,144,002AB55C,0,1,1,4294967295,0,0
oInvCollPH,608,144,002219EF,0,1,1,4294967295,0,0
oInvCollPH,624,144,00231D0B,0,1,1,4294967295,0,0
oInvCollPH,624,128,0026662C,0,1,1,4294967295,0,0
oInvCollPH,640,112,002CB660,0,1,1,4294967295,0,0
oInvCollPH,656,112,00239328,0,1,1,4294967295,0,0
oInvCollPH,672,112,002CA1EA,0,1,1,4294967295,0,0
oInvCollPH,688,112,00400BD8,0,1,1,4294967295,0,0
oInvCollPH,704,112,001C3E55,0,1,1,4294967295,0,0
oInvCollPH,720,112,0013154E,0,1,1,4294967295,0,0
oInvCollPH,736,112,003C1E7F,0,1,1,4294967295,0,0
oInvCollPH,752,112,00351F42,0,1,1,4294967295,0,0
oInvCollPH,384,336,003045E4,0,1,1,4294967295,0,0
oInvCollPH,400,320,0016D52A,0,1,1,4294967295,0,0
oInvCollPH,416,320,003A7ACB,0,1,1,4294967295,0,0
oInvCollPH,432,320,001CD17C,0,1,1,4294967295,0,0
oInvCollPH,448,320,00224E6B,0,1,1,4294967295,0,0
oInvCollPH,464,320,003FC537,0,1,1,4294967295,0,0
oInvCollPH,480,320,0002358F,0,1,1,4294967295,0,0
oInvCollPH,496,320,000DB3F5,0,1,1,4294967295,0,0
oInvCollPH,496,336,00114ECC,0,1,1,4294967295,0,0
oInvCollPH,512,352,000F3D23,0,1,1,4294967295,0,0
oInvCollPH,528,352,000996D4,0,1,1,4294967295,0,0
oInvCollPH,544,352,0020740B,0,1,1,4294967295,0,0
oInvCollPH,560,352,0023965B,0,1,1,4294967295,0,0
oInvCollPH,576,352,001A44C3,0,1,1,4294967295,0,0
oInvCollPH,592,352,002408FF,0,1,1,4294967295,0,0
oInvCollPH,608,352,001DDA1A,0,1,1,4294967295,0,0
oInvCollPH,624,352,0025F446,0,1,1,4294967295,0,0
oInvCollPH,944,352,002FA67F,0,1,1,4294967295,0,0
oInvCollPH,928,352,0031EAAF,0,1,1,4294967295,0,0
oInvCollPH,912,352,004025EA,0,1,1,4294967295,0,0
oInvCollPH,896,352,0032226E,0,1,1,4294967295,0,0
oInvCollPH,880,336,00242432,0,1,1,4294967295,0,0
oInvCollPH,880,320,0024C70F,0,1,1,4294967295,0,0
oInvCollPH,864,320,0002F8A2,0,1,1,4294967295,0,0
oInvCollPH,832,336,001D2CC3,0,1,1,4294967295,0,0
oInvCollPH,816,352,00202331,0,1,1,4294967295,0,0
oInvCollPH,800,352,00082F19,0,1,1,4294967295,0,0
oInvCollPH,784,352,00127296,0,1,1,4294967295,0,0
oInvCollPH,768,352,00293AE8,0,1,1,4294967295,0,0
oInvCollPH,752,352,0029EBC6,0,1,1,4294967295,0,0
oInvCollPH,736,352,001C4CC0,0,1,1,4294967295,0,0
oInvCollPH,720,352,00009105,0,1,1,4294967295,0,0
oInvCollPH,704,352,000181F7,0,1,1,4294967295,0,0
oInvCollPH,688,352,00175D4C,0,1,1,4294967295,0,0
oInvCollPH,672,352,002C087F,0,1,1,4294967295,0,0
oInvCollPH,656,352,00059126,0,1,1,4294967295,0,0
oInvCollPH,640,352,00301063,0,1,1,4294967295,0,0
oInvCollPH,1008,352,003F8B47,0,1,1,4294967295,0,0
oInvCollPH,992,352,001DDDE5,0,1,1,4294967295,0,0
oInvCollPH,976,352,001BF0E4,0,1,1,4294967295,0,0
oInvCollPH,960,352,002899FF,0,1,1,4294967295,0,0
oInvCollPH,768,112,0026288C,0,1,1,4294967295,0,0
oInvCollPH,784,112,003B3F74,0,1,1,4294967295,0,0
oInvCollPH,800,112,002B5D8D,0,1,1,4294967295,0,0
oInvCollPH,816,112,000D3E49,0,1,1,4294967295,0,0
oInvCollPH,832,128,00266A6E,0,1,1,4294967295,0,0
oInvCollPH,832,144,003F2078,0,1,1,4294967295,0,0
oInvCollPH,848,144,000358D9,0,1,1,4294967295,0,0
oInvCollPH,864,144,0033B7A6,0,1,1,4294967295,0,0
oInvCollPH,880,144,001A33C4,0,1,1,4294967295,0,0
oInvCollPH,896,144,0000CB1D,0,1,1,4294967295,0,0
oInvCollPH,912,144,0034F7E2,0,1,1,4294967295,0,0
oInvCollPH,928,144,0011E279,0,1,1,4294967295,0,0
oInvCollPH,944,144,0003870C,0,1,1,4294967295,0,0
oInvCollPH,960,144,0016731B,0,1,1,4294967295,0,0
oInvCollPH,976,144,0022D7CE,0,1,1,4294967295,0,0
oInvCollPH,992,144,002C2D18,0,1,1,4294967295,0,0
oInvCollPH,1008,144,001D0100,0,1,1,4294967295,0,0
oInvCollPH,1024,144,0017DFA0,0,1,1,4294967295,0,0
oInvCollPH,1040,144,0011BF8E,0,1,1,4294967295,0,0
oInvCollPH,1056,144,0025303A,0,1,1,4294967295,0,0
oInvCollPH,1072,144,002265F4,0,1,1,4294967295,0,0
oInvCollPH,1088,144,0022BFEF,0,1,1,4294967295,0,0
oInvCollPH,1104,144,003BE2E1,0,1,1,4294967295,0,0
oInvCollPH,1120,144,000D98AD,0,1,1,4294967295,0,0
oInvCollPH,1136,144,0000EFF9,0,1,1,4294967295,0,0
oInvCollPH,1136,128,000CEC02,0,1,1,4294967295,0,0
oInvCollPH,1136,112,00001CF7,0,1,1,4294967295,0,0
oInvCollPH,1136,96,002A9A1F,0,1,1,4294967295,0,0
oInvCollPH,1920,112,000500CD,0,1,1,4294967295,0,0
oInvCollPH,1920,128,00049222,0,1,1,4294967295,0,0
oInvCollPH,1920,144,002DE72A,0,1,1,4294967295,0,0
oInvCollPH,1920,160,0040276C,0,1,1,4294967295,0,0
oInvCollPH,1920,176,001C5D38,0,1,1,4294967295,0,0
oInvCollPH,1920,192,001AFF38,0,1,1,4294967295,0,0
oInvCollPH,1920,208,00269C93,0,1,1,4294967295,0,0
oInvCollPH,1920,224,0023E97E,0,1,1,4294967295,0,0
oInvCollPH,1920,240,003E4024,0,1,1,4294967295,0,0
oInvCollPH,1920,256,0006746F,0,1,1,4294967295,0,0
oInvCollPH,1920,272,00167BA1,0,1,1,4294967295,0,0
oInvCollPH,1936,272,002A5C00,0,1,1,4294967295,0,0
oInvCollPH,1952,272,00162A92,0,1,1,4294967295,0,0
oInvCollPH,1968,272,0037474A,0,1,1,4294967295,0,0
oInvCollPH,1984,272,00032FCD,0,1,1,4294967295,0,0
oInvCollPH,2000,272,000F88EA,0,1,1,4294967295,0,0
oInvCollPH,2016,272,0022E2B4,0,1,1,4294967295,0,0
oInvCollPH,2032,272,0026B98E,0,1,1,4294967295,0,0
oInvCollPH,1808,80,000BBFEA,0,1,1,4294967295,0,0
oInvCollPH,1824,80,001287AC,0,1,1,4294967295,0,0
oInvCollPH,1840,80,0003DE3F,0,1,1,4294967295,0,0
oInvCollPH,1856,80,002183A7,0,1,1,4294967295,0,0
oInvCollPH,1872,80,003F16E0,0,1,1,4294967295,0,0
oInvCollPH,1888,80,000200A1,0,1,1,4294967295,0,0
oInvCollPH,1904,80,000AE152,0,1,1,4294967295,0,0
oInvCollPH,1152,80,0011D5EB,0,1,1,4294967295,0,0
oInvCollPH,1168,80,00001CD5,0,1,1,4294967295,0,0
oInvCollPH,1184,80,0010FD69,0,1,1,4294967295,0,0
oInvCollPH,1200,80,002A3C29,0,1,1,4294967295,0,0
oInvCollPH,1200,64,0029411E,0,1,1,4294967295,0,0
oInvCollPH,1216,48,0001C4C2,0,1,1,4294967295,0,0
oInvCollPH,1232,48,001341B0,0,1,1,4294967295,0,0
oInvCollPH,1248,48,00330F8B,0,1,1,4294967295,0,0
oInvCollPH,1264,48,0011CAA7,0,1,1,4294967295,0,0
oInvCollPH,1296,80,002A98B8,0,1,1,4294967295,0,0
oInvCollPH,1312,80,00177A27,0,1,1,4294967295,0,0
oInvCollPH,1328,80,00213074,0,1,1,4294967295,0,0
oInvCollPH,1328,64,00251295,0,1,1,4294967295,0,0
oInvCollPH,1280,80,000E3862,0,1,1,4294967295,0,0
oInvCollPH,1344,48,001FBFC8,0,1,1,4294967295,0,0
oInvCollPH,1360,48,00032C4B,0,1,1,4294967295,0,0
oInvCollPH,1408,80,002F8D57,0,1,1,4294967295,0,0
oInvCollPH,1424,80,0031C9D4,0,1,1,4294967295,0,0
oInvCollPH,1440,80,000CA378,0,1,1,4294967295,0,0
oInvCollPH,1456,80,001E1FE5,0,1,1,4294967295,0,0
oInvCollPH,1472,80,001FB21A,0,1,1,4294967295,0,0
oInvCollPH,1488,80,001DE98F,0,1,1,4294967295,0,0
oInvCollPH,1504,80,001E30E6,0,1,1,4294967295,0,0
oInvCollPH,1520,80,00093968,0,1,1,4294967295,0,0
oInvCollPH,1536,80,001CC303,0,1,1,4294967295,0,0
oInvCollPH,1552,80,003BE44F,0,1,1,4294967295,0,0
oInvCollPH,1568,80,001FDB62,0,1,1,4294967295,0,0
oInvCollPH,1584,80,00383D79,0,1,1,4294967295,0,0
oInvCollPH,1600,80,0003EDAA,0,1,1,4294967295,0,0
oInvCollPH,1616,80,003F2599,0,1,1,4294967295,0,0
oInvCollPH,1632,80,001DE228,0,1,1,4294967295,0,0
oInvCollPH,1648,80,00069E78,0,1,1,4294967295,0,0
oInvCollPH,1664,80,00176A5B,0,1,1,4294967295,0,0
oInvCollPH,1680,80,003FDA89,0,1,1,4294967295,0,0
oInvCollPH,1696,80,00361DAE,0,1,1,4294967295,0,0
oInvCollPH,1712,80,001B1599,0,1,1,4294967295,0,0
oInvCollPH,1728,80,000C3F88,0,1,1,4294967295,0,0
oInvCollPH,1744,80,001654A1,0,1,1,4294967295,0,0
oInvCollPH,1760,80,00119601,0,1,1,4294967295,0,0
oInvCollPH,1776,80,00267FDE,0,1,1,4294967295,0,0
oInvCollPH,1792,80,0011FFA4,0,1,1,4294967295,0,0
oInvCollPH,1552,320,00079B08,0,1,1,4294967295,0,0
oInvCollPH,1568,320,00222C7F,0,1,1,4294967295,0,0
oInvCollPH,1584,320,000F837D,0,1,1,4294967295,0,0
oInvCollPH,1600,320,003B9ED4,0,1,1,4294967295,0,0
oInvCollPH,1616,320,003A4FD9,0,1,1,4294967295,0,0
oInvCollPH,1632,320,00069528,0,1,1,4294967295,0,0
oInvCollPH,1648,320,00253360,0,1,1,4294967295,0,0
oInvCollPH,1648,336,003277DC,0,1,1,4294967295,0,0
oInvCollPH,1024,304,003448FB,0,1,1,4294967295,0,0
oInvCollPH,1024,320,002332B3,0,1,1,4294967295,0,0
oInvCollPH,1024,336,001F8902,0,1,1,4294967295,0,0
oInvCollPH,1328,288,0016DBD0,0,1,1,4294967295,0,0
oInvCollPH,1312,288,00284C45,0,1,1,4294967295,0,0
oInvCollPH,1296,288,003CE140,0,1,1,4294967295,0,0
oInvCollPH,1280,288,00322051,0,1,1,4294967295,0,0
oInvCollPH,1264,288,001AEA74,0,1,1,4294967295,0,0
oInvCollPH,1248,288,0034EF1B,0,1,1,4294967295,0,0
oInvCollPH,1232,288,00143676,0,1,1,4294967295,0,0
oInvCollPH,1216,288,001C0AD2,0,1,1,4294967295,0,0
oInvCollPH,1200,288,0022133C,0,1,1,4294967295,0,0
oInvCollPH,1184,288,00374E87,0,1,1,4294967295,0,0
oInvCollPH,1168,288,00093A06,0,1,1,4294967295,0,0
oInvCollPH,1152,288,0011C20D,0,1,1,4294967295,0,0
oInvCollPH,1136,288,0029F0EC,0,1,1,4294967295,0,0
oInvCollPH,1120,288,003111C1,0,1,1,4294967295,0,0
oInvCollPH,1104,288,00044379,0,1,1,4294967295,0,0
oInvCollPH,1088,288,003C8D07,0,1,1,4294967295,0,0
oInvCollPH,1072,288,001DFE98,0,1,1,4294967295,0,0
oInvCollPH,1056,288,0032401A,0,1,1,4294967295,0,0
oInvCollPH,1040,288,0037CC55,0,1,1,4294967295,0,0
oInvCollPH,1344,288,00170747,0,1,1,4294967295,0,0
oInvCollPH,1360,288,0038746F,0,1,1,4294967295,0,0
oInvCollPH,1376,288,003D2937,0,1,1,4294967295,0,0
oInvCollPH,1392,288,0024E87B,0,1,1,4294967295,0,0
oInvCollPH,1408,288,002B667F,0,1,1,4294967295,0,0
oInvCollPH,1424,288,00392BD9,0,1,1,4294967295,0,0
oInvCollPH,1440,288,00278EBB,0,1,1,4294967295,0,0
oInvCollPH,1456,288,00141882,0,1,1,4294967295,0,0
oInvCollPH,1472,288,001696D8,0,1,1,4294967295,0,0
oInvCollPH,1488,288,0029100A,0,1,1,4294967295,0,0
oInvCollPH,1504,288,0004D35C,0,1,1,4294967295,0,0
oInvCollPH,1520,288,0011D9E5,0,1,1,4294967295,0,0
oInvCollPH,1520,304,003FC3A1,0,1,1,4294967295,0,0
oInvCollPH,1664,352,002502E5,0,1,1,4294967295,0,0
oInvCollPH,1680,352,001605E2,0,1,1,4294967295,0,0
oInvCollPH,1696,352,0003B9F4,0,1,1,4294967295,0,0
oInvCollPH,1712,352,0018A3CB,0,1,1,4294967295,0,0
oInvCollPH,1728,352,00389767,0,1,1,4294967295,0,0
oInvCollPH,1744,352,001615C7,0,1,1,4294967295,0,0
oInvCollPH,1760,352,003BC4F0,0,1,1,4294967295,0,0
oInvCollPH,1776,352,0017AAAD,0,1,1,4294967295,0,0
oInvCollPH,1792,352,0007E8B1,0,1,1,4294967295,0,0
oInvCollPH,1808,352,000678EF,0,1,1,4294967295,0,0
oInvCollPH,1824,352,000C907F,0,1,1,4294967295,0,0
oInvCollPH,1840,352,0039E0A1,0,1,1,4294967295,0,0
oInvCollPH,1856,352,0034E3D6,0,1,1,4294967295,0,0
oInvCollPH,1872,352,0038F00A,0,1,1,4294967295,0,0
oInvCollPH,1888,352,0001075F,0,1,1,4294967295,0,0
oInvCollPH,1904,352,00334C0B,0,1,1,4294967295,0,0
oInvCollPH,1920,352,0038B616,0,1,1,4294967295,0,0
oInvCollPH,1936,352,0001794C,0,1,1,4294967295,0,0
oInvCollPH,1952,352,00349A4E,0,1,1,4294967295,0,0
oInvCollPH,1968,352,003ED54B,0,1,1,4294967295,0,0
oInvCollPH,1984,352,0022EE35,0,1,1,4294967295,0,0
oInvCollPH,2000,352,002A65C5,0,1,1,4294967295,0,0
oInvCollPH,2016,352,0016D5C9,0,1,1,4294967295,0,0
oInvCollPH,2032,352,0036D049,0,1,1,4294967295,0,0
oInvCollPH,1376,48,001F2C62,0,1,1,4294967295,0,0
oInvCollPH,1392,48,0037A17C,0,1,1,4294967295,0,0
oEnemySpawnZone,896,224,0026027A,0,1,1,4294967295,0,1
oEnemySpawnZone,960,224,000E44D3,0,1,1,4294967295,0,1
oEnemySpawnZone,1296,160,000358BE,0,1,1,4294967295,0,1
oInvCollPH,1408,64,000C06DF,0,1,1,4294967295,0,0
oInvCollPH,832,304,00028A3E,0,1,1,4294967295,0,0
oInvCollPH,848,288,002D8A7A,0,1,1,4294967295,0,0
oInvCollPH,848,304,003C8540,0,1,1,4294967295,0,0
oInvisibleSolid,0,352,0004483F,0,1,1,4294967295,0,1
oInvisibleSolid,0,256,00159505,0,1,1,4294967295,0,1
oInvisibleSolid,0,192,0017BF4F,0,1,1,4294967295,0,1
oInvisibleSolid,0,0,002523F7,0,1,1,4294967295,0,1
oInvisibleSolid,256,0,000467E3,0,1,1,4294967295,0,1
oInvisibleSolid,640,0,0010EF15,0,1,1,4294967295,0,1
oInvisibleSolid,832,0,00388E19,0,1,1,4294967295,0,1
oInvisibleSolid,384,320,002C65F4,0,1,1,4294967295,0,1
oInvisibleSolid,1024,288,0038CE33,0,1,1,4294967295,0,1
oInvisibleSolid,1152,0,0014AAAE,0,1,1,4294967295,0,1
oInvisibleSolid,1536,320,000164CD,0,1,1,4294967295,0,1
oInvisibleSolid,1920,96,00045097,0,1,1,4294967295,0,1
oInvisibleSolid,1152,64,000D7DC6,0,1,1,4294967295,0,1
oInvisibleSolid,1280,64,002DEE1C,0,1,1,4294967295,0,1
oInvisibleSolid,1408,0,0020A338,0,1,1,4294967295,0,1
oInvisibleSolid,832,288,0029E8E1,0,1,1,4294967295,0,1
oInvisibleSolid,832,320,002A2BFB,0,1,1,4294967295,0,1
