oExit,0,192,0035BCF2,0,1,1,4294967295,0,1
oPlayer1,64,224,001B5807,0,1,1,4294967295,0,0
oMetroidDoorHolder,16,192,000D0AA1,0,1,1,4294967295,0,1
oMetChozoStatue,672,104,0011F8AB,0,1,1,4294967295,0,1
oStoryObject,620,128,0002A132,0,1,1,4294967295,0,1
oInvCollPH,16,224,00096791,0,1,1,4294967295,0,0
oInvCollPH,32,224,001DD592,0,1,1,4294967295,0,0
oInvCollPH,48,224,002FC362,0,1,1,4294967295,0,0
oInvCollPH,64,224,002114B8,0,1,1,4294967295,0,0
oInvCollPH,64,240,00097A03,0,1,1,4294967295,0,0
oInvCollPH,64,256,0038E44D,0,1,1,4294967295,0,0
oInvCollPH,64,272,000C261F,0,1,1,4294967295,0,0
oInvCollPH,64,288,0031C1F5,0,1,1,4294967295,0,0
oInvCollPH,16,144,000D736F,0,1,1,4294967295,0,0
oInvCollPH,32,144,000653DB,0,1,1,4294967295,0,0
oInvCollPH,48,144,000BB847,0,1,1,4294967295,0,0
oInvCollPH,64,144,0019AAE1,0,1,1,4294967295,0,0
oInvCollPH,672,80,0030DEED,0,1,1,4294967295,0,0
oInvCollPH,672,96,0028F3A7,0,1,1,4294967295,0,0
oInvCollPH,672,112,0005B9B0,0,1,1,4294967295,0,0
oInvCollPH,672,128,001EDBFF,0,1,1,4294967295,0,0
oInvCollPH,672,144,001314A0,0,1,1,4294967295,0,0
oInvCollPH,96,304,003E65AA,0,1,1,4294967295,0,0
oInvCollPH,112,304,003CEF26,0,1,1,4294967295,0,0
oInvCollPH,128,304,001A6999,0,1,1,4294967295,0,0
oInvCollPH,144,304,00231AD9,0,1,1,4294967295,0,0
oInvCollPH,160,304,00109E17,0,1,1,4294967295,0,0
oInvCollPH,176,304,003B334E,0,1,1,4294967295,0,0
oInvCollPH,192,304,002563A5,0,1,1,4294967295,0,0
oInvCollPH,224,304,0006DD30,0,1,1,4294967295,0,0
oInvCollPH,208,304,001F77D2,0,1,1,4294967295,0,0
oInvCollPH,384,304,002BDFF7,0,1,1,4294967295,0,0
oInvCollPH,368,304,0030E4DB,0,1,1,4294967295,0,0
oInvCollPH,352,304,00237101,0,1,1,4294967295,0,0
oInvCollPH,336,304,003BF188,0,1,1,4294967295,0,0
oInvCollPH,320,304,0016E989,0,1,1,4294967295,0,0
oInvCollPH,304,304,000DEE74,0,1,1,4294967295,0,0
oInvCollPH,288,304,000E77D9,0,1,1,4294967295,0,0
oInvCollPH,272,304,0004532A,0,1,1,4294967295,0,0
oInvCollPH,256,304,0037465A,0,1,1,4294967295,0,0
oInvCollPH,240,304,00386D97,0,1,1,4294967295,0,0
oInvCollPH,416,224,000E7B22,0,1,1,4294967295,0,0
oInvCollPH,432,224,001AF37F,0,1,1,4294967295,0,0
oInvCollPH,400,240,003124AD,0,1,1,4294967295,0,0
oInvCollPH,400,256,0004A602,0,1,1,4294967295,0,0
oInvCollPH,400,272,001304D0,0,1,1,4294967295,0,0
oInvCollPH,400,288,003E5306,0,1,1,4294967295,0,0
oInvCollPH,448,160,00021D8A,0,1,1,4294967295,0,0
oInvCollPH,448,176,0029CA97,0,1,1,4294967295,0,0
oInvCollPH,448,192,0027EEF9,0,1,1,4294967295,0,0
oInvCollPH,448,208,0003F75A,0,1,1,4294967295,0,0
oInvCollPH,464,144,000F7BAF,0,1,1,4294967295,0,0
oInvCollPH,480,144,00222317,0,1,1,4294967295,0,0
oInvCollPH,496,144,003075F8,0,1,1,4294967295,0,0
oInvCollPH,512,144,003ED5EC,0,1,1,4294967295,0,0
oInvCollPH,528,144,000944C1,0,1,1,4294967295,0,0
oInvCollPH,80,128,003EC01E,0,1,1,4294967295,0,0
oInvCollPH,96,128,000A4E8E,0,1,1,4294967295,0,0
oInvCollPH,112,128,0026D28A,0,1,1,4294967295,0,0
oInvCollPH,128,128,002CF83D,0,1,1,4294967295,0,0
oInvCollPH,144,128,00085F2F,0,1,1,4294967295,0,0
oInvCollPH,160,128,0007ACF5,0,1,1,4294967295,0,0
oInvCollPH,176,128,00376DBD,0,1,1,4294967295,0,0
oInvCollPH,192,128,0039CBD9,0,1,1,4294967295,0,0
oInvCollPH,208,128,00288F34,0,1,1,4294967295,0,0
oInvCollPH,224,128,003D8DB5,0,1,1,4294967295,0,0
oInvCollPH,240,128,0034DA6C,0,1,1,4294967295,0,0
oInvCollPH,256,128,00156A87,0,1,1,4294967295,0,0
oInvCollPH,272,128,0036FF12,0,1,1,4294967295,0,0
oInvCollPH,288,128,002B3587,0,1,1,4294967295,0,0
oInvCollPH,304,128,000CF281,0,1,1,4294967295,0,0
oInvCollPH,320,128,001C811C,0,1,1,4294967295,0,0
oInvCollPH,336,128,002DAC9B,0,1,1,4294967295,0,0
oInvCollPH,352,128,003E3B21,0,1,1,4294967295,0,0
oInvCollPH,368,128,00135740,0,1,1,4294967295,0,0
oInvCollPH,384,128,00276BBA,0,1,1,4294967295,0,0
oInvCollPH,400,128,0032AE2F,0,1,1,4294967295,0,0
oInvCollPH,400,112,0035805B,0,1,1,4294967295,0,0
oInvCollPH,400,96,0029DA17,0,1,1,4294967295,0,0
oInvCollPH,400,80,00329371,0,1,1,4294967295,0,0
oInvCollPH,400,64,0009ADE4,0,1,1,4294967295,0,0
oInvCollPH,560,48,000192D6,0,1,1,4294967295,0,0
oInvCollPH,544,48,00042C32,0,1,1,4294967295,0,0
oInvCollPH,528,48,0005BD4C,0,1,1,4294967295,0,0
oInvCollPH,512,48,0003A3A0,0,1,1,4294967295,0,0
oInvCollPH,496,48,0006C0F0,0,1,1,4294967295,0,0
oInvCollPH,480,48,0018824C,0,1,1,4294967295,0,0
oInvCollPH,464,48,0003A09B,0,1,1,4294967295,0,0
oInvCollPH,448,48,0031BD1B,0,1,1,4294967295,0,0
oInvCollPH,432,48,002B68D2,0,1,1,4294967295,0,0
oInvCollPH,416,48,00029837,0,1,1,4294967295,0,0
oInvCollPH,576,48,0034AFE9,0,1,1,4294967295,0,0
oInvCollPH,592,48,0004A9C5,0,1,1,4294967295,0,0
oInvCollPH,608,48,00134C88,0,1,1,4294967295,0,0
oInvCollPH,624,48,001A4F48,0,1,1,4294967295,0,0
oInvCollPH,640,48,003561D2,0,1,1,4294967295,0,0
oInvCollPH,656,48,002BA528,0,1,1,4294967295,0,0
oInvCollPH,560,160,002D2C1E,0,1,1,4294967295,0,0
oInvCollPH,576,160,00144610,0,1,1,4294967295,0,0
oInvCollPH,592,160,00027BEC,0,1,1,4294967295,0,0
oInvCollPH,608,160,000A2AA0,0,1,1,4294967295,0,0
oInvCollPH,624,160,0022A4D3,0,1,1,4294967295,0,0
oInvCollPH,640,160,003CA16E,0,1,1,4294967295,0,0
oInvCollPH,656,160,0028F72D,0,1,1,4294967295,0,0
oInvisibleSolid,0,224,00251513,0,1,1,4294967295,0,1
oInvisibleSolid,0,144,0019AEA7,0,1,1,4294967295,0,1
oInvisibleSolid,0,0,0011F149,0,1,1,4294967295,0,1
oInvisibleSolid,416,0,001E6684,0,1,1,4294967295,0,1
oInvisibleSolid,672,64,001F9B90,0,1,1,4294967295,0,1
oInvisibleSolid,544,160,001C1941,0,1,1,4294967295,0,1
oInvisibleSolid,448,144,002C1293,0,1,1,4294967295,0,1
oInvisibleSolid,400,224,0006BFEB,0,1,1,4294967295,0,1
oInvisibleSolid,80,304,000BD3A0,0,1,1,4294967295,0,1
