oExit,0,240,00122610,0,1,1,4294967295,0,1
oControlCenterComputer,1680,256,003F6AAB,0,1,1,4294967295,0,0
oNPC_GeneralA,1632,256,001B85CC,0,1,1,4294967295,0,1
oPlayer1,1568,256,0002351A,0,1,1,4294967295,0,0
oInvCollPH,960,112,003AF5CE,0,1,1,4294967295,0,0
oInvCollPH,976,112,002EB4BD,0,1,1,4294967295,0,0
oInvCollPH,992,112,00129408,0,1,1,4294967295,0,0
oInvCollPH,1008,112,0028D891,0,1,1,4294967295,0,0
oInvCollPH,1024,112,00048A79,0,1,1,4294967295,0,0
oInvCollPH,1040,112,000AE909,0,1,1,4294967295,0,0
oInvCollPH,1056,112,00248039,0,1,1,4294967295,0,0
oInvCollPH,960,208,0030C1F1,0,1,1,4294967295,0,0
oInvCollPH,976,208,00197A53,0,1,1,4294967295,0,0
oInvCollPH,992,208,002B8491,0,1,1,4294967295,0,0
oInvCollPH,1008,208,00089448,0,1,1,4294967295,0,0
oInvCollPH,1024,208,003A99B6,0,1,1,4294967295,0,0
oInvCollPH,1040,208,002BBEA1,0,1,1,4294967295,0,0
oInvCollPH,1056,208,000A2EF9,0,1,1,4294967295,0,0
oInvCollPH,1120,240,002B427C,0,1,1,4294967295,0,0
oInvCollPH,1088,80,0029817C,0,1,1,4294967295,0,0
oInvCollPH,1120,64,00130460,0,1,1,4294967295,0,0
oInvCollPH,1136,64,000F96BD,0,1,1,4294967295,0,0
oInvCollPH,1296,64,002E95B1,0,1,1,4294967295,0,0
oInvCollPH,1280,64,003BB125,0,1,1,4294967295,0,0
oInvCollPH,1264,64,00086EAF,0,1,1,4294967295,0,0
oInvCollPH,1248,64,0013F25E,0,1,1,4294967295,0,0
oInvCollPH,1232,64,00004933,0,1,1,4294967295,0,0
oInvCollPH,1216,64,00010F7D,0,1,1,4294967295,0,0
oInvCollPH,1200,64,0038A8E8,0,1,1,4294967295,0,0
oInvCollPH,1136,256,0011B34B,0,1,1,4294967295,0,0
oInvCollPH,1152,256,003309A4,0,1,1,4294967295,0,0
oInvCollPH,1168,256,001A79FE,0,1,1,4294967295,0,0
oInvCollPH,1184,256,003C6C1F,0,1,1,4294967295,0,0
oInvCollPH,1200,256,00174A36,0,1,1,4294967295,0,0
oInvCollPH,1504,112,00048096,0,1,1,4294967295,0,0
oInvCollPH,1520,112,001A3A98,0,1,1,4294967295,0,0
oInvCollPH,1520,96,002DCD71,0,1,1,4294967295,0,0
oInvCollPH,1440,112,001EE6A4,0,1,1,4294967295,0,0
oInvCollPH,1440,128,002AC494,0,1,1,4294967295,0,0
oInvCollPH,1440,144,0008A41D,0,1,1,4294967295,0,0
oInvCollPH,1440,160,00265F8F,0,1,1,4294967295,0,0
oInvCollPH,1440,176,002BB49D,0,1,1,4294967295,0,0
oInvCollPH,1456,208,0007B651,0,1,1,4294967295,0,0
oInvCollPH,1472,192,00247313,0,1,1,4294967295,0,0
oInvCollPH,1488,176,00391729,0,1,1,4294967295,0,0
oInvCollPH,1488,160,001BBF61,0,1,1,4294967295,0,0
oInvCollPH,1488,144,0028C499,0,1,1,4294967295,0,0
oInvCollPH,1488,128,001323E7,0,1,1,4294967295,0,0
oInvCollPH,1312,80,000FF734,0,1,1,4294967295,0,0
oInvCollPH,1328,80,00140A7E,0,1,1,4294967295,0,0
oInvCollPH,1344,48,000A3BF0,0,1,1,4294967295,0,0
oInvCollPH,1360,48,000C5D9A,0,1,1,4294967295,0,0
oInvCollPH,1376,80,0013BD2B,0,1,1,4294967295,0,0
oInvCollPH,1392,80,002E49F4,0,1,1,4294967295,0,0
oInvCollPH,1536,80,002D7D52,0,1,1,4294967295,0,0
oInvCollPH,1408,80,0008771F,0,1,1,4294967295,0,0
oInvCollPH,1424,80,00138C09,0,1,1,4294967295,0,0
oInvCollPH,1552,80,00326AA3,0,1,1,4294967295,0,0
oInvCollPH,1552,64,0013F093,0,1,1,4294967295,0,0
oInvCollPH,1824,112,003F0380,0,1,1,4294967295,0,0
oInvCollPH,1840,112,0037F659,0,1,1,4294967295,0,0
oInvCollPH,1792,64,003D3317,0,1,1,4294967295,0,0
oInvCollPH,1792,80,001A99C3,0,1,1,4294967295,0,0
oInvCollPH,1808,80,00314F0E,0,1,1,4294967295,0,0
oInvCollPH,1856,144,0037E6B5,0,1,1,4294967295,0,0
oInvCollPH,1856,160,0038A350,0,1,1,4294967295,0,0
oInvCollPH,1856,176,00317DB1,0,1,1,4294967295,0,0
oInvCollPH,1856,192,001411C3,0,1,1,4294967295,0,0
oInvCollPH,1856,208,001E16FE,0,1,1,4294967295,0,0
oInvCollPH,1856,224,001F46CF,0,1,1,4294967295,0,0
oInvCollPH,1856,240,0006F542,0,1,1,4294967295,0,0
oInvCollPH,1712,48,00326F2B,0,1,1,4294967295,0,0
oInvCollPH,1696,48,003767AB,0,1,1,4294967295,0,0
oInvCollPH,1680,48,00106219,0,1,1,4294967295,0,0
oInvCollPH,1664,48,00093FAB,0,1,1,4294967295,0,0
oInvCollPH,1648,16,0014FFA9,0,1,1,4294967295,0,0
oInvCollPH,1632,16,000BCDBA,0,1,1,4294967295,0,0
oInvCollPH,1616,48,00378184,0,1,1,4294967295,0,0
oInvCollPH,1600,48,002DE8D7,0,1,1,4294967295,0,0
oInvCollPH,1584,48,003ADE21,0,1,1,4294967295,0,0
oInvCollPH,1568,48,00211ACC,0,1,1,4294967295,0,0
oInvCollPH,1728,48,003D8181,0,1,1,4294967295,0,0
oInvCollPH,1760,48,0005F2E1,0,1,1,4294967295,0,0
oInvCollPH,1776,48,000913EC,0,1,1,4294967295,0,0
oInvCollPH,1616,256,000B225F,0,1,1,4294967295,0,0
oInvCollPH,1600,256,000DD01E,0,1,1,4294967295,0,0
oInvCollPH,1584,256,0031D7F4,0,1,1,4294967295,0,0
oInvCollPH,1568,256,0013B9F3,0,1,1,4294967295,0,0
oInvCollPH,1552,256,002CE687,0,1,1,4294967295,0,0
oInvCollPH,1536,256,0001D5EB,0,1,1,4294967295,0,0
oInvCollPH,1520,256,0012AA55,0,1,1,4294967295,0,0
oInvCollPH,1504,256,002AF86B,0,1,1,4294967295,0,0
oInvCollPH,1488,256,000D7026,0,1,1,4294967295,0,0
oInvCollPH,1456,224,003C347E,0,1,1,4294967295,0,0
oInvCollPH,1456,240,0034C963,0,1,1,4294967295,0,0
oInvCollPH,1440,256,00162A46,0,1,1,4294967295,0,0
oInvCollPH,1424,256,00031E2C,0,1,1,4294967295,0,0
oInvCollPH,1408,256,000A095E,0,1,1,4294967295,0,0
oInvCollPH,1392,256,002CD27F,0,1,1,4294967295,0,0
oInvCollPH,1632,256,0002F5D0,0,1,1,4294967295,0,0
oInvCollPH,1648,256,003A8BFE,0,1,1,4294967295,0,0
oInvCollPH,1664,256,0018E20B,0,1,1,4294967295,0,0
oInvCollPH,1680,256,00092BCD,0,1,1,4294967295,0,0
oInvCollPH,1696,256,00065B8E,0,1,1,4294967295,0,0
oInvCollPH,1712,256,002413AE,0,1,1,4294967295,0,0
oInvCollPH,1728,256,001E8F09,0,1,1,4294967295,0,0
oInvCollPH,1744,256,0012B659,0,1,1,4294967295,0,0
oInvCollPH,1744,272,00007D96,0,1,1,4294967295,0,0
oInvCollPH,1744,288,00063A82,0,1,1,4294967295,0,0
oInvCollPH,1744,304,003A78E8,0,1,1,4294967295,0,0
oInvCollPH,1824,272,0016DFAF,0,1,1,4294967295,0,0
oInvCollPH,1840,256,002A7637,0,1,1,4294967295,0,0
oInvCollPH,1328,256,00017242,0,1,1,4294967295,0,0
oInvCollPH,1344,256,000F2F2D,0,1,1,4294967295,0,0
oInvCollPH,1360,256,000BD1A0,0,1,1,4294967295,0,0
oInvCollPH,1280,304,001FC5EE,0,1,1,4294967295,0,0
oInvCollPH,1280,320,0002BAF8,0,1,1,4294967295,0,0
oInvCollPH,1280,336,002C444F,0,1,1,4294967295,0,0
oInvCollPH,1376,256,0014A470,0,1,1,4294967295,0,0
oInvCollPH,1776,320,00078F33,0,1,1,4294967295,0,0
oInvCollPH,1808,288,0029E11D,0,1,1,4294967295,0,0
oInvCollPH,1792,304,000F11B7,0,1,1,4294967295,0,0
oInvCollPH,1664,32,00299FC2,0,1,1,4294967295,0,0
oInvCollPH,1616,32,000A0BD0,0,1,1,4294967295,0,0
oInvCollPH,1328,64,0035D2BC,0,1,1,4294967295,0,0
oInvCollPH,1376,64,000B0645,0,1,1,4294967295,0,0
oInvCollPH,1120,208,003D0A3D,0,1,1,4294967295,0,0
oInvCollPH,1312,48,003C357F,0,1,1,4294967295,0,0
oInvCollPH,1312,32,001A4CCA,0,1,1,4294967295,0,0
oInvCollPH,1312,16,003ECBFF,0,1,1,4294967295,0,0
oInvCollPH,944,144,002C74DB,0,1,1,4294967295,0,0
oInvCollPH,944,160,0008E3AE,0,1,1,4294967295,0,0
oInvCollPH,944,176,001D92D3,0,1,1,4294967295,0,0
oInvCollPH,928,144,0017CEEE,0,1,1,4294967295,0,0
oInvCollPH,912,144,0011C21D,0,1,1,4294967295,0,0
oInvCollPH,896,144,001394F3,0,1,1,4294967295,0,0
oInvCollPH,880,144,0017C1F1,0,1,1,4294967295,0,0
oInvCollPH,864,144,0037E922,0,1,1,4294967295,0,0
oInvCollPH,848,144,00131506,0,1,1,4294967295,0,0
oInvCollPH,832,144,0023DA0D,0,1,1,4294967295,0,0
oInvCollPH,816,176,000AEEBA,0,1,1,4294967295,0,0
oInvCollPH,816,192,0039793C,0,1,1,4294967295,0,0
oInvCollPH,816,208,003A2EF9,0,1,1,4294967295,0,0
oInvCollPH,816,224,000ADAA3,0,1,1,4294967295,0,0
oInvCollPH,816,240,00033EEF,0,1,1,4294967295,0,0
oInvCollPH,816,256,00083D11,0,1,1,4294967295,0,0
oInvCollPH,816,272,00189988,0,1,1,4294967295,0,0
oInvCollPH,816,288,00355D97,0,1,1,4294967295,0,0
oInvCollPH,1472,208,001A7BFC,0,1,1,4294967295,0,0
oInvCollPH,1472,224,002948B6,0,1,1,4294967295,0,0
oInvCollPH,1472,240,0029B219,0,1,1,4294967295,0,0
oInvCollPH,128,304,001D1FCD,0,1,1,4294967295,0,0
oInvCollPH,288,256,00019E54,0,1,1,4294967295,0,0
oInvCollPH,288,272,003F3C2C,0,1,1,4294967295,0,0
oInvCollPH,288,288,0007DD3E,0,1,1,4294967295,0,0
oInvCollPH,288,304,00077816,0,1,1,4294967295,0,0
oInvCollPH,288,320,00003015,0,1,1,4294967295,0,0
oInvCollPH,288,336,0000CBCB,0,1,1,4294967295,0,0
oInvCollPH,64,48,00133A75,0,1,1,4294967295,0,0
oInvCollPH,64,64,001427ED,0,1,1,4294967295,0,0
oInvCollPH,64,80,00061E16,0,1,1,4294967295,0,0
oInvCollPH,64,96,003C9220,0,1,1,4294967295,0,0
oInvCollPH,64,112,0005502A,0,1,1,4294967295,0,0
oInvCollPH,64,128,0026D770,0,1,1,4294967295,0,0
oInvCollPH,64,144,0002B262,0,1,1,4294967295,0,0
oInvCollPH,64,160,0012290C,0,1,1,4294967295,0,0
oInvCollPH,64,176,00210282,0,1,1,4294967295,0,0
oInvCollPH,384,16,0039C3A0,0,1,1,4294967295,0,0
oInvCollPH,384,32,002B0FCD,0,1,1,4294967295,0,0
oInvCollPH,384,48,001F0A58,0,1,1,4294967295,0,0
oInvCollPH,384,64,000E20B7,0,1,1,4294967295,0,0
oInvCollPH,384,80,003D9F4B,0,1,1,4294967295,0,0
oInvCollPH,384,96,0029A646,0,1,1,4294967295,0,0
oInvCollPH,384,112,00086547,0,1,1,4294967295,0,0
oInvCollPH,624,192,00049AC8,0,1,1,4294967295,0,0
oInvCollPH,624,208,0017BF2C,0,1,1,4294967295,0,0
oInvCollPH,624,224,0008B59B,0,1,1,4294967295,0,0
oInvCollPH,624,240,002D5901,0,1,1,4294967295,0,0
oInvCollPH,624,256,000AA83D,0,1,1,4294967295,0,0
oInvCollPH,624,272,001D4584,0,1,1,4294967295,0,0
oInvCollPH,624,288,001E3BBB,0,1,1,4294967295,0,0
oInvCollPH,624,304,0031436C,0,1,1,4294967295,0,0
oInvCollPH,624,320,00223ECB,0,1,1,4294967295,0,0
oInvCollPH,624,336,003A285A,0,1,1,4294967295,0,0
oInvCollPH,400,128,001C83BA,0,1,1,4294967295,0,0
oInvCollPH,416,128,0012B6EB,0,1,1,4294967295,0,0
oInvCollPH,16,176,00357812,0,1,1,4294967295,0,0
oInvCollPH,32,176,003F1DBA,0,1,1,4294967295,0,0
oInvCollPH,48,176,00384330,0,1,1,4294967295,0,0
oInvCollPH,16,272,0036E857,0,1,1,4294967295,0,0
oInvCollPH,32,272,00230130,0,1,1,4294967295,0,0
oInvCollPH,48,272,0019EAE6,0,1,1,4294967295,0,0
oInvCollPH,64,272,0007B8E3,0,1,1,4294967295,0,0
oInvCollPH,80,272,00017CAA,0,1,1,4294967295,0,0
oInvCollPH,96,272,00183C5A,0,1,1,4294967295,0,0
oInvCollPH,112,272,0035338F,0,1,1,4294967295,0,0
oInvCollPH,128,272,000ADF5C,0,1,1,4294967295,0,0
oInvCollPH,1296,288,003F2F42,0,1,1,4294967295,0,0
oInvCollPH,1312,272,0009FC51,0,1,1,4294967295,0,0
oInvisibleSolid,944,112,00176B17,0,1,1,4294967295,0,1
oInvisibleSolid,944,208,003B3261,0,1,1,4294967295,0,1
oInvisibleSolid,1088,64,001D11CB,0,1,1,4294967295,0,1
oInvisibleSolid,1104,64,00397EF8,0,1,1,4294967295,0,1
oInvisibleSolid,1104,208,00207478,0,1,1,4294967295,0,1
oInvisibleSolid,1120,224,000A2D01,0,1,1,4294967295,0,1
oInvisibleSolid,1120,256,002D5263,0,1,1,4294967295,0,1
oInvisibleSolid,1312,256,00290706,0,1,1,4294967295,0,1
oInvisibleSolid,1856,128,0029A31F,0,1,1,4294967295,0,1
oInvisibleSolid,1824,96,000F3E3A,0,1,1,4294967295,0,1
oInvisibleSolid,1792,0,0019A5D2,0,1,1,4294967295,0,1
oInvisibleSolid,1568,0,0003C3CC,0,1,1,4294967295,0,1
oInvisibleSolid,1312,0,003A7DAD,0,1,1,4294967295,0,1
oInvisibleSolid,1504,96,001B4623,0,1,1,4294967295,0,1
oInvisibleSolid,1440,96,003F6AF0,0,1,1,4294967295,0,1
oWarship_PowerSource,1680,160,003738D4,0,1,1,4294967295,0,0
oInvisibleSolid,1632,0,00293C18,0,1,1,4294967295,0,1
oInvisibleSolid,1664,0,003F180F,0,1,1,4294967295,0,1
oInvisibleSolid,1824,256,001B0473,0,1,1,4294967295,0,1
oInvisibleSolid,1792,288,002113E1,0,1,1,4294967295,0,1
oInvisibleSolid,1760,320,00321DEB,0,1,1,4294967295,0,1
oInvisibleSolid,1376,0,00321F7B,0,1,1,4294967295,0,1
oInvisibleSolid,1344,0,003C1E4E,0,1,1,4294967295,0,1
oInvisibleSolid,1280,288,00297B5D,0,1,1,4294967295,0,1
oInvisibleSolid,1184,64,003997E9,0,1,1,4294967295,0,1
oInvisibleSolid,944,128,00059DAA,0,1,1,4294967295,0,1
oInvisibleSolid,816,144,000ADC32,0,1,1,4294967295,0,1
oInvisibleSolid,816,160,0027CE4D,0,1,1,4294967295,0,1
oInvisibleSolid,1456,192,001B8DD0,0,1,1,4294967295,0,1
oInvisibleSolid,640,176,000FBAC0,0,1,1,4294967295,0,0
oInvisibleSolid,624,176,0029FDB6,0,1,1,4294967295,0,1
oInvisibleSolid,384,128,0017093F,0,1,1,4294967295,0,1
oInvisibleSolid,384,0,0018D550,0,1,1,4294967295,0,1
oInvisibleSolid,304,240,003DF67F,0,1,1,4294967295,0,0
oInvisibleSolid,288,240,003B3999,0,1,1,4294967295,0,1
oInvisibleSolid,128,288,002D5950,0,1,1,4294967295,0,1
oInvisibleSolid,0,272,0007610E,0,1,1,4294967295,0,1
oInvisibleSolid,0,176,0017D075,0,1,1,4294967295,0,1
oInvisibleSolid,48,96,0031BFFA,0,1,1,4294967295,0,0
oInvisibleSolid,80,64,00041420,0,1,1,4294967295,0,0
oInvisibleSolid,80,32,0016D305,0,1,1,4294967295,0,0
oInvisibleSolid,64,32,002D22AD,0,1,1,4294967295,0,1
oEmSmokeA,432,136,001E7051,0,1,1,4294967295,0,1
oEmSmokeA,320,248,002DF89A,0,1,1,4294967295,0,1
oEmSmokeA,656,184,0007F90B,0,1,1,4294967295,0,1
oEmSmokeA,136,320,0033BBF5,0,1,1,4294967295,0,1
oEmSmokeA,824,304,0033D6B6,0,1,1,4294967295,0,1
oEmSmokeA,1072,120,00084FDB,0,1,1,4294967295,0,1
oEmSmokeA,1184,72,000CCFBF,0,1,1,4294967295,0,1
oInvisibleSolid,1616,64,000B92C3,0,1,1,4294967295,0,0
oInvisibleSolid,1744,64,0038C78A,0,1,1,4294967295,0,0
oEmSmokeA,1624,80,003B4402,0,1,1,4294967295,0,1
oEmSmokeA,1752,80,001EADFE,0,1,1,4294967295,0,1
oEvCh20EscAssist,864,320,000424B2,0,1,1,4294967295,0,1
oEvCh20EscAssist,640,320,0013EEA8,0,1,1,4294967295,0,1
oEvCh20EscAssist,304,320,0027B0C7,0,1,1,4294967295,0,1
oEvCh20EscAssist,0,320,001D2101,0,1,1,4294967295,0,1
