oCh17SecDoor,3456,256,00403560,0,1,1,4294967295,0,1
oExit,0,320,001B2EB6,0,1,1,4294967295,0,1
oHPF_Console,3008,288,002F56AA,0,1,1,4294967295,0,1
oExit,3600,320,00357E91,0,1,1,4294967295,0,1
oWalletBoost,2216,96,0040440F,0,1,1,4294967295,0,1
oZeldaBreakPot,2128,240,0031ECF8,0,1,1,4294967295,0,0
oHexCircle,3120,208,00055B4D,0,1,1,4294967295,0,1
oHexFullCircle,2096,80,002746E8,0,1,1,4294967295,0,1
oMarioChainBallRed,3120,208,003957EC,0,1,1,4294967295,0,1
oPushRock,768,288,00072436,0,1,1,4294967295,0,1
oPushRock,1088,128,0021FF40,0,1,1,4294967295,0,1
oPushRock,1440,288,00305B3F,0,1,1,4294967295,0,1
oFacDrone,512,240,0019663A,0,1,1,4294967295,0,1
oFacCleaner,1872,224,0030B685,0,1,1,4294967295,0,0
oFacCleaner,1872,288,000A1BD7,0,1,1,4294967295,0,0
oFacCamera,864,48,0023A2A2,0,1,1,4294967295,0,1
oFacCamera,2688,96,0008F6E0,0,1,1,4294967295,0,1
oFacLaserTurret,3040,64,001408FA,0,1,1,4294967295,0,0
oFacLaserTurret,3136,64,003A0F3F,0,1,1,4294967295,0,0
oFacLaserTurret,3232,64,000FBAC4,0,1,1,4294967295,0,0
oFacCamera,3392,160,003217C8,0,1,1,4294967295,0,1
oInjectorVirus,720,288,001875E7,0,1,1,4294967295,0,1
oInjectorVirus,752,256,000F6397,0,1,1,4294967295,0,1
oInjectorVirus,1504,176,0006A02D,0,1,1,4294967295,0,1
oInjectorVirus,1504,240,00030CBD,0,1,1,4294967295,0,1
oInjectorVirus,1504,304,00030729,0,1,1,4294967295,0,1
oInjectorVirus,2848,320,001B30C7,0,1,1,4294967295,0,1
oInjectorVirus,2832,336,00189F91,0,1,1,4294967295,0,1
oInjectorVirus,3200,320,00336317,0,1,1,4294967295,0,1
oInjectorVirus,3120,112,00393E9B,0,1,1,4294967295,0,1
oInjectorVirus,3216,208,001617D5,0,1,1,4294967295,0,1
oPushRock,2400,256,0030BF45,0,1,1,4294967295,0,1
oPlayer1,48,352,0013B94C,0,1,1,4294967295,0,0
oInvCollPH,16,352,00152400,0,1,1,4294967295,0,0
oInvCollPH,32,352,0026E335,0,1,1,4294967295,0,0
oInvCollPH,48,352,003A1ABA,0,1,1,4294967295,0,0
oInvCollPH,64,352,002C26A1,0,1,1,4294967295,0,0
oInvCollPH,80,352,00317EFE,0,1,1,4294967295,0,0
oInvCollPH,96,352,000064AB,0,1,1,4294967295,0,0
oInvCollPH,112,352,003C0F1B,0,1,1,4294967295,0,0
oInvCollPH,128,352,0037575E,0,1,1,4294967295,0,0
oInvCollPH,144,352,001FC2DB,0,1,1,4294967295,0,0
oInvCollPH,160,352,0031B2AB,0,1,1,4294967295,0,0
oInvCollPH,176,352,00232BE7,0,1,1,4294967295,0,0
oInvCollPH,192,352,00282CA3,0,1,1,4294967295,0,0
oInvCollPH,208,352,003805F3,0,1,1,4294967295,0,0
oInvCollPH,80,96,002F359D,0,1,1,4294967295,0,0
oInvCollPH,80,112,000A90CF,0,1,1,4294967295,0,0
oInvCollPH,80,128,003E2993,0,1,1,4294967295,0,0
oInvCollPH,80,144,00381979,0,1,1,4294967295,0,0
oInvCollPH,80,160,000FF6C2,0,1,1,4294967295,0,0
oInvCollPH,80,176,0022DDD9,0,1,1,4294967295,0,0
oInvCollPH,80,192,000F953D,0,1,1,4294967295,0,0
oInvCollPH,80,208,00063A48,0,1,1,4294967295,0,0
oInvCollPH,80,224,001DF481,0,1,1,4294967295,0,0
oInvCollPH,80,240,0021CF50,0,1,1,4294967295,0,0
oInvCollPH,80,256,0039F46C,0,1,1,4294967295,0,0
oInvCollPH,80,272,003132B6,0,1,1,4294967295,0,0
oInvCollPH,64,272,000FF3A2,0,1,1,4294967295,0,0
oInvCollPH,48,272,00365527,0,1,1,4294967295,0,0
oInvCollPH,32,272,00376637,0,1,1,4294967295,0,0
oInvCollPH,16,272,0038F7FD,0,1,1,4294967295,0,0
oInvCollPH,0,272,000CFE5C,0,1,1,4294967295,0,0
oInvCollPH,352,144,001BDC87,0,1,1,4294967295,0,0
oInvCollPH,352,160,002104BA,0,1,1,4294967295,0,0
oInvCollPH,352,176,0006C046,0,1,1,4294967295,0,0
oInvCollPH,368,176,0007C096,0,1,1,4294967295,0,0
oInvCollPH,384,176,00120AF9,0,1,1,4294967295,0,0
oInvCollPH,400,176,002BF525,0,1,1,4294967295,0,0
oInvCollPH,416,176,003B3A0C,0,1,1,4294967295,0,0
oInvCollPH,432,176,0020BB8D,0,1,1,4294967295,0,0
oInvCollPH,448,176,0009FBD0,0,1,1,4294967295,0,0
oInvCollPH,464,176,000B24F8,0,1,1,4294967295,0,0
oInvCollPH,480,176,0010A776,0,1,1,4294967295,0,0
oInvCollPH,496,176,00315473,0,1,1,4294967295,0,0
oInvCollPH,512,176,00091C6C,0,1,1,4294967295,0,0
oInvCollPH,528,176,00264B7F,0,1,1,4294967295,0,0
oInvCollPH,528,160,0007F65B,0,1,1,4294967295,0,0
oInvCollPH,528,144,000237A7,0,1,1,4294967295,0,0
oInvCollPH,528,128,00058F28,0,1,1,4294967295,0,0
oInvCollPH,352,96,00359DFE,0,1,1,4294967295,0,0
oInvCollPH,352,112,000EA478,0,1,1,4294967295,0,0
oInvCollPH,544,112,0033FE84,0,1,1,4294967295,0,0
oInvCollPH,560,112,002D3E67,0,1,1,4294967295,0,0
oInvCollPH,576,112,000070CB,0,1,1,4294967295,0,0
oInvCollPH,592,112,00141CF0,0,1,1,4294967295,0,0
oInvCollPH,608,112,00136149,0,1,1,4294967295,0,0
oInvCollPH,624,112,00136DCE,0,1,1,4294967295,0,0
oInvCollPH,640,112,002B5806,0,1,1,4294967295,0,0
oInvCollPH,656,112,00017124,0,1,1,4294967295,0,0
oInvCollPH,672,112,002C1E8E,0,1,1,4294967295,0,0
oInvCollPH,688,112,0012AC17,0,1,1,4294967295,0,0
oInvCollPH,688,96,0014DC44,0,1,1,4294967295,0,0
oInvCollPH,688,80,0031517B,0,1,1,4294967295,0,0
oInvCollPH,688,64,0027DA52,0,1,1,4294967295,0,0
oInvCollPH,688,48,002DCDF5,0,1,1,4294967295,0,0
oInvCollPH,96,80,002F40AA,0,1,1,4294967295,0,0
oInvCollPH,112,80,003E7B9A,0,1,1,4294967295,0,0
oInvCollPH,128,80,0011FB5F,0,1,1,4294967295,0,0
oInvCollPH,144,80,0034B928,0,1,1,4294967295,0,0
oInvCollPH,336,80,0034A93D,0,1,1,4294967295,0,0
oInvCollPH,320,80,000493DF,0,1,1,4294967295,0,0
oInvCollPH,304,80,0034DDFA,0,1,1,4294967295,0,0
oInvCollPH,288,80,0012C00C,0,1,1,4294967295,0,0
oInvCollPH,272,80,002F2AA7,0,1,1,4294967295,0,0
oInvCollPH,256,80,0014F390,0,1,1,4294967295,0,0
oInvCollPH,240,80,003DA193,0,1,1,4294967295,0,0
oInvCollPH,224,80,002334E4,0,1,1,4294967295,0,0
oInvCollPH,208,80,000C26D8,0,1,1,4294967295,0,0
oInvCollPH,192,80,004015E0,0,1,1,4294967295,0,0
oInvCollPH,176,80,003890E3,0,1,1,4294967295,0,0
oInvCollPH,160,80,003CEBF9,0,1,1,4294967295,0,0
oInvCollPH,224,336,003EEB89,0,1,1,4294967295,0,0
oInvCollPH,240,320,003FA9FE,0,1,1,4294967295,0,0
oInvCollPH,256,320,0023898E,0,1,1,4294967295,0,0
oInvCollPH,272,320,001088ED,0,1,1,4294967295,0,0
oInvCollPH,288,320,0015AB1C,0,1,1,4294967295,0,0
oInvCollPH,304,320,0010C415,0,1,1,4294967295,0,0
oInvCollPH,320,320,001B4CBC,0,1,1,4294967295,0,0
oInvCollPH,336,320,0035B659,0,1,1,4294967295,0,0
oInvCollPH,352,320,001B53C2,0,1,1,4294967295,0,0
oInvCollPH,368,320,000BE30F,0,1,1,4294967295,0,0
oInvCollPH,624,336,003EF648,0,1,1,4294967295,0,0
oInvCollPH,624,320,0036EAE9,0,1,1,4294967295,0,0
oInvCollPH,608,320,002724D7,0,1,1,4294967295,0,0
oInvCollPH,592,320,0038EBC7,0,1,1,4294967295,0,0
oInvCollPH,576,320,0002E2AC,0,1,1,4294967295,0,0
oInvCollPH,560,320,00115892,0,1,1,4294967295,0,0
oInvCollPH,544,320,0020D8A7,0,1,1,4294967295,0,0
oInvCollPH,528,320,001B7A5D,0,1,1,4294967295,0,0
oInvCollPH,512,320,001D8BB0,0,1,1,4294967295,0,0
oInvCollPH,496,320,00266F5F,0,1,1,4294967295,0,0
oInvCollPH,480,320,000487C8,0,1,1,4294967295,0,0
oInvCollPH,464,320,0003B4DF,0,1,1,4294967295,0,0
oInvCollPH,448,320,003DC222,0,1,1,4294967295,0,0
oInvCollPH,432,320,003298A3,0,1,1,4294967295,0,0
oInvCollPH,416,320,00063FC5,0,1,1,4294967295,0,0
oInvCollPH,400,320,003A8A1F,0,1,1,4294967295,0,0
oInvCollPH,384,320,0019B313,0,1,1,4294967295,0,0
oInvCollPH,784,352,002F6636,0,1,1,4294967295,0,0
oInvCollPH,768,352,00036313,0,1,1,4294967295,0,0
oInvCollPH,752,352,0036CA68,0,1,1,4294967295,0,0
oInvCollPH,736,352,00299F17,0,1,1,4294967295,0,0
oInvCollPH,720,352,0010CAFA,0,1,1,4294967295,0,0
oInvCollPH,704,352,0002C6F0,0,1,1,4294967295,0,0
oInvCollPH,688,352,001899AE,0,1,1,4294967295,0,0
oInvCollPH,672,352,003331A7,0,1,1,4294967295,0,0
oInvCollPH,656,352,002255D6,0,1,1,4294967295,0,0
oInvCollPH,640,352,0010AA32,0,1,1,4294967295,0,0
oInvCollPH,1664,96,003184CF,0,1,1,4294967295,0,0
oInvCollPH,1680,96,002178FE,0,1,1,4294967295,0,0
oInvCollPH,1696,96,00163722,0,1,1,4294967295,0,0
oInvCollPH,1712,96,0036064B,0,1,1,4294967295,0,0
oInvCollPH,1728,96,002D2A02,0,1,1,4294967295,0,0
oInvCollPH,1744,96,00264A22,0,1,1,4294967295,0,0
oInvCollPH,1904,80,001C0CAB,0,1,1,4294967295,0,0
oInvCollPH,1904,96,0005A072,0,1,1,4294967295,0,0
oInvCollPH,1888,96,002C0249,0,1,1,4294967295,0,0
oInvCollPH,1872,96,000905EC,0,1,1,4294967295,0,0
oInvCollPH,1856,96,0035F6C0,0,1,1,4294967295,0,0
oInvCollPH,1840,96,000249E0,0,1,1,4294967295,0,0
oInvCollPH,1824,96,0030B170,0,1,1,4294967295,0,0
oInvCollPH,1808,96,00218BC4,0,1,1,4294967295,0,0
oInvCollPH,1792,96,0026E6B9,0,1,1,4294967295,0,0
oInvCollPH,1776,96,000119E4,0,1,1,4294967295,0,0
oInvCollPH,1760,96,002FBA7E,0,1,1,4294967295,0,0
oInvCollPH,1920,64,00192629,0,1,1,4294967295,0,0
oInvCollPH,1936,64,001DB4D3,0,1,1,4294967295,0,0
oInvCollPH,1952,64,0032F704,0,1,1,4294967295,0,0
oInvCollPH,1968,64,00320346,0,1,1,4294967295,0,0
oInvCollPH,1664,64,0037129D,0,1,1,4294967295,0,0
oInvCollPH,1984,64,002BFCB6,0,1,1,4294967295,0,0
oInvCollPH,2000,64,002B0CD1,0,1,1,4294967295,0,0
oInvCollPH,2000,48,002D8D9A,0,1,1,4294967295,0,0
oInvCollPH,2080,272,0005139E,0,1,1,4294967295,0,0
oInvCollPH,2080,288,001A8FD5,0,1,1,4294967295,0,0
oInvCollPH,2080,304,00198423,0,1,1,4294967295,0,0
oInvCollPH,2080,320,002D9A86,0,1,1,4294967295,0,0
oInvCollPH,2080,336,003AB434,0,1,1,4294967295,0,0
oInvCollPH,2096,256,00302B86,0,1,1,4294967295,0,0
oInvCollPH,2112,256,00147A97,0,1,1,4294967295,0,0
oInvCollPH,2128,256,0038151D,0,1,1,4294967295,0,0
oInvCollPH,2144,256,00106C4D,0,1,1,4294967295,0,0
oInvCollPH,2160,256,00375774,0,1,1,4294967295,0,0
oInvCollPH,2176,256,002D1810,0,1,1,4294967295,0,0
oInvCollPH,2192,256,003525C6,0,1,1,4294967295,0,0
oInvCollPH,2208,256,0024A81A,0,1,1,4294967295,0,0
oInvCollPH,2224,256,0002728D,0,1,1,4294967295,0,0
oInvCollPH,2224,272,0012D8C6,0,1,1,4294967295,0,0
oInvCollPH,2224,288,000DDF9A,0,1,1,4294967295,0,0
oInvCollPH,2224,304,00299BF2,0,1,1,4294967295,0,0
oInvCollPH,2272,48,000406C5,0,1,1,4294967295,0,0
oInvCollPH,2272,64,0020CAE9,0,1,1,4294967295,0,0
oInvCollPH,2272,80,00109F15,0,1,1,4294967295,0,0
oInvCollPH,2272,96,00059F4E,0,1,1,4294967295,0,0
oInvCollPH,2272,112,00252849,0,1,1,4294967295,0,0
oInvCollPH,2384,128,0024DDD8,0,1,1,4294967295,0,0
oInvCollPH,2384,144,0024CB42,0,1,1,4294967295,0,0
oInvCollPH,2384,160,001E1BAD,0,1,1,4294967295,0,0
oInvCollPH,2384,176,002B8C1A,0,1,1,4294967295,0,0
oInvCollPH,2368,176,002E7CD3,0,1,1,4294967295,0,0
oInvCollPH,2352,176,003ED589,0,1,1,4294967295,0,0
oInvCollPH,2336,176,002FE9A4,0,1,1,4294967295,0,0
oInvCollPH,2320,176,0033AB56,0,1,1,4294967295,0,0
oInvCollPH,2304,176,002ECD8E,0,1,1,4294967295,0,0
oInvCollPH,2288,176,000613A8,0,1,1,4294967295,0,0
oInvCollPH,2272,176,000B6196,0,1,1,4294967295,0,0
oInvCollPH,2096,112,002E44B6,0,1,1,4294967295,0,0
oInvCollPH,2112,128,002E9AD1,0,1,1,4294967295,0,0
oInvCollPH,2128,128,002AA241,0,1,1,4294967295,0,0
oInvCollPH,2144,128,001C0D6F,0,1,1,4294967295,0,0
oInvCollPH,2160,128,0024B4DC,0,1,1,4294967295,0,0
oInvCollPH,2176,128,00087511,0,1,1,4294967295,0,0
oInvCollPH,2192,128,0015AC84,0,1,1,4294967295,0,0
oInvCollPH,2224,112,001D97B3,0,1,1,4294967295,0,0
oInvCollPH,2240,128,000D170E,0,1,1,4294967295,0,0
oInvCollPH,2256,128,000427EB,0,1,1,4294967295,0,0
oInvCollPH,2080,144,0038C6D3,0,1,1,4294967295,0,0
oInvCollPH,2080,160,002FEC8F,0,1,1,4294967295,0,0
oInvCollPH,2080,176,000A490D,0,1,1,4294967295,0,0
oInvCollPH,2096,176,0012306D,0,1,1,4294967295,0,0
oInvCollPH,2112,176,00050591,0,1,1,4294967295,0,0
oInvCollPH,2128,176,00360A8D,0,1,1,4294967295,0,0
oInvCollPH,2144,176,0010E492,0,1,1,4294967295,0,0
oInvCollPH,2160,176,0002D589,0,1,1,4294967295,0,0
oInvCollPH,2176,176,002BC765,0,1,1,4294967295,0,0
oInvCollPH,2192,176,0029C2FB,0,1,1,4294967295,0,0
oInvCollPH,2208,176,001460A1,0,1,1,4294967295,0,0
oInvCollPH,2224,176,00238293,0,1,1,4294967295,0,0
oInvCollPH,2240,176,00173A1F,0,1,1,4294967295,0,0
oInvCollPH,2256,176,0020722F,0,1,1,4294967295,0,0
oInvCollPH,704,32,002AB84C,0,1,1,4294967295,0,0
oInvCollPH,720,32,002B0EBD,0,1,1,4294967295,0,0
oInvCollPH,736,32,003C582B,0,1,1,4294967295,0,0
oInvCollPH,752,32,0033E8C5,0,1,1,4294967295,0,0
oInvCollPH,768,32,00250667,0,1,1,4294967295,0,0
oInvCollPH,784,32,00341F5A,0,1,1,4294967295,0,0
oInvCollPH,800,32,00232DCB,0,1,1,4294967295,0,0
oInvCollPH,816,32,0012418C,0,1,1,4294967295,0,0
oInvCollPH,832,32,002DD510,0,1,1,4294967295,0,0
oInvCollPH,848,32,000C7DD5,0,1,1,4294967295,0,0
oInvCollPH,864,32,002551FF,0,1,1,4294967295,0,0
oInvCollPH,880,32,0009AF2C,0,1,1,4294967295,0,0
oInvCollPH,896,32,000976F9,0,1,1,4294967295,0,0
oInvCollPH,912,32,00220B70,0,1,1,4294967295,0,0
oInvCollPH,928,32,002F7D28,0,1,1,4294967295,0,0
oInvCollPH,944,32,002AFB43,0,1,1,4294967295,0,0
oInvCollPH,960,32,000DD9F7,0,1,1,4294967295,0,0
oInvCollPH,976,32,00048D21,0,1,1,4294967295,0,0
oInvCollPH,992,32,00180282,0,1,1,4294967295,0,0
oInvCollPH,1008,32,0017B078,0,1,1,4294967295,0,0
oInvCollPH,1024,32,00308779,0,1,1,4294967295,0,0
oInvCollPH,1040,32,0000F176,0,1,1,4294967295,0,0
oInvCollPH,1056,32,0023A821,0,1,1,4294967295,0,0
oInvCollPH,1072,32,002EFFEE,0,1,1,4294967295,0,0
oInvCollPH,1088,32,0025DA60,0,1,1,4294967295,0,0
oInvCollPH,1104,32,003EA1B9,0,1,1,4294967295,0,0
oInvCollPH,1120,32,002F5595,0,1,1,4294967295,0,0
oInvCollPH,1136,32,002E34C0,0,1,1,4294967295,0,0
oInvCollPH,1152,32,002F8369,0,1,1,4294967295,0,0
oInvCollPH,1168,32,003779B8,0,1,1,4294967295,0,0
oInvCollPH,1184,32,00102E15,0,1,1,4294967295,0,0
oInvCollPH,1200,32,00258C19,0,1,1,4294967295,0,0
oInvCollPH,1216,32,0009CA59,0,1,1,4294967295,0,0
oInvCollPH,1232,32,0025465F,0,1,1,4294967295,0,0
oInvCollPH,1248,32,000B9959,0,1,1,4294967295,0,0
oInvCollPH,1264,32,00195A6C,0,1,1,4294967295,0,0
oInvCollPH,1280,32,00109FD3,0,1,1,4294967295,0,0
oInvCollPH,1296,32,001FC0AC,0,1,1,4294967295,0,0
oInvCollPH,1312,32,000D354A,0,1,1,4294967295,0,0
oInvCollPH,1328,32,00204C32,0,1,1,4294967295,0,0
oInvCollPH,1344,32,0010E6C3,0,1,1,4294967295,0,0
oInvCollPH,1360,32,00309298,0,1,1,4294967295,0,0
oInvCollPH,1376,32,001CC625,0,1,1,4294967295,0,0
oInvCollPH,1392,32,0025D63C,0,1,1,4294967295,0,0
oInvCollPH,1408,32,0016A45C,0,1,1,4294967295,0,0
oInvCollPH,1424,32,003F16A1,0,1,1,4294967295,0,0
oInvCollPH,1440,32,000170B2,0,1,1,4294967295,0,0
oInvCollPH,1456,32,00365B7D,0,1,1,4294967295,0,0
oInvCollPH,1472,32,0017318B,0,1,1,4294967295,0,0
oInvCollPH,1488,32,001F5E24,0,1,1,4294967295,0,0
oInvCollPH,1504,32,0016AF11,0,1,1,4294967295,0,0
oInvCollPH,1520,32,001C1C37,0,1,1,4294967295,0,0
oInvCollPH,1536,32,003F14E0,0,1,1,4294967295,0,0
oInvCollPH,1552,32,000B2E28,0,1,1,4294967295,0,0
oInvCollPH,1568,32,0003F04B,0,1,1,4294967295,0,0
oInvCollPH,1584,32,000BD422,0,1,1,4294967295,0,0
oInvCollPH,1600,32,0033331C,0,1,1,4294967295,0,0
oInvCollPH,1616,32,003CCC7B,0,1,1,4294967295,0,0
oInvCollPH,1632,32,00361EEF,0,1,1,4294967295,0,0
oInvCollPH,1648,32,0019D87A,0,1,1,4294967295,0,0
oInvCollPH,2016,32,0011B770,0,1,1,4294967295,0,0
oInvCollPH,2032,32,00114AE1,0,1,1,4294967295,0,0
oInvCollPH,2048,32,0010FCF2,0,1,1,4294967295,0,0
oInvCollPH,2064,32,00085D9A,0,1,1,4294967295,0,0
oInvCollPH,2080,32,0039C33F,0,1,1,4294967295,0,0
oInvCollPH,2096,32,000941E1,0,1,1,4294967295,0,0
oInvCollPH,2112,32,002B3F35,0,1,1,4294967295,0,0
oInvCollPH,2128,32,00209B5F,0,1,1,4294967295,0,0
oInvCollPH,2144,32,0012C6BC,0,1,1,4294967295,0,0
oInvCollPH,2160,32,00351412,0,1,1,4294967295,0,0
oInvCollPH,2176,32,0021DBC6,0,1,1,4294967295,0,0
oInvCollPH,2192,32,0018071A,0,1,1,4294967295,0,0
oInvCollPH,2208,32,0005AD20,0,1,1,4294967295,0,0
oInvCollPH,2224,32,000F1415,0,1,1,4294967295,0,0
oInvCollPH,2240,32,000D9412,0,1,1,4294967295,0,0
oInvCollPH,2256,32,003077CC,0,1,1,4294967295,0,0
oInvCollPH,1024,208,000B8936,0,1,1,4294967295,0,0
oInvCollPH,1024,224,000BF74B,0,1,1,4294967295,0,0
oInvCollPH,1024,240,001E7EF6,0,1,1,4294967295,0,0
oInvCollPH,1024,256,002ECF1C,0,1,1,4294967295,0,0
oInvCollPH,1024,272,0015FBDB,0,1,1,4294967295,0,0
oInvCollPH,1024,288,003EB4B1,0,1,1,4294967295,0,0
oInvCollPH,1024,304,000F737B,0,1,1,4294967295,0,0
oInvCollPH,1024,320,0012CABC,0,1,1,4294967295,0,0
oInvCollPH,1024,336,0027A242,0,1,1,4294967295,0,0
oInvCollPH,1040,192,0013A42D,0,1,1,4294967295,0,0
oInvCollPH,1056,192,00119107,0,1,1,4294967295,0,0
oInvCollPH,1072,192,00398BD7,0,1,1,4294967295,0,0
oInvCollPH,1088,192,0001241F,0,1,1,4294967295,0,0
oInvCollPH,1104,192,001B3964,0,1,1,4294967295,0,0
oInvCollPH,1120,192,001463F3,0,1,1,4294967295,0,0
oInvCollPH,1136,192,0036D7A0,0,1,1,4294967295,0,0
oInvCollPH,1152,192,0035D883,0,1,1,4294967295,0,0
oInvCollPH,1168,192,0017B394,0,1,1,4294967295,0,0
oInvCollPH,1184,192,002FBF46,0,1,1,4294967295,0,0
oInvCollPH,1200,192,0035D5BE,0,1,1,4294967295,0,0
oInvCollPH,1200,208,00359045,0,1,1,4294967295,0,0
oInvCollPH,1200,224,002B7D4E,0,1,1,4294967295,0,0
oInvCollPH,1200,240,002EF92E,0,1,1,4294967295,0,0
oInvCollPH,1200,256,003D6E86,0,1,1,4294967295,0,0
oInvCollPH,1200,272,0013F2FF,0,1,1,4294967295,0,0
oInvCollPH,1200,288,0038FACC,0,1,1,4294967295,0,0
oInvCollPH,1200,304,0007D4AC,0,1,1,4294967295,0,0
oInvCollPH,1200,320,0001DE3F,0,1,1,4294967295,0,0
oInvCollPH,1200,336,0005992F,0,1,1,4294967295,0,0
oInvCollPH,800,352,00159F68,0,1,1,4294967295,0,0
oInvCollPH,816,352,00340794,0,1,1,4294967295,0,0
oInvCollPH,832,352,003C66A8,0,1,1,4294967295,0,0
oInvCollPH,848,352,00351F75,0,1,1,4294967295,0,0
oInvCollPH,864,352,002F96E6,0,1,1,4294967295,0,0
oInvCollPH,880,352,001E38C8,0,1,1,4294967295,0,0
oInvCollPH,896,352,003E60C5,0,1,1,4294967295,0,0
oInvCollPH,912,352,000EA592,0,1,1,4294967295,0,0
oInvCollPH,928,352,000309C3,0,1,1,4294967295,0,0
oInvCollPH,944,352,00342515,0,1,1,4294967295,0,0
oInvCollPH,960,352,000FD1A6,0,1,1,4294967295,0,0
oInvCollPH,976,352,00098FA9,0,1,1,4294967295,0,0
oInvCollPH,992,352,002F7C94,0,1,1,4294967295,0,0
oInvCollPH,1008,352,0026C17E,0,1,1,4294967295,0,0
oInvCollPH,1216,352,000309AB,0,1,1,4294967295,0,0
oInvCollPH,1232,352,001E6E21,0,1,1,4294967295,0,0
oInvCollPH,1248,352,00343534,0,1,1,4294967295,0,0
oInvCollPH,1264,352,002EA31E,0,1,1,4294967295,0,0
oInvCollPH,1280,352,002250F8,0,1,1,4294967295,0,0
oInvCollPH,1296,352,0030B1C2,0,1,1,4294967295,0,0
oInvCollPH,1312,352,003A360F,0,1,1,4294967295,0,0
oInvCollPH,1328,352,00293529,0,1,1,4294967295,0,0
oInvCollPH,1344,352,00321586,0,1,1,4294967295,0,0
oInvCollPH,1360,352,001CAEB3,0,1,1,4294967295,0,0
oInvCollPH,1376,352,0011FF9F,0,1,1,4294967295,0,0
oInvCollPH,1392,352,00114915,0,1,1,4294967295,0,0
oInvCollPH,1408,352,000CDDC3,0,1,1,4294967295,0,0
oInvCollPH,1424,352,001E8529,0,1,1,4294967295,0,0
oInvCollPH,1440,352,002777FE,0,1,1,4294967295,0,0
oInvCollPH,1456,352,0030E23D,0,1,1,4294967295,0,0
oInvCollPH,1472,352,000636EB,0,1,1,4294967295,0,0
oInvCollPH,1488,352,0032B80C,0,1,1,4294967295,0,0
oInvCollPH,1504,352,00276E4D,0,1,1,4294967295,0,0
oInvCollPH,1520,352,000A45B1,0,1,1,4294967295,0,0
oInvCollPH,1536,352,002A659D,0,1,1,4294967295,0,0
oInvCollPH,1552,352,00331383,0,1,1,4294967295,0,0
oInvCollPH,1568,352,00019094,0,1,1,4294967295,0,0
oInvCollPH,1584,352,003DDBBA,0,1,1,4294967295,0,0
oInvCollPH,1600,352,0034E9A3,0,1,1,4294967295,0,0
oInvCollPH,1616,352,0016E56C,0,1,1,4294967295,0,0
oInvCollPH,1632,352,001273D7,0,1,1,4294967295,0,0
oInvCollPH,1648,352,0008229C,0,1,1,4294967295,0,0
oInvCollPH,1664,352,0032581E,0,1,1,4294967295,0,0
oInvCollPH,1680,352,0011F76F,0,1,1,4294967295,0,0
oInvCollPH,1696,352,002A984F,0,1,1,4294967295,0,0
oInvCollPH,1712,352,00214247,0,1,1,4294967295,0,0
oInvCollPH,1728,352,003945B2,0,1,1,4294967295,0,0
oInvCollPH,1744,352,000CCDDB,0,1,1,4294967295,0,0
oInvCollPH,1760,352,000E01D5,0,1,1,4294967295,0,0
oInvCollPH,1776,352,0021B469,0,1,1,4294967295,0,0
oInvCollPH,1792,352,002E9D7A,0,1,1,4294967295,0,0
oInvCollPH,1808,352,003D2668,0,1,1,4294967295,0,0
oInvCollPH,1824,352,003D4B45,0,1,1,4294967295,0,0
oInvCollPH,1840,352,002FD559,0,1,1,4294967295,0,0
oInvCollPH,1856,352,003D0D5E,0,1,1,4294967295,0,0
oInvCollPH,1872,352,00115A2E,0,1,1,4294967295,0,0
oInvCollPH,1888,352,002E7E37,0,1,1,4294967295,0,0
oInvCollPH,1904,352,0039192A,0,1,1,4294967295,0,0
oInvCollPH,1920,352,0017CB51,0,1,1,4294967295,0,0
oInvCollPH,1936,352,000A948B,0,1,1,4294967295,0,0
oInvCollPH,1952,352,0038A52B,0,1,1,4294967295,0,0
oInvCollPH,1968,352,00225DCB,0,1,1,4294967295,0,0
oInvCollPH,1984,352,00092911,0,1,1,4294967295,0,0
oInvCollPH,2000,352,00055DED,0,1,1,4294967295,0,0
oInvCollPH,2016,352,00225492,0,1,1,4294967295,0,0
oInvCollPH,2032,352,003D42B5,0,1,1,4294967295,0,0
oInvCollPH,2048,352,00145B93,0,1,1,4294967295,0,0
oInvCollPH,2064,352,003B5958,0,1,1,4294967295,0,0
oInvCollPH,2256,320,00177A16,0,1,1,4294967295,0,0
oInvCollPH,2272,320,000D814A,0,1,1,4294967295,0,0
oInvCollPH,2288,320,00341CDE,0,1,1,4294967295,0,0
oInvCollPH,2304,320,003CE5D1,0,1,1,4294967295,0,0
oInvCollPH,2320,320,00340A75,0,1,1,4294967295,0,0
oInvCollPH,2336,320,0034B591,0,1,1,4294967295,0,0
oInvCollPH,2352,320,0029598F,0,1,1,4294967295,0,0
oInvCollPH,2368,320,000F6429,0,1,1,4294967295,0,0
oInvCollPH,2384,320,003F5898,0,1,1,4294967295,0,0
oInvCollPH,2400,112,00281B63,0,1,1,4294967295,0,0
oInvCollPH,2416,112,00013D5F,0,1,1,4294967295,0,0
oInvCollPH,2432,112,0024804A,0,1,1,4294967295,0,0
oInvCollPH,2448,112,0011C213,0,1,1,4294967295,0,0
oInvCollPH,2464,112,001A6F97,0,1,1,4294967295,0,0
oInvCollPH,2480,112,00125DD3,0,1,1,4294967295,0,0
oInvCollPH,2496,112,0030C53D,0,1,1,4294967295,0,0
oInvCollPH,2512,112,00403CB0,0,1,1,4294967295,0,0
oInvCollPH,2528,112,002C7EF4,0,1,1,4294967295,0,0
oInvCollPH,2544,112,001A96EB,0,1,1,4294967295,0,0
oInvCollPH,2544,96,00264019,0,1,1,4294967295,0,0
oInvCollPH,2848,208,00047DEF,0,1,1,4294967295,0,0
oInvCollPH,2864,208,00010073,0,1,1,4294967295,0,0
oInvCollPH,2864,192,00212141,0,1,1,4294967295,0,0
oInvCollPH,2880,192,002C3331,0,1,1,4294967295,0,0
oInvCollPH,2896,192,000FEB23,0,1,1,4294967295,0,0
oInvCollPH,2912,192,001D7D61,0,1,1,4294967295,0,0
oInvCollPH,2928,192,0019C122,0,1,1,4294967295,0,0
oInvCollPH,2928,208,003CEDD7,0,1,1,4294967295,0,0
oInvCollPH,2912,208,0009F9E4,0,1,1,4294967295,0,0
oInvCollPH,2880,240,000D899C,0,1,1,4294967295,0,0
oInvCollPH,2880,256,00093454,0,1,1,4294967295,0,0
oInvCollPH,2880,272,00092E23,0,1,1,4294967295,0,0
oInvCollPH,2880,288,0026EED4,0,1,1,4294967295,0,0
oInvCollPH,2880,304,001C4AE2,0,1,1,4294967295,0,0
oInvCollPH,2880,320,0031CC82,0,1,1,4294967295,0,0
oInvCollPH,2880,336,001691AB,0,1,1,4294967295,0,0
oInvCollPH,2896,336,003BFDBC,0,1,1,4294967295,0,0
oInvCollPH,2896,320,00399E33,0,1,1,4294967295,0,0
oInvCollPH,2896,304,003EDCE4,0,1,1,4294967295,0,0
oInvCollPH,2896,288,003FCC93,0,1,1,4294967295,0,0
oInvCollPH,2896,272,002EB2D3,0,1,1,4294967295,0,0
oInvCollPH,2896,256,00275963,0,1,1,4294967295,0,0
oInvCollPH,2896,240,003AE4CF,0,1,1,4294967295,0,0
oInvCollPH,2896,224,002589AF,0,1,1,4294967295,0,0
oInvCollPH,3072,208,003D4A7A,0,1,1,4294967295,0,0
oInvCollPH,3088,192,002B1BDB,0,1,1,4294967295,0,0
oInvCollPH,3088,208,001BEA02,0,1,1,4294967295,0,0
oInvCollPH,3104,176,0022EF54,0,1,1,4294967295,0,0
oInvCollPH,3120,160,0033A370,0,1,1,4294967295,0,0
oInvCollPH,3120,176,000D9A81,0,1,1,4294967295,0,0
oInvCollPH,3136,192,00302EFC,0,1,1,4294967295,0,0
oInvCollPH,3152,192,003BB5DA,0,1,1,4294967295,0,0
oInvCollPH,3152,208,0023E793,0,1,1,4294967295,0,0
oInvCollPH,3136,208,00367DE4,0,1,1,4294967295,0,0
oInvCollPH,3120,224,00401262,0,1,1,4294967295,0,0
oInvCollPH,3120,240,00399794,0,1,1,4294967295,0,0
oInvCollPH,3104,240,00128717,0,1,1,4294967295,0,0
oInvCollPH,3104,224,00275A96,0,1,1,4294967295,0,0
oInvCollPH,2976,304,002D0A98,0,1,1,4294967295,0,0
oInvCollPH,2976,320,0000DB3A,0,1,1,4294967295,0,0
oInvCollPH,2976,336,00346A2C,0,1,1,4294967295,0,0
oInvCollPH,2992,288,002DAD6F,0,1,1,4294967295,0,0
oInvCollPH,3008,288,0013D843,0,1,1,4294967295,0,0
oInvCollPH,3024,288,0029F3E2,0,1,1,4294967295,0,0
oInvCollPH,3024,304,00067F01,0,1,1,4294967295,0,0
oInvCollPH,3024,320,00030FBE,0,1,1,4294967295,0,0
oInvCollPH,3024,336,003718CC,0,1,1,4294967295,0,0
oInvCollPH,3520,272,0013C97E,0,1,1,4294967295,0,0
oInvCollPH,3536,272,003B82F6,0,1,1,4294967295,0,0
oInvCollPH,3552,272,00358A0C,0,1,1,4294967295,0,0
oInvCollPH,3568,272,002B732A,0,1,1,4294967295,0,0
oInvCollPH,3584,272,0032B33A,0,1,1,4294967295,0,0
oInvCollPH,3600,272,00392102,0,1,1,4294967295,0,0
oInvCollPH,3424,176,0023F817,0,1,1,4294967295,0,0
oInvCollPH,3424,192,001E331F,0,1,1,4294967295,0,0
oInvCollPH,3424,208,00243D83,0,1,1,4294967295,0,0
oInvCollPH,3424,224,001C589D,0,1,1,4294967295,0,0
oInvCollPH,3424,240,002C4BC4,0,1,1,4294967295,0,0
oInvCollPH,3440,240,00238451,0,1,1,4294967295,0,0
oInvCollPH,3456,240,0017A05B,0,1,1,4294967295,0,0
oInvCollPH,3472,240,000693D3,0,1,1,4294967295,0,0
oInvCollPH,3488,240,000B456C,0,1,1,4294967295,0,0
oInvCollPH,3504,240,0012AB31,0,1,1,4294967295,0,0
oInvCollPH,3328,64,0028EA21,0,1,1,4294967295,0,0
oInvCollPH,3328,80,00144672,0,1,1,4294967295,0,0
oInvCollPH,3328,96,0028FA75,0,1,1,4294967295,0,0
oInvCollPH,3328,112,0012C2C7,0,1,1,4294967295,0,0
oInvCollPH,3328,128,0038C90A,0,1,1,4294967295,0,0
oInvCollPH,3328,144,000C265B,0,1,1,4294967295,0,0
oInvCollPH,3344,144,001D1BCF,0,1,1,4294967295,0,0
oInvCollPH,3360,144,002BE068,0,1,1,4294967295,0,0
oInvCollPH,3376,144,0032F5FD,0,1,1,4294967295,0,0
oInvCollPH,3392,144,001C829F,0,1,1,4294967295,0,0
oInvCollPH,3408,144,003A4A71,0,1,1,4294967295,0,0
oInvCollPH,3248,48,0004F75B,0,1,1,4294967295,0,0
oInvCollPH,3232,48,001EC6CF,0,1,1,4294967295,0,0
oInvCollPH,3216,48,0038A0AB,0,1,1,4294967295,0,0
oInvCollPH,3200,48,0016AE69,0,1,1,4294967295,0,0
oInvCollPH,3184,48,002DAA58,0,1,1,4294967295,0,0
oInvCollPH,3168,48,000CF6CB,0,1,1,4294967295,0,0
oInvCollPH,3152,48,003FB319,0,1,1,4294967295,0,0
oInvCollPH,3136,48,003BD108,0,1,1,4294967295,0,0
oInvCollPH,3120,48,001F3EB4,0,1,1,4294967295,0,0
oInvCollPH,3104,48,0010C157,0,1,1,4294967295,0,0
oInvCollPH,3088,48,0014B8E2,0,1,1,4294967295,0,0
oInvCollPH,3072,48,001CCAE8,0,1,1,4294967295,0,0
oInvCollPH,3056,48,003245C5,0,1,1,4294967295,0,0
oInvCollPH,3040,48,0024E668,0,1,1,4294967295,0,0
oInvCollPH,3024,48,00158C0D,0,1,1,4294967295,0,0
oInvCollPH,3008,48,001821DC,0,1,1,4294967295,0,0
oInvCollPH,2992,48,0008D8EE,0,1,1,4294967295,0,0
oInvCollPH,2976,48,003CFF1C,0,1,1,4294967295,0,0
oInvCollPH,2960,48,000EBCD9,0,1,1,4294967295,0,0
oInvCollPH,2944,48,00076959,0,1,1,4294967295,0,0
oInvCollPH,3264,48,0002856C,0,1,1,4294967295,0,0
oInvCollPH,3280,48,002F9633,0,1,1,4294967295,0,0
oInvCollPH,3296,48,003E155C,0,1,1,4294967295,0,0
oInvCollPH,3312,48,00270D1B,0,1,1,4294967295,0,0
oInvCollPH,2672,320,0039D9E7,0,1,1,4294967295,0,0
oInvCollPH,2656,320,0033262C,0,1,1,4294967295,0,0
oInvCollPH,2640,320,000113F3,0,1,1,4294967295,0,0
oInvCollPH,2624,320,003DC64B,0,1,1,4294967295,0,0
oInvCollPH,2608,320,00311222,0,1,1,4294967295,0,0
oInvCollPH,2592,320,003752EC,0,1,1,4294967295,0,0
oInvCollPH,2576,320,001B3F87,0,1,1,4294967295,0,0
oInvCollPH,2560,320,0007DFC1,0,1,1,4294967295,0,0
oInvCollPH,2544,320,00317276,0,1,1,4294967295,0,0
oInvCollPH,2528,320,002EDD46,0,1,1,4294967295,0,0
oInvCollPH,2512,320,000C873A,0,1,1,4294967295,0,0
oInvCollPH,2496,320,00129E2C,0,1,1,4294967295,0,0
oInvCollPH,2480,320,000008D7,0,1,1,4294967295,0,0
oInvCollPH,2464,320,000275A7,0,1,1,4294967295,0,0
oInvCollPH,2448,320,00185653,0,1,1,4294967295,0,0
oInvCollPH,2432,320,00314C23,0,1,1,4294967295,0,0
oInvCollPH,2416,320,00020056,0,1,1,4294967295,0,0
oInvCollPH,2400,320,002AC1D7,0,1,1,4294967295,0,0
oInvCollPH,2672,336,000979A5,0,1,1,4294967295,0,0
oInvCollPH,2928,80,0006C68B,0,1,1,4294967295,0,0
oInvCollPH,2912,80,00343946,0,1,1,4294967295,0,0
oInvCollPH,2896,80,00063CBE,0,1,1,4294967295,0,0
oInvCollPH,2880,80,0015C46D,0,1,1,4294967295,0,0
oInvCollPH,2864,80,000FE8B4,0,1,1,4294967295,0,0
oInvCollPH,2848,80,002591DC,0,1,1,4294967295,0,0
oInvCollPH,2832,80,003B69EB,0,1,1,4294967295,0,0
oInvCollPH,2816,80,0026FB27,0,1,1,4294967295,0,0
oInvCollPH,2800,80,0002F018,0,1,1,4294967295,0,0
oInvCollPH,2784,80,0028546A,0,1,1,4294967295,0,0
oInvCollPH,2560,80,0002C71B,0,1,1,4294967295,0,0
oInvCollPH,2576,80,000C9A47,0,1,1,4294967295,0,0
oInvCollPH,2592,80,00111B2F,0,1,1,4294967295,0,0
oInvCollPH,2608,80,00051B4E,0,1,1,4294967295,0,0
oInvCollPH,2624,80,001872CD,0,1,1,4294967295,0,0
oInvCollPH,2640,80,0039FDE4,0,1,1,4294967295,0,0
oInvCollPH,2656,80,0004FF74,0,1,1,4294967295,0,0
oInvCollPH,2672,80,001C0DC0,0,1,1,4294967295,0,0
oInvCollPH,2688,80,00082CD8,0,1,1,4294967295,0,0
oInvCollPH,2704,80,0032720B,0,1,1,4294967295,0,0
oInvCollPH,2768,80,003B993A,0,1,1,4294967295,0,0
oInvCollPH,2752,80,0015AD48,0,1,1,4294967295,0,0
oInvCollPH,2736,80,0010969C,0,1,1,4294967295,0,0
oInvCollPH,2720,80,001781C7,0,1,1,4294967295,0,0
oInvCollPH,2704,352,001B4559,0,1,1,4294967295,0,0
oInvCollPH,2720,352,00259862,0,1,1,4294967295,0,0
oInvCollPH,2736,352,0013B33F,0,1,1,4294967295,0,0
oInvCollPH,2752,352,002A085E,0,1,1,4294967295,0,0
oInvCollPH,2768,352,00049A47,0,1,1,4294967295,0,0
oInvCollPH,2784,352,002F00A9,0,1,1,4294967295,0,0
oInvCollPH,2800,352,003EB9D4,0,1,1,4294967295,0,0
oInvCollPH,2816,352,003A6EDE,0,1,1,4294967295,0,0
oInvCollPH,2832,352,000F38FB,0,1,1,4294967295,0,0
oInvCollPH,2848,352,00284083,0,1,1,4294967295,0,0
oInvCollPH,2864,352,0009C516,0,1,1,4294967295,0,0
oInvCollPH,2912,352,0003B198,0,1,1,4294967295,0,0
oInvCollPH,2928,352,00083744,0,1,1,4294967295,0,0
oInvCollPH,2944,352,000FD7F7,0,1,1,4294967295,0,0
oInvCollPH,2960,352,000BD9A1,0,1,1,4294967295,0,0
oInvCollPH,3040,352,00197D53,0,1,1,4294967295,0,0
oInvCollPH,3056,352,0014AFC7,0,1,1,4294967295,0,0
oInvCollPH,3072,352,00319204,0,1,1,4294967295,0,0
oInvCollPH,3088,352,0002DDFE,0,1,1,4294967295,0,0
oInvCollPH,3104,352,0036B8DE,0,1,1,4294967295,0,0
oInvCollPH,3120,352,0038A5CA,0,1,1,4294967295,0,0
oInvCollPH,3136,352,00059275,0,1,1,4294967295,0,0
oInvCollPH,3152,352,00009BD7,0,1,1,4294967295,0,0
oInvCollPH,3168,352,001C370C,0,1,1,4294967295,0,0
oInvCollPH,3184,352,00268DEC,0,1,1,4294967295,0,0
oInvCollPH,3200,352,0019BE8F,0,1,1,4294967295,0,0
oInvCollPH,3216,352,00121390,0,1,1,4294967295,0,0
oInvCollPH,3232,352,00330EEC,0,1,1,4294967295,0,0
oInvCollPH,3248,352,0031F07C,0,1,1,4294967295,0,0
oInvCollPH,3264,352,0017EF27,0,1,1,4294967295,0,0
oInvCollPH,3280,352,00400E63,0,1,1,4294967295,0,0
oInvCollPH,3296,352,0031D7B8,0,1,1,4294967295,0,0
oInvCollPH,3312,352,001B9E21,0,1,1,4294967295,0,0
oInvCollPH,3328,352,00175007,0,1,1,4294967295,0,0
oInvCollPH,3344,352,00215C64,0,1,1,4294967295,0,0
oInvCollPH,3360,352,000B9C3B,0,1,1,4294967295,0,0
oInvCollPH,3376,352,0010A9D8,0,1,1,4294967295,0,0
oInvCollPH,3392,352,003819EC,0,1,1,4294967295,0,0
oInvCollPH,3408,352,0039CF37,0,1,1,4294967295,0,0
oInvCollPH,3424,352,003F402B,0,1,1,4294967295,0,0
oInvCollPH,3440,352,00331EC4,0,1,1,4294967295,0,0
oInvCollPH,3456,352,000C1060,0,1,1,4294967295,0,0
oInvCollPH,3472,352,0003BF9D,0,1,1,4294967295,0,0
oInvCollPH,3488,352,00166457,0,1,1,4294967295,0,0
oInvCollPH,3504,352,002D1C3D,0,1,1,4294967295,0,0
oInvCollPH,3520,352,001538E4,0,1,1,4294967295,0,0
oInvCollPH,3536,352,00306808,0,1,1,4294967295,0,0
oInvCollPH,3552,352,0019846E,0,1,1,4294967295,0,0
oInvCollPH,3568,352,0008AC5B,0,1,1,4294967295,0,0
oInvCollPH,3584,352,00017F55,0,1,1,4294967295,0,0
oInvCollPH,3600,352,002FA8BE,0,1,1,4294967295,0,0
oInvisibleSolid,0,352,00187BCE,0,1,1,4294967295,0,1
oInvisibleSolid,224,320,001A3E94,0,1,1,4294967295,0,1
oInvisibleSolid,0,96,0038598B,0,1,1,4294967295,0,1
oInvisibleSolid,0,0,0001EA89,0,1,1,4294967295,0,1
oInvisibleSolid,352,128,00384958,0,1,1,4294967295,0,1
oInvisibleSolid,352,0,0037CC22,0,1,1,4294967295,0,1
oInvisibleSolid,704,0,002DE008,0,1,1,4294967295,0,1
oInvisibleSolid,1024,192,003CF717,0,1,1,4294967295,0,1
oInvisibleSolid,2080,256,00163827,0,1,1,4294967295,0,1
oInvisibleSolid,2240,320,0029F12D,0,1,1,4294967295,0,1
oInvisibleSolid,2080,128,0003A5D3,0,1,1,4294967295,0,1
oInvisibleSolid,2272,0,0000D492,0,1,1,4294967295,0,1
oInvisibleSolid,1664,48,0029187B,0,1,1,4294967295,0,1
oInvisibleSolid,1664,80,003875FB,0,1,1,4294967295,0,1
oInvisibleSolid,2208,112,0007A2D0,0,1,1,4294967295,0,1
oInvisibleSolid,2560,0,00099465,0,1,1,4294967295,0,1
oInvisibleSolid,2944,0,0020DA71,0,1,1,4294967295,0,1
oInvisibleSolid,3328,0,003EE783,0,1,1,4294967295,0,1
oInvisibleSolid,3424,160,0037A8B4,0,1,1,4294967295,0,1
oInvisibleSolid,3520,256,0027E6ED,0,1,1,4294967295,0,1
oInvisibleSolid,3104,160,00057AB8,0,1,1,4294967295,0,1
oInvisibleSolid,3072,192,00266E6D,0,1,1,4294967295,0,1
oInvisibleSolid,2976,288,0003D2CB,0,1,1,4294967295,0,1
oInvisibleSolid,2880,224,003676F8,0,1,1,4294967295,0,1
oInvisibleSolid,2848,192,0017FBDB,0,1,1,4294967295,0,1
oInvisibleSolid,2688,352,0007FE65,0,1,1,4294967295,0,1
oInvisibleSolid,2080,112,002EE96F,0,1,1,4294967295,0,1
