oExit,624,144,00082005,0,1,1,4294967295,0,1
oRBswitch,432,528,0030089F,0,1,1,4294967295,0,0
oRedBlocker,400,576,00028722,0,1,1,4294967295,0,0
oBlueBlocker,304,576,000B0F28,0,1,1,4294967295,0,0
oSwitchHolder,704,512,003DF393,0,1,1,4294967295,0,1
oSwitchHolder,344,560,00272804,0,1,1,4294967295,0,1
oMovingTrap,608,1440,00303D4D,0,1,1,4294967295,0,1
oMovingTrap,640,1440,002BE15F,0,1,1,4294967295,0,1
oMovingTrap,448,928,003F9DD7,0,1,1,4294967295,0,1
oMovingTrap,480,928,002636D0,0,1,1,4294967295,0,1
oMovingTrap,288,816,001A814A,0,1,1,4294967295,0,1
oMovingTrap,288,848,003CF27A,0,1,1,4294967295,0,1
oMovingTrap,288,880,002015A4,0,1,1,4294967295,0,1
oMovingTrap,288,912,0003BE40,0,1,1,4294967295,0,1
oMovingTrap,96,848,00165544,0,1,1,4294967295,0,1
oMovingTrap,96,1008,003858A7,0,1,1,4294967295,0,1
oMovingTrap,128,848,0010BDF1,0,1,1,4294967295,0,1
oMovingTrap,128,880,002F21FB,0,1,1,4294967295,0,1
oMovingTrap,128,912,001B7128,0,1,1,4294967295,0,1
oMovingTrap,128,944,00270FC4,0,1,1,4294967295,0,1
oMovingTrap,128,976,00240463,0,1,1,4294967295,0,1
oMovingTrap,128,1008,00265B11,0,1,1,4294967295,0,1
oMovingTrap,224,688,00356721,0,1,1,4294967295,0,1
oMovingTrap,224,720,00008AA4,0,1,1,4294967295,0,1
oMovingTrap,224,752,001AC135,0,1,1,4294967295,0,1
oMovingTrap,352,688,000AACCB,0,1,1,4294967295,0,1
oMovingTrap,352,720,000E0254,0,1,1,4294967295,0,1
oMovingTrap,352,752,003F1D62,0,1,1,4294967295,0,1
oMovingTrap,464,688,00222E84,0,1,1,4294967295,0,1
oMovingTrap,464,720,000E0EDA,0,1,1,4294967295,0,1
oMovingTrap,464,752,000175A1,0,1,1,4294967295,0,1
oMovingTrap,448,784,0023461D,0,1,1,4294967295,0,1
oMovingTrap,480,784,00107825,0,1,1,4294967295,0,1
oStrikeChainPoint,576,1184,002FFC61,0,1,1,4294967295,0,0
oSwitchBarrier,496,560,003EAD86,0,1,1,4294967295,0,1
oSwitchBarrier,384,496,002B874D,0,1,1,4294967295,0,1
oZeldaBreakPot,592,448,003F1571,0,1,1,4294967295,0,0
oZeldaBreakPot,608,448,002D7EC9,0,1,1,4294967295,0,0
oZeldaBreakPot,640,448,00335A9F,0,1,1,4294967295,0,0
oZeldaBreakPot,656,448,002B2837,0,1,1,4294967295,0,0
oGWPlatform,432,640,001BCEA5,0,1,1,4294967295,0,1
oZeldaBreakPot,160,576,003BB6EB,0,1,1,4294967295,0,0
oZeldaBreakPot,176,576,0033B424,0,1,1,4294967295,0,0
oZeldaBreakPot,240,576,0006DE73,0,1,1,4294967295,0,0
oZeldaBreakPot,256,576,001290B6,0,1,1,4294967295,0,0
oMovingPlatform,416,512,0000209F,0,1,1,4294967295,0,1
oMovingPlatform,448,544,00077712,0,1,1,4294967295,0,1
oZeldaBreakPot,96,32,001599A0,0,1,1,4294967295,0,0
oMovingTrap,320,1312,001E1E74,0,1,1,4294967295,0,1
oMovingTrap,320,1344,001F0EF4,0,1,1,4294967295,0,1
oMovingTrap,320,1376,0020237E,0,1,1,4294967295,0,1
oMovingTrap,320,1408,001E5490,0,1,1,4294967295,0,1
oMovingTrap,320,1440,000FB567,0,1,1,4294967295,0,1
oMovingTrap,320,1472,0003E9DA,0,1,1,4294967295,0,1
oMovingTrap,320,1504,00215506,0,1,1,4294967295,0,1
oMovingTrap,320,1536,0026D31D,0,1,1,4294967295,0,1
oStrikePoint_Ext,224,1440,002FF5E4,0,1,1,4294967295,0,1
oStrikePoint_Ext,432,1392,00248AC8,0,1,1,4294967295,0,1
oStrikePoint_Ext,288,1008,000410D1,0,1,1,4294967295,0,1
oStrikePoint_Ext,352,928,003E3391,0,1,1,4294967295,0,1
oStrikePoint_Ext,224,848,001E56D4,0,1,1,4294967295,0,1
oStrikePoint_Ext,288,736,001362B1,0,1,1,4294967295,0,1
oZapTrap,520,992,000E580A,0,1,1,4294967295,0,1
oZapTrap,504,992,0007881E,0,1,1,4294967295,0,1
oZapTrap,520,1456,0018BF62,0,1,1,4294967295,0,1
oZapTrap,504,1456,00279F95,0,1,1,4294967295,0,1
oZapTrapRed,144,920,002B1988,0,1,1,4294967295,0,1
oZapTrapRed,304,792,0025FE4D,0,1,1,4294967295,0,1
oZapTrapRed,304,1024,00217E17,0,1,1,4294967295,0,1
oZapTrapRed,352,1024,001C36AE,0,1,1,4294967295,0,1
oZapTrapRed,296,808,00320B9D,0,1,1,4294967295,0,1
oZapTrapRed,240,768,002211C5,0,1,1,4294967295,0,1
oZapTrapRed,520,1200,001AA9AB,0,1,1,4294967295,0,1
oZapTrapRed,504,1200,00154CA5,0,1,1,4294967295,0,1
oZapTrapRed,520,1056,002E7472,0,1,1,4294967295,0,1
oZapTrapRed,504,1056,002ECE70,0,1,1,4294967295,0,1
oZapTrapRed,208,472,0011FC9C,0,1,1,4294967295,0,1
oStaticSpikeRed,464,576,00141218,0,1,1,4294967295,0,0
oTimedSwitch,440,576,00170314,0,1,1,4294967295,0,0
oTimedSwitch,192,528,0034B243,0,1,1,4294967295,0,0
oStaticSpikeRed,672,496,0027ADE0,0,1,1,4294967295,0,0
oStaticSpikeRed,672,512,003ACCA2,0,1,1,4294967295,0,0
oStaticSpikeRed,672,528,0022A6B9,0,1,1,4294967295,0,0
oStaticSpikeRed,656,496,0022308B,0,1,1,4294967295,0,0
oStaticSpikeRed,656,512,00161D33,0,1,1,4294967295,0,0
oStaticSpikeRed,656,528,003EDEC4,0,1,1,4294967295,0,0
oStaticSpikeRed,640,512,0026FE9F,0,1,1,4294967295,0,0
oStaticSpikeRed,624,512,003918DC,0,1,1,4294967295,0,0
oStaticSpikeRed,624,528,001E859C,0,1,1,4294967295,0,0
oStaticSpikeRed,640,528,003E8DFD,0,1,1,4294967295,0,0
oStaticSpikeRed,640,544,003A582D,0,1,1,4294967295,0,0
oStaticSpikeRed,624,544,0007D454,0,1,1,4294967295,0,0
oStaticSpikeRed,592,528,0032A0D8,0,1,1,4294967295,0,0
oStaticSpikeRed,608,528,0031F3A8,0,1,1,4294967295,0,0
oStaticSpikeRed,608,544,002D064F,0,1,1,4294967295,0,0
oStaticSpikeRed,592,544,00348AED,0,1,1,4294967295,0,0
oStaticSpikeRed,592,560,0010654D,0,1,1,4294967295,0,0
oStaticSpikeRed,608,560,002E136D,0,1,1,4294967295,0,0
oStaticSpike,208,432,002C3478,0,1,1,4294967295,0,0
oStaticSpike,528,432,00253A43,0,1,1,4294967295,0,0
oBallChainControl,128,1152,00067588,0,1,1,4294967295,0,1
oBTB_ChainRotation,576,1440,002B470B,0,1,1,4294967295,0,1
oBTB_ChainRotation,288,888,00366865,0,1,1,4294967295,0,1
oRayTrap,576,592,0039FE75,0,1,1,4294967295,0,0
oRayTrap,576,560,00269605,0,1,1,4294967295,0,0
oRayTrap,640,368,00323781,0,1,1,4294967295,0,0
oRayTrap,640,256,00176082,0,1,1,4294967295,0,0
oRayTrap,96,256,000281BA,0,1,1,4294967295,0,0
oRayTrap,96,464,0016A3B9,0,1,1,4294967295,0,0
oRayTrap,208,208,001D6E6F,0,1,1,4294967295,0,0
oRayTrap,240,208,000DFFF5,0,1,1,4294967295,0,0
oRayTrap,272,208,0005F7E9,0,1,1,4294967295,0,0
oRayTrap,304,208,002BCAEC,0,1,1,4294967295,0,0
oRayTrap,336,208,0007B82E,0,1,1,4294967295,0,0
oRayTrap,368,208,000CFC3D,0,1,1,4294967295,0,0
oRayTrap,400,208,0014CD93,0,1,1,4294967295,0,0
oRayTrap,432,208,0006C578,0,1,1,4294967295,0,0
oRayTrap,464,208,000CD438,0,1,1,4294967295,0,0
oRayTrap,496,208,001C1CAB,0,1,1,4294967295,0,0
oRayTrap,528,208,0039D3F7,0,1,1,4294967295,0,0
oRayTrap,528,320,00020E30,0,1,1,4294967295,0,0
oRayTrap,496,320,001440CF,0,1,1,4294967295,0,0
oRayTrap,464,320,002B2B1E,0,1,1,4294967295,0,0
oRayTrap,432,320,002549E2,0,1,1,4294967295,0,0
oRayTrap,400,320,0006FE8C,0,1,1,4294967295,0,0
oRayTrap,368,320,002DB925,0,1,1,4294967295,0,0
oRayTrap,336,320,003A9450,0,1,1,4294967295,0,0
oRayTrap,304,320,0039C976,0,1,1,4294967295,0,0
oRayTrap,272,320,0014D1A3,0,1,1,4294967295,0,0
oRayTrap,240,320,000BD21C,0,1,1,4294967295,0,0
oRayTrap,208,320,003F1544,0,1,1,4294967295,0,0
oLatchCrystal,584,1280,00051B7F,0,1,1,4294967295,0,0
oLatchCrystal,584,1440,001E98D0,0,1,1,4294967295,0,0
oLatchCrystal,632,1232,00327C51,0,1,1,4294967295,0,0
oBTB_LatchCrystal,512,1016,0019F3FB,0,1,1,4294967295,0,1
oMetroidBlockDisappear,80,432,0012B0FA,0,1,1,4294967295,0,1
oMetroidBlockDisappear,96,432,000961EE,0,1,1,4294967295,0,1
oMetroidBlockDisappear,208,400,003FA46D,0,1,1,4294967295,0,1
oMetroidBlockDisappear,240,400,00293FF2,0,1,1,4294967295,0,1
oMetroidBlockDisappear,272,400,00106FA7,0,1,1,4294967295,0,1
oMetroidBlockDisappear,304,400,0016EC56,0,1,1,4294967295,0,1
oRayTrapSensor,200,360,0021E695,0,1,1,4294967295,0,1
oAtareeter,232,448,00213DA1,0,1,1,4294967295,0,0
oAtareeter,520,448,001AFA6B,0,1,1,4294967295,0,0
oMetroidBlockDisappear,336,400,0014EAC2,0,1,1,4294967295,0,1
oMetroidBlockDisappear,368,400,000BDD59,0,1,1,4294967295,0,1
oMetroidBlockDisappear,400,400,000DE0F9,0,1,1,4294967295,0,1
oMetroidBlockDisappear,432,400,002DB92E,0,1,1,4294967295,0,1
oMetroidBlockDisappear,464,400,001C360A,0,1,1,4294967295,0,1
oMetroidBlockDisappear,496,400,0017633C,0,1,1,4294967295,0,1
oMetroidBlockDisappear,528,400,003669DB,0,1,1,4294967295,0,1
oMetroidBlockDisappear,224,400,003A7A33,0,1,1,4294967295,0,1
oMetroidBlockDisappear,256,400,0029A291,0,1,1,4294967295,0,1
oMetroidBlockDisappear,288,400,000D1F73,0,1,1,4294967295,0,1
oMetroidBlockDisappear,320,400,0009E5E9,0,1,1,4294967295,0,1
oMetroidBlockDisappear,352,400,0036D399,0,1,1,4294967295,0,1
oMetroidBlockDisappear,384,400,003A23B5,0,1,1,4294967295,0,1
oMetroidBlockDisappear,416,400,000F2259,0,1,1,4294967295,0,1
oMetroidBlockDisappear,448,400,003D4564,0,1,1,4294967295,0,1
oMetroidBlockDisappear,480,400,0025DE3F,0,1,1,4294967295,0,1
oMetroidBlockDisappear,512,400,003B0188,0,1,1,4294967295,0,1
oRayTrap,592,688,000807F2,0,1,1,4294967295,0,0
oRayTrap,592,736,0013BCD9,0,1,1,4294967295,0,0
oPlayer1,48,1536,0037EA19,0,1,1,4294967295,0,0
oAntiDashField,192,368,0031E448,0,1,1,4294967295,0,1
oInvisibleSolid,16,1536,000B4BA4,0,1,1,4294967295,0,1
oInvisibleSolid,0,1408,00332D9B,0,1,1,4294967295,0,1
oInvisibleSolid,16,1408,002B53A4,0,1,1,4294967295,0,1
oInvisibleSolid,64,1536,0020562B,0,1,1,4294967295,0,1
oInvisibleSolid,496,768,003A390B,0,1,1,4294967295,0,1
oInvisibleSolid,656,992,00304C6A,0,1,1,4294967295,0,1
oInvisibleSolid,64,672,00071CB6,0,1,1,4294967295,0,1
oInvisibleSolid,496,1184,002AEE10,0,1,1,4294967295,0,1
oInvisibleSolidMorph,560,368,00020EC9,0,1,1,4294967295,0,0
oInvisibleSolidMorph,176,368,0037621F,0,1,1,4294967295,0,0
oInvisibleSolidMorph,288,560,003991A2,0,1,1,4294967295,0,1
oInvisibleSolidMorph,368,560,003D780D,0,1,1,4294967295,0,1
oInvisibleSolidMorph,402,560,0010F834,0,1,1,4294967295,0,1
oInvisibleSolidMorph,464,560,003552F3,0,1,1,4294967295,0,1
oInvisibleSolidMorph,416,624,000459C5,0,1,1,4294967295,0,1
oInvisibleSolidMorph,560,624,003C4B78,0,1,1,4294967295,0,0
oInvisibleSolidMorph,112,192,00051310,0,1,1,4294967295,0,0
oInvisibleSolid,144,400,003C1586,0,1,1,4294967295,0,0
oInvisibleSolid,160,400,000F7972,0,1,1,4294967295,0,1
oInvisibleSolid,192,432,00211A08,0,1,1,4294967295,0,0
oInvisibleSolid,192,448,0039DD1E,0,1,1,4294967295,0,1
oInvisibleSolid,592,400,00276409,0,1,1,4294967295,0,1
oInvisibleSolid,544,400,003C57CC,0,1,1,4294967295,0,1
oInvisibleSolid,560,352,00326CB6,0,1,1,4294967295,0,0
oInvisibleSolid,176,352,00168B84,0,1,1,4294967295,0,0
oInvisibleSolid,416,656,001A6F73,0,1,1,4294967295,0,1
oInvisibleSolid,416,592,00342090,0,1,1,4294967295,0,1
oInvisibleSolid,64,592,001366D1,0,1,1,4294967295,0,1
oInvisibleSolid,64,496,00206540,0,1,1,4294967295,0,1
oInvisibleSolid,144,496,003BCA91,0,1,1,4294967295,0,1
oInvisibleSolid,288,496,0031B851,0,1,1,4294967295,0,1
oInvisibleSolid,288,544,003ECBB0,0,1,1,4294967295,0,1
oInvisibleSolid,368,544,00137EBE,0,1,1,4294967295,0,1
oInvisibleSolid,432,512,00271244,0,1,1,4294967295,0,0
oInvisibleSolid,416,496,00181AE4,0,1,1,4294967295,0,1
oInvisibleSolid,402,512,0005B141,0,1,1,4294967295,0,1
oInvisibleSolid,464,512,0024CC06,0,1,1,4294967295,0,0
oInvisibleSolid,464,528,003BEF34,0,1,1,4294967295,0,1
oInvisibleSolid,608,672,0009C25F,0,1,1,4294967295,0,1
oInvisibleSolid,576,704,00129094,0,1,1,4294967295,0,1
oInvisibleSolid,560,656,0008AF55,0,1,1,4294967295,0,1
oInvisibleSolid,560,608,000F0E8E,0,1,1,4294967295,0,0
oInvisibleSolid,576,608,0027FB1B,0,1,1,4294967295,0,1
oInvisibleSolid,592,576,0002A234,0,1,1,4294967295,0,1
oInvisibleSolid,624,560,0038F752,0,1,1,4294967295,0,1
oInvisibleSolid,656,544,002B0EB5,0,1,1,4294967295,0,1
oInvisibleSolid,688,528,00362F03,0,1,1,4294967295,0,1
oInvisibleSolid,720,496,00156CB4,0,1,1,4294967295,0,1
oInvisibleSolid,656,464,0019BA3A,0,1,1,4294967295,0,1
oInvisibleSolid,624,464,0020F5FE,0,1,1,4294967295,0,1
oInvisibleSolid,592,464,002EB425,0,1,1,4294967295,0,1
oInvisibleSolid,544,544,000723D1,0,1,1,4294967295,0,0
oInvisibleSolid,528,736,000A4E9E,0,1,1,4294967295,0,1
oInvisibleSolid,528,752,00024B88,0,1,1,4294967295,0,1
oInvisibleSolid,592,240,003269F5,0,1,1,4294967295,0,0
oInvisibleSolid,544,288,0031825B,0,1,1,4294967295,0,1
oInvisibleSolid,192,288,00057846,0,1,1,4294967295,0,1
oInvisibleSolid,192,336,002C227E,0,1,1,4294967295,0,1
oInvisibleSolid,64,288,0025864F,0,1,1,4294967295,0,1
oInvisibleSolid,80,224,00229D8E,0,1,1,4294967295,0,1
oInvisibleSolid,64,0,0000ACD3,0,1,1,4294967295,0,1
oInvisibleSolid,96,176,00389C32,0,1,1,4294967295,0,1
oInvisibleSolid,144,224,000823FD,0,1,1,4294967295,0,0
oInvisibleSolid,128,176,00338A19,0,1,1,4294967295,0,1
oInvisibleSolid,176,192,0019925E,0,1,1,4294967295,0,1
oInvisibleSolid,544,192,0031AFFA,0,1,1,4294967295,0,1
oInvisibleSolid,576,176,001A9B38,0,1,1,4294967295,0,1
oInvisibleSolid,176,176,0036CCA4,0,1,1,4294967295,0,1
oInvisibleSolid,176,224,00209F0F,0,1,1,4294967295,0,1
oInvisibleSolid,656,240,0033A64F,0,1,1,4294967295,0,1
oInvisibleSolid,592,336,000C8C33,0,1,1,4294967295,0,0
oInvisibleSolid,608,320,003FB578,0,1,1,4294967295,0,1
oInvisibleSolidMorph,192,464,0033C8EF,0,1,1,4294967295,0,0
oTimeSwBarrier,176,432,0022CC44,0,1,1,4294967295,0,1
oInvisibleSolidMorph,576,288,000EB585,0,1,1,4294967295,0,1
oInvisibleSolidMorph,592,256,001B372F,0,1,1,4294967295,0,0
oInvisibleSolid,160,176,00402210,0,1,1,4294967295,0,0
oInvisibleSolid,560,176,000D3170,0,1,1,4294967295,0,0
oInvisibleSolid,96,48,0034583F,0,1,1,4294967295,0,0
oInvisibleSolid,80,64,001B6342,0,1,1,4294967295,0,1
oInvisibleSolid,128,16,00073E93,0,1,1,4294967295,0,1
oInvisibleSolid,192,0,003AE2E9,0,1,1,4294967295,0,1
oInvisibleSolid,80,0,000C1194,0,1,1,4294967295,0,1
oInvisibleSolid,528,0,00059E98,0,1,1,4294967295,0,1
oInvisibleSolid,544,0,0038AD92,0,1,1,4294967295,0,1
oInvisibleSolid,656,0,0021FB72,0,1,1,4294967295,0,1
oInvisibleSolid,402,496,003EB32C,0,1,1,4294967295,0,0
oInvisibleSolid,366,496,0011211B,0,1,1,4294967295,0,1
