oPiranhaPlantN,2848,208,00029FFD,0,1,1,4294967295,0,0
oExit,48,272,00273397,0,1,1,4294967295,0,1
oLevelDecal,2376,16,00184D5C,0,1,1,4294967295,0,1
oSignPost,2304,144,003B925D,0,1,1,4294967295,0,1
oSignPost,3072,208,003B0AD4,0,1,1,4294967295,0,1
oMarioQBlock,3296,160,003B23A9,0,1,1,4294967295,0,0
oMarioQBlock,1904,144,00197704,0,1,1,4294967295,0,1
oMarioQBlock,2464,240,00297BDA,0,1,1,4294967295,0,0
oMarioQBlock,2480,240,0007389F,0,1,1,4294967295,0,0
oMarioQBlock,2688,192,000C65F4,0,1,1,4294967295,0,0
oMarioBreakBlock,2672,192,003204EA,0,1,1,4294967295,0,0
oMarioBreakBlock,2704,192,0008F03F,0,1,1,4294967295,0,0
oMarioBreakBlock,2448,240,003EAE79,0,1,1,4294967295,0,0
oMarioBreakBlock,2432,240,00370C3F,0,1,1,4294967295,0,0
oMarioBreakBlock,2496,240,002F1D00,0,1,1,4294967295,0,0
oMarioBreakBlock,2512,240,00233688,0,1,1,4294967295,0,0
oMarioBreakBlock,592,64,001BE667,0,1,1,4294967295,0,0
oMarioBreakBlock,608,64,001BD076,0,1,1,4294967295,0,0
oMarioBreakBlock,592,144,0003762B,0,1,1,4294967295,0,0
oMarioBreakBlock,608,144,002024F7,0,1,1,4294967295,0,0
oMarioBreakBlock,224,112,002C651D,0,1,1,4294967295,0,0
oMarioBreakBlock,240,112,003EC43D,0,1,1,4294967295,0,0
oMarioBreakBlock,256,112,004015ED,0,1,1,4294967295,0,0
oMarioBreakBlock,272,112,003C8E42,0,1,1,4294967295,0,0
oMarioQBlock,976,224,0023ABB8,0,1,1,4294967295,0,0
oMarioQBlock,1024,64,002BD248,0,1,1,4294967295,0,1
oExit,2368,80,0000460D,0,1,1,4294967295,0,1
oExit,3216,192,000C41F5,0,1,1,4294967295,0,1
oMarioQBlock,2528,64,0039AD9F,0,1,1,4294967295,0,1
oMarioQBlock,2544,64,000525AF,0,1,1,4294967295,0,1
oExit,2872,176,0018785F,0,1,1,4294967295,0,1
oMarioCoin,592,80,0030A894,0,1,1,4294967295,0,0
oMarioCoin,592,96,003D4693,0,1,1,4294967295,0,0
oMarioCoin,592,112,0020368D,0,1,1,4294967295,0,0
oMarioCoin,592,128,001250D9,0,1,1,4294967295,0,0
oMarioCoin,608,128,002F5D75,0,1,1,4294967295,0,0
oMarioCoin,608,112,001DE336,0,1,1,4294967295,0,0
oMarioCoin,608,96,002E2487,0,1,1,4294967295,0,0
oMarioCoin,608,80,002953E4,0,1,1,4294967295,0,0
oMarioCoin,1104,208,003477E5,0,1,1,4294967295,0,0
oMarioCoin,1120,208,003976FE,0,1,1,4294967295,0,0
oMarioCoin,1136,208,003CF0A6,0,1,1,4294967295,0,0
oMarioCoin,1152,208,003638C6,0,1,1,4294967295,0,0
oMarioCoin,1216,208,000C096D,0,1,1,4294967295,0,0
oMarioCoin,1232,208,000C342C,0,1,1,4294967295,0,0
oMarioCoin,1248,208,0028C931,0,1,1,4294967295,0,0
oMarioCoin,1264,208,0014F271,0,1,1,4294967295,0,0
oMarioCoin,1344,176,003B4A62,0,1,1,4294967295,0,0
oMarioCoin,1360,176,00368C7F,0,1,1,4294967295,0,0
oMarioCoin,1392,176,002B6492,0,1,1,4294967295,0,0
oMarioCoin,1440,240,001ADA4D,0,1,1,4294967295,0,0
oMarioCoin,1456,240,0026CC81,0,1,1,4294967295,0,0
oMarioCoin,1472,240,000FCB2F,0,1,1,4294967295,0,0
oMarioCoin,1552,208,000198BB,0,1,1,4294967295,0,0
oMarioCoin,1568,208,000232D9,0,1,1,4294967295,0,0
oMarioCoin,1584,208,00104674,0,1,1,4294967295,0,0
oMarioCoin,1600,208,001EB578,0,1,1,4294967295,0,0
oMarioCoin,1680,224,00362717,0,1,1,4294967295,0,0
oMarioCoin,1696,224,00062B6E,0,1,1,4294967295,0,0
oMarioCoin,1712,224,00377E10,0,1,1,4294967295,0,0
oMarioCoin,1728,224,000CB044,0,1,1,4294967295,0,0
oMarioCoin,1744,224,0026B20D,0,1,1,4294967295,0,0
oMarioCoin,2464,192,0031F1EA,0,1,1,4294967295,0,0
oMarioCoin,2464,208,00048CED,0,1,1,4294967295,0,0
oMarioCoin,2480,208,000B4DEA,0,1,1,4294967295,0,0
oMarioCoin,2480,192,00362B40,0,1,1,4294967295,0,0
oVolcanoLotus,608,64,003C7143,0,1,1,4294967295,0,0
oGoomba,240,112,0031CD35,0,1,1,4294967295,0,0
oGoomba,256,112,002519CB,0,1,1,4294967295,0,0
oGoomba,272,112,001EBEEC,0,1,1,4294967295,0,0
oHammerBro,2416,304,0017E8AA,0,1,1,4294967295,0,0
oFireBro,2704,192,002FC384,0,1,1,4294967295,0,0
oFireBro,880,64,000B7F75,0,1,1,4294967295,0,0
oRedParatroopa,1408,144,0035D83F,0,1,1,4294967295,0,0
oRedParatroopa,1584,192,002B3269,0,1,1,4294967295,0,0
oSpinyBeetle,1744,240,002077C3,0,1,1,4294967295,0,0
oSpinyBeetle,1904,208,00017F5E,0,1,1,4294967295,0,0
oSpinyBeetle,1936,144,003733D3,0,1,1,4294967295,0,0
oSpinyBeetle,1984,144,003AA39E,0,1,1,4294967295,0,0
oSpinyBeetle,2032,144,0004FD67,0,1,1,4294967295,0,0
oSpinyBeetle,2496,304,000F09B2,0,1,1,4294967295,0,0
oSpinyBeetle,2336,304,0006F31D,0,1,1,4294967295,0,0
oBoomerBro,1856,208,001AFAC2,0,1,1,4294967295,0,0
oPlayer1,80,304,001497A5,0,1,1,4294967295,0,0
oInvCollPH,48,304,003F1284,0,1,1,4294967295,0,0
oInvCollPH,64,304,00232611,0,1,1,4294967295,0,0
oInvCollPH,80,304,0013038F,0,1,1,4294967295,0,0
oInvCollPH,96,304,003E3F62,0,1,1,4294967295,0,0
oInvCollPH,112,304,00357A89,0,1,1,4294967295,0,0
oInvCollPH,128,304,000DE16A,0,1,1,4294967295,0,0
oInvCollPH,144,304,00220F1A,0,1,1,4294967295,0,0
oInvCollPH,160,304,002906A5,0,1,1,4294967295,0,0
oInvCollPH,176,304,003E2C68,0,1,1,4294967295,0,0
oInvCollPH,192,304,0010E160,0,1,1,4294967295,0,0
oInvCollPH,208,304,0034856F,0,1,1,4294967295,0,0
oInvCollPH,224,304,0016C861,0,1,1,4294967295,0,0
oInvCollPH,240,304,00002870,0,1,1,4294967295,0,0
oInvCollPH,256,304,003EE8A9,0,1,1,4294967295,0,0
oInvCollPH,272,304,001C4413,0,1,1,4294967295,0,0
oInvCollPH,272,320,0019493A,0,1,1,4294967295,0,0
oInvCollPH,272,336,00195EE4,0,1,1,4294967295,0,0
oInvCollPH,16,240,0031C1E4,0,1,1,4294967295,0,0
oInvCollPH,16,256,0034CC18,0,1,1,4294967295,0,0
oInvCollPH,16,272,001F9970,0,1,1,4294967295,0,0
oInvCollPH,16,288,002B21DB,0,1,1,4294967295,0,0
oInvCollPH,112,144,00107F0F,0,1,1,4294967295,0,0
oInvCollPH,112,160,002768E4,0,1,1,4294967295,0,0
oInvCollPH,112,176,002DF631,0,1,1,4294967295,0,0
oInvCollPH,112,192,003DE0FC,0,1,1,4294967295,0,0
oInvCollPH,112,208,003600BE,0,1,1,4294967295,0,0
oInvCollPH,112,224,001B1A1B,0,1,1,4294967295,0,0
oInvCollPH,96,224,00227A72,0,1,1,4294967295,0,0
oInvCollPH,80,224,00253A98,0,1,1,4294967295,0,0
oInvCollPH,64,224,0023849E,0,1,1,4294967295,0,0
oInvCollPH,48,224,002297D4,0,1,1,4294967295,0,0
oInvCollPH,32,224,002704F1,0,1,1,4294967295,0,0
oInvCollPH,128,128,003E2147,0,1,1,4294967295,0,0
oInvCollPH,144,128,0011DA3C,0,1,1,4294967295,0,0
oInvCollPH,160,128,001C716C,0,1,1,4294967295,0,0
oInvCollPH,176,128,00314BEF,0,1,1,4294967295,0,0
oInvCollPH,192,128,001B3B7F,0,1,1,4294967295,0,0
oInvCollPH,208,128,0032A9F4,0,1,1,4294967295,0,0
oInvCollPH,208,0,00338DEE,0,1,1,4294967295,0,0
oInvCollPH,208,16,0000EB31,0,1,1,4294967295,0,0
oInvCollPH,208,32,003EA2C3,0,1,1,4294967295,0,0
oInvCollPH,208,48,001C2C72,0,1,1,4294967295,0,0
oInvCollPH,208,64,000AE9D6,0,1,1,4294967295,0,0
oInvCollPH,208,80,0027B161,0,1,1,4294967295,0,0
oInvCollPH,208,96,002D6640,0,1,1,4294967295,0,0
oInvCollPH,208,112,000948DE,0,1,1,4294967295,0,0
oInvCollPH,1104,240,00119856,0,1,1,4294967295,0,0
oInvCollPH,1104,256,002CD86E,0,1,1,4294967295,0,0
oInvCollPH,1104,272,00187BAD,0,1,1,4294967295,0,0
oInvCollPH,1104,288,000FBF01,0,1,1,4294967295,0,0
oInvCollPH,1104,304,000D39FA,0,1,1,4294967295,0,0
oInvCollPH,1104,320,001DE398,0,1,1,4294967295,0,0
oInvCollPH,1104,336,00238BB9,0,1,1,4294967295,0,0
oInvCollPH,1136,240,00324275,0,1,1,4294967295,0,0
oInvCollPH,1136,256,00113353,0,1,1,4294967295,0,0
oInvCollPH,1136,272,0028DCF7,0,1,1,4294967295,0,0
oInvCollPH,1136,288,002616F4,0,1,1,4294967295,0,0
oInvCollPH,1136,304,00133B80,0,1,1,4294967295,0,0
oInvCollPH,1136,320,0019AF5F,0,1,1,4294967295,0,0
oInvCollPH,1136,336,00311CE4,0,1,1,4294967295,0,0
oInvCollPH,1120,224,00122354,0,1,1,4294967295,0,0
oInvCollPH,1136,224,00213D2A,0,1,1,4294967295,0,0
oInvCollPH,1232,224,003F9C80,0,1,1,4294967295,0,0
oInvCollPH,1248,224,001E7144,0,1,1,4294967295,0,0
oInvCollPH,1264,224,003A95A5,0,1,1,4294967295,0,0
oInvCollPH,1216,240,001F998E,0,1,1,4294967295,0,0
oInvCollPH,1216,256,0006F94B,0,1,1,4294967295,0,0
oInvCollPH,1216,272,0034DE5F,0,1,1,4294967295,0,0
oInvCollPH,1216,288,00029527,0,1,1,4294967295,0,0
oInvCollPH,1216,304,0007A412,0,1,1,4294967295,0,0
oInvCollPH,1216,320,001E2A73,0,1,1,4294967295,0,0
oInvCollPH,1216,336,00126DF5,0,1,1,4294967295,0,0
oInvCollPH,1264,240,0016B147,0,1,1,4294967295,0,0
oInvCollPH,1264,256,0006056B,0,1,1,4294967295,0,0
oInvCollPH,1264,272,002A3906,0,1,1,4294967295,0,0
oInvCollPH,1264,288,00062CBD,0,1,1,4294967295,0,0
oInvCollPH,1264,304,0011BBF8,0,1,1,4294967295,0,0
oInvCollPH,1264,320,002BCA94,0,1,1,4294967295,0,0
oInvCollPH,1264,336,001B5132,0,1,1,4294967295,0,0
oInvCollPH,1360,192,003A4AE3,0,1,1,4294967295,0,0
oInvCollPH,1376,176,0011D873,0,1,1,4294967295,0,0
oInvCollPH,1392,192,003AA214,0,1,1,4294967295,0,0
oInvCollPH,1344,208,0006EB0B,0,1,1,4294967295,0,0
oInvCollPH,1344,224,0002F575,0,1,1,4294967295,0,0
oInvCollPH,1344,240,0001CA73,0,1,1,4294967295,0,0
oInvCollPH,1344,256,0003CCE0,0,1,1,4294967295,0,0
oInvCollPH,1344,272,001C60D4,0,1,1,4294967295,0,0
oInvCollPH,1344,288,00342015,0,1,1,4294967295,0,0
oInvCollPH,1344,304,00358FDF,0,1,1,4294967295,0,0
oInvCollPH,1344,320,002082FF,0,1,1,4294967295,0,0
oInvCollPH,1344,336,001642DE,0,1,1,4294967295,0,0
oInvCollPH,1392,208,0023EE20,0,1,1,4294967295,0,0
oInvCollPH,1392,224,0001895C,0,1,1,4294967295,0,0
oInvCollPH,1392,240,00178974,0,1,1,4294967295,0,0
oInvCollPH,1392,256,001D97FE,0,1,1,4294967295,0,0
oInvCollPH,1392,272,0024C4DA,0,1,1,4294967295,0,0
oInvCollPH,1392,288,000D9D04,0,1,1,4294967295,0,0
oInvCollPH,1392,304,001DDDA0,0,1,1,4294967295,0,0
oInvCollPH,1392,320,001EB1A4,0,1,1,4294967295,0,0
oInvCollPH,1392,336,003BBADE,0,1,1,4294967295,0,0
oInvCollPH,1440,272,002621E6,0,1,1,4294967295,0,0
oInvCollPH,1440,288,00226BCE,0,1,1,4294967295,0,0
oInvCollPH,1440,304,002575C9,0,1,1,4294967295,0,0
oInvCollPH,1440,320,00382161,0,1,1,4294967295,0,0
oInvCollPH,1440,336,002E1925,0,1,1,4294967295,0,0
oInvCollPH,1456,256,003053CC,0,1,1,4294967295,0,0
oInvCollPH,1472,256,0022500E,0,1,1,4294967295,0,0
oInvCollPH,1472,272,0019F56E,0,1,1,4294967295,0,0
oInvCollPH,1472,288,0019223F,0,1,1,4294967295,0,0
oInvCollPH,1472,304,003C97D0,0,1,1,4294967295,0,0
oInvCollPH,1472,320,000BDA4C,0,1,1,4294967295,0,0
oInvCollPH,1472,336,000560F9,0,1,1,4294967295,0,0
oInvCollPH,1568,224,00298B41,0,1,1,4294967295,0,0
oInvCollPH,1584,224,0006F0B1,0,1,1,4294967295,0,0
oInvCollPH,1600,224,001FF82A,0,1,1,4294967295,0,0
oInvCollPH,1552,240,0012A43D,0,1,1,4294967295,0,0
oInvCollPH,1552,256,003C22D8,0,1,1,4294967295,0,0
oInvCollPH,1552,272,0005DC2C,0,1,1,4294967295,0,0
oInvCollPH,1552,288,001614AB,0,1,1,4294967295,0,0
oInvCollPH,1552,304,00198A21,0,1,1,4294967295,0,0
oInvCollPH,1552,320,003F27F0,0,1,1,4294967295,0,0
oInvCollPH,1552,336,00214910,0,1,1,4294967295,0,0
oInvCollPH,1600,240,0028BD5D,0,1,1,4294967295,0,0
oInvCollPH,1600,256,00282BAE,0,1,1,4294967295,0,0
oInvCollPH,1600,272,003D914F,0,1,1,4294967295,0,0
oInvCollPH,1600,288,00172E6F,0,1,1,4294967295,0,0
oInvCollPH,1600,304,00255967,0,1,1,4294967295,0,0
oInvCollPH,1600,320,0022534C,0,1,1,4294967295,0,0
oInvCollPH,1600,336,0039EF2D,0,1,1,4294967295,0,0
oInvCollPH,1680,256,002F8B5C,0,1,1,4294967295,0,0
oInvCollPH,1680,272,0008EB55,0,1,1,4294967295,0,0
oInvCollPH,1680,288,001A3EC3,0,1,1,4294967295,0,0
oInvCollPH,1680,304,00243AD3,0,1,1,4294967295,0,0
oInvCollPH,1680,320,003487A1,0,1,1,4294967295,0,0
oInvCollPH,1680,336,003AB583,0,1,1,4294967295,0,0
oInvCollPH,1696,240,00003487,0,1,1,4294967295,0,0
oInvCollPH,1712,240,0005B28E,0,1,1,4294967295,0,0
oInvCollPH,1728,240,0039A8EA,0,1,1,4294967295,0,0
oInvCollPH,1744,240,00063A29,0,1,1,4294967295,0,0
oInvCollPH,1744,256,00198779,0,1,1,4294967295,0,0
oInvCollPH,1744,272,000D629F,0,1,1,4294967295,0,0
oInvCollPH,1744,288,00059235,0,1,1,4294967295,0,0
oInvCollPH,1744,304,000DF956,0,1,1,4294967295,0,0
oInvCollPH,1744,320,003BCA66,0,1,1,4294967295,0,0
oInvCollPH,1744,336,00380E05,0,1,1,4294967295,0,0
oInvCollPH,2064,272,00088DC5,0,1,1,4294967295,0,0
oInvCollPH,2080,272,00306AC5,0,1,1,4294967295,0,0
oInvCollPH,2096,272,001DC959,0,1,1,4294967295,0,0
oInvCollPH,2096,288,001F12B5,0,1,1,4294967295,0,0
oInvCollPH,2048,288,0012A430,0,1,1,4294967295,0,0
oInvCollPH,2048,304,003A67DF,0,1,1,4294967295,0,0
oInvCollPH,2048,320,001C945C,0,1,1,4294967295,0,0
oInvCollPH,2048,336,000A864F,0,1,1,4294967295,0,0
oInvCollPH,2352,112,00150B21,0,1,1,4294967295,0,0
oInvCollPH,2368,112,00064160,0,1,1,4294967295,0,0
oInvCollPH,2384,112,0021036A,0,1,1,4294967295,0,0
oInvCollPH,2336,128,002E1781,0,1,1,4294967295,0,0
oInvCollPH,2368,144,0002A931,0,1,1,4294967295,0,0
oInvCollPH,2384,144,003BD894,0,1,1,4294967295,0,0
oInvCollPH,2240,192,00289E20,0,1,1,4294967295,0,0
oInvCollPH,2256,192,000DEC06,0,1,1,4294967295,0,0
oInvCollPH,2272,192,0038411C,0,1,1,4294967295,0,0
oInvCollPH,2288,192,0030D3E3,0,1,1,4294967295,0,0
oInvCollPH,2256,176,003E72C3,0,1,1,4294967295,0,0
oInvCollPH,2288,144,0018C50D,0,1,1,4294967295,0,0
oInvCollPH,2304,144,0020B4EB,0,1,1,4294967295,0,0
oInvCollPH,2320,144,0003DB31,0,1,1,4294967295,0,0
oInvCollPH,2272,160,0002FF4D,0,1,1,4294967295,0,0
oInvCollPH,2304,176,000C5F2B,0,1,1,4294967295,0,0
oInvCollPH,2320,176,002202C4,0,1,1,4294967295,0,0
oInvCollPH,2336,176,000E2C07,0,1,1,4294967295,0,0
oInvCollPH,2352,176,0034E668,0,1,1,4294967295,0,0
oInvCollPH,2352,160,0015AECE,0,1,1,4294967295,0,0
oInvCollPH,2480,0,00228585,0,1,1,4294967295,0,0
oInvCollPH,2480,16,002143DA,0,1,1,4294967295,0,0
oInvCollPH,2480,32,0032B6A8,0,1,1,4294967295,0,0
oInvCollPH,2480,48,0022E939,0,1,1,4294967295,0,0
oInvCollPH,2480,64,0013864C,0,1,1,4294967295,0,0
oInvCollPH,2480,80,001551E4,0,1,1,4294967295,0,0
oInvCollPH,2480,96,000E5A35,0,1,1,4294967295,0,0
oInvCollPH,2480,112,00357AEE,0,1,1,4294967295,0,0
oInvCollPH,2512,128,00358FA9,0,1,1,4294967295,0,0
oInvCollPH,2480,144,0039D7C4,0,1,1,4294967295,0,0
oInvCollPH,2400,16,000932B9,0,1,1,4294967295,0,0
oInvCollPH,2400,32,000D13EE,0,1,1,4294967295,0,0
oInvCollPH,2400,48,001C6B97,0,1,1,4294967295,0,0
oInvCollPH,2400,64,0009AA39,0,1,1,4294967295,0,0
oInvCollPH,2400,80,002AE308,0,1,1,4294967295,0,0
oInvCollPH,2400,96,0018EFD1,0,1,1,4294967295,0,0
oInvCollPH,2400,144,000DD18B,0,1,1,4294967295,0,0
oInvCollPH,2416,144,001ADD36,0,1,1,4294967295,0,0
oInvCollPH,2432,144,00320D19,0,1,1,4294967295,0,0
oInvCollPH,2448,144,00266877,0,1,1,4294967295,0,0
oInvCollPH,2464,144,001C9E57,0,1,1,4294967295,0,0
oInvCollPH,3280,128,00057FB2,0,1,1,4294967295,0,0
oInvCollPH,3280,144,002E5CD7,0,1,1,4294967295,0,0
oInvCollPH,3280,160,001CA251,0,1,1,4294967295,0,0
oInvCollPH,3280,176,003B2F9C,0,1,1,4294967295,0,0
oInvCollPH,3280,192,001CEAD4,0,1,1,4294967295,0,0
oInvCollPH,3280,208,00210C9E,0,1,1,4294967295,0,0
oInvCollPH,3280,240,001D5BFC,0,1,1,4294967295,0,0
oInvCollPH,3280,256,000A844F,0,1,1,4294967295,0,0
oInvCollPH,3280,272,0016F469,0,1,1,4294967295,0,0
oInvCollPH,3168,224,00147E92,0,1,1,4294967295,0,0
oInvCollPH,3184,224,0036114E,0,1,1,4294967295,0,0
oInvCollPH,3200,224,003F31CA,0,1,1,4294967295,0,0
oInvCollPH,3216,224,001A1F37,0,1,1,4294967295,0,0
oInvCollPH,3232,224,00295A3D,0,1,1,4294967295,0,0
oInvCollPH,3248,224,001CFB99,0,1,1,4294967295,0,0
oInvCollPH,3264,224,003D3012,0,1,1,4294967295,0,0
oInvCollPH,3296,224,00315188,0,1,1,4294967295,0,0
oInvCollPH,3280,288,0027AFEC,0,1,1,4294967295,0,0
oInvCollPH,3280,304,00061A46,0,1,1,4294967295,0,0
oInvCollPH,3280,320,002AB0D5,0,1,1,4294967295,0,0
oInvCollPH,3280,336,003A64BA,0,1,1,4294967295,0,0
oInvCollPH,2656,256,0034F2A3,0,1,1,4294967295,0,0
oInvCollPH,2672,256,00289514,0,1,1,4294967295,0,0
oInvCollPH,2688,256,0038EA1E,0,1,1,4294967295,0,0
oInvCollPH,2704,256,00326D4F,0,1,1,4294967295,0,0
oInvCollPH,2720,256,001AE8B5,0,1,1,4294967295,0,0
oInvCollPH,2736,256,0020C6EC,0,1,1,4294967295,0,0
oInvCollPH,2128,304,003D4AA9,0,1,1,4294967295,0,0
oInvCollPH,2144,288,0011D5E2,0,1,1,4294967295,0,0
oInvCollPH,2160,288,0021EE36,0,1,1,4294967295,0,0
oInvCollPH,2176,304,002C2938,0,1,1,4294967295,0,0
oInvCollPH,2192,304,00028B54,0,1,1,4294967295,0,0
oInvCollPH,2208,304,003C6F2B,0,1,1,4294967295,0,0
oInvCollPH,2224,304,0009AE56,0,1,1,4294967295,0,0
oInvCollPH,2240,304,00056954,0,1,1,4294967295,0,0
oInvCollPH,2256,304,00084BC9,0,1,1,4294967295,0,0
oInvCollPH,2576,336,0015BD56,0,1,1,4294967295,0,0
oInvCollPH,2576,320,0003A9C9,0,1,1,4294967295,0,0
oInvCollPH,2576,304,00357575,0,1,1,4294967295,0,0
oInvCollPH,2560,304,00228B80,0,1,1,4294967295,0,0
oInvCollPH,2544,304,001A8B82,0,1,1,4294967295,0,0
oInvCollPH,2528,304,000F25BC,0,1,1,4294967295,0,0
oInvCollPH,2512,304,00186A19,0,1,1,4294967295,0,0
oInvCollPH,2496,304,00225001,0,1,1,4294967295,0,0
oInvCollPH,2480,304,0007882F,0,1,1,4294967295,0,0
oInvCollPH,2464,304,0025EAC0,0,1,1,4294967295,0,0
oInvCollPH,2448,304,001B52A0,0,1,1,4294967295,0,0
oInvCollPH,2432,304,002B3C3E,0,1,1,4294967295,0,0
oInvCollPH,2272,304,0005688C,0,1,1,4294967295,0,0
oInvCollPH,2288,304,0015CAE9,0,1,1,4294967295,0,0
oInvCollPH,2304,304,001F9885,0,1,1,4294967295,0,0
oInvCollPH,2320,304,0016BB22,0,1,1,4294967295,0,0
oInvCollPH,2336,304,003D9486,0,1,1,4294967295,0,0
oInvCollPH,2352,304,002BB8C2,0,1,1,4294967295,0,0
oInvCollPH,2368,304,000C9BF9,0,1,1,4294967295,0,0
oInvCollPH,2384,304,00249A17,0,1,1,4294967295,0,0
oInvCollPH,2400,304,003FBA28,0,1,1,4294967295,0,0
oInvCollPH,2416,304,0004DA98,0,1,1,4294967295,0,0
oInvCollPH,576,208,00263B62,0,1,1,4294967295,0,0
oInvCollPH,880,88,0004B955,0,1,1,4294967295,0,0
oInvCollPH,2496,144,0004BD64,0,1,1,4294967295,0,0
oInvCollPH,2512,144,00154940,0,1,1,4294967295,0,0
oInvCollPH,2528,144,0010F178,0,1,1,4294967295,0,0
oInvCollPH,2544,144,000E7A33,0,1,1,4294967295,0,0
oInvCollPH,2560,144,0009349B,0,1,1,4294967295,0,0
oInvCollPH,2576,144,00263CCD,0,1,1,4294967295,0,0
oInvCollPH,2576,128,003EB327,0,1,1,4294967295,0,0
oInvCollPH,2560,128,0033F662,0,1,1,4294967295,0,0
oInvCollPH,2544,128,001E0542,0,1,1,4294967295,0,0
oInvCollPH,2528,128,002CA6E6,0,1,1,4294967295,0,0
oInvCollSH,272,256,00052458,0,1,1,4294967295,0,0
oInvCollSH,288,256,0017CB40,0,1,1,4294967295,0,0
oInvCollSH,304,256,0021B191,0,1,1,4294967295,0,0
oInvCollSH,320,256,001F7F42,0,1,1,4294967295,0,0
oInvCollSH,336,256,003CEBA2,0,1,1,4294967295,0,0
oInvCollSH,352,256,00386AA4,0,1,1,4294967295,0,0
oInvCollSH,368,256,001E8924,0,1,1,4294967295,0,0
oInvCollSH,384,256,000A232A,0,1,1,4294967295,0,0
oInvCollSH,240,192,00058DB0,0,1,1,4294967295,0,0
oInvCollSH,256,192,002F798B,0,1,1,4294967295,0,0
oInvCollSH,272,192,001D1531,0,1,1,4294967295,0,0
oInvCollSH,288,192,00258C92,0,1,1,4294967295,0,0
oInvCollSH,304,192,0032C6BD,0,1,1,4294967295,0,0
oInvCollSH,320,192,001F0A68,0,1,1,4294967295,0,0
oInvCollSH,672,288,000A2A96,0,1,1,4294967295,0,0
oInvCollSH,688,288,0012605F,0,1,1,4294967295,0,0
oInvCollSH,704,288,001B9270,0,1,1,4294967295,0,0
oInvCollSH,416,128,0029F8DC,0,1,1,4294967295,0,0
oInvCollSH,432,128,00201E2F,0,1,1,4294967295,0,0
oInvCollSH,448,128,00221878,0,1,1,4294967295,0,0
oInvCollSH,464,128,002FB4A7,0,1,1,4294967295,0,0
oInvCollSH,480,128,002CDD80,0,1,1,4294967295,0,0
oInvCollSH,496,128,0010247B,0,1,1,4294967295,0,0
oInvCollSH,512,128,002539C5,0,1,1,4294967295,0,0
oInvCollSH,864,64,002F7397,0,1,1,4294967295,0,0
oInvCollSH,880,64,003B2C68,0,1,1,4294967295,0,0
oInvCollSH,896,64,003E914E,0,1,1,4294967295,0,0
oInvCollSH,816,240,000E6507,0,1,1,4294967295,0,0
oInvCollSH,832,240,0004507F,0,1,1,4294967295,0,0
oInvCollSH,848,240,00319DF0,0,1,1,4294967295,0,0
oInvCollSH,864,240,002B8084,0,1,1,4294967295,0,0
oInvCollSH,880,240,000293F5,0,1,1,4294967295,0,0
oInvCollSH,944,288,003E6A82,0,1,1,4294967295,0,0
oInvCollSH,960,288,0002B710,0,1,1,4294967295,0,0
oInvCollSH,976,288,003DD4EB,0,1,1,4294967295,0,0
oInvCollSH,992,288,0001B2C5,0,1,1,4294967295,0,0
oInvCollSH,1008,288,000B2030,0,1,1,4294967295,0,0
oInvCollSH,512,224,002FD360,0,1,1,4294967295,0,0
oInvCollSH,528,224,0027FCA0,0,1,1,4294967295,0,0
oInvCollSH,544,224,0023AF40,0,1,1,4294967295,0,0
oInvCollSH,560,224,00143A68,0,1,1,4294967295,0,0
oInvCollSH,576,224,002F2EDF,0,1,1,4294967295,0,0
oInvCollSH,592,224,003C8BEA,0,1,1,4294967295,0,0
oInvCollSH,608,224,0033A354,0,1,1,4294967295,0,0
oInvCollSH,624,224,00336302,0,1,1,4294967295,0,0
oInvCollSH,736,160,0017E646,0,1,1,4294967295,0,0
oInvCollSH,752,160,000B607A,0,1,1,4294967295,0,0
oInvCollSH,768,160,00059FBC,0,1,1,4294967295,0,0
oInvCollSH,784,160,0009E506,0,1,1,4294967295,0,0
oInvCollSH,800,160,0030EBF8,0,1,1,4294967295,0,0
oInvCollSH,816,160,003CF281,0,1,1,4294967295,0,0
oInvCollSH,832,160,0031B79C,0,1,1,4294967295,0,0
oInvCollSH,976,128,00110365,0,1,1,4294967295,0,0
oInvCollSH,992,128,0017D8CA,0,1,1,4294967295,0,0
oInvCollSH,1008,128,00226BE2,0,1,1,4294967295,0,0
oInvCollSH,1024,128,002BEB2F,0,1,1,4294967295,0,0
oInvCollSH,1040,128,00066DF4,0,1,1,4294967295,0,0
oInvCollSH,1056,128,000568E4,0,1,1,4294967295,0,0
oInvCollSH,1072,128,0013AB0A,0,1,1,4294967295,0,0
oInvCollSH,1840,208,000AFE01,0,1,1,4294967295,0,0
oInvCollSH,1856,208,0031F39E,0,1,1,4294967295,0,0
oInvCollSH,1872,208,003E3F05,0,1,1,4294967295,0,0
oInvCollSH,1888,208,0030CECC,0,1,1,4294967295,0,0
oInvCollSH,1904,208,00129E88,0,1,1,4294967295,0,0
oInvCollSH,1920,208,000550A2,0,1,1,4294967295,0,0
oInvCollSH,1936,208,00147BC7,0,1,1,4294967295,0,0
oInvCollSH,1936,144,003B8A3A,0,1,1,4294967295,0,0
oInvCollSH,1952,144,002E4CB4,0,1,1,4294967295,0,0
oInvCollSH,1968,144,0033EB08,0,1,1,4294967295,0,0
oInvCollSH,1984,144,00314DAA,0,1,1,4294967295,0,0
oInvCollSH,2000,144,0006B013,0,1,1,4294967295,0,0
oInvCollSH,2016,144,0018D0EE,0,1,1,4294967295,0,0
oInvCollSH,2032,144,00206B60,0,1,1,4294967295,0,0
oInvCollPFH,2368,48,00208742,0,1,1,4294967295,0,0
oInvCollPFH,2384,48,000A7716,0,1,1,4294967295,0,0
oInvCollPFH,3216,160,003B4FE2,0,1,1,4294967295,0,0
oInvCollPFH,3232,160,0021CBC0,0,1,1,4294967295,0,0
oInvCollPH,2160,272,003B6586,0,1,1,4294967295,0,0
oInvCollPH,2960,240,003A5C8F,0,1,1,4294967295,0,0
oInvCollPH,2960,256,001B755F,0,1,1,4294967295,0,0
oInvCollPH,2960,272,001D5F8F,0,1,1,4294967295,0,0
oInvCollPH,3056,224,000CB788,0,1,1,4294967295,0,0
oInvCollPH,3056,240,000EEE3E,0,1,1,4294967295,0,0
oInvCollPH,3056,256,000A0F8F,0,1,1,4294967295,0,0
oInvCollPH,3056,272,001316F2,0,1,1,4294967295,0,0
oInvCollPH,2960,288,0029302F,0,1,1,4294967295,0,0
oInvCollPH,2960,304,0002C23A,0,1,1,4294967295,0,0
oInvCollPH,2960,320,00065C73,0,1,1,4294967295,0,0
oInvCollPH,2960,336,00001501,0,1,1,4294967295,0,0
oInvCollPH,2976,336,0036C676,0,1,1,4294967295,0,0
oInvCollPH,2976,320,000CA32B,0,1,1,4294967295,0,0
oInvCollPH,2976,304,0025D8AD,0,1,1,4294967295,0,0
oInvCollPH,2976,288,000FAD62,0,1,1,4294967295,0,0
oInvCollPH,2976,272,003E10A4,0,1,1,4294967295,0,0
oInvCollPH,2976,256,003BAD6C,0,1,1,4294967295,0,0
oInvCollPH,2976,240,0018E0E7,0,1,1,4294967295,0,0
oInvCollPH,2976,224,0020B27D,0,1,1,4294967295,0,0
oInvCollPH,3056,288,0022E04E,0,1,1,4294967295,0,0
oInvCollPH,3056,304,0020A5FE,0,1,1,4294967295,0,0
oInvCollPH,3056,320,0039DB3E,0,1,1,4294967295,0,0
oInvCollPH,3056,336,0037DC0C,0,1,1,4294967295,0,0
oInvCollPH,3072,336,003A6CCF,0,1,1,4294967295,0,0
oInvCollPH,3072,320,0006E68A,0,1,1,4294967295,0,0
oInvCollPH,3072,304,001D680D,0,1,1,4294967295,0,0
oInvCollPH,3072,288,0004344C,0,1,1,4294967295,0,0
oInvCollPH,3072,272,003EFB07,0,1,1,4294967295,0,0
oInvCollPH,3072,256,00077425,0,1,1,4294967295,0,0
oInvCollPH,3072,240,0034CF95,0,1,1,4294967295,0,0
oInvCollPH,3072,224,002F9640,0,1,1,4294967295,0,0
oInvCollPH,3072,208,0038033D,0,1,1,4294967295,0,0
oInvCollPH,2832,224,0018BFE6,0,1,1,4294967295,0,0
oInvCollPH,2832,240,001682D8,0,1,1,4294967295,0,0
oInvCollPH,2832,256,003C637A,0,1,1,4294967295,0,0
oInvCollPH,2832,272,00365878,0,1,1,4294967295,0,0
oInvCollPH,2832,288,0008DF70,0,1,1,4294967295,0,0
oInvCollPH,2832,304,001F27B5,0,1,1,4294967295,0,0
oInvCollPH,2832,320,000F6251,0,1,1,4294967295,0,0
oInvCollPH,2832,336,0018A923,0,1,1,4294967295,0,0
oInvCollPH,2880,336,00221373,0,1,1,4294967295,0,0
oInvCollPH,2880,320,001F2A77,0,1,1,4294967295,0,0
oInvCollPH,2880,304,00070EED,0,1,1,4294967295,0,0
oInvCollPH,2880,288,001C336C,0,1,1,4294967295,0,0
oInvCollPH,2880,272,0005DFFD,0,1,1,4294967295,0,0
oInvCollPH,2880,256,00257AF1,0,1,1,4294967295,0,0
oInvCollPH,2880,240,0017E44D,0,1,1,4294967295,0,0
oInvCollPH,2880,224,000A3D7F,0,1,1,4294967295,0,0
oInvCollPH,2880,208,00229C1B,0,1,1,4294967295,0,0
oInvCollPH,2864,208,003EEF70,0,1,1,4294967295,0,0
oInvCollPH,2848,208,00372A62,0,1,1,4294967295,0,0
oInvCollPFH,2208,224,0028D500,0,1,1,4294967295,0,0
oInvCollPFH,2096,192,002C3C90,0,1,1,4294967295,0,0
oInvisibleSolid,0,240,001654B9,0,1,1,4294967295,0,1
oInvisibleSolid,32,304,00292586,0,1,1,4294967295,0,1
oInvisibleSolid,0,144,001D93EF,0,1,1,4294967295,0,1
oInvisibleSolid,0,0,001D819D,0,1,1,4294967295,0,1
oInvisibleSolid,2048,272,00321B57,0,1,1,4294967295,0,1
oInvisibleSolid,2112,304,001B395F,0,1,1,4294967295,0,1
oInvisibleSolid,1104,224,000A310A,0,1,1,4294967295,0,1
oInvisibleSolid,1152,224,000C6576,0,1,1,4294967295,0,0
oInvisibleSolid,1216,224,00155C69,0,1,1,4294967295,0,1
oInvisibleSolid,1344,192,003EFF54,0,1,1,4294967295,0,1
oInvisibleSolid,1440,256,0031BD90,0,1,1,4294967295,0,1
oInvisibleSolid,1552,224,00325463,0,1,1,4294967295,0,1
oInvisibleSolid,1680,240,0026E3CE,0,1,1,4294967295,0,1
oInvisibleSlimSolid,224,192,002E2F7B,0,1,1,4294967295,0,1
oInvisibleSlimSolid,256,256,000A8EBB,0,1,1,4294967295,0,1
oInvisibleSlimSolid,400,128,0015FCE8,0,1,1,4294967295,0,1
oInvisibleSlimSolid,496,224,00010932,0,1,1,4294967295,0,1
oInvisibleSlimSolid,656,288,0030B33D,0,1,1,4294967295,0,1
oInvisibleSlimSolid,720,160,0033AFFD,0,1,1,4294967295,0,1
oInvisibleSlimSolid,800,240,00195AA8,0,1,1,4294967295,0,1
oInvisibleSlimSolid,928,288,002D29A2,0,1,1,4294967295,0,1
oInvisibleSlimSolid,960,128,00070309,0,1,1,4294967295,0,1
oInvisibleSlimSolid,848,64,0008C26B,0,1,1,4294967295,0,1
oInvisibleSlimSolid,1824,208,00352B7C,0,1,1,4294967295,0,1
oInvisibleSlimSolid,1920,144,000DAF08,0,1,1,4294967295,0,1
oInvisibleSolid,2400,0,00355EB2,0,1,1,4294967295,0,1
oInvisibleSolid,2336,112,0031BB05,0,1,1,4294967295,0,1
oInvisibleSolid,2272,144,00056C57,0,1,1,4294967295,0,1
oInvisibleSolid,2240,176,001AB9DA,0,1,1,4294967295,0,1
oInvisiblePlatform,2352,48,00107793,0,1,1,4294967295,0,1
oInvisibleSolid,2640,256,00062BFA,0,1,1,4294967295,0,1
oInvisibleSolid,3152,224,0015CB11,0,1,1,4294967295,0,1
oInvisibleSolid,3280,112,001317AB,0,1,1,4294967295,0,1
oInvisiblePlatform,3200,160,002B0CCC,0,1,1,4294967295,0,1
oInvisibleSolid,880,72,00028563,0,1,1,4294967295,0,1
oInvisibleSolid,576,192,00284924,0,1,1,4294967295,0,1
oInvisibleSolid,1376,160,00245867,0,1,1,4294967295,0,1
oInvisibleSolid,2496,128,000148DC,0,1,1,4294967295,0,1
oInvisibleSolid,2144,272,0007F483,0,1,1,4294967295,0,1
oInvisibleSolid,2832,208,000B496C,0,1,1,4294967295,0,1
oInvisibleSolid,3056,208,000F74AE,0,1,1,4294967295,0,1
oInvisibleSolid,2960,224,002332FB,0,1,1,4294967295,0,1
oInvisiblePlatform,2192,224,00013EA0,0,1,1,4294967295,0,1
oInvisiblePlatform,2080,192,001ACF43,0,1,1,4294967295,0,1
oBillBlaster,584,192,002956EF,0,1,1,4294967295,0,0
oBillBlaster,888,88,001B6EED,0,1,1,4294967295,0,0
oBillBlaster,1384,160,000C6270,0,1,1,4294967295,0,0
oBillBlaster,3288,112,001A75A0,0,1,1,4294967295,0,0
oBillBlaster,3160,224,001DB4B4,0,1,1,4294967295,0,1
oBillBlaster,3320,224,00325B1E,0,1,1,4294967295,0,1
