oExit,6128,256,002C9AB3,0,1,1,4294967295,0,1
oZeldaBreakPot,6032,272,0019C561,0,1,1,4294967295,0,0
oZeldaBreakPot,3720,208,0018DC4F,0,1,1,4294967295,0,0
oZeldaBreakPot,1888,64,001735DF,0,1,1,4294967295,0,0
oWeaponLevelUpgrade,5848,144,00282905,0,1,1,4294967295,0,1
oMMFlameCanister,160,288,0012ACCD,0,1,1,4294967295,0,0
oMMFlameCanister,176,288,001F2ED3,0,1,1,4294967295,0,0
oMMFlameCanister,192,288,002E871E,0,1,1,4294967295,0,0
oMMFlameCanister,208,288,000B9623,0,1,1,4294967295,0,0
oMMFlameCanister,224,288,002CB76F,0,1,1,4294967295,0,0
oMMFlameCanister,240,288,001253CB,0,1,1,4294967295,0,0
oMMFlameCanister,256,288,0031C815,0,1,1,4294967295,0,0
oMMFlameCanister,272,288,00254573,0,1,1,4294967295,0,0
oMMFlameCanister,288,288,003972E3,0,1,1,4294967295,0,0
oMMFlameCanister,304,288,00278D58,0,1,1,4294967295,0,0
oMMFlameCanister,320,288,0034A2B6,0,1,1,4294967295,0,0
oMMFlameCanister,336,288,000F7897,0,1,1,4294967295,0,0
oMMFlameCanister,400,288,00304114,0,1,1,4294967295,0,0
oMMFlameCanister,384,288,001D47FA,0,1,1,4294967295,0,0
oMMFlameCanister,368,288,0030A802,0,1,1,4294967295,0,0
oMMFlameCanister,352,288,001ABE53,0,1,1,4294967295,0,0
oMMFlameCanister,464,288,00034725,0,1,1,4294967295,0,0
oMMFlameCanister,448,288,0004798F,0,1,1,4294967295,0,0
oMMFlameCanister,432,288,001782BC,0,1,1,4294967295,0,0
oMMFlameCanister,416,288,0001EB3C,0,1,1,4294967295,0,0
oMMFlameCanister,528,288,001709D8,0,1,1,4294967295,0,0
oMMFlameCanister,512,288,003001C5,0,1,1,4294967295,0,0
oMMFlameCanister,496,288,000C7689,0,1,1,4294967295,0,0
oMMFlameCanister,480,288,000590E1,0,1,1,4294967295,0,0
oMMFlameCanister,592,288,003062EC,0,1,1,4294967295,0,0
oMMFlameCanister,576,288,003B5711,0,1,1,4294967295,0,0
oMMFlameCanister,560,288,0016D873,0,1,1,4294967295,0,0
oMMFlameCanister,544,288,00252B09,0,1,1,4294967295,0,0
oMMFlameCanister,656,288,0003576C,0,1,1,4294967295,0,0
oMMFlameCanister,640,288,002EDFB4,0,1,1,4294967295,0,0
oMMFlameCanister,624,288,001D68C1,0,1,1,4294967295,0,0
oMMFlameCanister,608,288,0003DC4F,0,1,1,4294967295,0,0
oMMFlameCanister,720,288,00185E60,0,1,1,4294967295,0,0
oMMFlameCanister,704,288,00096916,0,1,1,4294967295,0,0
oMMFlameCanister,688,288,001467A8,0,1,1,4294967295,0,0
oMMFlameCanister,672,288,000BC37D,0,1,1,4294967295,0,0
oMMFlameCanister,784,288,00083062,0,1,1,4294967295,0,0
oMMFlameCanister,768,288,00005BD4,0,1,1,4294967295,0,0
oMMFlameCanister,752,288,00331C14,0,1,1,4294967295,0,0
oMMFlameCanister,736,288,0004B066,0,1,1,4294967295,0,0
oMMFlameCanister,848,288,00032461,0,1,1,4294967295,0,0
oMMFlameCanister,832,288,0032DC50,0,1,1,4294967295,0,0
oMMFlameCanister,816,288,002DB71E,0,1,1,4294967295,0,0
oMMFlameCanister,800,288,0004DF11,0,1,1,4294967295,0,0
oMMFlameCanister,896,288,000F58E2,0,1,1,4294967295,0,0
oMMFlameCanister,880,288,0001C578,0,1,1,4294967295,0,0
oMMFlameCanister,864,288,000B476D,0,1,1,4294967295,0,0
oMMFlameCanister,912,288,001348BC,0,1,1,4294967295,0,0
oMMFlameCanister,976,288,003B7582,0,1,1,4294967295,0,0
oMMFlameCanister,960,288,002CE776,0,1,1,4294967295,0,0
oMMFlameCanister,944,288,000FB177,0,1,1,4294967295,0,0
oMMFlameCanister,928,288,00326F6A,0,1,1,4294967295,0,0
oMMFlameCanister,1040,288,003B2CB0,0,1,1,4294967295,0,0
oMMFlameCanister,1024,288,0037EC36,0,1,1,4294967295,0,0
oMMFlameCanister,1008,288,002E8D1D,0,1,1,4294967295,0,0
oMMFlameCanister,992,288,00250940,0,1,1,4294967295,0,0
oMMFlameCanister,1104,288,000DEB26,0,1,1,4294967295,0,0
oMMFlameCanister,1088,288,003D0FD6,0,1,1,4294967295,0,0
oMMFlameCanister,1072,288,002B1CE8,0,1,1,4294967295,0,0
oMMFlameCanister,1056,288,0031A04A,0,1,1,4294967295,0,0
oMMFlameCanister,1168,288,000A4663,0,1,1,4294967295,0,0
oMMFlameCanister,1152,288,002E879E,0,1,1,4294967295,0,0
oMMFlameCanister,1136,288,0000DF29,0,1,1,4294967295,0,0
oMMFlameCanister,1120,288,00327726,0,1,1,4294967295,0,0
oMMFlameCanister,144,288,00188F7C,0,1,1,4294967295,0,0
oMMFlameCanister,128,288,003C1E56,0,1,1,4294967295,0,0
oMMFlameCanister,112,288,00098F59,0,1,1,4294967295,0,0
oMMFlameCanister,96,288,002F6798,0,1,1,4294967295,0,0
oMMFlameCanister,1184,288,003D6CB0,0,1,1,4294967295,0,0
oMMFlameCanister,1200,288,00004406,0,1,1,4294967295,0,0
oMMFlameCanister,1216,288,0013121D,0,1,1,4294967295,0,0
oMMFlameCanister,1232,288,0030F369,0,1,1,4294967295,0,0
oMMFlameCanister,1248,288,0033BED9,0,1,1,4294967295,0,0
oMMFlameCanister,1264,288,002C1E39,0,1,1,4294967295,0,0
oMMFlameCanister,1280,288,00000FEE,0,1,1,4294967295,0,0
oMMFlameCanister,1296,288,00139101,0,1,1,4294967295,0,0
oMMFlameCanister,1312,288,002B79EE,0,1,1,4294967295,0,0
oMMFlameCanister,1328,288,0004F681,0,1,1,4294967295,0,0
oMMFlameCanister,1344,288,0017D64D,0,1,1,4294967295,0,0
oMMFlameCanister,1360,288,001D5FC8,0,1,1,4294967295,0,0
oMMFlameCanister,1376,288,00055D5B,0,1,1,4294967295,0,0
oMMFlameCanister,1392,288,003E9213,0,1,1,4294967295,0,0
oMMFlameCanister,1408,288,0016BA07,0,1,1,4294967295,0,0
oMMFlameCanister,1424,288,0037F40C,0,1,1,4294967295,0,0
oMMFlameCanister,1440,288,0026F8EF,0,1,1,4294967295,0,0
oMMFlameCanister,1456,288,002971EB,0,1,1,4294967295,0,0
oMMFlameCanister,1472,288,0039B2AD,0,1,1,4294967295,0,0
oMMFlameCanister,1488,288,00022F5C,0,1,1,4294967295,0,0
oMMFlameCanister,1504,288,000B399C,0,1,1,4294967295,0,0
oMMFlameCanister,1520,288,003A8B43,0,1,1,4294967295,0,0
oMMFlameCanister,1536,288,002D3CFE,0,1,1,4294967295,0,0
oMMFlameCanister,1552,288,000E01E8,0,1,1,4294967295,0,0
oMMFlameCanister,1568,288,002E6929,0,1,1,4294967295,0,0
oMMFlameCanister,1584,288,00064DFA,0,1,1,4294967295,0,0
oMMFlameCanister,1600,288,001CECC8,0,1,1,4294967295,0,0
oMMFlameCanister,1616,288,00327A07,0,1,1,4294967295,0,0
oMMFlameCanister,1632,288,002BBF2C,0,1,1,4294967295,0,0
oMMFlameCanister,1648,288,00025A68,0,1,1,4294967295,0,0
oMMFlameCanister,1664,288,0026F041,0,1,1,4294967295,0,0
oMMFlameCanister,1680,288,003F8AB1,0,1,1,4294967295,0,0
oMMFlameCanister,1696,288,00275388,0,1,1,4294967295,0,0
oMMFlameCanister,1712,288,0029B9AD,0,1,1,4294967295,0,0
oMMFlameCanister,1728,288,0023C999,0,1,1,4294967295,0,0
oMMFlameCanister,1744,288,00223680,0,1,1,4294967295,0,0
oMMFlameCanister,1760,288,000083FF,0,1,1,4294967295,0,0
oMMFlameCanister,1776,288,002C08DB,0,1,1,4294967295,0,0
oMMFlameCanister,1792,288,001632BF,0,1,1,4294967295,0,0
oMMFlameCanister,1808,288,000C8650,0,1,1,4294967295,0,0
oMMFlameCanister,1824,288,0012D8E1,0,1,1,4294967295,0,0
oMMFlameCanister,1840,288,00362066,0,1,1,4294967295,0,0
oMMFlameCanister,1856,288,0008C3C3,0,1,1,4294967295,0,0
oMMFlameCanister,1872,288,003BF7F2,0,1,1,4294967295,0,0
oMMFlameCanister,1888,288,002AA2AF,0,1,1,4294967295,0,0
oMMFlameCanister,1904,288,003AC04C,0,1,1,4294967295,0,0
oMMFlameCanister,1920,288,002E4B1D,0,1,1,4294967295,0,0
oMMFlameCanister,1936,288,0023973E,0,1,1,4294967295,0,0
oMMFlameCanister,1952,288,000B9765,0,1,1,4294967295,0,0
oMMFlameCanister,1968,288,0005E8A1,0,1,1,4294967295,0,0
oMMFlameCanister,1984,288,000D2F90,0,1,1,4294967295,0,0
oMMFlameCanister,2000,288,000753D2,0,1,1,4294967295,0,0
oMMFlameCanister,2016,288,001D49CB,0,1,1,4294967295,0,0
oMMFlameCanister,2032,288,003480C5,0,1,1,4294967295,0,0
oMMFlameCanister,2048,288,001E1DA0,0,1,1,4294967295,0,0
oMMFlameCanister,2064,288,00074B2A,0,1,1,4294967295,0,0
oMMFlameCanister,2080,288,00137126,0,1,1,4294967295,0,0
oMMFlameCanister,2096,288,001EE778,0,1,1,4294967295,0,0
oMMFlameCanister,2112,288,0036B285,0,1,1,4294967295,0,0
oMMFlameCanister,2128,288,001E136B,0,1,1,4294967295,0,0
oMMFlameCanister,2144,288,0021B1FE,0,1,1,4294967295,0,0
oMMFlameCanister,2160,288,00353ABA,0,1,1,4294967295,0,0
oMMFlameCanister,2176,288,003F2FDA,0,1,1,4294967295,0,0
oMMFlameCanister,2192,288,0033A168,0,1,1,4294967295,0,0
oMMFlameCanister,2208,288,002E95B9,0,1,1,4294967295,0,0
oMMFlameCanister,2224,288,00296E66,0,1,1,4294967295,0,0
oMMFlameCanister,2240,288,0006D35D,0,1,1,4294967295,0,0
oMMFlameCanister,2256,288,001EFD67,0,1,1,4294967295,0,0
oMMFlameCanister,2272,288,002EA8BF,0,1,1,4294967295,0,0
oMMFlameCanister,2288,288,00093C7C,0,1,1,4294967295,0,0
oMMFlameCanister,2304,288,0017B09F,0,1,1,4294967295,0,0
oMMFlameCanister,2320,288,00081A8D,0,1,1,4294967295,0,0
oMMFlameCanister,2336,288,00068979,0,1,1,4294967295,0,0
oMMFlameCanister,2352,288,0011E60D,0,1,1,4294967295,0,0
oMMFlameCanister,2368,288,002CE68A,0,1,1,4294967295,0,0
oMMFlameCanister,2384,288,003CD658,0,1,1,4294967295,0,0
oMMFlameCanister,2400,288,00206B9A,0,1,1,4294967295,0,0
oMMFlameCanister,2416,288,000260DE,0,1,1,4294967295,0,0
oMMFlameCanister,2432,288,001B3870,0,1,1,4294967295,0,0
oMMFlameCanister,2448,288,0010DE50,0,1,1,4294967295,0,0
oMMFlameCanister,2464,288,002C76AB,0,1,1,4294967295,0,0
oMMFlameCanister,2480,288,00315C7C,0,1,1,4294967295,0,0
oMMFlameCanister,2496,288,0035891D,0,1,1,4294967295,0,0
oMMFlameCanister,2512,288,0000489F,0,1,1,4294967295,0,0
oMMFlameCanister,2528,288,001EF47E,0,1,1,4294967295,0,0
oMMFlameCanister,2544,288,0008F026,0,1,1,4294967295,0,0
oMMFlameCanister,2560,288,003A83DF,0,1,1,4294967295,0,0
oMMFlameCanister,2576,288,0003FE35,0,1,1,4294967295,0,0
oMMFlameCanister,2592,288,003BC0F4,0,1,1,4294967295,0,0
oMMFlameCanister,2608,288,000DCCD6,0,1,1,4294967295,0,0
oMMFlameCanister,2624,288,002A35C0,0,1,1,4294967295,0,0
oMMFlameCanister,2640,288,0025B6CD,0,1,1,4294967295,0,0
oMMFlameCanister,2656,288,0011DA89,0,1,1,4294967295,0,0
oMMFlameCanister,2672,288,0018C166,0,1,1,4294967295,0,0
oMMFlameCanister,2688,288,002B6AD0,0,1,1,4294967295,0,0
oMMFlameCanister,2704,288,0026FCB8,0,1,1,4294967295,0,0
oMMFlameCanister,2720,288,001E386D,0,1,1,4294967295,0,0
oMMFlameCanister,2736,288,00088FE3,0,1,1,4294967295,0,0
oMMFlameCanister,2752,288,003CA0FB,0,1,1,4294967295,0,0
oMMFlameCanister,2768,288,002459D0,0,1,1,4294967295,0,0
oMMFlameCanister,2784,288,0012310A,0,1,1,4294967295,0,0
oMMFlameCanister,2800,288,0038104C,0,1,1,4294967295,0,0
oMMFlameCanister,2816,288,003C2C1E,0,1,1,4294967295,0,0
oMMFlameCanister,2832,288,0029661A,0,1,1,4294967295,0,0
oMMFlameCanister,2848,288,00178664,0,1,1,4294967295,0,0
oMMFlameCanister,2864,288,0015CDA7,0,1,1,4294967295,0,0
oMMFlameCanister,2880,288,002261E9,0,1,1,4294967295,0,0
oMMFlameCanister,2896,288,003E6DFE,0,1,1,4294967295,0,0
oMMFlameCanister,2912,288,002FA5D6,0,1,1,4294967295,0,0
oMMFlameCanister,2928,288,0011EBD3,0,1,1,4294967295,0,0
oMMFlameCanister,2944,288,00186E50,0,1,1,4294967295,0,0
oMMFlameCanister,2960,288,0005AB1F,0,1,1,4294967295,0,0
oMMFlameCanister,2976,288,0023D96E,0,1,1,4294967295,0,0
oMMFlameCanister,2992,288,0019C565,0,1,1,4294967295,0,0
oMMFlameCanister,3008,288,00268352,0,1,1,4294967295,0,0
oMMFlameCanister,3024,288,001178FC,0,1,1,4294967295,0,0
oMMFlameCanister,3040,288,00096E52,0,1,1,4294967295,0,0
oMMFlameCanister,3056,288,00367B79,0,1,1,4294967295,0,0
oMMFlameCanister,3072,288,0004FFB9,0,1,1,4294967295,0,0
oMMFlameCanister,3088,288,00252940,0,1,1,4294967295,0,0
oMMFlameCanister,3104,288,002B7EF6,0,1,1,4294967295,0,0
oMMFlameCanister,3120,288,0029F64F,0,1,1,4294967295,0,0
oMMFlameCanister,3136,288,002CC9D4,0,1,1,4294967295,0,0
oMMFlameCanister,3152,288,002DF05C,0,1,1,4294967295,0,0
oMMFlameCanister,3168,288,003D40B9,0,1,1,4294967295,0,0
oMMFlameCanister,3184,288,003BC8C8,0,1,1,4294967295,0,0
oMMFlameCanister,3200,288,000D4BAE,0,1,1,4294967295,0,0
oMMFlameCanister,3216,288,00068936,0,1,1,4294967295,0,0
oMMFlameCanister,3232,288,000A4B7D,0,1,1,4294967295,0,0
oMMFlameCanister,3248,288,00319971,0,1,1,4294967295,0,0
oMMFlameCanister,3264,288,002A9AB1,0,1,1,4294967295,0,0
oMMFlameCanister,3280,288,002EF91C,0,1,1,4294967295,0,0
oMMFlameCanister,3296,288,00263076,0,1,1,4294967295,0,0
oMMFlameCanister,3312,288,00060D80,0,1,1,4294967295,0,0
oMMFlameCanister,3328,288,0025E104,0,1,1,4294967295,0,0
oMMFlameCanister,3344,288,002BC5EF,0,1,1,4294967295,0,0
oMMFlameCanister,3360,288,002BA8A6,0,1,1,4294967295,0,0
oMMFlameCanister,3376,288,003AD353,0,1,1,4294967295,0,0
oMMFlameCanister,3392,288,001345DC,0,1,1,4294967295,0,0
oMMFlameCanister,3408,288,0019CF8B,0,1,1,4294967295,0,0
oMMFlameCanister,3424,288,0034AB43,0,1,1,4294967295,0,0
oMMFlameCanister,3440,288,00330B47,0,1,1,4294967295,0,0
oMMFlameCanister,3456,288,0002A372,0,1,1,4294967295,0,0
oMMFlameCanister,3472,288,0007BCFE,0,1,1,4294967295,0,0
oMMFlameCanister,3488,288,00387C24,0,1,1,4294967295,0,0
oMMFlameCanister,3504,288,001B36DC,0,1,1,4294967295,0,0
oMMFlameCanister,3520,288,0038D1E8,0,1,1,4294967295,0,0
oMMFlameCanister,3536,288,003F858C,0,1,1,4294967295,0,0
oMMFlameCanister,3552,288,0015CA03,0,1,1,4294967295,0,0
oMMFlameCanister,3568,288,0026BED8,0,1,1,4294967295,0,0
oMMFlameCanister,3584,288,002255EE,0,1,1,4294967295,0,0
oMMFlameCanister,3600,288,00348633,0,1,1,4294967295,0,0
oMMFlameCanister,3616,288,001BAA46,0,1,1,4294967295,0,0
oMMFlameCanister,3632,288,0005479B,0,1,1,4294967295,0,0
oMMFlameCanister,3648,288,001F0C69,0,1,1,4294967295,0,0
oMMFlameCanister,3664,288,0021A68D,0,1,1,4294967295,0,0
oMMFlameCanister,3680,288,00325BF1,0,1,1,4294967295,0,0
oMMFlameCanister,3696,288,00006ECC,0,1,1,4294967295,0,0
oMMFlameCanister,3712,288,000B030C,0,1,1,4294967295,0,0
oMMFlameCanister,3728,288,0028C557,0,1,1,4294967295,0,0
oMMFlameCanister,3744,288,00199020,0,1,1,4294967295,0,0
oMMFlameCanister,3760,288,003D059C,0,1,1,4294967295,0,0
oMMFlameCanister,3776,288,0005A17A,0,1,1,4294967295,0,0
oMMFlameCanister,3792,288,001DF498,0,1,1,4294967295,0,0
oMMFlameCanister,3808,288,003EABF7,0,1,1,4294967295,0,0
oMMFlameCanister,3824,288,003115DC,0,1,1,4294967295,0,0
oMMFlameCanister,3840,288,003E8B3D,0,1,1,4294967295,0,0
oMMFlameCanister,3856,288,0035C307,0,1,1,4294967295,0,0
oMMFlameCanister,3872,288,003ABD18,0,1,1,4294967295,0,0
oMMFlameCanister,3888,288,002FCA8C,0,1,1,4294967295,0,0
oMMFlameCanister,3904,288,0023A09B,0,1,1,4294967295,0,0
oMMFlameCanister,3920,288,001ACD8F,0,1,1,4294967295,0,0
oMMFlameCanister,3936,288,0020E19A,0,1,1,4294967295,0,0
oMMFlameCanister,3952,288,0034D6AE,0,1,1,4294967295,0,0
oMMFlameCanister,3968,288,001EAA98,0,1,1,4294967295,0,0
oMMFlameCanister,3984,288,00059E75,0,1,1,4294967295,0,0
oMMFlameCanister,4000,288,000B0A7C,0,1,1,4294967295,0,0
oMMFlameCanister,4016,288,00331C02,0,1,1,4294967295,0,0
oMMFlameCanister,4032,288,00173BD1,0,1,1,4294967295,0,0
oMMFlameCanister,4048,288,0039D269,0,1,1,4294967295,0,0
oMMFlameCanister,4064,288,002AA13E,0,1,1,4294967295,0,0
oMMFlameCanister,4080,288,0033AC93,0,1,1,4294967295,0,0
oMMFlameCanister,4096,288,0009B3E6,0,1,1,4294967295,0,0
oMMFlameCanister,4112,288,0020DFDF,0,1,1,4294967295,0,0
oMMFlameCanister,4128,288,002EBF59,0,1,1,4294967295,0,0
oMMFlameCanister,4144,288,00240238,0,1,1,4294967295,0,0
oMMFlameCanister,4160,288,000B6F24,0,1,1,4294967295,0,0
oMMFlameCanister,4176,288,000CE4D1,0,1,1,4294967295,0,0
oMMFlameCanister,4192,288,00255C64,0,1,1,4294967295,0,0
oMMFlameCanister,4208,288,00032FF8,0,1,1,4294967295,0,0
oMMFlameCanister,4224,288,00279A4D,0,1,1,4294967295,0,0
oMMFlameCanister,4240,288,00346B8B,0,1,1,4294967295,0,0
oMMFlameCanister,4256,288,00074FB6,0,1,1,4294967295,0,0
oMMFlameCanister,4272,288,002CC48D,0,1,1,4294967295,0,0
oMMFlameCanister,4288,288,000FA4DD,0,1,1,4294967295,0,0
oMMFlameCanister,4304,288,0011AE63,0,1,1,4294967295,0,0
oMMFlameCanister,4320,288,0034AE19,0,1,1,4294967295,0,0
oMMFlameCanister,4336,288,000E7904,0,1,1,4294967295,0,0
oMMFlameCanister,4352,288,002C0C48,0,1,1,4294967295,0,0
oMMFlameCanister,4368,288,001E8DDC,0,1,1,4294967295,0,0
oMMFlameCanister,4384,288,00318445,0,1,1,4294967295,0,0
oMMFlameCanister,4400,288,002D203D,0,1,1,4294967295,0,0
oMMFlameCanister,4416,288,00242363,0,1,1,4294967295,0,0
oMMFlameCanister,4432,288,002DD02E,0,1,1,4294967295,0,0
oMMFlameCanister,4448,288,000AD802,0,1,1,4294967295,0,0
oMMFlameCanister,4464,288,001FA557,0,1,1,4294967295,0,0
oMMFlameCanister,4480,288,000D9FEF,0,1,1,4294967295,0,0
oMMFlameCanister,4496,288,003F34C7,0,1,1,4294967295,0,0
oMMFlameCanister,4512,288,00121EBC,0,1,1,4294967295,0,0
oMMFlameCanister,4528,288,00077E82,0,1,1,4294967295,0,0
oMMFlameCanister,4544,288,003A6DA4,0,1,1,4294967295,0,0
oMMFlameCanister,4560,288,0031542D,0,1,1,4294967295,0,0
oMMFlameCanister,4576,288,00339349,0,1,1,4294967295,0,0
oMMFlameCanister,4592,288,000F7BEB,0,1,1,4294967295,0,0
oMMFlameCanister,4608,288,0030626F,0,1,1,4294967295,0,0
oMMFlameCanister,4624,288,003BE6A4,0,1,1,4294967295,0,0
oMMFlameCanister,4640,288,001252FC,0,1,1,4294967295,0,0
oMMFlameCanister,4656,288,00299614,0,1,1,4294967295,0,0
oMMFlameCanister,4672,288,001CDB8D,0,1,1,4294967295,0,0
oMMFlameCanister,4688,288,002F5408,0,1,1,4294967295,0,0
oMMFlameCanister,4704,288,0018A9E9,0,1,1,4294967295,0,0
oMMFlameCanister,4720,288,0002ABEF,0,1,1,4294967295,0,0
oMMFlameCanister,4736,288,002BF45B,0,1,1,4294967295,0,0
oMMFlameCanister,4752,288,00171394,0,1,1,4294967295,0,0
oMMFlameCanister,4768,288,002B89B8,0,1,1,4294967295,0,0
oMMFlameCanister,4784,288,00268EB4,0,1,1,4294967295,0,0
oMMFlameCanister,4800,288,000DC15D,0,1,1,4294967295,0,0
oMMFlameCanister,4816,288,0011D1A6,0,1,1,4294967295,0,0
oMMFlameCanister,4832,288,002ED580,0,1,1,4294967295,0,0
oMMFlameCanister,4848,288,0031FA12,0,1,1,4294967295,0,0
oMMFlameCanister,4864,288,003403BB,0,1,1,4294967295,0,0
oMMFlameCanister,4880,288,0012B1D8,0,1,1,4294967295,0,0
oMMFlameCanister,4896,288,00201CD7,0,1,1,4294967295,0,0
oMMFlameCanister,4912,288,002E4716,0,1,1,4294967295,0,0
oMMFlameCanister,4928,288,00350E67,0,1,1,4294967295,0,0
oMMFlameCanister,4944,288,000E4F7F,0,1,1,4294967295,0,0
oMMFlameCanister,4960,288,00045980,0,1,1,4294967295,0,0
oMMFlameCanister,4976,288,0018939D,0,1,1,4294967295,0,0
oMMFlameCanister,4992,288,00286D03,0,1,1,4294967295,0,0
oMMFlameCanister,5008,288,002703C4,0,1,1,4294967295,0,0
oMMFlameCanister,5024,288,00214503,0,1,1,4294967295,0,0
oMMFlameCanister,5040,288,00060F81,0,1,1,4294967295,0,0
oMMFlameCanister,5056,288,00078839,0,1,1,4294967295,0,0
oMMFlameCanister,5072,288,00017F57,0,1,1,4294967295,0,0
oMMFlameCanister,5088,288,000F3C47,0,1,1,4294967295,0,0
oMMFlameCanister,5104,288,002647DF,0,1,1,4294967295,0,0
oMMFlameCanister,5120,288,001D809E,0,1,1,4294967295,0,0
oMMFlameCanister,5136,288,000DEEE3,0,1,1,4294967295,0,0
oMMFlameCanister,5152,288,000E7265,0,1,1,4294967295,0,0
oMMFlameCanister,5168,288,0019C9FD,0,1,1,4294967295,0,0
oMMFlameCanister,5184,288,0039A598,0,1,1,4294967295,0,0
oMMFlameCanister,5200,288,0016413D,0,1,1,4294967295,0,0
oMMFlameCanister,5216,288,000E51A7,0,1,1,4294967295,0,0
oMMFlameCanister,5232,288,0037B296,0,1,1,4294967295,0,0
oMMFlameCanister,5248,288,000D5B93,0,1,1,4294967295,0,0
oMMFlameCanister,5264,288,0037AB38,0,1,1,4294967295,0,0
oMMFlameCanister,5280,288,003705EE,0,1,1,4294967295,0,0
oMMFlameCanister,5296,288,00104580,0,1,1,4294967295,0,0
oMMFlameCanister,5312,288,001FA8D3,0,1,1,4294967295,0,0
oMMFlameCanister,5328,288,0012C663,0,1,1,4294967295,0,0
oMMFlameCanister,5344,288,000E66BB,0,1,1,4294967295,0,0
oMMFlameCanister,5360,288,001A6209,0,1,1,4294967295,0,0
oMMFlameCanister,5376,288,002B39D3,0,1,1,4294967295,0,0
oMMFlameCanister,5392,288,002F11CD,0,1,1,4294967295,0,0
oMMFlameCanister,5408,288,003C5E1C,0,1,1,4294967295,0,0
oMMFlameCanister,5424,288,0037A758,0,1,1,4294967295,0,0
oMMFlameCanister,5440,288,003EA312,0,1,1,4294967295,0,0
oMMFlameCanister,5456,288,000DBDAD,0,1,1,4294967295,0,0
oMMFlameCanister,5472,288,002F8035,0,1,1,4294967295,0,0
oMMFlameCanister,5488,288,001FF756,0,1,1,4294967295,0,0
oMMFlameCanister,5504,288,0029A897,0,1,1,4294967295,0,0
oMMFlameCanister,5520,288,003C1E47,0,1,1,4294967295,0,0
oMMFlameCanister,5536,288,003EAF08,0,1,1,4294967295,0,0
oMMFlameCanister,5552,288,00089621,0,1,1,4294967295,0,0
oMMFlameCanister,5568,288,002AA722,0,1,1,4294967295,0,0
oMMFlameCanister,5584,288,003E698D,0,1,1,4294967295,0,0
oMMFlameCanister,5600,288,0038EFEE,0,1,1,4294967295,0,0
oMMFlameCanister,5616,288,00032F53,0,1,1,4294967295,0,0
oMMFlameCanister,5632,288,002491D0,0,1,1,4294967295,0,0
oMMFlameCanister,5648,288,002BA6BC,0,1,1,4294967295,0,0
oMMFlameCanister,5664,288,0006883E,0,1,1,4294967295,0,0
oMMFlameCanister,5680,288,00165538,0,1,1,4294967295,0,0
oMMFlameCanister,5696,288,00177B88,0,1,1,4294967295,0,0
oMMFlameCanister,5712,288,00110EB3,0,1,1,4294967295,0,0
oMMFlameCanister,5728,288,0019C60B,0,1,1,4294967295,0,0
oMMFlameCanister,5744,288,001AD11C,0,1,1,4294967295,0,0
oMMFlameCanister,5760,288,000FD750,0,1,1,4294967295,0,0
oMMFlameCanister,5776,288,002AEA5B,0,1,1,4294967295,0,0
oMMFlameCanister,5792,288,000486EE,0,1,1,4294967295,0,0
oMMFlameCanister,5808,288,001B954B,0,1,1,4294967295,0,0
oMMFlameCanister,5824,288,0020142A,0,1,1,4294967295,0,0
oMMFlameCanister,5840,288,000FD469,0,1,1,4294967295,0,0
oMMFlameCanister,5856,288,0012ED09,0,1,1,4294967295,0,0
oMMFlameCanister,5872,288,003E39D8,0,1,1,4294967295,0,0
oMMFlameCanister,5888,288,00072C55,0,1,1,4294967295,0,0
oMMFlameCanister,5904,288,0000EF51,0,1,1,4294967295,0,0
oMMFlameCanister,5920,288,000FBA07,0,1,1,4294967295,0,0
oMMFlameCanister,5936,288,000AD641,0,1,1,4294967295,0,0
oMMFlameCanister,5952,288,00390F30,0,1,1,4294967295,0,0
oMMFlameCanister,5968,288,00194B9F,0,1,1,4294967295,0,0
oMMFlameCanister,5984,288,0032E42C,0,1,1,4294967295,0,0
oMMFlameCanister,6000,288,003DBFD6,0,1,1,4294967295,0,0
oEnemyBulletCatcher,4752,112,00072668,0,1,1,4294967295,0,1
oTurnCannon,2336,144,002EA41F,0,1,1,4294967295,0,1
oTurnCannon,2496,128,0000AF24,0,1,1,4294967295,0,1
oTurnCannon,2656,144,00124B9A,0,1,1,4294967295,0,1
oTurnCannon,4104,96,0003E302,0,1,1,4294967295,0,1
oTurnCannon,4360,96,00020319,0,1,1,4294967295,0,1
oMMFlamer,5312,240,0018CEEB,0,1,1,4294967295,0,1
oMMFlamer,5712,208,003AF408,0,1,1,4294967295,0,1
oPlayer1,48,288,002FCD06,0,1,1,4294967295,0,0
oInvCollPH,16,288,00002A52,0,1,1,4294967295,0,0
oInvCollPH,32,288,002335DB,0,1,1,4294967295,0,0
oInvCollPH,48,288,0037D0D7,0,1,1,4294967295,0,0
oInvCollPH,64,288,0019FC4A,0,1,1,4294967295,0,0
oInvCollPH,80,288,003377BB,0,1,1,4294967295,0,0
oInvCollPH,80,304,0038093D,0,1,1,4294967295,0,0
oInvCollPH,80,320,001CC350,0,1,1,4294967295,0,0
oInvCollPH,80,336,0023BDAD,0,1,1,4294967295,0,0
oInvCollPH,80,352,0008F95F,0,1,1,4294967295,0,0
oInvCollPH,80,368,003E178E,0,1,1,4294967295,0,0
oInvCollPH,1184,80,001A72A8,0,1,1,4294967295,0,0
oInvCollPH,1184,192,001452A7,0,1,1,4294967295,0,0
oInvCollPH,1184,208,00013E56,0,1,1,4294967295,0,0
oInvCollPH,1184,224,0029BE7C,0,1,1,4294967295,0,0
oInvCollPH,1184,240,002D0BDE,0,1,1,4294967295,0,0
oInvCollPH,1184,256,00176E43,0,1,1,4294967295,0,0
oInvCollPH,1184,272,001E90BC,0,1,1,4294967295,0,0
oInvCollPH,1200,176,000217A9,0,1,1,4294967295,0,0
oInvCollPH,1216,176,0011F943,0,1,1,4294967295,0,0
oInvCollPH,1232,176,001548DA,0,1,1,4294967295,0,0
oInvCollPH,1248,176,001D3F6B,0,1,1,4294967295,0,0
oInvCollPH,1264,176,00257C14,0,1,1,4294967295,0,0
oInvCollPH,1280,176,003A0382,0,1,1,4294967295,0,0
oInvCollPH,1296,80,00348FFE,0,1,1,4294967295,0,0
oInvCollPH,1296,176,00375349,0,1,1,4294967295,0,0
oInvCollPH,1296,192,00025E40,0,1,1,4294967295,0,0
oInvCollPH,1296,208,0006BE20,0,1,1,4294967295,0,0
oInvCollPH,1296,224,0022886B,0,1,1,4294967295,0,0
oInvCollPH,1296,240,000C015D,0,1,1,4294967295,0,0
oInvCollPH,1296,256,0010D503,0,1,1,4294967295,0,0
oInvCollPH,1296,272,003DF639,0,1,1,4294967295,0,0
oInvCollPH,1280,272,0013AB34,0,1,1,4294967295,0,0
oInvCollPH,1264,272,001ACCA8,0,1,1,4294967295,0,0
oInvCollPH,1248,272,001C1978,0,1,1,4294967295,0,0
oInvCollPH,1232,272,001B70C7,0,1,1,4294967295,0,0
oInvCollPH,1216,272,00381924,0,1,1,4294967295,0,0
oInvCollPH,1200,272,0006E13E,0,1,1,4294967295,0,0
oInvCollPH,1200,96,0009DC4D,0,1,1,4294967295,0,0
oInvCollPH,1216,96,00104E16,0,1,1,4294967295,0,0
oInvCollPH,1232,96,0034A33B,0,1,1,4294967295,0,0
oInvCollPH,1248,96,0034FCE4,0,1,1,4294967295,0,0
oInvCollPH,1264,96,00130C19,0,1,1,4294967295,0,0
oInvCollPH,1280,96,0037F429,0,1,1,4294967295,0,0
oInvCollPH,1296,96,0000F169,0,1,1,4294967295,0,0
oInvCollPH,1184,16,001773D5,0,1,1,4294967295,0,0
oInvCollPH,1184,32,0034CCD1,0,1,1,4294967295,0,0
oInvCollPH,1184,48,002BD05E,0,1,1,4294967295,0,0
oInvCollPH,1184,64,0017770C,0,1,1,4294967295,0,0
oInvCollPH,1296,64,001B1171,0,1,1,4294967295,0,0
oInvCollPH,1296,48,003220A7,0,1,1,4294967295,0,0
oInvCollPH,1296,32,0028E1CE,0,1,1,4294967295,0,0
oInvCollPH,1296,16,00355CF8,0,1,1,4294967295,0,0
oInvCollPH,1296,0,0027F7F7,0,1,1,4294967295,0,0
oInvCollPH,736,272,000D2641,0,1,1,4294967295,0,0
oInvCollPH,736,256,0006241D,0,1,1,4294967295,0,0
oInvCollPH,736,240,003D5D77,0,1,1,4294967295,0,0
oInvCollPH,736,224,00076D07,0,1,1,4294967295,0,0
oInvCollPH,736,208,002E0B23,0,1,1,4294967295,0,0
oInvCollPH,736,192,00136B07,0,1,1,4294967295,0,0
oInvCollPH,736,176,0019110D,0,1,1,4294967295,0,0
oInvCollPH,736,160,0007BB6D,0,1,1,4294967295,0,0
oInvCollPH,736,144,003D9B75,0,1,1,4294967295,0,0
oInvCollPH,752,128,003FA280,0,1,1,4294967295,0,0
oInvCollPH,752,144,0009470E,0,1,1,4294967295,0,0
oInvCollPH,752,160,00071CCA,0,1,1,4294967295,0,0
oInvCollPH,752,176,000E2CBF,0,1,1,4294967295,0,0
oInvCollPH,752,192,003C7986,0,1,1,4294967295,0,0
oInvCollPH,752,208,00230289,0,1,1,4294967295,0,0
oInvCollPH,752,224,0024497A,0,1,1,4294967295,0,0
oInvCollPH,752,240,0021EB7A,0,1,1,4294967295,0,0
oInvCollPH,752,256,00094AFE,0,1,1,4294967295,0,0
oInvCollPH,752,272,001C5ED2,0,1,1,4294967295,0,0
oInvCollPH,416,256,00185D56,0,1,1,4294967295,0,0
oInvCollPH,416,272,00230F49,0,1,1,4294967295,0,0
oInvCollPH,432,272,00041269,0,1,1,4294967295,0,0
oInvCollPH,432,256,00344E70,0,1,1,4294967295,0,0
oInvCollPH,432,240,00118C04,0,1,1,4294967295,0,0
oInvCollPH,1904,112,00382A98,0,1,1,4294967295,0,0
oInvCollPH,1904,128,001F799E,0,1,1,4294967295,0,0
oInvCollPH,1904,144,0014D38B,0,1,1,4294967295,0,0
oInvCollPH,1904,160,004029FF,0,1,1,4294967295,0,0
oInvCollPH,1904,272,003189C7,0,1,1,4294967295,0,0
oInvCollPH,1904,256,00158672,0,1,1,4294967295,0,0
oInvCollPH,1904,240,0018F301,0,1,1,4294967295,0,0
oInvCollPH,1904,224,002BB9AF,0,1,1,4294967295,0,0
oInvCollPH,1904,208,0036202A,0,1,1,4294967295,0,0
oInvCollPH,1664,16,00115C71,0,1,1,4294967295,0,0
oInvCollPH,1664,32,001478B0,0,1,1,4294967295,0,0
oInvCollPH,1664,48,001AA775,0,1,1,4294967295,0,0
oInvCollPH,1664,64,003F579A,0,1,1,4294967295,0,0
oInvCollPH,1664,80,002895B0,0,1,1,4294967295,0,0
oInvCollPH,1664,96,00329AC5,0,1,1,4294967295,0,0
oInvCollPH,1664,112,0011824C,0,1,1,4294967295,0,0
oInvCollPH,1664,128,0036E4BE,0,1,1,4294967295,0,0
oInvCollPH,1664,144,003B9E88,0,1,1,4294967295,0,0
oInvCollPH,1696,144,0013781C,0,1,1,4294967295,0,0
oInvCollPH,1696,128,0017AF6C,0,1,1,4294967295,0,0
oInvCollPH,1696,112,0029020D,0,1,1,4294967295,0,0
oInvCollPH,1696,96,003C130B,0,1,1,4294967295,0,0
oInvCollPH,1696,80,0027E727,0,1,1,4294967295,0,0
oInvCollPH,1696,64,0026CEBF,0,1,1,4294967295,0,0
oInvCollPH,1696,48,000D858D,0,1,1,4294967295,0,0
oInvCollPH,1696,32,00275800,0,1,1,4294967295,0,0
oInvCollPH,1696,16,0010C034,0,1,1,4294967295,0,0
oInvCollPH,1696,0,003C5587,0,1,1,4294967295,0,0
oInvCollPH,1904,176,003C0561,0,1,1,4294967295,0,0
oInvCollPH,1904,192,0014D9C6,0,1,1,4294967295,0,0
oInvCollPH,1920,272,002379CD,0,1,1,4294967295,0,0
oInvCollPH,1920,256,0013D79B,0,1,1,4294967295,0,0
oInvCollPH,1920,240,002B6562,0,1,1,4294967295,0,0
oInvCollPH,1920,224,00069663,0,1,1,4294967295,0,0
oInvCollPH,1920,208,00388EE9,0,1,1,4294967295,0,0
oInvCollPH,1920,192,0022C72E,0,1,1,4294967295,0,0
oInvCollPH,1920,176,0035115E,0,1,1,4294967295,0,0
oInvCollPH,1920,160,003BC8BD,0,1,1,4294967295,0,0
oInvCollPH,1920,144,00036BFE,0,1,1,4294967295,0,0
oInvCollPH,1920,128,0038A36F,0,1,1,4294967295,0,0
oInvCollPH,1920,112,0017E712,0,1,1,4294967295,0,0
oInvCollPH,1920,96,0012882F,0,1,1,4294967295,0,0
oInvCollPH,1792,80,003E182D,0,1,1,4294967295,0,0
oInvCollPH,1808,80,003F965B,0,1,1,4294967295,0,0
oInvCollPH,1824,80,0014560F,0,1,1,4294967295,0,0
oInvCollPH,1840,80,001C89B9,0,1,1,4294967295,0,0
oInvCollPH,1856,80,003EAE78,0,1,1,4294967295,0,0
oInvCollPH,1872,80,00212D50,0,1,1,4294967295,0,0
oInvCollPH,1888,80,003FD245,0,1,1,4294967295,0,0
oInvCollPH,1904,80,000DD0AC,0,1,1,4294967295,0,0
oInvCollPH,1920,80,002ACD1F,0,1,1,4294967295,0,0
oInvCollPH,1664,176,0027AC98,0,1,1,4294967295,0,0
oInvCollPH,1664,192,0004C837,0,1,1,4294967295,0,0
oInvCollPH,1664,208,000CB469,0,1,1,4294967295,0,0
oInvCollPH,1680,208,003B8EEB,0,1,1,4294967295,0,0
oInvCollPH,1696,208,0000EC1A,0,1,1,4294967295,0,0
oInvCollPH,1712,208,00149B5B,0,1,1,4294967295,0,0
oInvCollPH,1728,208,002C6A8B,0,1,1,4294967295,0,0
oInvCollPH,1744,208,00207706,0,1,1,4294967295,0,0
oInvCollPH,1760,208,001DE66D,0,1,1,4294967295,0,0
oInvCollPH,1776,208,00173467,0,1,1,4294967295,0,0
oInvCollPH,1792,208,003375B3,0,1,1,4294967295,0,0
oInvCollPH,1808,208,001E1BA6,0,1,1,4294967295,0,0
oInvCollPH,1824,208,003020B3,0,1,1,4294967295,0,0
oInvCollPH,1824,192,0003F502,0,1,1,4294967295,0,0
oInvCollPH,1824,176,001D7550,0,1,1,4294967295,0,0
oInvCollPH,1824,160,000F44D5,0,1,1,4294967295,0,0
oInvCollPH,1808,160,0021E66C,0,1,1,4294967295,0,0
oInvCollPH,1792,160,00116893,0,1,1,4294967295,0,0
oInvCollPH,1776,160,0015EECA,0,1,1,4294967295,0,0
oInvCollPH,1760,160,0007ACEF,0,1,1,4294967295,0,0
oInvCollPH,1744,160,002C995F,0,1,1,4294967295,0,0
oInvCollPH,1728,160,003FD44A,0,1,1,4294967295,0,0
oInvCollPH,1712,160,003B689A,0,1,1,4294967295,0,0
oInvCollPH,2336,112,00040B6D,0,1,1,4294967295,0,0
oInvCollPH,2496,96,00124B07,0,1,1,4294967295,0,0
oInvCollPH,2656,112,0009B253,0,1,1,4294967295,0,0
oInvCollPH,2896,240,000B3803,0,1,1,4294967295,0,0
oInvCollPH,2896,256,0021467A,0,1,1,4294967295,0,0
oInvCollPH,2896,272,001B1A78,0,1,1,4294967295,0,0
oInvCollPH,2912,272,001D5B1E,0,1,1,4294967295,0,0
oInvCollPH,2912,256,0014E321,0,1,1,4294967295,0,0
oInvCollPH,2912,240,003E4262,0,1,1,4294967295,0,0
oInvCollPH,2912,224,0008A166,0,1,1,4294967295,0,0
oInvCollPH,3088,256,0008555E,0,1,1,4294967295,0,0
oInvCollPH,3088,272,0015949D,0,1,1,4294967295,0,0
oInvCollPH,3104,272,002F4E74,0,1,1,4294967295,0,0
oInvCollPH,3104,256,003D69D8,0,1,1,4294967295,0,0
oInvCollPH,3104,240,000F8699,0,1,1,4294967295,0,0
oInvCollPH,3280,208,00168E37,0,1,1,4294967295,0,0
oInvCollPH,3280,224,000DC80F,0,1,1,4294967295,0,0
oInvCollPH,3280,240,003F0CC1,0,1,1,4294967295,0,0
oInvCollPH,3280,256,0028D6CA,0,1,1,4294967295,0,0
oInvCollPH,3280,272,0009FCBF,0,1,1,4294967295,0,0
oInvCollPH,3296,272,003BB5AD,0,1,1,4294967295,0,0
oInvCollPH,3296,256,0025BEE1,0,1,1,4294967295,0,0
oInvCollPH,3296,240,002D2720,0,1,1,4294967295,0,0
oInvCollPH,3296,224,004035D6,0,1,1,4294967295,0,0
oInvCollPH,3296,208,0015F99C,0,1,1,4294967295,0,0
oInvCollPH,3296,192,003A2651,0,1,1,4294967295,0,0
oInvCollPH,3472,256,003C1038,0,1,1,4294967295,0,0
oInvCollPH,3472,272,0012C6B7,0,1,1,4294967295,0,0
oInvCollPH,3488,272,0001527C,0,1,1,4294967295,0,0
oInvCollPH,3488,256,0005E270,0,1,1,4294967295,0,0
oInvCollPH,3488,240,001F1237,0,1,1,4294967295,0,0
oInvCollPH,3712,240,001641BD,0,1,1,4294967295,0,0
oInvCollPH,3712,256,00018FE6,0,1,1,4294967295,0,0
oInvCollPH,3712,272,002D7F72,0,1,1,4294967295,0,0
oInvCollPH,3728,272,000DDEBB,0,1,1,4294967295,0,0
oInvCollPH,3728,256,00253AA9,0,1,1,4294967295,0,0
oInvCollPH,3728,240,0027E46D,0,1,1,4294967295,0,0
oInvCollPH,3728,224,002F258C,0,1,1,4294967295,0,0
oInvCollPH,4096,64,003FDC9B,0,1,1,4294967295,0,0
oInvCollPH,4112,64,00373149,0,1,1,4294967295,0,0
oInvCollPH,4352,64,002C5A48,0,1,1,4294967295,0,0
oInvCollPH,4368,64,0001EB22,0,1,1,4294967295,0,0
oInvCollPH,6016,304,000ABB85,0,1,1,4294967295,0,0
oInvCollPH,6016,320,003A31B3,0,1,1,4294967295,0,0
oInvCollPH,6016,336,001B8C0D,0,1,1,4294967295,0,0
oInvCollPH,6016,352,0012A434,0,1,1,4294967295,0,0
oInvCollPH,6016,368,002113D6,0,1,1,4294967295,0,0
oInvCollPH,6032,288,003B9CBE,0,1,1,4294967295,0,0
oInvCollPH,6048,288,000D59F4,0,1,1,4294967295,0,0
oInvCollPH,6064,288,0031D3BF,0,1,1,4294967295,0,0
oInvCollPH,6080,288,00073F66,0,1,1,4294967295,0,0
oInvCollPH,6096,288,003A5FF3,0,1,1,4294967295,0,0
oInvCollPH,6112,288,002D09E5,0,1,1,4294967295,0,0
oInvCollPH,6128,288,0018B318,0,1,1,4294967295,0,0
oInvCollPH,4800,16,0037FC68,0,1,1,4294967295,0,0
oInvCollPH,4800,32,000E14CE,0,1,1,4294967295,0,0
oInvCollPH,4800,48,0028CD5B,0,1,1,4294967295,0,0
oInvCollPH,4800,64,0036DA46,0,1,1,4294967295,0,0
oInvCollPH,4816,80,002E0C22,0,1,1,4294967295,0,0
oInvCollPH,4816,96,001ED8C7,0,1,1,4294967295,0,0
oInvCollPH,4816,112,00321644,0,1,1,4294967295,0,0
oInvCollPH,4816,128,0008782A,0,1,1,4294967295,0,0
oInvCollPH,4816,144,002A8CA1,0,1,1,4294967295,0,0
oInvCollPH,4960,128,0035D5E2,0,1,1,4294967295,0,0
oInvCollPH,4960,144,0001C522,0,1,1,4294967295,0,0
oInvCollPH,4976,160,000EE83B,0,1,1,4294967295,0,0
oInvCollPH,4976,176,000FA095,0,1,1,4294967295,0,0
oInvCollPH,4976,192,000585A4,0,1,1,4294967295,0,0
oInvCollPH,4976,208,002BFB12,0,1,1,4294967295,0,0
oInvCollPH,4976,224,00066669,0,1,1,4294967295,0,0
oInvCollPH,4800,80,0003A457,0,1,1,4294967295,0,0
oInvCollPH,4800,96,0013307C,0,1,1,4294967295,0,0
oInvCollPH,4800,112,00143881,0,1,1,4294967295,0,0
oInvCollPH,4800,128,00136228,0,1,1,4294967295,0,0
oInvCollPH,4800,144,0018DA62,0,1,1,4294967295,0,0
oInvCollPH,4800,160,00398F73,0,1,1,4294967295,0,0
oInvCollPH,4800,176,00315B07,0,1,1,4294967295,0,0
oInvCollPH,4800,192,002521F6,0,1,1,4294967295,0,0
oInvCollPH,4800,208,0009BEDF,0,1,1,4294967295,0,0
oInvCollPH,4816,208,00145F22,0,1,1,4294967295,0,0
oInvCollPH,4816,192,000EEAD6,0,1,1,4294967295,0,0
oInvCollPH,4816,176,00239972,0,1,1,4294967295,0,0
oInvCollPH,4816,160,002A43AA,0,1,1,4294967295,0,0
oInvCollPH,4816,0,002E9BC5,0,1,1,4294967295,0,0
oInvCollPH,4816,16,001BB5A9,0,1,1,4294967295,0,0
oInvCollPH,4816,32,000A7A94,0,1,1,4294967295,0,0
oInvCollPH,4816,48,00393DE6,0,1,1,4294967295,0,0
oInvCollPH,4816,64,001A1B8C,0,1,1,4294967295,0,0
oInvCollPH,4976,112,0014B1F3,0,1,1,4294967295,0,0
oInvCollPH,4976,128,0024BB07,0,1,1,4294967295,0,0
oInvCollPH,4976,144,00157EF0,0,1,1,4294967295,0,0
oInvCollPH,4960,160,00331123,0,1,1,4294967295,0,0
oInvCollPH,4960,176,003A0E90,0,1,1,4294967295,0,0
oInvCollPH,4960,192,002A2AAC,0,1,1,4294967295,0,0
oInvCollPH,4960,208,0023245E,0,1,1,4294967295,0,0
oInvCollPH,4960,224,0012AB8B,0,1,1,4294967295,0,0
oInvCollPH,4960,240,003FCB14,0,1,1,4294967295,0,0
oInvCollPH,4960,256,0015450F,0,1,1,4294967295,0,0
oInvCollPH,4960,272,003EDB4A,0,1,1,4294967295,0,0
oInvCollPH,4976,272,0012F1A7,0,1,1,4294967295,0,0
oInvCollPH,4976,256,00055B99,0,1,1,4294967295,0,0
oInvCollPH,4976,240,00115077,0,1,1,4294967295,0,0
oInvCollPH,5296,256,00316021,0,1,1,4294967295,0,0
oInvCollPH,5296,272,0008512A,0,1,1,4294967295,0,0
oInvCollPH,5312,272,0029344E,0,1,1,4294967295,0,0
oInvCollPH,5312,256,00208BB8,0,1,1,4294967295,0,0
oInvCollPH,5312,240,00317512,0,1,1,4294967295,0,0
oInvCollPH,5696,224,001C9B8E,0,1,1,4294967295,0,0
oInvCollPH,5696,240,0009A181,0,1,1,4294967295,0,0
oInvCollPH,5696,256,000BDFB1,0,1,1,4294967295,0,0
oInvCollPH,5696,272,0023AD4F,0,1,1,4294967295,0,0
oInvCollPH,5712,272,00360054,0,1,1,4294967295,0,0
oInvCollPH,5712,256,003D6198,0,1,1,4294967295,0,0
oInvCollPH,5712,240,0035AABC,0,1,1,4294967295,0,0
oInvCollPH,5712,224,0013C880,0,1,1,4294967295,0,0
oInvCollPH,5712,208,00002E92,0,1,1,4294967295,0,0
oInvCollPH,4960,112,000DA002,0,1,1,4294967295,0,0
oInvCollPH,4960,96,00252C80,0,1,1,4294967295,0,0
oInvCollPH,4976,96,00218599,0,1,1,4294967295,0,0
oInvCollPH,4976,80,00259A17,0,1,1,4294967295,0,0
oInvisibleSolid,0,288,003616AD,0,1,1,4294967295,0,1
oInvisibleSolid,1184,0,0004EB47,0,1,1,4294967295,0,1
oInvisibleSolid,1184,96,0015F5BB,0,1,1,4294967295,0,1
oInvisibleSolid,1280,0,00124D0F,0,1,1,4294967295,0,1
oInvisibleSolid,1184,176,002789A9,0,1,1,4294967295,0,1
oInvisibleSolid,736,128,0026D9CC,0,1,1,4294967295,0,1
oInvisibleSolid,1664,0,0013B9E6,0,1,1,4294967295,0,1
oInvisibleSolid,1664,160,0013A546,0,1,1,4294967295,0,1
oInvisibleSolid,1776,80,0020B2BE,0,1,1,4294967295,0,1
oInvisibleSolid,1904,96,002D8B89,0,1,1,4294967295,0,1
oInvisibleSolid,416,240,0024A980,0,1,1,4294967295,0,1
oInvisibleSolid,2320,112,000907D0,0,1,1,4294967295,0,1
oInvisibleSolid,2480,96,001294DF,0,1,1,4294967295,0,1
oInvisibleSolid,2640,112,002F289D,0,1,1,4294967295,0,1
oInvisibleSolid,2896,224,0031DA38,0,1,1,4294967295,0,1
oInvisibleSolid,3088,240,0038D736,0,1,1,4294967295,0,1
oInvisibleSolid,3280,192,000C70A6,0,1,1,4294967295,0,1
oInvisibleSolid,3472,240,000ABE51,0,1,1,4294967295,0,1
oInvisibleSolid,3712,224,001ABDE1,0,1,1,4294967295,0,1
oInvisibleSolid,4080,64,00025AE9,0,1,1,4294967295,0,1
oInvisibleSolid,4336,64,002884C4,0,1,1,4294967295,0,1
oInvisibleSolid,6016,288,00167FDE,0,1,1,4294967295,0,1
oInvisibleSolid,4800,0,001C943D,0,1,1,4294967295,0,1
oInvisibleSolid,4960,80,00168D88,0,1,1,4294967295,0,1
oInvisibleSolid,5296,240,0003E926,0,1,1,4294967295,0,1
oInvisibleSolid,5696,208,003456DD,0,1,1,4294967295,0,1
