oExit,0,208,0034F9B3,0,1,1,4294967295,0,1
oLevelDecal,240,192,000F8F17,0,1,1,4294967295,0,1
oExit,320,240,000365D7,0,1,1,4294967295,0,1
oPlayer1,48,240,00130C65,0,1,1,4294967295,0,0
oInvCollPH,16,240,00284F48,0,1,1,4294967295,0,0
oInvCollPH,32,240,003BB92E,0,1,1,4294967295,0,0
oInvCollPH,48,240,0015A5DC,0,1,1,4294967295,0,0
oInvCollPH,336,96,00196B3E,0,1,1,4294967295,0,0
oInvCollPH,240,96,002D2E88,0,1,1,4294967295,0,0
oInvCollPH,144,96,0007DFFF,0,1,1,4294967295,0,0
oInvCollPH,256,80,003C8220,0,1,1,4294967295,0,0
oInvCollPH,128,272,001BD742,0,1,1,4294967295,0,0
oInvCollPH,144,272,00068960,0,1,1,4294967295,0,0
oInvCollPH,160,272,00367674,0,1,1,4294967295,0,0
oInvCollPH,176,272,00275F0A,0,1,1,4294967295,0,0
oInvCollPH,240,256,003FDDCA,0,1,1,4294967295,0,0
oInvCollPH,288,272,002B1CC7,0,1,1,4294967295,0,0
oInvCollPH,304,272,000DFFE5,0,1,1,4294967295,0,0
oInvCollPH,320,272,00148661,0,1,1,4294967295,0,0
oInvCollPH,336,272,000BBF0B,0,1,1,4294967295,0,0
oInvCollPH,416,112,000A1DA1,0,1,1,4294967295,0,0
oInvCollPH,416,128,003DA1BF,0,1,1,4294967295,0,0
oInvCollPH,416,144,0003F5FC,0,1,1,4294967295,0,0
oInvCollPH,416,160,002501B7,0,1,1,4294967295,0,0
oInvCollPH,416,176,00004FC1,0,1,1,4294967295,0,0
oInvCollPH,416,192,00030EDD,0,1,1,4294967295,0,0
oInvCollPH,352,80,000B46D1,0,1,1,4294967295,0,0
oInvCollPH,368,80,002634CD,0,1,1,4294967295,0,0
oInvCollPH,384,80,000622CC,0,1,1,4294967295,0,0
oInvCollPH,400,80,001B3131,0,1,1,4294967295,0,0
oInvCollPH,16,160,0017FAA6,0,1,1,4294967295,0,0
oInvCollPH,32,144,003C7D06,0,1,1,4294967295,0,0
oInvCollPH,48,128,001A1526,0,1,1,4294967295,0,0
oInvCollPH,64,112,00323390,0,1,1,4294967295,0,0
oInvCollPH,80,96,003361A1,0,1,1,4294967295,0,0
oInvCollPH,96,80,000E8DC7,0,1,1,4294967295,0,0
oInvCollPH,112,80,0008A815,0,1,1,4294967295,0,0
oInvCollPH,160,80,002858B3,0,1,1,4294967295,0,0
oInvCollPH,176,64,0030A4A3,0,1,1,4294967295,0,0
oInvCollPH,192,64,0020253E,0,1,1,4294967295,0,0
oInvCollPH,272,64,00364CE2,0,1,1,4294967295,0,0
oInvCollPH,288,64,00299CF4,0,1,1,4294967295,0,0
oInvisibleSolid,0,240,00005BCA,0,1,1,4294967295,0,1
oInvisibleLupLowSlope,64,240,00211144,0,1,1,4294967295,0,0
oInvisibleLupLowSlope,96,256,003746E1,0,1,1,4294967295,0,0
oInvisibleLupLowSlope,256,256,003A2586,0,1,1,4294967295,0,0
oInvisibleRupLowSlope,192,256,00213F2C,0,1,1,4294967295,0,0
oInvisibleRupSlope,352,256,00333F4C,0,1,1,4294967295,0,0
oInvisibleRupSlope,368,240,00389A4C,0,1,1,4294967295,0,0
oInvisibleRupSlope,384,224,003D88DC,0,1,1,4294967295,0,0
oInvisibleRupSlope,400,208,00074D54,0,1,1,4294967295,0,0
oInvisibleSolid,64,256,0017AA77,0,1,1,4294967295,0,1
oInvisibleSolid,96,272,00138F0C,0,1,1,4294967295,0,1
oInvisibleSolid,224,256,0002ABA6,0,1,1,4294967295,0,1
oInvisibleSolid,368,256,003DF702,0,1,1,4294967295,0,0
oInvisibleSolid,400,224,00316781,0,1,1,4294967295,0,0
oInvisibleSolid,384,240,0004131F,0,1,1,4294967295,0,1
oInvisibleSolid,416,96,002CB79D,0,1,1,4294967295,0,1
oInvisibleSolid,320,96,00396F1D,0,1,1,4294967295,0,1
oInvisibleSolid,304,80,0022D408,0,1,1,4294967295,0,1
oInvisibleSolid,224,96,002DD88B,0,1,1,4294967295,0,1
oInvisibleSolid,208,80,0029185B,0,1,1,4294967295,0,1
oInvisibleSolid,128,96,003E194A,0,1,1,4294967295,0,1
oInvisibleSolid,0,160,00057D66,0,1,1,4294967295,0,1
oInvisibleSolid,0,144,00187950,0,1,1,4294967295,0,1
oInvisibleSolid,0,128,003D58D4,0,1,1,4294967295,0,1
oInvisibleSolid,0,112,0025090D,0,1,1,4294967295,0,1
oInvisibleSolid,0,96,000308B8,0,1,1,4294967295,0,1
oInvisibleSolid,0,80,001BD4C5,0,1,1,4294967295,0,1
oInvisibleSolid,0,0,0037900F,0,1,1,4294967295,0,1
