oExit,0,848,002C0E4E,0,1,1,4294967295,0,1
oSignPost,720,704,00251789,0,1,1,4294967295,0,1
oExit,3056,816,003BB51C,0,1,1,4294967295,0,1
oExit,0,64,001E0A9A,0,1,1,4294967295,0,1
oSwitchHolder,288,64,0037A01B,0,1,1,4294967295,0,1
oSolidVirusBlock,0,544,002B8BE5,0,1,1,4294967295,0,1
oSolidVirusBlock,864,640,0024947A,0,1,1,4294967295,0,1
oAPBoost,1152,880,00026E67,0,1,1,4294967295,0,1
oIceMickeyBlock,2400,624,003D9BBB,0,1,1,4294967295,0,1
oIceMickeyBlock,2368,544,0014328D,0,1,1,4294967295,0,1
oIceMickeyBlock,2408,464,00070115,0,1,1,4294967295,0,1
oIceMickeyBlock,2320,416,0029E7E1,0,1,1,4294967295,0,1
oWeaponLevelUpgrade,1064,128,00152560,0,1,1,4294967295,0,1
oIceMickeyBlock,1680,608,00236AF9,0,1,1,4294967295,0,1
oEvCh19Door,2480,336,000E5C07,0,1,1,4294967295,0,1
oCopier,80,336,00228DE1,0,1,1,4294967295,0,0
oHexCircle,2280,400,0034F244,0,1,1,4294967295,0,1
oLargeSnowball,2192,768,0036CBCF,0,1,1,4294967295,0,0
oCHAOS_Robear,1072,528,00163974,0,1,1,4294967295,0,1
oCHAOS_Sabotage,2048,704,0026B88A,0,1,1,4294967295,0,0
oPlayfulPenguin,1728,688,001374A5,0,1,1,4294967295,0,0
oPlayfulPenguin,1072,240,001E3769,0,1,1,4294967295,0,0
oKeeperOfTheShell,2576,832,0032AE10,0,1,1,4294967295,0,0
oPlayer1,48,880,003317B4,0,1,1,4294967295,0,0
oInvCollPH,16,880,000C405E,0,1,1,4294967295,0,0
oInvCollPH,32,880,002C4A7E,0,1,1,4294967295,0,0
oInvCollPH,48,880,00227FFD,0,1,1,4294967295,0,0
oInvCollPH,64,880,0025CBF3,0,1,1,4294967295,0,0
oInvCollPH,80,880,00159655,0,1,1,4294967295,0,0
oInvCollPH,96,880,003AF179,0,1,1,4294967295,0,0
oInvCollPH,112,880,000D59E6,0,1,1,4294967295,0,0
oInvCollPH,128,880,002DBDC4,0,1,1,4294967295,0,0
oInvCollPH,144,880,00170C29,0,1,1,4294967295,0,0
oInvCollPH,160,880,0037679F,0,1,1,4294967295,0,0
oInvCollPH,176,880,00083028,0,1,1,4294967295,0,0
oInvCollPH,416,672,001E889E,0,1,1,4294967295,0,0
oInvCollPH,432,672,003D4081,0,1,1,4294967295,0,0
oInvCollPH,448,672,001EE65A,0,1,1,4294967295,0,0
oInvCollPH,336,768,0010BAC7,0,1,1,4294967295,0,0
oInvCollPH,352,768,0016AF55,0,1,1,4294967295,0,0
oInvCollPH,368,768,00204F7A,0,1,1,4294967295,0,0
oInvCollPH,384,768,001FCD35,0,1,1,4294967295,0,0
oInvCollPH,400,768,003EBB61,0,1,1,4294967295,0,0
oInvCollPH,416,768,0027D6A8,0,1,1,4294967295,0,0
oInvCollPH,432,768,00216ECE,0,1,1,4294967295,0,0
oInvCollPH,448,768,0039012C,0,1,1,4294967295,0,0
oInvCollPH,464,768,0009F340,0,1,1,4294967295,0,0
oInvCollPH,560,768,001DE4FA,0,1,1,4294967295,0,0
oInvCollPH,544,768,0006FE79,0,1,1,4294967295,0,0
oInvCollPH,528,768,000F8B3F,0,1,1,4294967295,0,0
oInvCollPH,512,768,003FA974,0,1,1,4294967295,0,0
oInvCollPH,496,768,003DBFB0,0,1,1,4294967295,0,0
oInvCollPH,480,768,000FEEBB,0,1,1,4294967295,0,0
oInvCollPH,720,704,002730E0,0,1,1,4294967295,0,0
oInvCollPH,1200,592,00018769,0,1,1,4294967295,0,0
oInvCollPH,1216,592,00104424,0,1,1,4294967295,0,0
oInvCollPH,1232,592,00074B9A,0,1,1,4294967295,0,0
oInvCollPH,1248,592,0035CEBD,0,1,1,4294967295,0,0
oInvCollPH,992,528,00043F80,0,1,1,4294967295,0,0
oInvCollPH,1008,528,0002641E,0,1,1,4294967295,0,0
oInvCollPH,1024,528,000828AB,0,1,1,4294967295,0,0
oInvCollPH,1040,528,00211E79,0,1,1,4294967295,0,0
oInvCollPH,1056,528,00100224,0,1,1,4294967295,0,0
oInvCollPH,1072,528,0026897C,0,1,1,4294967295,0,0
oInvCollPH,1088,528,0027239E,0,1,1,4294967295,0,0
oInvCollPH,1408,656,001C469F,0,1,1,4294967295,0,0
oInvCollPH,1632,688,0010D88E,0,1,1,4294967295,0,0
oInvCollPH,1648,688,002C6416,0,1,1,4294967295,0,0
oInvCollPH,1664,688,0025413A,0,1,1,4294967295,0,0
oInvCollPH,1680,688,003357B2,0,1,1,4294967295,0,0
oInvCollPH,1696,688,000E96C3,0,1,1,4294967295,0,0
oInvCollPH,1712,688,0025AC23,0,1,1,4294967295,0,0
oInvCollPH,1728,688,002034F1,0,1,1,4294967295,0,0
oInvCollPH,2176,784,00048C47,0,1,1,4294967295,0,0
oInvCollPH,2192,784,00087E0A,0,1,1,4294967295,0,0
oInvCollPH,2208,784,00009145,0,1,1,4294967295,0,0
oInvCollPH,1968,848,00380B14,0,1,1,4294967295,0,0
oInvCollPH,1984,848,00402B7A,0,1,1,4294967295,0,0
oInvCollPH,2000,848,00151E60,0,1,1,4294967295,0,0
oInvCollPH,2016,848,003BC31F,0,1,1,4294967295,0,0
oInvCollPH,2032,848,000EDCE0,0,1,1,4294967295,0,0
oInvCollPH,2048,848,000CB36C,0,1,1,4294967295,0,0
oInvCollPH,2384,896,001EAD6D,0,1,1,4294967295,0,0
oInvCollPH,2400,896,0008844A,0,1,1,4294967295,0,0
oInvCollPH,2416,896,00021804,0,1,1,4294967295,0,0
oInvCollPH,2432,896,00266BFE,0,1,1,4294967295,0,0
oInvCollPH,2720,768,00008DC8,0,1,1,4294967295,0,0
oInvCollPH,2736,768,0026E3F6,0,1,1,4294967295,0,0
oInvCollPH,2752,768,001D236C,0,1,1,4294967295,0,0
oInvCollPH,2768,768,00090ABE,0,1,1,4294967295,0,0
oInvCollPH,2944,848,0028789D,0,1,1,4294967295,0,0
oInvCollPH,2960,848,002CD677,0,1,1,4294967295,0,0
oInvCollPH,2976,848,000DE344,0,1,1,4294967295,0,0
oInvCollPH,2992,848,00112370,0,1,1,4294967295,0,0
oInvCollPH,3008,848,003871E2,0,1,1,4294967295,0,0
oInvCollPH,3024,848,0014AE5C,0,1,1,4294967295,0,0
oInvCollPH,3040,848,002C16D8,0,1,1,4294967295,0,0
oInvCollPH,3056,848,002424C9,0,1,1,4294967295,0,0
oInvCollPH,2560,832,0006642C,0,1,1,4294967295,0,0
oInvCollPH,2576,832,000CAAC5,0,1,1,4294967295,0,0
oInvCollPH,2592,832,000B3AEF,0,1,1,4294967295,0,0
oInvCollPH,2064,576,000487B0,0,1,1,4294967295,0,0
oInvCollPH,2080,576,003254C4,0,1,1,4294967295,0,0
oInvCollPH,2096,576,0026DDEF,0,1,1,4294967295,0,0
oInvCollPH,2736,672,00331118,0,1,1,4294967295,0,0
oInvCollPH,2752,672,00088472,0,1,1,4294967295,0,0
oInvCollPH,2768,672,002DD3BD,0,1,1,4294967295,0,0
oInvCollPH,2064,672,0000DFBF,0,1,1,4294967295,0,0
oInvCollPH,2080,672,000C0F8E,0,1,1,4294967295,0,0
oInvCollPH,2096,672,0003497E,0,1,1,4294967295,0,0
oInvCollPH,2112,672,00327408,0,1,1,4294967295,0,0
oInvCollPH,2128,672,0002106C,0,1,1,4294967295,0,0
oInvCollPH,2176,688,0039A57C,0,1,1,4294967295,0,0
oInvCollPH,2032,688,00130A51,0,1,1,4294967295,0,0
oInvCollPH,2048,688,0025C124,0,1,1,4294967295,0,0
oInvCollPH,2064,688,0015896A,0,1,1,4294967295,0,0
oInvCollPH,2080,688,00394C16,0,1,1,4294967295,0,0
oInvCollPH,2096,688,00337277,0,1,1,4294967295,0,0
oInvCollPH,2112,688,001B3EAE,0,1,1,4294967295,0,0
oInvCollPH,2128,688,001935FF,0,1,1,4294967295,0,0
oInvCollPH,2144,688,0009E4CF,0,1,1,4294967295,0,0
oInvCollPH,2160,688,001F1DEC,0,1,1,4294967295,0,0
oInvCollPH,1808,960,0005EC84,0,1,1,4294967295,0,0
oInvCollPH,1696,880,000D3F81,0,1,1,4294967295,0,0
oInvCollPH,1712,880,0035612C,0,1,1,4294967295,0,0
oInvCollPH,1728,880,003A6D71,0,1,1,4294967295,0,0
oInvCollPH,1680,880,00308E0A,0,1,1,4294967295,0,0
oInvCollPH,1216,304,0036C714,0,1,1,4294967295,0,0
oInvCollPH,1232,304,00393086,0,1,1,4294967295,0,0
oInvCollPH,1200,304,000FA539,0,1,1,4294967295,0,0
oInvCollPH,1024,240,0005836F,0,1,1,4294967295,0,0
oInvCollPH,1040,240,00089E2F,0,1,1,4294967295,0,0
oInvCollPH,1056,240,00092DF1,0,1,1,4294967295,0,0
oInvCollPH,1072,240,000CC70F,0,1,1,4294967295,0,0
oInvCollPH,1088,240,002B15AC,0,1,1,4294967295,0,0
oInvCollPH,1104,240,0038F9A7,0,1,1,4294967295,0,0
oInvCollPH,1120,240,0000DBA9,0,1,1,4294967295,0,0
oInvCollPH,1232,912,0039A495,0,1,1,4294967295,0,0
oInvCollPH,1136,912,0038E8F5,0,1,1,4294967295,0,0
oInvCollPH,1152,912,00257B5D,0,1,1,4294967295,0,0
oInvCollPH,1168,912,00253E07,0,1,1,4294967295,0,0
oInvCollPH,1184,912,00149882,0,1,1,4294967295,0,0
oInvCollPH,1296,992,0039521B,0,1,1,4294967295,0,0
oInvCollPH,1296,1008,00221765,0,1,1,4294967295,0,0
oInvCollPH,1312,976,00213267,0,1,1,4294967295,0,0
oInvCollPH,1312,992,0004F303,0,1,1,4294967295,0,0
oInvCollPH,1312,1008,0027020B,0,1,1,4294967295,0,0
oInvCollPH,176,528,000183EB,0,1,1,4294967295,0,0
oInvCollPH,192,528,0036F62A,0,1,1,4294967295,0,0
oInvCollPH,208,528,002392CA,0,1,1,4294967295,0,0
oInvCollPH,176,400,0000B04D,0,1,1,4294967295,0,0
oInvCollPH,192,400,002B57D1,0,1,1,4294967295,0,0
oInvCollPH,192,384,00386B89,0,1,1,4294967295,0,0
oInvCollPH,16,352,0024E669,0,1,1,4294967295,0,0
oInvCollPH,32,352,003D8BFE,0,1,1,4294967295,0,0
oInvCollPH,48,352,000A8BE4,0,1,1,4294967295,0,0
oInvCollPH,64,352,003338B7,0,1,1,4294967295,0,0
oInvCollPH,80,352,003E888F,0,1,1,4294967295,0,0
oInvCollPH,192,352,000EA4D8,0,1,1,4294967295,0,0
oInvCollPH,176,352,000CF731,0,1,1,4294967295,0,0
oInvCollPH,160,352,003BFF82,0,1,1,4294967295,0,0
oInvCollPH,144,352,003FA4BE,0,1,1,4294967295,0,0
oInvCollPH,128,352,003D2103,0,1,1,4294967295,0,0
oInvCollPH,112,352,0034C544,0,1,1,4294967295,0,0
oInvCollPH,96,352,00093783,0,1,1,4294967295,0,0
oInvCollPH,0,368,0005F0BE,0,1,1,4294967295,0,0
oInvCollPH,16,368,00091296,0,1,1,4294967295,0,0
oInvCollPH,32,368,00100BBF,0,1,1,4294967295,0,0
oInvCollPH,48,368,00067C27,0,1,1,4294967295,0,0
oInvCollPH,64,368,0004CA50,0,1,1,4294967295,0,0
oInvCollPH,80,368,00297313,0,1,1,4294967295,0,0
oInvCollPH,96,368,0035A21D,0,1,1,4294967295,0,0
oInvCollPH,112,368,00373979,0,1,1,4294967295,0,0
oInvCollPH,128,368,0002FB11,0,1,1,4294967295,0,0
oInvCollPH,144,368,00308EB7,0,1,1,4294967295,0,0
oInvCollPH,160,368,00174420,0,1,1,4294967295,0,0
oInvCollPH,192,368,000D88F2,0,1,1,4294967295,0,0
oInvCollPH,1744,880,001519C1,0,1,1,4294967295,0,0
oInvCollPH,1200,912,002126FB,0,1,1,4294967295,0,0
oInvCollPH,1216,912,00156B90,0,1,1,4294967295,0,0
oInvCollPH,2400,288,001C3B0F,0,1,1,4294967295,0,0
oInvCollPH,2416,288,000B3A7C,0,1,1,4294967295,0,0
oInvCollPH,2432,288,003EBA55,0,1,1,4294967295,0,0
oInvCollPH,2480,320,0014E41A,0,1,1,4294967295,0,0
oInvCollPH,2320,160,002A842C,0,1,1,4294967295,0,0
oInvCollPH,2336,160,003B0770,0,1,1,4294967295,0,0
oInvCollPH,2352,160,001BDA54,0,1,1,4294967295,0,0
oInvCollPH,1072,144,000C808E,0,1,1,4294967295,0,0
oInvCollPH,1584,272,000CBD13,0,1,1,4294967295,0,0
oInvCollPH,1600,272,00313462,0,1,1,4294967295,0,0
oInvCollPH,1616,272,0006F936,0,1,1,4294967295,0,0
oInvCollPH,16,96,00084800,0,1,1,4294967295,0,0
oInvCollPH,32,96,003E2BBA,0,1,1,4294967295,0,0
oInvCollPH,48,96,003553F7,0,1,1,4294967295,0,0
oInvCollPH,1696,336,001EB173,0,1,1,4294967295,0,0
oInvCollPH,272,96,002EE644,0,1,1,4294967295,0,0
oInvCollPH,288,96,003EAF28,0,1,1,4294967295,0,0
oInvCollPH,304,96,003F3801,0,1,1,4294967295,0,0
oInvCollPH,256,112,001D52A2,0,1,1,4294967295,0,0
oInvCollPH,272,112,0037CA19,0,1,1,4294967295,0,0
oInvCollPH,288,112,0038B7E4,0,1,1,4294967295,0,0
oInvCollPH,304,112,00239B23,0,1,1,4294967295,0,0
oInvCollPH,336,0,0010C731,0,1,1,4294967295,0,0
oInvCollPH,336,16,0023CD28,0,1,1,4294967295,0,0
oInvCollPH,336,32,000A31CC,0,1,1,4294967295,0,0
oInvCollPH,336,48,00282060,0,1,1,4294967295,0,0
oInvCollPH,320,16,002EE1ED,0,1,1,4294967295,0,0
oInvCollPH,320,32,0035C7E0,0,1,1,4294967295,0,0
oInvCollPH,320,48,0001457A,0,1,1,4294967295,0,0
oInvCollPH,320,64,0006CCD9,0,1,1,4294967295,0,0
oInvCollPH,320,80,001500AE,0,1,1,4294967295,0,0
oInvCollPH,320,112,00152EB4,0,1,1,4294967295,0,0
oInvCollPH,336,112,00338B02,0,1,1,4294967295,0,0
oInvCollPH,336,96,00230B68,0,1,1,4294967295,0,0
oInvCollPH,336,80,0037FDAB,0,1,1,4294967295,0,0
oInvCollPH,336,64,00132FB1,0,1,1,4294967295,0,0
oInvisibleSolid,0,880,001C1BBB,0,1,1,4294967295,0,1
oInvisibleRupSlope,192,864,001C9074,0,1,1,4294967295,0,0
oInvisibleRupSlope,208,848,0034B54D,0,1,1,4294967295,0,0
oInvisibleRupSlope,224,832,00013014,0,1,1,4294967295,0,0
oInvisibleRupSlope,240,816,0000F9C7,0,1,1,4294967295,0,0
oInvisibleRupSlope,256,800,002F0498,0,1,1,4294967295,0,0
oInvisibleRupSlope,272,784,000228D2,0,1,1,4294967295,0,0
oInvisibleRupLowSlope,288,768,002BDF40,0,1,1,4294967295,0,0
oInvisibleRupSlope,368,688,0022BBC2,0,1,1,4294967295,0,0
oInvisibleRupSlope,384,672,00309C72,0,1,1,4294967295,0,0
oInvisibleLCeilingSlope,384,688,00017083,0,1,1,4294967295,0,0
oInvisibleSolid,400,672,001360F3,0,1,1,4294967295,0,1
oInvisibleLupLowSlope,464,672,00310982,0,1,1,4294967295,0,0
oIVaultC2,496,688,00117E69,0,1,1,4294967295,0,0
oInvisibleRupLowSlope,576,752,001C6443,0,1,1,4294967295,0,0
oInvisibleRupLowSlope,608,736,002DD2B4,0,1,1,4294967295,0,0
oInvisibleRupLowSlope,640,720,003EB510,0,1,1,4294967295,0,0
oInvisibleRupLowSlope,672,704,00013CC0,0,1,1,4294967295,0,0
oInvisibleSolid,208,864,0007DE58,0,1,1,4294967295,0,1
oInvisibleSolid,224,848,001E7F80,0,1,1,4294967295,0,1
oInvisibleSolid,240,832,002F1652,0,1,1,4294967295,0,1
oInvisibleSolid,256,816,001633B0,0,1,1,4294967295,0,1
oInvisibleSolid,272,800,001C2D9F,0,1,1,4294967295,0,1
oInvisibleSolid,288,784,00184A06,0,1,1,4294967295,0,1
oInvisibleSolid,320,768,0016D1F8,0,1,1,4294967295,0,1
oInvisibleSolid,608,752,001B181E,0,1,1,4294967295,0,1
oInvisibleSolid,640,736,0034B6FA,0,1,1,4294967295,0,1
oInvisibleSolid,672,720,0029F084,0,1,1,4294967295,0,1
oInvisibleSolid,704,704,0022731F,0,1,1,4294967295,0,1
oInvisibleRupSlope,864,608,002AB129,0,1,1,4294967295,0,0
oInvisibleRupSlope,880,592,001DD550,0,1,1,4294967295,0,0
oInvisibleRupSlope,896,576,00222DE5,0,1,1,4294967295,0,0
oInvisibleRupSlope,912,560,00352E1A,0,1,1,4294967295,0,0
oInvisibleSolid,864,624,00054E4D,0,1,1,4294967295,0,0
oInvisibleSolid,880,608,001AB987,0,1,1,4294967295,0,1
oInvisibleSolid,896,592,00043261,0,1,1,4294967295,0,1
oInvisibleSolid,912,576,0000626E,0,1,1,4294967295,0,1
oInvisibleRupLowSlope,944,528,00137558,0,1,1,4294967295,0,0
oInvisibleRupSlope,928,544,00295EA3,0,1,1,4294967295,0,0
oInvisibleLupLowSlope,1104,528,0015C045,0,1,1,4294967295,0,0
oInvisibleLupLowSlope,1136,544,0022781E,0,1,1,4294967295,0,0
oInvisibleLupSlope,1168,560,00104CBE,0,1,1,4294967295,0,0
oInvisibleLupSlope,1184,576,00119978,0,1,1,4294967295,0,0
oInvisibleLupSlope,1264,592,0030C2C3,0,1,1,4294967295,0,0
oInvisibleLupSlope,1280,608,001BB6CE,0,1,1,4294967295,0,0
oInvisibleSolid,928,560,003C5EC9,0,1,1,4294967295,0,1
oInvisibleSolid,944,544,003DE854,0,1,1,4294967295,0,1
oInvisibleSolid,976,528,0022D35E,0,1,1,4294967295,0,1
oInvisibleSolid,1136,560,000BB64B,0,1,1,4294967295,0,1
oInvisibleSolid,1168,576,00284217,0,1,1,4294967295,0,1
oInvisibleSolid,1184,592,0004BD83,0,1,1,4294967295,0,1
oInvisibleSolid,1264,608,00089A2B,0,1,1,4294967295,0,1
oInvisibleSolid,1280,624,0037A846,0,1,1,4294967295,0,0
oInvisibleSolid,1392,656,0023F5D4,0,1,1,4294967295,0,1
oInvisibleLupLowSlope,1424,656,0034BF23,0,1,1,4294967295,0,0
oInvisibleLupSlope,1456,672,001E7416,0,1,1,4294967295,0,0
oInvisibleLupSlope,1472,688,0028A8D4,0,1,1,4294967295,0,0
oInvisibleLupSlope,1488,704,003B05B1,0,1,1,4294967295,0,0
oInvisibleSolid,1424,672,000C6F90,0,1,1,4294967295,0,1
oInvisibleSolid,1456,688,003FE5A5,0,1,1,4294967295,0,1
oInvisibleSolid,1472,704,00145E4F,0,1,1,4294967295,0,1
oInvisibleSolid,1488,720,0031B1D5,0,1,1,4294967295,0,0
oInvisibleRupLowSlope,1584,688,002EB870,0,1,1,4294967295,0,0
oInvisibleSolid,1584,704,001AF33F,0,1,1,4294967295,0,1
oInvisibleSolid,1616,688,0023A165,0,1,1,4294967295,0,1
oInvisibleLupLowSlope,1744,688,00074D1A,0,1,1,4294967295,0,0
oInvisibleLupLowSlope,1776,704,000B871D,0,1,1,4294967295,0,0
oInvisibleLupLowSlope,2224,784,001671B3,0,1,1,4294967295,0,0
oInvisibleLupLowSlope,2256,800,0008115A,0,1,1,4294967295,0,0
oInvisibleLupLowSlope,1904,816,002054FE,0,1,1,4294967295,0,0
oInvisibleLupLowSlope,1936,832,001AD076,0,1,1,4294967295,0,0
oInvisibleLupLowSlope,2352,880,00073854,0,1,1,4294967295,0,0
oInvisibleRupLowSlope,2128,784,001A8280,0,1,1,4294967295,0,0
oInvisibleRupLowSlope,2064,832,001305C8,0,1,1,4294967295,0,0
oInvisibleLupSlope,1808,720,000C21EA,0,1,1,4294967295,0,0
oInvisibleLupSlope,2288,816,0005015A,0,1,1,4294967295,0,0
oInvisibleLupSlope,2304,832,0009448A,0,1,1,4294967295,0,0
oInvisibleLupSlope,2320,848,0013ABD6,0,1,1,4294967295,0,0
oInvisibleLupSlope,2336,864,0009B0C3,0,1,1,4294967295,0,0
oInvisibleLupSlope,1824,736,000E4625,0,1,1,4294967295,0,0
oInvisibleLupSlope,1840,752,001AD97A,0,1,1,4294967295,0,0
oInvisibleLupSlope,1856,768,00365A65,0,1,1,4294967295,0,0
oInvisibleLupSlope,1872,784,0030799A,0,1,1,4294967295,0,0
oInvisibleLupSlope,1888,800,0040107B,0,1,1,4294967295,0,0
oInvisibleRupSlope,2112,800,000E941E,0,1,1,4294967295,0,0
oInvisibleRupSlope,2096,816,0013E10E,0,1,1,4294967295,0,0
oInvisibleSolid,1776,720,0036A36D,0,1,1,4294967295,0,1
oInvisibleSolid,1904,832,003327F0,0,1,1,4294967295,0,1
oInvisibleSolid,1936,848,003F4B43,0,1,1,4294967295,0,1
oInvisibleSolid,2160,784,002E8492,0,1,1,4294967295,0,1
oInvisibleSolid,2128,800,00080525,0,1,1,4294967295,0,1
oInvisibleSolid,2256,816,00248F93,0,1,1,4294967295,0,1
oInvisibleSolid,1808,736,0031BC81,0,1,1,4294967295,0,1
oInvisibleSolid,1824,752,003C117C,0,1,1,4294967295,0,1
oInvisibleSolid,1840,768,002E8101,0,1,1,4294967295,0,1
oInvisibleSolid,1856,784,001811F1,0,1,1,4294967295,0,1
oInvisibleSolid,1872,800,0013C6A0,0,1,1,4294967295,0,1
oInvisibleSolid,1888,816,0016B3B8,0,1,1,4294967295,0,1
oInvisibleSolid,2096,832,003B82C8,0,1,1,4294967295,0,1
oInvisibleSolid,2112,816,0035F29F,0,1,1,4294967295,0,1
oInvisibleSolid,2288,832,001BFB88,0,1,1,4294967295,0,1
oInvisibleSolid,2304,848,003D2812,0,1,1,4294967295,0,1
oInvisibleSolid,2320,864,001AFECF,0,1,1,4294967295,0,1
oInvisibleSolid,2336,880,00201C42,0,1,1,4294967295,0,1
oInvisibleSolid,2352,896,00140F5E,0,1,1,4294967295,0,1
oInvisibleSolid,2544,832,00169A1B,0,1,1,4294967295,0,1
oInvisibleSolid,2704,768,000CF4AC,0,1,1,4294967295,0,1
oInvisibleSolid,2928,848,0033834A,0,1,1,4294967295,0,1
oInvisibleLupLowSlope,2880,800,001BE4C0,0,1,1,4294967295,0,0
oInvisibleRupLowSlope,2608,816,0003968D,0,1,1,4294967295,0,0
oInvisibleRupLowSlope,2448,880,0012D383,0,1,1,4294967295,0,0
oInvisibleRupLowSlope,2512,832,0035F3BE,0,1,1,4294967295,0,0
oInvisibleRupSlope,2496,848,000F8C37,0,1,1,4294967295,0,0
oInvisibleRupSlope,2480,864,000B7A5E,0,1,1,4294967295,0,0
oInvisibleRupSlope,2640,800,00263484,0,1,1,4294967295,0,0
oInvisibleRupSlope,2656,784,00098099,0,1,1,4294967295,0,0
oInvisibleLupSlope,2912,816,0026A98D,0,1,1,4294967295,0,0
oInvisibleLupSlope,2928,832,0007B10E,0,1,1,4294967295,0,0
oInvisibleRupLowSlope,2672,768,001383C4,0,1,1,4294967295,0,0
oInvisibleSolid,2784,768,0009D935,0,1,1,4294967295,0,0
oInvisibleSolid,2864,800,0008234D,0,1,1,4294967295,0,0
oInvisibleSolid,2480,880,000FE281,0,1,1,4294967295,0,1
oInvisibleSolid,2496,864,00205E78,0,1,1,4294967295,0,1
oInvisibleSolid,2512,848,000F1AE2,0,1,1,4294967295,0,1
oInvisibleSolid,2640,816,00127FD8,0,1,1,4294967295,0,1
oInvisibleSolid,2656,800,0021F938,0,1,1,4294967295,0,1
oInvisibleSolid,2672,784,00256BC7,0,1,1,4294967295,0,1
oInvisibleSolid,2880,816,0009E373,0,1,1,4294967295,0,1
oInvisibleSolid,2912,832,002B7FC0,0,1,1,4294967295,0,1
oInvisibleSolid,2048,576,002DAB99,0,1,1,4294967295,0,1
oInvisibleSolid,2720,672,002AC9A9,0,1,1,4294967295,0,1
oInvisibleRupSlope,2032,576,003D7D89,0,1,1,4294967295,0,0
oInvisibleRupSlope,2016,592,00183E22,0,1,1,4294967295,0,0
oInvisibleRupSlope,2704,672,0020A98D,0,1,1,4294967295,0,0
oInvisibleRupSlope,2688,688,0023777C,0,1,1,4294967295,0,0
oInvisibleLCeilingSlope,2032,592,000CDB98,0,1,1,4294967295,0,0
oInvisibleLCeilingSlope,2704,688,0011AC14,0,1,1,4294967295,0,0
oInvisibleLupLowSlope,2112,576,000FBB24,0,1,1,4294967295,0,0
oInvisibleLupLowSlope,2784,672,00350F5F,0,1,1,4294967295,0,0
oIVaultC2,2144,592,0015A447,0,1,1,4294967295,0,0
oIVaultC2,2816,688,001A3978,0,1,1,4294967295,0,0
oInvisibleRupLowSlope,2016,672,003A7560,0,1,1,4294967295,0,0
oInvisibleLupLowSlope,2144,672,001FADAC,0,1,1,4294967295,0,0
oInvisibleSolid,2016,688,0024BE0B,0,1,1,4294967295,0,1
oInvisibleSolid,2048,672,003BECFA,0,1,1,4294967295,0,1
oInvisibleSolid,1744,704,00270064,0,1,1,4294967295,0,1
oInvisibleSolid,1104,544,00319CCE,0,1,1,4294967295,0,1
oInvisibleSolid,1008,240,003FE9BC,0,1,1,4294967295,0,1
oInvisibleSolid,1792,960,0020DE6C,0,1,1,4294967295,0,1
oInvisibleSolid,1664,880,001DF3C4,0,1,1,4294967295,0,1
oInvisibleSolid,1632,848,00043A4F,0,1,1,4294967295,0,0
oInvisibleLupSlope,1648,848,00164BE5,0,1,1,4294967295,0,0
oInvisibleLupSlope,1664,864,000A07BC,0,1,1,4294967295,0,0
oInvisibleLupSlope,1168,256,001C1F42,0,1,1,4294967295,0,0
oInvisibleLupSlope,1184,272,001700F9,0,1,1,4294967295,0,0
oInvisibleRupSlope,960,256,001D023E,0,1,1,4294967295,0,0
oInvisibleRupSlope,944,272,00107865,0,1,1,4294967295,0,0
oInvisibleRupSlope,928,288,0027E7A5,0,1,1,4294967295,0,0
oInvisibleRupLowSlope,976,240,00298928,0,1,1,4294967295,0,0
oInvisibleLupLowSlope,1136,240,0023737E,0,1,1,4294967295,0,0
oInvisibleLupLowSlope,1200,288,0003365E,0,1,1,4294967295,0,0
oInvisibleSolid,928,304,00031278,0,1,1,4294967295,0,0
oInvisibleSolid,1184,304,00031655,0,1,1,4294967295,0,1
oInvisibleSolid,1184,288,0031B262,0,1,1,4294967295,0,0
oInvisibleSolid,1168,272,00272B29,0,1,1,4294967295,0,1
oInvisibleSolid,944,288,00032A64,0,1,1,4294967295,0,1
oInvisibleSolid,960,272,0034AE8B,0,1,1,4294967295,0,1
oInvisibleSolid,976,256,000A2BCA,0,1,1,4294967295,0,1
oInvisibleSolid,1136,256,002D2227,0,1,1,4294967295,0,1
oInvisibleSolid,1648,864,00001140,0,1,1,4294967295,0,1
oInvisibleRupLowSlope,1200,896,0011A617,0,1,1,4294967295,0,0
oInvisibleSolid,1120,912,000CAEE8,0,1,1,4294967295,0,1
oInvisibleSolid,1232,896,0008EF8D,0,1,1,4294967295,0,1
oInvisibleSolid,1296,976,001FF684,0,1,1,4294967295,0,1
oInvisibleSolid,160,528,0035CF2F,0,1,1,4294967295,0,1
oInvisibleSolid,0,352,0001F03F,0,1,1,4294967295,0,1
oInvisibleSolid,176,384,001DE8F9,0,1,1,4294967295,0,1
oMapDoor,1304,944,000FDBD4,0,1,1,4294967295,0,1
oInvisibleRupLowSlope,2320,304,002DCC2A,0,1,1,4294967295,0,0
oInvisibleRupLowSlope,2352,288,002F6843,0,1,1,4294967295,0,0
oInvisibleLupSlope,2448,288,0006E07D,0,1,1,4294967295,0,0
oInvisibleLupSlope,2464,304,000F72BC,0,1,1,4294967295,0,0
oInvisibleSolid,2320,320,003A85FA,0,1,1,4294967295,0,1
oInvisibleSolid,2352,304,00196BD3,0,1,1,4294967295,0,1
oInvisibleSolid,2384,288,001536D0,0,1,1,4294967295,0,1
oInvisibleSolid,2448,304,003F5970,0,1,1,4294967295,0,0
oInvisibleSolid,2448,320,0026EE92,0,1,1,4294967295,0,1
oInvisibleSolid,2304,160,00345A53,0,1,1,4294967295,0,1
oInvisibleRupLowSlope,1536,272,0028074A,0,1,1,4294967295,0,0
oInvisibleLupSlope,1632,272,0036F76C,0,1,1,4294967295,0,0
oInvisibleLupSlope,1648,288,00047211,0,1,1,4294967295,0,0
oInvisibleLupSlope,1664,304,0008A5D9,0,1,1,4294967295,0,0
oInvisibleSolid,1520,288,00172636,0,1,1,4294967295,0,0
oInvisibleSolid,1568,272,003675B0,0,1,1,4294967295,0,1
oInvisibleSolid,1632,288,002A24D2,0,1,1,4294967295,0,1
oInvisibleSolid,1648,304,002CF2A0,0,1,1,4294967295,0,1
oInvisibleSolid,1664,320,00374B35,0,1,1,4294967295,0,0
oInvisibleSolid,1536,288,00137ECA,0,1,1,4294967295,0,1
oInvisibleSolid,1056,144,003887E9,0,1,1,4294967295,0,1
oInvisibleSolid,0,96,00187AC8,0,1,1,4294967295,0,1
oInvisibleRupLowSlope,64,80,001E6131,0,1,1,4294967295,0,0
oInvisibleRupLowSlope,96,64,00317350,0,1,1,4294967295,0,0
oInvisibleSolid,96,80,0015AD23,0,1,1,4294967295,0,1
oInvisibleSolid,1680,336,00151729,0,1,1,4294967295,0,1
oInvisibleLupSlope,1680,320,003BF543,0,1,1,4294967295,0,0
oInvisibleSolid,256,96,003B8975,0,1,1,4294967295,0,1
oInvisibleSolid,320,0,0025DF18,0,1,1,4294967295,0,1
