oExit,1016,16,003525AB,0,1,1,4294967295,0,1
oExit,0,272,0008A096,0,1,1,4294967295,0,1
oExit,2032,272,0005F27B,0,1,1,4294967295,0,1
oZeldaBreakPot,488,288,00242EC8,0,1,1,4294967295,0,0
oUseElevator,1024,128,001B1871,0,1,1,4294967295,0,0
oOctorok,464,288,0003EFF9,0,1,1,4294967295,0,0
oMyu,1264,304,0013B452,0,1,1,4294967295,0,0
oMyu,816,304,002595F2,0,1,1,4294967295,0,0
oMyu,1312,304,00251D26,0,1,1,4294967295,0,0
oMegmet,240,256,002113E2,0,1,1,4294967295,0,0
oMegmet,384,256,00095C83,0,1,1,4294967295,0,0
oMegmet,1584,272,0029FAD9,0,1,1,4294967295,0,0
oMegmet,1808,240,0015AEBE,0,1,1,4294967295,0,0
oWolfos,1712,304,002B4B47,0,1,1,4294967295,0,0
oPlayer1,1024,304,000519AF,0,1,1,4294967295,0,0
oInvCollPH,1584,304,002EF7A3,0,1,1,4294967295,0,0
oInvCollPH,1584,320,0015D71C,0,1,1,4294967295,0,0
oInvCollPH,1584,336,0026E38F,0,1,1,4294967295,0,0
oInvCollPH,1568,336,002463BA,0,1,1,4294967295,0,0
oInvCollPH,1568,320,001EC329,0,1,1,4294967295,0,0
oInvCollPH,1632,320,001F26C2,0,1,1,4294967295,0,0
oInvCollPH,1632,336,00221F0C,0,1,1,4294967295,0,0
oInvCollPH,1648,304,0004F522,0,1,1,4294967295,0,0
oInvCollPH,1664,304,0034438C,0,1,1,4294967295,0,0
oInvCollPH,1680,304,003A2977,0,1,1,4294967295,0,0
oInvCollPH,1696,304,00281155,0,1,1,4294967295,0,0
oInvCollPH,1712,304,0030F824,0,1,1,4294967295,0,0
oInvCollPH,1728,304,002B194F,0,1,1,4294967295,0,0
oInvCollPH,1744,304,003EDE6D,0,1,1,4294967295,0,0
oInvCollPH,1760,304,00001243,0,1,1,4294967295,0,0
oInvCollPH,1776,304,00075853,0,1,1,4294967295,0,0
oInvCollPH,2032,304,0031F091,0,1,1,4294967295,0,0
oInvCollPH,2016,304,00175187,0,1,1,4294967295,0,0
oInvCollPH,2000,304,0036702C,0,1,1,4294967295,0,0
oInvCollPH,1984,304,0010129F,0,1,1,4294967295,0,0
oInvCollPH,1968,304,001E3036,0,1,1,4294967295,0,0
oInvCollPH,1952,304,0012D72C,0,1,1,4294967295,0,0
oInvCollPH,1936,304,0034AAE2,0,1,1,4294967295,0,0
oInvCollPH,1920,304,0029F458,0,1,1,4294967295,0,0
oInvCollPH,1904,304,0037C01F,0,1,1,4294967295,0,0
oInvCollPH,1888,304,0027A6F3,0,1,1,4294967295,0,0
oInvCollPH,1872,304,000B9DAE,0,1,1,4294967295,0,0
oInvCollPH,1856,304,002018E8,0,1,1,4294967295,0,0
oInvCollPH,1840,304,003C2229,0,1,1,4294967295,0,0
oInvCollPH,1824,304,0013FF96,0,1,1,4294967295,0,0
oInvCollPH,1808,304,00140FDC,0,1,1,4294967295,0,0
oInvCollPH,1792,304,003B7323,0,1,1,4294967295,0,0
oInvCollPH,1632,144,000FBADD,0,1,1,4294967295,0,0
oInvCollPH,1632,160,001D8B65,0,1,1,4294967295,0,0
oInvCollPH,1648,160,00229C22,0,1,1,4294967295,0,0
oInvCollPH,1664,160,00359805,0,1,1,4294967295,0,0
oInvCollPH,1680,160,001E0FC7,0,1,1,4294967295,0,0
oInvCollPH,1680,144,003B90D5,0,1,1,4294967295,0,0
oInvCollPH,1680,128,001BF0F3,0,1,1,4294967295,0,0
oInvCollPH,1376,144,0007AC81,0,1,1,4294967295,0,0
oInvCollPH,1376,160,003AAA44,0,1,1,4294967295,0,0
oInvCollPH,1376,176,000D970D,0,1,1,4294967295,0,0
oInvCollPH,1376,192,00024A89,0,1,1,4294967295,0,0
oInvCollPH,1376,208,0019B13A,0,1,1,4294967295,0,0
oInvCollPH,1392,208,00292239,0,1,1,4294967295,0,0
oInvCollPH,1408,208,000DFAD2,0,1,1,4294967295,0,0
oInvCollPH,1424,208,0027E626,0,1,1,4294967295,0,0
oInvCollPH,1424,192,00286EF2,0,1,1,4294967295,0,0
oInvCollPH,1424,176,003D9407,0,1,1,4294967295,0,0
oInvCollPH,1424,160,003B3F5C,0,1,1,4294967295,0,0
oInvCollPH,1424,144,0040028B,0,1,1,4294967295,0,0
oInvCollPH,1424,128,000C8B8C,0,1,1,4294967295,0,0
oInvCollPH,1984,144,00164795,0,1,1,4294967295,0,0
oInvCollPH,1984,160,000B5F2C,0,1,1,4294967295,0,0
oInvCollPH,1984,176,001C8E84,0,1,1,4294967295,0,0
oInvCollPH,1984,192,0017386D,0,1,1,4294967295,0,0
oInvCollPH,1984,208,0006A81E,0,1,1,4294967295,0,0
oInvCollPH,1984,224,0008875A,0,1,1,4294967295,0,0
oInvCollPH,2000,224,00316641,0,1,1,4294967295,0,0
oInvCollPH,2016,224,000A6340,0,1,1,4294967295,0,0
oInvCollPH,2032,224,0010D282,0,1,1,4294967295,0,0
oInvCollPH,1040,144,00009087,0,1,1,4294967295,0,0
oInvCollPH,1040,160,00061234,0,1,1,4294967295,0,0
oInvCollPH,1040,176,000726EA,0,1,1,4294967295,0,0
oInvCollPH,1040,192,0024DED5,0,1,1,4294967295,0,0
oInvCollPH,1040,208,000D3482,0,1,1,4294967295,0,0
oInvCollPH,1040,224,00172AEC,0,1,1,4294967295,0,0
oInvCollPH,1056,224,0015BC9D,0,1,1,4294967295,0,0
oInvCollPH,1056,208,00273A7B,0,1,1,4294967295,0,0
oInvCollPH,1056,192,003F4EC7,0,1,1,4294967295,0,0
oInvCollPH,1056,176,002A9708,0,1,1,4294967295,0,0
oInvCollPH,1056,160,00402092,0,1,1,4294967295,0,0
oInvCollPH,1056,144,00116FB3,0,1,1,4294967295,0,0
oInvCollPH,1056,128,000D6948,0,1,1,4294967295,0,0
oInvCollPH,976,144,00387A01,0,1,1,4294967295,0,0
oInvCollPH,976,160,00050BC4,0,1,1,4294967295,0,0
oInvCollPH,976,176,00103A22,0,1,1,4294967295,0,0
oInvCollPH,976,192,00379709,0,1,1,4294967295,0,0
oInvCollPH,976,208,000F88E6,0,1,1,4294967295,0,0
oInvCollPH,976,224,003DB8AC,0,1,1,4294967295,0,0
oInvCollPH,992,224,00114A71,0,1,1,4294967295,0,0
oInvCollPH,992,208,0017C432,0,1,1,4294967295,0,0
oInvCollPH,992,192,00328C6F,0,1,1,4294967295,0,0
oInvCollPH,992,176,0015381A,0,1,1,4294967295,0,0
oInvCollPH,992,160,000522BB,0,1,1,4294967295,0,0
oInvCollPH,992,144,00387830,0,1,1,4294967295,0,0
oInvCollPH,992,128,0035E944,0,1,1,4294967295,0,0
oInvCollPH,64,112,00149E43,0,1,1,4294967295,0,0
oInvCollPH,80,112,00274A16,0,1,1,4294967295,0,0
oInvCollPH,96,112,0005B172,0,1,1,4294967295,0,0
oInvCollPH,112,112,003E75F5,0,1,1,4294967295,0,0
oInvCollPH,128,112,003EBDB5,0,1,1,4294967295,0,0
oInvCollPH,144,112,002E97EF,0,1,1,4294967295,0,0
oInvCollPH,160,112,00116BD5,0,1,1,4294967295,0,0
oInvCollPH,176,112,00065DEE,0,1,1,4294967295,0,0
oInvCollPH,192,112,001A196A,0,1,1,4294967295,0,0
oInvCollPH,208,112,001B9D3B,0,1,1,4294967295,0,0
oInvCollPH,224,112,00210393,0,1,1,4294967295,0,0
oInvCollPH,240,112,00285DDA,0,1,1,4294967295,0,0
oInvCollPH,256,112,000F62AA,0,1,1,4294967295,0,0
oInvCollPH,272,112,001A5CBE,0,1,1,4294967295,0,0
oInvCollPH,288,112,00363CB9,0,1,1,4294967295,0,0
oInvCollPH,304,112,000EFDA5,0,1,1,4294967295,0,0
oInvCollPH,320,112,0017D411,0,1,1,4294967295,0,0
oInvCollPH,336,112,002BBEAF,0,1,1,4294967295,0,0
oInvCollPH,416,112,003CE7AE,0,1,1,4294967295,0,0
oInvCollPH,432,112,00099EF2,0,1,1,4294967295,0,0
oInvCollPH,448,112,0009045C,0,1,1,4294967295,0,0
oInvCollPH,464,112,001D506F,0,1,1,4294967295,0,0
oInvCollPH,480,112,001AEFFE,0,1,1,4294967295,0,0
oInvCollPH,496,112,00109697,0,1,1,4294967295,0,0
oInvCollPH,512,112,00159E67,0,1,1,4294967295,0,0
oInvCollPH,528,112,000DBA0B,0,1,1,4294967295,0,0
oInvCollPH,544,112,00285120,0,1,1,4294967295,0,0
oInvCollPH,560,112,0004AC8B,0,1,1,4294967295,0,0
oInvCollPH,576,112,0028BCC8,0,1,1,4294967295,0,0
oInvCollPH,592,112,00262EE7,0,1,1,4294967295,0,0
oInvCollPH,672,112,00372F1C,0,1,1,4294967295,0,0
oInvCollPH,688,112,000BEB11,0,1,1,4294967295,0,0
oInvCollPH,704,112,0022771C,0,1,1,4294967295,0,0
oInvCollPH,720,112,0025DAB4,0,1,1,4294967295,0,0
oInvCollPH,736,112,000C078F,0,1,1,4294967295,0,0
oInvCollPH,752,112,001368F8,0,1,1,4294967295,0,0
oInvCollPH,768,112,00400931,0,1,1,4294967295,0,0
oInvCollPH,784,112,00354C3D,0,1,1,4294967295,0,0
oInvCollPH,800,112,00371F28,0,1,1,4294967295,0,0
oInvCollPH,816,112,00362352,0,1,1,4294967295,0,0
oInvCollPH,832,112,0036D6A4,0,1,1,4294967295,0,0
oInvCollPH,848,112,003DC847,0,1,1,4294967295,0,0
oInvCollPH,864,112,0006820C,0,1,1,4294967295,0,0
oInvCollPH,880,112,002DD4C5,0,1,1,4294967295,0,0
oInvCollPH,896,112,0008AA98,0,1,1,4294967295,0,0
oInvCollPH,912,112,00161A8C,0,1,1,4294967295,0,0
oInvCollPH,928,112,00240A14,0,1,1,4294967295,0,0
oInvCollPH,944,112,000745AD,0,1,1,4294967295,0,0
oInvCollPH,960,112,00217BE7,0,1,1,4294967295,0,0
oInvCollPH,992,112,0023782B,0,1,1,4294967295,0,0
oInvCollPH,992,96,002F9D4E,0,1,1,4294967295,0,0
oInvCollPH,992,80,001EDF3D,0,1,1,4294967295,0,0
oInvCollPH,1040,96,002105F9,0,1,1,4294967295,0,0
oInvCollPH,1040,112,001ADB48,0,1,1,4294967295,0,0
oInvCollPH,1072,112,000A5A53,0,1,1,4294967295,0,0
oInvCollPH,1088,112,003C53E3,0,1,1,4294967295,0,0
oInvCollPH,1104,112,00075AF5,0,1,1,4294967295,0,0
oInvCollPH,1120,112,00269978,0,1,1,4294967295,0,0
oInvCollPH,1136,112,00085AC9,0,1,1,4294967295,0,0
oInvCollPH,1152,112,00370DA3,0,1,1,4294967295,0,0
oInvCollPH,1168,112,00033F65,0,1,1,4294967295,0,0
oInvCollPH,1184,112,003A8313,0,1,1,4294967295,0,0
oInvCollPH,1200,112,0014185B,0,1,1,4294967295,0,0
oInvCollPH,1216,112,00181AEE,0,1,1,4294967295,0,0
oInvCollPH,1232,112,0036CB03,0,1,1,4294967295,0,0
oInvCollPH,1248,112,00387B03,0,1,1,4294967295,0,0
oInvCollPH,1264,112,00211798,0,1,1,4294967295,0,0
oInvCollPH,1280,112,0000E971,0,1,1,4294967295,0,0
oInvCollPH,1296,112,0014E678,0,1,1,4294967295,0,0
oInvCollPH,1312,112,00139CF5,0,1,1,4294967295,0,0
oInvCollPH,1328,112,0016CB68,0,1,1,4294967295,0,0
oInvCollPH,1344,112,002E305A,0,1,1,4294967295,0,0
oInvCollPH,1360,112,000DAC1B,0,1,1,4294967295,0,0
oInvCollPH,1440,112,00313886,0,1,1,4294967295,0,0
oInvCollPH,1456,112,002FCA3F,0,1,1,4294967295,0,0
oInvCollPH,1472,112,003D16F5,0,1,1,4294967295,0,0
oInvCollPH,1488,112,000685EA,0,1,1,4294967295,0,0
oInvCollPH,1504,112,001474A8,0,1,1,4294967295,0,0
oInvCollPH,1520,112,00166B7F,0,1,1,4294967295,0,0
oInvCollPH,1536,112,002C5A6F,0,1,1,4294967295,0,0
oInvCollPH,1552,112,0037471B,0,1,1,4294967295,0,0
oInvCollPH,1568,112,0039101B,0,1,1,4294967295,0,0
oInvCollPH,1584,112,001D8F51,0,1,1,4294967295,0,0
oInvCollPH,1600,112,001D1E64,0,1,1,4294967295,0,0
oInvCollPH,1616,112,000A5E21,0,1,1,4294967295,0,0
oInvCollPH,1696,112,000454A4,0,1,1,4294967295,0,0
oInvCollPH,1712,112,003BB6A7,0,1,1,4294967295,0,0
oInvCollPH,1728,112,002BE85C,0,1,1,4294967295,0,0
oInvCollPH,1744,112,0038F20D,0,1,1,4294967295,0,0
oInvCollPH,1760,112,00147995,0,1,1,4294967295,0,0
oInvCollPH,1776,112,000709D4,0,1,1,4294967295,0,0
oInvCollPH,1792,112,00086284,0,1,1,4294967295,0,0
oInvCollPH,1808,112,001CF896,0,1,1,4294967295,0,0
oInvCollPH,1824,112,0033B966,0,1,1,4294967295,0,0
oInvCollPH,1840,112,003DE953,0,1,1,4294967295,0,0
oInvCollPH,1856,112,0004D175,0,1,1,4294967295,0,0
oInvCollPH,1872,112,001745EC,0,1,1,4294967295,0,0
oInvCollPH,1888,112,00161452,0,1,1,4294967295,0,0
oInvCollPH,1904,112,0030B643,0,1,1,4294967295,0,0
oInvCollPH,1920,112,0020591E,0,1,1,4294967295,0,0
oInvCollPH,1936,112,0022A8C6,0,1,1,4294967295,0,0
oInvCollPH,1952,112,000D986C,0,1,1,4294967295,0,0
oInvCollPH,1968,112,0001CFC4,0,1,1,4294967295,0,0
oInvCollPH,464,288,002686FA,0,1,1,4294967295,0,0
oInvCollPH,528,288,000D2D42,0,1,1,4294967295,0,0
oInvCollPH,0,224,00327FD9,0,1,1,4294967295,0,0
oInvCollPH,16,224,002E5900,0,1,1,4294967295,0,0
oInvCollPH,32,224,000A2E5D,0,1,1,4294967295,0,0
oInvCollPH,48,224,00192378,0,1,1,4294967295,0,0
oInvCollPH,48,208,00107387,0,1,1,4294967295,0,0
oInvCollPH,48,192,002CCA01,0,1,1,4294967295,0,0
oInvCollPH,48,176,00324533,0,1,1,4294967295,0,0
oInvCollPH,48,160,0016C18F,0,1,1,4294967295,0,0
oInvCollPH,48,144,00397B92,0,1,1,4294967295,0,0
oInvCollPH,48,128,00009CE2,0,1,1,4294967295,0,0
oInvCollPH,352,144,003E1ACE,0,1,1,4294967295,0,0
oInvCollPH,352,160,001CE4CA,0,1,1,4294967295,0,0
oInvCollPH,368,160,0027611A,0,1,1,4294967295,0,0
oInvCollPH,384,160,0028F579,0,1,1,4294967295,0,0
oInvCollPH,400,160,001C35E7,0,1,1,4294967295,0,0
oInvCollPH,400,144,0010CE68,0,1,1,4294967295,0,0
oInvCollPH,400,128,00332ECC,0,1,1,4294967295,0,0
oInvCollPH,608,144,0025858A,0,1,1,4294967295,0,0
oInvCollPH,608,160,001719DF,0,1,1,4294967295,0,0
oInvCollPH,608,176,00021D37,0,1,1,4294967295,0,0
oInvCollPH,608,192,00297A40,0,1,1,4294967295,0,0
oInvCollPH,608,208,0021C439,0,1,1,4294967295,0,0
oInvCollPH,624,208,002CB2B4,0,1,1,4294967295,0,0
oInvCollPH,640,208,0020C20B,0,1,1,4294967295,0,0
oInvCollPH,656,208,001B262A,0,1,1,4294967295,0,0
oInvCollPH,656,192,002B6794,0,1,1,4294967295,0,0
oInvCollPH,656,176,0002D3CF,0,1,1,4294967295,0,0
oInvCollPH,656,160,003D298A,0,1,1,4294967295,0,0
oInvCollPH,656,144,00317219,0,1,1,4294967295,0,0
oInvCollPH,656,128,001438FE,0,1,1,4294967295,0,0
oInvCollPH,16,304,0036F1DF,0,1,1,4294967295,0,0
oInvCollPH,32,304,00216853,0,1,1,4294967295,0,0
oInvCollPH,48,304,0019EECC,0,1,1,4294967295,0,0
oInvCollPH,64,304,0023F853,0,1,1,4294967295,0,0
oInvCollPH,80,304,003FB85E,0,1,1,4294967295,0,0
oInvCollPH,96,304,001E3BA0,0,1,1,4294967295,0,0
oInvCollPH,112,304,0002FBE4,0,1,1,4294967295,0,0
oInvCollPH,128,304,003E8DD6,0,1,1,4294967295,0,0
oInvCollPH,144,304,003341E6,0,1,1,4294967295,0,0
oInvCollPH,160,304,003B0167,0,1,1,4294967295,0,0
oInvCollPH,176,304,00401F43,0,1,1,4294967295,0,0
oInvCollPH,192,304,001BE0C6,0,1,1,4294967295,0,0
oInvCollPH,208,304,0014C44E,0,1,1,4294967295,0,0
oInvCollPH,224,304,0009C659,0,1,1,4294967295,0,0
oInvCollPH,240,304,0029FED1,0,1,1,4294967295,0,0
oInvCollPH,256,304,001AE9C5,0,1,1,4294967295,0,0
oInvCollPH,272,304,000B9102,0,1,1,4294967295,0,0
oInvCollPH,288,304,00069CB3,0,1,1,4294967295,0,0
oInvCollPH,304,304,0031BC13,0,1,1,4294967295,0,0
oInvCollPH,320,304,000184C2,0,1,1,4294967295,0,0
oInvCollPH,336,304,0004BED0,0,1,1,4294967295,0,0
oInvCollPH,352,304,000C4257,0,1,1,4294967295,0,0
oInvCollPH,368,304,002AE6A6,0,1,1,4294967295,0,0
oInvCollPH,384,304,002502BB,0,1,1,4294967295,0,0
oInvCollPH,400,304,0013F8D8,0,1,1,4294967295,0,0
oInvCollPH,416,304,0002D29E,0,1,1,4294967295,0,0
oInvCollPH,432,304,002E2400,0,1,1,4294967295,0,0
oInvCollPH,480,304,003D3111,0,1,1,4294967295,0,0
oInvCollPH,496,304,0034EBCB,0,1,1,4294967295,0,0
oInvCollPH,544,304,0034A3FE,0,1,1,4294967295,0,0
oInvCollPH,560,304,003B41B5,0,1,1,4294967295,0,0
oInvCollPH,576,304,003DB2F2,0,1,1,4294967295,0,0
oInvCollPH,592,304,002119DF,0,1,1,4294967295,0,0
oInvCollPH,608,304,0006E9F4,0,1,1,4294967295,0,0
oInvCollPH,624,304,00175AB0,0,1,1,4294967295,0,0
oInvCollPH,640,304,00193489,0,1,1,4294967295,0,0
oInvCollPH,656,304,003E37A4,0,1,1,4294967295,0,0
oInvCollPH,672,304,002AC5BA,0,1,1,4294967295,0,0
oInvCollPH,688,304,0032F2D9,0,1,1,4294967295,0,0
oInvCollPH,704,304,002763B4,0,1,1,4294967295,0,0
oInvCollPH,720,304,00343B5D,0,1,1,4294967295,0,0
oInvCollPH,736,304,001CAAD8,0,1,1,4294967295,0,0
oInvCollPH,752,304,002F3BAF,0,1,1,4294967295,0,0
oInvCollPH,768,304,003278A0,0,1,1,4294967295,0,0
oInvCollPH,784,304,00139827,0,1,1,4294967295,0,0
oInvCollPH,800,304,002B60FA,0,1,1,4294967295,0,0
oInvCollPH,816,304,00334BD4,0,1,1,4294967295,0,0
oInvCollPH,832,304,00067C92,0,1,1,4294967295,0,0
oInvCollPH,848,304,003A6300,0,1,1,4294967295,0,0
oInvCollPH,864,304,003CF38D,0,1,1,4294967295,0,0
oInvCollPH,880,304,0006AA29,0,1,1,4294967295,0,0
oInvCollPH,896,304,0027CC6C,0,1,1,4294967295,0,0
oInvCollPH,912,304,003BACCF,0,1,1,4294967295,0,0
oInvCollPH,928,304,0025F20C,0,1,1,4294967295,0,0
oInvCollPH,944,304,0000B3C7,0,1,1,4294967295,0,0
oInvCollPH,960,304,0025000D,0,1,1,4294967295,0,0
oInvCollPH,976,304,001FCA92,0,1,1,4294967295,0,0
oInvCollPH,992,304,0030759C,0,1,1,4294967295,0,0
oInvCollPH,1008,304,0023C7CE,0,1,1,4294967295,0,0
oInvCollPH,1024,304,00116765,0,1,1,4294967295,0,0
oInvCollPH,1040,304,001C37F0,0,1,1,4294967295,0,0
oInvCollPH,1056,304,00402AB2,0,1,1,4294967295,0,0
oInvCollPH,1072,304,0012360C,0,1,1,4294967295,0,0
oInvCollPH,1088,304,00399D5A,0,1,1,4294967295,0,0
oInvCollPH,1104,304,0037B3C4,0,1,1,4294967295,0,0
oInvCollPH,1120,304,00152AAB,0,1,1,4294967295,0,0
oInvCollPH,1136,304,0018329A,0,1,1,4294967295,0,0
oInvCollPH,1152,304,003A7AE0,0,1,1,4294967295,0,0
oInvCollPH,1168,304,001DE19B,0,1,1,4294967295,0,0
oInvCollPH,1184,304,003C269E,0,1,1,4294967295,0,0
oInvCollPH,1200,304,001236C3,0,1,1,4294967295,0,0
oInvCollPH,1216,304,003474BE,0,1,1,4294967295,0,0
oInvCollPH,1232,304,0036A442,0,1,1,4294967295,0,0
oInvCollPH,1248,304,0006D2E7,0,1,1,4294967295,0,0
oInvCollPH,1264,304,000F20D7,0,1,1,4294967295,0,0
oInvCollPH,1280,304,001DF0E7,0,1,1,4294967295,0,0
oInvCollPH,1296,304,001FDD92,0,1,1,4294967295,0,0
oInvCollPH,1312,304,0003E6FF,0,1,1,4294967295,0,0
oInvCollPH,1328,304,00162E74,0,1,1,4294967295,0,0
oInvCollPH,1344,304,000EC1A3,0,1,1,4294967295,0,0
oInvCollPH,1360,304,0002ADFA,0,1,1,4294967295,0,0
oInvCollPH,1376,304,002BE369,0,1,1,4294967295,0,0
oInvCollPH,1392,304,000CEA75,0,1,1,4294967295,0,0
oInvCollPH,1408,304,002A442A,0,1,1,4294967295,0,0
oInvCollPH,1424,304,0001E530,0,1,1,4294967295,0,0
oInvCollPH,1440,304,0018AEB6,0,1,1,4294967295,0,0
oInvCollPH,1456,304,0008627D,0,1,1,4294967295,0,0
oInvCollPH,1472,304,001F1891,0,1,1,4294967295,0,0
oInvCollPH,1488,304,00173E69,0,1,1,4294967295,0,0
oInvCollPH,1504,304,0025C5ED,0,1,1,4294967295,0,0
oInvCollPH,1520,304,0023A3B5,0,1,1,4294967295,0,0
oInvCollPH,1520,320,000570BC,0,1,1,4294967295,0,0
oInvCollPH,1520,336,0001FFF9,0,1,1,4294967295,0,0
oInvisibleSolid,0,80,00244958,0,1,1,4294967295,0,1
oInvisibleSolid,0,128,0006AEC3,0,1,1,4294967295,0,1
oInvisibleSolid,0,304,00304327,0,1,1,4294967295,0,1
oInvisibleSolid,448,288,003B0E86,0,1,1,4294967295,0,1
oInvisibleSolid,512,288,0026EEF1,0,1,1,4294967295,0,1
oInvisibleSolid,352,128,001B1B05,0,1,1,4294967295,0,1
oInvisibleSolid,608,128,00188D48,0,1,1,4294967295,0,1
oInvisibleSolid,976,128,002D43DE,0,1,1,4294967295,0,1
oInvisibleSolid,1040,128,00314764,0,1,1,4294967295,0,1
oInvisibleSolid,1040,80,0034B297,0,1,1,4294967295,0,1
oInvisibleSolid,1376,128,001DCEB7,0,1,1,4294967295,0,1
oInvisibleSolid,1568,304,000C1EE0,0,1,1,4294967295,0,1
oInvisibleSolid,1632,304,002ADEA8,0,1,1,4294967295,0,1
oInvisibleSolid,1632,128,000DE824,0,1,1,4294967295,0,1
oInvisibleSolid,1984,128,001C0C7B,0,1,1,4294967295,0,1
oInvisibleSolid,992,0,0024F38E,0,1,1,4294967295,0,1
oInvisibleSolid,1040,0,00052551,0,1,1,4294967295,0,1
