oExit,0,272,0002BE75,0,1,1,4294967295,0,1
oExit,2576,192,002EE957,0,1,1,4294967295,0,1
oZeldaBreakPot,832,112,003CA708,0,1,1,4294967295,0,0
oZeldaBreakPot,848,112,00398691,0,1,1,4294967295,0,0
oLargeJumper,1236,280,001174F4,0,1,1,4294967295,0,0
oVaultMovingPlat,336,256,0022BF60,0,1,1,4294967295,0,1
oVaultMovingPlat,576,128,001FE2CF,0,1,1,4294967295,0,1
oVaultMovingPlat,1360,144,003F59A8,0,1,1,4294967295,0,1
oVaultMovingPlat,1440,144,0022BDAD,0,1,1,4294967295,0,1
oVaultMovingPlat,1520,144,0035E05F,0,1,1,4294967295,0,1
oVaultMovingPlat,1600,144,0028C927,0,1,1,4294967295,0,1
oVaultMovingPlat,1680,144,002C384A,0,1,1,4294967295,0,1
oVaultMovingPlat,1760,144,0016B57D,0,1,1,4294967295,0,1
oHexCircle,848,112,003A5A7F,0,1,1,4294967295,0,1
oMarioSpikeFloor,1040,112,00103245,0,1,1,4294967295,0,0
oHexCircle,1088,272,000FBE35,0,1,1,4294967295,0,1
oMarioSpikeFloor,1280,192,00395367,0,1,1,4294967295,0,0
oMarioSpikeFloor,1296,192,001960DF,0,1,1,4294967295,0,0
oMarioSpikeFloor,1312,192,0032D1AB,0,1,1,4294967295,0,0
oMarioSpikeFloor,1328,192,00076612,0,1,1,4294967295,0,0
oMarioSpikeFloor,1344,192,001B41E3,0,1,1,4294967295,0,0
oMarioSpikeFloor,1360,192,001C672E,0,1,1,4294967295,0,0
oMarioSpikeFloor,1376,192,0016AF42,0,1,1,4294967295,0,0
oMarioSpikeFloor,1392,192,00234D84,0,1,1,4294967295,0,0
oMarioSpikeFloor,1408,192,002960B2,0,1,1,4294967295,0,0
oMarioSpikeFloor,1424,192,001E1F84,0,1,1,4294967295,0,0
oMarioSpikeFloor,1440,192,0022D473,0,1,1,4294967295,0,0
oMarioSpikeFloor,1456,192,0035ADFB,0,1,1,4294967295,0,0
oMarioSpikeFloor,1472,192,0006D2AB,0,1,1,4294967295,0,0
oMarioSpikeFloor,1488,192,00256187,0,1,1,4294967295,0,0
oMarioSpikeFloor,1504,192,001290B2,0,1,1,4294967295,0,0
oMarioSpikeFloor,1520,192,001824F1,0,1,1,4294967295,0,0
oMarioSpikeFloor,1536,192,00139857,0,1,1,4294967295,0,0
oMarioSpikeFloor,1552,192,001958D9,0,1,1,4294967295,0,0
oMarioSpikeFloor,1568,192,00093C08,0,1,1,4294967295,0,0
oMarioSpikeFloor,1584,192,0004E267,0,1,1,4294967295,0,0
oMarioSpikeFloor,1600,192,00130591,0,1,1,4294967295,0,0
oMarioSpikeFloor,1616,192,0025C7E9,0,1,1,4294967295,0,0
oMarioSpikeFloor,1632,192,0010C5B8,0,1,1,4294967295,0,0
oMarioSpikeFloor,1648,192,000DAB18,0,1,1,4294967295,0,0
oMarioSpikeFloor,1664,192,002EE992,0,1,1,4294967295,0,0
oMarioSpikeFloor,1680,192,00207E9F,0,1,1,4294967295,0,0
oMarioSpikeFloor,1696,192,00246F37,0,1,1,4294967295,0,0
oMarioSpikeFloor,1712,192,000D3327,0,1,1,4294967295,0,0
oMarioSpikeFloor,1728,192,0019AE7A,0,1,1,4294967295,0,0
oMarioSpikeFloor,1744,192,00156989,0,1,1,4294967295,0,0
oMarioSpikeFloor,1760,192,0036110C,0,1,1,4294967295,0,0
oMarioSpikeFloor,1776,192,003E0165,0,1,1,4294967295,0,0
oMarioSpikeFloor,1792,192,002ABD7B,0,1,1,4294967295,0,0
oMarioSpikeFloor,1808,192,002A353E,0,1,1,4294967295,0,0
oMarioSpikeFloor,1824,192,002CE877,0,1,1,4294967295,0,0
oMarioSpikeFloor,1840,192,002F5068,0,1,1,4294967295,0,0
oMarioSpikeFloor,1856,192,001748F1,0,1,1,4294967295,0,0
oMarioSpikeFloor,1872,192,001CD0F4,0,1,1,4294967295,0,0
oHexCircle,1584,144,002D4668,0,1,1,4294967295,0,1
oHexCircle,2144,208,002774CB,0,1,1,4294967295,0,1
oVaultPanther,1216,304,0003C459,0,1,1,4294967295,0,0
oVaultShadow,560,208,0031DB66,0,1,1,4294967295,0,0
oVaultShadow,1984,144,0006DBFF,0,1,1,4294967295,0,0
oVaultMoth,2240,240,00094D0C,0,1,1,4294967295,0,0
oPlayer1,48,304,0030DEBE,0,1,1,4294967295,0,0
oInvCollPH,16,176,0032359C,0,1,1,4294967295,0,0
oInvCollPH,16,192,003B5E71,0,1,1,4294967295,0,0
oInvCollPH,16,208,002CADEA,0,1,1,4294967295,0,0
oInvCollPH,16,224,001BF05F,0,1,1,4294967295,0,0
oInvCollPH,0,224,002EE060,0,1,1,4294967295,0,0
oInvCollPH,32,96,001776DC,0,1,1,4294967295,0,0
oInvCollPH,32,112,00204AA4,0,1,1,4294967295,0,0
oInvCollPH,32,128,003D6390,0,1,1,4294967295,0,0
oInvCollPH,32,144,000ACB6B,0,1,1,4294967295,0,0
oInvCollPH,32,160,00352DB8,0,1,1,4294967295,0,0
oInvCollPH,80,0,00257781,0,1,1,4294967295,0,0
oInvCollPH,48,16,00150E78,0,1,1,4294967295,0,0
oInvCollPH,48,32,003C9838,0,1,1,4294967295,0,0
oInvCollPH,48,48,003B0369,0,1,1,4294967295,0,0
oInvCollPH,48,64,0013EC3E,0,1,1,4294967295,0,0
oInvCollPH,48,80,00214795,0,1,1,4294967295,0,0
oInvCollPH,16,304,001AF23C,0,1,1,4294967295,0,0
oInvCollPH,32,304,0025FCA8,0,1,1,4294967295,0,0
oInvCollPH,48,304,00323067,0,1,1,4294967295,0,0
oInvCollPH,64,304,002BB9DE,0,1,1,4294967295,0,0
oInvCollPH,80,304,002A195D,0,1,1,4294967295,0,0
oInvCollPH,96,304,003313A1,0,1,1,4294967295,0,0
oInvCollPH,112,304,001E3227,0,1,1,4294967295,0,0
oInvCollPH,128,288,000D6729,0,1,1,4294967295,0,0
oInvCollPH,128,272,00173221,0,1,1,4294967295,0,0
oInvCollPH,144,256,0038DACC,0,1,1,4294967295,0,0
oInvCollPH,160,256,003A4E8A,0,1,1,4294967295,0,0
oInvCollPH,192,304,00112BA5,0,1,1,4294967295,0,0
oInvCollPH,192,320,002B85C3,0,1,1,4294967295,0,0
oInvCollPH,192,336,0039A63B,0,1,1,4294967295,0,0
oInvCollPH,176,256,002D2548,0,1,1,4294967295,0,0
oInvCollPH,192,256,0033300D,0,1,1,4294967295,0,0
oInvCollPH,192,272,00213363,0,1,1,4294967295,0,0
oInvCollPH,192,288,000D2646,0,1,1,4294967295,0,0
oInvCollPH,704,128,0020E3E4,0,1,1,4294967295,0,0
oInvCollPH,720,128,00328043,0,1,1,4294967295,0,0
oInvCollPH,736,128,0007BDED,0,1,1,4294967295,0,0
oInvCollPH,832,128,000EF530,0,1,1,4294967295,0,0
oInvCollPH,848,128,00137893,0,1,1,4294967295,0,0
oInvCollPH,864,128,00025CB3,0,1,1,4294967295,0,0
oInvCollPH,960,128,0003E38A,0,1,1,4294967295,0,0
oInvCollPH,976,128,001A0F9C,0,1,1,4294967295,0,0
oInvCollPH,992,128,0031FF3E,0,1,1,4294967295,0,0
oInvCollPH,1120,224,002DCC5B,0,1,1,4294967295,0,0
oInvCollPH,1136,224,000B001B,0,1,1,4294967295,0,0
oInvCollPH,1152,224,002FF9F7,0,1,1,4294967295,0,0
oInvCollPH,1168,224,0003EB18,0,1,1,4294967295,0,0
oInvCollPH,1184,224,000E118C,0,1,1,4294967295,0,0
oInvCollPH,1056,304,00097710,0,1,1,4294967295,0,0
oInvCollPH,1072,304,0033AE6E,0,1,1,4294967295,0,0
oInvCollPH,1088,304,0000F25C,0,1,1,4294967295,0,0
oInvCollPH,1104,304,000DF2EB,0,1,1,4294967295,0,0
oInvCollPH,1120,304,0032DBCD,0,1,1,4294967295,0,0
oInvCollPH,1136,304,0034FBFC,0,1,1,4294967295,0,0
oInvCollPH,1152,304,0032BE97,0,1,1,4294967295,0,0
oInvCollPH,1168,304,00342DE0,0,1,1,4294967295,0,0
oInvCollPH,1184,304,00093B4A,0,1,1,4294967295,0,0
oInvCollPH,1200,304,0015FC76,0,1,1,4294967295,0,0
oInvCollPH,1216,304,001E1A37,0,1,1,4294967295,0,0
oInvCollPH,1232,304,003F24A9,0,1,1,4294967295,0,0
oInvCollPH,1248,304,00276DE1,0,1,1,4294967295,0,0
oInvCollPH,1040,144,003AEADA,0,1,1,4294967295,0,0
oInvCollPH,1040,160,001B3840,0,1,1,4294967295,0,0
oInvCollPH,1040,176,001B3EC4,0,1,1,4294967295,0,0
oInvCollPH,1040,192,00240AC8,0,1,1,4294967295,0,0
oInvCollPH,1040,208,000C7860,0,1,1,4294967295,0,0
oInvCollPH,1040,224,002EDA5E,0,1,1,4294967295,0,0
oInvCollPH,1040,240,00275566,0,1,1,4294967295,0,0
oInvCollPH,1040,256,0009C77E,0,1,1,4294967295,0,0
oInvCollPH,1040,272,000903B1,0,1,1,4294967295,0,0
oInvCollPH,1040,288,0004A906,0,1,1,4294967295,0,0
oInvCollPH,1104,16,002EBB80,0,1,1,4294967295,0,0
oInvCollPH,1104,32,0018EC1E,0,1,1,4294967295,0,0
oInvCollPH,1104,48,0024FEBB,0,1,1,4294967295,0,0
oInvCollPH,1104,64,00338BAA,0,1,1,4294967295,0,0
oInvCollPH,1104,80,00142984,0,1,1,4294967295,0,0
oInvCollPH,1104,96,00094C50,0,1,1,4294967295,0,0
oInvCollPH,1104,112,00319D28,0,1,1,4294967295,0,0
oInvCollPH,1104,128,0004F13C,0,1,1,4294967295,0,0
oInvCollPH,1104,144,002F5E93,0,1,1,4294967295,0,0
oInvCollPH,1104,160,001A33AB,0,1,1,4294967295,0,0
oInvCollPH,1104,176,001643C7,0,1,1,4294967295,0,0
oInvCollPH,1104,192,00388D77,0,1,1,4294967295,0,0
oInvCollPH,1104,208,00241C9A,0,1,1,4294967295,0,0
oInvCollPH,1136,208,001868C1,0,1,1,4294967295,0,0
oInvCollPH,1280,144,001B57BA,0,1,1,4294967295,0,0
oInvCollPH,1296,144,0010FF13,0,1,1,4294967295,0,0
oInvCollPH,1312,144,003B2A6E,0,1,1,4294967295,0,0
oInvCollPH,1264,176,003297F7,0,1,1,4294967295,0,0
oInvCollPH,1264,192,002DF9A7,0,1,1,4294967295,0,0
oInvCollPH,1264,208,00395D60,0,1,1,4294967295,0,0
oInvCollPH,1264,224,002161CE,0,1,1,4294967295,0,0
oInvCollPH,1264,240,003A0999,0,1,1,4294967295,0,0
oInvCollPH,1264,256,00025F0B,0,1,1,4294967295,0,0
oInvCollPH,1264,272,00396047,0,1,1,4294967295,0,0
oInvCollPH,1264,288,0038219E,0,1,1,4294967295,0,0
oInvCollPH,1264,304,001A0E0D,0,1,1,4294967295,0,0
oInvCollPH,1968,224,00036061,0,1,1,4294967295,0,0
oInvCollPH,1984,224,002BD850,0,1,1,4294967295,0,0
oInvCollPH,2000,224,00166DE2,0,1,1,4294967295,0,0
oInvCollPH,2096,224,001235BD,0,1,1,4294967295,0,0
oInvCollPH,2112,224,000EE344,0,1,1,4294967295,0,0
oInvCollPH,2128,224,003F3F7E,0,1,1,4294967295,0,0
oInvCollPH,2144,224,000C3AB1,0,1,1,4294967295,0,0
oInvCollPH,2160,224,0029BB51,0,1,1,4294967295,0,0
oInvCollPH,2176,224,0016B0CD,0,1,1,4294967295,0,0
oInvCollPH,2192,224,0021C350,0,1,1,4294967295,0,0
oInvCollPH,2288,224,003CD727,0,1,1,4294967295,0,0
oInvCollPH,2304,224,00248E73,0,1,1,4294967295,0,0
oInvCollPH,2320,224,0005CAD4,0,1,1,4294967295,0,0
oInvCollPH,1888,192,0009AA9C,0,1,1,4294967295,0,0
oInvCollPH,1888,208,003EBD1F,0,1,1,4294967295,0,0
oInvCollPH,1888,224,001118EC,0,1,1,4294967295,0,0
oInvCollPH,1920,240,001E97FC,0,1,1,4294967295,0,0
oInvCollPH,1920,256,00157243,0,1,1,4294967295,0,0
oInvCollPH,1936,224,003CDED9,0,1,1,4294967295,0,0
oInvCollPH,1936,288,00143BA6,0,1,1,4294967295,0,0
oInvCollPH,1936,304,0012F400,0,1,1,4294967295,0,0
oInvCollPH,1936,320,0014EEFC,0,1,1,4294967295,0,0
oInvCollPH,1936,336,0020933B,0,1,1,4294967295,0,0
oInvCollPH,1936,240,002B5082,0,1,1,4294967295,0,0
oInvCollPH,1936,256,002CDD9A,0,1,1,4294967295,0,0
oInvCollPH,2384,224,001ADEAA,0,1,1,4294967295,0,0
oInvCollPH,2400,224,0022E2DB,0,1,1,4294967295,0,0
oInvCollPH,2416,224,002B80A1,0,1,1,4294967295,0,0
oInvCollPH,2432,224,0025DEB8,0,1,1,4294967295,0,0
oInvCollPH,2448,224,0003E06A,0,1,1,4294967295,0,0
oInvCollPH,2464,224,002D5171,0,1,1,4294967295,0,0
oInvCollPH,2480,224,001588CD,0,1,1,4294967295,0,0
oInvCollPH,2368,240,00252AE5,0,1,1,4294967295,0,0
oInvCollPH,2368,256,0034574F,0,1,1,4294967295,0,0
oInvCollPH,2368,272,00075B90,0,1,1,4294967295,0,0
oInvCollPH,2496,224,002440AB,0,1,1,4294967295,0,0
oInvCollPH,2512,224,002343E9,0,1,1,4294967295,0,0
oInvCollPH,2368,288,001B6D53,0,1,1,4294967295,0,0
oInvCollPH,2368,304,000C4B48,0,1,1,4294967295,0,0
oInvCollPH,2368,320,0008BF19,0,1,1,4294967295,0,0
oInvCollPH,2368,336,000B109E,0,1,1,4294967295,0,0
oInvCollPH,1296,208,002B5BA1,0,1,1,4294967295,0,0
oInvCollPH,1312,208,00370D53,0,1,1,4294967295,0,0
oInvCollPH,1328,208,002AC32F,0,1,1,4294967295,0,0
oInvCollPH,1344,208,000CE535,0,1,1,4294967295,0,0
oInvCollPH,1360,208,00240B35,0,1,1,4294967295,0,0
oInvCollPH,1376,208,000A6924,0,1,1,4294967295,0,0
oInvCollPH,1392,208,0015F296,0,1,1,4294967295,0,0
oInvCollPH,1408,208,000D43BB,0,1,1,4294967295,0,0
oInvCollPH,1424,208,0007E399,0,1,1,4294967295,0,0
oInvCollPH,1440,208,002BFBB4,0,1,1,4294967295,0,0
oInvCollPH,1456,208,002FCFE4,0,1,1,4294967295,0,0
oInvCollPH,1472,208,00149883,0,1,1,4294967295,0,0
oInvCollPH,1488,208,003C80CA,0,1,1,4294967295,0,0
oInvCollPH,1504,208,002D4B25,0,1,1,4294967295,0,0
oInvCollPH,1520,208,003AF959,0,1,1,4294967295,0,0
oInvCollPH,1536,208,002DA910,0,1,1,4294967295,0,0
oInvCollPH,1552,208,00143C98,0,1,1,4294967295,0,0
oInvCollPH,1568,208,00317406,0,1,1,4294967295,0,0
oInvCollPH,1584,208,002743F0,0,1,1,4294967295,0,0
oInvCollPH,1600,208,003D6642,0,1,1,4294967295,0,0
oInvCollPH,1632,208,0004A166,0,1,1,4294967295,0,0
oInvCollPH,1648,208,001C273D,0,1,1,4294967295,0,0
oInvCollPH,1664,208,001D4B46,0,1,1,4294967295,0,0
oInvCollPH,1680,208,00088196,0,1,1,4294967295,0,0
oInvCollPH,1696,208,003CA1AA,0,1,1,4294967295,0,0
oInvCollPH,1712,208,0035578D,0,1,1,4294967295,0,0
oInvCollPH,1728,208,0008C157,0,1,1,4294967295,0,0
oInvCollPH,1744,208,0036AD3F,0,1,1,4294967295,0,0
oInvCollPH,1760,208,002AAAF6,0,1,1,4294967295,0,0
oInvCollPH,1616,208,00353073,0,1,1,4294967295,0,0
oInvCollPH,1776,208,00364187,0,1,1,4294967295,0,0
oInvCollPH,1792,208,002DE73B,0,1,1,4294967295,0,0
oInvCollPH,1808,208,000ED17B,0,1,1,4294967295,0,0
oInvCollPH,1824,208,0003020C,0,1,1,4294967295,0,0
oInvCollPH,1840,208,002471D7,0,1,1,4294967295,0,0
oInvCollPH,1856,208,003D22E5,0,1,1,4294967295,0,0
oInvCollPH,1872,208,003F39D6,0,1,1,4294967295,0,0
oInvCollPH,96,0,003BFE60,0,1,1,4294967295,0,0
oInvCollPH,112,16,00006E29,0,1,1,4294967295,0,0
oInvCollPH,128,16,000C59F2,0,1,1,4294967295,0,0
oInvCollPH,128,0,001BF90A,0,1,1,4294967295,0,0
oInvCollPH,112,32,002626C8,0,1,1,4294967295,0,0
oInvCollPH,112,48,000B2ED3,0,1,1,4294967295,0,0
oInvCollPH,128,48,0028A52C,0,1,1,4294967295,0,0
oInvCollPH,128,32,00011AE9,0,1,1,4294967295,0,0
oInvCollPH,2464,16,000E36AD,0,1,1,4294967295,0,0
oInvCollPH,2464,32,003D8507,0,1,1,4294967295,0,0
oInvCollPH,2464,48,0003F01D,0,1,1,4294967295,0,0
oInvCollPH,2496,80,000AECFE,0,1,1,4294967295,0,0
oInvCollPH,2496,96,000E9D72,0,1,1,4294967295,0,0
oInvCollPH,2496,112,001FE2EE,0,1,1,4294967295,0,0
oInvCollPH,2496,128,001C80D0,0,1,1,4294967295,0,0
oInvCollPH,2496,144,001BF356,0,1,1,4294967295,0,0
oInvCollPH,2512,144,000A79C5,0,1,1,4294967295,0,0
oInvCollPH,2528,144,0019C3A3,0,1,1,4294967295,0,0
oInvCollPH,2544,144,00224124,0,1,1,4294967295,0,0
oInvCollPH,2560,144,003CAE94,0,1,1,4294967295,0,0
oInvCollPH,2576,144,000BE6EC,0,1,1,4294967295,0,0
oInvCollPH,2480,48,002EC62D,0,1,1,4294967295,0,0
oInvCollPH,2528,224,001B172E,0,1,1,4294967295,0,0
oInvCollPH,2544,224,0022379E,0,1,1,4294967295,0,0
oInvCollPH,2560,224,000E6C9D,0,1,1,4294967295,0,0
oInvCollPH,2576,224,0010EDD2,0,1,1,4294967295,0,0
oInvCollPH,2448,160,00033DF3,0,1,1,4294967295,0,0
oInvCollPH,2400,112,002CA1C0,0,1,1,4294967295,0,0
oInvCollPH,2400,128,001C7B3E,0,1,1,4294967295,0,0
oInvCollPH,2400,144,000106A3,0,1,1,4294967295,0,0
oInvCollPH,2400,160,000C3BBC,0,1,1,4294967295,0,0
oInvCollPH,2416,160,0037847E,0,1,1,4294967295,0,0
oInvCollPH,2416,144,00283AE9,0,1,1,4294967295,0,0
oInvCollPH,2416,128,001BDD29,0,1,1,4294967295,0,0
oInvCollPH,2416,112,000A838E,0,1,1,4294967295,0,0
oInvCollPH,2416,96,000430E4,0,1,1,4294967295,0,0
oInvisibleSolid,0,304,00024B16,0,1,1,4294967295,0,1
oInvisibleSolid,0,0,001EEC7B,0,1,1,4294967295,0,1
oInvisibleSolid,0,96,0015407C,0,1,1,4294967295,0,1
oInvisibleSolid,0,176,000EAC74,0,1,1,4294967295,0,1
oInvisibleSolid,128,256,003A1032,0,1,1,4294967295,0,1
oInvisibleSolid,688,128,00095CBB,0,1,1,4294967295,0,1
oInvisibleSolid,816,128,00276AE5,0,1,1,4294967295,0,1
oInvisibleSolid,944,128,0004DFA5,0,1,1,4294967295,0,1
oIVaultCir3,816,144,001FA623,0,1,1,4294967295,0,0
oIVaultCir4,848,144,002FA86B,0,1,1,4294967295,0,0
oInvisibleSolid,1104,224,00140A19,0,1,1,4294967295,0,1
oInvisibleSolid,1104,0,0020862C,0,1,1,4294967295,0,1
oInvisibleSolid,1040,128,00019921,0,1,1,4294967295,0,1
oInvisibleSolid,1040,304,00326840,0,1,1,4294967295,0,1
oInvisibleSolid,1120,208,00327B0F,0,1,1,4294967295,0,1
oInvisibleSolid,1264,144,003DFDF0,0,1,1,4294967295,0,1
oInvisibleSolid,1264,160,002EE977,0,1,1,4294967295,0,1
oInvisibleSolid,1280,208,000B19E4,0,1,1,4294967295,0,1
oInvisibleSolid,1888,176,0002F3D7,0,1,1,4294967295,0,1
oInvisibleSolid,1904,224,0036CEFC,0,1,1,4294967295,0,0
oInvisibleSolid,1920,224,0004AC31,0,1,1,4294967295,0,1
oInvisibleSolid,1936,272,00119103,0,1,1,4294967295,0,1
oInvisibleSolid,1952,224,0037E016,0,1,1,4294967295,0,1
oInvisibleSolid,2080,224,00216595,0,1,1,4294967295,0,1
oInvisibleSolid,2272,224,0039D9AE,0,1,1,4294967295,0,1
oInvisibleSolid,2368,224,002542DD,0,1,1,4294967295,0,1
oInvisibleSolid,2464,0,00323A29,0,1,1,4294967295,0,1
oInvisibleSolid,2496,64,0028A826,0,1,1,4294967295,0,1
oInvisibleSolid,64,0,001F0B2E,0,1,1,4294967295,0,1
oInvisibleSolid,112,0,0037EBE6,0,1,1,4294967295,0,1
oInvisibleSolid,2432,160,00222182,0,1,1,4294967295,0,1
oInvisibleSolid,2400,96,003EB416,0,1,1,4294967295,0,1
oMapDoor,2408,64,002CB376,0,1,1,4294967295,0,1
