oExit,0,272,0029BC6A,0,1,1,4294967295,0,1
oExit,1552,240,002B5067,0,1,1,4294967295,0,1
oMetCacatac,272,288,0013F28F,0,1,1,4294967295,0,0
oMetCacatac,1184,272,003B04A1,0,1,1,4294967295,0,0
oMetSkree,1040,144,0027B29C,0,1,1,4294967295,0,0
oMetSkree,1328,144,00157328,0,1,1,4294967295,0,1
oMetRipper,664,280,00365493,0,1,1,4294967295,0,1
oPlayer1,64,304,001F6418,0,1,1,4294967295,0,0
oMetroidDoorHolder,16,272,002277C1,0,1,1,4294967295,0,1
oMetroidDoorHolder,1536,240,000D732B,0,1,1,4294967295,0,1
oBreakableMetroidWall,496,272,0016E86E,0,1,1,4294967295,0,1
oMetLava,880,288,00148DA8,0,1,1,4294967295,0,1
oInvCollPH,16,96,0007458C,0,1,1,4294967295,0,0
oInvCollPH,16,112,0019ECFE,0,1,1,4294967295,0,0
oInvCollPH,16,128,003B692E,0,1,1,4294967295,0,0
oInvCollPH,16,144,003AF86C,0,1,1,4294967295,0,0
oInvCollPH,16,160,00323EC0,0,1,1,4294967295,0,0
oInvCollPH,16,176,002ED713,0,1,1,4294967295,0,0
oInvCollPH,16,192,0027EB1F,0,1,1,4294967295,0,0
oInvCollPH,16,208,0010CBF7,0,1,1,4294967295,0,0
oInvCollPH,16,224,0024AA46,0,1,1,4294967295,0,0
oInvCollPH,0,224,003EA305,0,1,1,4294967295,0,0
oInvCollPH,240,288,0009053D,0,1,1,4294967295,0,0
oInvCollPH,256,288,000DA3F3,0,1,1,4294967295,0,0
oInvCollPH,272,288,0026C532,0,1,1,4294967295,0,0
oInvCollPH,288,288,000417D6,0,1,1,4294967295,0,0
oInvCollPH,16,304,0038E14F,0,1,1,4294967295,0,0
oInvCollPH,32,304,00323710,0,1,1,4294967295,0,0
oInvCollPH,48,304,001D0A42,0,1,1,4294967295,0,0
oInvCollPH,64,304,000C0DC2,0,1,1,4294967295,0,0
oInvCollPH,80,304,000E163B,0,1,1,4294967295,0,0
oInvCollPH,96,304,0025A15E,0,1,1,4294967295,0,0
oInvCollPH,112,304,003B7B74,0,1,1,4294967295,0,0
oInvCollPH,128,304,0030BEA5,0,1,1,4294967295,0,0
oInvCollPH,144,304,0032C1A0,0,1,1,4294967295,0,0
oInvCollPH,304,304,00221F52,0,1,1,4294967295,0,0
oInvCollPH,464,304,002B2D68,0,1,1,4294967295,0,0
oInvCollPH,448,304,0016CC63,0,1,1,4294967295,0,0
oInvCollPH,432,304,003C3F89,0,1,1,4294967295,0,0
oInvCollPH,416,304,001415E4,0,1,1,4294967295,0,0
oInvCollPH,400,304,0037A679,0,1,1,4294967295,0,0
oInvCollPH,384,304,00067E34,0,1,1,4294967295,0,0
oInvCollPH,368,304,001231CE,0,1,1,4294967295,0,0
oInvCollPH,352,304,00320F07,0,1,1,4294967295,0,0
oInvCollPH,336,304,000E17FA,0,1,1,4294967295,0,0
oInvCollPH,320,304,002A038E,0,1,1,4294967295,0,0
oInvCollPH,208,304,00163361,0,1,1,4294967295,0,0
oInvCollPH,192,304,001D63A0,0,1,1,4294967295,0,0
oInvCollPH,176,304,00332E21,0,1,1,4294967295,0,0
oInvCollPH,160,304,000DD0D0,0,1,1,4294967295,0,0
oInvCollPH,368,224,00133F49,0,1,1,4294967295,0,0
oInvCollPH,368,240,0032A5AF,0,1,1,4294967295,0,0
oInvCollPH,368,256,0017AAFF,0,1,1,4294967295,0,0
oInvCollPH,464,224,000FF3E9,0,1,1,4294967295,0,0
oInvCollPH,464,240,000F4156,0,1,1,4294967295,0,0
oInvCollPH,560,240,00376A20,0,1,1,4294967295,0,0
oInvCollPH,560,224,0034510C,0,1,1,4294967295,0,0
oInvCollPH,560,208,0022A006,0,1,1,4294967295,0,0
oInvCollPH,736,224,002DC7AA,0,1,1,4294967295,0,0
oInvCollPH,736,240,002D0709,0,1,1,4294967295,0,0
oInvCollPH,736,256,000D8C87,0,1,1,4294967295,0,0
oInvCollPH,736,272,001CFC15,0,1,1,4294967295,0,0
oInvCollSM,480,256,002A375B,0,1,1,4294967295,0,0
oInvCollSM,496,256,00318A33,0,1,1,4294967295,0,0
oInvCollSM,512,256,0013CED6,0,1,1,4294967295,0,0
oInvCollSM,528,256,0033C583,0,1,1,4294967295,0,0
oInvCollSM,544,256,001CAD26,0,1,1,4294967295,0,0
oInvCollSM,560,256,000C9168,0,1,1,4294967295,0,0
oInvCollPH,480,304,0032CB84,0,1,1,4294967295,0,0
oInvCollPH,896,336,00364281,0,1,1,4294967295,0,0
oInvCollPH,912,336,003EBC41,0,1,1,4294967295,0,0
oInvCollPH,928,336,001B73EC,0,1,1,4294967295,0,0
oInvCollPH,944,336,003C999F,0,1,1,4294967295,0,0
oInvCollPH,960,336,00202DB7,0,1,1,4294967295,0,0
oInvCollPH,976,336,00252AE1,0,1,1,4294967295,0,0
oInvCollPH,992,336,00275E8F,0,1,1,4294967295,0,0
oInvCollPH,1008,336,00126967,0,1,1,4294967295,0,0
oInvCollPH,1024,336,00320855,0,1,1,4294967295,0,0
oInvCollPH,1424,336,00091BD5,0,1,1,4294967295,0,0
oInvCollPH,1408,336,000C6B68,0,1,1,4294967295,0,0
oInvCollPH,1392,336,001D3C5A,0,1,1,4294967295,0,0
oInvCollPH,1376,336,000BE1F5,0,1,1,4294967295,0,0
oInvCollPH,1360,336,000D0E16,0,1,1,4294967295,0,0
oInvCollPH,1344,336,002B601B,0,1,1,4294967295,0,0
oInvCollPH,1328,336,003906D6,0,1,1,4294967295,0,0
oInvCollPH,1312,336,000E8166,0,1,1,4294967295,0,0
oInvCollPH,1296,336,0025B767,0,1,1,4294967295,0,0
oInvCollPH,1280,336,001A7E81,0,1,1,4294967295,0,0
oInvCollPH,1120,336,00119DE2,0,1,1,4294967295,0,0
oInvCollPH,1136,336,002BE173,0,1,1,4294967295,0,0
oInvCollPH,1152,336,00265608,0,1,1,4294967295,0,0
oInvCollPH,1168,336,00297C58,0,1,1,4294967295,0,0
oInvCollPH,1184,336,000B1D56,0,1,1,4294967295,0,0
oInvCollPH,1040,336,00387A90,0,1,1,4294967295,0,0
oInvCollPH,1056,336,0011B614,0,1,1,4294967295,0,0
oInvCollPH,1072,336,001F7310,0,1,1,4294967295,0,0
oInvCollPH,1088,336,00195017,0,1,1,4294967295,0,0
oInvCollPH,1104,336,003311EC,0,1,1,4294967295,0,0
oInvCollPH,1200,336,003BD1FD,0,1,1,4294967295,0,0
oInvCollPH,1216,336,000F339D,0,1,1,4294967295,0,0
oInvCollPH,1232,336,003D3F20,0,1,1,4294967295,0,0
oInvCollPH,1248,336,00017D79,0,1,1,4294967295,0,0
oInvCollPH,1264,336,0035E9DC,0,1,1,4294967295,0,0
oInvCollPH,944,256,002585F6,0,1,1,4294967295,0,0
oInvCollPH,944,272,00291DD0,0,1,1,4294967295,0,0
oInvCollPH,944,288,00331BCA,0,1,1,4294967295,0,0
oInvCollPH,1056,256,00140976,0,1,1,4294967295,0,0
oInvCollPH,1056,272,00292151,0,1,1,4294967295,0,0
oInvCollPH,1056,288,001FE64B,0,1,1,4294967295,0,0
oInvCollPH,1168,272,0023EF3A,0,1,1,4294967295,0,0
oInvCollPH,1184,272,0022A044,0,1,1,4294967295,0,0
oInvCollPH,1280,272,003070E4,0,1,1,4294967295,0,0
oInvCollPH,1296,272,0036D8DF,0,1,1,4294967295,0,0
oInvCollPH,1296,256,00387A5F,0,1,1,4294967295,0,0
oInvCollPH,1312,288,00019930,0,1,1,4294967295,0,0
oInvCollPH,1328,288,00017D25,0,1,1,4294967295,0,0
oInvCollPH,1328,272,001CFC23,0,1,1,4294967295,0,0
oInvCollPH,1440,288,0021C2D4,0,1,1,4294967295,0,0
oInvCollPH,1440,304,00264130,0,1,1,4294967295,0,0
oInvCollPH,1440,320,0032CE9B,0,1,1,4294967295,0,0
oInvCollPH,1456,272,0000EB72,0,1,1,4294967295,0,0
oInvCollPH,1472,272,002DFCFA,0,1,1,4294967295,0,0
oInvCollPH,1488,272,00065D9B,0,1,1,4294967295,0,0
oInvCollPH,1504,272,00209146,0,1,1,4294967295,0,0
oInvCollPH,1520,272,002FB63A,0,1,1,4294967295,0,0
oInvCollPH,1536,272,003A1D36,0,1,1,4294967295,0,0
oInvCollPH,1552,272,00378AB0,0,1,1,4294967295,0,0
oInvCollPH,1536,160,003522C8,0,1,1,4294967295,0,0
oInvCollPH,1536,176,002FE412,0,1,1,4294967295,0,0
oInvCollPH,1536,192,002505E7,0,1,1,4294967295,0,0
oInvCollPH,1552,192,002EFE20,0,1,1,4294967295,0,0
oInvCollPH,1248,160,0032AC7E,0,1,1,4294967295,0,0
oInvCollPH,1264,160,00087063,0,1,1,4294967295,0,0
oInvCollPH,1280,160,0027B4B4,0,1,1,4294967295,0,0
oInvCollPH,1296,160,00269AFE,0,1,1,4294967295,0,0
oInvCollPH,1216,144,003F215B,0,1,1,4294967295,0,0
oInvCollPH,1200,144,0002A417,0,1,1,4294967295,0,0
oInvCollPH,1184,144,001B0DEC,0,1,1,4294967295,0,0
oInvCollPH,1168,144,0028E8A1,0,1,1,4294967295,0,0
oInvCollPH,1152,144,00070EC9,0,1,1,4294967295,0,0
oInvCollPH,960,128,0008E944,0,1,1,4294967295,0,0
oInvCollPH,976,128,000F2778,0,1,1,4294967295,0,0
oInvCollPH,992,128,0030769F,0,1,1,4294967295,0,0
oInvCollPH,1008,128,00063A89,0,1,1,4294967295,0,0
oInvCollPH,1024,128,003152B5,0,1,1,4294967295,0,0
oInvCollPH,1040,128,00080E54,0,1,1,4294967295,0,0
oInvCollPH,816,272,001576FE,0,1,1,4294967295,0,0
oInvCollPH,832,272,002AB2AA,0,1,1,4294967295,0,0
oInvCollPH,848,272,003EB223,0,1,1,4294967295,0,0
oInvCollPH,864,272,000C65EF,0,1,1,4294967295,0,0
oInvCollPH,864,288,002A9D41,0,1,1,4294967295,0,0
oInvCollPH,864,304,0022974B,0,1,1,4294967295,0,0
oInvCollPH,864,320,0036B30E,0,1,1,4294967295,0,0
oInvCollPH,784,288,003AB62D,0,1,1,4294967295,0,0
oInvCollPH,768,288,00024857,0,1,1,4294967295,0,0
oInvCollPH,752,288,003FAE33,0,1,1,4294967295,0,0
oInvCollPH,720,288,001ECF61,0,1,1,4294967295,0,0
oInvCollPH,512,288,000DAC03,0,1,1,4294967295,0,0
oInvCollPH,528,288,000DEBC5,0,1,1,4294967295,0,0
oInvCollPH,544,288,00269C76,0,1,1,4294967295,0,0
oInvCollPH,560,288,003FED55,0,1,1,4294967295,0,0
oInvCollPH,640,288,003542DD,0,1,1,4294967295,0,0
oInvCollPH,624,288,00042A6D,0,1,1,4294967295,0,0
oInvCollPH,608,288,00223B7E,0,1,1,4294967295,0,0
oInvCollPH,592,288,0015E735,0,1,1,4294967295,0,0
oInvCollPH,576,288,000A5890,0,1,1,4294967295,0,0
oInvCollPH,704,288,00247B93,0,1,1,4294967295,0,0
oInvCollPH,688,288,001B5BDA,0,1,1,4294967295,0,0
oInvCollPH,672,288,002510AB,0,1,1,4294967295,0,0
oInvCollPH,656,288,00243245,0,1,1,4294967295,0,0
oInvCollPH,64,80,0022E4BA,0,1,1,4294967295,0,0
oInvCollPH,48,80,001843C5,0,1,1,4294967295,0,0
oInvCollPH,32,80,003EDDF6,0,1,1,4294967295,0,0
oInvCollPH,144,80,0006AA49,0,1,1,4294967295,0,0
oInvCollPH,128,80,0022105B,0,1,1,4294967295,0,0
oInvCollPH,112,80,003460E1,0,1,1,4294967295,0,0
oInvCollPH,96,80,00051D41,0,1,1,4294967295,0,0
oInvCollPH,80,80,000D971C,0,1,1,4294967295,0,0
oInvCollPH,160,80,000CE34B,0,1,1,4294967295,0,0
oInvCollPH,768,128,001F4354,0,1,1,4294967295,0,0
oInvCollPH,176,96,0014FB1A,0,1,1,4294967295,0,0
oInvCollPH,176,112,0017E23A,0,1,1,4294967295,0,0
oInvCollPH,176,128,0001D371,0,1,1,4294967295,0,0
oInvCollPH,192,128,00302C17,0,1,1,4294967295,0,0
oInvCollPH,208,128,000C94B0,0,1,1,4294967295,0,0
oInvCollPH,224,128,000AFDB9,0,1,1,4294967295,0,0
oInvCollPH,240,128,002D2CB3,0,1,1,4294967295,0,0
oInvCollPH,256,128,0024D1BA,0,1,1,4294967295,0,0
oInvCollPH,272,128,0039AF24,0,1,1,4294967295,0,0
oInvCollPH,288,128,000F5AB5,0,1,1,4294967295,0,0
oInvCollPH,304,128,0001310C,0,1,1,4294967295,0,0
oInvCollPH,320,128,003B9619,0,1,1,4294967295,0,0
oInvCollPH,336,128,0000D68F,0,1,1,4294967295,0,0
oInvCollPH,352,128,00388A55,0,1,1,4294967295,0,0
oInvCollPH,368,128,000EB6A2,0,1,1,4294967295,0,0
oInvCollPH,384,128,001F1D1C,0,1,1,4294967295,0,0
oInvCollPH,400,128,002BE799,0,1,1,4294967295,0,0
oInvCollPH,416,128,001C9C15,0,1,1,4294967295,0,0
oInvCollPH,432,128,00060CC5,0,1,1,4294967295,0,0
oInvCollPH,448,128,00335B28,0,1,1,4294967295,0,0
oInvCollPH,576,192,000CE4CE,0,1,1,4294967295,0,0
oInvCollPH,592,192,002FC482,0,1,1,4294967295,0,0
oInvCollPH,608,192,000721CF,0,1,1,4294967295,0,0
oInvCollPH,624,192,0019580F,0,1,1,4294967295,0,0
oInvCollPH,640,176,0007E271,0,1,1,4294967295,0,0
oInvCollPH,656,176,0001D9C6,0,1,1,4294967295,0,0
oInvCollPH,672,176,002A3D25,0,1,1,4294967295,0,0
oInvCollPH,688,176,001AFFCB,0,1,1,4294967295,0,0
oInvCollPH,464,160,0018271E,0,1,1,4294967295,0,0
oInvCollPH,704,160,000241F4,0,1,1,4294967295,0,0
oInvCollPH,720,160,00341A04,0,1,1,4294967295,0,0
oInvCollPH,736,160,000880CD,0,1,1,4294967295,0,0
oInvCollPH,752,160,001E7B87,0,1,1,4294967295,0,0
oInvCollPH,768,160,0007188D,0,1,1,4294967295,0,0
oInvCollPH,768,144,0009D0E9,0,1,1,4294967295,0,0
oInvCollPH,1136,128,0033C3E9,0,1,1,4294967295,0,0
oInvCollPH,1296,144,001922E2,0,1,1,4294967295,0,0
oInvCollPH,1312,128,000C9E30,0,1,1,4294967295,0,0
oInvCollPH,1328,128,000AF02E,0,1,1,4294967295,0,0
oInvCollPH,1344,128,0036B416,0,1,1,4294967295,0,0
oInvCollPH,1360,128,003BCC07,0,1,1,4294967295,0,0
oInvCollPH,1376,128,0002793D,0,1,1,4294967295,0,0
oInvCollPH,1392,128,0004DAD5,0,1,1,4294967295,0,0
oInvCollPH,1408,128,002B064A,0,1,1,4294967295,0,0
oInvCollPH,1424,128,00250701,0,1,1,4294967295,0,0
oInvCollPH,1440,128,00218AEA,0,1,1,4294967295,0,0
oInvCollPH,1456,128,000BAB6C,0,1,1,4294967295,0,0
oInvCollPH,1472,128,002EFCF3,0,1,1,4294967295,0,0
oInvCollPH,1488,128,003E28B4,0,1,1,4294967295,0,0
oInvCollPH,1504,128,0000E74A,0,1,1,4294967295,0,0
oInvCollPH,1520,128,003D0C7B,0,1,1,4294967295,0,0
oInvCollPH,784,112,000D57EB,0,1,1,4294967295,0,0
oInvCollPH,800,112,000200D1,0,1,1,4294967295,0,0
oInvCollPH,816,112,00106C46,0,1,1,4294967295,0,0
oInvCollPH,832,112,00156D0B,0,1,1,4294967295,0,0
oInvCollPH,848,112,00382B3D,0,1,1,4294967295,0,0
oInvCollPH,864,112,001BF286,0,1,1,4294967295,0,0
oInvCollPH,880,112,0012B59F,0,1,1,4294967295,0,0
oInvCollPH,896,112,00384079,0,1,1,4294967295,0,0
oInvCollPH,912,112,003268CF,0,1,1,4294967295,0,0
oInvCollPH,928,112,003A1152,0,1,1,4294967295,0,0
oInvCollPH,1056,112,003107A0,0,1,1,4294967295,0,0
oInvCollPH,1072,112,00270511,0,1,1,4294967295,0,0
oInvCollPH,1088,112,003D9EAD,0,1,1,4294967295,0,0
oInvCollPH,1104,112,0025B4EA,0,1,1,4294967295,0,0
oInvCollPH,1120,112,001B1C1B,0,1,1,4294967295,0,0
oInvisibleSolid,0,96,00031CC2,0,1,1,4294967295,0,1
oInvisibleSolid,224,288,00240C62,0,1,1,4294967295,0,1
oInvisibleSolid,464,208,0039277B,0,1,1,4294967295,0,1
oInvisibleSolid,0,304,003E5472,0,1,1,4294967295,0,1
oInvisibleSolid,736,208,00369EE0,0,1,1,4294967295,0,1
oInvisibleSolid,368,208,0013962E,0,1,1,4294967295,0,1
oInvisibleSolidMorph,368,272,001C37F5,0,1,1,4294967295,0,0
oInvisibleSolidMorph,464,256,0025D0C5,0,1,1,4294967295,0,1
oInvisibleSolid,1440,272,00387AE1,0,1,1,4294967295,0,1
oInvisibleSolid,1536,144,0004A93B,0,1,1,4294967295,0,1
oInvisibleSolid,1232,160,00076D7F,0,1,1,4294967295,0,1
oInvisibleSolid,1136,144,00315063,0,1,1,4294967295,0,1
oInvisibleSolid,1136,0,003322BE,0,1,1,4294967295,0,1
oInvisibleSolid,944,128,003EEEA5,0,1,1,4294967295,0,1
oInvisibleSolid,944,240,0013DDFD,0,1,1,4294967295,0,1
oInvisibleSolid,1056,240,00128994,0,1,1,4294967295,0,1
oInvisibleSolid,1152,272,001AA91E,0,1,1,4294967295,0,1
oInvisibleSolid,1280,256,001793A8,0,1,1,4294967295,0,1
oInvisibleSolid,1312,272,003592D2,0,1,1,4294967295,0,1
oInvisibleSolid,880,336,001EB90D,0,1,1,4294967295,0,1
oInvisibleSolid,496,288,0019ADCD,0,1,1,4294967295,0,1
oInvisibleSolid,800,272,001DF575,0,1,1,4294967295,0,1
oInvisibleSolid,464,192,000A8D40,0,1,1,4294967295,0,1
oInvisibleSolid,464,176,000559B9,0,1,1,4294967295,0,1
oInvisibleSolid,464,144,000584C7,0,1,1,4294967295,0,1
oInvisibleSolid,0,0,002D48E4,0,1,1,4294967295,0,1
oInvisibleSolid,176,0,003B5A9C,0,1,1,4294967295,0,1
oInvisibleSolid,784,0,0018CA3D,0,1,1,4294967295,0,1
oInvisibleSolidMorph,944,304,001F205C,0,1,1,4294967295,0,0
oInvisibleSolidMorph,1056,304,0039DE5A,0,1,1,4294967295,0,0
oGametSpawner,176,320,0032633B,0,1,1,4294967295,0,1
