oExit,0,96,0012B366,0,1,1,4294967295,0,1
oCh19Spikes,96,544,0006504A,0,1,1,4294967295,0,1
oCh19Spikes,320,544,002D316A,0,1,1,4294967295,0,1
oCh19TrapSkull,224,432,002C1230,0,1,1,4294967295,0,1
oCh19TrapSkull,224,704,000E490D,0,1,1,4294967295,0,1
oCh19TrapSkull,432,1276,001C0A95,0,1,1,4294967295,0,1
oCh19TrapSkull,48,1356,001E0CB1,0,1,1,4294967295,0,1
oCh19TrapSkull,432,1436,000DC685,0,1,1,4294967295,0,1
oCh19TrapSkull,80,1516,0004BB77,0,1,1,4294967295,0,1
oCh19TrapSkull,400,1596,0006DCB6,0,1,1,4294967295,0,1
oExit,464,1952,0030BC62,0,1,1,4294967295,0,1
oCh19TrapSkull,48,440,002D92CA,0,1,1,4294967295,0,1
oCh19TrapSkull,432,540,0020833A,0,1,1,4294967295,0,1
oCh19TrapSkull,432,508,00351BE0,0,1,1,4294967295,0,1
oCh19TrapSkull,48,592,003E73FC,0,1,1,4294967295,0,1
oCh19TrapSkull,48,624,003E8703,0,1,1,4294967295,0,1
oCh19TrapSkull,432,592,0019086E,0,1,1,4294967295,0,1
oCh19TrapSkull,400,592,003E9D1F,0,1,1,4294967295,0,1
oCh19TrapSkull,176,880,0038EDA7,0,1,1,4294967295,0,1
oCh19TrapSkull,144,1024,00031CEF,0,1,1,4294967295,0,1
oCh19TrapSkull,176,1120,001D333D,0,1,1,4294967295,0,1
oCh19TrapSkull,240,1184,0021CDF7,0,1,1,4294967295,0,1
oCh19TrapSkull,304,1248,00310491,0,1,1,4294967295,0,1
oCh19TrapSkull,432,968,003B2065,0,1,1,4294967295,0,1
oExit,0,1952,003D7473,0,1,1,4294967295,0,1
oHealingPost,352,1984,00134CC6,0,1,1,4294967295,0,0
oSwitchHolder,392,488,001D4D6E,0,1,1,4294967295,0,1
oSwitchHolder,224,816,000DDFCE,0,1,1,4294967295,0,1
oSwitchHolder,80,992,000E1E62,0,1,1,4294967295,0,1
oSwitchHolder,240,1896,003EEE68,0,1,1,4294967295,0,0
oSwitchHolder,240,1488,00155E3D,0,1,1,4294967295,0,1
oSwitchHolder,400,1424,000B1C4A,0,1,1,4294967295,0,1
oSwitchHolder,80,1360,0026A139,0,1,1,4294967295,0,1
oMovingPlatform,96,1296,003AE3B9,0,1,1,4294967295,0,1
oMovingPlatform,320,1376,002AD0C7,0,1,1,4294967295,0,1
oMovingPlatform,96,1456,0002A42C,0,1,1,4294967295,0,1
oMovingPlatform,320,1536,0004658C,0,1,1,4294967295,0,1
oMovingPlatform,96,1616,0016228A,0,1,1,4294967295,0,1
oSwitchBarrier,192,576,002420D5,0,1,1,4294967295,0,1
oSwitchBarrier,128,720,0033122B,0,1,1,4294967295,0,1
oSwitchBarrier,32,1248,002CE6C1,0,1,1,4294967295,0,1
oSwitchBarrier,32,1728,00125F0F,0,1,1,4294967295,0,1
oSwitchBarrier,32,1744,0026A5F8,0,1,1,4294967295,0,1
oSwitchBarrier,32,1760,0022B537,0,1,1,4294967295,0,1
oWeaponLevelUpgrade,432,112,0027EC07,0,1,1,4294967295,0,1
oSwitchBarrier,384,64,00077ADA,0,1,1,4294967295,0,1
oSwitchBarrier,64,432,00032F19,0,1,1,4294967295,0,1
oSwitchBarrier,400,496,0012938A,0,1,1,4294967295,0,1
oSwitchBarrier,64,576,001FC3F7,0,1,1,4294967295,0,1
oSwitchBarrier,384,656,002FD649,0,1,1,4294967295,0,1
oSwitchBarrier,192,896,002DB8EF,0,1,1,4294967295,0,1
oSwitchBarrier,160,1040,00213733,0,1,1,4294967295,0,1
oSwitchBarrier,160,1144,00248BDB,0,1,1,4294967295,0,1
oSwitchBarrier,224,1208,0004E4A9,0,1,1,4294967295,0,1
oSwitchBarrier,288,1272,002F193A,0,1,1,4294967295,0,1
oSwitchBarrier,400,960,000F724A,0,1,1,4294967295,0,1
oLargeJumper,420,872,0013BD30,0,1,1,4294967295,0,0
oCh19SwingTrap,32,1184,00242BAB,0,1,1,4294967295,0,1
oCh19SwingTrap,448,1184,00059E45,0,1,1,4294967295,0,1
oCh19SwingTrap,32,1552,0018A66D,0,1,1,4294967295,0,1
oCh19SwingTrap,32,1584,002B67BE,0,1,1,4294967295,0,1
oCh19SwingTrap,448,1552,002BEF1A,0,1,1,4294967295,0,1
oCh19SwingTrap,448,1584,000BCCFA,0,1,1,4294967295,0,1
oPlayer1,48,128,0032C436,0,1,1,4294967295,0,0
oInvCollPH,16,128,0039DFAF,0,1,1,4294967295,0,0
oInvCollPH,32,128,0039561B,0,1,1,4294967295,0,0
oInvCollPH,48,128,0017BBA7,0,1,1,4294967295,0,0
oInvCollPH,64,128,0014BB0F,0,1,1,4294967295,0,0
oInvCollPH,80,128,0002324D,0,1,1,4294967295,0,0
oInvCollPH,96,128,00077E7D,0,1,1,4294967295,0,0
oInvCollPH,112,128,00190B15,0,1,1,4294967295,0,0
oInvCollPH,128,128,0020E500,0,1,1,4294967295,0,0
oInvCollPH,144,128,001AFC90,0,1,1,4294967295,0,0
oInvCollPH,144,144,0010854E,0,1,1,4294967295,0,0
oInvCollPH,144,160,000E816F,0,1,1,4294967295,0,0
oInvCollPH,144,176,002ECAD1,0,1,1,4294967295,0,0
oInvCollPH,144,192,0020DDAF,0,1,1,4294967295,0,0
oInvCollPH,144,208,003B40B4,0,1,1,4294967295,0,0
oInvCollPH,144,224,0017589C,0,1,1,4294967295,0,0
oInvCollPH,144,240,00178078,0,1,1,4294967295,0,0
oInvCollPH,144,256,003735F9,0,1,1,4294967295,0,0
oInvCollPH,128,256,002045A0,0,1,1,4294967295,0,0
oInvCollPH,112,256,002D4F04,0,1,1,4294967295,0,0
oInvCollPH,80,240,001B3478,0,1,1,4294967295,0,0
oInvCollPH,64,240,00288871,0,1,1,4294967295,0,0
oInvCollPH,48,240,001DE295,0,1,1,4294967295,0,0
oInvCollPH,32,240,001E83BB,0,1,1,4294967295,0,0
oInvCollPH,0,48,000DB305,0,1,1,4294967295,0,0
oInvCollPH,16,48,0006581B,0,1,1,4294967295,0,0
oInvCollPH,32,48,001E9903,0,1,1,4294967295,0,0
oInvCollPH,48,48,00113C72,0,1,1,4294967295,0,0
oInvCollPH,64,48,00335B6D,0,1,1,4294967295,0,0
oInvCollPH,80,48,00312BE8,0,1,1,4294967295,0,0
oInvCollPH,96,48,002DA9EC,0,1,1,4294967295,0,0
oInvCollPH,112,48,0002D88D,0,1,1,4294967295,0,0
oInvCollPH,128,48,0002DCA6,0,1,1,4294967295,0,0
oInvCollPH,144,48,0006EA85,0,1,1,4294967295,0,0
oInvCollPH,160,48,000DA29F,0,1,1,4294967295,0,0
oInvCollPH,176,48,002BD2FD,0,1,1,4294967295,0,0
oInvCollPH,192,48,001A26FC,0,1,1,4294967295,0,0
oInvCollPH,208,48,00182663,0,1,1,4294967295,0,0
oInvCollPH,224,48,001F11DA,0,1,1,4294967295,0,0
oInvCollPH,240,48,001486A9,0,1,1,4294967295,0,0
oInvCollPH,256,48,000915E7,0,1,1,4294967295,0,0
oInvCollPH,272,48,001EDC00,0,1,1,4294967295,0,0
oInvCollPH,288,48,002A2AAB,0,1,1,4294967295,0,0
oInvCollPH,304,48,00395AEF,0,1,1,4294967295,0,0
oInvCollPH,320,48,0035B090,0,1,1,4294967295,0,0
oInvCollPH,336,48,001FEE61,0,1,1,4294967295,0,0
oInvCollPH,352,48,001EFB2B,0,1,1,4294967295,0,0
oInvCollPH,368,48,0031763A,0,1,1,4294967295,0,0
oInvCollPH,384,48,0008428D,0,1,1,4294967295,0,0
oInvCollPH,400,48,0016BC40,0,1,1,4294967295,0,0
oInvCollPH,416,48,003FCCB4,0,1,1,4294967295,0,0
oInvCollPH,432,48,00344F91,0,1,1,4294967295,0,0
oInvCollPH,32,1984,0027CFF9,0,1,1,4294967295,0,0
oInvCollPH,48,1984,000D9E5A,0,1,1,4294967295,0,0
oInvCollPH,64,1984,0025FACD,0,1,1,4294967295,0,0
oInvCollPH,80,1984,0023D13B,0,1,1,4294967295,0,0
oInvCollPH,96,1984,00179361,0,1,1,4294967295,0,0
oInvCollPH,112,1984,00300A70,0,1,1,4294967295,0,0
oInvCollPH,128,1984,002FD8D8,0,1,1,4294967295,0,0
oInvCollPH,144,1984,00267E5F,0,1,1,4294967295,0,0
oInvCollPH,160,1984,001E0AFE,0,1,1,4294967295,0,0
oInvCollPH,176,1984,00121F1F,0,1,1,4294967295,0,0
oInvCollPH,192,1984,001B142C,0,1,1,4294967295,0,0
oInvCollPH,208,1984,000F461C,0,1,1,4294967295,0,0
oInvCollPH,224,1984,000662A0,0,1,1,4294967295,0,0
oInvCollPH,240,1984,001E07C6,0,1,1,4294967295,0,0
oInvCollPH,256,1984,0029C3E8,0,1,1,4294967295,0,0
oInvCollPH,272,1984,00312918,0,1,1,4294967295,0,0
oInvCollPH,288,1984,0001E1AF,0,1,1,4294967295,0,0
oInvCollPH,304,1984,001C249D,0,1,1,4294967295,0,0
oInvCollPH,320,1984,00172EA1,0,1,1,4294967295,0,0
oInvCollPH,336,1984,003815BA,0,1,1,4294967295,0,0
oInvCollPH,352,1984,002A3D99,0,1,1,4294967295,0,0
oInvCollPH,368,1984,00291D66,0,1,1,4294967295,0,0
oInvCollPH,384,1984,00310E11,0,1,1,4294967295,0,0
oInvCollPH,400,1984,0010917E,0,1,1,4294967295,0,0
oInvCollPH,416,1984,001E6E3B,0,1,1,4294967295,0,0
oInvCollPH,432,1984,00137B57,0,1,1,4294967295,0,0
oInvCollPH,448,1984,0029C989,0,1,1,4294967295,0,0
oInvCollPH,464,1984,0035C70A,0,1,1,4294967295,0,0
oInvCollPH,448,80,0024841B,0,1,1,4294967295,0,0
oInvCollPH,448,96,000B4BF7,0,1,1,4294967295,0,0
oInvCollPH,448,112,00401AA9,0,1,1,4294967295,0,0
oInvCollPH,448,128,001B885D,0,1,1,4294967295,0,0
oInvCollPH,448,144,004022D2,0,1,1,4294967295,0,0
oInvCollPH,448,160,0011E884,0,1,1,4294967295,0,0
oInvCollPH,448,176,00012E84,0,1,1,4294967295,0,0
oInvCollPH,448,192,003FB798,0,1,1,4294967295,0,0
oInvCollPH,448,208,001D3E12,0,1,1,4294967295,0,0
oInvCollPH,448,224,000ADB75,0,1,1,4294967295,0,0
oInvCollPH,448,240,003DB7FD,0,1,1,4294967295,0,0
oInvCollPH,448,256,001F8110,0,1,1,4294967295,0,0
oInvCollPH,448,272,0026290A,0,1,1,4294967295,0,0
oInvCollPH,448,288,0023C293,0,1,1,4294967295,0,0
oInvCollPH,448,304,002E8EFA,0,1,1,4294967295,0,0
oInvCollPH,448,320,000F525E,0,1,1,4294967295,0,0
oInvCollPH,448,336,003BED60,0,1,1,4294967295,0,0
oInvCollPH,448,352,00025216,0,1,1,4294967295,0,0
oInvCollPH,448,368,00039177,0,1,1,4294967295,0,0
oInvCollPH,448,384,0030665F,0,1,1,4294967295,0,0
oInvCollPH,432,400,00298163,0,1,1,4294967295,0,0
oInvCollPH,448,416,0027118B,0,1,1,4294967295,0,0
oInvCollPH,448,432,0013D677,0,1,1,4294967295,0,0
oInvCollPH,448,448,00097ECB,0,1,1,4294967295,0,0
oInvCollPH,448,464,002BEC99,0,1,1,4294967295,0,0
oInvCollPH,448,480,002906E6,0,1,1,4294967295,0,0
oInvCollPH,448,496,003BBDE1,0,1,1,4294967295,0,0
oInvCollPH,448,512,003870F4,0,1,1,4294967295,0,0
oInvCollPH,448,528,00391475,0,1,1,4294967295,0,0
oInvCollPH,448,544,00222204,0,1,1,4294967295,0,0
oInvCollPH,432,560,0010E468,0,1,1,4294967295,0,0
oInvCollPH,448,576,00207F4E,0,1,1,4294967295,0,0
oInvCollPH,448,592,0039314A,0,1,1,4294967295,0,0
oInvCollPH,448,608,000AD4A9,0,1,1,4294967295,0,0
oInvCollPH,448,624,00087BBE,0,1,1,4294967295,0,0
oInvCollPH,448,640,003D1A7F,0,1,1,4294967295,0,0
oInvCollPH,448,656,0004051D,0,1,1,4294967295,0,0
oInvCollPH,448,672,000207D2,0,1,1,4294967295,0,0
oInvCollPH,448,688,002FFF7A,0,1,1,4294967295,0,0
oInvCollPH,448,704,00028177,0,1,1,4294967295,0,0
oInvCollPH,448,720,000B0067,0,1,1,4294967295,0,0
oInvCollPH,448,736,0038072E,0,1,1,4294967295,0,0
oInvCollPH,448,752,001023B0,0,1,1,4294967295,0,0
oInvCollPH,448,768,001C57A9,0,1,1,4294967295,0,0
oInvCollPH,448,784,001FEDBF,0,1,1,4294967295,0,0
oInvCollPH,448,800,00362A9A,0,1,1,4294967295,0,0
oInvCollPH,448,816,00395690,0,1,1,4294967295,0,0
oInvCollPH,448,832,003A7AAF,0,1,1,4294967295,0,0
oInvCollPH,448,848,003E4CCF,0,1,1,4294967295,0,0
oInvCollPH,448,864,003CE29A,0,1,1,4294967295,0,0
oInvCollPH,448,880,00285EEC,0,1,1,4294967295,0,0
oInvCollPH,432,896,000B09D9,0,1,1,4294967295,0,0
oInvCollPH,448,912,0030EC99,0,1,1,4294967295,0,0
oInvCollPH,448,928,000BC92B,0,1,1,4294967295,0,0
oInvCollPH,448,944,00219CFD,0,1,1,4294967295,0,0
oInvCollPH,448,960,003806F5,0,1,1,4294967295,0,0
oInvCollPH,448,976,002AB6F7,0,1,1,4294967295,0,0
oInvCollPH,448,992,00068ED9,0,1,1,4294967295,0,0
oInvCollPH,448,1008,00022CB5,0,1,1,4294967295,0,0
oInvCollPH,448,1024,0023FCB0,0,1,1,4294967295,0,0
oInvCollPH,448,1040,00205EB1,0,1,1,4294967295,0,0
oInvCollPH,448,1056,003C0D23,0,1,1,4294967295,0,0
oInvCollPH,448,1072,00279F19,0,1,1,4294967295,0,0
oInvCollPH,448,1088,0031501E,0,1,1,4294967295,0,0
oInvCollPH,448,1104,003CC44D,0,1,1,4294967295,0,0
oInvCollPH,448,1120,00357F12,0,1,1,4294967295,0,0
oInvCollPH,448,1136,001A3ED8,0,1,1,4294967295,0,0
oInvCollPH,448,1152,003D72B0,0,1,1,4294967295,0,0
oInvCollPH,448,1168,0015C096,0,1,1,4294967295,0,0
oInvCollPH,448,1184,0033F15F,0,1,1,4294967295,0,0
oInvCollPH,448,1200,0038330E,0,1,1,4294967295,0,0
oInvCollPH,448,1216,002CF1EA,0,1,1,4294967295,0,0
oInvCollPH,448,1232,0004373E,0,1,1,4294967295,0,0
oInvCollPH,448,1248,000E2485,0,1,1,4294967295,0,0
oInvCollPH,448,1264,001B2859,0,1,1,4294967295,0,0
oInvCollPH,448,1280,003B6E59,0,1,1,4294967295,0,0
oInvCollPH,448,1296,0034FA51,0,1,1,4294967295,0,0
oInvCollPH,448,1312,000E4096,0,1,1,4294967295,0,0
oInvCollPH,448,1328,002E881C,0,1,1,4294967295,0,0
oInvCollPH,448,1344,0009110E,0,1,1,4294967295,0,0
oInvCollPH,448,1360,002BAEDE,0,1,1,4294967295,0,0
oInvCollPH,448,1376,001F9941,0,1,1,4294967295,0,0
oInvCollPH,448,1392,002B8506,0,1,1,4294967295,0,0
oInvCollPH,448,1408,0007FD96,0,1,1,4294967295,0,0
oInvCollPH,448,1424,0034A1F3,0,1,1,4294967295,0,0
oInvCollPH,448,1440,00368062,0,1,1,4294967295,0,0
oInvCollPH,448,1456,00239484,0,1,1,4294967295,0,0
oInvCollPH,448,1472,000D06FC,0,1,1,4294967295,0,0
oInvCollPH,448,1488,0039EA5A,0,1,1,4294967295,0,0
oInvCollPH,448,1504,000952B9,0,1,1,4294967295,0,0
oInvCollPH,448,1520,00350876,0,1,1,4294967295,0,0
oInvCollPH,448,1536,0010C9DF,0,1,1,4294967295,0,0
oInvCollPH,448,1552,002408E6,0,1,1,4294967295,0,0
oInvCollPH,448,1568,0025E8C7,0,1,1,4294967295,0,0
oInvCollPH,448,1584,0015D5A9,0,1,1,4294967295,0,0
oInvCollPH,448,1600,00050243,0,1,1,4294967295,0,0
oInvCollPH,448,1616,00339198,0,1,1,4294967295,0,0
oInvCollPH,448,1632,0012A2D1,0,1,1,4294967295,0,0
oInvCollPH,448,1648,00341A71,0,1,1,4294967295,0,0
oInvCollPH,448,1664,0035C28D,0,1,1,4294967295,0,0
oInvCollPH,448,1680,00189B1D,0,1,1,4294967295,0,0
oInvCollPH,448,1696,003ED7F9,0,1,1,4294967295,0,0
oInvCollPH,448,1712,0018F50C,0,1,1,4294967295,0,0
oInvCollPH,448,1728,001F721A,0,1,1,4294967295,0,0
oInvCollPH,448,1744,0034708F,0,1,1,4294967295,0,0
oInvCollPH,448,1760,002E42AE,0,1,1,4294967295,0,0
oInvCollPH,448,1776,0029CBB1,0,1,1,4294967295,0,0
oInvCollPH,448,1792,00396BB3,0,1,1,4294967295,0,0
oInvCollPH,448,1808,003F2A2A,0,1,1,4294967295,0,0
oInvCollPH,448,1824,002A6B09,0,1,1,4294967295,0,0
oInvCollPH,448,1840,00304C40,0,1,1,4294967295,0,0
oInvCollPH,448,1856,0030327D,0,1,1,4294967295,0,0
oInvCollPH,448,1872,00319D2A,0,1,1,4294967295,0,0
oInvCollPH,448,1888,003A16BE,0,1,1,4294967295,0,0
oInvCollPH,448,1904,00122C29,0,1,1,4294967295,0,0
oInvCollPH,464,1904,00057224,0,1,1,4294967295,0,0
oInvCollPH,16,256,001AE775,0,1,1,4294967295,0,0
oInvCollPH,16,272,003A0BBA,0,1,1,4294967295,0,0
oInvCollPH,16,288,0028CD2D,0,1,1,4294967295,0,0
oInvCollPH,16,304,00104E34,0,1,1,4294967295,0,0
oInvCollPH,16,320,001DF7DD,0,1,1,4294967295,0,0
oInvCollPH,16,336,003D325C,0,1,1,4294967295,0,0
oInvCollPH,16,352,002D5919,0,1,1,4294967295,0,0
oInvCollPH,16,368,00218FE5,0,1,1,4294967295,0,0
oInvCollPH,16,384,0029EE69,0,1,1,4294967295,0,0
oInvCollPH,16,400,002D0722,0,1,1,4294967295,0,0
oInvCollPH,16,416,003F92FC,0,1,1,4294967295,0,0
oInvCollPH,16,432,000EB467,0,1,1,4294967295,0,0
oInvCollPH,16,448,001D64CB,0,1,1,4294967295,0,0
oInvCollPH,16,464,000E21DB,0,1,1,4294967295,0,0
oInvCollPH,16,480,002F67A0,0,1,1,4294967295,0,0
oInvCollPH,16,496,002A199D,0,1,1,4294967295,0,0
oInvCollPH,16,512,002BDBE1,0,1,1,4294967295,0,0
oInvCollPH,16,528,00278138,0,1,1,4294967295,0,0
oInvCollPH,16,544,00138D6A,0,1,1,4294967295,0,0
oInvCollPH,48,560,0019A1B8,0,1,1,4294967295,0,0
oInvCollPH,16,576,001D6241,0,1,1,4294967295,0,0
oInvCollPH,16,592,00057BD1,0,1,1,4294967295,0,0
oInvCollPH,16,608,00297C46,0,1,1,4294967295,0,0
oInvCollPH,16,624,0014221C,0,1,1,4294967295,0,0
oInvCollPH,16,640,00064F81,0,1,1,4294967295,0,0
oInvCollPH,16,656,0002EA9B,0,1,1,4294967295,0,0
oInvCollPH,16,672,0019B259,0,1,1,4294967295,0,0
oInvCollPH,16,688,0026E7D0,0,1,1,4294967295,0,0
oInvCollPH,16,704,000A2F78,0,1,1,4294967295,0,0
oInvCollPH,16,720,00262733,0,1,1,4294967295,0,0
oInvCollPH,16,736,00245E66,0,1,1,4294967295,0,0
oInvCollPH,16,752,003B0207,0,1,1,4294967295,0,0
oInvCollPH,16,768,003B183C,0,1,1,4294967295,0,0
oInvCollPH,16,784,001399C5,0,1,1,4294967295,0,0
oInvCollPH,16,800,0010D9C9,0,1,1,4294967295,0,0
oInvCollPH,16,816,0007AEDC,0,1,1,4294967295,0,0
oInvCollPH,16,832,002903EA,0,1,1,4294967295,0,0
oInvCollPH,16,848,0000FBA8,0,1,1,4294967295,0,0
oInvCollPH,16,864,000D2C0B,0,1,1,4294967295,0,0
oInvCollPH,16,880,00351ADC,0,1,1,4294967295,0,0
oInvCollPH,16,896,0014EBF6,0,1,1,4294967295,0,0
oInvCollPH,16,912,000B4E1C,0,1,1,4294967295,0,0
oInvCollPH,16,928,0018D51F,0,1,1,4294967295,0,0
oInvCollPH,16,944,001B9997,0,1,1,4294967295,0,0
oInvCollPH,16,960,00163579,0,1,1,4294967295,0,0
oInvCollPH,48,976,0029F9DB,0,1,1,4294967295,0,0
oInvCollPH,16,992,000B3F7B,0,1,1,4294967295,0,0
oInvCollPH,16,1008,000E8F96,0,1,1,4294967295,0,0
oInvCollPH,16,1024,0022D105,0,1,1,4294967295,0,0
oInvCollPH,16,1040,0039C4C3,0,1,1,4294967295,0,0
oInvCollPH,16,1056,0014252A,0,1,1,4294967295,0,0
oInvCollPH,16,1072,001948D5,0,1,1,4294967295,0,0
oInvCollPH,16,1088,001803D6,0,1,1,4294967295,0,0
oInvCollPH,16,1104,000AC8C8,0,1,1,4294967295,0,0
oInvCollPH,16,1120,0033C917,0,1,1,4294967295,0,0
oInvCollPH,16,1136,00260B01,0,1,1,4294967295,0,0
oInvCollPH,16,1152,00045546,0,1,1,4294967295,0,0
oInvCollPH,16,1168,000DF39F,0,1,1,4294967295,0,0
oInvCollPH,16,1184,0014868F,0,1,1,4294967295,0,0
oInvCollPH,16,1200,001514BB,0,1,1,4294967295,0,0
oInvCollPH,16,1216,002FABBD,0,1,1,4294967295,0,0
oInvCollPH,16,1232,00155D28,0,1,1,4294967295,0,0
oInvCollPH,16,1248,002016D9,0,1,1,4294967295,0,0
oInvCollPH,16,1264,0022EEAF,0,1,1,4294967295,0,0
oInvCollPH,16,1280,001CB9FD,0,1,1,4294967295,0,0
oInvCollPH,16,1296,0040316D,0,1,1,4294967295,0,0
oInvCollPH,16,1312,0020716B,0,1,1,4294967295,0,0
oInvCollPH,16,1328,00372A23,0,1,1,4294967295,0,0
oInvCollPH,16,1344,003FAC56,0,1,1,4294967295,0,0
oInvCollPH,16,1360,003E95C0,0,1,1,4294967295,0,0
oInvCollPH,16,1376,000E94C6,0,1,1,4294967295,0,0
oInvCollPH,16,1392,000C3A64,0,1,1,4294967295,0,0
oInvCollPH,16,1408,0033AAB1,0,1,1,4294967295,0,0
oInvCollPH,16,1424,00307C15,0,1,1,4294967295,0,0
oInvCollPH,16,1440,002D01A5,0,1,1,4294967295,0,0
oInvCollPH,16,1456,0022FD5F,0,1,1,4294967295,0,0
oInvCollPH,16,1472,00150AC1,0,1,1,4294967295,0,0
oInvCollPH,16,1488,000FCDE4,0,1,1,4294967295,0,0
oInvCollPH,16,1504,00046B83,0,1,1,4294967295,0,0
oInvCollPH,16,1520,0029CFEE,0,1,1,4294967295,0,0
oInvCollPH,16,1536,002E8264,0,1,1,4294967295,0,0
oInvCollPH,16,1552,0013809D,0,1,1,4294967295,0,0
oInvCollPH,16,1568,001F2268,0,1,1,4294967295,0,0
oInvCollPH,16,1584,001953C1,0,1,1,4294967295,0,0
oInvCollPH,16,1600,00044A3E,0,1,1,4294967295,0,0
oInvCollPH,16,1616,00037CE8,0,1,1,4294967295,0,0
oInvCollPH,16,1632,000CE22D,0,1,1,4294967295,0,0
oInvCollPH,16,1648,002B0AC9,0,1,1,4294967295,0,0
oInvCollPH,16,1664,001BF5F2,0,1,1,4294967295,0,0
oInvCollPH,16,1680,000FF5F4,0,1,1,4294967295,0,0
oInvCollPH,16,1696,003C860B,0,1,1,4294967295,0,0
oInvCollPH,16,1712,0010FAA5,0,1,1,4294967295,0,0
oInvCollPH,16,1728,00017933,0,1,1,4294967295,0,0
oInvCollPH,16,1744,0007A17F,0,1,1,4294967295,0,0
oInvCollPH,16,1760,000E1EBE,0,1,1,4294967295,0,0
oInvCollPH,16,1776,002999D8,0,1,1,4294967295,0,0
oInvCollPH,16,1792,002DC8BE,0,1,1,4294967295,0,0
oInvCollPH,16,1808,001FBC19,0,1,1,4294967295,0,0
oInvCollPH,16,1824,00018CE3,0,1,1,4294967295,0,0
oInvCollPH,16,1840,003A4C0D,0,1,1,4294967295,0,0
oInvCollPH,16,1856,002C7267,0,1,1,4294967295,0,0
oInvCollPH,16,1872,000C2420,0,1,1,4294967295,0,0
oInvCollPH,16,1888,002EE76B,0,1,1,4294967295,0,0
oInvCollPH,16,1904,0036C1A6,0,1,1,4294967295,0,0
oInvCollPH,0,1904,002375BC,0,1,1,4294967295,0,0
oInvCollPH,16,1984,002F623F,0,1,1,4294967295,0,0
oInvCollPH,400,896,0023A12A,0,1,1,4294967295,0,0
oInvCollPH,416,896,00282621,0,1,1,4294967295,0,0
oInvCollSM,144,816,00356B7B,0,1,1,4294967295,0,0
oInvCollSM,160,816,00030AAF,0,1,1,4294967295,0,0
oInvCollSM,176,816,00365DFF,0,1,1,4294967295,0,0
oInvCollSM,304,816,002A60B3,0,1,1,4294967295,0,0
oInvCollSM,288,816,0010BD1B,0,1,1,4294967295,0,0
oInvCollSM,272,816,0014DDC5,0,1,1,4294967295,0,0
oInvCollPH,176,848,0008DC05,0,1,1,4294967295,0,0
oInvCollPH,192,848,003A9E5D,0,1,1,4294967295,0,0
oInvCollPH,208,848,0034048F,0,1,1,4294967295,0,0
oInvCollPH,224,848,00073EEA,0,1,1,4294967295,0,0
oInvCollPH,240,848,00185DF9,0,1,1,4294967295,0,0
oInvCollPH,256,848,0001BD28,0,1,1,4294967295,0,0
oInvCollPH,272,848,00355829,0,1,1,4294967295,0,0
oInvCollPH,80,912,00236CB6,0,1,1,4294967295,0,0
oInvCollPH,320,720,0007599A,0,1,1,4294967295,0,0
oInvCollPH,320,736,00243C58,0,1,1,4294967295,0,0
oInvCollPH,320,752,003FF93C,0,1,1,4294967295,0,0
oInvCollPH,320,768,0031AF09,0,1,1,4294967295,0,0
oInvCollPH,320,784,003E03E1,0,1,1,4294967295,0,0
oInvCollPH,320,800,0001D51E,0,1,1,4294967295,0,0
oInvCollPH,336,800,000815EC,0,1,1,4294967295,0,0
oInvCollPH,336,784,001F290F,0,1,1,4294967295,0,0
oInvCollPH,336,768,0032DB52,0,1,1,4294967295,0,0
oInvCollPH,336,752,0038351B,0,1,1,4294967295,0,0
oInvCollPH,336,736,001A4363,0,1,1,4294967295,0,0
oInvCollPH,336,720,0033D949,0,1,1,4294967295,0,0
oInvCollPH,336,704,002D48CF,0,1,1,4294967295,0,0
oInvCollSM,320,816,001E709F,0,1,1,4294967295,0,0
oInvCollSM,336,816,001F0DCA,0,1,1,4294967295,0,0
oInvCollPH,208,656,001BB9B4,0,1,1,4294967295,0,0
oInvCollPH,224,656,0014AA11,0,1,1,4294967295,0,0
oInvCollPH,240,656,000012E0,0,1,1,4294967295,0,0
oInvCollPH,272,736,000DA5B1,0,1,1,4294967295,0,0
oInvCollPH,256,736,003B5737,0,1,1,4294967295,0,0
oInvCollPH,240,736,003D9353,0,1,1,4294967295,0,0
oInvCollPH,224,736,0006C2CF,0,1,1,4294967295,0,0
oInvCollPH,208,736,0008CBC0,0,1,1,4294967295,0,0
oInvCollPH,192,736,00190B5D,0,1,1,4294967295,0,0
oInvCollPH,176,736,000D21EA,0,1,1,4294967295,0,0
oInvCollPH,64,560,003B3552,0,1,1,4294967295,0,0
oInvCollPH,80,560,000C6F21,0,1,1,4294967295,0,0
oInvCollPH,96,560,00300618,0,1,1,4294967295,0,0
oInvCollPH,112,560,001EA207,0,1,1,4294967295,0,0
oInvCollPH,128,560,000BECAC,0,1,1,4294967295,0,0
oInvCollPH,144,560,0024980D,0,1,1,4294967295,0,0
oInvCollPH,160,560,0025A826,0,1,1,4294967295,0,0
oInvCollPH,176,560,003B1C8D,0,1,1,4294967295,0,0
oInvCollPH,416,560,0001CBED,0,1,1,4294967295,0,0
oInvCollPH,400,560,00277189,0,1,1,4294967295,0,0
oInvCollPH,384,560,0014D0BD,0,1,1,4294967295,0,0
oInvCollPH,368,560,000E2268,0,1,1,4294967295,0,0
oInvCollPH,352,560,0036EBAE,0,1,1,4294967295,0,0
oInvCollPH,336,560,000C6223,0,1,1,4294967295,0,0
oInvCollPH,320,560,003C2FB4,0,1,1,4294967295,0,0
oInvCollPH,304,560,0012644C,0,1,1,4294967295,0,0
oInvCollPH,288,560,00129A32,0,1,1,4294967295,0,0
oInvCollPH,272,560,0014083E,0,1,1,4294967295,0,0
oInvCollPH,336,480,00181FCB,0,1,1,4294967295,0,0
oInvCollPH,112,480,0014A677,0,1,1,4294967295,0,0
oInvCollPH,160,256,00314930,0,1,1,4294967295,0,0
oInvCollPH,176,256,002D9D61,0,1,1,4294967295,0,0
oInvCollPH,240,192,003C2EB7,0,1,1,4294967295,0,0
oInvCollPH,336,256,0023A316,0,1,1,4294967295,0,0
oInvCollPH,368,320,003C74FD,0,1,1,4294967295,0,0
oInvCollPH,304,320,003D0E48,0,1,1,4294967295,0,0
oInvCollPH,416,400,0029B773,0,1,1,4294967295,0,0
oInvCollPH,400,400,003D3CE2,0,1,1,4294967295,0,0
oInvCollPH,384,400,001F4BBE,0,1,1,4294967295,0,0
oInvCollPH,368,400,00178204,0,1,1,4294967295,0,0
oInvCollPH,352,400,002CACF9,0,1,1,4294967295,0,0
oInvCollPH,336,400,002FF005,0,1,1,4294967295,0,0
oInvCollPH,320,400,000343A6,0,1,1,4294967295,0,0
oInvCollPH,304,400,0002E0D0,0,1,1,4294967295,0,0
oInvCollPH,288,400,0003297A,0,1,1,4294967295,0,0
oInvCollPH,144,400,0037C7B3,0,1,1,4294967295,0,0
oInvCollPH,160,400,001B3E14,0,1,1,4294967295,0,0
oInvCollPH,176,400,002A5EAE,0,1,1,4294967295,0,0
oInvCollPH,192,400,0011B5B2,0,1,1,4294967295,0,0
oInvCollPH,208,400,003E3141,0,1,1,4294967295,0,0
oInvCollPH,224,400,00088DE7,0,1,1,4294967295,0,0
oInvCollPH,240,400,0000B532,0,1,1,4294967295,0,0
oInvCollPH,256,400,002119FE,0,1,1,4294967295,0,0
oInvCollPH,272,400,000B2B2C,0,1,1,4294967295,0,0
oInvCollPH,96,720,00102459,0,1,1,4294967295,0,0
oInvCollPH,96,736,000FCB3A,0,1,1,4294967295,0,0
oInvCollPH,96,752,003DC078,0,1,1,4294967295,0,0
oInvCollPH,96,768,0000CEA9,0,1,1,4294967295,0,0
oInvCollPH,96,784,001A0FDD,0,1,1,4294967295,0,0
oInvCollPH,96,848,001B52B9,0,1,1,4294967295,0,0
oInvCollPH,96,832,000ED728,0,1,1,4294967295,0,0
oInvCollPH,96,816,000267F2,0,1,1,4294967295,0,0
oInvCollPH,96,800,001E1720,0,1,1,4294967295,0,0
oInvCollPH,112,864,002DE158,0,1,1,4294967295,0,0
oInvCollPH,112,880,000ABCB2,0,1,1,4294967295,0,0
oInvCollPH,112,896,002863EE,0,1,1,4294967295,0,0
oInvCollPH,112,912,00209D47,0,1,1,4294967295,0,0
oInvCollPH,112,928,0000475A,0,1,1,4294967295,0,0
oInvCollPH,112,944,001CA5DA,0,1,1,4294967295,0,0
oInvCollPH,112,960,003B4F3D,0,1,1,4294967295,0,0
oInvCollPH,112,976,00164E4F,0,1,1,4294967295,0,0
oInvCollPH,112,992,0016C27E,0,1,1,4294967295,0,0
oInvCollPH,112,1008,0020C5E7,0,1,1,4294967295,0,0
oInvCollPH,112,704,0027278E,0,1,1,4294967295,0,0
oInvCollPH,112,720,00233263,0,1,1,4294967295,0,0
oInvCollPH,112,736,0039E0D5,0,1,1,4294967295,0,0
oInvCollPH,112,752,001E3C4D,0,1,1,4294967295,0,0
oInvCollPH,112,768,00070CAF,0,1,1,4294967295,0,0
oInvCollPH,112,784,0013D3E9,0,1,1,4294967295,0,0
oInvCollPH,112,800,0035E7A5,0,1,1,4294967295,0,0
oInvCollPH,112,832,001D46AC,0,1,1,4294967295,0,0
oInvCollPH,112,848,00327852,0,1,1,4294967295,0,0
oInvCollPH,96,864,002CA5A9,0,1,1,4294967295,0,0
oInvCollPH,96,880,0016AD46,0,1,1,4294967295,0,0
oInvCollPH,96,896,001F1BDD,0,1,1,4294967295,0,0
oInvCollPH,96,928,0000CF28,0,1,1,4294967295,0,0
oInvCollPH,96,944,00288092,0,1,1,4294967295,0,0
oInvCollPH,96,960,00395BB5,0,1,1,4294967295,0,0
oInvCollPH,96,976,00361EDE,0,1,1,4294967295,0,0
oInvCollPH,96,992,00371722,0,1,1,4294967295,0,0
oInvCollPH,96,1008,000CB49F,0,1,1,4294967295,0,0
oInvCollPH,96,1024,002AF34B,0,1,1,4294967295,0,0
oInvCollPH,96,1040,00300540,0,1,1,4294967295,0,0
oInvCollPH,112,1040,003DCC7E,0,1,1,4294967295,0,0
oInvCollPH,112,1024,00238EDE,0,1,1,4294967295,0,0
oInvCollPH,80,1040,00245D82,0,1,1,4294967295,0,0
oInvCollPH,208,944,00040FDC,0,1,1,4294967295,0,0
oInvCollPH,368,976,0033C150,0,1,1,4294967295,0,0
oInvCollPH,272,1008,001C96B2,0,1,1,4294967295,0,0
oInvCollPH,336,1072,0034FB78,0,1,1,4294967295,0,0
oInvCollPH,400,1136,0022CE67,0,1,1,4294967295,0,0
oInvCollPH,176,1088,0002772B,0,1,1,4294967295,0,0
oInvCollPH,240,1152,0018C048,0,1,1,4294967295,0,0
oInvCollPH,304,1216,000E6A76,0,1,1,4294967295,0,0
oInvCollPH,176,1696,000AED26,0,1,1,4294967295,0,0
oInvCollPH,304,1696,00001837,0,1,1,4294967295,0,0
oInvCollPH,144,1792,002CD116,0,1,1,4294967295,0,0
oInvCollPH,336,1792,000F2754,0,1,1,4294967295,0,0
oInvCollPH,112,1776,00148BB3,0,1,1,4294967295,0,0
oInvCollPH,128,1776,001A0E56,0,1,1,4294967295,0,0
oInvCollPH,144,1776,003E207A,0,1,1,4294967295,0,0
oInvCollPH,336,1776,002C5B82,0,1,1,4294967295,0,0
oInvCollPH,352,1776,001B28FC,0,1,1,4294967295,0,0
oInvCollPH,368,1776,00003012,0,1,1,4294967295,0,0
oInvCollPH,240,1856,001207EA,0,1,1,4294967295,0,0
oInvCollPH,240,1920,003A98FD,0,1,1,4294967295,0,0
oInvCollPH,208,1872,00091983,0,1,1,4294967295,0,0
oInvCollPH,176,1888,000D4FB0,0,1,1,4294967295,0,0
oInvCollPH,208,1904,0005180F,0,1,1,4294967295,0,0
oInvCollPH,256,1872,000FA24E,0,1,1,4294967295,0,0
oInvCollPH,272,1872,002EF3B3,0,1,1,4294967295,0,0
oInvCollPH,288,1888,0000BA7D,0,1,1,4294967295,0,0
oInvCollPH,304,1888,001BAA55,0,1,1,4294967295,0,0
oInvCollPH,256,1904,0033684E,0,1,1,4294967295,0,0
oInvCollPH,272,1904,00119C8A,0,1,1,4294967295,0,0
oInvCollPH,112,1184,00146F83,0,1,1,4294967295,0,0
oInvCollPH,400,128,00353E42,0,1,1,4294967295,0,0
oInvCollPH,416,128,002E345C,0,1,1,4294967295,0,0
oInvCollPH,432,128,0022A924,0,1,1,4294967295,0,0
oInvisibleSolid,0,0,0006D1C0,0,1,1,4294967295,0,1
oInvisibleSolid,448,64,003CD27A,0,1,1,4294967295,0,1
oInvisibleSolid,0,128,0022C7E2,0,1,1,4294967295,0,1
oInvisibleSolid,0,256,00288018,0,1,1,4294967295,0,1
oInvisibleSolid,0,1984,00328457,0,1,1,4294967295,0,1
oInvisibleSolid,384,896,0003D12E,0,1,1,4294967295,0,1
oInvisibleSolid,224,192,00367403,0,1,1,4294967295,0,1
oInvisibleSolid,320,256,00388AEC,0,1,1,4294967295,0,1
oInvisibleSolid,352,320,002E7E72,0,1,1,4294967295,0,1
oInvisibleSolid,288,320,002E37B8,0,1,1,4294967295,0,1
oInvisibleSolid,96,256,000E7CB6,0,1,1,4294967295,0,1
oInvisibleSolid,128,400,0017998A,0,1,1,4294967295,0,1
oInvisibleSolid,96,480,0017C701,0,1,1,4294967295,0,1
oInvisibleSolid,32,560,0014E9C7,0,1,1,4294967295,0,1
oInvisibleSolid,256,560,001B048D,0,1,1,4294967295,0,1
oInvisibleSolid,320,480,00324509,0,1,1,4294967295,0,1
oInvisibleSolid,192,656,0031363E,0,1,1,4294967295,0,1
oInvisibleSolid,160,736,0020CBF0,0,1,1,4294967295,0,1
oInvisibleSolid,160,848,00186AEC,0,1,1,4294967295,0,1
oInvisibleSolid,64,912,0031863C,0,1,1,4294967295,0,1
oInvisibleSolid,32,976,002F307F,0,1,1,4294967295,0,1
oInvisibleSolid,64,1040,0036BEC3,0,1,1,4294967295,0,1
oInvisibleSolid,96,704,001A7BF2,0,1,1,4294967295,0,1
oInvisibleSolid,320,704,002DB27D,0,1,1,4294967295,0,1
oInvisibleSolidMorph,256,816,00072914,0,1,1,4294967295,0,1
oInvisibleSolidMorph,128,816,003FF02C,0,1,1,4294967295,0,1
oInvisibleSolid,224,1856,0034AE30,0,1,1,4294967295,0,1
oInvisibleSolid,192,1872,0010813A,0,1,1,4294967295,0,1
oInvisibleSolid,160,1888,00274839,0,1,1,4294967295,0,1
oInvisibleSolid,192,1904,001FAF1A,0,1,1,4294967295,0,1
oInvisibleSolid,224,1920,0002F8BF,0,1,1,4294967295,0,1
oInvisibleSolid,320,1776,0016C5EE,0,1,1,4294967295,0,1
oInvisibleSolid,320,1792,00295E0B,0,1,1,4294967295,0,1
oInvisibleSolid,96,1776,0032B46D,0,1,1,4294967295,0,1
oInvisibleSolid,128,1792,0022FB7A,0,1,1,4294967295,0,1
oInvisibleSolid,160,1696,000333ED,0,1,1,4294967295,0,1
oInvisibleSolid,288,1696,00086F6F,0,1,1,4294967295,0,1
oInvisibleSolid,192,944,0005648A,0,1,1,4294967295,0,1
oInvisibleSolid,256,1008,00398CE6,0,1,1,4294967295,0,1
oInvisibleSolid,320,1072,003BDCE1,0,1,1,4294967295,0,1
oInvisibleSolid,384,1136,003CF567,0,1,1,4294967295,0,1
oInvisibleSolid,160,1088,000BBC72,0,1,1,4294967295,0,1
oInvisibleSolid,224,1152,000A93FA,0,1,1,4294967295,0,1
oInvisibleSolid,288,1216,002D6A95,0,1,1,4294967295,0,1
oInvisibleSolid,352,976,002E306C,0,1,1,4294967295,0,1
oInvisibleSolid,96,1184,000FFABC,0,1,1,4294967295,0,1
oInvisibleSolid,384,128,0012ED9B,0,1,1,4294967295,0,1
