oCh18EndPlatform,544,384,00286E27,0,1,1,4294967295,0,0
oCh18EndPlatform,576,384,00241919,0,1,1,4294967295,0,0
oCh18EndPlatform,608,384,000B2C61,0,1,1,4294967295,0,0
oCh18EndPlatform,640,384,0020342F,0,1,1,4294967295,0,0
oCh18EndPlatform,672,384,00144568,0,1,1,4294967295,0,0
oCh18EndPlatform,704,384,0031C2E1,0,1,1,4294967295,0,0
oCh18EndPlatform,736,384,002E95E2,0,1,1,4294967295,0,0
oCh18EndPlatform,768,384,0027E951,0,1,1,4294967295,0,0
oExit,0,352,00178423,0,1,1,4294967295,0,1
oExit,176,352,0019CDD5,0,1,1,4294967295,0,1
oMisc,832,336,00159CED,0,1,1,4294967295,0,1
oPlayer1,48,384,0003A00B,0,1,1,4294967295,0,0
oInvCollPH,16,384,001CC9A8,0,1,1,4294967295,0,0
oInvCollPH,32,384,001A2ECF,0,1,1,4294967295,0,0
oInvCollPH,48,384,001F72F7,0,1,1,4294967295,0,0
oInvCollPH,64,384,001E59FA,0,1,1,4294967295,0,0
oInvCollPH,80,384,001E0284,0,1,1,4294967295,0,0
oInvCollPH,176,384,0035A126,0,1,1,4294967295,0,0
oInvCollPH,160,384,000A70FB,0,1,1,4294967295,0,0
oInvCollPH,144,384,000725F8,0,1,1,4294967295,0,0
oInvCollPH,128,384,003ACA3F,0,1,1,4294967295,0,0
oInvCollPH,112,384,0004B441,0,1,1,4294967295,0,0
oInvCollPH,96,384,0002DA47,0,1,1,4294967295,0,0
oInvCollPH,272,384,001929FA,0,1,1,4294967295,0,0
oInvCollPH,256,384,00357770,0,1,1,4294967295,0,0
oInvCollPH,240,384,0003743A,0,1,1,4294967295,0,0
oInvCollPH,224,384,00401E20,0,1,1,4294967295,0,0
oInvCollPH,208,384,00330FD6,0,1,1,4294967295,0,0
oInvCollPH,192,384,003DD673,0,1,1,4294967295,0,0
oInvCollPH,288,384,003B9B38,0,1,1,4294967295,0,0
oInvCollPH,304,384,002CAE33,0,1,1,4294967295,0,0
oInvCollPH,320,384,000150B7,0,1,1,4294967295,0,0
oInvCollPH,336,384,000E9599,0,1,1,4294967295,0,0
oInvCollPH,336,400,000958A2,0,1,1,4294967295,0,0
oInvCollPH,336,416,00174CDC,0,1,1,4294967295,0,0
oInvCollPH,336,432,00325FCF,0,1,1,4294967295,0,0
oInvCollPH,336,448,0038D5EB,0,1,1,4294967295,0,0
oInvCollPH,336,464,000C162C,0,1,1,4294967295,0,0
oInvCollPH,48,128,0006C546,0,1,1,4294967295,0,0
oInvCollPH,48,144,00394DE3,0,1,1,4294967295,0,0
oInvCollPH,48,160,00077F31,0,1,1,4294967295,0,0
oInvCollPH,48,176,001C9CD7,0,1,1,4294967295,0,0
oInvCollPH,48,192,000050EB,0,1,1,4294967295,0,0
oInvCollPH,48,208,000A2BE8,0,1,1,4294967295,0,0
oInvCollPH,48,224,003281DE,0,1,1,4294967295,0,0
oInvCollPH,48,240,003B59A5,0,1,1,4294967295,0,0
oInvCollPH,48,256,0015CE71,0,1,1,4294967295,0,0
oInvCollPH,48,272,003CF4EE,0,1,1,4294967295,0,0
oInvCollPH,48,288,00158A8D,0,1,1,4294967295,0,0
oInvCollPH,48,304,002CF9CA,0,1,1,4294967295,0,0
oInvCollPH,32,304,0022ADD8,0,1,1,4294967295,0,0
oInvCollPH,16,304,0019736A,0,1,1,4294967295,0,0
oInvCollPH,0,304,0004FAC9,0,1,1,4294967295,0,0
oInvCollPH,288,144,0012EFBD,0,1,1,4294967295,0,0
oInvCollPH,288,160,002FA6AF,0,1,1,4294967295,0,0
oInvCollPH,288,176,00267EF0,0,1,1,4294967295,0,0
oInvCollPH,288,192,00167CB8,0,1,1,4294967295,0,0
oInvCollPH,288,208,0018C204,0,1,1,4294967295,0,0
oInvCollPH,288,224,00029203,0,1,1,4294967295,0,0
oInvCollPH,288,240,00155D35,0,1,1,4294967295,0,0
oInvCollPH,304,240,001170C5,0,1,1,4294967295,0,0
oInvCollPH,320,240,00222AE3,0,1,1,4294967295,0,0
oInvCollPH,336,240,003406F7,0,1,1,4294967295,0,0
oInvCollPH,336,224,00052DC2,0,1,1,4294967295,0,0
oInvCollPH,336,208,0005A4AE,0,1,1,4294967295,0,0
oInvCollPH,336,192,0035DA69,0,1,1,4294967295,0,0
oInvCollPH,336,176,002C93AE,0,1,1,4294967295,0,0
oInvCollPH,336,160,001BC9F2,0,1,1,4294967295,0,0
oInvCollPH,336,144,0015B6BE,0,1,1,4294967295,0,0
oInvCollPH,336,128,002E3915,0,1,1,4294967295,0,0
oInvCollPH,336,0,00085FA3,0,1,1,4294967295,0,0
oInvCollPH,144,112,0008DC9E,0,1,1,4294967295,0,0
oInvCollPH,128,112,0014D73A,0,1,1,4294967295,0,0
oInvCollPH,64,112,000CAFB5,0,1,1,4294967295,0,0
oInvCollPH,80,112,001806E3,0,1,1,4294967295,0,0
oInvCollPH,96,112,00283B70,0,1,1,4294967295,0,0
oInvCollPH,112,112,001985EF,0,1,1,4294967295,0,0
oInvCollPH,160,112,001847A8,0,1,1,4294967295,0,0
oInvCollPH,176,112,0000D002,0,1,1,4294967295,0,0
oInvCollPH,192,112,0028BC15,0,1,1,4294967295,0,0
oInvCollPH,208,112,000A7AD0,0,1,1,4294967295,0,0
oInvCollPH,224,112,0008DCE6,0,1,1,4294967295,0,0
oInvCollPH,240,112,003CB5DA,0,1,1,4294967295,0,0
oInvCollPH,256,112,001634EF,0,1,1,4294967295,0,0
oInvCollPH,272,112,003E7FE3,0,1,1,4294967295,0,0
oInvCollPH,336,112,0017FA7E,0,1,1,4294967295,0,0
oInvCollPH,336,96,00300277,0,1,1,4294967295,0,0
oInvCollPH,336,80,003A1A69,0,1,1,4294967295,0,0
oInvCollPH,336,64,00241B68,0,1,1,4294967295,0,0
oInvCollPH,336,48,0028B696,0,1,1,4294967295,0,0
oInvCollPH,336,32,00101D6C,0,1,1,4294967295,0,0
oInvCollPH,336,16,00275AEF,0,1,1,4294967295,0,0
oInvisibleSolid,0,384,003CA1E5,0,1,1,4294967295,0,1
oInvisibleSolid,0,128,000D5FB2,0,1,1,4294967295,0,1
oInvisibleSolid,0,0,00334A40,0,1,1,4294967295,0,1
oInvisibleSolid,288,128,001A7698,0,1,1,4294967295,0,1
