oExit,976,256,0018BC75,0,1,1,4294967295,0,1
oExit,288,336,000BECBA,0,1,1,4294967295,0,1
oEventBarrier,192,160,0016679D,0,1,1,4294967295,0,1
oRidDoorBeacon,416,112,0013C4B9,0,1,1,4294967295,0,0
oRidDoorBeacon,528,112,003AA052,0,1,1,4294967295,0,0
oPlayer1,928,288,002B2C40,0,1,1,4294967295,0,0
oMetroidDoorHolder,960,256,002DE4D5,0,1,1,4294967295,0,1
oMetChozoStatue,67,200,001F06B0,0,1,1,4294967295,0,0
oStoryObject,102,224,0002686C,0,1,1,4294967295,0,1
oInvCollPH,624,160,000FEF09,0,1,1,4294967295,0,0
oInvCollPH,640,160,00088CDE,0,1,1,4294967295,0,0
oInvCollPH,464,192,000E9811,0,1,1,4294967295,0,0
oInvCollPH,480,192,0033BA6E,0,1,1,4294967295,0,0
oInvCollPH,496,192,0013F4F8,0,1,1,4294967295,0,0
oInvCollPH,320,160,0024C7B0,0,1,1,4294967295,0,0
oInvCollPH,336,160,0001E728,0,1,1,4294967295,0,0
oInvCollPH,400,64,002EDDF3,0,1,1,4294967295,0,0
oInvCollPH,416,64,00388C27,0,1,1,4294967295,0,0
oInvCollPH,416,48,0006A658,0,1,1,4294967295,0,0
oInvCollPH,256,288,0036CD3D,0,1,1,4294967295,0,0
oInvCollPH,320,256,00189D8E,0,1,1,4294967295,0,0
oInvCollPH,336,256,001816FC,0,1,1,4294967295,0,0
oInvCollPH,352,256,00171C74,0,1,1,4294967295,0,0
oInvCollPH,368,256,0012E2FD,0,1,1,4294967295,0,0
oInvCollPH,368,272,002B8EF0,0,1,1,4294967295,0,0
oInvCollPH,576,272,002DB087,0,1,1,4294967295,0,0
oInvCollPH,592,256,001D5F92,0,1,1,4294967295,0,0
oInvCollPH,608,256,00190ED3,0,1,1,4294967295,0,0
oInvCollPH,624,256,00345B02,0,1,1,4294967295,0,0
oInvCollPH,640,256,002F9D65,0,1,1,4294967295,0,0
oInvCollPH,656,256,00294F98,0,1,1,4294967295,0,0
oInvCollPH,672,256,00025495,0,1,1,4294967295,0,0
oInvCollPH,688,256,0014FB43,0,1,1,4294967295,0,0
oInvCollPH,688,272,0009BA08,0,1,1,4294967295,0,0
oInvCollPH,528,16,000D9478,0,1,1,4294967295,0,0
oInvCollPH,528,32,0030F260,0,1,1,4294967295,0,0
oInvCollPH,528,48,0038B621,0,1,1,4294967295,0,0
oInvCollPH,528,64,000B1490,0,1,1,4294967295,0,0
oInvCollPH,544,64,001F7722,0,1,1,4294967295,0,0
oInvCollPH,944,80,0035C968,0,1,1,4294967295,0,0
oInvCollPH,944,96,0031DEE7,0,1,1,4294967295,0,0
oInvCollPH,944,112,002D963A,0,1,1,4294967295,0,0
oInvCollPH,944,128,003C1CDA,0,1,1,4294967295,0,0
oInvCollPH,944,144,003D943E,0,1,1,4294967295,0,0
oInvCollPH,944,160,00116FEF,0,1,1,4294967295,0,0
oInvCollPH,944,176,0030A815,0,1,1,4294967295,0,0
oInvCollPH,944,192,00299676,0,1,1,4294967295,0,0
oInvCollPH,944,208,003F2BEB,0,1,1,4294967295,0,0
oInvCollPH,960,208,000E92F9,0,1,1,4294967295,0,0
oInvCollPH,976,208,000D4B7B,0,1,1,4294967295,0,0
oInvCollPH,80,256,0035844D,0,1,1,4294967295,0,0
oInvCollPH,96,256,001D6CBF,0,1,1,4294967295,0,0
oInvCollPH,112,256,002AF5F0,0,1,1,4294967295,0,0
oInvCollPH,192,288,0019E900,0,1,1,4294967295,0,0
oInvCollPH,208,288,000202BA,0,1,1,4294967295,0,0
oInvCollPH,224,288,003B2A50,0,1,1,4294967295,0,0
oInvCollPH,240,288,000F2E31,0,1,1,4294967295,0,0
oInvCollPH,384,288,0003E2C9,0,1,1,4294967295,0,0
oInvCollPH,400,288,0008ED09,0,1,1,4294967295,0,0
oInvCollPH,416,288,000D769D,0,1,1,4294967295,0,0
oInvCollPH,432,288,002B556C,0,1,1,4294967295,0,0
oInvCollPH,448,288,0019CBCD,0,1,1,4294967295,0,0
oInvCollPH,464,288,00221B22,0,1,1,4294967295,0,0
oInvCollPH,480,288,0011407A,0,1,1,4294967295,0,0
oInvCollPH,496,288,0027F9D6,0,1,1,4294967295,0,0
oInvCollPH,512,288,00355B0E,0,1,1,4294967295,0,0
oInvCollPH,528,288,000B5EFA,0,1,1,4294967295,0,0
oInvCollPH,544,288,0021EE1F,0,1,1,4294967295,0,0
oInvCollPH,560,288,000306F3,0,1,1,4294967295,0,0
oInvCollPH,704,288,0007BB62,0,1,1,4294967295,0,0
oInvCollPH,720,288,001950A1,0,1,1,4294967295,0,0
oInvCollPH,736,288,000A78B7,0,1,1,4294967295,0,0
oInvCollPH,752,288,0025784F,0,1,1,4294967295,0,0
oInvCollPH,768,288,0029678B,0,1,1,4294967295,0,0
oInvCollPH,784,288,001CB4BF,0,1,1,4294967295,0,0
oInvCollPH,800,288,0029695F,0,1,1,4294967295,0,0
oInvCollPH,816,288,0014FB17,0,1,1,4294967295,0,0
oInvCollPH,832,288,0012B02A,0,1,1,4294967295,0,0
oInvCollPH,848,288,00236E8E,0,1,1,4294967295,0,0
oInvCollPH,864,288,002A004D,0,1,1,4294967295,0,0
oInvCollPH,880,288,001C686A,0,1,1,4294967295,0,0
oInvCollPH,896,288,001AAEA3,0,1,1,4294967295,0,0
oInvCollPH,912,288,0039B0F8,0,1,1,4294967295,0,0
oInvCollPH,928,288,003DEB75,0,1,1,4294967295,0,0
oInvCollPH,944,288,002AA9F0,0,1,1,4294967295,0,0
oInvCollPH,960,288,00329E12,0,1,1,4294967295,0,0
oInvCollPH,976,288,000316CF,0,1,1,4294967295,0,0
oInvCollPH,64,48,000225BE,0,1,1,4294967295,0,0
oInvCollPH,80,48,002E3F01,0,1,1,4294967295,0,0
oInvCollPH,96,48,001BDFCC,0,1,1,4294967295,0,0
oInvCollPH,112,48,00073791,0,1,1,4294967295,0,0
oInvCollPH,128,48,002F180F,0,1,1,4294967295,0,0
oInvCollPH,144,48,002AAD18,0,1,1,4294967295,0,0
oInvCollPH,160,48,000BEDEF,0,1,1,4294967295,0,0
oInvCollPH,176,48,003DBFB6,0,1,1,4294967295,0,0
oInvCollPH,192,80,0007AF69,0,1,1,4294967295,0,0
oInvCollPH,208,48,0035AF3A,0,1,1,4294967295,0,0
oInvCollPH,224,48,00321086,0,1,1,4294967295,0,0
oInvCollPH,240,48,00187468,0,1,1,4294967295,0,0
oInvCollPH,256,48,001523C8,0,1,1,4294967295,0,0
oInvCollPH,272,48,0029922C,0,1,1,4294967295,0,0
oInvCollPH,288,48,002EFB69,0,1,1,4294967295,0,0
oInvCollPH,304,48,003DA1BA,0,1,1,4294967295,0,0
oInvCollPH,320,48,0002DFE1,0,1,1,4294967295,0,0
oInvCollPH,336,48,0000D8F3,0,1,1,4294967295,0,0
oInvCollPH,352,48,0020871E,0,1,1,4294967295,0,0
oInvCollPH,368,48,0013A840,0,1,1,4294967295,0,0
oInvCollPH,384,48,003448B3,0,1,1,4294967295,0,0
oInvCollPH,560,48,002A670B,0,1,1,4294967295,0,0
oInvCollPH,576,48,0020A04A,0,1,1,4294967295,0,0
oInvCollPH,592,48,0003F220,0,1,1,4294967295,0,0
oInvCollPH,608,48,0026771E,0,1,1,4294967295,0,0
oInvCollPH,624,48,0011BD03,0,1,1,4294967295,0,0
oInvCollPH,640,48,0024CDEB,0,1,1,4294967295,0,0
oInvCollPH,656,48,002571D7,0,1,1,4294967295,0,0
oInvCollPH,672,48,001BA7E8,0,1,1,4294967295,0,0
oInvCollPH,688,48,002E9AA6,0,1,1,4294967295,0,0
oInvCollPH,704,48,00040EC8,0,1,1,4294967295,0,0
oInvCollPH,720,48,0029BAC0,0,1,1,4294967295,0,0
oInvCollPH,736,48,003C4922,0,1,1,4294967295,0,0
oInvCollPH,752,48,0009EEE3,0,1,1,4294967295,0,0
oInvCollPH,768,48,000111ED,0,1,1,4294967295,0,0
oInvCollPH,784,48,003D1D8C,0,1,1,4294967295,0,0
oInvCollPH,800,48,00215F28,0,1,1,4294967295,0,0
oInvCollPH,816,48,001E98DC,0,1,1,4294967295,0,0
oInvCollPH,832,48,000C2A8B,0,1,1,4294967295,0,0
oInvCollPH,848,48,001B4DE4,0,1,1,4294967295,0,0
oInvCollPH,864,48,001456CA,0,1,1,4294967295,0,0
oInvCollPH,880,48,001C1C8A,0,1,1,4294967295,0,0
oInvCollPH,896,48,000437FA,0,1,1,4294967295,0,0
oInvCollPH,912,48,0008263E,0,1,1,4294967295,0,0
oInvCollPH,928,48,00126056,0,1,1,4294967295,0,0
oInvCollPH,48,64,00382A5B,0,1,1,4294967295,0,0
oInvCollPH,48,80,0029FE11,0,1,1,4294967295,0,0
oInvCollPH,48,96,0019358F,0,1,1,4294967295,0,0
oInvCollPH,48,112,00301157,0,1,1,4294967295,0,0
oInvCollPH,48,128,0016B097,0,1,1,4294967295,0,0
oInvCollPH,48,144,00180060,0,1,1,4294967295,0,0
oInvCollPH,48,160,003FAF13,0,1,1,4294967295,0,0
oInvCollPH,48,176,0027DAE2,0,1,1,4294967295,0,0
oInvCollPH,48,192,0023FD48,0,1,1,4294967295,0,0
oInvCollPH,48,208,00386BA0,0,1,1,4294967295,0,0
oInvCollPH,48,224,0004595D,0,1,1,4294967295,0,0
oInvCollPH,48,240,003423CE,0,1,1,4294967295,0,0
oInvCollPH,272,288,002CEFFD,0,1,1,4294967295,0,0
oInvCollPH,272,304,000FFD39,0,1,1,4294967295,0,0
oInvCollPH,272,320,0005430D,0,1,1,4294967295,0,0
oInvCollPH,272,336,0034FB72,0,1,1,4294967295,0,0
oInvCollPH,304,304,003593DB,0,1,1,4294967295,0,0
oInvCollPH,304,320,003AAFAE,0,1,1,4294967295,0,0
oInvCollPH,304,336,0036CAF4,0,1,1,4294967295,0,0
oInvCollPH,240,192,001920D1,0,1,1,4294967295,0,0
oInvCollPH,720,192,000C95DF,0,1,1,4294967295,0,0
oInvCollSM,272,256,0023F4BD,0,1,1,4294967295,0,0
oInvCollSM,288,256,000D93B3,0,1,1,4294967295,0,0
oInvCollPH,416,32,00254948,0,1,1,4294967295,0,0
oInvCollPH,416,16,003B2F28,0,1,1,4294967295,0,0
oInvCollPH,416,0,00065846,0,1,1,4294967295,0,0
oInvCollPH,416,96,0024E66D,0,1,1,4294967295,0,0
oInvCollPH,528,96,000C226C,0,1,1,4294967295,0,0
oInvCollPH,192,96,0010798B,0,1,1,4294967295,0,0
oInvCollPH,192,112,00358F3F,0,1,1,4294967295,0,0
oInvCollPH,192,128,0020FED3,0,1,1,4294967295,0,0
oInvCollPH,192,144,0008B438,0,1,1,4294967295,0,0
oInvisibleSolid,400,0,00351BCC,0,1,1,4294967295,0,1
oInvisibleSolid,0,0,0032DDBC,0,1,1,4294967295,0,1
oInvisibleSolid,944,64,001E3FA3,0,1,1,4294967295,0,1
oInvisibleSolid,576,256,00384ACA,0,1,1,4294967295,0,1
oInvisibleSolid,304,256,0039BF01,0,1,1,4294967295,0,1
oInvisibleSolid,0,64,00007C72,0,1,1,4294967295,0,1
oInvisibleLupLowSlope,128,256,00364090,0,1,1,4294967295,0,0
oInvisibleLupLowSlope,160,272,003CA3B4,0,1,1,4294967295,0,0
oInvisibleSolid,64,256,0010405F,0,1,1,4294967295,0,1
oInvisibleSolid,128,272,0014FE1E,0,1,1,4294967295,0,1
oInvisibleSolid,160,288,0030129A,0,1,1,4294967295,0,1
oInvisibleSolid,304,160,001E0DE0,0,1,1,4294967295,0,1
oInvisibleSolid,448,192,0008C6AF,0,1,1,4294967295,0,1
oInvisibleSolid,608,160,0006BDA4,0,1,1,4294967295,0,1
oInvisibleSolid,304,288,002AE8CB,0,1,1,4294967295,0,1
oInvisibleSolid,304,272,0016CBCF,0,1,1,4294967295,0,1
oInvisibleSolidMorph,256,256,0030647C,0,1,1,4294967295,0,1
oInvisibleSolid,224,192,0031F760,0,1,1,4294967295,0,1
oInvisibleSolid,704,192,001ACD93,0,1,1,4294967295,0,1
oInvisibleSolid,528,0,000CE60A,0,1,1,4294967295,0,1
oInvisibleSolid,560,0,0012CF92,0,1,1,4294967295,0,1
oInvisibleSolid,416,80,00068BFE,0,1,1,4294967295,0,1
oInvisibleSolid,528,80,00238BE1,0,1,1,4294967295,0,1
oInvisibleSolid,432,0,00183234,0,1,1,4294967295,0,1
oInvisibleSolid,192,64,0012D96E,0,1,1,4294967295,0,1
