oExit,0,272,0029B50D,0,1,1,4294967295,0,1
oExit,2032,240,001739E5,0,1,1,4294967295,0,1
oZeldaBreakPot,1160,224,000D556A,0,1,1,4294967295,0,0
oMyu,624,208,00007037,0,1,1,4294967295,0,0
oMyu,368,208,0036B8CD,0,1,1,4294967295,0,0
oOctorok,872,272,00251C0A,0,1,1,4294967295,0,0
oOctorok,840,304,0013941B,0,1,1,4294967295,0,0
oOctorok,904,240,0024E39D,0,1,1,4294967295,0,0
oOctorok,824,288,00046AF9,0,1,1,4294967295,0,0
oOctorok,856,256,001D1D38,0,1,1,4294967295,0,0
oOctorok,888,224,0000F37E,0,1,1,4294967295,0,0
oHammerThrower,624,304,002F2C3F,0,1,1,4294967295,0,0
oHammerThrower,1520,240,002A1094,0,1,1,4294967295,0,0
oHammerThrower,1104,304,000108FC,0,1,1,4294967295,0,0
oPlatformBreak1,1664,272,0022651A,0,1,1,4294967295,0,0
oPlatformBreak1,1680,272,0020B242,0,1,1,4294967295,0,0
oPlatformBreak1,1696,272,0029EA3F,0,1,1,4294967295,0,0
oPlatformBreak1,1712,272,003A5148,0,1,1,4294967295,0,0
oPlatformBreak1,1728,272,003B7F55,0,1,1,4294967295,0,0
oPlatformBreak1,1744,272,000F6B07,0,1,1,4294967295,0,0
oPlatformBreak1,1760,272,002E83DD,0,1,1,4294967295,0,0
oPlatformBreak1,1776,272,003D64A0,0,1,1,4294967295,0,0
oPlatformBreak1,1792,272,002B7C7A,0,1,1,4294967295,0,0
oPlatformBreak1,1808,272,00374FA3,0,1,1,4294967295,0,0
oPlatformBreak1,1824,272,002CABF1,0,1,1,4294967295,0,0
oPlatformBreak1,1840,272,00363705,0,1,1,4294967295,0,0
oPlatformBreak1,1856,272,002EDAE7,0,1,1,4294967295,0,0
oPlatformBreak1,1872,272,001C17FD,0,1,1,4294967295,0,0
oPlatformBreak1,1888,272,001D3306,0,1,1,4294967295,0,0
oPlatformBreak1,1904,272,0022BCFA,0,1,1,4294967295,0,0
oHammerThrower,1808,272,0013E11F,0,1,1,4294967295,0,0
oWolfos,1248,304,003217A6,0,1,1,4294967295,0,0
oPlayer1,48,304,000C0B8F,0,1,1,4294967295,0,0
oInvCollPH,0,224,001A8660,0,1,1,4294967295,0,0
oInvCollPH,16,224,000BFE4A,0,1,1,4294967295,0,0
oInvCollPH,32,224,000A8733,0,1,1,4294967295,0,0
oInvCollPH,48,224,000BDB05,0,1,1,4294967295,0,0
oInvCollPH,48,208,000C8FA9,0,1,1,4294967295,0,0
oInvCollPH,48,192,000DA0D4,0,1,1,4294967295,0,0
oInvCollPH,48,176,001E26C3,0,1,1,4294967295,0,0
oInvCollPH,48,160,002D1F0D,0,1,1,4294967295,0,0
oInvCollPH,48,144,000F865A,0,1,1,4294967295,0,0
oInvCollPH,48,128,00101029,0,1,1,4294967295,0,0
oInvCollPH,176,288,001141D2,0,1,1,4294967295,0,0
oInvCollPH,448,288,00278BD4,0,1,1,4294967295,0,0
oInvCollPH,464,288,002E4AA1,0,1,1,4294967295,0,0
oInvCollPH,464,272,0037449D,0,1,1,4294967295,0,0
oInvCollPH,368,208,002B9575,0,1,1,4294967295,0,0
oInvCollPH,624,208,003650BB,0,1,1,4294967295,0,0
oInvCollPH,16,304,002C37B5,0,1,1,4294967295,0,0
oInvCollPH,32,304,0015CA68,0,1,1,4294967295,0,0
oInvCollPH,48,304,000063C9,0,1,1,4294967295,0,0
oInvCollPH,64,304,0032F7CC,0,1,1,4294967295,0,0
oInvCollPH,80,304,000D167A,0,1,1,4294967295,0,0
oInvCollPH,96,304,003F498D,0,1,1,4294967295,0,0
oInvCollPH,112,304,00203AB8,0,1,1,4294967295,0,0
oInvCollPH,128,304,00115EFF,0,1,1,4294967295,0,0
oInvCollPH,144,304,003A7221,0,1,1,4294967295,0,0
oInvCollPH,192,304,002C020C,0,1,1,4294967295,0,0
oInvCollPH,208,304,003005B1,0,1,1,4294967295,0,0
oInvCollPH,224,304,002A0A19,0,1,1,4294967295,0,0
oInvCollPH,240,304,00301885,0,1,1,4294967295,0,0
oInvCollPH,240,320,000CBCC7,0,1,1,4294967295,0,0
oInvCollPH,240,336,001FEB59,0,1,1,4294967295,0,0
oInvCollPH,320,320,001065A3,0,1,1,4294967295,0,0
oInvCollPH,320,336,002FCB18,0,1,1,4294967295,0,0
oInvCollPH,336,304,002F14CF,0,1,1,4294967295,0,0
oInvCollPH,352,304,004037E2,0,1,1,4294967295,0,0
oInvCollPH,368,304,000886B9,0,1,1,4294967295,0,0
oInvCollPH,368,320,0000741B,0,1,1,4294967295,0,0
oInvCollPH,368,336,002B945A,0,1,1,4294967295,0,0
oInvCollPH,448,304,00072194,0,1,1,4294967295,0,0
oInvCollPH,448,320,0035F0B5,0,1,1,4294967295,0,0
oInvCollPH,448,336,0019DFE3,0,1,1,4294967295,0,0
oInvCollPH,464,304,00273249,0,1,1,4294967295,0,0
oInvCollPH,464,320,002F992C,0,1,1,4294967295,0,0
oInvCollPH,464,336,00356236,0,1,1,4294967295,0,0
oInvCollPH,544,320,002248DD,0,1,1,4294967295,0,0
oInvCollPH,544,336,003ACF11,0,1,1,4294967295,0,0
oInvCollPH,560,304,001B217E,0,1,1,4294967295,0,0
oInvCollPH,576,304,0021C71F,0,1,1,4294967295,0,0
oInvCollPH,592,304,003ED9D7,0,1,1,4294967295,0,0
oInvCollPH,608,304,002A1A34,0,1,1,4294967295,0,0
oInvCollPH,624,304,000455C9,0,1,1,4294967295,0,0
oInvCollPH,640,304,0010042E,0,1,1,4294967295,0,0
oInvCollPH,656,304,003C9923,0,1,1,4294967295,0,0
oInvCollPH,656,320,0021AD48,0,1,1,4294967295,0,0
oInvCollPH,656,336,000C3E15,0,1,1,4294967295,0,0
oInvCollPH,768,320,0022FC49,0,1,1,4294967295,0,0
oInvCollPH,768,336,0030C66F,0,1,1,4294967295,0,0
oInvCollPH,784,304,00009777,0,1,1,4294967295,0,0
oInvCollPH,832,304,0009CC1D,0,1,1,4294967295,0,0
oInvCollPH,848,304,00259DD0,0,1,1,4294967295,0,0
oInvCollPH,864,304,00390E9E,0,1,1,4294967295,0,0
oInvCollPH,880,304,000787DB,0,1,1,4294967295,0,0
oInvCollPH,896,304,000E7229,0,1,1,4294967295,0,0
oInvCollPH,912,304,002BA4E4,0,1,1,4294967295,0,0
oInvCollPH,928,304,00176719,0,1,1,4294967295,0,0
oInvCollPH,944,304,0011661C,0,1,1,4294967295,0,0
oInvCollPH,816,288,00212922,0,1,1,4294967295,0,0
oInvCollPH,880,272,00059E49,0,1,1,4294967295,0,0
oInvCollPH,848,256,00364B0D,0,1,1,4294967295,0,0
oInvCollPH,880,224,000F63CE,0,1,1,4294967295,0,0
oInvCollPH,912,192,0003D234,0,1,1,4294967295,0,0
oInvCollPH,912,240,002A1A79,0,1,1,4294967295,0,0
oInvCollPH,944,112,002BFDC9,0,1,1,4294967295,0,0
oInvCollPH,928,112,000D9894,0,1,1,4294967295,0,0
oInvCollPH,912,112,002739EE,0,1,1,4294967295,0,0
oInvCollPH,896,112,003ECA8B,0,1,1,4294967295,0,0
oInvCollPH,880,112,002DE3E2,0,1,1,4294967295,0,0
oInvCollPH,864,112,00178A80,0,1,1,4294967295,0,0
oInvCollPH,848,112,003CC2B6,0,1,1,4294967295,0,0
oInvCollPH,832,112,0005D7E8,0,1,1,4294967295,0,0
oInvCollPH,816,112,00290C15,0,1,1,4294967295,0,0
oInvCollPH,800,112,0023CE58,0,1,1,4294967295,0,0
oInvCollPH,784,112,002E0BFA,0,1,1,4294967295,0,0
oInvCollPH,768,112,003BBAAE,0,1,1,4294967295,0,0
oInvCollPH,752,112,000EDFC6,0,1,1,4294967295,0,0
oInvCollPH,736,112,003DFD61,0,1,1,4294967295,0,0
oInvCollPH,720,112,0009BFC9,0,1,1,4294967295,0,0
oInvCollPH,704,112,0000C5EA,0,1,1,4294967295,0,0
oInvCollPH,688,112,002FB308,0,1,1,4294967295,0,0
oInvCollPH,672,112,0035317B,0,1,1,4294967295,0,0
oInvCollPH,656,112,0009CCC0,0,1,1,4294967295,0,0
oInvCollPH,640,112,0007B2FB,0,1,1,4294967295,0,0
oInvCollPH,624,112,000C6E67,0,1,1,4294967295,0,0
oInvCollPH,608,112,002787B1,0,1,1,4294967295,0,0
oInvCollPH,592,112,00256E6C,0,1,1,4294967295,0,0
oInvCollPH,576,112,003B9127,0,1,1,4294967295,0,0
oInvCollPH,560,112,001F575C,0,1,1,4294967295,0,0
oInvCollPH,544,112,000F9783,0,1,1,4294967295,0,0
oInvCollPH,528,112,00332629,0,1,1,4294967295,0,0
oInvCollPH,512,112,003567C6,0,1,1,4294967295,0,0
oInvCollPH,496,112,001FBBC0,0,1,1,4294967295,0,0
oInvCollPH,480,112,000CCA8F,0,1,1,4294967295,0,0
oInvCollPH,464,112,002D2A75,0,1,1,4294967295,0,0
oInvCollPH,448,112,001DE0F1,0,1,1,4294967295,0,0
oInvCollPH,432,112,00229EBB,0,1,1,4294967295,0,0
oInvCollPH,416,112,002C3615,0,1,1,4294967295,0,0
oInvCollPH,400,112,003AE488,0,1,1,4294967295,0,0
oInvCollPH,384,112,0027F3CE,0,1,1,4294967295,0,0
oInvCollPH,368,112,003E8CFF,0,1,1,4294967295,0,0
oInvCollPH,352,112,000957B3,0,1,1,4294967295,0,0
oInvCollPH,336,112,003225EA,0,1,1,4294967295,0,0
oInvCollPH,320,112,00253B7D,0,1,1,4294967295,0,0
oInvCollPH,304,112,002F40C3,0,1,1,4294967295,0,0
oInvCollPH,288,112,002FD6F0,0,1,1,4294967295,0,0
oInvCollPH,272,112,0014C78D,0,1,1,4294967295,0,0
oInvCollPH,256,112,0003E28B,0,1,1,4294967295,0,0
oInvCollPH,240,112,000540A0,0,1,1,4294967295,0,0
oInvCollPH,224,112,002FA7AE,0,1,1,4294967295,0,0
oInvCollPH,208,112,001C198F,0,1,1,4294967295,0,0
oInvCollPH,192,112,0013DF23,0,1,1,4294967295,0,0
oInvCollPH,176,112,003AA1B8,0,1,1,4294967295,0,0
oInvCollPH,160,112,003224F2,0,1,1,4294967295,0,0
oInvCollPH,144,112,00350327,0,1,1,4294967295,0,0
oInvCollPH,128,112,00014E47,0,1,1,4294967295,0,0
oInvCollPH,112,112,0016B6E1,0,1,1,4294967295,0,0
oInvCollPH,96,112,0020854A,0,1,1,4294967295,0,0
oInvCollPH,80,112,00212A9F,0,1,1,4294967295,0,0
oInvCollPH,64,112,0006D881,0,1,1,4294967295,0,0
oInvCollPH,1264,336,0022180B,0,1,1,4294967295,0,0
oInvCollPH,1264,320,0006C015,0,1,1,4294967295,0,0
oInvCollPH,1264,304,004028B6,0,1,1,4294967295,0,0
oInvCollPH,1248,304,00226E33,0,1,1,4294967295,0,0
oInvCollPH,1232,304,002C88D5,0,1,1,4294967295,0,0
oInvCollPH,1216,304,00282B83,0,1,1,4294967295,0,0
oInvCollPH,1200,304,00108077,0,1,1,4294967295,0,0
oInvCollPH,1184,304,002E92CE,0,1,1,4294967295,0,0
oInvCollPH,1168,304,0007B3CF,0,1,1,4294967295,0,0
oInvCollPH,1152,304,000C040D,0,1,1,4294967295,0,0
oInvCollPH,1136,304,0011ABCF,0,1,1,4294967295,0,0
oInvCollPH,1120,304,000E4CD1,0,1,1,4294967295,0,0
oInvCollPH,1104,304,001E8E4C,0,1,1,4294967295,0,0
oInvCollPH,1088,304,001CE2CB,0,1,1,4294967295,0,0
oInvCollPH,1024,304,00329ECF,0,1,1,4294967295,0,0
oInvCollPH,1008,304,002B0125,0,1,1,4294967295,0,0
oInvCollPH,992,304,00226967,0,1,1,4294967295,0,0
oInvCollPH,976,304,003BDD8B,0,1,1,4294967295,0,0
oInvCollPH,960,304,0015A65A,0,1,1,4294967295,0,0
oInvCollPH,1040,304,0010C572,0,1,1,4294967295,0,0
oInvCollPH,1056,304,001D7F33,0,1,1,4294967295,0,0
oInvCollPH,1072,304,00039899,0,1,1,4294967295,0,0
oInvCollPH,1008,240,003B98D3,0,1,1,4294967295,0,0
oInvCollPH,1168,240,000D9E3A,0,1,1,4294967295,0,0
oInvCollPH,1488,240,00019F58,0,1,1,4294967295,0,0
oInvCollPH,1504,240,00017B0F,0,1,1,4294967295,0,0
oInvCollPH,1520,240,003504F3,0,1,1,4294967295,0,0
oInvCollPH,1344,288,003C6C87,0,1,1,4294967295,0,0
oInvCollPH,1344,304,0020B077,0,1,1,4294967295,0,0
oInvCollPH,1344,320,0037EC12,0,1,1,4294967295,0,0
oInvCollPH,1344,336,00135074,0,1,1,4294967295,0,0
oInvCollPH,1360,272,003E2E01,0,1,1,4294967295,0,0
oInvCollPH,1376,272,000733DE,0,1,1,4294967295,0,0
oInvCollPH,1392,272,00153FB4,0,1,1,4294967295,0,0
oInvCollPH,1392,288,00173024,0,1,1,4294967295,0,0
oInvCollPH,1392,304,00312FA2,0,1,1,4294967295,0,0
oInvCollPH,1392,320,00089A86,0,1,1,4294967295,0,0
oInvCollPH,1392,336,00169111,0,1,1,4294967295,0,0
oInvCollPH,1600,288,00313CC6,0,1,1,4294967295,0,0
oInvCollPH,1600,304,0001F974,0,1,1,4294967295,0,0
oInvCollPH,1600,320,00126085,0,1,1,4294967295,0,0
oInvCollPH,1600,336,0017F7C5,0,1,1,4294967295,0,0
oInvCollPH,1616,272,0038A318,0,1,1,4294967295,0,0
oInvCollPH,1632,272,00083C91,0,1,1,4294967295,0,0
oInvCollPH,1648,272,0035E1C0,0,1,1,4294967295,0,0
oInvCollPH,1648,288,002FA345,0,1,1,4294967295,0,0
oInvCollPH,1648,304,000A093F,0,1,1,4294967295,0,0
oInvCollPH,1648,320,002BADC1,0,1,1,4294967295,0,0
oInvCollPH,1648,336,0020CDC7,0,1,1,4294967295,0,0
oInvCollPH,1920,288,00368CD2,0,1,1,4294967295,0,0
oInvCollPH,1920,304,00123C75,0,1,1,4294967295,0,0
oInvCollPH,1920,320,0022AA53,0,1,1,4294967295,0,0
oInvCollPH,1920,336,001213F4,0,1,1,4294967295,0,0
oInvCollPH,1936,272,00383B1D,0,1,1,4294967295,0,0
oInvCollPH,1952,272,001536FC,0,1,1,4294967295,0,0
oInvCollPH,1968,272,0028F2EA,0,1,1,4294967295,0,0
oInvCollPH,1984,272,0022C234,0,1,1,4294967295,0,0
oInvCollPH,2000,272,000EA9A8,0,1,1,4294967295,0,0
oInvCollPH,2016,272,0018D8E5,0,1,1,4294967295,0,0
oInvCollPH,2032,272,001B2BA6,0,1,1,4294967295,0,0
oInvCollPH,1984,144,00104410,0,1,1,4294967295,0,0
oInvCollPH,1984,160,0003636E,0,1,1,4294967295,0,0
oInvCollPH,1984,176,0022A125,0,1,1,4294967295,0,0
oInvCollPH,1984,192,0039C483,0,1,1,4294967295,0,0
oInvCollPH,2000,192,00038BCF,0,1,1,4294967295,0,0
oInvCollPH,2016,192,001A2FAC,0,1,1,4294967295,0,0
oInvCollPH,2032,192,000CD0C5,0,1,1,4294967295,0,0
oInvCollPH,960,112,001E6F17,0,1,1,4294967295,0,0
oInvCollPH,976,112,001DACBD,0,1,1,4294967295,0,0
oInvCollPH,992,112,003ECBE2,0,1,1,4294967295,0,0
oInvCollPH,1008,112,00069CDE,0,1,1,4294967295,0,0
oInvCollPH,1024,112,0007BF6B,0,1,1,4294967295,0,0
oInvCollPH,1040,112,00266B60,0,1,1,4294967295,0,0
oInvCollPH,1056,112,001B546D,0,1,1,4294967295,0,0
oInvCollPH,1072,112,0020A0B9,0,1,1,4294967295,0,0
oInvCollPH,1088,112,00252233,0,1,1,4294967295,0,0
oInvCollPH,1104,112,0008830B,0,1,1,4294967295,0,0
oInvCollPH,1120,112,003023A9,0,1,1,4294967295,0,0
oInvCollPH,1136,112,0019E7F8,0,1,1,4294967295,0,0
oInvCollPH,1152,112,0024AC71,0,1,1,4294967295,0,0
oInvCollPH,1168,112,00157C86,0,1,1,4294967295,0,0
oInvCollPH,1184,112,000F9091,0,1,1,4294967295,0,0
oInvCollPH,1200,112,00316B38,0,1,1,4294967295,0,0
oInvCollPH,1216,112,0012F41E,0,1,1,4294967295,0,0
oInvCollPH,1232,112,001B035C,0,1,1,4294967295,0,0
oInvCollPH,1248,112,003BCAAB,0,1,1,4294967295,0,0
oInvCollPH,1264,112,000BB831,0,1,1,4294967295,0,0
oInvCollPH,1280,112,002947A1,0,1,1,4294967295,0,0
oInvCollPH,1296,112,0027EC92,0,1,1,4294967295,0,0
oInvCollPH,1312,112,0025747D,0,1,1,4294967295,0,0
oInvCollPH,1328,112,0014AF33,0,1,1,4294967295,0,0
oInvCollPH,1344,112,003A082A,0,1,1,4294967295,0,0
oInvCollPH,1360,112,0028C2C0,0,1,1,4294967295,0,0
oInvCollPH,1376,112,002AC48F,0,1,1,4294967295,0,0
oInvCollPH,1392,112,000A660F,0,1,1,4294967295,0,0
oInvCollPH,1408,112,003BD3E1,0,1,1,4294967295,0,0
oInvCollPH,1424,112,0018C7B6,0,1,1,4294967295,0,0
oInvCollPH,1440,112,0035F21D,0,1,1,4294967295,0,0
oInvCollPH,1456,112,003A5CD8,0,1,1,4294967295,0,0
oInvCollPH,1472,112,00005345,0,1,1,4294967295,0,0
oInvCollPH,1488,112,0011A0F9,0,1,1,4294967295,0,0
oInvCollPH,1504,112,0037C4C3,0,1,1,4294967295,0,0
oInvCollPH,1520,112,003E3858,0,1,1,4294967295,0,0
oInvCollPH,1536,112,003809F1,0,1,1,4294967295,0,0
oInvCollPH,1552,112,001485A0,0,1,1,4294967295,0,0
oInvCollPH,1568,112,0002822B,0,1,1,4294967295,0,0
oInvCollPH,1584,112,00207B8C,0,1,1,4294967295,0,0
oInvCollPH,1600,112,002D0D53,0,1,1,4294967295,0,0
oInvCollPH,1616,112,0038AD1A,0,1,1,4294967295,0,0
oInvCollPH,1632,112,001E0188,0,1,1,4294967295,0,0
oInvCollPH,1648,112,0017FE30,0,1,1,4294967295,0,0
oInvCollPH,1664,112,003C9640,0,1,1,4294967295,0,0
oInvCollPH,1680,112,0038DA8A,0,1,1,4294967295,0,0
oInvCollPH,1696,112,0038250F,0,1,1,4294967295,0,0
oInvCollPH,1712,112,001E8A3B,0,1,1,4294967295,0,0
oInvCollPH,1728,112,00146972,0,1,1,4294967295,0,0
oInvCollPH,1744,112,002D06D8,0,1,1,4294967295,0,0
oInvCollPH,1760,112,002E48F5,0,1,1,4294967295,0,0
oInvCollPH,1776,112,00368C94,0,1,1,4294967295,0,0
oInvCollPH,1792,112,001B5894,0,1,1,4294967295,0,0
oInvCollPH,1808,112,00087AD0,0,1,1,4294967295,0,0
oInvCollPH,1824,112,0032C444,0,1,1,4294967295,0,0
oInvCollPH,1840,112,00015220,0,1,1,4294967295,0,0
oInvCollPH,1856,112,002D5801,0,1,1,4294967295,0,0
oInvCollPH,1872,112,0009C704,0,1,1,4294967295,0,0
oInvCollPH,1888,112,00259541,0,1,1,4294967295,0,0
oInvCollPH,1904,112,001B8F77,0,1,1,4294967295,0,0
oInvCollPH,1920,112,002F3280,0,1,1,4294967295,0,0
oInvCollPH,1936,112,0015564B,0,1,1,4294967295,0,0
oInvCollPH,1952,112,00095AE1,0,1,1,4294967295,0,0
oInvCollPH,1968,112,003D9CD2,0,1,1,4294967295,0,0
oInvisibleSolid,0,128,00061EE2,0,1,1,4294967295,0,1
oInvisibleSolid,0,80,0007E4BD,0,1,1,4294967295,0,1
oInvisibleSolid,0,304,0009E313,0,1,1,4294967295,0,1
oInvisibleSolid,160,288,00393409,0,1,1,4294967295,0,1
oInvisibleSolid,352,208,001378F8,0,1,1,4294967295,0,1
oInvisibleSolid,608,208,001ADA99,0,1,1,4294967295,0,1
oInvisibleSolid,320,304,001B55CB,0,1,1,4294967295,0,1
oInvisibleSolid,448,272,0033A47A,0,1,1,4294967295,0,1
oInvisibleSolid,544,304,00214D67,0,1,1,4294967295,0,1
oInvisibleSolid,768,304,00040D36,0,1,1,4294967295,0,1
oInvisibleSolid,800,288,0009ED80,0,1,1,4294967295,0,1
oInvisibleSolid,896,192,000F6E52,0,1,1,4294967295,0,1
oInvisibleSolid,896,240,00025B16,0,1,1,4294967295,0,1
oInvisibleSolid,864,272,000F8437,0,1,1,4294967295,0,1
oInvisibleSolid,864,224,002168F6,0,1,1,4294967295,0,1
oInvisibleSolid,832,256,000A860D,0,1,1,4294967295,0,1
oInvisibleSolid,1344,272,0032A542,0,1,1,4294967295,0,1
oInvisibleSolid,1472,240,0039D479,0,1,1,4294967295,0,1
oInvisibleSolid,1600,272,0020A6DE,0,1,1,4294967295,0,1
oInvisibleSolid,1920,272,00218897,0,1,1,4294967295,0,1
oInvisibleSolid,1984,128,0014EC0B,0,1,1,4294967295,0,1
oInvisibleSolid,992,240,00294364,0,1,1,4294967295,0,1
oInvisibleSolid,1152,240,00045EF8,0,1,1,4294967295,0,1
