oExit,48,96,001C719D,0,1,1,4294967295,0,1
oMissilePack,352,112,0029724E,0,1,1,4294967295,0,1
oWeaponLevelUpgrade,272,224,00042845,0,1,1,4294967295,0,1
oPlayer1,64,192,003456C1,0,1,1,4294967295,0,0
oBreakableMetroidWall,256,112,00067A4B,0,1,1,4294967295,0,1
oBreakableMetroidWall,272,112,003B1114,0,1,1,4294967295,0,1
oBreakableMetroidWall,272,240,002973A5,0,1,1,4294967295,0,1
oInvCollSM,16,96,000F998B,0,1,1,4294967295,0,0
oInvCollSM,32,96,0011E01D,0,1,1,4294967295,0,0
oInvCollSM,208,208,003E39A2,0,1,1,4294967295,0,0
oInvCollSM,224,208,002921DD,0,1,1,4294967295,0,0
oInvCollSM,240,208,00299A8B,0,1,1,4294967295,0,0
oInvCollSM,256,208,0037556D,0,1,1,4294967295,0,0
oInvCollSM,272,208,0030093A,0,1,1,4294967295,0,0
oInvCollSM,288,208,000C4B7B,0,1,1,4294967295,0,0
oInvCollSM,304,208,001442FC,0,1,1,4294967295,0,0
oInvCollSM,320,208,003C18C3,0,1,1,4294967295,0,0
oInvCollSM,336,208,002BDAAB,0,1,1,4294967295,0,0
oInvCollPH,32,80,000A0765,0,1,1,4294967295,0,0
oInvCollPH,32,64,003BA6BB,0,1,1,4294967295,0,0
oInvCollPH,32,48,002908A2,0,1,1,4294967295,0,0
oInvCollPH,208,192,0037D7EE,0,1,1,4294967295,0,0
oInvCollPH,224,192,003303BD,0,1,1,4294967295,0,0
oInvCollPH,240,192,001BD849,0,1,1,4294967295,0,0
oInvCollPH,288,192,002DA230,0,1,1,4294967295,0,0
oInvCollPH,304,192,00307E55,0,1,1,4294967295,0,0
oInvCollPH,320,192,00374BEE,0,1,1,4294967295,0,0
oInvCollPH,336,192,003D42BC,0,1,1,4294967295,0,0
oInvCollPH,336,144,000E0D6D,0,1,1,4294967295,0,0
oInvCollPH,352,128,002E7B20,0,1,1,4294967295,0,0
oInvCollPH,368,128,000E1AD7,0,1,1,4294967295,0,0
oInvCollPH,368,144,0011BACA,0,1,1,4294967295,0,0
oInvCollPH,256,64,000D617C,0,1,1,4294967295,0,0
oInvCollPH,256,80,00106293,0,1,1,4294967295,0,0
oInvCollPH,256,144,001524AF,0,1,1,4294967295,0,0
oInvCollPH,256,160,002EBDBD,0,1,1,4294967295,0,0
oInvCollPH,256,176,000F7BDA,0,1,1,4294967295,0,0
oInvCollPH,272,176,00257972,0,1,1,4294967295,0,0
oInvCollPH,272,160,000DAD48,0,1,1,4294967295,0,0
oInvCollPH,272,144,001E14A2,0,1,1,4294967295,0,0
oInvCollPH,272,128,0004D7A8,0,1,1,4294967295,0,0
oInvCollPH,272,80,000140E7,0,1,1,4294967295,0,0
oInvCollPH,272,64,00320480,0,1,1,4294967295,0,0
oInvCollPH,272,48,00212EA6,0,1,1,4294967295,0,0
oInvCollPH,48,32,003DD98E,0,1,1,4294967295,0,0
oInvCollPH,64,32,0017ED87,0,1,1,4294967295,0,0
oInvCollPH,80,32,0025AE19,0,1,1,4294967295,0,0
oInvCollPH,96,32,00028296,0,1,1,4294967295,0,0
oInvCollPH,112,32,0012CF15,0,1,1,4294967295,0,0
oInvCollPH,128,32,0007F959,0,1,1,4294967295,0,0
oInvCollPH,144,32,001C115E,0,1,1,4294967295,0,0
oInvCollPH,160,32,002DCA6A,0,1,1,4294967295,0,0
oInvCollPH,176,32,002581C9,0,1,1,4294967295,0,0
oInvCollPH,192,32,0013133A,0,1,1,4294967295,0,0
oInvCollPH,208,32,00181998,0,1,1,4294967295,0,0
oInvCollPH,224,32,000C826A,0,1,1,4294967295,0,0
oInvCollPH,240,32,00023143,0,1,1,4294967295,0,0
oInvCollPH,288,32,000B070C,0,1,1,4294967295,0,0
oInvCollPH,304,32,003F197D,0,1,1,4294967295,0,0
oInvCollPH,320,32,0000C16B,0,1,1,4294967295,0,0
oInvCollPH,336,32,0008E3DA,0,1,1,4294967295,0,0
oInvCollPH,352,32,00127FB4,0,1,1,4294967295,0,0
oInvCollPH,368,32,00037446,0,1,1,4294967295,0,0
oInvCollPH,384,32,0019BA25,0,1,1,4294967295,0,0
oInvCollPH,400,32,00059458,0,1,1,4294967295,0,0
oInvCollPH,416,32,00192F0F,0,1,1,4294967295,0,0
oInvCollPH,16,128,00025976,0,1,1,4294967295,0,0
oInvCollPH,32,128,003A2908,0,1,1,4294967295,0,0
oInvCollPH,32,144,003CAC67,0,1,1,4294967295,0,0
oInvCollPH,32,160,001093CA,0,1,1,4294967295,0,0
oInvCollPH,32,176,003203E2,0,1,1,4294967295,0,0
oInvCollPH,432,64,00358A70,0,1,1,4294967295,0,0
oInvCollPH,432,80,00239266,0,1,1,4294967295,0,0
oInvCollPH,432,96,002F09AA,0,1,1,4294967295,0,0
oInvCollPH,432,112,001EC84C,0,1,1,4294967295,0,0
oInvCollPH,432,128,002787AA,0,1,1,4294967295,0,0
oInvCollPH,432,144,000AE0DD,0,1,1,4294967295,0,0
oInvCollPH,432,160,003AE999,0,1,1,4294967295,0,0
oInvCollPH,432,176,00347140,0,1,1,4294967295,0,0
oInvCollPH,400,192,00331959,0,1,1,4294967295,0,0
oInvCollPH,416,192,002C41F6,0,1,1,4294967295,0,0
oInvCollPH,368,224,00150EAB,0,1,1,4294967295,0,0
oInvCollPH,48,192,00224D12,0,1,1,4294967295,0,0
oInvCollPH,64,192,0029208C,0,1,1,4294967295,0,0
oInvCollPH,144,192,003AC802,0,1,1,4294967295,0,0
oInvCollPH,128,192,0004BCE3,0,1,1,4294967295,0,0
oInvCollPH,112,192,0018F49A,0,1,1,4294967295,0,0
oInvCollPH,96,192,002FC0FD,0,1,1,4294967295,0,0
oInvCollPH,80,192,00287D5A,0,1,1,4294967295,0,0
oInvCollPH,160,208,0039D73F,0,1,1,4294967295,0,0
oInvCollPH,160,224,00008D2E,0,1,1,4294967295,0,0
oInvCollPH,176,240,0000A549,0,1,1,4294967295,0,0
oInvCollPH,192,240,003C5589,0,1,1,4294967295,0,0
oInvCollPH,208,240,0005D8FD,0,1,1,4294967295,0,0
oInvCollPH,224,240,00176CB2,0,1,1,4294967295,0,0
oInvCollPH,240,240,00172BF1,0,1,1,4294967295,0,0
oInvCollPH,256,240,0005A524,0,1,1,4294967295,0,0
oInvCollPH,304,240,002E81EB,0,1,1,4294967295,0,0
oInvCollPH,320,240,001DFCFA,0,1,1,4294967295,0,0
oInvCollPH,336,240,0006917B,0,1,1,4294967295,0,0
oInvCollPH,352,240,00280BF7,0,1,1,4294967295,0,0
oInvCollSM,352,160,003908CF,0,1,1,4294967295,0,0
oInvCollSM,368,160,001FF338,0,1,1,4294967295,0,0
oInvCollSM,272,96,000B487D,0,1,1,4294967295,0,0
oInvisibleSolidMorph,0,96,003A2C57,0,1,1,4294967295,0,1
oInvisibleSolidMorph,192,208,001BB606,0,1,1,4294967295,0,1
oInvisibleSolid,0,48,002B4B02,0,1,1,4294967295,0,1
oInvisibleSolid,336,128,001253C3,0,1,1,4294967295,0,1
oInvisibleSolid,192,192,0012BC20,0,1,1,4294967295,0,1
oInvisibleSolid,256,48,00044C1C,0,1,1,4294967295,0,1
oInvisibleSolid,0,0,003B58B0,0,1,1,4294967295,0,1
oInvisibleSolid,432,48,002A3F53,0,1,1,4294967295,0,1
oInvisibleSolid,384,192,0027556F,0,1,1,4294967295,0,1
oInvisibleSolid,0,128,000BB5AD,0,1,1,4294967295,0,1
oInvisibleSolid,0,192,0008A2AE,0,1,1,4294967295,0,1
oInvisibleSolid,0,240,000EE9CB,0,1,1,4294967295,0,1
oInvisibleSolid,0,208,00346DFA,0,1,1,4294967295,0,1
oInvisibleSolid,368,208,0021413E,0,1,1,4294967295,0,1
oInvisibleSolidMorph,336,160,002EC836,0,1,1,4294967295,0,1
oInvisibleSolid,272,256,001DAFB5,0,1,1,4294967295,0,1
oInvisibleSolid,288,240,0029E5DB,0,1,1,4294967295,0,1
oInvisibleSolid,256,128,000038A1,0,1,1,4294967295,0,1
oInvisibleSolidMorph,256,96,00024643,0,1,1,4294967295,0,1
