oMuncher,288,256,003CC617,0,1,1,4294967295,0,0
oMuncher,304,256,0011A4B6,0,1,1,4294967295,0,0
oMuncher,384,272,0009D595,0,1,1,4294967295,0,1
oMuncher,400,272,00323661,0,1,1,4294967295,0,1
oMuncher,480,240,002C8A31,0,1,1,4294967295,0,0
oMuncher,496,240,0014AADB,0,1,1,4294967295,0,0
oMuncher,576,256,0008F521,0,1,1,4294967295,0,1
oMuncher,592,256,001ED0BB,0,1,1,4294967295,0,1
oMuncher,672,192,00048044,0,1,1,4294967295,0,0
oMuncher,688,192,003A304F,0,1,1,4294967295,0,0
oMuncher,800,256,00394B02,0,1,1,4294967295,0,1
oMuncher,816,256,0007B46C,0,1,1,4294967295,0,1
oMuncher,832,256,000FC431,0,1,1,4294967295,0,0
oMuncher,832,256,001FABCA,0,1,1,4294967295,0,0
oMuncher,832,256,0027B9DC,0,1,1,4294967295,0,0
oMuncher,832,256,0037C015,0,1,1,4294967295,0,0
oMuncher,848,256,0018DE07,0,1,1,4294967295,0,0
oMuncher,848,256,001989DE,0,1,1,4294967295,0,0
oMuncher,848,256,00402E23,0,1,1,4294967295,0,0
oMuncher,928,240,001B6FA5,0,1,1,4294967295,0,0
oMuncher,928,240,0014AF9F,0,1,1,4294967295,0,0
oMuncher,928,240,0000C23E,0,1,1,4294967295,0,0
oMuncher,944,240,000234BE,0,1,1,4294967295,0,0
oMuncher,944,240,002FF783,0,1,1,4294967295,0,0
oMuncher,944,240,000F1E0B,0,1,1,4294967295,0,0
oMuncher,944,240,000F88DE,0,1,1,4294967295,0,0
oMuncher,960,240,003A1CBE,0,1,1,4294967295,0,1
oMuncher,976,240,002E7CBA,0,1,1,4294967295,0,1
oPiranhaPlantN,2208,256,00194CC8,0,1,1,4294967295,0,0
oExit,4072,176,0003E203,0,1,1,4294967295,0,1
oMarioQBlock,4000,176,001B7368,0,1,1,4294967295,0,1
oMarioQBlock,4016,176,003DFD2B,0,1,1,4294967295,0,1
oExit,40,256,000833C6,0,1,1,4294967295,0,1
oExit,176,256,00171134,0,1,1,4294967295,0,1
oMarioSpikeFloor,656,224,004022BA,0,1,1,4294967295,0,0
oRedParatroopa,1152,256,0039632D,0,1,1,4294967295,0,0
oRedParatroopa,1280,272,0023D1D0,0,1,1,4294967295,0,0
oVolcanoLotus,1728,96,0020CE00,0,1,1,4294967295,0,0
oVolcanoLotus,1392,256,000658A2,0,1,1,4294967295,0,0
oVolcanoLotus,2048,96,00304828,0,1,1,4294967295,0,0
oVolcanoLotus,3088,256,00331B57,0,1,1,4294967295,0,0
oVolcanoLotus,3328,64,0014CAF9,0,1,1,4294967295,0,0
oVolcanoLotus,3648,64,00305B41,0,1,1,4294967295,0,0
oPlayer1,112,288,00131A12,0,1,1,4294967295,0,0
oInvCollPH,16,288,0027487D,0,1,1,4294967295,0,0
oInvCollPH,32,288,00139386,0,1,1,4294967295,0,0
oInvCollPH,48,288,00216B4E,0,1,1,4294967295,0,0
oInvCollPH,64,288,000F5549,0,1,1,4294967295,0,0
oInvCollPH,80,288,00330DFE,0,1,1,4294967295,0,0
oInvCollPH,96,288,0019CCD4,0,1,1,4294967295,0,0
oInvCollPH,112,288,003A6D70,0,1,1,4294967295,0,0
oInvCollPH,128,288,002D39F2,0,1,1,4294967295,0,0
oInvCollPH,144,288,002C9BF8,0,1,1,4294967295,0,0
oInvCollPH,160,288,0029CF3C,0,1,1,4294967295,0,0
oInvCollPH,176,288,001305EB,0,1,1,4294967295,0,0
oInvCollPH,192,288,0012FB2B,0,1,1,4294967295,0,0
oInvCollPH,208,288,002B8D0C,0,1,1,4294967295,0,0
oInvCollPH,208,304,0019A981,0,1,1,4294967295,0,0
oInvCollPH,208,320,002EA70F,0,1,1,4294967295,0,0
oInvCollPH,208,336,0021BFE0,0,1,1,4294967295,0,0
oInvCollPH,288,288,001F3F8E,0,1,1,4294967295,0,0
oInvCollPH,288,304,0001A718,0,1,1,4294967295,0,0
oInvCollPH,288,320,000C9F1B,0,1,1,4294967295,0,0
oInvCollPH,288,336,002B455C,0,1,1,4294967295,0,0
oInvCollPH,304,336,002E9F53,0,1,1,4294967295,0,0
oInvCollPH,304,320,0014FF4A,0,1,1,4294967295,0,0
oInvCollPH,304,304,00128231,0,1,1,4294967295,0,0
oInvCollPH,304,288,003E8D1D,0,1,1,4294967295,0,0
oInvCollPH,304,272,0040132F,0,1,1,4294967295,0,0
oInvCollPH,384,304,000FD929,0,1,1,4294967295,0,0
oInvCollPH,384,320,001DF53E,0,1,1,4294967295,0,0
oInvCollPH,384,336,000F7E9D,0,1,1,4294967295,0,0
oInvCollPH,400,336,0037FA08,0,1,1,4294967295,0,0
oInvCollPH,400,320,00389FF4,0,1,1,4294967295,0,0
oInvCollPH,400,304,003B5636,0,1,1,4294967295,0,0
oInvCollPH,400,288,00319DB9,0,1,1,4294967295,0,0
oInvCollPH,480,272,00369E07,0,1,1,4294967295,0,0
oInvCollPH,480,288,0038B4C6,0,1,1,4294967295,0,0
oInvCollPH,480,304,0038A8BA,0,1,1,4294967295,0,0
oInvCollPH,480,320,001A4480,0,1,1,4294967295,0,0
oInvCollPH,480,336,002BF0AE,0,1,1,4294967295,0,0
oInvCollPH,496,336,001B614C,0,1,1,4294967295,0,0
oInvCollPH,496,320,0005E862,0,1,1,4294967295,0,0
oInvCollPH,496,304,0001406C,0,1,1,4294967295,0,0
oInvCollPH,496,288,000221E5,0,1,1,4294967295,0,0
oInvCollPH,496,272,000AA988,0,1,1,4294967295,0,0
oInvCollPH,496,256,0014D9D1,0,1,1,4294967295,0,0
oInvCollPH,576,288,002DC9BA,0,1,1,4294967295,0,0
oInvCollPH,576,304,001EEB2A,0,1,1,4294967295,0,0
oInvCollPH,576,320,003EE084,0,1,1,4294967295,0,0
oInvCollPH,576,336,0021F2C7,0,1,1,4294967295,0,0
oInvCollPH,592,336,0034FA91,0,1,1,4294967295,0,0
oInvCollPH,592,320,001AABC6,0,1,1,4294967295,0,0
oInvCollPH,592,304,0004480F,0,1,1,4294967295,0,0
oInvCollPH,592,288,0033092A,0,1,1,4294967295,0,0
oInvCollPH,592,272,003B1450,0,1,1,4294967295,0,0
oInvCollPH,672,224,003D6CB9,0,1,1,4294967295,0,0
oInvCollPH,656,256,0012743F,0,1,1,4294967295,0,0
oInvCollPH,656,272,001AAAFD,0,1,1,4294967295,0,0
oInvCollPH,656,288,0011F300,0,1,1,4294967295,0,0
oInvCollPH,656,304,001679CE,0,1,1,4294967295,0,0
oInvCollPH,656,320,00338462,0,1,1,4294967295,0,0
oInvCollPH,656,336,00261366,0,1,1,4294967295,0,0
oInvCollPH,688,336,002816EC,0,1,1,4294967295,0,0
oInvCollPH,688,320,002030C7,0,1,1,4294967295,0,0
oInvCollPH,688,304,001AF9A1,0,1,1,4294967295,0,0
oInvCollPH,688,288,00259990,0,1,1,4294967295,0,0
oInvCollPH,688,272,00028088,0,1,1,4294967295,0,0
oInvCollPH,688,256,002400E5,0,1,1,4294967295,0,0
oInvCollPH,688,240,000F6B3D,0,1,1,4294967295,0,0
oInvCollPH,688,224,001640CA,0,1,1,4294967295,0,0
oInvCollPH,688,208,0016E042,0,1,1,4294967295,0,0
oInvCollPH,800,336,003017E3,0,1,1,4294967295,0,0
oInvCollPH,800,320,001CA7F7,0,1,1,4294967295,0,0
oInvCollPH,800,304,003CF9E9,0,1,1,4294967295,0,0
oInvCollPH,800,288,001D65C2,0,1,1,4294967295,0,0
oInvCollPH,816,272,00355FA8,0,1,1,4294967295,0,0
oInvCollPH,832,272,0017D1A9,0,1,1,4294967295,0,0
oInvCollPH,848,272,0015E620,0,1,1,4294967295,0,0
oInvCollPH,848,288,003AF2AD,0,1,1,4294967295,0,0
oInvCollPH,848,304,000BFD64,0,1,1,4294967295,0,0
oInvCollPH,848,320,000F07B0,0,1,1,4294967295,0,0
oInvCollPH,848,336,00129BA8,0,1,1,4294967295,0,0
oInvCollPH,928,336,0020E2AF,0,1,1,4294967295,0,0
oInvCollPH,928,320,0035651A,0,1,1,4294967295,0,0
oInvCollPH,928,304,000AAB5E,0,1,1,4294967295,0,0
oInvCollPH,928,288,001201FE,0,1,1,4294967295,0,0
oInvCollPH,928,272,003EC485,0,1,1,4294967295,0,0
oInvCollPH,944,256,0001914B,0,1,1,4294967295,0,0
oInvCollPH,960,256,00028152,0,1,1,4294967295,0,0
oInvCollPH,976,256,003D6336,0,1,1,4294967295,0,0
oInvCollPH,976,272,00360ABA,0,1,1,4294967295,0,0
oInvCollPH,976,288,001FFD91,0,1,1,4294967295,0,0
oInvCollPH,976,304,002B7817,0,1,1,4294967295,0,0
oInvCollPH,976,320,00032A84,0,1,1,4294967295,0,0
oInvCollPH,976,336,0027DA0C,0,1,1,4294967295,0,0
oInvCollPH,144,16,0031EB3A,0,1,1,4294967295,0,0
oInvCollPH,144,32,000CBBC1,0,1,1,4294967295,0,0
oInvCollPH,144,48,00176AD9,0,1,1,4294967295,0,0
oInvCollPH,144,64,00048FA9,0,1,1,4294967295,0,0
oInvCollPH,144,80,00093BDE,0,1,1,4294967295,0,0
oInvCollPH,144,96,0010C833,0,1,1,4294967295,0,0
oInvCollPH,144,112,0009CC9A,0,1,1,4294967295,0,0
oInvCollPH,144,128,0003618D,0,1,1,4294967295,0,0
oInvCollPH,144,144,00288738,0,1,1,4294967295,0,0
oInvCollPH,144,160,001D7ABA,0,1,1,4294967295,0,0
oInvCollPH,144,176,0013C017,0,1,1,4294967295,0,0
oInvCollPH,144,192,001AB23A,0,1,1,4294967295,0,0
oInvCollPH,1328,272,0009C5F7,0,1,1,4294967295,0,0
oInvCollPH,1328,288,001B9C36,0,1,1,4294967295,0,0
oInvCollPH,1328,304,00060A70,0,1,1,4294967295,0,0
oInvCollPH,1328,320,0025F5F9,0,1,1,4294967295,0,0
oInvCollPH,1328,336,00091C12,0,1,1,4294967295,0,0
oInvCollPH,1344,256,001E5012,0,1,1,4294967295,0,0
oInvCollPH,1360,256,0019FDF4,0,1,1,4294967295,0,0
oInvCollPH,1376,256,003394B7,0,1,1,4294967295,0,0
oInvCollPH,1392,256,00131721,0,1,1,4294967295,0,0
oInvCollPH,1408,256,00318301,0,1,1,4294967295,0,0
oInvCollPH,1424,256,0004B607,0,1,1,4294967295,0,0
oInvCollPH,1440,256,0012F050,0,1,1,4294967295,0,0
oInvCollPH,1440,272,00061166,0,1,1,4294967295,0,0
oInvCollPH,1440,288,0027E122,0,1,1,4294967295,0,0
oInvCollPH,1440,304,001C9AC7,0,1,1,4294967295,0,0
oInvCollPH,1440,320,00259C50,0,1,1,4294967295,0,0
oInvCollPH,1440,336,0036223E,0,1,1,4294967295,0,0
oInvCollPH,1552,288,0021168C,0,1,1,4294967295,0,0
oInvCollPH,1552,304,0005AA1A,0,1,1,4294967295,0,0
oInvCollPH,1552,320,002833AA,0,1,1,4294967295,0,0
oInvCollPH,1552,336,0000643E,0,1,1,4294967295,0,0
oInvCollPH,1664,336,0015E5C8,0,1,1,4294967295,0,0
oInvCollPH,1664,320,000E2C6A,0,1,1,4294967295,0,0
oInvCollPH,1664,304,00155FE9,0,1,1,4294967295,0,0
oInvCollPH,1664,288,002D5891,0,1,1,4294967295,0,0
oInvCollPH,1776,272,000078C9,0,1,1,4294967295,0,0
oInvCollPH,1776,288,001A3406,0,1,1,4294967295,0,0
oInvCollPH,1776,304,0028D124,0,1,1,4294967295,0,0
oInvCollPH,1776,320,00009CFA,0,1,1,4294967295,0,0
oInvCollPH,1776,336,00379476,0,1,1,4294967295,0,0
oInvCollPH,1888,336,00113AC3,0,1,1,4294967295,0,0
oInvCollPH,1888,320,001059F4,0,1,1,4294967295,0,0
oInvCollPH,1888,304,003C1591,0,1,1,4294967295,0,0
oInvCollPH,1888,288,0035DADB,0,1,1,4294967295,0,0
oInvCollPH,1728,96,0039DE9B,0,1,1,4294967295,0,0
oInvCollPH,2016,240,0019A588,0,1,1,4294967295,0,0
oInvCollPH,2032,240,00155374,0,1,1,4294967295,0,0
oInvCollPH,2048,240,003ED1A2,0,1,1,4294967295,0,0
oInvCollPH,2064,240,00129EE8,0,1,1,4294967295,0,0
oInvCollPH,2080,240,001A6FA1,0,1,1,4294967295,0,0
oInvCollPH,2192,272,002FAF3B,0,1,1,4294967295,0,0
oInvCollPH,2192,288,0038C44A,0,1,1,4294967295,0,0
oInvCollPH,2192,304,002A4FCA,0,1,1,4294967295,0,0
oInvCollPH,2192,320,00109A15,0,1,1,4294967295,0,0
oInvCollPH,2192,336,0002514B,0,1,1,4294967295,0,0
oInvCollPH,2208,336,00360842,0,1,1,4294967295,0,0
oInvCollPH,2208,320,00354DCE,0,1,1,4294967295,0,0
oInvCollPH,2208,304,0032F286,0,1,1,4294967295,0,0
oInvCollPH,2208,288,003A5945,0,1,1,4294967295,0,0
oInvCollPH,2208,272,000E050D,0,1,1,4294967295,0,0
oInvCollPH,2208,256,003A3449,0,1,1,4294967295,0,0
oInvCollPH,2320,256,00255201,0,1,1,4294967295,0,0
oInvCollPH,2320,272,000CF010,0,1,1,4294967295,0,0
oInvCollPH,2320,288,0003386F,0,1,1,4294967295,0,0
oInvCollPH,2320,304,0037F00E,0,1,1,4294967295,0,0
oInvCollPH,2320,320,00162E7A,0,1,1,4294967295,0,0
oInvCollPH,2320,336,0014181E,0,1,1,4294967295,0,0
oInvCollPH,2320,16,003EBDAA,0,1,1,4294967295,0,0
oInvCollPH,2320,32,003E61EB,0,1,1,4294967295,0,0
oInvCollPH,2320,48,00148015,0,1,1,4294967295,0,0
oInvCollPH,2320,64,00095411,0,1,1,4294967295,0,0
oInvCollPH,2320,80,003D94E1,0,1,1,4294967295,0,0
oInvCollPH,2320,96,003FC1A7,0,1,1,4294967295,0,0
oInvCollPH,2320,112,0003A6A9,0,1,1,4294967295,0,0
oInvCollPH,2320,128,0016DDCF,0,1,1,4294967295,0,0
oInvCollPH,2448,16,001CD08A,0,1,1,4294967295,0,0
oInvCollPH,2448,32,00326AB8,0,1,1,4294967295,0,0
oInvCollPH,2448,48,002040E4,0,1,1,4294967295,0,0
oInvCollPH,2448,64,003843C2,0,1,1,4294967295,0,0
oInvCollPH,2448,80,003BB7C3,0,1,1,4294967295,0,0
oInvCollPH,2448,96,0029AEF1,0,1,1,4294967295,0,0
oInvCollPH,2448,112,0016BAF4,0,1,1,4294967295,0,0
oInvCollPH,2448,240,003C49F2,0,1,1,4294967295,0,0
oInvCollPH,2448,256,0040088E,0,1,1,4294967295,0,0
oInvCollPH,2448,272,001C5D6A,0,1,1,4294967295,0,0
oInvCollPH,2448,288,00024DE7,0,1,1,4294967295,0,0
oInvCollPH,2448,304,0006A24C,0,1,1,4294967295,0,0
oInvCollPH,2448,320,001A451F,0,1,1,4294967295,0,0
oInvCollPH,2448,336,0020DC84,0,1,1,4294967295,0,0
oInvCollPH,2896,240,0033F30E,0,1,1,4294967295,0,0
oInvCollPH,2896,256,00006919,0,1,1,4294967295,0,0
oInvCollPH,2896,272,0031E020,0,1,1,4294967295,0,0
oInvCollPH,2896,288,0034D216,0,1,1,4294967295,0,0
oInvCollPH,2896,304,0034CC2C,0,1,1,4294967295,0,0
oInvCollPH,2896,320,0034B655,0,1,1,4294967295,0,0
oInvCollPH,2896,336,0033B2F0,0,1,1,4294967295,0,0
oInvCollPH,2896,16,003814CA,0,1,1,4294967295,0,0
oInvCollPH,2896,32,000A600E,0,1,1,4294967295,0,0
oInvCollPH,2896,48,002A9249,0,1,1,4294967295,0,0
oInvCollPH,2896,64,0011B5D5,0,1,1,4294967295,0,0
oInvCollPH,2896,80,0011DC93,0,1,1,4294967295,0,0
oInvCollPH,2896,96,000B8D88,0,1,1,4294967295,0,0
oInvCollPH,2896,112,001BFF65,0,1,1,4294967295,0,0
oInvCollPH,2800,288,000B7467,0,1,1,4294967295,0,0
oInvCollPH,2800,304,00073A20,0,1,1,4294967295,0,0
oInvCollPH,2800,320,002A331B,0,1,1,4294967295,0,0
oInvCollPH,2800,336,0035627B,0,1,1,4294967295,0,0
oInvCollPH,2688,304,002AB61A,0,1,1,4294967295,0,0
oInvCollPH,2688,320,0018888B,0,1,1,4294967295,0,0
oInvCollPH,2688,336,00262ACF,0,1,1,4294967295,0,0
oInvCollPH,2576,272,001ECD58,0,1,1,4294967295,0,0
oInvCollPH,2576,288,003073FE,0,1,1,4294967295,0,0
oInvCollPH,2576,304,000EB32F,0,1,1,4294967295,0,0
oInvCollPH,2576,320,002C0E45,0,1,1,4294967295,0,0
oInvCollPH,2576,336,001FA30A,0,1,1,4294967295,0,0
oInvCollPH,2576,16,003D6FC6,0,1,1,4294967295,0,0
oInvCollPH,2576,32,002F4571,0,1,1,4294967295,0,0
oInvCollPH,2576,48,0030E271,0,1,1,4294967295,0,0
oInvCollPH,2576,64,00378526,0,1,1,4294967295,0,0
oInvCollPH,2576,80,000F051B,0,1,1,4294967295,0,0
oInvCollPH,2576,96,001B7F8E,0,1,1,4294967295,0,0
oInvCollPH,2576,112,00300FB6,0,1,1,4294967295,0,0
oInvCollPH,2576,128,001ED359,0,1,1,4294967295,0,0
oInvCollPH,2576,144,003F0958,0,1,1,4294967295,0,0
oInvCollPH,2800,16,00364CCF,0,1,1,4294967295,0,0
oInvCollPH,2800,32,003D7916,0,1,1,4294967295,0,0
oInvCollPH,2800,48,002DBC1B,0,1,1,4294967295,0,0
oInvCollPH,2800,64,003BD2A4,0,1,1,4294967295,0,0
oInvCollPH,2800,80,00321DBA,0,1,1,4294967295,0,0
oInvCollPH,2800,96,002E6E17,0,1,1,4294967295,0,0
oInvCollPH,2800,112,0035930D,0,1,1,4294967295,0,0
oInvCollPH,2800,128,000B4A03,0,1,1,4294967295,0,0
oInvCollPH,2800,144,00037DA0,0,1,1,4294967295,0,0
oInvCollPH,2800,160,002DF326,0,1,1,4294967295,0,0
oInvCollPH,2688,16,002FC317,0,1,1,4294967295,0,0
oInvCollPH,2688,32,002DB5BC,0,1,1,4294967295,0,0
oInvCollPH,2688,48,003C0F13,0,1,1,4294967295,0,0
oInvCollPH,2688,64,001D026D,0,1,1,4294967295,0,0
oInvCollPH,2688,80,002E7C50,0,1,1,4294967295,0,0
oInvCollPH,2688,96,000BB409,0,1,1,4294967295,0,0
oInvCollPH,2688,112,00231341,0,1,1,4294967295,0,0
oInvCollPH,2688,128,00348375,0,1,1,4294967295,0,0
oInvCollPH,2688,144,000EABFB,0,1,1,4294967295,0,0
oInvCollPH,2688,160,003041C4,0,1,1,4294967295,0,0
oInvCollPH,2688,176,0039EFC0,0,1,1,4294967295,0,0
oInvCollPH,2048,96,0028E85F,0,1,1,4294967295,0,0
oInvCollPH,3120,288,003BB5C9,0,1,1,4294967295,0,0
oInvCollPH,3120,304,00109BD9,0,1,1,4294967295,0,0
oInvCollPH,3120,320,001993F5,0,1,1,4294967295,0,0
oInvCollPH,3120,336,002629E7,0,1,1,4294967295,0,0
oInvCollPH,3024,256,0020258E,0,1,1,4294967295,0,0
oInvCollPH,3040,256,00069EF9,0,1,1,4294967295,0,0
oInvCollPH,3056,256,00394B53,0,1,1,4294967295,0,0
oInvCollPH,3072,256,0003161F,0,1,1,4294967295,0,0
oInvCollPH,3088,256,0038FEC2,0,1,1,4294967295,0,0
oInvCollPH,3008,272,00206F35,0,1,1,4294967295,0,0
oInvCollPH,3008,288,002DAF8A,0,1,1,4294967295,0,0
oInvCollPH,3008,304,0022CEE9,0,1,1,4294967295,0,0
oInvCollPH,3008,320,0001FA80,0,1,1,4294967295,0,0
oInvCollPH,3008,336,00052482,0,1,1,4294967295,0,0
oInvCollPH,3232,320,000E2E41,0,1,1,4294967295,0,0
oInvCollPH,3232,336,0003008F,0,1,1,4294967295,0,0
oInvCollPH,3328,272,00130263,0,1,1,4294967295,0,0
oInvCollPH,3312,272,0039D031,0,1,1,4294967295,0,0
oInvCollPH,3296,272,0032C633,0,1,1,4294967295,0,0
oInvCollPH,3280,272,00100EE5,0,1,1,4294967295,0,0
oInvCollPH,3408,256,000485A9,0,1,1,4294967295,0,0
oInvCollPH,3408,240,001CA78D,0,1,1,4294967295,0,0
oInvCollPH,3408,224,0011DA8D,0,1,1,4294967295,0,0
oInvCollPH,3344,272,001AD096,0,1,1,4294967295,0,0
oInvCollPH,3488,272,00128B93,0,1,1,4294967295,0,0
oInvCollPH,3472,272,0009A2B3,0,1,1,4294967295,0,0
oInvCollPH,3456,272,001969B3,0,1,1,4294967295,0,0
oInvCollPH,3440,272,00293ADA,0,1,1,4294967295,0,0
oInvCollPH,3424,272,003681AC,0,1,1,4294967295,0,0
oInvCollPH,3568,272,001B2369,0,1,1,4294967295,0,0
oInvCollPH,3552,288,00238B23,0,1,1,4294967295,0,0
oInvCollPH,3552,304,00211556,0,1,1,4294967295,0,0
oInvCollPH,3488,304,000A7AB6,0,1,1,4294967295,0,0
oInvCollPH,3488,288,0016BAB1,0,1,1,4294967295,0,0
oInvCollPH,3632,256,0003539E,0,1,1,4294967295,0,0
oInvCollPH,3632,240,0021C13C,0,1,1,4294967295,0,0
oInvCollPH,3632,224,0015905D,0,1,1,4294967295,0,0
oInvCollPH,3600,272,00209BE4,0,1,1,4294967295,0,0
oInvCollPH,3584,272,002EE9CD,0,1,1,4294967295,0,0
oInvCollPH,3616,272,002E8CBE,0,1,1,4294967295,0,0
oInvCollPH,3696,272,002B91E6,0,1,1,4294967295,0,0
oInvCollPH,3712,272,001E6865,0,1,1,4294967295,0,0
oInvCollPH,3728,272,001B1869,0,1,1,4294967295,0,0
oInvCollPH,3744,272,001DA309,0,1,1,4294967295,0,0
oInvCollPH,3760,272,0024E041,0,1,1,4294967295,0,0
oInvCollPH,3776,272,0006D36F,0,1,1,4294967295,0,0
oInvCollPH,3792,272,0035FA42,0,1,1,4294967295,0,0
oInvCollPH,3808,272,000EE3CC,0,1,1,4294967295,0,0
oInvCollPH,3824,272,003A73A6,0,1,1,4294967295,0,0
oInvCollPH,3824,288,00280B9F,0,1,1,4294967295,0,0
oInvCollPH,3824,304,002F9742,0,1,1,4294967295,0,0
oInvCollPH,3824,320,003C512A,0,1,1,4294967295,0,0
oInvCollPH,3824,336,00240EC3,0,1,1,4294967295,0,0
oInvCollPH,3520,16,003EA1FB,0,1,1,4294967295,0,0
oInvCollPH,3520,32,001EC201,0,1,1,4294967295,0,0
oInvCollPH,3520,48,0006F39F,0,1,1,4294967295,0,0
oInvCollPH,3520,64,002B305E,0,1,1,4294967295,0,0
oInvCollPH,3520,80,000AEB8D,0,1,1,4294967295,0,0
oInvCollPH,3520,96,00144573,0,1,1,4294967295,0,0
oInvCollPH,3520,112,0037A037,0,1,1,4294967295,0,0
oInvCollPH,3520,128,002D4749,0,1,1,4294967295,0,0
oInvCollPH,3520,144,001E7180,0,1,1,4294967295,0,0
oInvCollPH,3520,160,00058407,0,1,1,4294967295,0,0
oInvCollPH,3760,192,002D66D8,0,1,1,4294967295,0,0
oInvCollPH,3760,176,00202518,0,1,1,4294967295,0,0
oInvCollPH,3760,160,0029677E,0,1,1,4294967295,0,0
oInvCollPH,3760,144,00057E46,0,1,1,4294967295,0,0
oInvCollPH,3760,128,0017F15E,0,1,1,4294967295,0,0
oInvCollPH,3760,112,003594D3,0,1,1,4294967295,0,0
oInvCollPH,3760,96,00292810,0,1,1,4294967295,0,0
oInvCollPH,3760,80,0012719F,0,1,1,4294967295,0,0
oInvCollPH,3760,64,0017BD07,0,1,1,4294967295,0,0
oInvCollPH,3760,48,000C7333,0,1,1,4294967295,0,0
oInvCollPH,3760,32,001DDCAF,0,1,1,4294967295,0,0
oInvCollPH,3760,16,000FB898,0,1,1,4294967295,0,0
oInvCollPH,3872,256,003B9AAD,0,1,1,4294967295,0,0
oInvCollPH,3872,272,0031EB47,0,1,1,4294967295,0,0
oInvCollPH,3872,288,000441D2,0,1,1,4294967295,0,0
oInvCollPH,3872,304,001317FE,0,1,1,4294967295,0,0
oInvCollPH,3872,320,001D12AC,0,1,1,4294967295,0,0
oInvCollPH,3872,336,003B7772,0,1,1,4294967295,0,0
oInvCollPH,3888,240,001E9342,0,1,1,4294967295,0,0
oInvCollPH,3904,240,003B9804,0,1,1,4294967295,0,0
oInvCollPH,3920,240,00201162,0,1,1,4294967295,0,0
oInvCollPH,3936,240,002610D3,0,1,1,4294967295,0,0
oInvCollPH,3328,64,0018F119,0,1,1,4294967295,0,0
oInvCollPH,3648,64,002A32B2,0,1,1,4294967295,0,0
oInvCollPH,3488,320,003A7396,0,1,1,4294967295,0,0
oInvCollPH,3488,336,0013188C,0,1,1,4294967295,0,0
oInvCollPH,3552,320,003D7320,0,1,1,4294967295,0,0
oInvCollPH,3552,336,00278AE9,0,1,1,4294967295,0,0
oInvCollPH,3952,240,0033B2FD,0,1,1,4294967295,0,0
oInvCollPH,3968,240,00344B79,0,1,1,4294967295,0,0
oInvCollPH,3984,240,001ADA38,0,1,1,4294967295,0,0
oInvCollPH,4000,240,002B6C7C,0,1,1,4294967295,0,0
oInvCollPH,4016,240,0028E577,0,1,1,4294967295,0,0
oInvCollPH,4032,240,001F3A11,0,1,1,4294967295,0,0
oInvCollPH,4048,240,0029FCFB,0,1,1,4294967295,0,0
oInvCollPH,4064,224,00323E9A,0,1,1,4294967295,0,0
oInvCollPH,4080,208,00267CE2,0,1,1,4294967295,0,0
oInvCollPH,4080,224,0019A218,0,1,1,4294967295,0,0
oInvCollPH,4080,240,001B1E62,0,1,1,4294967295,0,0
oInvCollPH,4080,256,0009F0F2,0,1,1,4294967295,0,0
oInvCollPH,4080,272,002AC8ED,0,1,1,4294967295,0,0
oInvCollPH,4080,288,0020D458,0,1,1,4294967295,0,0
oInvCollPH,4080,304,002DD44E,0,1,1,4294967295,0,0
oInvCollPH,4080,320,001EE333,0,1,1,4294967295,0,0
oInvCollPH,4080,336,002E0F17,0,1,1,4294967295,0,0
oInvisibleSolid,0,288,000E2851,0,1,1,4294967295,0,1
oInvisibleSolid,288,272,00113D94,0,1,1,4294967295,0,1
oInvisibleSolid,384,288,003DD558,0,1,1,4294967295,0,1
oInvisibleSolid,480,256,003F49C3,0,1,1,4294967295,0,1
oInvisibleSolid,576,272,0022B303,0,1,1,4294967295,0,1
oInvisibleSolid,672,208,0008CF85,0,1,1,4294967295,0,1
oInvisibleSolid,800,272,0022294E,0,1,1,4294967295,0,1
oInvisibleSolid,928,256,0013D9F9,0,1,1,4294967295,0,1
oInvisibleSolid,656,240,001321A7,0,1,1,4294967295,0,1
oInvisibleSolid,144,0,00180024,0,1,1,4294967295,0,1
oInvisibleSolid,1328,256,0031A75A,0,1,1,4294967295,0,1
oInvisibleSolid,1552,272,003B9DFA,0,1,1,4294967295,0,1
oInvisibleSolid,1664,272,00028C6C,0,1,1,4294967295,0,1
oInvisibleSolid,1776,256,000EFB52,0,1,1,4294967295,0,1
oInvisibleSolid,1888,272,00163186,0,1,1,4294967295,0,1
oInvisibleSolid,1712,96,00331982,0,1,1,4294967295,0,1
oInvisibleSolid,2000,240,002397A7,0,1,1,4294967295,0,1
oInvisibleSolid,2192,256,001EFF40,0,1,1,4294967295,0,1
oInvisibleSolid,2320,0,003E0324,0,1,1,4294967295,0,1
oInvisibleSolid,2448,0,002A500B,0,1,1,4294967295,0,1
oInvisibleSolid,2576,0,000C0E91,0,1,1,4294967295,0,1
oInvisibleSolid,2688,0,002B604C,0,1,1,4294967295,0,1
oInvisibleSolid,2800,0,000E918C,0,1,1,4294967295,0,1
oInvisibleSolid,2896,0,00182BF4,0,1,1,4294967295,0,1
oInvisibleSolid,2320,240,00189AFE,0,1,1,4294967295,0,1
oInvisibleSolid,2448,224,0020C145,0,1,1,4294967295,0,1
oInvisibleSolid,2576,256,00355437,0,1,1,4294967295,0,1
oInvisibleSolid,2688,288,000DDA72,0,1,1,4294967295,0,1
oInvisibleSolid,2800,272,00063071,0,1,1,4294967295,0,1
oInvisibleSolid,2896,224,0028336E,0,1,1,4294967295,0,1
oInvisibleSolid,2032,96,003F988D,0,1,1,4294967295,0,1
oInvisibleLupSlope,3104,256,00072573,0,1,1,4294967295,0,0
oInvisibleLupSlope,3120,272,00020672,0,1,1,4294967295,0,0
oInvisibleRupSlope,3232,288,001C92E2,0,1,1,4294967295,0,0
oInvisibleRupSlope,3248,272,0005EA32,0,1,1,4294967295,0,0
oInvisibleSolid,3248,288,0007B337,0,1,1,4294967295,0,0
oInvisibleSolid,3232,304,0036B36C,0,1,1,4294967295,0,1
oInvisibleSolid,3264,272,003B52C2,0,1,1,4294967295,0,1
oInvisibleSolid,3104,272,0038D2F9,0,1,1,4294967295,0,0
oInvisibleSolid,3104,288,0023BF0E,0,1,1,4294967295,0,1
oInvisibleSolid,3008,256,0032ECC1,0,1,1,4294967295,0,1
oInvisibleSolid,3360,256,001464BA,0,1,1,4294967295,0,0
oInvisibleSolid,3376,240,002FDC46,0,1,1,4294967295,0,1
oInvisibleSolid,3392,224,0022F070,0,1,1,4294967295,0,1
oInvisibleSolid,3408,208,00171217,0,1,1,4294967295,0,1
oInvisibleSolid,3680,256,0015186C,0,1,1,4294967295,0,0
oInvisibleSolid,3664,240,0035E228,0,1,1,4294967295,0,1
oInvisibleSolid,3648,224,003DFD7B,0,1,1,4294967295,0,1
oInvisibleSolid,3632,208,0000929B,0,1,1,4294967295,0,1
oInvisibleSolid,3872,240,000EAD7A,0,1,1,4294967295,0,1
oInvisibleSolid,4064,208,000C7DEA,0,1,1,4294967295,0,1
oInvisibleSolid,3520,0,0002CD5F,0,1,1,4294967295,0,1
oInvisibleSolid,3760,0,0000BDC8,0,1,1,4294967295,0,1
oInvisibleSolid,3312,64,0035B75E,0,1,1,4294967295,0,1
oInvisibleSolid,3632,64,00009D8C,0,1,1,4294967295,0,1
oInvisibleSolid,3544,272,000347D4,0,1,1,4294967295,0,1
oBillBlaster,664,240,00398E7D,0,1,1,4294967295,0,0
oBillBlaster,152,192,001C506F,0,1,1,4294967295,0,0
oBillBlaster,2328,128,002E64F1,0,1,1,4294967295,0,0
oBillBlaster,2328,240,00370609,0,1,1,4294967295,0,0
oBillBlaster,2456,112,000A3A34,0,1,1,4294967295,0,0
oBillBlaster,2456,224,0002F893,0,1,1,4294967295,0,0
oBillBlaster,2584,144,0029CF76,0,1,1,4294967295,0,0
oBillBlaster,2584,256,00147DBA,0,1,1,4294967295,0,0
oBillBlaster,2696,176,000AB1FA,0,1,1,4294967295,0,0
oBillBlaster,2696,288,002240E7,0,1,1,4294967295,0,0
oBillBlaster,2808,160,001033F6,0,1,1,4294967295,0,0
oBillBlaster,2808,272,00306F7B,0,1,1,4294967295,0,0
oBillBlaster,2904,112,001991FF,0,1,1,4294967295,0,0
oBillBlaster,2904,224,0026BF7B,0,1,1,4294967295,0,0
oBillBlaster,3368,256,00126456,0,1,1,4294967295,0,0
oBillBlaster,3384,240,003CD98C,0,1,1,4294967295,0,0
oBillBlaster,3400,224,001EE5C5,0,1,1,4294967295,0,0
oBillBlaster,3416,208,0027B969,0,1,1,4294967295,0,0
oBillBlaster,3640,208,001C3DE5,0,1,1,4294967295,0,0
oBillBlaster,3656,224,001DEBB6,0,1,1,4294967295,0,0
oBillBlaster,3672,240,002B0593,0,1,1,4294967295,0,0
oBillBlaster,3688,256,002C40CC,0,1,1,4294967295,0,0
oBillBlaster,3528,160,000D2B5F,0,1,1,4294967295,0,0
oBillBlaster,3768,192,000F801A,0,1,1,4294967295,0,0
