oExit,0,264,001086CC,0,1,1,4294967295,0,1
oExit,464,264,0019BE57,0,1,1,4294967295,0,1
oHealingPost,416,296,0013B73C,0,1,1,4294967295,0,0
oNPC_Shop,150,259,00343427,0,1,1,4294967295,0,1
oEquPotShop,256,264,0034A149,0,1,1,4294967295,0,1
oEquPotShop,320,264,001BE6CD,0,1,1,4294967295,0,1
oPlayer1,48,296,000156CC,0,1,1,4294967295,0,0
oInvCollPH,16,296,001D9337,0,1,1,4294967295,0,0
oInvCollPH,32,296,00201798,0,1,1,4294967295,0,0
oInvCollPH,48,296,003EBA57,0,1,1,4294967295,0,0
oInvCollPH,64,296,00163FA0,0,1,1,4294967295,0,0
oInvCollPH,80,296,00134A23,0,1,1,4294967295,0,0
oInvCollPH,96,296,002AB5B6,0,1,1,4294967295,0,0
oInvCollPH,112,296,0007677E,0,1,1,4294967295,0,0
oInvCollPH,128,296,0002FDD4,0,1,1,4294967295,0,0
oInvCollPH,144,296,00003A63,0,1,1,4294967295,0,0
oInvCollPH,160,296,00068871,0,1,1,4294967295,0,0
oInvCollPH,176,296,001DF5C4,0,1,1,4294967295,0,0
oInvCollPH,192,296,001D1932,0,1,1,4294967295,0,0
oInvCollPH,208,296,001B8776,0,1,1,4294967295,0,0
oInvCollPH,224,296,00382DBF,0,1,1,4294967295,0,0
oInvCollPH,240,296,003E0734,0,1,1,4294967295,0,0
oInvCollPH,256,296,00067C45,0,1,1,4294967295,0,0
oInvCollPH,272,296,0011D1B5,0,1,1,4294967295,0,0
oInvCollPH,288,296,0016A7C8,0,1,1,4294967295,0,0
oInvCollPH,304,296,0020010E,0,1,1,4294967295,0,0
oInvCollPH,320,296,0014FC4D,0,1,1,4294967295,0,0
oInvCollPH,336,296,002044FB,0,1,1,4294967295,0,0
oInvCollPH,352,296,001B0FC8,0,1,1,4294967295,0,0
oInvCollPH,368,296,00377B28,0,1,1,4294967295,0,0
oInvCollPH,384,296,00311DB0,0,1,1,4294967295,0,0
oInvCollPH,400,296,000F9894,0,1,1,4294967295,0,0
oInvCollPH,416,296,0017470F,0,1,1,4294967295,0,0
oInvCollPH,432,296,0008CF56,0,1,1,4294967295,0,0
oInvCollPH,448,296,003797BD,0,1,1,4294967295,0,0
oInvCollPH,464,296,000A229F,0,1,1,4294967295,0,0
oInvisibleSolid,0,296,001836B2,0,1,1,4294967295,0,1
