oExit,0,224,002A22E5,0,1,1,4294967295,0,1
oG2_ForestCrystal,256,320,000F6E5A,0,1,1,4294967295,0,0
oPlayer1,48,256,001FEB84,0,1,1,4294967295,0,0
oInvCollPH,48,64,00018260,0,1,1,4294967295,0,0
oInvCollPH,48,80,00006F9C,0,1,1,4294967295,0,0
oInvCollPH,48,96,00238FB3,0,1,1,4294967295,0,0
oInvCollPH,48,112,000764A1,0,1,1,4294967295,0,0
oInvCollPH,48,128,002E60AF,0,1,1,4294967295,0,0
oInvCollPH,48,144,000F6B45,0,1,1,4294967295,0,0
oInvCollPH,48,160,0000330C,0,1,1,4294967295,0,0
oInvCollPH,48,176,0028B3F1,0,1,1,4294967295,0,0
oInvCollPH,32,176,003934C0,0,1,1,4294967295,0,0
oInvCollPH,16,176,0008C5AB,0,1,1,4294967295,0,0
oInvCollPH,0,176,002617AA,0,1,1,4294967295,0,0
oInvCollPH,240,320,0012857B,0,1,1,4294967295,0,0
oInvCollPH,256,320,00250207,0,1,1,4294967295,0,0
oInvCollPH,272,320,003FB813,0,1,1,4294967295,0,0
oInvCollPH,288,304,00366E10,0,1,1,4294967295,0,0
oInvCollPH,208,304,002EF4E4,0,1,1,4294967295,0,0
oInvCollPH,144,272,00103044,0,1,1,4294967295,0,0
oInvCollPH,176,288,000CD176,0,1,1,4294967295,0,0
oInvCollPH,192,288,0033CC37,0,1,1,4294967295,0,0
oInvCollPH,208,288,0010358C,0,1,1,4294967295,0,0
oInvCollPH,304,288,002EB6CB,0,1,1,4294967295,0,0
oInvCollPH,320,288,0028EC84,0,1,1,4294967295,0,0
oInvCollPH,336,288,001DE0C6,0,1,1,4294967295,0,0
oInvCollPH,352,272,000D275F,0,1,1,4294967295,0,0
oInvCollPH,16,256,000B97C8,0,1,1,4294967295,0,0
oInvCollPH,32,256,00066435,0,1,1,4294967295,0,0
oInvCollPH,48,256,001BF0BC,0,1,1,4294967295,0,0
oInvCollPH,64,256,00300066,0,1,1,4294967295,0,0
oInvCollPH,80,256,001B098D,0,1,1,4294967295,0,0
oInvCollPH,96,256,0011C047,0,1,1,4294967295,0,0
oInvCollPH,112,256,00356983,0,1,1,4294967295,0,0
oInvCollPH,128,256,001E3736,0,1,1,4294967295,0,0
oInvCollPH,144,256,00292E8E,0,1,1,4294967295,0,0
oInvCollPH,368,256,0021B57B,0,1,1,4294967295,0,0
oInvCollPH,384,256,001D8E3B,0,1,1,4294967295,0,0
oInvCollPH,400,256,002B3DDF,0,1,1,4294967295,0,0
oInvCollPH,416,80,00333FF6,0,1,1,4294967295,0,0
oInvCollPH,416,96,0037FB78,0,1,1,4294967295,0,0
oInvCollPH,416,112,001FDDDB,0,1,1,4294967295,0,0
oInvCollPH,416,128,000AE383,0,1,1,4294967295,0,0
oInvCollPH,416,144,00378FCF,0,1,1,4294967295,0,0
oInvCollPH,416,160,0007B0EC,0,1,1,4294967295,0,0
oInvCollPH,416,176,00121B99,0,1,1,4294967295,0,0
oInvCollPH,416,192,002C40E2,0,1,1,4294967295,0,0
oInvCollPH,416,208,0033255C,0,1,1,4294967295,0,0
oInvCollPH,416,224,001A0213,0,1,1,4294967295,0,0
oInvCollPH,416,240,0025EB1F,0,1,1,4294967295,0,0
oInvCollPH,64,48,0016A8F1,0,1,1,4294967295,0,0
oInvCollPH,80,48,0010D4B6,0,1,1,4294967295,0,0
oInvCollPH,96,48,00077218,0,1,1,4294967295,0,0
oInvCollPH,112,48,00139957,0,1,1,4294967295,0,0
oInvCollPH,128,48,00006495,0,1,1,4294967295,0,0
oInvCollPH,144,48,0016151E,0,1,1,4294967295,0,0
oInvCollPH,160,48,002CD564,0,1,1,4294967295,0,0
oInvCollPH,176,48,0026A6E3,0,1,1,4294967295,0,0
oInvCollPH,192,48,0002AA18,0,1,1,4294967295,0,0
oInvCollPH,208,48,001663C6,0,1,1,4294967295,0,0
oInvCollPH,224,48,000AE438,0,1,1,4294967295,0,0
oInvCollPH,240,48,0014422D,0,1,1,4294967295,0,0
oInvCollPH,256,48,00053DA1,0,1,1,4294967295,0,0
oInvCollPH,272,48,003B1C44,0,1,1,4294967295,0,0
oInvCollPH,288,48,000DC63D,0,1,1,4294967295,0,0
oInvCollPH,304,48,003533A8,0,1,1,4294967295,0,0
oInvCollPH,320,48,003BD420,0,1,1,4294967295,0,0
oInvCollPH,336,48,00243468,0,1,1,4294967295,0,0
oInvCollPH,352,48,000F688A,0,1,1,4294967295,0,0
oInvCollPH,368,48,00059930,0,1,1,4294967295,0,0
oInvCollPH,384,48,0017FA6B,0,1,1,4294967295,0,0
oInvCollPH,400,48,003AF302,0,1,1,4294967295,0,0
oInvisibleSolid,0,256,00153281,0,1,1,4294967295,0,1
oInvisibleSolid,160,288,00312280,0,1,1,4294967295,0,1
oInvisibleSolid,224,320,0032E95D,0,1,1,4294967295,0,1
oInvisibleSolid,416,64,000135AA,0,1,1,4294967295,0,1
oInvisibleSolid,0,0,00217BF9,0,1,1,4294967295,0,1
oInvisibleSolid,0,64,001309BD,0,1,1,4294967295,0,1
oInvisibleSolid,288,288,0018532B,0,1,1,4294967295,0,1
oInvisibleSolid,352,256,001A863D,0,1,1,4294967295,0,1
