oExit,0,160,002BA94E,0,1,1,4294967295,0,1
oPlayer1,48,192,003EE61C,0,1,1,4294967295,0,0
oInvCollPH,96,196,002C43D0,0,1,1,4294967295,0,0
oInvCollPH,128,196,002F4C3A,0,1,1,4294967295,0,0
oInvCollPH,112,196,00364C40,0,1,1,4294967295,0,0
oInvCollPH,144,196,003D4C7A,0,1,1,4294967295,0,0
oInvCollPH,160,196,00247B8F,0,1,1,4294967295,0,0
oInvCollPH,176,196,001E41B4,0,1,1,4294967295,0,0
oInvCollPH,192,196,0035C5E0,0,1,1,4294967295,0,0
oInvCollPH,208,196,002553C8,0,1,1,4294967295,0,0
oInvCollPH,224,196,001CC813,0,1,1,4294967295,0,0
oInvCollPH,240,196,0027FCB0,0,1,1,4294967295,0,0
oInvCollPH,256,196,001EADD4,0,1,1,4294967295,0,0
oInvCollPH,272,196,003775C8,0,1,1,4294967295,0,0
oInvCollPH,288,196,00231E34,0,1,1,4294967295,0,0
oInvCollPH,304,196,000240C6,0,1,1,4294967295,0,0
oInvCollPH,320,196,0022B779,0,1,1,4294967295,0,0
oInvCollPH,336,196,0009E426,0,1,1,4294967295,0,0
oInvCollPH,352,196,000D914C,0,1,1,4294967295,0,0
oInvCollPH,368,196,0032943B,0,1,1,4294967295,0,0
oInvCollPH,16,192,00126ABC,0,1,1,4294967295,0,0
oInvCollPH,32,192,00180298,0,1,1,4294967295,0,0
oInvCollPH,48,192,001F178E,0,1,1,4294967295,0,0
oInvCollPH,48,208,000599B3,0,1,1,4294967295,0,0
oInvCollPH,48,224,00172C86,0,1,1,4294967295,0,0
oInvCollPH,48,240,001853AC,0,1,1,4294967295,0,0
oInvCollPH,48,256,000CEA68,0,1,1,4294967295,0,0
oInvCollPH,48,0,001F5F95,0,1,1,4294967295,0,0
oInvCollPH,48,16,001CD01B,0,1,1,4294967295,0,0
oInvCollPH,48,32,001811D7,0,1,1,4294967295,0,0
oInvCollPH,48,48,0019994E,0,1,1,4294967295,0,0
oInvCollPH,48,64,002402F3,0,1,1,4294967295,0,0
oInvCollPH,48,80,000EEBB3,0,1,1,4294967295,0,0
oInvCollPH,48,96,0018BE95,0,1,1,4294967295,0,0
oInvCollPH,48,112,00232119,0,1,1,4294967295,0,0
oInvCollPH,32,112,00196B6B,0,1,1,4294967295,0,0
oInvCollPH,16,112,0006982E,0,1,1,4294967295,0,0
oInvCollPH,0,112,00257F70,0,1,1,4294967295,0,0
oInvCollPH,48,272,000836DC,0,1,1,4294967295,0,0
oInvCollPH,48,288,003889A0,0,1,1,4294967295,0,0
oInvCollPH,48,304,002AF549,0,1,1,4294967295,0,0
oInvCollPH,48,320,001B21E3,0,1,1,4294967295,0,0
oInvCollPH,48,336,003300C8,0,1,1,4294967295,0,0
oInvCollPH,112,180,002B32A1,0,1,1,4294967295,0,0
oInvCollPH,128,164,001E770F,0,1,1,4294967295,0,0
oInvCollPH,128,180,0011EFA4,0,1,1,4294967295,0,0
oInvCollPH,328,180,001233AC,0,1,1,4294967295,0,0
oInvCollPH,344,164,001D256B,0,1,1,4294967295,0,0
oInvCollPH,344,180,00257CBE,0,1,1,4294967295,0,0
oInvisibleSolid,80,196,0021DE67,0,1,1,4294967295,0,1
oInvisibleSolid,0,0,001F09A0,0,1,1,4294967295,0,1
oInvisibleSolid,0,192,00211158,0,1,1,4294967295,0,1
oInvisibleSolid,112,164,002073AF,0,1,1,4294967295,0,1
oInvisibleSolid,328,164,002F5E3A,0,1,1,4294967295,0,1
