oExit,0,176,001B0FC3,0,1,1,4294967295,0,1
oExit,320,336,000EE128,0,1,1,4294967295,0,1
oHealingPost,112,208,002B609C,0,1,1,4294967295,0,0
oPlayer1,48,208,0026D716,0,1,1,4294967295,0,0
oInvCollPH,16,128,0006B89E,0,1,1,4294967295,0,0
oInvCollPH,32,128,0019534F,0,1,1,4294967295,0,0
oInvCollPH,80,128,003F7787,0,1,1,4294967295,0,0
oInvCollPH,288,208,003E7698,0,1,1,4294967295,0,0
oInvCollPH,48,128,002AA459,0,1,1,4294967295,0,0
oInvCollPH,64,128,0023D51E,0,1,1,4294967295,0,0
oInvCollPH,80,112,00055767,0,1,1,4294967295,0,0
oInvCollPH,80,96,002E6398,0,1,1,4294967295,0,0
oInvCollPH,96,80,000E84CA,0,1,1,4294967295,0,0
oInvCollPH,112,80,0022B64D,0,1,1,4294967295,0,0
oInvCollPH,112,64,0020BF91,0,1,1,4294967295,0,0
oInvCollPH,128,48,003125A9,0,1,1,4294967295,0,0
oInvCollPH,144,48,0019C737,0,1,1,4294967295,0,0
oInvCollPH,160,48,000FC523,0,1,1,4294967295,0,0
oInvCollPH,176,48,00144682,0,1,1,4294967295,0,0
oInvCollPH,192,48,001A1522,0,1,1,4294967295,0,0
oInvCollPH,208,48,001ACDD1,0,1,1,4294967295,0,0
oInvCollPH,224,48,00131945,0,1,1,4294967295,0,0
oInvCollPH,240,48,00116714,0,1,1,4294967295,0,0
oInvCollPH,256,48,0032D83B,0,1,1,4294967295,0,0
oInvCollPH,272,48,0035FDD9,0,1,1,4294967295,0,0
oInvCollPH,288,48,00209698,0,1,1,4294967295,0,0
oInvCollPH,304,48,0007E087,0,1,1,4294967295,0,0
oInvCollPH,320,48,002CE554,0,1,1,4294967295,0,0
oInvCollPH,336,48,00334A48,0,1,1,4294967295,0,0
oInvCollPH,352,48,0012E489,0,1,1,4294967295,0,0
oInvCollPH,368,48,0020CE52,0,1,1,4294967295,0,0
oInvCollPH,16,208,000F8E28,0,1,1,4294967295,0,0
oInvCollPH,32,208,000EEF8A,0,1,1,4294967295,0,0
oInvCollPH,48,208,00218014,0,1,1,4294967295,0,0
oInvCollPH,64,208,00120542,0,1,1,4294967295,0,0
oInvCollPH,80,208,00036197,0,1,1,4294967295,0,0
oInvCollPH,96,208,000322BA,0,1,1,4294967295,0,0
oInvCollPH,112,208,000E24B2,0,1,1,4294967295,0,0
oInvCollPH,128,208,00371C16,0,1,1,4294967295,0,0
oInvCollPH,144,208,00163E0A,0,1,1,4294967295,0,0
oInvCollPH,304,336,00224F20,0,1,1,4294967295,0,0
oInvCollPH,304,320,002757B2,0,1,1,4294967295,0,0
oInvCollPH,304,304,0002C5DD,0,1,1,4294967295,0,0
oInvCollPH,304,288,00169B89,0,1,1,4294967295,0,0
oInvCollPH,304,272,002C2552,0,1,1,4294967295,0,0
oInvCollPH,304,256,002D6794,0,1,1,4294967295,0,0
oInvCollPH,304,240,002C66D5,0,1,1,4294967295,0,0
oInvCollPH,304,224,0007D05E,0,1,1,4294967295,0,0
oInvCollPH,304,208,001D0A2B,0,1,1,4294967295,0,0
oInvCollPH,272,208,001954E7,0,1,1,4294967295,0,0
oInvCollPH,256,208,003134FD,0,1,1,4294967295,0,0
oInvCollPH,240,208,00054845,0,1,1,4294967295,0,0
oInvCollPH,224,208,000D9C4B,0,1,1,4294967295,0,0
oInvCollPH,208,208,0015FA48,0,1,1,4294967295,0,0
oInvCollPH,192,208,001A6556,0,1,1,4294967295,0,0
oInvCollPH,160,208,0007FDC9,0,1,1,4294967295,0,0
oInvCollPH,176,208,000C8F52,0,1,1,4294967295,0,0
oInvCollPH,400,64,002516C9,0,1,1,4294967295,0,0
oInvCollPH,416,64,001BB26B,0,1,1,4294967295,0,0
oInvCollPH,432,64,00306BD2,0,1,1,4294967295,0,0
oInvCollPH,432,144,001FFBB4,0,1,1,4294967295,0,0
oInvCollPH,416,144,001E0A77,0,1,1,4294967295,0,0
oInvCollPH,400,144,002FD42B,0,1,1,4294967295,0,0
oInvCollPH,384,144,001CA64B,0,1,1,4294967295,0,0
oInvCollPH,384,288,002C4442,0,1,1,4294967295,0,0
oInvCollPH,384,304,00236FEE,0,1,1,4294967295,0,0
oInvCollPH,384,320,000E59EE,0,1,1,4294967295,0,0
oInvCollPH,384,336,000E632C,0,1,1,4294967295,0,0
oInvCollPH,384,272,003ACEE1,0,1,1,4294967295,0,0
oInvCollPH,384,256,001F2395,0,1,1,4294967295,0,0
oInvCollPH,384,240,00215F7E,0,1,1,4294967295,0,0
oInvCollPH,384,224,003D67E6,0,1,1,4294967295,0,0
oInvCollPH,0,128,00157F75,0,1,1,4294967295,0,0
oInvCollPH,448,64,003A6090,0,1,1,4294967295,0,0
oInvCollPH,464,64,003609E6,0,1,1,4294967295,0,0
oInvCollPH,400,128,001C77C6,0,1,1,4294967295,0,0
oInvCollPH,416,128,0020659F,0,1,1,4294967295,0,0
oInvCollPH,432,128,00047566,0,1,1,4294967295,0,0
oInvCollPH,448,128,001F8037,0,1,1,4294967295,0,0
oInvCollPH,464,128,00128F03,0,1,1,4294967295,0,0
oInvCollPH,448,144,0028F3DA,0,1,1,4294967295,0,0
oInvCollPH,464,144,00336F66,0,1,1,4294967295,0,0
oInvCollPH,400,208,0031523B,0,1,1,4294967295,0,0
oInvCollPH,416,208,003A4735,0,1,1,4294967295,0,0
oInvCollPH,432,208,002E2317,0,1,1,4294967295,0,0
oInvCollPH,448,208,0024A7FB,0,1,1,4294967295,0,0
oInvCollPH,464,208,000DB25A,0,1,1,4294967295,0,0
oInvisibleSolid,0,96,00306699,0,1,1,4294967295,0,1
oInvisibleSolid,0,64,000971EA,0,1,1,4294967295,0,1
oInvisibleSolid,0,0,002090C4,0,1,1,4294967295,0,1
oInvisibleSolid,384,64,0005D08B,0,1,1,4294967295,0,1
oInvisibleSolid,0,208,0017A1CF,0,1,1,4294967295,0,1
oInvisibleSolid,384,208,003CF123,0,1,1,4294967295,0,1
oInvisibleSolid,384,128,00062249,0,1,1,4294967295,0,1
