oSignPost,768,176,00267F8F,0,1,1,4294967295,0,1
oSignPost,1280,176,0010A86B,0,1,1,4294967295,0,1
oSignPost,1504,624,00271879,0,1,1,4294967295,0,1
oSignPost,1808,1296,000C5695,0,1,1,4294967295,0,1
oSignPost,1472,1968,00232BB8,0,1,1,4294967295,0,1
oSignPost,576,1968,003ED894,0,1,1,4294967295,0,1
oSignPost,240,1296,0000CF85,0,1,1,4294967295,0,1
oSignPost,544,624,00399E35,0,1,1,4294967295,0,1
oEventBarrier,816,544,0026A75A,0,1,1,4294967295,0,1
oEventBarrier,1168,544,0020C451,0,1,1,4294967295,0,1
oEventBarrier,1392,800,003F1820,0,1,1,4294967295,0,1
oEventBarrier,1456,1232,001336C9,0,1,1,4294967295,0,1
oEventBarrier,1456,1456,001EA1CA,0,1,1,4294967295,0,1
oEventBarrier,576,1456,002444F2,0,1,1,4294967295,0,1
oEventBarrier,576,1232,001EAE93,0,1,1,4294967295,0,1
oEventBarrier,592,800,000330D0,0,1,1,4294967295,0,1
oPlatformScale,816,928,001787F8,0,1,1,4294967295,0,1
oPlatformScale,1168,928,0024D920,0,1,1,4294967295,0,1
oPlatformScale,1392,1120,002F742D,0,1,1,4294967295,0,1
oPlatformScale,592,1120,001ED44D,0,1,1,4294967295,0,1
oWalletBoost,1016,1312,0017EE9D,0,1,1,4294967295,0,1
oMisc,768,112,00022BBA,0,1,1,4294967295,0,1
oMisc,1280,112,003B736E,0,1,1,4294967295,0,1
oMisc,1504,560,002161ED,0,1,1,4294967295,0,1
oMisc,1808,1232,0022775B,0,1,1,4294967295,0,1
oMisc,1472,1904,00362A3B,0,1,1,4294967295,0,1
oMisc,576,1904,002F0DED,0,1,1,4294967295,0,1
oMisc,240,1232,001CAEFA,0,1,1,4294967295,0,1
oMisc,544,560,0000C898,0,1,1,4294967295,0,1
oLargeJumper,1140,1368,0017125F,0,1,1,4294967295,0,0
oLargeJumper,884,1368,00290949,0,1,1,4294967295,0,0
oSmallJumper,1216,1232,0034C015,0,1,1,4294967295,0,0
oSmallJumper,816,1232,000BEFF8,0,1,1,4294967295,0,0
oSmallJumper,864,1072,000B7629,0,1,1,4294967295,0,0
oSmallJumper,1168,1072,002E04C2,0,1,1,4294967295,0,0
oSmallJumper,704,1152,000E1DC4,0,1,1,4294967295,0,0
oSmallJumper,1328,1152,00321E43,0,1,1,4294967295,0,0
oLargeJumper,1012,984,0036E06B,0,1,1,4294967295,0,0
oPlayer1,432,176,000AF357,0,1,1,4294967295,0,0
oInvCollPH,352,32,00285DE7,0,1,1,4294967295,0,0
oInvCollPH,352,48,000FE687,0,1,1,4294967295,0,0
oInvCollPH,352,64,0002FF41,0,1,1,4294967295,0,0
oInvCollPH,352,80,000247DC,0,1,1,4294967295,0,0
oInvCollPH,352,96,00265039,0,1,1,4294967295,0,0
oInvCollPH,352,112,004027C1,0,1,1,4294967295,0,0
oInvCollPH,352,128,00363739,0,1,1,4294967295,0,0
oInvCollPH,352,144,002C7E2A,0,1,1,4294967295,0,0
oInvCollPH,352,160,0021A011,0,1,1,4294967295,0,0
oInvCollPH,368,176,0010404C,0,1,1,4294967295,0,0
oInvCollPH,384,176,000E377E,0,1,1,4294967295,0,0
oInvCollPH,400,176,0008A9D5,0,1,1,4294967295,0,0
oInvCollPH,416,176,002B7D61,0,1,1,4294967295,0,0
oInvCollPH,432,176,002513EE,0,1,1,4294967295,0,0
oInvCollPH,448,176,0039AA4A,0,1,1,4294967295,0,0
oInvCollPH,464,176,000A0C92,0,1,1,4294967295,0,0
oInvCollPH,480,176,0033C804,0,1,1,4294967295,0,0
oInvCollPH,800,176,0018C643,0,1,1,4294967295,0,0
oInvCollPH,784,176,0002FB1B,0,1,1,4294967295,0,0
oInvCollPH,768,176,003838CE,0,1,1,4294967295,0,0
oInvCollPH,752,176,001D7D86,0,1,1,4294967295,0,0
oInvCollPH,736,176,003E656C,0,1,1,4294967295,0,0
oInvCollPH,720,176,00280137,0,1,1,4294967295,0,0
oInvCollPH,704,176,00116B9C,0,1,1,4294967295,0,0
oInvCollPH,688,176,0017832C,0,1,1,4294967295,0,0
oInvCollPH,672,176,0036579F,0,1,1,4294967295,0,0
oInvCollPH,656,176,0010F376,0,1,1,4294967295,0,0
oInvCollPH,640,176,002AA7C7,0,1,1,4294967295,0,0
oInvCollPH,624,176,001F9171,0,1,1,4294967295,0,0
oInvCollPH,608,176,001CFFA8,0,1,1,4294967295,0,0
oInvCollPH,592,176,000178FB,0,1,1,4294967295,0,0
oInvCollPH,576,176,0012752D,0,1,1,4294967295,0,0
oInvCollPH,560,176,0027E514,0,1,1,4294967295,0,0
oInvCollPH,544,176,0021EB01,0,1,1,4294967295,0,0
oInvCollPH,528,176,0019BBE3,0,1,1,4294967295,0,0
oInvCollPH,512,176,0019C954,0,1,1,4294967295,0,0
oInvCollPH,496,176,0025E66B,0,1,1,4294967295,0,0
oInvCollPH,800,192,002C5ED8,0,1,1,4294967295,0,0
oInvCollPH,800,208,001AE5E9,0,1,1,4294967295,0,0
oInvCollPH,800,224,00267210,0,1,1,4294967295,0,0
oInvCollPH,800,240,0020E0D0,0,1,1,4294967295,0,0
oInvCollPH,800,256,0000C4CE,0,1,1,4294967295,0,0
oInvCollPH,800,272,002E4D86,0,1,1,4294967295,0,0
oInvCollPH,880,48,000F070D,0,1,1,4294967295,0,0
oInvCollPH,880,64,0027AE1A,0,1,1,4294967295,0,0
oInvCollPH,880,80,002A4273,0,1,1,4294967295,0,0
oInvCollPH,880,96,003B9780,0,1,1,4294967295,0,0
oInvCollPH,880,112,0009C06F,0,1,1,4294967295,0,0
oInvCollPH,880,128,00244C14,0,1,1,4294967295,0,0
oInvCollPH,880,144,0037A53C,0,1,1,4294967295,0,0
oInvCollPH,880,160,002F74CD,0,1,1,4294967295,0,0
oInvCollPH,880,176,0007EA4A,0,1,1,4294967295,0,0
oInvCollPH,880,336,0014F32A,0,1,1,4294967295,0,0
oInvCollPH,880,320,00353AE5,0,1,1,4294967295,0,0
oInvCollPH,880,304,0020CB05,0,1,1,4294967295,0,0
oInvCollPH,880,288,002B62AF,0,1,1,4294967295,0,0
oInvCollPH,880,272,0000F0F6,0,1,1,4294967295,0,0
oInvCollPH,880,256,0010A647,0,1,1,4294967295,0,0
oInvCollPH,880,240,000E9773,0,1,1,4294967295,0,0
oInvCollPH,880,224,0010BA1F,0,1,1,4294967295,0,0
oInvCollPH,880,208,002D57E9,0,1,1,4294967295,0,0
oInvCollPH,880,192,0025466B,0,1,1,4294967295,0,0
oInvCollPH,880,352,002DB3FB,0,1,1,4294967295,0,0
oInvCollPH,880,368,003F99FC,0,1,1,4294967295,0,0
oInvCollPH,880,384,00396363,0,1,1,4294967295,0,0
oInvCollPH,880,400,000CC5D9,0,1,1,4294967295,0,0
oInvCollPH,880,416,0005F42B,0,1,1,4294967295,0,0
oInvCollPH,880,432,002E9749,0,1,1,4294967295,0,0
oInvCollPH,880,448,002A0BFD,0,1,1,4294967295,0,0
oInvCollPH,880,464,000ADE13,0,1,1,4294967295,0,0
oInvCollPH,880,480,001E23E4,0,1,1,4294967295,0,0
oInvCollPH,880,496,0030C663,0,1,1,4294967295,0,0
oInvCollPH,880,512,000F5627,0,1,1,4294967295,0,0
oInvCollPH,880,528,001B12F8,0,1,1,4294967295,0,0
oInvCollPH,896,528,002A971D,0,1,1,4294967295,0,0
oInvCollPH,912,528,00344926,0,1,1,4294967295,0,0
oInvCollPH,928,528,00030783,0,1,1,4294967295,0,0
oInvCollPH,944,528,002AA812,0,1,1,4294967295,0,0
oInvCollPH,960,528,001F3683,0,1,1,4294967295,0,0
oInvCollPH,976,528,0002DDE5,0,1,1,4294967295,0,0
oInvCollPH,992,560,0005E31D,0,1,1,4294967295,0,0
oInvCollPH,992,576,0037B23A,0,1,1,4294967295,0,0
oInvCollPH,992,592,0005FC33,0,1,1,4294967295,0,0
oInvCollPH,992,608,00202E5E,0,1,1,4294967295,0,0
oInvCollPH,1056,528,002E90BC,0,1,1,4294967295,0,0
oInvCollPH,1072,528,0006432C,0,1,1,4294967295,0,0
oInvCollPH,1088,528,00067715,0,1,1,4294967295,0,0
oInvCollPH,1104,528,00195464,0,1,1,4294967295,0,0
oInvCollPH,1120,528,001C01F6,0,1,1,4294967295,0,0
oInvCollPH,1136,528,002CA39E,0,1,1,4294967295,0,0
oInvCollPH,1152,528,0018BFF4,0,1,1,4294967295,0,0
oInvCollPH,1152,512,003330CD,0,1,1,4294967295,0,0
oInvCollPH,1152,496,00312541,0,1,1,4294967295,0,0
oInvCollPH,1152,480,0000A274,0,1,1,4294967295,0,0
oInvCollPH,1152,464,002FC3A6,0,1,1,4294967295,0,0
oInvCollPH,1152,448,00278A62,0,1,1,4294967295,0,0
oInvCollPH,1152,432,0027F1F8,0,1,1,4294967295,0,0
oInvCollPH,1152,416,000D823A,0,1,1,4294967295,0,0
oInvCollPH,1152,400,0035297B,0,1,1,4294967295,0,0
oInvCollPH,1152,384,003DDE02,0,1,1,4294967295,0,0
oInvCollPH,1152,368,00248E2D,0,1,1,4294967295,0,0
oInvCollPH,1152,352,0037A4F2,0,1,1,4294967295,0,0
oInvCollPH,1152,336,00020615,0,1,1,4294967295,0,0
oInvCollPH,1152,320,0011A7CB,0,1,1,4294967295,0,0
oInvCollPH,1152,304,003704D7,0,1,1,4294967295,0,0
oInvCollPH,1152,288,00143CE0,0,1,1,4294967295,0,0
oInvCollPH,1152,272,00102C2D,0,1,1,4294967295,0,0
oInvCollPH,1152,256,0032EAA0,0,1,1,4294967295,0,0
oInvCollPH,1152,240,00108574,0,1,1,4294967295,0,0
oInvCollPH,1152,224,00026503,0,1,1,4294967295,0,0
oInvCollPH,1152,208,002C12F4,0,1,1,4294967295,0,0
oInvCollPH,1152,192,0010A41F,0,1,1,4294967295,0,0
oInvCollPH,1152,176,0000612C,0,1,1,4294967295,0,0
oInvCollPH,1152,160,002167BF,0,1,1,4294967295,0,0
oInvCollPH,1152,144,0006A3B1,0,1,1,4294967295,0,0
oInvCollPH,1152,128,003D2AE4,0,1,1,4294967295,0,0
oInvCollPH,1152,112,001848BD,0,1,1,4294967295,0,0
oInvCollPH,1152,96,00167CE5,0,1,1,4294967295,0,0
oInvCollPH,1152,80,001028EB,0,1,1,4294967295,0,0
oInvCollPH,1152,64,00197C0E,0,1,1,4294967295,0,0
oInvCollPH,1152,48,00218D5B,0,1,1,4294967295,0,0
oInvCollPH,1152,32,00148CA5,0,1,1,4294967295,0,0
oInvCollPH,800,288,0018B88B,0,1,1,4294967295,0,0
oInvCollPH,800,304,003BB336,0,1,1,4294967295,0,0
oInvCollPH,800,320,000C2190,0,1,1,4294967295,0,0
oInvCollPH,800,336,0028FC6A,0,1,1,4294967295,0,0
oInvCollPH,800,352,0009429C,0,1,1,4294967295,0,0
oInvCollPH,800,368,0034BC19,0,1,1,4294967295,0,0
oInvCollPH,800,384,00161880,0,1,1,4294967295,0,0
oInvCollPH,800,400,00019654,0,1,1,4294967295,0,0
oInvCollPH,800,416,0032130F,0,1,1,4294967295,0,0
oInvCollPH,800,432,002C6DD9,0,1,1,4294967295,0,0
oInvCollPH,800,448,000AE0D9,0,1,1,4294967295,0,0
oInvCollPH,800,464,001DF33A,0,1,1,4294967295,0,0
oInvCollPH,80,464,00157E74,0,1,1,4294967295,0,0
oInvCollPH,96,464,00076982,0,1,1,4294967295,0,0
oInvCollPH,112,464,00021ED7,0,1,1,4294967295,0,0
oInvCollPH,128,464,00023656,0,1,1,4294967295,0,0
oInvCollPH,144,464,003854D3,0,1,1,4294967295,0,0
oInvCollPH,160,464,0017BB0B,0,1,1,4294967295,0,0
oInvCollPH,176,464,000EF68A,0,1,1,4294967295,0,0
oInvCollPH,192,464,003F6CEE,0,1,1,4294967295,0,0
oInvCollPH,208,464,001864FC,0,1,1,4294967295,0,0
oInvCollPH,224,464,003B9B7D,0,1,1,4294967295,0,0
oInvCollPH,240,464,000B4856,0,1,1,4294967295,0,0
oInvCollPH,256,464,000A7A11,0,1,1,4294967295,0,0
oInvCollPH,272,464,00056E24,0,1,1,4294967295,0,0
oInvCollPH,288,464,0007F435,0,1,1,4294967295,0,0
oInvCollPH,304,464,001241BB,0,1,1,4294967295,0,0
oInvCollPH,320,464,000B914B,0,1,1,4294967295,0,0
oInvCollPH,336,464,003091E9,0,1,1,4294967295,0,0
oInvCollPH,352,464,001EDC18,0,1,1,4294967295,0,0
oInvCollPH,368,464,001ABF23,0,1,1,4294967295,0,0
oInvCollPH,384,464,0014EC96,0,1,1,4294967295,0,0
oInvCollPH,400,464,00250B34,0,1,1,4294967295,0,0
oInvCollPH,416,464,00189D2A,0,1,1,4294967295,0,0
oInvCollPH,432,464,0026B325,0,1,1,4294967295,0,0
oInvCollPH,448,464,003F85E4,0,1,1,4294967295,0,0
oInvCollPH,464,464,001B4B6B,0,1,1,4294967295,0,0
oInvCollPH,480,464,0029BA3C,0,1,1,4294967295,0,0
oInvCollPH,496,464,0034009F,0,1,1,4294967295,0,0
oInvCollPH,512,464,000AB3DE,0,1,1,4294967295,0,0
oInvCollPH,528,464,00371532,0,1,1,4294967295,0,0
oInvCollPH,544,464,002896B2,0,1,1,4294967295,0,0
oInvCollPH,560,464,001A0F58,0,1,1,4294967295,0,0
oInvCollPH,576,464,001EC773,0,1,1,4294967295,0,0
oInvCollPH,592,464,00265311,0,1,1,4294967295,0,0
oInvCollPH,608,464,00368214,0,1,1,4294967295,0,0
oInvCollPH,624,464,000FEC8F,0,1,1,4294967295,0,0
oInvCollPH,640,464,00124647,0,1,1,4294967295,0,0
oInvCollPH,64,480,0024CC17,0,1,1,4294967295,0,0
oInvCollPH,64,496,0017DBCF,0,1,1,4294967295,0,0
oInvCollPH,64,512,00240E11,0,1,1,4294967295,0,0
oInvCollPH,64,528,0031ADFF,0,1,1,4294967295,0,0
oInvCollPH,64,560,003427CD,0,1,1,4294967295,0,0
oInvCollPH,64,576,001D8699,0,1,1,4294967295,0,0
oInvCollPH,64,592,00023C6B,0,1,1,4294967295,0,0
oInvCollPH,64,608,0008A945,0,1,1,4294967295,0,0
oInvCollPH,64,544,002E35A0,0,1,1,4294967295,0,0
oInvCollPH,656,496,000AACA7,0,1,1,4294967295,0,0
oInvCollPH,656,512,0033F33D,0,1,1,4294967295,0,0
oInvCollPH,656,528,000AD07B,0,1,1,4294967295,0,0
oInvCollPH,656,544,0023D9BA,0,1,1,4294967295,0,0
oInvCollPH,656,560,003A9666,0,1,1,4294967295,0,0
oInvCollPH,656,576,0010DFE9,0,1,1,4294967295,0,0
oInvCollPH,656,592,003C219B,0,1,1,4294967295,0,0
oInvCollPH,656,608,000A83F5,0,1,1,4294967295,0,0
oInvCollPH,656,624,00100AAD,0,1,1,4294967295,0,0
oInvCollPH,656,640,00333957,0,1,1,4294967295,0,0
oInvCollPH,656,656,0014E7E4,0,1,1,4294967295,0,0
oInvCollPH,656,672,000CACA2,0,1,1,4294967295,0,0
oInvCollPH,656,688,00145B61,0,1,1,4294967295,0,0
oInvCollPH,656,704,00006ADD,0,1,1,4294967295,0,0
oInvCollPH,656,720,0028AA85,0,1,1,4294967295,0,0
oInvCollPH,656,736,001ED02D,0,1,1,4294967295,0,0
oInvCollPH,656,752,002CA4D3,0,1,1,4294967295,0,0
oInvCollPH,656,768,003C2E4D,0,1,1,4294967295,0,0
oInvCollPH,656,784,002112EB,0,1,1,4294967295,0,0
oInvCollPH,672,784,000D4187,0,1,1,4294967295,0,0
oInvCollPH,688,784,002B3EF8,0,1,1,4294967295,0,0
oInvCollPH,704,816,00154CB1,0,1,1,4294967295,0,0
oInvCollPH,704,832,003BCDA4,0,1,1,4294967295,0,0
oInvCollPH,704,848,0005D6B1,0,1,1,4294967295,0,0
oInvCollPH,720,848,00095CA9,0,1,1,4294967295,0,0
oInvCollPH,768,784,0003ABE8,0,1,1,4294967295,0,0
oInvCollPH,784,784,003BA343,0,1,1,4294967295,0,0
oInvCollPH,800,784,002ED68E,0,1,1,4294967295,0,0
oInvCollPH,800,768,0028435F,0,1,1,4294967295,0,0
oInvCollPH,800,752,000704A0,0,1,1,4294967295,0,0
oInvCollPH,800,736,001893C3,0,1,1,4294967295,0,0
oInvCollPH,800,720,002F2642,0,1,1,4294967295,0,0
oInvCollPH,800,704,00075A40,0,1,1,4294967295,0,0
oInvCollPH,800,688,00390041,0,1,1,4294967295,0,0
oInvCollPH,800,672,00034157,0,1,1,4294967295,0,0
oInvCollPH,800,656,001C55AC,0,1,1,4294967295,0,0
oInvCollPH,800,640,00336162,0,1,1,4294967295,0,0
oInvCollPH,800,624,0029CDB3,0,1,1,4294967295,0,0
oInvCollPH,800,608,00231E04,0,1,1,4294967295,0,0
oInvCollPH,800,592,000E79CB,0,1,1,4294967295,0,0
oInvCollPH,800,576,0035C335,0,1,1,4294967295,0,0
oInvCollPH,800,560,00159578,0,1,1,4294967295,0,0
oInvCollPH,800,544,000651EB,0,1,1,4294967295,0,0
oInvCollPH,800,528,002EE020,0,1,1,4294967295,0,0
oInvCollPH,800,512,002B895A,0,1,1,4294967295,0,0
oInvCollPH,800,496,00097066,0,1,1,4294967295,0,0
oInvCollPH,800,480,000CE74F,0,1,1,4294967295,0,0
oInvCollPH,1232,496,00235BDF,0,1,1,4294967295,0,0
oInvCollPH,1232,512,002C7119,0,1,1,4294967295,0,0
oInvCollPH,1232,528,00266D67,0,1,1,4294967295,0,0
oInvCollPH,1232,544,00210407,0,1,1,4294967295,0,0
oInvCollPH,1232,576,000BA377,0,1,1,4294967295,0,0
oInvCollPH,1232,592,0003EB34,0,1,1,4294967295,0,0
oInvCollPH,1232,608,003BAAD1,0,1,1,4294967295,0,0
oInvCollPH,1232,624,00281EC2,0,1,1,4294967295,0,0
oInvCollPH,1232,640,001065AC,0,1,1,4294967295,0,0
oInvCollPH,1232,656,000BEEEF,0,1,1,4294967295,0,0
oInvCollPH,1232,672,0003F624,0,1,1,4294967295,0,0
oInvCollPH,1232,688,0021E87F,0,1,1,4294967295,0,0
oInvCollPH,1232,704,0018D98C,0,1,1,4294967295,0,0
oInvCollPH,1232,560,00051F1F,0,1,1,4294967295,0,0
oInvCollPH,1232,720,0022105D,0,1,1,4294967295,0,0
oInvCollPH,1232,736,003C39C7,0,1,1,4294967295,0,0
oInvCollPH,1232,752,000A383D,0,1,1,4294967295,0,0
oInvCollPH,1232,768,001FF0DD,0,1,1,4294967295,0,0
oInvCollPH,1232,784,00024C15,0,1,1,4294967295,0,0
oInvCollPH,1248,784,00324656,0,1,1,4294967295,0,0
oInvCollPH,1264,784,000382A5,0,1,1,4294967295,0,0
oInvCollPH,1296,848,003157C6,0,1,1,4294967295,0,0
oInvCollPH,1280,816,0024E66C,0,1,1,4294967295,0,0
oInvCollPH,1280,832,0020806D,0,1,1,4294967295,0,0
oInvCollPH,1280,848,001806F0,0,1,1,4294967295,0,0
oInvCollPH,1344,784,002564CE,0,1,1,4294967295,0,0
oInvCollPH,1360,784,00125A00,0,1,1,4294967295,0,0
oInvCollPH,1376,784,00010D1B,0,1,1,4294967295,0,0
oInvCollPH,1376,768,001C4A94,0,1,1,4294967295,0,0
oInvCollPH,1376,752,000D0493,0,1,1,4294967295,0,0
oInvCollPH,1376,736,001DC03B,0,1,1,4294967295,0,0
oInvCollPH,1376,720,00290F6E,0,1,1,4294967295,0,0
oInvCollPH,1376,704,00365989,0,1,1,4294967295,0,0
oInvCollPH,1376,688,001899CC,0,1,1,4294967295,0,0
oInvCollPH,1376,672,003450FD,0,1,1,4294967295,0,0
oInvCollPH,1376,656,00056F9F,0,1,1,4294967295,0,0
oInvCollPH,1376,640,000D4A63,0,1,1,4294967295,0,0
oInvCollPH,1376,624,0038DA38,0,1,1,4294967295,0,0
oInvCollPH,1376,608,003E6AB4,0,1,1,4294967295,0,0
oInvCollPH,1376,592,003E27FD,0,1,1,4294967295,0,0
oInvCollPH,1376,576,0018184C,0,1,1,4294967295,0,0
oInvCollPH,1376,560,0037C7CC,0,1,1,4294967295,0,0
oInvCollPH,1376,544,001A9808,0,1,1,4294967295,0,0
oInvCollPH,1376,528,0037D470,0,1,1,4294967295,0,0
oInvCollPH,1376,512,0027484D,0,1,1,4294967295,0,0
oInvCollPH,1376,496,00087213,0,1,1,4294967295,0,0
oInvCollPH,1376,480,00163122,0,1,1,4294967295,0,0
oInvCollPH,1968,496,0026D4E3,0,1,1,4294967295,0,0
oInvCollPH,1968,512,002F14D5,0,1,1,4294967295,0,0
oInvCollPH,1968,528,000E69E3,0,1,1,4294967295,0,0
oInvCollPH,1968,544,00257DE7,0,1,1,4294967295,0,0
oInvCollPH,1968,560,00183CBF,0,1,1,4294967295,0,0
oInvCollPH,1968,576,000532D9,0,1,1,4294967295,0,0
oInvCollPH,1968,592,000EDE3E,0,1,1,4294967295,0,0
oInvCollPH,1968,608,000B592C,0,1,1,4294967295,0,0
oInvCollPH,1232,192,00134B3C,0,1,1,4294967295,0,0
oInvCollPH,1232,208,001438E6,0,1,1,4294967295,0,0
oInvCollPH,1232,224,002ACE5D,0,1,1,4294967295,0,0
oInvCollPH,1232,240,00239976,0,1,1,4294967295,0,0
oInvCollPH,1232,256,00251B6A,0,1,1,4294967295,0,0
oInvCollPH,1232,272,00206EA1,0,1,1,4294967295,0,0
oInvCollPH,1232,288,00393BC3,0,1,1,4294967295,0,0
oInvCollPH,1232,304,0014327D,0,1,1,4294967295,0,0
oInvCollPH,1232,320,00396B75,0,1,1,4294967295,0,0
oInvCollPH,1232,336,00116CA2,0,1,1,4294967295,0,0
oInvCollPH,1232,352,002F596E,0,1,1,4294967295,0,0
oInvCollPH,1232,368,000133B1,0,1,1,4294967295,0,0
oInvCollPH,1232,384,003CBEAF,0,1,1,4294967295,0,0
oInvCollPH,1232,400,0010046C,0,1,1,4294967295,0,0
oInvCollPH,1232,416,00260CA0,0,1,1,4294967295,0,0
oInvCollPH,1232,432,000D42D2,0,1,1,4294967295,0,0
oInvCollPH,1232,448,003F7A68,0,1,1,4294967295,0,0
oInvCollPH,1232,464,002E692A,0,1,1,4294967295,0,0
oInvCollPH,1248,176,000C73B8,0,1,1,4294967295,0,0
oInvCollPH,1264,176,00058782,0,1,1,4294967295,0,0
oInvCollPH,1280,176,0009D8B1,0,1,1,4294967295,0,0
oInvCollPH,1296,176,001CFDF8,0,1,1,4294967295,0,0
oInvCollPH,1312,176,002B0BAE,0,1,1,4294967295,0,0
oInvCollPH,1328,176,0010703C,0,1,1,4294967295,0,0
oInvCollPH,1344,176,000862A6,0,1,1,4294967295,0,0
oInvCollPH,1360,176,0038363E,0,1,1,4294967295,0,0
oInvCollPH,1376,176,003C7095,0,1,1,4294967295,0,0
oInvCollPH,1392,176,002DE83A,0,1,1,4294967295,0,0
oInvCollPH,1408,176,0029692D,0,1,1,4294967295,0,0
oInvCollPH,1424,176,000177E5,0,1,1,4294967295,0,0
oInvCollPH,1440,176,003C491B,0,1,1,4294967295,0,0
oInvCollPH,1456,176,0031B3CC,0,1,1,4294967295,0,0
oInvCollPH,1472,176,00105D3A,0,1,1,4294967295,0,0
oInvCollPH,1488,176,001CEEF0,0,1,1,4294967295,0,0
oInvCollPH,1504,176,003D1E83,0,1,1,4294967295,0,0
oInvCollPH,1520,176,000DE65D,0,1,1,4294967295,0,0
oInvCollPH,1536,176,00159C1A,0,1,1,4294967295,0,0
oInvCollPH,1552,176,0004676E,0,1,1,4294967295,0,0
oInvCollPH,1568,176,001F21FB,0,1,1,4294967295,0,0
oInvCollPH,1584,176,00028A9D,0,1,1,4294967295,0,0
oInvCollPH,1600,176,003E881B,0,1,1,4294967295,0,0
oInvCollPH,1616,176,0023E35E,0,1,1,4294967295,0,0
oInvCollPH,1632,176,004017CC,0,1,1,4294967295,0,0
oInvCollPH,1648,176,0024DECE,0,1,1,4294967295,0,0
oInvCollPH,1664,176,003048CE,0,1,1,4294967295,0,0
oInvCollPH,1392,464,0011A934,0,1,1,4294967295,0,0
oInvCollPH,1408,464,0007F029,0,1,1,4294967295,0,0
oInvCollPH,1424,464,0001FFB4,0,1,1,4294967295,0,0
oInvCollPH,1440,464,002C438E,0,1,1,4294967295,0,0
oInvCollPH,1456,464,0034F63D,0,1,1,4294967295,0,0
oInvCollPH,1472,464,000F744B,0,1,1,4294967295,0,0
oInvCollPH,1488,464,00320D29,0,1,1,4294967295,0,0
oInvCollPH,1504,464,003212EB,0,1,1,4294967295,0,0
oInvCollPH,1520,464,002EE39E,0,1,1,4294967295,0,0
oInvCollPH,1536,464,001F6179,0,1,1,4294967295,0,0
oInvCollPH,1552,464,00387ECE,0,1,1,4294967295,0,0
oInvCollPH,1568,464,00394609,0,1,1,4294967295,0,0
oInvCollPH,1584,464,00376689,0,1,1,4294967295,0,0
oInvCollPH,1600,464,0026E2E6,0,1,1,4294967295,0,0
oInvCollPH,1616,464,002D00DD,0,1,1,4294967295,0,0
oInvCollPH,1632,464,000038D3,0,1,1,4294967295,0,0
oInvCollPH,1648,464,000BD36F,0,1,1,4294967295,0,0
oInvCollPH,1664,464,002923FB,0,1,1,4294967295,0,0
oInvCollPH,1680,464,0000C3DB,0,1,1,4294967295,0,0
oInvCollPH,1696,464,0024441C,0,1,1,4294967295,0,0
oInvCollPH,1712,464,000DB2FC,0,1,1,4294967295,0,0
oInvCollPH,1728,464,0010C237,0,1,1,4294967295,0,0
oInvCollPH,1744,464,0025FB0A,0,1,1,4294967295,0,0
oInvCollPH,1760,464,0015D123,0,1,1,4294967295,0,0
oInvCollPH,1776,464,0000617F,0,1,1,4294967295,0,0
oInvCollPH,1792,464,00188813,0,1,1,4294967295,0,0
oInvCollPH,1808,464,00366315,0,1,1,4294967295,0,0
oInvCollPH,1824,464,000CD6D6,0,1,1,4294967295,0,0
oInvCollPH,1840,464,0038CDE8,0,1,1,4294967295,0,0
oInvCollPH,1856,464,003B9D3A,0,1,1,4294967295,0,0
oInvCollPH,1872,464,002FA6C1,0,1,1,4294967295,0,0
oInvCollPH,1888,464,001AC786,0,1,1,4294967295,0,0
oInvCollPH,1680,32,000E020F,0,1,1,4294967295,0,0
oInvCollPH,1680,48,00251E63,0,1,1,4294967295,0,0
oInvCollPH,1680,64,00224D6A,0,1,1,4294967295,0,0
oInvCollPH,1680,80,0014F848,0,1,1,4294967295,0,0
oInvCollPH,1680,96,002C81AF,0,1,1,4294967295,0,0
oInvCollPH,1680,112,00210D07,0,1,1,4294967295,0,0
oInvCollPH,1680,128,002D24EC,0,1,1,4294967295,0,0
oInvCollPH,1680,144,003A84FA,0,1,1,4294967295,0,0
oInvCollPH,1680,160,00397EEB,0,1,1,4294967295,0,0
oInvCollPH,1904,464,00347FD3,0,1,1,4294967295,0,0
oInvCollPH,1920,464,0006BC6E,0,1,1,4294967295,0,0
oInvCollPH,1936,464,0021184E,0,1,1,4294967295,0,0
oInvCollPH,1952,464,00263BCA,0,1,1,4294967295,0,0
oInvCollPH,368,16,001319F2,0,1,1,4294967295,0,0
oInvCollPH,384,16,00162C88,0,1,1,4294967295,0,0
oInvCollPH,400,16,0028550A,0,1,1,4294967295,0,0
oInvCollPH,416,16,0014E2EC,0,1,1,4294967295,0,0
oInvCollPH,432,16,0035141A,0,1,1,4294967295,0,0
oInvCollPH,448,16,0025C287,0,1,1,4294967295,0,0
oInvCollPH,464,16,00390B3C,0,1,1,4294967295,0,0
oInvCollPH,480,16,000733DD,0,1,1,4294967295,0,0
oInvCollPH,496,16,001C71BD,0,1,1,4294967295,0,0
oInvCollPH,512,16,00137434,0,1,1,4294967295,0,0
oInvCollPH,528,16,00301A71,0,1,1,4294967295,0,0
oInvCollPH,544,16,001EE1D7,0,1,1,4294967295,0,0
oInvCollPH,560,16,003389B5,0,1,1,4294967295,0,0
oInvCollPH,576,16,002B83E9,0,1,1,4294967295,0,0
oInvCollPH,592,16,000510B5,0,1,1,4294967295,0,0
oInvCollPH,608,16,002FFCA4,0,1,1,4294967295,0,0
oInvCollPH,624,16,002B3518,0,1,1,4294967295,0,0
oInvCollPH,640,16,00156CE8,0,1,1,4294967295,0,0
oInvCollPH,656,16,0022E883,0,1,1,4294967295,0,0
oInvCollPH,672,16,0003D4DD,0,1,1,4294967295,0,0
oInvCollPH,688,16,003E45F8,0,1,1,4294967295,0,0
oInvCollPH,704,16,00158492,0,1,1,4294967295,0,0
oInvCollPH,720,16,001D2B55,0,1,1,4294967295,0,0
oInvCollPH,736,16,002C412D,0,1,1,4294967295,0,0
oInvCollPH,752,16,0011D61D,0,1,1,4294967295,0,0
oInvCollPH,768,16,00292EBB,0,1,1,4294967295,0,0
oInvCollPH,784,16,003FAB56,0,1,1,4294967295,0,0
oInvCollPH,800,16,0030698E,0,1,1,4294967295,0,0
oInvCollPH,816,16,00278998,0,1,1,4294967295,0,0
oInvCollPH,832,16,000C65DC,0,1,1,4294967295,0,0
oInvCollPH,848,16,003325FC,0,1,1,4294967295,0,0
oInvCollPH,864,16,001FDE36,0,1,1,4294967295,0,0
oInvCollPH,1168,16,00108FBC,0,1,1,4294967295,0,0
oInvCollPH,1184,16,00328C68,0,1,1,4294967295,0,0
oInvCollPH,1200,16,001572B6,0,1,1,4294967295,0,0
oInvCollPH,1216,16,0017F3EF,0,1,1,4294967295,0,0
oInvCollPH,1232,16,00103699,0,1,1,4294967295,0,0
oInvCollPH,1248,16,000BDDF4,0,1,1,4294967295,0,0
oInvCollPH,1264,16,0014AB62,0,1,1,4294967295,0,0
oInvCollPH,1280,16,002989CB,0,1,1,4294967295,0,0
oInvCollPH,1296,16,0002CFA0,0,1,1,4294967295,0,0
oInvCollPH,1312,16,00019A08,0,1,1,4294967295,0,0
oInvCollPH,1328,16,0030DED3,0,1,1,4294967295,0,0
oInvCollPH,1344,16,00092167,0,1,1,4294967295,0,0
oInvCollPH,1360,16,00278A51,0,1,1,4294967295,0,0
oInvCollPH,1376,16,000FF5A0,0,1,1,4294967295,0,0
oInvCollPH,1392,16,000F21B7,0,1,1,4294967295,0,0
oInvCollPH,1408,16,003C7E4E,0,1,1,4294967295,0,0
oInvCollPH,1424,16,0038FD20,0,1,1,4294967295,0,0
oInvCollPH,1440,16,00324AD4,0,1,1,4294967295,0,0
oInvCollPH,1456,16,00317D75,0,1,1,4294967295,0,0
oInvCollPH,1472,16,003567D5,0,1,1,4294967295,0,0
oInvCollPH,1488,16,003A6554,0,1,1,4294967295,0,0
oInvCollPH,1504,16,000C7F43,0,1,1,4294967295,0,0
oInvCollPH,1520,16,0021C7FA,0,1,1,4294967295,0,0
oInvCollPH,1536,16,00403FA8,0,1,1,4294967295,0,0
oInvCollPH,1552,16,001B2E4C,0,1,1,4294967295,0,0
oInvCollPH,1568,16,0039D373,0,1,1,4294967295,0,0
oInvCollPH,1584,16,002D82DB,0,1,1,4294967295,0,0
oInvCollPH,1600,16,00198989,0,1,1,4294967295,0,0
oInvCollPH,1616,16,003CEE23,0,1,1,4294967295,0,0
oInvCollPH,1632,16,003457F1,0,1,1,4294967295,0,0
oInvCollPH,1648,16,003B5D62,0,1,1,4294967295,0,0
oInvCollPH,1664,16,002A31BB,0,1,1,4294967295,0,0
oInvCollPH,528,1168,00009E23,0,1,1,4294967295,0,0
oInvCollPH,528,1184,000FC356,0,1,1,4294967295,0,0
oInvCollPH,528,1200,00099E25,0,1,1,4294967295,0,0
oInvCollPH,528,1216,001C8C36,0,1,1,4294967295,0,0
oInvCollPH,544,1216,002F24F3,0,1,1,4294967295,0,0
oInvCollPH,560,1216,001260FA,0,1,1,4294967295,0,0
oInvCollPH,576,1216,003C38BC,0,1,1,4294967295,0,0
oInvCollPH,576,1200,002B866D,0,1,1,4294967295,0,0
oInvCollPH,576,1184,00117D1C,0,1,1,4294967295,0,0
oInvCollPH,576,1168,0013002F,0,1,1,4294967295,0,0
oInvCollPH,576,1152,0033F9EB,0,1,1,4294967295,0,0
oInvCollPH,1456,1168,00170C75,0,1,1,4294967295,0,0
oInvCollPH,1456,1184,0014CE10,0,1,1,4294967295,0,0
oInvCollPH,1456,1200,003B904E,0,1,1,4294967295,0,0
oInvCollPH,1456,1216,0025AB6E,0,1,1,4294967295,0,0
oInvCollPH,1472,1216,00091373,0,1,1,4294967295,0,0
oInvCollPH,1488,1216,0028D170,0,1,1,4294967295,0,0
oInvCollPH,1504,1216,000511AC,0,1,1,4294967295,0,0
oInvCollPH,1504,1200,0016514D,0,1,1,4294967295,0,0
oInvCollPH,1504,1184,0003D20B,0,1,1,4294967295,0,0
oInvCollPH,1504,1168,00167AAE,0,1,1,4294967295,0,0
oInvCollPH,1504,1152,0004FB2B,0,1,1,4294967295,0,0
oInvCollPH,1968,1168,00206610,0,1,1,4294967295,0,0
oInvCollPH,1968,1184,0036CA34,0,1,1,4294967295,0,0
oInvCollPH,1968,1200,0013F31A,0,1,1,4294967295,0,0
oInvCollPH,1968,1216,0027F3BA,0,1,1,4294967295,0,0
oInvCollPH,1968,1232,002F0CFF,0,1,1,4294967295,0,0
oInvCollPH,1968,1248,00234F71,0,1,1,4294967295,0,0
oInvCollPH,1968,1264,002B55EE,0,1,1,4294967295,0,0
oInvCollPH,1968,1280,00134200,0,1,1,4294967295,0,0
oInvCollPH,64,1168,002F581F,0,1,1,4294967295,0,0
oInvCollPH,64,1184,000F6F80,0,1,1,4294967295,0,0
oInvCollPH,64,1200,001D0641,0,1,1,4294967295,0,0
oInvCollPH,64,1216,002E4769,0,1,1,4294967295,0,0
oInvCollPH,64,1232,0005DB8A,0,1,1,4294967295,0,0
oInvCollPH,64,1152,000CF7A5,0,1,1,4294967295,0,0
oInvCollPH,64,1248,0035240F,0,1,1,4294967295,0,0
oInvCollPH,64,1264,00237802,0,1,1,4294967295,0,0
oInvCollPH,64,1280,00288805,0,1,1,4294967295,0,0
oInvCollPH,848,1840,0033A090,0,1,1,4294967295,0,0
oInvCollPH,848,1856,0017CC05,0,1,1,4294967295,0,0
oInvCollPH,848,1872,00018FFC,0,1,1,4294967295,0,0
oInvCollPH,848,1904,0008A537,0,1,1,4294967295,0,0
oInvCollPH,848,1920,00375370,0,1,1,4294967295,0,0
oInvCollPH,848,1936,00204627,0,1,1,4294967295,0,0
oInvCollPH,848,1952,002BC50F,0,1,1,4294967295,0,0
oInvCollPH,848,1888,00125B1C,0,1,1,4294967295,0,0
oInvCollPH,1184,1824,00177878,0,1,1,4294967295,0,0
oInvCollPH,1184,1840,00346D93,0,1,1,4294967295,0,0
oInvCollPH,1184,1856,001BF709,0,1,1,4294967295,0,0
oInvCollPH,1184,1872,0008BCB0,0,1,1,4294967295,0,0
oInvCollPH,1184,1888,0030654B,0,1,1,4294967295,0,0
oInvCollPH,1184,1904,0007C251,0,1,1,4294967295,0,0
oInvCollPH,1184,1920,000E6FDA,0,1,1,4294967295,0,0
oInvCollPH,1184,1936,002476A9,0,1,1,4294967295,0,0
oInvCollPH,1184,1952,0009328E,0,1,1,4294967295,0,0
oInvCollPH,384,1968,001455EA,0,1,1,4294967295,0,0
oInvCollPH,400,1968,0034312B,0,1,1,4294967295,0,0
oInvCollPH,416,1968,001EBD20,0,1,1,4294967295,0,0
oInvCollPH,432,1968,000DA3BC,0,1,1,4294967295,0,0
oInvCollPH,448,1968,001D08A9,0,1,1,4294967295,0,0
oInvCollPH,464,1968,0021D58A,0,1,1,4294967295,0,0
oInvCollPH,480,1968,002BF21F,0,1,1,4294967295,0,0
oInvCollPH,496,1968,00286324,0,1,1,4294967295,0,0
oInvCollPH,512,1968,0025953F,0,1,1,4294967295,0,0
oInvCollPH,528,1968,003FFE49,0,1,1,4294967295,0,0
oInvCollPH,544,1968,0030E280,0,1,1,4294967295,0,0
oInvCollPH,560,1968,000DF07E,0,1,1,4294967295,0,0
oInvCollPH,576,1968,00132D5D,0,1,1,4294967295,0,0
oInvCollPH,592,1968,000A81F9,0,1,1,4294967295,0,0
oInvCollPH,608,1968,0014D06B,0,1,1,4294967295,0,0
oInvCollPH,624,1968,0011F9D6,0,1,1,4294967295,0,0
oInvCollPH,640,1968,003F345B,0,1,1,4294967295,0,0
oInvCollPH,656,1968,00091230,0,1,1,4294967295,0,0
oInvCollPH,672,1968,001E19A7,0,1,1,4294967295,0,0
oInvCollPH,688,1968,002F8228,0,1,1,4294967295,0,0
oInvCollPH,704,1968,000FD561,0,1,1,4294967295,0,0
oInvCollPH,720,1968,002C2B34,0,1,1,4294967295,0,0
oInvCollPH,736,1968,0017123A,0,1,1,4294967295,0,0
oInvCollPH,752,1968,0001E492,0,1,1,4294967295,0,0
oInvCollPH,768,1968,0003823A,0,1,1,4294967295,0,0
oInvCollPH,800,1968,001779F1,0,1,1,4294967295,0,0
oInvCollPH,816,1968,000D389D,0,1,1,4294967295,0,0
oInvCollPH,832,1968,003A4FD7,0,1,1,4294967295,0,0
oInvCollPH,784,1968,001E7978,0,1,1,4294967295,0,0
oInvCollPH,1200,1968,002B671F,0,1,1,4294967295,0,0
oInvCollPH,1216,1968,0006D1CE,0,1,1,4294967295,0,0
oInvCollPH,1232,1968,0026AF59,0,1,1,4294967295,0,0
oInvCollPH,1248,1968,00073D35,0,1,1,4294967295,0,0
oInvCollPH,1264,1968,002D4AD7,0,1,1,4294967295,0,0
oInvCollPH,1280,1968,001F8837,0,1,1,4294967295,0,0
oInvCollPH,1296,1968,003EFEB1,0,1,1,4294967295,0,0
oInvCollPH,1312,1968,00283D1B,0,1,1,4294967295,0,0
oInvCollPH,1328,1968,00064468,0,1,1,4294967295,0,0
oInvCollPH,1344,1968,0009ED9D,0,1,1,4294967295,0,0
oInvCollPH,1360,1968,00295E41,0,1,1,4294967295,0,0
oInvCollPH,1376,1968,0039AC1E,0,1,1,4294967295,0,0
oInvCollPH,1392,1968,0018ECEA,0,1,1,4294967295,0,0
oInvCollPH,1408,1968,00072E5C,0,1,1,4294967295,0,0
oInvCollPH,1424,1968,0008A34B,0,1,1,4294967295,0,0
oInvCollPH,1440,1968,00301189,0,1,1,4294967295,0,0
oInvCollPH,1456,1968,003FDB19,0,1,1,4294967295,0,0
oInvCollPH,1472,1968,003074C5,0,1,1,4294967295,0,0
oInvCollPH,1488,1968,002AE825,0,1,1,4294967295,0,0
oInvCollPH,1504,1968,0012B1A0,0,1,1,4294967295,0,0
oInvCollPH,1520,1968,001AEC81,0,1,1,4294967295,0,0
oInvCollPH,1536,1968,00032701,0,1,1,4294967295,0,0
oInvCollPH,1552,1968,000423AF,0,1,1,4294967295,0,0
oInvCollPH,1568,1968,00124DF7,0,1,1,4294967295,0,0
oInvCollPH,1584,1968,001DB61A,0,1,1,4294967295,0,0
oInvCollPH,1600,1968,00313BE7,0,1,1,4294967295,0,0
oInvCollPH,1616,1968,0033F5C7,0,1,1,4294967295,0,0
oInvCollPH,1632,1968,00064A8D,0,1,1,4294967295,0,0
oInvCollPH,1648,1968,001E7BBE,0,1,1,4294967295,0,0
oInvCollPH,1664,1968,003D6FB3,0,1,1,4294967295,0,0
oInvCollPH,1872,1472,00194E79,0,1,1,4294967295,0,0
oInvCollPH,1872,1488,00092342,0,1,1,4294967295,0,0
oInvCollPH,1872,1504,003E15C0,0,1,1,4294967295,0,0
oInvCollPH,1872,1520,000B714F,0,1,1,4294967295,0,0
oInvCollPH,1872,1536,001922D8,0,1,1,4294967295,0,0
oInvCollPH,1872,1552,0038FC19,0,1,1,4294967295,0,0
oInvCollPH,1872,1568,00072942,0,1,1,4294967295,0,0
oInvCollPH,160,1456,000D13BC,0,1,1,4294967295,0,0
oInvCollPH,160,1472,0039DA53,0,1,1,4294967295,0,0
oInvCollPH,160,1488,0033F563,0,1,1,4294967295,0,0
oInvCollPH,160,1504,003CAF08,0,1,1,4294967295,0,0
oInvCollPH,160,1520,000B8272,0,1,1,4294967295,0,0
oInvCollPH,160,1536,001408AF,0,1,1,4294967295,0,0
oInvCollPH,160,1552,0039654A,0,1,1,4294967295,0,0
oInvCollPH,160,1568,0012AD39,0,1,1,4294967295,0,0
oInvCollPH,368,1536,001F7531,0,1,1,4294967295,0,0
oInvCollPH,384,1520,002380EC,0,1,1,4294967295,0,0
oInvCollPH,400,1520,0022B95F,0,1,1,4294967295,0,0
oInvCollPH,416,1520,002FB48C,0,1,1,4294967295,0,0
oInvCollPH,432,1520,003352A3,0,1,1,4294967295,0,0
oInvCollPH,448,1520,000ED50C,0,1,1,4294967295,0,0
oInvCollPH,464,1520,003F8307,0,1,1,4294967295,0,0
oInvCollPH,480,1520,000D6668,0,1,1,4294967295,0,0
oInvCollPH,496,1520,00006C41,0,1,1,4294967295,0,0
oInvCollPH,512,1520,00172B40,0,1,1,4294967295,0,0
oInvCollPH,528,1520,00274D7B,0,1,1,4294967295,0,0
oInvCollPH,544,1520,0036B859,0,1,1,4294967295,0,0
oInvCollPH,560,1520,0006E1CF,0,1,1,4294967295,0,0
oInvCollPH,576,1520,002539EB,0,1,1,4294967295,0,0
oInvCollPH,592,1520,002D7376,0,1,1,4294967295,0,0
oInvCollPH,608,1520,001C9BB8,0,1,1,4294967295,0,0
oInvCollPH,624,1520,000B5182,0,1,1,4294967295,0,0
oInvCollPH,640,1520,0002624E,0,1,1,4294967295,0,0
oInvCollPH,640,1536,00280911,0,1,1,4294967295,0,0
oInvCollPH,1392,1536,001DA431,0,1,1,4294967295,0,0
oInvCollPH,1408,1520,003F115F,0,1,1,4294967295,0,0
oInvCollPH,1424,1520,0018311A,0,1,1,4294967295,0,0
oInvCollPH,1440,1520,0015EBEC,0,1,1,4294967295,0,0
oInvCollPH,1456,1520,001B2612,0,1,1,4294967295,0,0
oInvCollPH,1472,1520,003C8CAA,0,1,1,4294967295,0,0
oInvCollPH,1488,1520,001E6081,0,1,1,4294967295,0,0
oInvCollPH,1504,1520,003846AE,0,1,1,4294967295,0,0
oInvCollPH,1520,1520,0014E6EE,0,1,1,4294967295,0,0
oInvCollPH,1536,1520,001B8705,0,1,1,4294967295,0,0
oInvCollPH,1552,1520,00376086,0,1,1,4294967295,0,0
oInvCollPH,1568,1520,0005DC4F,0,1,1,4294967295,0,0
oInvCollPH,1584,1520,000B4F5D,0,1,1,4294967295,0,0
oInvCollPH,1600,1520,00286A55,0,1,1,4294967295,0,0
oInvCollPH,1616,1520,00016784,0,1,1,4294967295,0,0
oInvCollPH,1632,1520,0033D3EE,0,1,1,4294967295,0,0
oInvCollPH,1648,1520,003C51E6,0,1,1,4294967295,0,0
oInvCollPH,1664,1520,001E9955,0,1,1,4294967295,0,0
oInvCollPH,1664,1536,003C338E,0,1,1,4294967295,0,0
oInvCollPH,576,1296,00125E9F,0,1,1,4294967295,0,0
oInvCollPH,560,1296,001C387F,0,1,1,4294967295,0,0
oInvCollPH,544,1296,001738DD,0,1,1,4294967295,0,0
oInvCollPH,512,1296,0026D584,0,1,1,4294967295,0,0
oInvCollPH,496,1296,001F3CD8,0,1,1,4294967295,0,0
oInvCollPH,480,1296,0001C4FA,0,1,1,4294967295,0,0
oInvCollPH,464,1296,0028129B,0,1,1,4294967295,0,0
oInvCollPH,448,1296,001B2472,0,1,1,4294967295,0,0
oInvCollPH,432,1296,002A634D,0,1,1,4294967295,0,0
oInvCollPH,528,1296,00027EBD,0,1,1,4294967295,0,0
oInvCollPH,256,1296,0003085D,0,1,1,4294967295,0,0
oInvCollPH,240,1296,00278916,0,1,1,4294967295,0,0
oInvCollPH,224,1296,000B8C69,0,1,1,4294967295,0,0
oInvCollPH,208,1296,0016BDF2,0,1,1,4294967295,0,0
oInvCollPH,192,1296,0036E8E6,0,1,1,4294967295,0,0
oInvCollPH,176,1296,00082134,0,1,1,4294967295,0,0
oInvCollPH,160,1296,002CA9BB,0,1,1,4294967295,0,0
oInvCollPH,144,1296,0026ED4F,0,1,1,4294967295,0,0
oInvCollPH,128,1296,003B411A,0,1,1,4294967295,0,0
oInvCollPH,112,1296,0029DB95,0,1,1,4294967295,0,0
oInvCollPH,80,1296,003E5932,0,1,1,4294967295,0,0
oInvCollPH,96,1296,00353B95,0,1,1,4294967295,0,0
oInvCollPH,416,1296,000DB7F8,0,1,1,4294967295,0,0
oInvCollPH,400,1296,002E9B5E,0,1,1,4294967295,0,0
oInvCollPH,384,1296,0001BD39,0,1,1,4294967295,0,0
oInvCollPH,368,1296,002630C6,0,1,1,4294967295,0,0
oInvCollPH,352,1296,002A24CD,0,1,1,4294967295,0,0
oInvCollPH,336,1296,000308E9,0,1,1,4294967295,0,0
oInvCollPH,320,1296,001C7017,0,1,1,4294967295,0,0
oInvCollPH,304,1296,003C5B0E,0,1,1,4294967295,0,0
oInvCollPH,288,1296,003CC9F3,0,1,1,4294967295,0,0
oInvCollPH,272,1296,001D42AA,0,1,1,4294967295,0,0
oInvCollPH,176,1440,003A85DB,0,1,1,4294967295,0,0
oInvCollPH,192,1440,0027B572,0,1,1,4294967295,0,0
oInvCollPH,208,1440,00018CC5,0,1,1,4294967295,0,0
oInvCollPH,224,1440,000E7FA0,0,1,1,4294967295,0,0
oInvCollPH,240,1440,001BDFB9,0,1,1,4294967295,0,0
oInvCollPH,256,1440,001FA54E,0,1,1,4294967295,0,0
oInvCollPH,272,1440,000CA46F,0,1,1,4294967295,0,0
oInvCollPH,288,1440,0027EFB2,0,1,1,4294967295,0,0
oInvCollPH,304,1440,003010E7,0,1,1,4294967295,0,0
oInvCollPH,320,1440,000616F8,0,1,1,4294967295,0,0
oInvCollPH,336,1440,00090384,0,1,1,4294967295,0,0
oInvCollPH,352,1440,00372DD5,0,1,1,4294967295,0,0
oInvCollPH,368,1440,00361CC2,0,1,1,4294967295,0,0
oInvCollPH,384,1440,002ABA84,0,1,1,4294967295,0,0
oInvCollPH,400,1440,0011C843,0,1,1,4294967295,0,0
oInvCollPH,416,1440,003AB453,0,1,1,4294967295,0,0
oInvCollPH,432,1440,002BD8C8,0,1,1,4294967295,0,0
oInvCollPH,448,1440,000D5471,0,1,1,4294967295,0,0
oInvCollPH,464,1440,001006A9,0,1,1,4294967295,0,0
oInvCollPH,480,1440,00362705,0,1,1,4294967295,0,0
oInvCollPH,496,1440,00202081,0,1,1,4294967295,0,0
oInvCollPH,512,1440,0017AD8C,0,1,1,4294967295,0,0
oInvCollPH,528,1440,001F478B,0,1,1,4294967295,0,0
oInvCollPH,544,1440,00228CC1,0,1,1,4294967295,0,0
oInvCollPH,560,1440,001025D2,0,1,1,4294967295,0,0
oInvCollPH,576,1440,000B251F,0,1,1,4294967295,0,0
oInvCollPH,576,1424,00058FEF,0,1,1,4294967295,0,0
oInvCollPH,576,1408,00058434,0,1,1,4294967295,0,0
oInvCollPH,576,1392,00071B51,0,1,1,4294967295,0,0
oInvCollPH,576,1376,003BB344,0,1,1,4294967295,0,0
oInvCollPH,576,1360,00209898,0,1,1,4294967295,0,0
oInvCollPH,576,1344,000A4AD4,0,1,1,4294967295,0,0
oInvCollPH,576,1328,0006B105,0,1,1,4294967295,0,0
oInvCollPH,576,1312,00355961,0,1,1,4294967295,0,0
oInvCollPH,1456,1312,00333720,0,1,1,4294967295,0,0
oInvCollPH,1456,1328,0006EEE5,0,1,1,4294967295,0,0
oInvCollPH,1456,1344,000FC51D,0,1,1,4294967295,0,0
oInvCollPH,1456,1360,0004D3BB,0,1,1,4294967295,0,0
oInvCollPH,1456,1376,0016726E,0,1,1,4294967295,0,0
oInvCollPH,1456,1392,002A9CDC,0,1,1,4294967295,0,0
oInvCollPH,1456,1408,00322C8A,0,1,1,4294967295,0,0
oInvCollPH,1456,1424,0022147C,0,1,1,4294967295,0,0
oInvCollPH,1456,1440,001CFFE4,0,1,1,4294967295,0,0
oInvCollPH,1472,1440,0019FA07,0,1,1,4294967295,0,0
oInvCollPH,1504,1440,000F9D62,0,1,1,4294967295,0,0
oInvCollPH,1520,1440,0037D197,0,1,1,4294967295,0,0
oInvCollPH,1552,1440,002DBF4B,0,1,1,4294967295,0,0
oInvCollPH,1568,1440,002388FD,0,1,1,4294967295,0,0
oInvCollPH,1584,1440,0016A213,0,1,1,4294967295,0,0
oInvCollPH,1600,1440,003B3A81,0,1,1,4294967295,0,0
oInvCollPH,1488,1440,003A3EC4,0,1,1,4294967295,0,0
oInvCollPH,1536,1440,0008EAE5,0,1,1,4294967295,0,0
oInvCollPH,1616,1440,000C2BF7,0,1,1,4294967295,0,0
oInvCollPH,1632,1440,0036068B,0,1,1,4294967295,0,0
oInvCollPH,1648,1440,0008CF14,0,1,1,4294967295,0,0
oInvCollPH,1664,1440,00153502,0,1,1,4294967295,0,0
oInvCollPH,1680,1440,0027DCBD,0,1,1,4294967295,0,0
oInvCollPH,1696,1440,00354273,0,1,1,4294967295,0,0
oInvCollPH,1712,1440,00233CD5,0,1,1,4294967295,0,0
oInvCollPH,1728,1440,000F5241,0,1,1,4294967295,0,0
oInvCollPH,1744,1440,003B3179,0,1,1,4294967295,0,0
oInvCollPH,1760,1440,00269A86,0,1,1,4294967295,0,0
oInvCollPH,1776,1440,00083789,0,1,1,4294967295,0,0
oInvCollPH,1792,1440,002823CE,0,1,1,4294967295,0,0
oInvCollPH,1808,1440,002F8229,0,1,1,4294967295,0,0
oInvCollPH,1824,1440,0017E07E,0,1,1,4294967295,0,0
oInvCollPH,1840,1440,0025C16D,0,1,1,4294967295,0,0
oInvCollPH,1856,1440,003ED6C4,0,1,1,4294967295,0,0
oInvCollPH,1472,1296,000FAE96,0,1,1,4294967295,0,0
oInvCollPH,1488,1296,000F3BB6,0,1,1,4294967295,0,0
oInvCollPH,1504,1296,00256799,0,1,1,4294967295,0,0
oInvCollPH,1520,1296,0015E547,0,1,1,4294967295,0,0
oInvCollPH,1536,1296,000EC818,0,1,1,4294967295,0,0
oInvCollPH,1552,1296,0001F2EE,0,1,1,4294967295,0,0
oInvCollPH,1568,1296,001B7214,0,1,1,4294967295,0,0
oInvCollPH,1584,1296,003134C8,0,1,1,4294967295,0,0
oInvCollPH,1600,1296,0019125A,0,1,1,4294967295,0,0
oInvCollPH,1616,1296,000CD8B9,0,1,1,4294967295,0,0
oInvCollPH,1632,1296,0004A78B,0,1,1,4294967295,0,0
oInvCollPH,1648,1296,002FB6E1,0,1,1,4294967295,0,0
oInvCollPH,1664,1296,00351331,0,1,1,4294967295,0,0
oInvCollPH,1680,1296,0009F78E,0,1,1,4294967295,0,0
oInvCollPH,1696,1296,003519B5,0,1,1,4294967295,0,0
oInvCollPH,1712,1296,003775D2,0,1,1,4294967295,0,0
oInvCollPH,1728,1296,0020AC00,0,1,1,4294967295,0,0
oInvCollPH,1744,1296,00245300,0,1,1,4294967295,0,0
oInvCollPH,1760,1296,0036527F,0,1,1,4294967295,0,0
oInvCollPH,1776,1296,002E367D,0,1,1,4294967295,0,0
oInvCollPH,1792,1296,000B88A0,0,1,1,4294967295,0,0
oInvCollPH,1808,1296,00334B2C,0,1,1,4294967295,0,0
oInvCollPH,1824,1296,00013914,0,1,1,4294967295,0,0
oInvCollPH,1840,1296,0030A049,0,1,1,4294967295,0,0
oInvCollPH,1856,1296,0033DFB1,0,1,1,4294967295,0,0
oInvCollPH,1872,1296,0008DEFE,0,1,1,4294967295,0,0
oInvCollPH,1888,1296,002FE06F,0,1,1,4294967295,0,0
oInvCollPH,1904,1296,0025B71D,0,1,1,4294967295,0,0
oInvCollPH,1920,1296,00154858,0,1,1,4294967295,0,0
oInvCollPH,1936,1296,001D2670,0,1,1,4294967295,0,0
oInvCollPH,1952,1296,003D3A65,0,1,1,4294967295,0,0
oInvCollPH,1472,624,00238EAA,0,1,1,4294967295,0,0
oInvCollPH,1488,624,002C0083,0,1,1,4294967295,0,0
oInvCollPH,1504,624,000F3242,0,1,1,4294967295,0,0
oInvCollPH,1520,624,003FBC47,0,1,1,4294967295,0,0
oInvCollPH,1536,624,00268C4E,0,1,1,4294967295,0,0
oInvCollPH,1552,624,0014B45B,0,1,1,4294967295,0,0
oInvCollPH,1568,624,000BF743,0,1,1,4294967295,0,0
oInvCollPH,1584,624,000F3299,0,1,1,4294967295,0,0
oInvCollPH,1600,624,002F6B8D,0,1,1,4294967295,0,0
oInvCollPH,1616,624,002FC0D6,0,1,1,4294967295,0,0
oInvCollPH,1632,624,0030C9A2,0,1,1,4294967295,0,0
oInvCollPH,1648,624,00218E48,0,1,1,4294967295,0,0
oInvCollPH,1664,624,002A554B,0,1,1,4294967295,0,0
oInvCollPH,1680,624,002F9684,0,1,1,4294967295,0,0
oInvCollPH,1696,624,0016D5FF,0,1,1,4294967295,0,0
oInvCollPH,1712,624,00314A44,0,1,1,4294967295,0,0
oInvCollPH,1728,624,00128A8E,0,1,1,4294967295,0,0
oInvCollPH,1744,624,00176491,0,1,1,4294967295,0,0
oInvCollPH,1760,624,000440AC,0,1,1,4294967295,0,0
oInvCollPH,1776,624,001957C0,0,1,1,4294967295,0,0
oInvCollPH,1792,624,00155E87,0,1,1,4294967295,0,0
oInvCollPH,1808,624,00353130,0,1,1,4294967295,0,0
oInvCollPH,1824,624,0009C43F,0,1,1,4294967295,0,0
oInvCollPH,1840,624,001A7285,0,1,1,4294967295,0,0
oInvCollPH,1856,624,0006BE01,0,1,1,4294967295,0,0
oInvCollPH,1872,624,00368224,0,1,1,4294967295,0,0
oInvCollPH,1888,624,002B49CD,0,1,1,4294967295,0,0
oInvCollPH,1904,624,001055C6,0,1,1,4294967295,0,0
oInvCollPH,1920,624,000C614F,0,1,1,4294967295,0,0
oInvCollPH,1936,624,000996F1,0,1,1,4294967295,0,0
oInvCollPH,1952,624,003CFD02,0,1,1,4294967295,0,0
oInvCollPH,1456,640,0030B822,0,1,1,4294967295,0,0
oInvCollPH,1456,656,003014F4,0,1,1,4294967295,0,0
oInvCollPH,1456,672,000766AD,0,1,1,4294967295,0,0
oInvCollPH,1456,688,0030AD64,0,1,1,4294967295,0,0
oInvCollPH,1456,704,00379686,0,1,1,4294967295,0,0
oInvCollPH,1456,720,001D82C2,0,1,1,4294967295,0,0
oInvCollPH,1456,736,00352A9B,0,1,1,4294967295,0,0
oInvCollPH,1456,752,001DB226,0,1,1,4294967295,0,0
oInvCollPH,1456,768,003B67D8,0,1,1,4294967295,0,0
oInvCollPH,1456,784,001FAF98,0,1,1,4294967295,0,0
oInvCollPH,1456,800,003E465D,0,1,1,4294967295,0,0
oInvCollPH,1456,816,001E6EB1,0,1,1,4294967295,0,0
oInvCollPH,1456,832,002CE4F3,0,1,1,4294967295,0,0
oInvCollPH,1456,848,003DB0DF,0,1,1,4294967295,0,0
oInvCollPH,1456,864,00157ABB,0,1,1,4294967295,0,0
oInvCollPH,1456,880,002EA81A,0,1,1,4294967295,0,0
oInvCollPH,1456,896,001BBC4D,0,1,1,4294967295,0,0
oInvCollPH,1456,912,002C9FE1,0,1,1,4294967295,0,0
oInvCollPH,1456,928,003B431F,0,1,1,4294967295,0,0
oInvCollPH,1456,944,0005A5DF,0,1,1,4294967295,0,0
oInvCollPH,1456,960,0025F66A,0,1,1,4294967295,0,0
oInvCollPH,1456,976,0019CE4D,0,1,1,4294967295,0,0
oInvCollPH,1456,992,0036C06B,0,1,1,4294967295,0,0
oInvCollPH,1456,1008,003890C7,0,1,1,4294967295,0,0
oInvCollPH,1456,1024,00090124,0,1,1,4294967295,0,0
oInvCollPH,1456,1040,001DCBF8,0,1,1,4294967295,0,0
oInvCollPH,1456,1056,0025A5FD,0,1,1,4294967295,0,0
oInvCollPH,1456,1072,003B239C,0,1,1,4294967295,0,0
oInvCollPH,1456,1088,001D5F58,0,1,1,4294967295,0,0
oInvCollPH,1456,1104,003D5AF6,0,1,1,4294967295,0,0
oInvCollPH,1456,1120,000C3463,0,1,1,4294967295,0,0
oInvCollPH,1456,1136,00316DA1,0,1,1,4294967295,0,0
oInvCollPH,1520,1136,000FE379,0,1,1,4294967295,0,0
oInvCollPH,1536,1136,002A6C4A,0,1,1,4294967295,0,0
oInvCollPH,1552,1136,0027E48A,0,1,1,4294967295,0,0
oInvCollPH,1568,1136,0006592D,0,1,1,4294967295,0,0
oInvCollPH,1584,1136,0004AB16,0,1,1,4294967295,0,0
oInvCollPH,1600,1136,00098F1F,0,1,1,4294967295,0,0
oInvCollPH,1616,1136,00114F0E,0,1,1,4294967295,0,0
oInvCollPH,1632,1136,0016C57E,0,1,1,4294967295,0,0
oInvCollPH,1648,1136,00165636,0,1,1,4294967295,0,0
oInvCollPH,1664,1136,000C627D,0,1,1,4294967295,0,0
oInvCollPH,1680,1136,00101653,0,1,1,4294967295,0,0
oInvCollPH,1696,1136,0008665B,0,1,1,4294967295,0,0
oInvCollPH,1712,1136,003ABFF1,0,1,1,4294967295,0,0
oInvCollPH,1728,1136,00054F90,0,1,1,4294967295,0,0
oInvCollPH,1744,1136,000AB5F2,0,1,1,4294967295,0,0
oInvCollPH,1760,1136,003C5C60,0,1,1,4294967295,0,0
oInvCollPH,1776,1136,0023C296,0,1,1,4294967295,0,0
oInvCollPH,1792,1136,0028E448,0,1,1,4294967295,0,0
oInvCollPH,1808,1136,0015B16B,0,1,1,4294967295,0,0
oInvCollPH,1824,1136,00120F90,0,1,1,4294967295,0,0
oInvCollPH,1840,1136,00040A30,0,1,1,4294967295,0,0
oInvCollPH,1856,1136,003CBD29,0,1,1,4294967295,0,0
oInvCollPH,1872,1136,002E65FD,0,1,1,4294967295,0,0
oInvCollPH,1888,1136,000D2FB1,0,1,1,4294967295,0,0
oInvCollPH,1904,1136,002CADC5,0,1,1,4294967295,0,0
oInvCollPH,1920,1136,000A2826,0,1,1,4294967295,0,0
oInvCollPH,1936,1136,00017971,0,1,1,4294967295,0,0
oInvCollPH,1952,1136,00314A76,0,1,1,4294967295,0,0
oInvCollPH,80,1136,000B2692,0,1,1,4294967295,0,0
oInvCollPH,96,1136,003688F6,0,1,1,4294967295,0,0
oInvCollPH,112,1136,002D80F1,0,1,1,4294967295,0,0
oInvCollPH,128,1136,000408FA,0,1,1,4294967295,0,0
oInvCollPH,144,1136,0022AAA3,0,1,1,4294967295,0,0
oInvCollPH,160,1136,0030CC61,0,1,1,4294967295,0,0
oInvCollPH,176,1136,003B8CB9,0,1,1,4294967295,0,0
oInvCollPH,192,1136,00310F02,0,1,1,4294967295,0,0
oInvCollPH,208,1136,003EC528,0,1,1,4294967295,0,0
oInvCollPH,224,1136,002438FA,0,1,1,4294967295,0,0
oInvCollPH,240,1136,00141786,0,1,1,4294967295,0,0
oInvCollPH,256,1136,0008500B,0,1,1,4294967295,0,0
oInvCollPH,272,1136,0035212D,0,1,1,4294967295,0,0
oInvCollPH,288,1136,003A8542,0,1,1,4294967295,0,0
oInvCollPH,304,1136,000E39CA,0,1,1,4294967295,0,0
oInvCollPH,320,1136,004010ED,0,1,1,4294967295,0,0
oInvCollPH,336,1136,0002B7D2,0,1,1,4294967295,0,0
oInvCollPH,352,1136,002C366C,0,1,1,4294967295,0,0
oInvCollPH,368,1136,0007BA1F,0,1,1,4294967295,0,0
oInvCollPH,384,1136,00093392,0,1,1,4294967295,0,0
oInvCollPH,400,1136,00402D24,0,1,1,4294967295,0,0
oInvCollPH,416,1136,001A1E30,0,1,1,4294967295,0,0
oInvCollPH,432,1136,00201944,0,1,1,4294967295,0,0
oInvCollPH,448,1136,001D46F4,0,1,1,4294967295,0,0
oInvCollPH,464,1136,0003D8B1,0,1,1,4294967295,0,0
oInvCollPH,480,1136,001325DF,0,1,1,4294967295,0,0
oInvCollPH,496,1136,001382FE,0,1,1,4294967295,0,0
oInvCollPH,512,1136,0015595C,0,1,1,4294967295,0,0
oInvCollPH,576,1136,0015FB40,0,1,1,4294967295,0,0
oInvCollPH,576,1120,00137C76,0,1,1,4294967295,0,0
oInvCollPH,576,1104,0033CECF,0,1,1,4294967295,0,0
oInvCollPH,576,1088,002F8936,0,1,1,4294967295,0,0
oInvCollPH,576,1072,001B890A,0,1,1,4294967295,0,0
oInvCollPH,576,1056,00368D58,0,1,1,4294967295,0,0
oInvCollPH,576,1040,001BC7E1,0,1,1,4294967295,0,0
oInvCollPH,576,1024,000137D2,0,1,1,4294967295,0,0
oInvCollPH,576,1008,00363CC0,0,1,1,4294967295,0,0
oInvCollPH,576,992,001D5063,0,1,1,4294967295,0,0
oInvCollPH,576,976,00151F7A,0,1,1,4294967295,0,0
oInvCollPH,576,960,0000FCE7,0,1,1,4294967295,0,0
oInvCollPH,576,944,002F8B1D,0,1,1,4294967295,0,0
oInvCollPH,576,928,002A4F33,0,1,1,4294967295,0,0
oInvCollPH,576,912,001A8B5A,0,1,1,4294967295,0,0
oInvCollPH,576,896,003C5CE1,0,1,1,4294967295,0,0
oInvCollPH,576,880,0012A6D9,0,1,1,4294967295,0,0
oInvCollPH,576,864,001BC279,0,1,1,4294967295,0,0
oInvCollPH,576,848,000F5336,0,1,1,4294967295,0,0
oInvCollPH,576,832,0036802F,0,1,1,4294967295,0,0
oInvCollPH,576,816,001D881D,0,1,1,4294967295,0,0
oInvCollPH,576,800,003FD7FD,0,1,1,4294967295,0,0
oInvCollPH,576,784,00244F07,0,1,1,4294967295,0,0
oInvCollPH,576,768,00336D13,0,1,1,4294967295,0,0
oInvCollPH,576,752,001B8AA8,0,1,1,4294967295,0,0
oInvCollPH,576,736,003B3A83,0,1,1,4294967295,0,0
oInvCollPH,576,720,003567BD,0,1,1,4294967295,0,0
oInvCollPH,576,704,00139243,0,1,1,4294967295,0,0
oInvCollPH,576,688,0004AB21,0,1,1,4294967295,0,0
oInvCollPH,576,672,004019F6,0,1,1,4294967295,0,0
oInvCollPH,576,656,002DA9BA,0,1,1,4294967295,0,0
oInvCollPH,576,640,00156420,0,1,1,4294967295,0,0
oInvCollPH,80,624,00006B3E,0,1,1,4294967295,0,0
oInvCollPH,96,624,0035225A,0,1,1,4294967295,0,0
oInvCollPH,112,624,0029AA2C,0,1,1,4294967295,0,0
oInvCollPH,128,624,003BEC9A,0,1,1,4294967295,0,0
oInvCollPH,144,624,00159F54,0,1,1,4294967295,0,0
oInvCollPH,160,624,000294C7,0,1,1,4294967295,0,0
oInvCollPH,176,624,0002D3EB,0,1,1,4294967295,0,0
oInvCollPH,192,624,00058474,0,1,1,4294967295,0,0
oInvCollPH,208,624,0029A475,0,1,1,4294967295,0,0
oInvCollPH,224,624,002B04BE,0,1,1,4294967295,0,0
oInvCollPH,240,624,0014A26C,0,1,1,4294967295,0,0
oInvCollPH,256,624,003FB814,0,1,1,4294967295,0,0
oInvCollPH,272,624,0005AD5A,0,1,1,4294967295,0,0
oInvCollPH,288,624,0040024A,0,1,1,4294967295,0,0
oInvCollPH,304,624,0017499C,0,1,1,4294967295,0,0
oInvCollPH,320,624,000B9EDD,0,1,1,4294967295,0,0
oInvCollPH,336,624,002A04FE,0,1,1,4294967295,0,0
oInvCollPH,352,624,001B2A1D,0,1,1,4294967295,0,0
oInvCollPH,368,624,00033294,0,1,1,4294967295,0,0
oInvCollPH,384,624,0009DFC4,0,1,1,4294967295,0,0
oInvCollPH,400,624,0002750E,0,1,1,4294967295,0,0
oInvCollPH,416,624,000A59E2,0,1,1,4294967295,0,0
oInvCollPH,432,624,00393776,0,1,1,4294967295,0,0
oInvCollPH,448,624,001C7BF2,0,1,1,4294967295,0,0
oInvCollPH,464,624,002A43BA,0,1,1,4294967295,0,0
oInvCollPH,480,624,003253B9,0,1,1,4294967295,0,0
oInvCollPH,496,624,003DD835,0,1,1,4294967295,0,0
oInvCollPH,512,624,0012A966,0,1,1,4294967295,0,0
oInvCollPH,528,624,002D397F,0,1,1,4294967295,0,0
oInvCollPH,544,624,003C04FA,0,1,1,4294967295,0,0
oInvCollPH,560,624,002B05FF,0,1,1,4294967295,0,0
oInvCollPH,576,624,001637FE,0,1,1,4294967295,0,0
oInvCollPH,176,1584,0015F45A,0,1,1,4294967295,0,0
oInvCollPH,192,1584,00306E73,0,1,1,4294967295,0,0
oInvCollPH,192,1600,0002202A,0,1,1,4294967295,0,0
oInvCollPH,192,1616,00049233,0,1,1,4294967295,0,0
oInvCollPH,192,1632,001A3171,0,1,1,4294967295,0,0
oInvCollPH,1856,1584,00339A69,0,1,1,4294967295,0,0
oInvCollPH,1840,1600,0020C57F,0,1,1,4294967295,0,0
oInvCollPH,1840,1616,003120E5,0,1,1,4294967295,0,0
oInvCollPH,1840,1632,000DE6EE,0,1,1,4294967295,0,0
oInvCollPH,1824,1648,0022C275,0,1,1,4294967295,0,0
oInvCollPH,1808,1664,00247613,0,1,1,4294967295,0,0
oInvCollPH,1808,1680,001832E2,0,1,1,4294967295,0,0
oInvCollPH,1808,1696,0015D220,0,1,1,4294967295,0,0
oInvCollPH,208,1648,0029D94F,0,1,1,4294967295,0,0
oInvCollPH,224,1648,00205BC3,0,1,1,4294967295,0,0
oInvCollPH,224,1664,0023201F,0,1,1,4294967295,0,0
oInvCollPH,224,1680,001DB4DD,0,1,1,4294967295,0,0
oInvCollPH,224,1696,00311A77,0,1,1,4294967295,0,0
oInvCollPH,240,1712,000FAB46,0,1,1,4294967295,0,0
oInvCollPH,256,1712,002190FF,0,1,1,4294967295,0,0
oInvCollPH,256,1728,002B9956,0,1,1,4294967295,0,0
oInvCollPH,256,1744,0017CEC4,0,1,1,4294967295,0,0
oInvCollPH,256,1760,0006698F,0,1,1,4294967295,0,0
oInvCollPH,1792,1712,003954C6,0,1,1,4294967295,0,0
oInvCollPH,1776,1728,00359A0A,0,1,1,4294967295,0,0
oInvCollPH,1776,1744,003EB9C3,0,1,1,4294967295,0,0
oInvCollPH,1776,1760,002E8793,0,1,1,4294967295,0,0
oInvCollPH,1760,1776,001310F5,0,1,1,4294967295,0,0
oInvCollPH,1744,1792,0031FAB4,0,1,1,4294967295,0,0
oInvCollPH,1744,1808,0032C009,0,1,1,4294967295,0,0
oInvCollPH,1744,1824,002FE7CB,0,1,1,4294967295,0,0
oInvCollPH,272,1776,00231B03,0,1,1,4294967295,0,0
oInvCollPH,288,1776,00285272,0,1,1,4294967295,0,0
oInvCollPH,288,1792,001FF803,0,1,1,4294967295,0,0
oInvCollPH,288,1808,0034BF9B,0,1,1,4294967295,0,0
oInvCollPH,288,1824,003412F5,0,1,1,4294967295,0,0
oInvCollPH,304,1840,001A992D,0,1,1,4294967295,0,0
oInvCollPH,320,1840,003AC4B1,0,1,1,4294967295,0,0
oInvCollPH,320,1856,000567CE,0,1,1,4294967295,0,0
oInvCollPH,320,1872,0033D2E9,0,1,1,4294967295,0,0
oInvCollPH,320,1888,002D8BA5,0,1,1,4294967295,0,0
oInvCollPH,1728,1840,00243B1A,0,1,1,4294967295,0,0
oInvCollPH,1712,1856,000EE065,0,1,1,4294967295,0,0
oInvCollPH,1712,1872,000A1C00,0,1,1,4294967295,0,0
oInvCollPH,1712,1888,00063D49,0,1,1,4294967295,0,0
oInvCollPH,1696,1904,001EDD9E,0,1,1,4294967295,0,0
oInvCollPH,1680,1920,002E679A,0,1,1,4294967295,0,0
oInvCollPH,1680,1936,0015CD03,0,1,1,4294967295,0,0
oInvCollPH,1680,1952,0026F44B,0,1,1,4294967295,0,0
oInvCollPH,336,1904,00325950,0,1,1,4294967295,0,0
oInvCollPH,352,1904,00358C32,0,1,1,4294967295,0,0
oInvCollPH,352,1920,00394DBA,0,1,1,4294967295,0,0
oInvCollPH,352,1936,001C8833,0,1,1,4294967295,0,0
oInvCollPH,352,1952,0034930D,0,1,1,4294967295,0,0
oInvCollPH,432,1712,00237C61,0,1,1,4294967295,0,0
oInvCollPH,432,1728,00343DF6,0,1,1,4294967295,0,0
oInvCollPH,432,1760,002AB694,0,1,1,4294967295,0,0
oInvCollPH,432,1776,003A784F,0,1,1,4294967295,0,0
oInvCollPH,432,1792,0022A225,0,1,1,4294967295,0,0
oInvCollPH,432,1808,00140E1E,0,1,1,4294967295,0,0
oInvCollPH,432,1744,00276390,0,1,1,4294967295,0,0
oInvCollPH,448,1808,0001FADF,0,1,1,4294967295,0,0
oInvCollPH,464,1808,0029680B,0,1,1,4294967295,0,0
oInvCollPH,480,1808,0015C881,0,1,1,4294967295,0,0
oInvCollPH,496,1808,0010D863,0,1,1,4294967295,0,0
oInvCollPH,512,1808,003B7329,0,1,1,4294967295,0,0
oInvCollPH,528,1808,002E322B,0,1,1,4294967295,0,0
oInvCollPH,544,1808,00243B87,0,1,1,4294967295,0,0
oInvCollPH,560,1808,00339496,0,1,1,4294967295,0,0
oInvCollPH,576,1808,001F318E,0,1,1,4294967295,0,0
oInvCollPH,592,1808,002CB318,0,1,1,4294967295,0,0
oInvCollPH,608,1808,002EE5A1,0,1,1,4294967295,0,0
oInvCollPH,624,1808,0005BEB3,0,1,1,4294967295,0,0
oInvCollPH,640,1808,001C0F12,0,1,1,4294967295,0,0
oInvCollPH,656,1808,000BAD9C,0,1,1,4294967295,0,0
oInvCollPH,672,1808,002348DD,0,1,1,4294967295,0,0
oInvCollPH,688,1808,003434DA,0,1,1,4294967295,0,0
oInvCollPH,704,1808,00276E8F,0,1,1,4294967295,0,0
oInvCollPH,720,1808,0002D553,0,1,1,4294967295,0,0
oInvCollPH,736,1808,002453A9,0,1,1,4294967295,0,0
oInvCollPH,752,1808,001F96B6,0,1,1,4294967295,0,0
oInvCollPH,768,1808,002E54B7,0,1,1,4294967295,0,0
oInvCollPH,784,1808,0029F04D,0,1,1,4294967295,0,0
oInvCollPH,800,1808,002ABEFB,0,1,1,4294967295,0,0
oInvCollPH,816,1808,0001D2FC,0,1,1,4294967295,0,0
oInvCollPH,832,1808,000FCE79,0,1,1,4294967295,0,0
oInvCollPH,1200,1808,0004D426,0,1,1,4294967295,0,0
oInvCollPH,1216,1808,00380B25,0,1,1,4294967295,0,0
oInvCollPH,1232,1808,0004A0A2,0,1,1,4294967295,0,0
oInvCollPH,1248,1808,000E2889,0,1,1,4294967295,0,0
oInvCollPH,1264,1808,0011E2B6,0,1,1,4294967295,0,0
oInvCollPH,1280,1808,003D2FF4,0,1,1,4294967295,0,0
oInvCollPH,1296,1808,000DA9BD,0,1,1,4294967295,0,0
oInvCollPH,1312,1808,003575E2,0,1,1,4294967295,0,0
oInvCollPH,1328,1808,000A45B3,0,1,1,4294967295,0,0
oInvCollPH,1344,1808,001EE666,0,1,1,4294967295,0,0
oInvCollPH,1360,1808,0014F0C4,0,1,1,4294967295,0,0
oInvCollPH,1376,1808,000CD018,0,1,1,4294967295,0,0
oInvCollPH,1392,1808,00126564,0,1,1,4294967295,0,0
oInvCollPH,1408,1808,003D5E28,0,1,1,4294967295,0,0
oInvCollPH,1424,1808,003AAECC,0,1,1,4294967295,0,0
oInvCollPH,1440,1808,00106B0E,0,1,1,4294967295,0,0
oInvCollPH,1456,1808,0015CC0F,0,1,1,4294967295,0,0
oInvCollPH,1472,1808,003C2C0B,0,1,1,4294967295,0,0
oInvCollPH,1488,1808,002B7E43,0,1,1,4294967295,0,0
oInvCollPH,1504,1808,002E43D9,0,1,1,4294967295,0,0
oInvCollPH,1520,1808,002D16FC,0,1,1,4294967295,0,0
oInvCollPH,1536,1808,00009776,0,1,1,4294967295,0,0
oInvCollPH,1552,1808,003C053E,0,1,1,4294967295,0,0
oInvCollPH,1568,1808,00029482,0,1,1,4294967295,0,0
oInvCollPH,1584,1808,0003A8E6,0,1,1,4294967295,0,0
oInvCollPH,1600,1808,002D0BBD,0,1,1,4294967295,0,0
oInvCollPH,1600,1792,0029BB3C,0,1,1,4294967295,0,0
oInvCollPH,1600,1776,003C3EB2,0,1,1,4294967295,0,0
oInvCollPH,1600,1760,0036F116,0,1,1,4294967295,0,0
oInvCollPH,1600,1744,0034C35D,0,1,1,4294967295,0,0
oInvCollPH,1600,1728,003051EB,0,1,1,4294967295,0,0
oInvCollPH,1600,1712,000C7B47,0,1,1,4294967295,0,0
oInvCollPH,1600,1696,0001D8FB,0,1,1,4294967295,0,0
oInvCollPH,400,1680,003E7F10,0,1,1,4294967295,0,0
oInvCollPH,416,1680,0005CD33,0,1,1,4294967295,0,0
oInvCollPH,368,1648,002AF32B,0,1,1,4294967295,0,0
oInvCollPH,384,1648,002B66FF,0,1,1,4294967295,0,0
oInvCollPH,336,1616,001C21A6,0,1,1,4294967295,0,0
oInvCollPH,352,1616,0035B3E9,0,1,1,4294967295,0,0
oInvCollPH,304,1568,0030372B,0,1,1,4294967295,0,0
oInvCollPH,304,1584,000C110D,0,1,1,4294967295,0,0
oInvCollPH,320,1584,00086C75,0,1,1,4294967295,0,0
oInvCollPH,320,1552,00026DA8,0,1,1,4294967295,0,0
oInvCollPH,336,1552,0036376C,0,1,1,4294967295,0,0
oInvCollPH,352,1552,0005C067,0,1,1,4294967295,0,0
oInvCollPH,656,1552,003CD7F5,0,1,1,4294967295,0,0
oInvCollPH,672,1552,0013CB71,0,1,1,4294967295,0,0
oInvCollPH,688,1552,001D29BF,0,1,1,4294967295,0,0
oInvCollPH,704,1552,003AF5EE,0,1,1,4294967295,0,0
oInvCollPH,720,1552,00177F87,0,1,1,4294967295,0,0
oInvCollPH,736,1552,0032DBAA,0,1,1,4294967295,0,0
oInvCollPH,752,1552,00300819,0,1,1,4294967295,0,0
oInvCollPH,768,1552,001D2E63,0,1,1,4294967295,0,0
oInvCollPH,784,1552,0033E71A,0,1,1,4294967295,0,0
oInvCollPH,800,1552,00371DA1,0,1,1,4294967295,0,0
oInvCollPH,816,1552,002C52BA,0,1,1,4294967295,0,0
oInvCollPH,832,1552,00371470,0,1,1,4294967295,0,0
oInvCollPH,848,1552,001D68A6,0,1,1,4294967295,0,0
oInvCollPH,864,1552,000B8226,0,1,1,4294967295,0,0
oInvCollPH,880,1552,0007D3B3,0,1,1,4294967295,0,0
oInvCollPH,896,1552,001EB944,0,1,1,4294967295,0,0
oInvCollPH,912,1552,0023CDC5,0,1,1,4294967295,0,0
oInvCollPH,928,1552,000799FB,0,1,1,4294967295,0,0
oInvCollPH,944,1552,0018C2B4,0,1,1,4294967295,0,0
oInvCollPH,960,1552,001B3DD4,0,1,1,4294967295,0,0
oInvCollPH,976,1552,00190749,0,1,1,4294967295,0,0
oInvCollPH,992,1552,00265060,0,1,1,4294967295,0,0
oInvCollPH,1008,1552,0016AF89,0,1,1,4294967295,0,0
oInvCollPH,1024,1552,0009BA26,0,1,1,4294967295,0,0
oInvCollPH,1040,1552,001CBF41,0,1,1,4294967295,0,0
oInvCollPH,1056,1552,00378D6F,0,1,1,4294967295,0,0
oInvCollPH,1072,1552,003EDF30,0,1,1,4294967295,0,0
oInvCollPH,1088,1552,00299432,0,1,1,4294967295,0,0
oInvCollPH,1104,1552,00210E79,0,1,1,4294967295,0,0
oInvCollPH,1120,1552,0036D1AD,0,1,1,4294967295,0,0
oInvCollPH,1136,1552,002E2ACA,0,1,1,4294967295,0,0
oInvCollPH,1152,1552,003F4C2F,0,1,1,4294967295,0,0
oInvCollPH,1168,1552,002991DA,0,1,1,4294967295,0,0
oInvCollPH,1184,1552,0000EE3A,0,1,1,4294967295,0,0
oInvCollPH,1200,1552,001C9697,0,1,1,4294967295,0,0
oInvCollPH,1216,1552,00141DED,0,1,1,4294967295,0,0
oInvCollPH,1232,1552,001289F3,0,1,1,4294967295,0,0
oInvCollPH,1248,1552,002CD420,0,1,1,4294967295,0,0
oInvCollPH,1264,1552,00242608,0,1,1,4294967295,0,0
oInvCollPH,1280,1552,001D0B1D,0,1,1,4294967295,0,0
oInvCollPH,1296,1552,00193C9E,0,1,1,4294967295,0,0
oInvCollPH,1312,1552,001B6556,0,1,1,4294967295,0,0
oInvCollPH,1328,1552,002462AB,0,1,1,4294967295,0,0
oInvCollPH,1344,1552,003FC884,0,1,1,4294967295,0,0
oInvCollPH,1360,1552,00163476,0,1,1,4294967295,0,0
oInvCollPH,1376,1552,001A2DB6,0,1,1,4294967295,0,0
oInvCollPH,1616,1680,00181DB2,0,1,1,4294967295,0,0
oInvCollPH,1632,1680,002A0408,0,1,1,4294967295,0,0
oInvCollPH,1632,1664,000DC733,0,1,1,4294967295,0,0
oInvCollPH,1648,1648,003EF13F,0,1,1,4294967295,0,0
oInvCollPH,1664,1648,001D5D86,0,1,1,4294967295,0,0
oInvCollPH,1664,1632,00265C4D,0,1,1,4294967295,0,0
oInvCollPH,1680,1616,000A373B,0,1,1,4294967295,0,0
oInvCollPH,1696,1616,0020C3CA,0,1,1,4294967295,0,0
oInvCollPH,1696,1600,0008B055,0,1,1,4294967295,0,0
oInvCollPH,1712,1584,00139519,0,1,1,4294967295,0,0
oInvCollPH,1728,1584,0002634D,0,1,1,4294967295,0,0
oInvCollPH,1728,1568,002FF082,0,1,1,4294967295,0,0
oInvCollPH,1728,1552,0038030E,0,1,1,4294967295,0,0
oInvCollPH,1712,1552,001B0208,0,1,1,4294967295,0,0
oInvCollPH,1696,1552,00041716,0,1,1,4294967295,0,0
oInvCollPH,1680,1552,00206DB0,0,1,1,4294967295,0,0
oInvCollPH,752,1456,002D58C9,0,1,1,4294967295,0,0
oInvCollPH,768,1456,0015D28D,0,1,1,4294967295,0,0
oInvCollPH,784,1456,0008A284,0,1,1,4294967295,0,0
oInvCollPH,864,1392,00384A65,0,1,1,4294967295,0,0
oInvCollPH,880,1392,00390BCE,0,1,1,4294967295,0,0
oInvCollPH,896,1392,00043632,0,1,1,4294967295,0,0
oInvCollPH,1008,1328,0031F421,0,1,1,4294967295,0,0
oInvCollPH,1024,1328,00347354,0,1,1,4294967295,0,0
oInvCollPH,1040,1328,00226E63,0,1,1,4294967295,0,0
oInvCollPH,1152,1392,0027B979,0,1,1,4294967295,0,0
oInvCollPH,1168,1392,003F309B,0,1,1,4294967295,0,0
oInvCollPH,1184,1392,001FA17F,0,1,1,4294967295,0,0
oInvCollPH,1264,1456,0012CBDE,0,1,1,4294967295,0,0
oInvCollPH,1280,1456,00000BBE,0,1,1,4294967295,0,0
oInvCollPH,1296,1456,001ED8C4,0,1,1,4294967295,0,0
oInvCollPH,1184,1248,0035C963,0,1,1,4294967295,0,0
oInvCollPH,1200,1248,00028FE9,0,1,1,4294967295,0,0
oInvCollPH,1216,1248,001DFF0C,0,1,1,4294967295,0,0
oInvCollPH,1296,1168,001FD33A,0,1,1,4294967295,0,0
oInvCollPH,1312,1168,00236307,0,1,1,4294967295,0,0
oInvCollPH,1328,1168,00366D0A,0,1,1,4294967295,0,0
oInvCollPH,1184,1088,003C6FDE,0,1,1,4294967295,0,0
oInvCollPH,1200,1088,0013980E,0,1,1,4294967295,0,0
oInvCollPH,1216,1088,000232E7,0,1,1,4294967295,0,0
oInvCollPH,1008,1008,00248C44,0,1,1,4294967295,0,0
oInvCollPH,1024,1008,002D6496,0,1,1,4294967295,0,0
oInvCollPH,1040,1008,00077255,0,1,1,4294967295,0,0
oInvCollPH,832,1088,003F6C19,0,1,1,4294967295,0,0
oInvCollPH,848,1088,0031B88A,0,1,1,4294967295,0,0
oInvCollPH,864,1088,002E92BB,0,1,1,4294967295,0,0
oInvCollPH,720,1168,0004FC58,0,1,1,4294967295,0,0
oInvCollPH,736,1168,0029E2E8,0,1,1,4294967295,0,0
oInvCollPH,752,1168,003AC7FF,0,1,1,4294967295,0,0
oInvCollPH,832,1248,000B9EB1,0,1,1,4294967295,0,0
oInvCollPH,848,1248,001E4018,0,1,1,4294967295,0,0
oInvCollPH,864,1248,003CFA5C,0,1,1,4294967295,0,0
oInvCollPH,736,848,003B30C0,0,1,1,4294967295,0,0
oInvCollPH,752,848,00086801,0,1,1,4294967295,0,0
oInvCollPH,752,832,0017BA69,0,1,1,4294967295,0,0
oInvCollPH,752,816,003E7986,0,1,1,4294967295,0,0
oInvCollPH,752,800,00288B2B,0,1,1,4294967295,0,0
oInvCollPH,992,624,00167E77,0,1,1,4294967295,0,0
oInvCollPH,992,640,0014CE45,0,1,1,4294967295,0,0
oInvCollPH,992,656,00260CAC,0,1,1,4294967295,0,0
oInvCollPH,1008,656,002F50A7,0,1,1,4294967295,0,0
oInvCollPH,1024,656,002FEE68,0,1,1,4294967295,0,0
oInvCollPH,1040,656,00375C47,0,1,1,4294967295,0,0
oInvCollPH,1040,640,00093DF3,0,1,1,4294967295,0,0
oInvCollPH,1040,624,000A6AC0,0,1,1,4294967295,0,0
oInvCollPH,1040,608,003C99F5,0,1,1,4294967295,0,0
oInvCollPH,1040,592,0036A06B,0,1,1,4294967295,0,0
oInvCollPH,1040,576,001C1510,0,1,1,4294967295,0,0
oInvCollPH,1040,560,00036BF0,0,1,1,4294967295,0,0
oInvCollPH,1040,544,0039EC54,0,1,1,4294967295,0,0
oInvCollPH,1312,848,00018A1D,0,1,1,4294967295,0,0
oInvCollPH,1328,848,0024A9AD,0,1,1,4294967295,0,0
oInvCollPH,1328,832,0032A48E,0,1,1,4294967295,0,0
oInvCollPH,1328,816,002B5F8D,0,1,1,4294967295,0,0
oInvCollPH,1328,800,000E07A4,0,1,1,4294967295,0,0
oInvisibleSolid,0,0,00128B44,0,1,1,4294967295,0,1
oInvisibleSolid,0,176,002C81AD,0,1,1,4294967295,0,1
oInvisibleSolid,368,0,002B361F,0,1,1,4294967295,0,1
oInvisibleSolid,880,32,0006CFF8,0,1,1,4294967295,0,1
oInvisibleSolid,656,480,00374F30,0,1,1,4294967295,0,1
oInvisibleSolid,1680,0,00184EFC,0,1,1,4294967295,0,1
oInvisibleSolid,1232,176,0001BD35,0,1,1,4294967295,0,1
oInvisibleSolid,0,624,001F70F8,0,1,1,4294967295,0,1
oInvisibleSolid,0,480,002E3705,0,1,1,4294967295,0,1
oInvisibleSolid,1232,480,00380BBF,0,1,1,4294967295,0,1
oInvisibleSolid,1968,480,003C4AC4,0,1,1,4294967295,0,1
oInvisibleSolid,1456,624,001C1DA9,0,1,1,4294967295,0,1
oInvisibleSolid,1968,1152,0015FD89,0,1,1,4294967295,0,1
oInvisibleSolid,1456,1152,003DD798,0,1,1,4294967295,0,1
oInvisibleSolid,1456,1296,0005AD70,0,1,1,4294967295,0,1
oInvisibleSolid,1872,1456,0034DE89,0,1,1,4294967295,0,1
oInvisibleSolid,1840,1584,00073C38,0,1,1,4294967295,0,1
oInvisibleSolid,1808,1648,001BD55B,0,1,1,4294967295,0,1
oInvisibleSolid,1776,1712,0020659C,0,1,1,4294967295,0,1
oInvisibleSolid,1744,1776,0002E241,0,1,1,4294967295,0,1
oInvisibleSolid,1712,1840,0008ED7B,0,1,1,4294967295,0,1
oInvisibleSolid,1680,1904,0006F932,0,1,1,4294967295,0,1
oInvisibleSolid,368,1968,001D8112,0,1,1,4294967295,0,1
oInvisibleSolid,848,1824,00404402,0,1,1,4294967295,0,1
oInvisibleSolid,0,1904,00118CE3,0,1,1,4294967295,0,1
oInvisibleSolid,0,1840,00385DB6,0,1,1,4294967295,0,1
oInvisibleSolid,0,1776,00128A70,0,1,1,4294967295,0,1
oInvisibleSolid,0,1712,00253DF3,0,1,1,4294967295,0,1
oInvisibleSolid,0,1648,0033F83A,0,1,1,4294967295,0,1
oInvisibleSolid,0,1584,0007AEEB,0,1,1,4294967295,0,1
oInvisibleSolid,0,1456,000E048C,0,1,1,4294967295,0,1
oInvisibleSolid,0,1152,00109307,0,1,1,4294967295,0,1
oInvisibleSolid,528,1152,0026273D,0,1,1,4294967295,0,1
oInvisibleSolid,0,1296,000DC6D0,0,1,1,4294967295,0,1
oInvisibleSolid,368,1520,0024A030,0,1,1,4294967295,0,1
oInvisibleSolid,304,1552,0023C52E,0,1,1,4294967295,0,1
oInvisibleSolid,336,1600,0022F672,0,1,1,4294967295,0,1
oInvisibleSolid,368,1632,0002571F,0,1,1,4294967295,0,1
oInvisibleSolid,400,1664,003D3919,0,1,1,4294967295,0,1
oInvisibleSolid,432,1696,001BFCBF,0,1,1,4294967295,0,1
oInvisibleSolid,1392,1520,0032B991,0,1,1,4294967295,0,1
oInvisibleSolid,736,1456,00285AB4,0,1,1,4294967295,0,1
oInvisibleSolid,848,1392,00131F83,0,1,1,4294967295,0,1
oInvisibleSolid,992,1328,003A6EA7,0,1,1,4294967295,0,1
oInvisibleSolid,1136,1392,003C3D7E,0,1,1,4294967295,0,1
oInvisibleSolid,1248,1456,001D6CD0,0,1,1,4294967295,0,1
oInvisibleSolid,816,1248,00368D30,0,1,1,4294967295,0,1
oInvisibleSolid,704,1168,001BC4A0,0,1,1,4294967295,0,1
oInvisibleSolid,816,1088,000C4FAF,0,1,1,4294967295,0,1
oInvisibleSolid,992,1008,003CD004,0,1,1,4294967295,0,1
oInvisibleSolid,1168,1088,001DE49B,0,1,1,4294967295,0,1
oInvisibleSolid,1280,1168,0036CAF9,0,1,1,4294967295,0,1
oInvisibleSolid,1168,1248,0013A0F0,0,1,1,4294967295,0,1
oInvisibleSolid,992,544,000AF621,0,1,1,4294967295,0,1
oInvisibleSolid,704,800,003675B6,0,1,1,4294967295,0,1
oInvisibleSolid,1280,800,003EF679,0,1,1,4294967295,0,1
