oExit,0,352,002872C7,0,1,1,4294967295,0,1
oExit,3392,352,000DDBEB,0,1,1,4294967295,0,1
oEventBarrier,3088,0,002DE442,0,1,1,4294967295,0,1
oCHAOS_ShockUnit,1248,384,0025A347,0,1,1,4294967295,0,0
oCHAOS_Sabotage,1232,176,00354790,0,1,1,4294967295,0,0
oCHAOS_AirGunner,1344,288,0029CD92,0,1,1,4294967295,0,1
oPlayer1,48,384,003B3A1B,0,1,1,4294967295,0,0
oInvCollPH,16,384,0002E421,0,1,1,4294967295,0,0
oInvCollPH,32,384,00203DCA,0,1,1,4294967295,0,0
oInvCollPH,48,384,000DC922,0,1,1,4294967295,0,0
oInvCollPH,64,384,001737CC,0,1,1,4294967295,0,0
oInvCollPH,80,384,001B0B4E,0,1,1,4294967295,0,0
oInvCollPH,96,384,002B01EA,0,1,1,4294967295,0,0
oInvCollPH,112,384,00218E65,0,1,1,4294967295,0,0
oInvCollPH,128,384,0018865B,0,1,1,4294967295,0,0
oInvCollPH,144,384,00262E75,0,1,1,4294967295,0,0
oInvCollPH,160,384,000C2B5A,0,1,1,4294967295,0,0
oInvCollPH,176,384,00381584,0,1,1,4294967295,0,0
oInvCollPH,192,384,0011D32A,0,1,1,4294967295,0,0
oInvCollPH,208,384,0031F87F,0,1,1,4294967295,0,0
oInvCollPH,224,384,00245C34,0,1,1,4294967295,0,0
oInvCollPH,240,384,002F2406,0,1,1,4294967295,0,0
oInvCollPH,256,384,001D40EC,0,1,1,4294967295,0,0
oInvCollPH,272,384,001585FB,0,1,1,4294967295,0,0
oInvCollPH,288,384,00079AE9,0,1,1,4294967295,0,0
oInvCollPH,304,384,002C4E5A,0,1,1,4294967295,0,0
oInvCollPH,320,384,002DADB4,0,1,1,4294967295,0,0
oInvCollPH,336,384,00194E70,0,1,1,4294967295,0,0
oInvCollPH,352,384,002A4661,0,1,1,4294967295,0,0
oInvCollPH,368,384,0013A8EB,0,1,1,4294967295,0,0
oInvCollPH,384,384,00378D37,0,1,1,4294967295,0,0
oInvCollPH,400,384,00382685,0,1,1,4294967295,0,0
oInvCollPH,416,384,001A3CC0,0,1,1,4294967295,0,0
oInvCollPH,432,384,0031CF23,0,1,1,4294967295,0,0
oInvCollPH,448,384,00260924,0,1,1,4294967295,0,0
oInvCollPH,464,384,001B1DD9,0,1,1,4294967295,0,0
oInvCollPH,480,384,002CEC42,0,1,1,4294967295,0,0
oInvCollPH,496,384,003D0586,0,1,1,4294967295,0,0
oInvCollPH,512,384,003CDABC,0,1,1,4294967295,0,0
oInvCollPH,528,384,00000A0C,0,1,1,4294967295,0,0
oInvCollPH,544,384,0023FEA3,0,1,1,4294967295,0,0
oInvCollPH,560,384,003D91E8,0,1,1,4294967295,0,0
oInvCollPH,576,384,002406FA,0,1,1,4294967295,0,0
oInvCollPH,592,384,00222D30,0,1,1,4294967295,0,0
oInvCollPH,608,384,003410F6,0,1,1,4294967295,0,0
oInvCollPH,624,384,002E7E0D,0,1,1,4294967295,0,0
oInvCollPH,640,384,000CE223,0,1,1,4294967295,0,0
oInvCollPH,656,384,0039D548,0,1,1,4294967295,0,0
oInvCollPH,672,384,0000E4BC,0,1,1,4294967295,0,0
oInvCollPH,688,384,000B3064,0,1,1,4294967295,0,0
oInvCollPH,704,384,002B33EF,0,1,1,4294967295,0,0
oInvCollPH,720,384,002A10BC,0,1,1,4294967295,0,0
oInvCollPH,736,384,0013BC7E,0,1,1,4294967295,0,0
oInvCollPH,752,384,003BABE8,0,1,1,4294967295,0,0
oInvCollPH,768,384,0015BDE8,0,1,1,4294967295,0,0
oInvCollPH,784,384,002E505A,0,1,1,4294967295,0,0
oInvCollPH,800,384,0027C002,0,1,1,4294967295,0,0
oInvCollPH,816,384,003A5E6D,0,1,1,4294967295,0,0
oInvCollPH,832,384,003CB728,0,1,1,4294967295,0,0
oInvCollPH,848,384,00105577,0,1,1,4294967295,0,0
oInvCollPH,864,384,0027989D,0,1,1,4294967295,0,0
oInvCollPH,880,384,00292F5E,0,1,1,4294967295,0,0
oInvCollPH,896,384,00345B89,0,1,1,4294967295,0,0
oInvCollPH,912,384,00037978,0,1,1,4294967295,0,0
oInvCollPH,928,384,003D21AA,0,1,1,4294967295,0,0
oInvCollPH,944,384,001ACEFD,0,1,1,4294967295,0,0
oInvCollPH,960,384,0014FB3D,0,1,1,4294967295,0,0
oInvCollPH,976,384,0018B4BF,0,1,1,4294967295,0,0
oInvCollPH,992,384,0023D5FE,0,1,1,4294967295,0,0
oInvCollPH,1008,384,002EC0AB,0,1,1,4294967295,0,0
oInvCollPH,1024,384,003081E7,0,1,1,4294967295,0,0
oInvCollPH,1040,384,002FB415,0,1,1,4294967295,0,0
oInvCollPH,1056,384,0029A238,0,1,1,4294967295,0,0
oInvCollPH,1072,384,00019DB6,0,1,1,4294967295,0,0
oInvCollPH,1088,384,001D4728,0,1,1,4294967295,0,0
oInvCollPH,1104,384,00031CE5,0,1,1,4294967295,0,0
oInvCollPH,1120,384,000658CE,0,1,1,4294967295,0,0
oInvCollPH,1136,384,001B3E27,0,1,1,4294967295,0,0
oInvCollPH,1152,384,003990E0,0,1,1,4294967295,0,0
oInvCollPH,1168,384,000857E3,0,1,1,4294967295,0,0
oInvCollPH,1184,384,0009819D,0,1,1,4294967295,0,0
oInvCollPH,1200,384,00045877,0,1,1,4294967295,0,0
oInvCollPH,1216,384,00076E25,0,1,1,4294967295,0,0
oInvCollPH,1232,384,0031FCDF,0,1,1,4294967295,0,0
oInvCollPH,1248,384,001EBCD5,0,1,1,4294967295,0,0
oInvCollPH,1264,384,000D2AFE,0,1,1,4294967295,0,0
oInvCollPH,1280,384,003B561D,0,1,1,4294967295,0,0
oInvCollPH,1296,384,003EA171,0,1,1,4294967295,0,0
oInvCollPH,1312,384,001E5562,0,1,1,4294967295,0,0
oInvCollPH,1328,384,00321FB7,0,1,1,4294967295,0,0
oInvCollPH,1344,384,002F6442,0,1,1,4294967295,0,0
oInvCollPH,1360,384,001D2548,0,1,1,4294967295,0,0
oInvCollPH,1376,384,00079940,0,1,1,4294967295,0,0
oInvCollPH,1392,384,00144D0F,0,1,1,4294967295,0,0
oInvCollPH,1408,384,000C2461,0,1,1,4294967295,0,0
oInvCollPH,1424,384,00344C62,0,1,1,4294967295,0,0
oInvCollPH,1440,384,002A1AAF,0,1,1,4294967295,0,0
oInvCollPH,1456,384,0033E1C1,0,1,1,4294967295,0,0
oInvCollPH,1472,384,0014AAF1,0,1,1,4294967295,0,0
oInvCollPH,1488,384,000393AF,0,1,1,4294967295,0,0
oInvCollPH,1504,384,00304388,0,1,1,4294967295,0,0
oInvCollPH,1520,384,002B16D8,0,1,1,4294967295,0,0
oInvCollPH,1536,384,0015BF8A,0,1,1,4294967295,0,0
oInvCollPH,1552,384,00230451,0,1,1,4294967295,0,0
oInvCollPH,1568,384,002ED4D2,0,1,1,4294967295,0,0
oInvCollPH,1584,384,00307680,0,1,1,4294967295,0,0
oInvCollPH,1600,384,0019DCA2,0,1,1,4294967295,0,0
oInvCollPH,1616,384,001CE0DB,0,1,1,4294967295,0,0
oInvCollPH,1632,384,003CD1A5,0,1,1,4294967295,0,0
oInvCollPH,1648,384,000B8CF1,0,1,1,4294967295,0,0
oInvCollPH,1664,384,00222757,0,1,1,4294967295,0,0
oInvCollPH,1680,384,0029F7DB,0,1,1,4294967295,0,0
oInvCollPH,1696,384,00231480,0,1,1,4294967295,0,0
oInvCollPH,1712,384,00019B62,0,1,1,4294967295,0,0
oInvCollPH,1728,384,002CCD88,0,1,1,4294967295,0,0
oInvCollPH,1744,384,002C3347,0,1,1,4294967295,0,0
oInvCollPH,1760,384,00139AB1,0,1,1,4294967295,0,0
oInvCollPH,1776,384,002149F5,0,1,1,4294967295,0,0
oInvCollPH,1792,384,001F54A4,0,1,1,4294967295,0,0
oInvCollPH,1808,384,001F18F2,0,1,1,4294967295,0,0
oInvCollPH,1824,384,0024FF8E,0,1,1,4294967295,0,0
oInvCollPH,1840,384,003C943E,0,1,1,4294967295,0,0
oInvCollPH,1856,384,003F499F,0,1,1,4294967295,0,0
oInvCollPH,1872,384,0022E661,0,1,1,4294967295,0,0
oInvCollPH,1888,384,001FD835,0,1,1,4294967295,0,0
oInvCollPH,1904,384,003B3CD1,0,1,1,4294967295,0,0
oInvCollPH,1920,384,0012BD77,0,1,1,4294967295,0,0
oInvCollPH,1936,384,0013E526,0,1,1,4294967295,0,0
oInvCollPH,1952,384,0027557B,0,1,1,4294967295,0,0
oInvCollPH,1968,384,001A60D7,0,1,1,4294967295,0,0
oInvCollPH,1984,384,0002A1DD,0,1,1,4294967295,0,0
oInvCollPH,2000,384,00185C85,0,1,1,4294967295,0,0
oInvCollPH,2016,384,003B7EBD,0,1,1,4294967295,0,0
oInvCollPH,2032,384,002CA39C,0,1,1,4294967295,0,0
oInvCollPH,2048,384,000EAB0F,0,1,1,4294967295,0,0
oInvCollPH,2064,384,002D377E,0,1,1,4294967295,0,0
oInvCollPH,2080,384,0027163D,0,1,1,4294967295,0,0
oInvCollPH,2096,384,00067118,0,1,1,4294967295,0,0
oInvCollPH,2112,384,003E3064,0,1,1,4294967295,0,0
oInvCollPH,2128,384,00196919,0,1,1,4294967295,0,0
oInvCollPH,2144,384,00227C40,0,1,1,4294967295,0,0
oInvCollPH,2160,384,000E58FE,0,1,1,4294967295,0,0
oInvCollPH,2176,384,002ACAF7,0,1,1,4294967295,0,0
oInvCollPH,2192,384,002CC7B4,0,1,1,4294967295,0,0
oInvCollPH,2208,384,0003EF1C,0,1,1,4294967295,0,0
oInvCollPH,2224,384,0031E0E5,0,1,1,4294967295,0,0
oInvCollPH,2240,384,00115603,0,1,1,4294967295,0,0
oInvCollPH,2256,384,003928ED,0,1,1,4294967295,0,0
oInvCollPH,2272,384,002FF879,0,1,1,4294967295,0,0
oInvCollPH,2288,384,0006ADD4,0,1,1,4294967295,0,0
oInvCollPH,2304,384,0038B6C7,0,1,1,4294967295,0,0
oInvCollPH,2320,384,00077A44,0,1,1,4294967295,0,0
oInvCollPH,2336,384,000CEF8F,0,1,1,4294967295,0,0
oInvCollPH,2352,384,001E4B0E,0,1,1,4294967295,0,0
oInvCollPH,2368,384,002A41AB,0,1,1,4294967295,0,0
oInvCollPH,2384,384,0003EC1C,0,1,1,4294967295,0,0
oInvCollPH,2400,384,00399B75,0,1,1,4294967295,0,0
oInvCollPH,2416,384,000A79B6,0,1,1,4294967295,0,0
oInvCollPH,2432,384,002CFC51,0,1,1,4294967295,0,0
oInvCollPH,2448,384,003C6430,0,1,1,4294967295,0,0
oInvCollPH,2464,384,0037A6D5,0,1,1,4294967295,0,0
oInvCollPH,2480,384,00093F2B,0,1,1,4294967295,0,0
oInvCollPH,2288,296,00036F5A,0,1,1,4294967295,0,0
oInvCollPH,2304,296,0038328D,0,1,1,4294967295,0,0
oInvCollPH,2320,296,003EDAED,0,1,1,4294967295,0,0
oInvCollPH,2336,296,003B0346,0,1,1,4294967295,0,0
oInvCollPH,2624,248,0027196A,0,1,1,4294967295,0,0
oInvCollPH,2640,248,0033D566,0,1,1,4294967295,0,0
oInvCollPH,2656,248,00145B56,0,1,1,4294967295,0,0
oInvCollPH,2672,248,00154F4C,0,1,1,4294967295,0,0
oInvCollPH,2496,384,00228C1A,0,1,1,4294967295,0,0
oInvCollPH,2512,384,003B6FD4,0,1,1,4294967295,0,0
oInvCollPH,2528,384,001574F2,0,1,1,4294967295,0,0
oInvCollPH,2544,384,000B16F7,0,1,1,4294967295,0,0
oInvCollPH,2560,384,000F6151,0,1,1,4294967295,0,0
oInvCollPH,2576,384,001EE6BF,0,1,1,4294967295,0,0
oInvCollPH,2592,384,00163D99,0,1,1,4294967295,0,0
oInvCollPH,2608,384,000BD42F,0,1,1,4294967295,0,0
oInvCollPH,2624,384,0012C90F,0,1,1,4294967295,0,0
oInvCollPH,2640,384,001E5642,0,1,1,4294967295,0,0
oInvCollPH,2656,384,0003777D,0,1,1,4294967295,0,0
oInvCollPH,2672,384,00055DA6,0,1,1,4294967295,0,0
oInvCollPH,2688,384,003FB3A4,0,1,1,4294967295,0,0
oInvCollPH,2704,384,00360B1B,0,1,1,4294967295,0,0
oInvCollPH,2720,384,0015F402,0,1,1,4294967295,0,0
oInvCollPH,2736,384,00155E57,0,1,1,4294967295,0,0
oInvCollPH,2752,384,0006D29E,0,1,1,4294967295,0,0
oInvCollPH,2768,384,000F7AC6,0,1,1,4294967295,0,0
oInvCollPH,2784,384,001636B9,0,1,1,4294967295,0,0
oInvCollPH,2800,384,00322BD0,0,1,1,4294967295,0,0
oInvCollPH,2816,384,00222A0B,0,1,1,4294967295,0,0
oInvCollPH,2832,384,00218A71,0,1,1,4294967295,0,0
oInvCollPH,2848,384,002B01D5,0,1,1,4294967295,0,0
oInvCollPH,3168,384,002ECF23,0,1,1,4294967295,0,0
oInvCollPH,3152,384,00271451,0,1,1,4294967295,0,0
oInvCollPH,3136,384,0001B604,0,1,1,4294967295,0,0
oInvCollPH,3120,384,003E463A,0,1,1,4294967295,0,0
oInvCollPH,3104,384,003B2930,0,1,1,4294967295,0,0
oInvCollPH,3088,384,000746E8,0,1,1,4294967295,0,0
oInvCollPH,3072,384,002A7D20,0,1,1,4294967295,0,0
oInvCollPH,3056,384,00273576,0,1,1,4294967295,0,0
oInvCollPH,3040,384,00077850,0,1,1,4294967295,0,0
oInvCollPH,3024,384,0014C76E,0,1,1,4294967295,0,0
oInvCollPH,3008,384,00003093,0,1,1,4294967295,0,0
oInvCollPH,2992,384,002DB656,0,1,1,4294967295,0,0
oInvCollPH,2976,384,001FB5F9,0,1,1,4294967295,0,0
oInvCollPH,2960,384,0014CB7C,0,1,1,4294967295,0,0
oInvCollPH,2944,384,0038FB64,0,1,1,4294967295,0,0
oInvCollPH,2928,384,0005C7B1,0,1,1,4294967295,0,0
oInvCollPH,2912,384,0005B62B,0,1,1,4294967295,0,0
oInvCollPH,2896,384,0002A8E4,0,1,1,4294967295,0,0
oInvCollPH,2880,384,00088FF0,0,1,1,4294967295,0,0
oInvCollPH,2864,384,002943E2,0,1,1,4294967295,0,0
oInvCollPH,2928,296,002D1B57,0,1,1,4294967295,0,0
oInvCollPH,2944,296,000AE612,0,1,1,4294967295,0,0
oInvCollPH,2960,296,00234EB2,0,1,1,4294967295,0,0
oInvCollPH,2976,296,00387A70,0,1,1,4294967295,0,0
oInvCollPH,3184,384,00045E74,0,1,1,4294967295,0,0
oInvCollPH,3200,384,003B45C9,0,1,1,4294967295,0,0
oInvCollPH,3216,384,003D3FB5,0,1,1,4294967295,0,0
oInvCollPH,3232,384,0011737D,0,1,1,4294967295,0,0
oInvCollPH,3248,384,0030F7EE,0,1,1,4294967295,0,0
oInvCollPH,3264,384,001404FE,0,1,1,4294967295,0,0
oInvCollPH,3280,384,003775A6,0,1,1,4294967295,0,0
oInvCollPH,3296,384,001CD99A,0,1,1,4294967295,0,0
oInvCollPH,3312,384,003645FA,0,1,1,4294967295,0,0
oInvCollPH,3328,384,00029D68,0,1,1,4294967295,0,0
oInvCollPH,3344,384,001B8845,0,1,1,4294967295,0,0
oInvCollPH,3360,384,000D0601,0,1,1,4294967295,0,0
oInvCollPH,3376,384,000907E3,0,1,1,4294967295,0,0
oInvCollPH,3392,384,003621A4,0,1,1,4294967295,0,0
oInvisibleSolid,0,384,0003E9C2,0,1,1,4294967295,0,1
oInvisibleSolid,2272,296,000D3F03,0,1,1,4294967295,0,1
oInvisibleSolid,2608,248,003BD05F,0,1,1,4294967295,0,1
oInvisibleSolid,2912,296,00204CC5,0,1,1,4294967295,0,1
